20	18	2	20	<nil>
20	18	2	20	<nil>
20	18	2	20	<nil>
20	18	3	21	<nil>
20	18	3	21	<nil>
20	19	2	21	<nil>
20	19	3	22	<nil>
20	19	3	22	<nil>
20	19	3	22	<nil>
20	19	3	22	<nil>
20	20	3	23	<nil>
20	20	3	23	<nil>
20	20	4	24	<nil>
20	20	4	24	<nil>
20	20	4	24	<nil>
20	19	5	24	<nil>
20	20	4	24	<nil>
20	20	5	25	<nil>
20	20	5	25	<nil>
20	19	6	25	<nil>
20	3	1	4	<nil>
20	2	2	4	<nil>
20	3	2	5	<nil>
20	8	1	9	<nil>
20	3	1	4	<nil>
20	7	2	9	<nil>
20	1	2	3	<nil>
20	6	1	7	<nil>
20	5	1	6	<nil>
20	6	1	7	<nil>
20	5	3	8	<nil>
20	2	3	5	<nil>
20	7	4	11	<nil>
20	2	2	4	<nil>
20	5	2	7	<nil>
20	5	3	8	<nil>
20	5	3	8	<nil>
20	6	6	12	<nil>
20	4	4	8	<nil>
20	6	5	11	<nil>
20	7	6	13	<nil>
20	7	6	13	<nil>
20	6	6	12	<nil>
20	0	1	1	<nil>
20	5	0	5	<nil>
20	5	1	6	<nil>
20	5	2	7	<nil>
20	4	1	5	<nil>
20	4	4	8	<nil>
20	4	4	8	<nil>
20	4	2	6	<nil>
20	4	5	9	<nil>
20	4	3	7	<nil>
20	4	4	8	<nil>
20	4	4	8	<nil>
20	6	1	7	<nil>
20	4	2	6	<nil>
20	7	2	9	<nil>
20	4	2	6	<nil>
20	6	1	7	<nil>
20	6	2	8	<nil>
20	5	6	11	<nil>
20	5	2	7	<nil>
20	6	4	10	<nil>
20	4	2	6	<nil>
20	3	2	5	<nil>
20	4	4	8	<nil>
20	4	2	6	<nil>
20	4	3	7	<nil>
20	5	3	8	<nil>
20	3	3	6	<nil>
20	3	4	7	<nil>
20	6	3	9	<nil>
20	5	4	9	<nil>
20	3	2	5	<nil>
20	5	1	6	<nil>
20	3	2	5	<nil>
20	3	1	4	<nil>
20	3	4	7	<nil>
20	5	3	8	<nil>
20	7	3	10	<nil>
20	8	1	9	<nil>
20	4	1	5	<nil>
20	7	4	11	<nil>
20	4	1	5	<nil>
20	5	5	10	<nil>
20	4	5	9	<nil>
20	5	5	10	<nil>
20	5	5	10	<nil>
20	7	5	12	<nil>
20	8	2	10	<nil>
20	6	6	12	<nil>
20	9	2	11	<nil>
20	9	1	10	<nil>
20	7	3	10	<nil>
20	5	2	7	<nil>
20	3	4	7	<nil>
20	8	1	9	<nil>
20	7	4	11	<nil>
20	2	1	3	<nil>
20	7	4	11	<nil>
20	6	5	11	<nil>
20	3	1	4	<nil>
20	3	2	5	<nil>
20	5	2	7	<nil>
20	2	2	4	<nil>
20	5	2	7	<nil>
20	7	1	8	<nil>
20	3	2	5	<nil>
20	4	0	4	<nil>
20	4	0	4	<nil>
20	4	0	4	<nil>
20	5	3	8	<nil>
20	4	1	5	<nil>
20	4	1	5	<nil>
20	7	3	10	<nil>
20	2	4	6	<nil>
20	1	2	3	<nil>
20	4	4	8	<nil>
20	6	4	10	<nil>
20	4	3	7	<nil>
20	2	1	3	<nil>
20	6	0	6	<nil>
20	5	1	6	<nil>
20	5	2	7	<nil>
20	3	3	6	<nil>
20	2	4	6	<nil>
20	3	3	6	<nil>
20	3	2	5	<nil>
20	3	4	7	<nil>
20	3	2	5	<nil>
20	5	2	7	<nil>
20	4	3	7	<nil>
20	6	4	10	<nil>
20	4	1	5	<nil>
20	3	3	6	<nil>
20	6	3	9	<nil>
20	4	7	11	<nil>
20	5	1	6	<nil>
20	6	1	7	<nil>
20	4	1	5	<nil>
20	6	2	8	<nil>
20	4	1	5	<nil>
20	5	1	6	<nil>
20	4	1	5	<nil>
20	1	1	2	<nil>
20	3	2	5	<nil>
20	3	7	10	<nil>
20	1	6	7	<nil>
20	5	4	9	<nil>
20	7	2	9	<nil>
20	7	2	9	<nil>
20	8	2	10	<nil>
20	8	2	10	<nil>
20	2	10	12	<nil>
20	8	1	9	<nil>
20	5	2	7	<nil>
20	2	10	12	<nil>
20	7	4	11	<nil>
20	5	6	11	<nil>
20	6	5	11	<nil>
20	8	2	10	<nil>
20	3	9	12	<nil>
20	2	10	12	<nil>
20	9	1	10	<nil>
20	5	7	12	<nil>
20	5	7	12	<nil>
20	2	2	4	<nil>
20	3	2	5	<nil>
20	3	3	6	<nil>
20	4	1	5	<nil>
20	4	2	6	<nil>
20	5	1	6	<nil>
20	5	5	10	<nil>
20	4	3	7	<nil>
20	3	2	5	<nil>
20	4	4	8	<nil>
20	4	5	9	<nil>
20	4	3	7	<nil>
20	5	2	7	<nil>
20	5	2	7	<nil>
20	4	5	9	<nil>
20	7	4	11	<nil>
20	5	2	7	<nil>
20	3	6	9	<nil>
20	6	2	8	<nil>
20	6	1	7	<nil>
20	4	1	5	<nil>
20	5	0	5	<nil>
20	4	1	5	<nil>
20	7	1	8	<nil>
20	7	1	8	<nil>
20	4	3	7	<nil>
20	4	1	5	<nil>
20	3	4	7	<nil>
20	5	4	9	<nil>
20	8	1	9	<nil>
20	6	2	8	<nil>
20	7	3	10	<nil>
20	8	1	9	<nil>
20	9	2	11	<nil>
20	5	2	7	<nil>
20	7	2	9	<nil>
20	5	3	8	<nil>
20	6	3	9	<nil>
20	6	3	9	<nil>
20	5	2	7	<nil>
20	5	3	8	<nil>
20	8	5	13	<nil>
20	6	3	9	<nil>
20	5	3	8	<nil>
20	5	5	10	<nil>
20	2	4	6	<nil>
20	6	2	8	<nil>
20	6	5	11	<nil>
20	4	3	7	<nil>
20	5	3	8	<nil>
20	4	4	8	<nil>
20	8	1	9	<nil>
20	6	2	8	<nil>
20	5	4	9	<nil>
20	5	3	8	<nil>
20	4	4	8	<nil>
20	5	4	9	<nil>
20	5	4	9	<nil>
20	8	3	11	<nil>
20	7	5	12	<nil>
20	4	2	6	<nil>
20	7	3	10	<nil>
20	2	3	5	<nil>
20	12	4	16	<nil>
20	7	8	15	<nil>
20	11	3	14	<nil>
20	5	5	10	<nil>
20	6	3	9	<nil>
20	7	6	13	<nil>
20	6	5	11	<nil>
20	6	6	12	<nil>
20	6	4	10	<nil>
20	3	3	6	<nil>
20	11	3	14	<nil>
20	13	10	23	<nil>
20	15	10	25	<nil>
20	16	2	18	<nil>
20	11	2	13	<nil>
20	10	1	11	<nil>
20	20	1	21	<nil>
20	13	12	25	<nil>
20	23	2	25	<nil>
20	24	1	25	<nil>
20	19	6	25	<nil>
20	13	8	21	<nil>
20	16	15	31	<nil>
20	29	6	35	<nil>
20	17	7	24	<nil>
20	30	5	35	<nil>
20	16	19	35	<nil>
20	11	4	15	<nil>
20	15	3	18	<nil>
20	15	5	20	<nil>
20	16	3	19	<nil>
20	20	4	24	<nil>
20	15	3	18	<nil>
20	24	5	29	<nil>
20	26	4	30	<nil>
20	31	5	36	<nil>
20	14	6	20	<nil>
20	15	6	21	<nil>
20	6	1	7	<nil>
20	14	5	19	<nil>
20	15	7	22	<nil>
20	19	1	20	<nil>
20	10	1	11	<nil>
20	6	1	7	<nil>
20	7	1	8	<nil>
20	8	5	13	<nil>
20	15	3	18	<nil>
20	13	8	21	<nil>
20	13	7	20	<nil>
20	24	2	26	<nil>
20	20	8	28	<nil>
20	15	1	16	<nil>
20	21	9	30	<nil>
20	18	9	27	<nil>
20	17	12	29	<nil>
20	26	1	27	<nil>
20	28	1	29	<nil>
20	21	3	24	<nil>
20	21	9	30	<nil>
20	17	10	27	<nil>
20	19	10	29	<nil>
20	15	13	28	<nil>
20	17	11	28	<nil>
20	26	4	30	<nil>
20	27	5	32	<nil>
20	24	3	27	<nil>
20	10	8	18	<nil>
20	2	6	8	<nil>
20	5	6	11	<nil>
20	8	4	12	<nil>
20	8	5	13	<nil>
20	10	5	15	<nil>
20	11	4	15	<nil>
20	10	0	10	<nil>
20	8	3	11	<nil>
20	12	1	13	<nil>
20	5	9	14	<nil>
20	5	10	15	<nil>
20	12	2	14	<nil>
20	9	8	17	<nil>
20	12	2	14	<nil>
20	9	8	17	<nil>
20	12	5	17	<nil>
20	11	4	15	<nil>
20	9	10	19	<nil>
20	4	4	8	<nil>
20	16	4	20	<nil>
20	6	3	9	<nil>
20	8	5	13	<nil>
20	13	5	18	<nil>
20	7	3	10	<nil>
20	8	3	11	<nil>
20	11	3	14	<nil>
20	9	1	10	<nil>
20	6	1	7	<nil>
20	8	1	9	<nil>
20	9	4	13	<nil>
20	10	3	13	<nil>
20	7	1	8	<nil>
20	8	8	16	<nil>
20	10	2	12	<nil>
20	17	3	20	<nil>
20	10	0	10	<nil>
20	3	3	6	<nil>
20	8	7	15	<nil>
20	11	8	19	<nil>
20	6	3	9	<nil>
20	4	4	8	<nil>
20	6	6	12	<nil>
20	3	6	9	<nil>
20	8	2	10	<nil>
20	4	7	11	<nil>
20	6	7	13	<nil>
20	5	6	11	<nil>
20	7	4	11	<nil>
20	5	6	11	<nil>
20	5	6	11	<nil>
20	10	2	12	<nil>
20	5	6	11	<nil>
20	9	3	12	<nil>
20	9	3	12	<nil>
20	9	2	11	<nil>
20	15	2	17	<nil>
20	6	2	8	<nil>
20	6	4	10	<nil>
20	9	3	12	<nil>
20	7	3	10	<nil>
20	2	5	7	<nil>
20	5	6	11	<nil>
20	9	0	9	<nil>
20	8	0	8	<nil>
20	5	6	11	<nil>
20	9	0	9	<nil>
20	8	0	8	<nil>
20	5	6	11	<nil>
20	8	6	14	<nil>
20	7	3	10	<nil>
20	8	6	14	<nil>
20	7	3	10	<nil>
20	6	6	12	<nil>
20	7	4	11	<nil>
20	5	7	12	<nil>
20	9	3	12	<nil>
20	8	4	12	<nil>
20	5	2	7	<nil>
20	13	3	16	<nil>
20	13	2	15	<nil>
20	7	3	10	<nil>
20	14	2	16	<nil>
20	6	3	9	<nil>
20	5	4	9	<nil>
20	8	4	12	<nil>
20	10	3	13	<nil>
20	8	4	12	<nil>
20	8	5	13	<nil>
20	6	7	13	<nil>
20	9	6	15	<nil>
20	13	1	14	<nil>
20	13	2	15	<nil>
20	10	4	14	<nil>
20	10	3	13	<nil>
20	12	2	14	<nil>
20	6	8	14	<nil>
20	12	3	15	<nil>
20	5	2	7	<nil>
20	10	2	12	<nil>
20	10	0	10	<nil>
20	6	1	7	<nil>
20	4	3	7	<nil>
20	12	0	12	<nil>
20	6	1	7	<nil>
20	4	4	8	<nil>
20	7	3	10	<nil>
20	4	3	7	<nil>
20	9	0	9	<nil>
20	5	3	8	<nil>
20	8	4	12	<nil>
20	6	2	8	<nil>
20	8	3	11	<nil>
20	12	1	13	<nil>
20	13	2	15	<nil>
20	6	3	9	<nil>
20	8	3	11	<nil>
20	12	3	15	<nil>
20	6	2	8	<nil>
20	7	3	10	<nil>
20	7	2	9	<nil>
20	6	3	9	<nil>
20	7	2	9	<nil>
20	5	4	9	<nil>
20	7	3	10	<nil>
20	7	5	12	<nil>
20	7	4	11	<nil>
20	8	2	10	<nil>
20	11	1	12	<nil>
20	9	3	12	<nil>
20	10	3	13	<nil>
20	10	3	13	<nil>
20	10	1	11	<nil>
20	7	3	10	<nil>
20	8	3	11	<nil>
20	10	2	12	<nil>
20	11	1	12	<nil>
20	9	4	13	<nil>
20	6	6	12	<nil>
20	11	0	11	<nil>
20	3	7	10	<nil>
20	5	7	12	<nil>
20	13	1	14	<nil>
20	10	1	11	<nil>
20	4	6	10	<nil>
20	8	3	11	<nil>
20	5	8	13	<nil>
20	13	1	14	<nil>
20	5	7	12	<nil>
20	10	2	12	<nil>
20	10	2	12	<nil>
20	9	3	12	<nil>
20	13	0	13	<nil>
20	10	4	14	<nil>
20	12	0	12	<nil>
20	11	4	15	<nil>
20	9	4	13	<nil>
20	12	1	13	<nil>
20	5	2	7	<nil>
20	4	4	8	<nil>
20	7	1	8	<nil>
20	7	1	8	<nil>
20	8	5	13	<nil>
20	8	5	13	<nil>
20	11	2	13	<nil>
20	11	2	13	<nil>
20	12	1	13	<nil>
20	14	1	15	<nil>
20	14	1	15	<nil>
20	12	1	13	<nil>
20	15	0	15	<nil>
20	12	4	16	<nil>
20	8	6	14	<nil>
20	10	3	13	<nil>
20	13	0	13	<nil>
20	9	6	15	<nil>
20	12	4	16	<nil>
20	11	3	14	<nil>
20	5	1	6	<nil>
20	8	2	10	<nil>
20	5	3	8	<nil>
20	6	3	9	<nil>
20	6	3	9	<nil>
20	4	6	10	<nil>
20	7	5	12	<nil>
20	6	4	10	<nil>
20	6	4	10	<nil>
20	10	1	11	<nil>
20	5	4	9	<nil>
20	11	1	12	<nil>
20	9	2	11	<nil>
20	9	2	11	<nil>
20	8	5	13	<nil>
20	9	3	12	<nil>
20	11	1	12	<nil>
20	9	3	12	<nil>
20	15	2	17	<nil>
20	9	2	11	<nil>
20	8	2	10	<nil>
20	6	3	9	<nil>
20	9	3	12	<nil>
20	7	4	11	<nil>
20	12	1	13	<nil>
20	10	1	11	<nil>
20	10	1	11	<nil>
20	9	2	11	<nil>
20	9	2	11	<nil>
20	9	2	11	<nil>
20	10	1	11	<nil>
20	10	3	13	<nil>
20	8	4	12	<nil>
20	9	2	11	<nil>
20	10	7	17	<nil>
20	3	2	5	<nil>
20	13	7	20	<nil>
20	3	2	5	<nil>
20	4	1	5	<nil>
20	13	7	20	<nil>
20	3	2	5	<nil>
20	13	8	21	<nil>
20	4	2	6	<nil>
20	10	7	17	<nil>
20	9	8	17	<nil>
20	4	2	6	<nil>
20	6	0	6	<nil>
20	6	0	6	<nil>
20	3	2	5	<nil>
20	7	0	7	<nil>
20	4	2	6	<nil>
20	6	2	8	<nil>
20	6	2	8	<nil>
20	6	0	6	<nil>
20	5	2	7	<nil>
20	5	4	9	<nil>
20	7	0	7	<nil>
20	4	4	8	<nil>
20	5	4	9	<nil>
20	4	3	7	<nil>
20	5	4	9	<nil>
20	5	3	8	<nil>
20	8	3	11	<nil>
20	8	3	11	<nil>
20	9	3	12	<nil>
20	7	5	12	<nil>
20	6	5	11	<nil>
20	7	4	11	<nil>
20	7	4	11	<nil>
20	8	4	12	<nil>
20	8	6	14	<nil>
20	9	4	13	<nil>
20	9	5	14	<nil>
20	6	8	14	<nil>
20	5	0	5	<nil>
20	5	0	5	<nil>
20	5	0	5	<nil>
20	5	0	5	<nil>
20	6	0	6	<nil>
20	5	1	6	<nil>
20	5	1	6	<nil>
20	5	1	6	<nil>
20	7	0	7	<nil>
20	7	1	8	<nil>
20	7	0	7	<nil>
20	8	1	9	<nil>
20	4	3	7	<nil>
20	8	2	10	<nil>
20	8	0	8	<nil>
20	7	0	7	<nil>
20	6	2	8	<nil>
20	9	2	11	<nil>
20	5	2	7	<nil>
20	6	0	6	<nil>
20	9	2	11	<nil>
20	6	2	8	<nil>
20	7	0	7	<nil>
20	10	0	10	<nil>
20	6	2	8	<nil>
20	10	0	10	<nil>
20	9	2	11	<nil>
20	11	0	11	<nil>
20	4	2	6	<nil>
20	6	1	7	<nil>
20	3	4	7	<nil>
20	5	2	7	<nil>
20	7	0	7	<nil>
20	4	3	7	<nil>
20	5	2	7	<nil>
20	5	3	8	<nil>
20	7	1	8	<nil>
20	6	13	19	<nil>
20	6	13	19	<nil>
20	7	13	20	<nil>
20	7	13	20	<nil>
20	7	13	20	<nil>
20	7	14	21	<nil>
20	5	15	20	<nil>
20	3	9	12	<nil>
20	4	9	13	<nil>
20	8	14	22	<nil>
20	4	8	12	<nil>
20	6	14	20	<nil>
20	6	14	20	<nil>
20	4	8	12	<nil>
20	4	8	12	<nil>
20	4	8	12	<nil>
20	6	15	21	<nil>
20	4	9	13	<nil>
20	4	9	13	<nil>
20	4	10	14	<nil>
20	3	1	4	<nil>
20	3	1	4	<nil>
20	4	0	4	<nil>
20	5	0	5	<nil>
20	4	0	4	<nil>
20	3	1	4	<nil>
20	4	1	5	<nil>
20	4	1	5	<nil>
20	5	5	10	<nil>
20	6	5	11	<nil>
20	6	5	11	<nil>
20	4	1	5	<nil>
20	6	5	11	<nil>
20	4	1	5	<nil>
20	7	5	12	<nil>
20	4	6	10	<nil>
20	5	5	10	<nil>
20	5	5	10	<nil>
20	6	5	11	<nil>
20	6	5	11	<nil>
20	7	6	13	<nil>
20	5	5	10	<nil>
20	5	1	6	<nil>
20	5	0	5	<nil>
20	3	2	5	<nil>
20	4	1	5	<nil>
20	4	1	5	<nil>
20	4	1	5	<nil>
20	4	0	4	<nil>
20	6	1	7	<nil>
20	4	2	6	<nil>
20	3	3	6	<nil>
20	4	2	6	<nil>
20	4	2	6	<nil>
20	4	2	6	<nil>
20	5	1	6	<nil>
20	6	1	7	<nil>
20	7	0	7	<nil>
20	7	0	7	<nil>
20	6	1	7	<nil>
20	6	1	7	<nil>
20	6	1	7	<nil>
20	6	1	7	<nil>
20	7	1	8	<nil>
20	8	0	8	<nil>
20	7	0	7	<nil>
20	6	1	7	<nil>
20	6	1	7	<nil>
20	3	2	5	<nil>
20	4	0	4	<nil>
20	4	3	7	<nil>
20	4	4	8	<nil>
20	5	3	8	<nil>
20	3	5	8	<nil>
20	7	1	8	<nil>
20	5	4	9	<nil>
20	9	2	11	<nil>
20	9	1	10	<nil>
20	7	3	10	<nil>
20	8	3	11	<nil>
20	8	3	11	<nil>
20	9	0	9	<nil>
20	6	3	9	<nil>
20	6	7	13	<nil>
20	7	6	13	<nil>
20	8	6	14	<nil>
20	7	7	14	<nil>
20	6	7	13	<nil>
20	6	2	8	<nil>
20	9	0	9	<nil>
20	2	1	3	<nil>
20	3	2	5	<nil>
20	5	1	6	<nil>
20	6	1	7	<nil>
20	5	1	6	<nil>
20	6	0	6	<nil>
20	5	1	6	<nil>
20	5	1	6	<nil>
20	7	1	8	<nil>
20	6	0	6	<nil>
20	5	1	6	<nil>
20	6	1	7	<nil>
20	5	2	7	<nil>
20	3	0	3	<nil>
20	5	1	6	<nil>
20	2	3	5	<nil>
20	3	2	5	<nil>
20	4	1	5	<nil>
20	9	0	9	<nil>
20	8	1	9	<nil>
20	7	1	8	<nil>
20	8	0	8	<nil>
20	8	0	8	<nil>
20	6	3	9	<nil>
20	6	3	9	<nil>
20	8	3	11	<nil>
20	6	3	9	<nil>
20	7	2	9	<nil>
20	9	8	17	<nil>
20	9	7	16	<nil>
20	7	9	16	<nil>
20	9	7	16	<nil>
20	9	9	18	<nil>
20	3	5	8	<nil>
20	9	0	9	<nil>
20	8	1	9	<nil>
20	10	1	11	<nil>
20	8	0	8	<nil>
20	9	0	9	<nil>
20	8	1	9	<nil>
20	8	8	16	<nil>
20	9	0	9	<nil>
20	9	0	9	<nil>
20	6	3	9	<nil>
20	11	2	13	<nil>
20	9	2	11	<nil>
20	13	2	15	<nil>
20	9	3	12	<nil>
20	6	4	10	<nil>
20	13	10	23	<nil>
20	8	3	11	<nil>
20	7	4	11	<nil>
20	11	0	11	<nil>
20	11	0	11	<nil>
20	11	0	11	<nil>
20	9	0	9	<nil>
20	14	0	14	<nil>
20	14	0	14	<nil>
20	12	0	12	<nil>
20	12	0	12	<nil>
20	9	2	11	<nil>
20	12	0	12	<nil>
20	7	6	13	<nil>
20	11	0	11	<nil>
20	7	7	14	<nil>
20	11	1	12	<nil>
20	14	0	14	<nil>
20	7	2	9	<nil>
20	4	4	8	<nil>
20	7	3	10	<nil>
20	9	3	12	<nil>
20	8	4	12	<nil>
20	9	3	12	<nil>
20	7	17	24	<nil>
20	7	17	24	<nil>
20	11	15	26	<nil>
20	9	16	25	<nil>
20	10	14	24	<nil>
20	10	14	24	<nil>
20	10	14	24	<nil>
20	9	16	25	<nil>
20	8	18	26	<nil>
20	10	15	25	<nil>
20	9	16	25	<nil>
20	9	17	26	<nil>
20	10	16	26	<nil>
20	12	18	30	<nil>
20	8	11	19	<nil>
20	4	12	16	<nil>
20	9	11	20	<nil>
20	6	11	17	<nil>
20	7	11	18	<nil>
20	5	11	16	<nil>
20	7	3	10	<nil>
20	5	5	10	<nil>
20	11	2	13	<nil>
20	10	3	13	<nil>
20	12	3	15	<nil>
20	14	1	15	<nil>
20	13	2	15	<nil>
20	11	3	14	<nil>
20	10	1	11	<nil>
20	14	1	15	<nil>
20	13	2	15	<nil>
20	10	1	11	<nil>
20	12	3	15	<nil>
20	11	3	14	<nil>
20	10	1	11	<nil>
20	14	1	15	<nil>
20	12	4	16	<nil>
20	11	4	15	<nil>
20	11	1	12	<nil>
20	8	4	12	<nil>
20	5	6	11	<nil>
20	6	8	14	<nil>
20	9	4	13	<nil>
20	9	4	13	<nil>
20	9	4	13	<nil>
20	14	1	15	<nil>
20	14	1	15	<nil>
20	9	5	14	<nil>
20	9	5	14	<nil>
20	10	10	20	<nil>
20	10	10	20	<nil>
20	9	11	20	<nil>
20	9	14	23	<nil>
20	14	10	24	<nil>
20	9	15	24	<nil>
20	8	1	9	<nil>
20	5	5	10	<nil>
20	15	12	27	<nil>
20	13	11	24	<nil>
20	10	1	11	<nil>
20	14	12	26	<nil>
20	12	0	12	<nil>
20	14	11	25	<nil>
20	10	1	11	<nil>
20	11	0	11	<nil>
20	10	17	27	<nil>
20	13	0	13	<nil>
20	13	0	13	<nil>
20	6	4	10	<nil>
20	15	7	22	<nil>
20	8	4	12	<nil>
20	8	5	13	<nil>
20	13	2	15	<nil>
20	13	6	19	<nil>
20	12	6	18	<nil>
20	10	6	16	<nil>
20	7	6	13	<nil>
20	13	3	16	<nil>
20	10	8	18	<nil>
20	11	8	19	<nil>
20	11	5	16	<nil>
20	10	6	16	<nil>
20	10	5	15	<nil>
20	11	5	16	<nil>
20	9	6	15	<nil>
20	12	9	21	<nil>
20	10	6	16	<nil>
20	12	6	18	<nil>
20	10	7	17	<nil>
20	7	9	16	<nil>
20	12	10	22	<nil>
20	8	7	15	<nil>
20	7	7	14	<nil>
20	13	8	21	<nil>
20	8	8	16	<nil>
20	8	7	15	<nil>
20	8	8	16	<nil>
20	17	1	18	<nil>
20	10	6	16	<nil>
20	18	5	23	<nil>
20	10	6	16	<nil>
20	11	6	17	<nil>
20	11	5	16	<nil>
20	17	2	19	<nil>
20	17	5	22	<nil>
20	13	6	19	<nil>
20	15	2	17	<nil>
20	11	7	18	<nil>
20	17	1	18	<nil>
20	19	2	21	<nil>
20	17	2	19	<nil>
20	20	2	22	<nil>
20	15	6	21	<nil>
20	19	2	21	<nil>
20	17	2	19	<nil>
20	18	2	20	<nil>
20	20	1	21	<nil>
20	18	2	20	<nil>
20	19	2	21	<nil>
20	18	1	19	<nil>
20	20	0	20	<nil>
20	17	2	19	<nil>
20	18	2	20	<nil>
20	15	4	19	<nil>
20	17	2	19	<nil>
20	18	2	20	<nil>
20	19	0	19	<nil>
20	18	1	19	<nil>
20	4	2	6	<nil>
20	5	0	5	<nil>
20	6	3	9	<nil>
20	8	1	9	<nil>
20	7	2	9	<nil>
20	8	1	9	<nil>
20	5	4	9	<nil>
20	5	4	9	<nil>
20	6	4	10	<nil>
20	8	2	10	<nil>
20	7	2	9	<nil>
20	9	1	10	<nil>
20	8	1	9	<nil>
20	9	1	10	<nil>
20	8	3	11	<nil>
20	8	3	11	<nil>
20	10	1	11	<nil>
20	10	1	11	<nil>
20	8	3	11	<nil>
20	10	1	11	<nil>
20	10	2	12	<nil>
20	13	2	15	<nil>
20	11	4	15	<nil>
20	8	6	14	<nil>
20	10	4	14	<nil>
20	14	2	16	<nil>
20	12	3	15	<nil>
20	12	2	14	<nil>
20	11	5	16	<nil>
20	11	4	15	<nil>
20	12	4	16	<nil>
20	13	3	16	<nil>
20	14	4	18	<nil>
20	15	4	19	<nil>
20	15	1	16	<nil>
20	14	4	18	<nil>
20	14	4	18	<nil>
20	14	4	18	<nil>
20	12	5	17	<nil>
20	16	6	22	<nil>
20	20	3	23	<nil>
20	16	11	27	<nil>
20	22	0	22	<nil>
20	11	10	21	<nil>
20	19	3	22	<nil>
20	21	3	24	<nil>
20	23	1	24	<nil>
20	19	3	22	<nil>
20	19	4	23	<nil>
20	22	3	25	<nil>
20	21	3	24	<nil>
20	24	0	24	<nil>
20	20	3	23	<nil>
20	19	4	23	<nil>
20	24	1	25	<nil>
20	24	1	25	<nil>
20	21	4	25	<nil>
20	24	0	24	<nil>
20	22	10	32	<nil>
20	24	4	28	<nil>
20	7	6	13	<nil>
20	7	5	12	<nil>
20	7	5	12	<nil>
20	9	4	13	<nil>
20	8	5	13	<nil>
20	9	5	14	<nil>
20	8	7	15	<nil>
20	12	3	15	<nil>
20	11	2	13	<nil>
20	12	3	15	<nil>
20	11	8	19	<nil>
20	9	11	20	<nil>
20	7	13	20	<nil>
20	6	11	17	<nil>
20	11	11	22	<nil>
20	7	8	15	<nil>
20	10	11	21	<nil>
20	10	11	21	<nil>
20	11	11	22	<nil>
20	10	11	21	<nil>
20	11	4	15	<nil>
20	11	4	15	<nil>
20	11	2	13	<nil>
20	10	2	12	<nil>
20	10	3	13	<nil>
20	12	4	16	<nil>
20	13	6	19	<nil>
20	13	8	21	<nil>
20	13	8	21	<nil>
20	7	6	13	<nil>
20	12	6	18	<nil>
20	6	11	17	<nil>
20	11	3	14	<nil>
20	17	3	20	<nil>
20	11	3	14	<nil>
20	16	3	19	<nil>
20	17	3	20	<nil>
20	18	5	23	<nil>
20	11	3	14	<nil>
20	15	7	22	<nil>
20	17	6	23	<nil>
20	8	4	12	<nil>
20	18	6	24	<nil>
20	13	5	18	<nil>
20	18	6	24	<nil>
20	8	5	13	<nil>
20	9	9	18	<nil>
20	8	5	13	<nil>
20	8	6	14	<nil>
20	13	6	19	<nil>
20	8	3	11	<nil>
20	14	4	18	<nil>
20	8	5	13	<nil>
20	10	1	11	<nil>
20	8	1	9	<nil>
20	4	6	10	<nil>
20	7	2	9	<nil>
20	8	0	8	<nil>
20	9	2	11	<nil>
20	9	1	10	<nil>
20	10	18	28	<nil>
20	9	18	27	<nil>
20	11	17	28	<nil>
20	9	19	28	<nil>
20	12	17	29	<nil>
20	11	18	29	<nil>
20	14	18	32	<nil>
20	11	18	29	<nil>
20	12	20	32	<nil>
20	7	19	26	<nil>
20	12	7	19	<nil>
20	8	17	25	<nil>
20	12	7	19	<nil>
20	12	7	19	<nil>
20	13	7	20	<nil>
20	12	7	19	<nil>
20	14	19	33	<nil>
20	14	7	21	<nil>
20	12	9	21	<nil>
20	12	7	19	<nil>
20	13	3	16	<nil>
20	10	4	14	<nil>
20	10	3	13	<nil>
20	10	4	14	<nil>
20	13	1	14	<nil>
20	11	4	15	<nil>
20	11	3	14	<nil>
20	11	3	14	<nil>
20	17	2	19	<nil>
20	10	4	14	<nil>
20	12	2	14	<nil>
20	12	2	14	<nil>
20	12	3	15	<nil>
20	12	3	15	<nil>
20	12	3	15	<nil>
20	10	4	14	<nil>
20	12	2	14	<nil>
20	12	2	14	<nil>
20	12	3	15	<nil>
20	15	3	18	<nil>
20	4	3	7	<nil>
20	5	1	6	<nil>
20	6	1	7	<nil>
20	9	1	10	<nil>
20	11	1	12	<nil>
20	11	0	11	<nil>
20	11	0	11	<nil>
20	7	4	11	<nil>
20	11	1	12	<nil>
20	8	5	13	<nil>
20	8	5	13	<nil>
20	12	0	12	<nil>
20	12	0	12	<nil>
20	12	1	13	<nil>
20	10	3	13	<nil>
20	10	3	13	<nil>
20	6	7	13	<nil>
20	10	3	13	<nil>
20	14	0	14	<nil>
20	11	3	14	<nil>
20	8	5	13	<nil>
20	11	1	12	<nil>
20	11	3	14	<nil>
20	12	3	15	<nil>
20	11	3	14	<nil>
20	12	4	16	<nil>
20	18	2	20	<nil>
20	18	5	23	<nil>
20	12	5	17	<nil>
20	14	2	16	<nil>
20	19	2	21	<nil>
20	16	1	17	<nil>
20	20	0	20	<nil>
20	17	1	18	<nil>
20	14	3	17	<nil>
20	16	2	18	<nil>
20	17	3	20	<nil>
20	17	1	18	<nil>
20	16	2	18	<nil>
20	15	3	18	<nil>
20	11	4	15	<nil>
20	13	3	16	<nil>
20	12	4	16	<nil>
20	16	1	17	<nil>
20	17	0	17	<nil>
20	17	0	17	<nil>
20	22	0	22	<nil>
20	17	0	17	<nil>
20	18	3	21	<nil>
20	14	3	17	<nil>
20	18	0	18	<nil>
20	18	0	18	<nil>
20	20	0	20	<nil>
20	14	6	20	<nil>
20	18	0	18	<nil>
20	15	3	18	<nil>
20	15	3	18	<nil>
20	16	3	19	<nil>
20	18	2	20	<nil>
20	19	0	19	<nil>
20	10	2	12	<nil>
20	14	1	15	<nil>
20	14	2	16	<nil>
20	13	3	16	<nil>
20	14	3	17	<nil>
20	15	0	15	<nil>
20	12	3	15	<nil>
20	16	0	16	<nil>
20	13	3	16	<nil>
20	13	3	16	<nil>
20	17	1	18	<nil>
20	15	2	17	<nil>
20	15	2	17	<nil>
20	15	2	17	<nil>
20	16	2	18	<nil>
20	15	2	17	<nil>
20	18	0	18	<nil>
20	17	2	19	<nil>
20	15	2	17	<nil>
20	18	0	18	<nil>
20	8	1	9	<nil>
20	11	2	13	<nil>
20	10	2	12	<nil>
20	13	2	15	<nil>
20	9	2	11	<nil>
20	8	1	9	<nil>
20	11	1	12	<nil>
20	11	0	11	<nil>
20	12	1	13	<nil>
20	11	2	13	<nil>
20	14	1	15	<nil>
20	10	1	11	<nil>
20	12	1	13	<nil>
20	10	1	11	<nil>
20	12	1	13	<nil>
20	12	1	13	<nil>
20	12	1	13	<nil>
20	11	1	12	<nil>
20	12	1	13	<nil>
20	11	1	12	<nil>
20	6	2	8	<nil>
20	6	2	8	<nil>
20	6	3	9	<nil>
20	5	3	8	<nil>
20	5	4	9	<nil>
20	5	3	8	<nil>
20	9	1	10	<nil>
20	6	3	9	<nil>
20	8	8	16	<nil>
20	8	9	17	<nil>
20	9	8	17	<nil>
20	3	4	7	<nil>
20	8	9	17	<nil>
20	12	8	20	<nil>
20	8	9	17	<nil>
20	8	10	18	<nil>
20	9	9	18	<nil>
20	10	8	18	<nil>
20	4	4	8	<nil>
20	5	5	10	<nil>
20	9	9	18	<nil>
20	8	9	17	<nil>
20	4	4	8	<nil>
20	3	5	8	<nil>
20	5	5	10	<nil>
20	8	10	18	<nil>
20	3	5	8	<nil>
20	4	4	8	<nil>
20	7	1	8	<nil>
20	8	1	9	<nil>
20	9	1	10	<nil>
20	9	1	10	<nil>
20	9	0	9	<nil>
20	8	1	9	<nil>
20	8	1	9	<nil>
20	9	0	9	<nil>
20	9	1	10	<nil>
20	9	0	9	<nil>
20	9	0	9	<nil>
20	9	0	9	<nil>
20	8	1	9	<nil>
20	9	0	9	<nil>
20	9	1	10	<nil>
20	9	0	9	<nil>
20	9	0	9	<nil>
20	9	0	9	<nil>
20	8	1	9	<nil>
20	9	0	9	<nil>
20	5	3	8	<nil>
20	6	3	9	<nil>
20	11	0	11	<nil>
20	11	1	12	<nil>
20	11	1	12	<nil>
20	11	1	12	<nil>
20	7	5	12	<nil>
20	10	3	13	<nil>
20	7	5	12	<nil>
20	9	4	13	<nil>
20	7	6	13	<nil>
20	10	4	14	<nil>
20	14	1	15	<nil>
20	8	7	15	<nil>
20	14	0	14	<nil>
20	9	5	14	<nil>
20	7	7	14	<nil>
20	8	7	15	<nil>
20	9	5	14	<nil>
20	14	0	14	<nil>
20	16	3	19	<nil>
20	20	5	25	<nil>
20	22	0	22	<nil>
20	19	3	22	<nil>
20	18	5	23	<nil>
20	23	1	24	<nil>
20	19	4	23	<nil>
20	28	0	28	<nil>
20	22	2	24	<nil>
20	24	1	25	<nil>
20	13	11	24	<nil>
20	24	0	24	<nil>
20	15	9	24	<nil>
20	21	6	27	<nil>
20	19	6	25	<nil>
20	18	6	24	<nil>
20	21	16	37	<nil>
20	34	9	43	<nil>
20	31	10	41	<nil>
20	19	6	25	<nil>
20	21	1	22	<nil>
20	19	4	23	<nil>
20	16	9	25	<nil>
20	37	12	49	<nil>
20	21	4	25	<nil>
20	12	13	25	<nil>
20	18	10	28	<nil>
20	11	13	24	<nil>
20	17	3	20	<nil>
20	17	4	21	<nil>
20	17	2	19	<nil>
20	21	12	33	<nil>
20	20	15	35	<nil>
20	12	11	23	<nil>
20	22	15	37	<nil>
20	17	15	32	<nil>
20	18	12	30	<nil>
20	11	6	17	<nil>
20	12	7	19	<nil>
20	12	7	19	<nil>
20	13	1	14	<nil>
20	16	3	19	<nil>
20	15	2	17	<nil>
20	16	1	17	<nil>
20	12	7	19	<nil>
20	15	2	17	<nil>
20	12	3	15	<nil>
20	18	8	26	<nil>
20	13	2	15	<nil>
20	22	4	26	<nil>
20	7	1	8	<nil>
20	17	2	19	<nil>
20	8	1	9	<nil>
20	8	1	9	<nil>
20	8	1	9	<nil>
20	8	1	9	<nil>
20	9	3	12	<nil>
20	5	3	8	<nil>
20	5	6	11	<nil>
20	9	1	10	<nil>
20	11	0	11	<nil>
20	10	1	11	<nil>
20	11	0	11	<nil>
20	8	3	11	<nil>
20	4	8	12	<nil>
20	8	3	11	<nil>
20	8	3	11	<nil>
20	11	0	11	<nil>
20	12	0	12	<nil>
20	11	1	12	<nil>
20	10	1	11	<nil>
20	9	4	13	<nil>
20	8	3	11	<nil>
20	10	3	13	<nil>
20	10	5	15	<nil>
20	6	7	13	<nil>
20	10	8	18	<nil>
20	9	1	10	<nil>
20	9	2	11	<nil>
20	6	1	7	<nil>
20	10	0	10	<nil>
20	5	0	5	<nil>
20	12	1	13	<nil>
20	9	0	9	<nil>
20	5	6	11	<nil>
20	11	0	11	<nil>
20	8	4	12	<nil>
20	10	2	12	<nil>
20	7	5	12	<nil>
20	15	1	16	<nil>
20	5	0	5	<nil>
20	10	2	12	<nil>
20	6	7	13	<nil>
20	11	7	18	<nil>
20	11	6	17	<nil>
20	8	7	15	<nil>
20	13	8	21	<nil>
20	11	2	13	<nil>
20	13	0	13	<nil>
20	11	3	14	<nil>
20	11	2	13	<nil>
20	13	1	14	<nil>
20	8	0	8	<nil>
20	12	3	15	<nil>
20	12	1	13	<nil>
20	12	3	15	<nil>
20	11	0	11	<nil>
20	8	0	8	<nil>
20	11	3	14	<nil>
20	13	1	14	<nil>
20	5	0	5	<nil>
20	11	4	15	<nil>
20	12	1	13	<nil>
20	11	5	16	<nil>
20	13	7	20	<nil>
20	7	1	8	<nil>
20	11	7	18	<nil>
20	11	7	18	<nil>
20	4	5	9	<nil>
20	6	3	9	<nil>
20	6	3	9	<nil>
20	15	0	15	<nil>
20	13	3	16	<nil>
20	14	1	15	<nil>
20	6	9	15	<nil>
20	13	7	20	<nil>
20	15	6	21	<nil>
20	14	6	20	<nil>
20	11	7	18	<nil>
20	13	7	20	<nil>
20	13	7	20	<nil>
20	19	3	22	<nil>
20	11	0	11	<nil>
20	19	3	22	<nil>
20	19	3	22	<nil>
20	12	0	12	<nil>
20	10	0	10	<nil>
20	17	0	17	<nil>
20	18	2	20	<nil>
20	15	3	18	<nil>
20	16	3	19	<nil>
20	18	4	22	<nil>
20	24	2	26	<nil>
20	14	6	20	<nil>
20	16	5	21	<nil>
20	16	3	19	<nil>
20	26	0	26	<nil>
20	15	4	19	<nil>
20	24	3	27	<nil>
20	19	0	19	<nil>
20	20	0	20	<nil>
20	22	0	22	<nil>
20	21	9	30	<nil>
20	27	4	31	<nil>
20	19	3	22	<nil>
20	23	4	27	<nil>
20	18	3	21	<nil>
20	20	0	20	<nil>
20	13	1	14	<nil>
20	16	0	16	<nil>
20	15	0	15	<nil>
20	14	2	16	<nil>
20	18	0	18	<nil>
20	18	0	18	<nil>
20	10	8	18	<nil>
20	7	9	16	<nil>
20	15	2	17	<nil>
20	14	3	17	<nil>
20	14	3	17	<nil>
20	14	3	17	<nil>
20	19	0	19	<nil>
20	13	6	19	<nil>
20	14	4	18	<nil>
20	17	0	17	<nil>
20	20	0	20	<nil>
20	18	0	18	<nil>
20	14	4	18	<nil>
20	20	0	20	<nil>
20	8	2	10	<nil>
20	12	1	13	<nil>
20	15	1	16	<nil>
20	7	4	11	<nil>
20	17	1	18	<nil>
20	17	1	18	<nil>
20	15	1	16	<nil>
20	12	5	17	<nil>
20	16	1	17	<nil>
20	18	0	18	<nil>
20	17	2	19	<nil>
20	19	2	21	<nil>
20	17	0	17	<nil>
20	14	5	19	<nil>
20	15	6	21	<nil>
20	20	0	20	<nil>
20	15	6	21	<nil>
20	15	7	22	<nil>
20	19	1	20	<nil>
20	19	0	19	<nil>
20	23	1	24	<nil>
20	22	3	25	<nil>
20	21	3	24	<nil>
20	27	2	29	<nil>
20	24	1	25	<nil>
20	24	1	25	<nil>
20	21	4	25	<nil>
20	29	3	32	<nil>
20	25	4	29	<nil>
20	22	4	26	<nil>
20	22	4	26	<nil>
20	23	4	27	<nil>
20	22	4	26	<nil>
20	24	3	27	<nil>
20	22	3	25	<nil>
20	24	4	28	<nil>
20	24	3	27	<nil>
20	22	4	26	<nil>
20	21	4	25	<nil>
20	26	8	34	<nil>
20	13	10	23	<nil>
20	17	3	20	<nil>
20	15	4	19	<nil>
20	13	4	17	<nil>
20	19	0	19	<nil>
20	19	0	19	<nil>
20	18	7	25	<nil>
20	18	4	22	<nil>
20	11	0	11	<nil>
20	23	0	23	<nil>
20	13	5	18	<nil>
20	20	0	20	<nil>
20	17	3	20	<nil>
20	13	5	18	<nil>
20	20	0	20	<nil>
20	19	1	20	<nil>
20	18	2	20	<nil>
20	15	4	19	<nil>
20	22	0	22	<nil>
20	11	13	24	<nil>
20	15	6	21	<nil>
20	17	3	20	<nil>
20	21	1	22	<nil>
20	19	4	23	<nil>
20	19	4	23	<nil>
20	16	8	24	<nil>
20	19	5	24	<nil>
20	22	4	26	<nil>
20	21	5	26	<nil>
20	23	1	24	<nil>
20	23	1	24	<nil>
20	24	1	25	<nil>
20	16	8	24	<nil>
20	20	5	25	<nil>
20	24	1	25	<nil>
20	22	3	25	<nil>
20	20	4	24	<nil>
20	22	3	25	<nil>
20	25	0	25	<nil>
20	23	2	25	<nil>
20	20	2	22	<nil>
20	18	3	21	<nil>
20	18	2	20	<nil>
20	22	2	24	<nil>
20	16	3	19	<nil>
20	18	2	20	<nil>
20	17	4	21	<nil>
20	21	1	22	<nil>
20	23	1	24	<nil>
20	20	1	21	<nil>
20	21	0	21	<nil>
20	19	1	20	<nil>
20	20	2	22	<nil>
20	19	2	21	<nil>
20	21	0	21	<nil>
20	20	2	22	<nil>
20	20	2	22	<nil>
20	13	6	19	<nil>
20	21	0	21	<nil>
20	21	0	21	<nil>
20	14	2	16	<nil>
20	10	6	16	<nil>
20	15	5	20	<nil>
20	18	5	23	<nil>
20	16	5	21	<nil>
20	20	1	21	<nil>
20	15	5	20	<nil>
20	16	6	22	<nil>
20	21	1	22	<nil>
20	16	6	22	<nil>
20	16	7	23	<nil>
20	20	2	22	<nil>
20	19	3	22	<nil>
20	19	4	23	<nil>
20	19	4	23	<nil>
20	19	4	23	<nil>
20	20	4	24	<nil>
20	20	4	24	<nil>
20	19	5	24	<nil>
20	20	4	24	<nil>
20	16	4	20	<nil>
20	14	3	17	<nil>
20	17	1	18	<nil>
20	17	4	21	<nil>
20	20	0	20	<nil>
20	21	1	22	<nil>
20	15	4	19	<nil>
20	22	4	26	<nil>
20	20	0	20	<nil>
20	22	0	22	<nil>
20	20	2	22	<nil>
20	19	1	20	<nil>
20	21	2	23	<nil>
20	22	0	22	<nil>
20	20	2	22	<nil>
20	27	0	27	<nil>
20	23	2	25	<nil>
20	22	2	24	<nil>
20	23	2	25	<nil>
20	19	2	21	<nil>
20	10	2	12	<nil>
20	12	3	15	<nil>
20	12	3	15	<nil>
20	12	3	15	<nil>
20	13	4	17	<nil>
20	14	1	15	<nil>
20	16	1	17	<nil>
20	11	5	16	<nil>
20	15	1	16	<nil>
20	13	3	16	<nil>
20	11	5	16	<nil>
20	19	2	21	<nil>
20	17	0	17	<nil>
20	15	2	17	<nil>
20	15	2	17	<nil>
20	15	2	17	<nil>
20	15	2	17	<nil>
20	17	3	20	<nil>
20	16	2	18	<nil>
20	17	3	20	<nil>
20	17	1	18	<nil>
20	16	2	18	<nil>
20	14	4	18	<nil>
20	19	6	25	<nil>
20	20	7	27	<nil>
20	19	5	24	<nil>
20	17	7	24	<nil>
20	22	2	24	<nil>
20	23	1	24	<nil>
20	25	2	27	<nil>
20	25	1	26	<nil>
20	17	7	24	<nil>
20	22	2	24	<nil>
20	16	9	25	<nil>
20	22	3	25	<nil>
20	22	3	25	<nil>
20	22	3	25	<nil>
20	22	3	25	<nil>
20	22	3	25	<nil>
20	23	3	26	<nil>
20	16	4	20	<nil>
20	19	2	21	<nil>
20	17	3	20	<nil>
20	14	6	20	<nil>
20	18	3	21	<nil>
20	18	4	22	<nil>
20	16	4	20	<nil>
20	17	4	21	<nil>
20	19	3	22	<nil>
20	21	2	23	<nil>
20	21	2	23	<nil>
20	29	0	29	<nil>
20	22	3	25	<nil>
20	17	5	22	<nil>
20	18	4	22	<nil>
20	22	1	23	<nil>
20	20	1	21	<nil>
20	22	1	23	<nil>
20	20	1	21	<nil>
20	21	4	25	<nil>
20	15	5	20	<nil>
20	15	5	20	<nil>
20	18	5	23	<nil>
20	19	2	21	<nil>
20	19	2	21	<nil>
20	22	1	23	<nil>
20	20	0	20	<nil>
20	19	2	21	<nil>
20	21	0	21	<nil>
20	16	6	22	<nil>
20	21	2	23	<nil>
20	20	2	22	<nil>
20	21	3	24	<nil>
20	19	2	21	<nil>
20	15	6	21	<nil>
20	21	0	21	<nil>
20	20	1	21	<nil>
20	22	0	22	<nil>
20	22	0	22	<nil>
20	23	0	23	<nil>
20	20	4	24	<nil>
20	26	0	26	<nil>
20	24	1	25	<nil>
20	23	2	25	<nil>
20	16	10	26	<nil>
20	25	0	25	<nil>
20	24	2	26	<nil>
20	25	0	25	<nil>
20	26	0	26	<nil>
20	27	0	27	<nil>
20	24	2	26	<nil>
20	26	0	26	<nil>
20	26	0	26	<nil>
20	24	2	26	<nil>
20	24	3	27	<nil>
20	26	0	26	<nil>
20	24	3	27	<nil>
20	24	3	27	<nil>
20	28	0	28	<nil>
20	29	0	29	<nil>
20	25	1	26	<nil>
20	27	1	28	<nil>
20	18	8	26	<nil>
20	25	2	27	<nil>
20	22	5	27	<nil>
20	26	2	28	<nil>
20	30	0	30	<nil>
20	26	2	28	<nil>
20	27	1	28	<nil>
20	28	0	28	<nil>
20	27	2	29	<nil>
20	29	0	29	<nil>
20	28	0	28	<nil>
20	28	1	29	<nil>
20	27	2	29	<nil>
20	29	1	30	<nil>
20	26	2	28	<nil>
20	28	2	30	<nil>
20	29	1	30	<nil>
20	29	0	29	<nil>
20	15	3	18	<nil>
20	15	2	17	<nil>
20	16	3	19	<nil>
20	18	3	21	<nil>
20	20	0	20	<nil>
20	17	3	20	<nil>
20	16	3	19	<nil>
20	19	0	19	<nil>
20	16	3	19	<nil>
20	16	3	19	<nil>
20	18	1	19	<nil>
20	20	3	23	<nil>
20	18	6	24	<nil>
20	19	6	25	<nil>
20	18	6	24	<nil>
20	18	6	24	<nil>
20	21	3	24	<nil>
20	18	6	24	<nil>
20	19	7	26	<nil>
20	18	7	25	<nil>
20	6	4	10	<nil>
20	6	4	10	<nil>
20	7	5	12	<nil>
20	5	5	10	<nil>
20	7	6	13	<nil>
20	6	7	13	<nil>
20	8	2	10	<nil>
20	8	1	9	<nil>
20	8	1	9	<nil>
20	8	1	9	<nil>
20	10	3	13	<nil>
20	8	1	9	<nil>
20	11	3	14	<nil>
20	11	2	13	<nil>
20	10	4	14	<nil>
20	11	4	15	<nil>
20	9	1	10	<nil>
20	9	3	12	<nil>
20	11	11	22	<nil>
20	13	16	29	<nil>
20	20	3	23	<nil>
20	19	4	23	<nil>
20	13	10	23	<nil>
20	22	3	25	<nil>
20	18	9	27	<nil>
20	22	3	25	<nil>
20	16	9	25	<nil>
20	18	4	22	<nil>
20	10	2	12	<nil>
20	19	4	23	<nil>
20	18	5	23	<nil>
20	18	5	23	<nil>
20	16	7	23	<nil>
20	20	3	23	<nil>
20	19	5	24	<nil>
20	16	6	22	<nil>
20	18	5	23	<nil>
20	15	6	21	<nil>
20	18	5	23	<nil>
20	3	2	5	<nil>
20	7	5	12	<nil>
20	8	5	13	<nil>
20	7	5	12	<nil>
20	4	8	12	<nil>
20	8	8	16	<nil>
20	8	8	16	<nil>
20	7	9	16	<nil>
20	12	1	13	<nil>
20	10	4	14	<nil>
20	12	1	13	<nil>
20	14	0	14	<nil>
20	13	0	13	<nil>
20	12	2	14	<nil>
20	13	4	17	<nil>
20	13	6	19	<nil>
20	13	6	19	<nil>
20	13	10	23	<nil>
20	13	17	30	<nil>
20	12	17	29	<nil>
20	13	17	30	<nil>
20	26	8	34	<nil>
20	23	4	27	<nil>
20	23	10	33	<nil>
20	22	10	32	<nil>
20	29	4	33	<nil>
20	21	7	28	<nil>
20	27	9	36	<nil>
20	17	18	35	<nil>
20	21	14	35	<nil>
20	19	18	37	<nil>
20	17	19	36	<nil>
20	13	5	18	<nil>
20	18	2	20	<nil>
20	30	7	37	<nil>
20	23	9	32	<nil>
20	22	11	33	<nil>
20	39	4	43	<nil>
20	19	11	30	<nil>
20	32	16	48	<nil>
20	32	23	55	<nil>
20	17	22	39	<nil>
20	29	14	43	<nil>
20	32	9	41	<nil>
20	26	14	40	<nil>
20	37	7	44	<nil>
20	36	4	40	<nil>
20	27	1	28	<nil>
20	32	2	34	<nil>
20	42	2	44	<nil>
20	31	7	38	<nil>
20	36	2	38	<nil>
20	36	2	38	<nil>
20	26	18	44	<nil>
20	33	2	35	<nil>
20	33	3	36	<nil>
20	29	0	29	<nil>
20	30	4	34	<nil>
20	18	2	20	<nil>
20	37	4	41	<nil>
20	20	5	25	<nil>
20	26	2	28	<nil>
20	24	3	27	<nil>
20	25	1	26	<nil>
20	24	5	29	<nil>
20	24	4	28	<nil>
20	25	2	27	<nil>
20	24	5	29	<nil>
20	30	5	35	<nil>
20	29	2	31	<nil>
20	29	2	31	<nil>
20	33	2	35	<nil>
20	29	2	31	<nil>
20	32	2	34	<nil>
20	32	13	45	<nil>
20	31	13	44	<nil>
20	32	11	43	<nil>
20	30	15	45	<nil>
20	28	15	43	<nil>
20	30	13	43	<nil>
20	27	5	32	<nil>
20	30	2	32	<nil>
20	31	3	34	<nil>
20	33	2	35	<nil>
20	27	3	30	<nil>
20	28	3	31	<nil>
20	30	2	32	<nil>
20	28	2	30	<nil>
20	29	4	33	<nil>
20	19	0	19	<nil>
20	32	4	36	<nil>
20	31	4	35	<nil>
20	16	2	18	<nil>
20	17	2	19	<nil>
20	18	2	20	<nil>
20	35	2	37	<nil>
20	20	1	21	<nil>
20	19	2	21	<nil>
20	33	2	35	<nil>
20	39	1	40	<nil>
20	2	13	15	<nil>
20	13	3	16	<nil>
20	12	8	20	<nil>
20	14	3	17	<nil>
20	15	3	18	<nil>
20	12	3	15	<nil>
20	15	2	17	<nil>
20	20	0	20	<nil>
20	20	0	20	<nil>
20	16	1	17	<nil>
20	15	1	16	<nil>
20	15	1	16	<nil>
20	11	10	21	<nil>
20	17	6	23	<nil>
20	22	1	23	<nil>
20	15	5	20	<nil>
20	17	5	22	<nil>
20	18	6	24	<nil>
20	24	6	30	<nil>
20	17	7	24	<nil>
20	11	12	23	<nil>
20	13	15	28	<nil>
20	20	7	27	<nil>
20	18	11	29	<nil>
20	10	15	25	<nil>
20	13	10	23	<nil>
20	18	5	23	<nil>
20	24	6	30	<nil>
20	19	8	27	<nil>
20	21	7	28	<nil>
20	17	2	19	<nil>
20	26	7	33	<nil>
20	24	9	33	<nil>
20	19	0	19	<nil>
20	18	10	28	<nil>
20	19	1	20	<nil>
20	18	11	29	<nil>
20	24	9	33	<nil>
20	31	1	32	<nil>
20	20	12	32	<nil>
20	23	4	27	<nil>
20	24	2	26	<nil>
20	26	2	28	<nil>
20	29	2	31	<nil>
20	21	2	23	<nil>
20	23	9	32	<nil>
20	34	0	34	<nil>
20	33	1	34	<nil>
20	32	1	33	<nil>
20	26	8	34	<nil>
20	25	7	32	<nil>
20	31	6	37	<nil>
20	27	7	34	<nil>
20	32	3	35	<nil>
20	34	4	38	<nil>
20	35	2	37	<nil>
20	34	1	35	<nil>
20	33	1	34	<nil>
20	32	4	36	<nil>
20	33	0	33	<nil>
20	21	7	28	<nil>
20	32	2	34	<nil>
20	25	8	33	<nil>
20	26	7	33	<nil>
20	26	8	34	<nil>
20	27	8	35	<nil>
20	34	8	42	<nil>
20	27	8	35	<nil>
20	34	1	35	<nil>
20	31	5	36	<nil>
20	35	0	35	<nil>
20	45	1	46	<nil>
20	38	3	41	<nil>
20	33	10	43	<nil>
20	36	3	39	<nil>
20	27	9	36	<nil>
20	26	10	36	<nil>
20	36	4	40	<nil>
20	27	11	38	<nil>
20	37	0	37	<nil>
20	27	3	30	<nil>
20	25	4	29	<nil>
20	30	3	33	<nil>
20	29	3	32	<nil>
20	31	3	34	<nil>
20	29	4	33	<nil>
20	33	2	35	<nil>
20	33	1	34	<nil>
20	35	2	37	<nil>
20	33	1	34	<nil>
20	33	1	34	<nil>
20	28	7	35	<nil>
20	33	2	35	<nil>
20	35	0	35	<nil>
20	31	5	36	<nil>
20	40	1	41	<nil>
20	33	2	35	<nil>
20	33	2	35	<nil>
20	33	2	35	<nil>
20	33	3	36	<nil>
20	28	5	33	<nil>
20	29	5	34	<nil>
20	33	4	37	<nil>
20	34	0	34	<nil>
20	31	5	36	<nil>
20	34	0	34	<nil>
20	34	0	34	<nil>
20	28	6	34	<nil>
20	29	6	35	<nil>
20	35	2	37	<nil>
20	33	1	34	<nil>
20	34	3	37	<nil>
20	35	1	36	<nil>
20	32	3	35	<nil>
20	32	4	36	<nil>
20	36	1	37	<nil>
20	31	5	36	<nil>
20	33	4	37	<nil>
20	35	1	36	<nil>
20	29	8	37	<nil>
20	33	3	36	<nil>
20	35	3	38	<nil>
20	31	9	40	<nil>
20	34	6	40	<nil>
20	32	9	41	<nil>
20	36	5	41	<nil>
20	32	7	39	<nil>
20	38	2	40	<nil>
20	36	5	41	<nil>
20	33	9	42	<nil>
20	37	2	39	<nil>
20	33	10	43	<nil>
20	30	11	41	<nil>
20	33	11	44	<nil>
20	32	12	44	<nil>
20	37	5	42	<nil>
20	42	0	42	<nil>
20	44	0	44	<nil>
20	37	4	41	<nil>
20	39	4	43	<nil>
20	29	6	35	<nil>
20	22	10	32	<nil>
20	29	8	37	<nil>
20	27	9	36	<nil>
20	35	0	35	<nil>
20	30	9	39	<nil>
20	35	0	35	<nil>
20	24	10	34	<nil>
20	33	2	35	<nil>
20	27	8	35	<nil>
20	32	2	34	<nil>
20	31	2	33	<nil>
20	28	10	38	<nil>
20	31	3	34	<nil>
20	28	8	36	<nil>
20	34	3	37	<nil>
20	34	3	37	<nil>
20	31	4	35	<nil>
20	35	0	35	<nil>
20	33	10	43	<nil>
20	41	5	46	<nil>
20	36	8	44	<nil>
20	40	7	47	<nil>
20	40	5	45	<nil>
20	40	9	49	<nil>
20	46	5	51	<nil>
20	39	10	49	<nil>
20	43	8	51	<nil>
20	44	7	51	<nil>
20	41	12	53	<nil>
20	41	9	50	<nil>
20	43	12	55	<nil>
20	39	12	51	<nil>
20	42	16	58	<nil>
20	44	16	60	<nil>
20	45	15	60	<nil>
20	43	16	59	<nil>
20	42	21	63	<nil>
20	52	16	68	<nil>
20	59	15	74	<nil>
20	22	12	34	<nil>
20	25	5	30	<nil>
20	28	3	31	<nil>
20	23	9	32	<nil>
20	25	4	29	<nil>
20	35	3	38	<nil>
20	32	3	35	<nil>
20	32	5	37	<nil>
20	27	8	35	<nil>
20	32	1	33	<nil>
20	24	2	26	<nil>
20	20	4	24	<nil>
20	23	5	28	<nil>
20	31	7	38	<nil>
20	23	4	27	<nil>
20	24	5	29	<nil>
20	19	8	27	<nil>
20	15	13	28	<nil>
20	20	13	33	<nil>
20	8	15	23	<nil>
20	14	13	27	<nil>
20	14	13	27	<nil>
20	15	13	28	<nil>
20	20	4	24	<nil>
20	14	14	28	<nil>
20	19	4	23	<nil>
20	20	4	24	<nil>
20	23	7	30	<nil>
20	25	7	32	<nil>
20	28	1	29	<nil>
20	21	4	25	<nil>
20	28	1	29	<nil>
20	21	6	27	<nil>
20	28	4	32	<nil>
20	24	5	29	<nil>
20	13	7	20	<nil>
20	15	10	25	<nil>
20	26	9	35	<nil>
20	13	18	31	<nil>
20	13	19	32	<nil>
20	12	23	35	<nil>
20	26	8	34	<nil>
20	29	7	36	<nil>
20	19	0	19	<nil>
20	16	20	36	<nil>
20	28	9	37	<nil>
20	19	1	20	<nil>
20	16	21	37	<nil>
20	33	1	34	<nil>
20	33	6	39	<nil>
20	17	22	39	<nil>
20	32	3	35	<nil>
20	21	7	28	<nil>
20	19	23	42	<nil>
20	41	1	42	<nil>
20	28	3	31	<nil>
20	41	3	44	<nil>
20	35	1	36	<nil>
20	37	2	39	<nil>
20	33	5	38	<nil>
20	39	4	43	<nil>
20	32	5	37	<nil>
20	33	4	37	<nil>
20	33	5	38	<nil>
20	23	17	40	<nil>
20	31	10	41	<nil>
20	39	7	46	<nil>
20	34	9	43	<nil>
20	44	2	46	<nil>
20	44	3	47	<nil>
20	48	3	51	<nil>
20	43	1	44	<nil>
20	45	4	49	<nil>
20	41	5	46	<nil>
20	50	0	50	<nil>
20	41	4	45	<nil>
20	41	4	45	<nil>
20	48	2	50	<nil>
20	36	11	47	<nil>
20	43	5	48	<nil>
20	28	2	30	<nil>
20	24	4	28	<nil>
20	24	7	31	<nil>
20	29	7	36	<nil>
20	32	1	33	<nil>
20	33	1	34	<nil>
20	35	2	37	<nil>
20	33	2	35	<nil>
20	33	2	35	<nil>
20	30	9	39	<nil>
20	32	4	36	<nil>
20	25	11	36	<nil>
20	34	7	41	<nil>
20	35	2	37	<nil>
20	36	3	39	<nil>
20	33	2	35	<nil>
20	33	3	36	<nil>
20	39	3	42	<nil>
20	32	3	35	<nil>
20	39	5	44	<nil>
20	21	2	23	<nil>
20	27	4	31	<nil>
20	22	5	27	<nil>
20	28	6	34	<nil>
20	22	6	28	<nil>
20	22	6	28	<nil>
20	25	6	31	<nil>
20	23	6	29	<nil>
20	22	6	28	<nil>
20	24	6	30	<nil>
20	26	6	32	<nil>
20	30	6	36	<nil>
20	26	4	30	<nil>
20	22	7	29	<nil>
20	26	3	29	<nil>
20	26	4	30	<nil>
20	26	4	30	<nil>
20	27	4	31	<nil>
20	27	5	32	<nil>
20	29	3	32	<nil>
20	26	6	32	<nil>
20	27	5	32	<nil>
20	26	6	32	<nil>
20	26	6	32	<nil>
20	32	1	33	<nil>
20	24	7	31	<nil>
20	35	1	36	<nil>
20	27	6	33	<nil>
20	26	8	34	<nil>
20	34	0	34	<nil>
20	34	3	37	<nil>
20	30	3	33	<nil>
20	33	1	34	<nil>
20	25	10	35	<nil>
20	33	4	37	<nil>
20	32	4	36	<nil>
20	31	4	35	<nil>
20	33	4	37	<nil>
20	32	4	36	<nil>
20	31	5	36	<nil>
20	22	4	26	<nil>
20	25	5	30	<nil>
20	25	5	30	<nil>
20	25	6	31	<nil>
20	22	6	28	<nil>
20	21	6	27	<nil>
20	23	5	28	<nil>
20	25	7	32	<nil>
20	23	8	31	<nil>
20	31	2	33	<nil>
20	30	3	33	<nil>
20	34	0	34	<nil>
20	30	0	30	<nil>
20	34	1	35	<nil>
20	33	1	34	<nil>
20	34	1	35	<nil>
20	31	1	32	<nil>
20	29	2	31	<nil>
20	30	1	31	<nil>
20	32	0	32	<nil>
20	22	4	26	<nil>
20	35	1	36	<nil>
20	31	6	37	<nil>
20	30	6	36	<nil>
20	33	2	35	<nil>
20	24	8	32	<nil>
20	26	6	32	<nil>
20	26	6	32	<nil>
20	30	2	32	<nil>
20	30	2	32	<nil>
20	28	6	34	<nil>
20	26	2	28	<nil>
20	31	3	34	<nil>
20	32	2	34	<nil>
20	26	7	33	<nil>
20	34	2	36	<nil>
20	30	3	33	<nil>
20	37	0	37	<nil>
20	33	0	33	<nil>
20	33	0	33	<nil>
20	22	6	28	<nil>
20	25	4	29	<nil>
20	26	3	29	<nil>
20	28	2	30	<nil>
20	25	5	30	<nil>
20	26	5	31	<nil>
20	25	6	31	<nil>
20	32	3	35	<nil>
20	29	2	31	<nil>
20	27	3	30	<nil>
20	28	4	32	<nil>
20	29	3	32	<nil>
20	25	12	37	<nil>
20	26	11	37	<nil>
20	25	12	37	<nil>
20	28	9	37	<nil>
20	29	9	38	<nil>
20	26	14	40	<nil>
20	29	36	65	<nil>
20	29	37	66	<nil>
20	36	10	46	<nil>
20	38	10	48	<nil>
20	40	10	50	<nil>
20	36	11	47	<nil>
20	36	10	46	<nil>
20	36	10	46	<nil>
20	36	11	47	<nil>
20	40	9	49	<nil>
20	34	10	44	<nil>
20	37	15	52	<nil>
20	32	7	39	<nil>
20	36	14	50	<nil>
20	35	14	49	<nil>
20	29	18	47	<nil>
20	33	27	60	<nil>
20	34	32	66	<nil>
20	25	32	57	<nil>
20	33	32	65	<nil>
20	13	34	47	<nil>
20	12	34	46	<nil>
20	24	15	39	<nil>
20	33	5	38	<nil>
20	23	16	39	<nil>
20	23	15	38	<nil>
20	33	5	38	<nil>
20	28	9	37	<nil>
20	33	5	38	<nil>
20	39	12	51	<nil>
20	28	12	40	<nil>
20	27	13	40	<nil>
20	36	25	61	<nil>
20	18	21	39	<nil>
20	12	17	29	<nil>
20	22	24	46	<nil>
20	25	26	51	<nil>
20	25	21	46	<nil>
20	24	2	26	<nil>
20	20	16	36	<nil>
20	24	3	27	<nil>
20	26	2	28	<nil>
20	29	2	31	<nil>
20	19	16	35	<nil>
20	29	4	33	<nil>
20	24	3	27	<nil>
20	19	0	19	<nil>
20	28	1	29	<nil>
20	29	1	30	<nil>
20	19	0	19	<nil>
20	20	10	30	<nil>
20	31	9	40	<nil>
20	41	4	45	<nil>
20	40	5	45	<nil>
20	38	4	42	<nil>
20	39	1	40	<nil>
20	37	7	44	<nil>
20	29	1	30	<nil>
20	40	0	40	<nil>
20	43	1	44	<nil>
20	40	1	41	<nil>
20	41	1	42	<nil>
20	39	1	40	<nil>
20	41	1	42	<nil>
20	35	10	45	<nil>
20	39	1	40	<nil>
20	43	7	50	<nil>
20	43	9	52	<nil>
20	45	1	46	<nil>
20	42	10	52	<nil>
20	28	4	32	<nil>
20	39	1	40	<nil>
20	35	2	37	<nil>
20	39	1	40	<nil>
20	31	9	40	<nil>
20	40	1	41	<nil>
20	36	4	40	<nil>
20	47	0	47	<nil>
20	42	1	43	<nil>
20	42	1	43	<nil>
20	40	4	44	<nil>
20	44	0	44	<nil>
20	40	5	45	<nil>
20	42	2	44	<nil>
20	45	1	46	<nil>
20	43	2	45	<nil>
20	44	1	45	<nil>
20	45	2	47	<nil>
20	42	6	48	<nil>
20	49	1	50	<nil>
20	36	7	43	<nil>
20	45	7	52	<nil>
20	29	7	36	<nil>
20	37	7	44	<nil>
20	39	8	47	<nil>
20	36	8	44	<nil>
20	35	10	45	<nil>
20	39	10	49	<nil>
20	43	3	46	<nil>
20	37	8	45	<nil>
20	34	11	45	<nil>
20	42	9	51	<nil>
20	53	2	55	<nil>
20	47	2	49	<nil>
20	39	12	51	<nil>
20	42	5	47	<nil>
20	48	4	52	<nil>
20	36	13	49	<nil>
20	40	7	47	<nil>
20	40	8	48	<nil>
20	46	4	50	<nil>
20	39	10	49	<nil>
20	37	6	43	<nil>
20	51	6	57	<nil>
20	37	8	45	<nil>
20	47	1	48	<nil>
20	41	11	52	<nil>
20	36	9	45	<nil>
20	44	3	47	<nil>
20	43	6	49	<nil>
20	39	9	48	<nil>
20	48	3	51	<nil>
20	47	4	51	<nil>
20	47	3	50	<nil>
20	45	5	50	<nil>
20	42	7	49	<nil>
20	40	8	48	<nil>
20	41	7	48	<nil>
20	45	4	49	<nil>
20	46	4	50	<nil>
20	48	4	52	<nil>
20	49	5	54	<nil>
20	29	7	36	<nil>
20	34	4	38	<nil>
20	37	4	41	<nil>
20	33	5	38	<nil>
20	37	5	42	<nil>
20	38	1	39	<nil>
20	35	5	40	<nil>
20	36	5	41	<nil>
20	39	2	41	<nil>
20	39	1	40	<nil>
20	39	6	45	<nil>
20	39	1	40	<nil>
20	38	3	41	<nil>
20	40	3	43	<nil>
20	40	3	43	<nil>
20	39	3	42	<nil>
20	41	3	44	<nil>
20	38	3	41	<nil>
20	39	3	42	<nil>
20	43	1	44	<nil>
20	28	3	31	<nil>
20	29	3	32	<nil>
20	30	3	33	<nil>
20	30	4	34	<nil>
20	33	1	34	<nil>
20	30	3	33	<nil>
20	32	2	34	<nil>
20	35	1	36	<nil>
20	28	5	33	<nil>
20	32	3	35	<nil>
20	33	1	34	<nil>
20	28	0	28	<nil>
20	29	6	35	<nil>
20	29	6	35	<nil>
20	33	1	34	<nil>
20	32	12	44	<nil>
20	32	4	36	<nil>
20	31	4	35	<nil>
20	32	12	44	<nil>
20	33	28	61	<nil>
20	27	12	39	<nil>
20	29	12	41	<nil>
20	27	12	39	<nil>
20	26	14	40	<nil>
20	26	12	38	<nil>
20	35	3	38	<nil>
20	36	6	42	<nil>
20	35	6	41	<nil>
20	27	4	31	<nil>
20	37	7	44	<nil>
20	38	5	43	<nil>
20	28	6	34	<nil>
20	29	3	32	<nil>
20	30	11	41	<nil>
20	30	14	44	<nil>
20	28	15	43	<nil>
20	13	13	26	<nil>
20	36	16	52	<nil>
20	34	15	49	<nil>
20	38	14	52	<nil>
20	29	5	34	<nil>
20	30	5	35	<nil>
20	30	5	35	<nil>
20	30	3	33	<nil>
20	30	3	33	<nil>
20	28	5	33	<nil>
20	30	4	34	<nil>
20	31	6	37	<nil>
20	32	5	37	<nil>
20	19	4	23	<nil>
20	30	3	33	<nil>
20	32	7	39	<nil>
20	21	7	28	<nil>
20	20	10	30	<nil>
20	20	13	33	<nil>
20	22	15	37	<nil>
20	20	27	47	<nil>
20	28	27	55	<nil>
20	33	29	62	<nil>
20	18	30	48	<nil>
20	29	5	34	<nil>
20	27	4	31	<nil>
20	31	4	35	<nil>
20	25	5	30	<nil>
20	25	4	29	<nil>
20	28	4	32	<nil>
20	29	4	33	<nil>
20	30	8	38	<nil>
20	29	5	34	<nil>
20	21	13	34	<nil>
20	33	13	46	<nil>
20	29	13	42	<nil>
20	17	13	30	<nil>
20	16	13	29	<nil>
20	19	25	44	<nil>
20	38	18	56	<nil>
20	12	16	28	<nil>
20	19	18	37	<nil>
20	18	17	35	<nil>
20	18	21	39	<nil>
20	23	7	30	<nil>
20	21	10	31	<nil>
20	21	9	30	<nil>
20	19	10	29	<nil>
20	21	11	32	<nil>
20	25	8	33	<nil>
20	22	8	30	<nil>
20	24	15	39	<nil>
20	24	14	38	<nil>
20	24	14	38	<nil>
20	21	13	34	<nil>
20	21	15	36	<nil>
20	20	16	36	<nil>
20	21	15	36	<nil>
20	13	16	29	<nil>
20	13	20	33	<nil>
20	12	20	32	<nil>
20	11	9	20	<nil>
20	14	13	27	<nil>
20	19	11	30	<nil>
20	18	12	30	<nil>
20	16	11	27	<nil>
20	24	13	37	<nil>
20	20	13	33	<nil>
20	23	13	36	<nil>
20	13	25	38	<nil>
20	29	16	45	<nil>
20	17	21	38	<nil>
20	18	14	32	<nil>
20	16	23	39	<nil>
20	18	17	35	<nil>
20	22	14	36	<nil>
20	18	22	40	<nil>
20	16	15	31	<nil>
20	23	8	31	<nil>
20	20	15	35	<nil>
20	22	15	37	<nil>
20	19	12	31	<nil>
20	26	9	35	<nil>
20	24	12	36	<nil>
20	21	19	40	<nil>
20	30	16	46	<nil>
20	20	8	28	<nil>
20	20	0	20	<nil>
20	25	5	30	<nil>
20	20	2	22	<nil>
20	17	9	26	<nil>
20	14	12	26	<nil>
20	19	2	21	<nil>
20	20	1	21	<nil>
20	21	3	24	<nil>
20	17	10	27	<nil>
20	18	8	26	<nil>
20	10	0	10	<nil>
20	22	1	23	<nil>
20	27	11	38	<nil>
20	22	1	23	<nil>
20	21	22	43	<nil>
20	34	1	35	<nil>
20	33	3	36	<nil>
20	30	3	33	<nil>
20	25	7	32	<nil>
20	34	1	35	<nil>
20	30	3	33	<nil>
20	30	4	34	<nil>
20	35	0	35	<nil>
20	34	1	35	<nil>
20	35	1	36	<nil>
20	34	1	35	<nil>
20	34	1	35	<nil>
20	33	3	36	<nil>
20	34	1	35	<nil>
20	38	0	38	<nil>
20	35	0	35	<nil>
20	33	2	35	<nil>
20	34	1	35	<nil>
20	34	2	36	<nil>
20	35	1	36	<nil>
20	38	2	40	<nil>
20	44	1	45	<nil>
20	36	4	40	<nil>
20	41	2	43	<nil>
20	34	8	42	<nil>
20	39	6	45	<nil>
20	40	2	42	<nil>
20	40	3	43	<nil>
20	40	3	43	<nil>
20	43	1	44	<nil>
20	43	0	43	<nil>
20	41	3	44	<nil>
20	45	1	46	<nil>
20	41	2	43	<nil>
20	44	0	44	<nil>
20	42	3	45	<nil>
20	41	3	44	<nil>
20	42	2	44	<nil>
20	44	0	44	<nil>
20	44	0	44	<nil>
20	29	5	34	<nil>
20	32	3	35	<nil>
20	28	8	36	<nil>
20	30	5	35	<nil>
20	31	5	36	<nil>
20	30	6	36	<nil>
20	39	0	39	<nil>
20	38	1	39	<nil>
20	36	3	39	<nil>
20	35	2	37	<nil>
20	36	4	40	<nil>
20	36	2	38	<nil>
20	36	3	39	<nil>
20	35	4	39	<nil>
20	38	0	38	<nil>
20	36	3	39	<nil>
20	28	6	34	<nil>
20	40	2	42	<nil>
20	38	1	39	<nil>
20	36	3	39	<nil>
20	29	9	38	<nil>
20	35	4	39	<nil>
20	32	9	41	<nil>
20	39	1	40	<nil>
20	38	1	39	<nil>
20	38	3	41	<nil>
20	38	3	41	<nil>
20	40	2	42	<nil>
20	39	3	42	<nil>
20	41	4	45	<nil>
20	39	3	42	<nil>
20	38	4	42	<nil>
20	40	3	43	<nil>
20	38	4	42	<nil>
20	40	2	42	<nil>
20	42	0	42	<nil>
20	32	8	40	<nil>
20	38	4	42	<nil>
20	38	3	41	<nil>
20	42	0	42	<nil>
20	24	1	25	<nil>
20	21	4	25	<nil>
20	23	1	24	<nil>
20	19	4	23	<nil>
20	23	1	24	<nil>
20	22	5	27	<nil>
20	26	2	28	<nil>
20	24	2	26	<nil>
20	25	0	25	<nil>
20	25	0	25	<nil>
20	25	1	26	<nil>
20	24	1	25	<nil>
20	24	1	25	<nil>
20	25	0	25	<nil>
20	24	2	26	<nil>
20	25	1	26	<nil>
20	25	0	25	<nil>
20	15	1	16	<nil>
20	25	0	25	<nil>
20	24	2	26	<nil>
20	15	5	20	<nil>
20	15	6	21	<nil>
20	19	2	21	<nil>
20	21	4	25	<nil>
20	23	2	25	<nil>
20	24	1	25	<nil>
20	24	0	24	<nil>
20	24	1	25	<nil>
20	24	0	24	<nil>
20	20	5	25	<nil>
20	24	1	25	<nil>
20	25	1	26	<nil>
20	24	1	25	<nil>
20	18	0	18	<nil>
20	23	2	25	<nil>
20	26	0	26	<nil>
20	25	0	25	<nil>
20	25	0	25	<nil>
20	27	0	27	<nil>
20	25	0	25	<nil>
20	17	2	19	<nil>
20	17	3	20	<nil>
20	22	4	26	<nil>
20	11	13	24	<nil>
20	25	1	26	<nil>
20	25	3	28	<nil>
20	24	4	28	<nil>
20	24	14	38	<nil>
20	23	14	37	<nil>
20	22	15	37	<nil>
20	24	15	39	<nil>
20	26	14	40	<nil>
20	27	10	37	<nil>
20	26	11	37	<nil>
20	27	11	38	<nil>
20	24	15	39	<nil>
20	22	15	37	<nil>
20	27	14	41	<nil>
20	24	25	49	<nil>
20	27	21	48	<nil>
20	18	16	34	<nil>
20	19	15	34	<nil>
20	19	9	28	<nil>
20	23	9	32	<nil>
20	22	9	31	<nil>
20	24	7	31	<nil>
20	24	7	31	<nil>
20	18	8	26	<nil>
20	18	8	26	<nil>
20	17	8	25	<nil>
20	19	9	28	<nil>
20	18	16	34	<nil>
20	19	16	35	<nil>
20	19	23	42	<nil>
20	19	23	42	<nil>
20	19	23	42	<nil>
20	18	23	41	<nil>
20	9	22	31	<nil>
20	11	21	32	<nil>
20	11	21	32	<nil>
20	24	4	28	<nil>
20	17	11	28	<nil>
20	18	11	29	<nil>
20	17	10	27	<nil>
20	17	10	27	<nil>
20	17	10	27	<nil>
20	14	4	18	<nil>
20	16	3	19	<nil>
20	11	10	21	<nil>
20	18	13	31	<nil>
20	12	10	22	<nil>
20	18	11	29	<nil>
20	15	13	28	<nil>
20	20	13	33	<nil>
20	28	3	31	<nil>
20	32	5	37	<nil>
20	30	6	36	<nil>
20	28	3	31	<nil>
20	27	5	32	<nil>
20	33	3	36	<nil>
20	28	4	32	<nil>
20	27	5	32	<nil>
20	19	2	21	<nil>
20	26	9	35	<nil>
20	33	6	39	<nil>
20	33	6	39	<nil>
20	30	5	35	<nil>
20	21	6	27	<nil>
20	19	6	25	<nil>
20	19	13	32	<nil>
20	22	10	32	<nil>
20	19	13	32	<nil>
20	18	19	37	<nil>
20	34	5	39	<nil>
20	38	3	41	<nil>
20	34	6	40	<nil>
20	37	5	42	<nil>
20	39	2	41	<nil>
20	34	5	39	<nil>
20	40	2	42	<nil>
20	44	2	46	<nil>
20	41	4	45	<nil>
20	41	3	44	<nil>
20	41	5	46	<nil>
20	26	7	33	<nil>
20	31	10	41	<nil>
20	43	11	54	<nil>
20	27	10	37	<nil>
20	43	10	53	<nil>
20	41	13	54	<nil>
20	35	11	46	<nil>
20	27	27	54	<nil>
20	18	28	46	<nil>
20	28	17	45	<nil>
20	36	11	47	<nil>
20	29	18	47	<nil>
20	26	20	46	<nil>
20	29	20	49	<nil>
20	26	11	37	<nil>
20	34	17	51	<nil>
20	34	14	48	<nil>
20	35	14	49	<nil>
20	36	19	55	<nil>
20	26	19	45	<nil>
20	29	27	56	<nil>
20	33	27	60	<nil>
20	37	29	66	<nil>
20	30	32	62	<nil>
20	28	40	68	<nil>
20	21	32	53	<nil>
20	21	32	53	<nil>
20	35	34	69	<nil>
20	14	18	32	<nil>
20	26	43	69	<nil>
20	30	11	41	<nil>
20	32	15	47	<nil>
20	32	16	48	<nil>
20	35	20	55	<nil>
20	38	20	58	<nil>
20	25	18	43	<nil>
20	30	18	48	<nil>
20	30	20	50	<nil>
20	25	19	44	<nil>
20	29	20	49	<nil>
20	24	16	40	<nil>
20	26	17	43	<nil>
20	24	13	37	<nil>
20	26	17	43	<nil>
20	27	4	31	<nil>
20	29	4	33	<nil>
20	26	10	36	<nil>
20	26	10	36	<nil>
20	26	11	37	<nil>
20	28	10	38	<nil>
20	17	20	37	<nil>
20	21	20	41	<nil>
20	15	22	37	<nil>
20	23	12	35	<nil>
20	28	13	41	<nil>
20	32	4	36	<nil>
20	28	12	40	<nil>
20	38	6	44	<nil>
20	40	5	45	<nil>
20	39	5	44	<nil>
20	38	5	43	<nil>
20	39	11	50	<nil>
20	27	21	48	<nil>
20	33	25	58	<nil>
20	26	25	51	<nil>
20	26	25	51	<nil>
20	35	25	60	<nil>
20	27	25	52	<nil>
20	26	25	51	<nil>
20	14	27	41	<nil>
20	26	30	56	<nil>
20	15	27	42	<nil>
20	14	28	42	<nil>
20	25	14	39	<nil>
20	22	20	42	<nil>
20	27	15	42	<nil>
20	27	15	42	<nil>
20	29	18	47	<nil>
20	28	25	53	<nil>
20	31	19	50	<nil>
20	19	16	35	<nil>
20	28	18	46	<nil>
20	38	20	58	<nil>
20	28	9	37	<nil>
20	29	9	38	<nil>
20	19	19	38	<nil>
20	34	5	39	<nil>
20	37	4	41	<nil>
20	31	5	36	<nil>
20	25	5	30	<nil>
20	34	5	39	<nil>
20	32	7	39	<nil>
20	31	5	36	<nil>
20	18	6	24	<nil>
20	20	5	25	<nil>
20	21	5	26	<nil>
20	19	22	41	<nil>
20	8	29	37	<nil>
20	24	20	44	<nil>
20	19	17	36	<nil>
20	37	7	44	<nil>
20	34	8	42	<nil>
20	35	10	45	<nil>
20	30	9	39	<nil>
20	36	13	49	<nil>
20	30	9	39	<nil>
20	33	13	46	<nil>
20	32	11	43	<nil>
20	34	11	45	<nil>
20	32	14	46	<nil>
20	36	14	50	<nil>
20	32	14	46	<nil>
20	34	17	51	<nil>
20	31	18	49	<nil>
20	36	19	55	<nil>
20	35	38	73	<nil>
20	15	35	50	<nil>
20	21	43	64	<nil>
20	18	36	54	<nil>
20	27	18	45	<nil>
20	30	18	48	<nil>
20	26	19	45	<nil>
20	28	12	40	<nil>
20	41	9	50	<nil>
20	34	13	47	<nil>
20	32	15	47	<nil>
20	38	9	47	<nil>
20	32	13	45	<nil>
20	33	16	49	<nil>
20	45	10	55	<nil>
20	29	10	39	<nil>
20	35	15	50	<nil>
20	39	14	53	<nil>
20	31	26	57	<nil>
20	29	27	56	<nil>
20	27	27	54	<nil>
20	21	27	48	<nil>
20	25	18	43	<nil>
20	36	15	51	<nil>
20	37	12	49	<nil>
20	29	17	46	<nil>
20	39	11	50	<nil>
20	21	27	48	<nil>
20	37	6	43	<nil>
20	36	2	38	<nil>
20	34	3	37	<nil>
20	36	4	40	<nil>
20	34	5	39	<nil>
20	31	8	39	<nil>
20	35	9	44	<nil>
20	36	26	62	<nil>
20	34	27	61	<nil>
20	36	27	63	<nil>
20	21	36	57	<nil>
20	19	38	57	<nil>
20	37	5	42	<nil>
20	34	11	45	<nil>
20	38	6	44	<nil>
20	32	5	37	<nil>
20	39	4	43	<nil>
20	29	13	42	<nil>
20	30	11	41	<nil>
20	42	6	48	<nil>
20	39	9	48	<nil>
20	37	9	46	<nil>
20	13	19	32	<nil>
20	12	18	30	<nil>
20	21	22	43	<nil>
20	40	26	66	<nil>
20	44	22	66	<nil>
20	33	22	55	<nil>
20	42	23	65	<nil>
20	27	26	53	<nil>
20	20	18	38	<nil>
20	31	10	41	<nil>
20	28	5	33	<nil>
20	23	5	28	<nil>
20	29	5	34	<nil>
20	27	6	33	<nil>
20	26	14	40	<nil>
20	21	14	35	<nil>
20	23	16	39	<nil>
20	29	29	58	<nil>
20	29	30	59	<nil>
20	31	29	60	<nil>
20	27	28	55	<nil>
20	31	25	56	<nil>
20	36	17	53	<nil>
20	35	17	52	<nil>
20	35	17	52	<nil>
20	31	22	53	<nil>
20	35	19	54	<nil>
20	31	20	51	<nil>
20	33	5	38	<nil>
20	45	10	55	<nil>
20	34	16	50	<nil>
20	35	15	50	<nil>
20	33	16	49	<nil>
20	33	18	51	<nil>
20	42	11	53	<nil>
20	48	15	63	<nil>
20	38	23	61	<nil>
20	31	15	46	<nil>
20	21	28	49	<nil>
20	25	24	49	<nil>
20	29	34	63	<nil>
20	34	22	56	<nil>
20	48	9	57	<nil>
20	47	10	57	<nil>
20	47	8	55	<nil>
20	48	12	60	<nil>
20	38	4	42	<nil>
20	56	4	60	<nil>
20	57	6	63	<nil>
20	28	12	40	<nil>
20	35	11	46	<nil>
20	43	13	56	<nil>
20	40	9	49	<nil>
20	46	11	57	<nil>
20	57	11	68	<nil>
20	46	9	55	<nil>
20	30	13	43	<nil>
20	22	17	39	<nil>
20	30	29	59	<nil>
20	22	40	62	<nil>
20	20	28	48	<nil>
20	18	46	64	<nil>
20	37	20	57	<nil>
20	32	20	52	<nil>
20	50	6	56	<nil>
20	43	7	50	<nil>
20	46	7	53	<nil>
20	42	5	47	<nil>
20	42	8	50	<nil>
20	44	7	51	<nil>
20	46	25	71	<nil>
20	46	24	70	<nil>
20	50	26	76	<nil>
20	47	25	72	<nil>
20	39	25	64	<nil>
20	46	24	70	<nil>
20	45	22	67	<nil>
20	39	34	73	<nil>
20	57	34	91	<nil>
20	33	32	65	<nil>
20	28	32	60	<nil>
20	32	32	64	<nil>
20	35	15	50	<nil>
20	37	16	53	<nil>
20	36	16	52	<nil>
20	35	17	52	<nil>
20	49	19	68	<nil>
20	37	16	53	<nil>
20	47	18	65	<nil>
20	48	6	54	<nil>
20	36	15	51	<nil>
20	35	25	60	<nil>
20	37	24	61	<nil>
20	36	25	61	<nil>
20	37	24	61	<nil>
20	27	33	60	<nil>
20	28	33	61	<nil>
20	50	31	81	<nil>
20	30	29	59	<nil>
20	31	22	53	<nil>
20	47	4	51	<nil>
20	29	27	56	<nil>
20	48	3	51	<nil>
20	47	9	56	<nil>
20	47	5	52	<nil>
20	39	4	43	<nil>
20	36	17	53	<nil>
20	47	5	52	<nil>
20	44	12	56	<nil>
20	48	12	60	<nil>
20	26	28	54	<nil>
20	25	28	53	<nil>
20	33	21	54	<nil>
20	27	47	74	<nil>
20	30	45	75	<nil>
20	36	24	60	<nil>
20	37	21	58	<nil>
20	39	21	60	<nil>
20	33	26	59	<nil>
20	45	14	59	<nil>
20	42	11	53	<nil>
20	40	17	57	<nil>
20	52	11	63	<nil>
20	40	21	61	<nil>
20	41	17	58	<nil>
20	41	20	61	<nil>
20	40	22	62	<nil>
20	59	15	74	<nil>
20	52	17	69	<nil>
20	51	32	83	<nil>
20	34	37	71	<nil>
20	24	31	55	<nil>
20	26	29	55	<nil>
20	33	39	72	<nil>
20	28	44	72	<nil>
20	31	20	51	<nil>
20	34	17	51	<nil>
20	34	17	51	<nil>
20	37	5	42	<nil>
20	34	5	39	<nil>
20	33	5	38	<nil>
20	41	5	46	<nil>
20	38	4	42	<nil>
20	43	9	52	<nil>
20	37	11	48	<nil>
20	42	8	50	<nil>
20	30	28	58	<nil>
20	28	29	57	<nil>
20	33	35	68	<nil>
20	43	27	70	<nil>
20	43	25	68	<nil>
20	43	27	70	<nil>
20	55	14	69	<nil>
20	55	5	60	<nil>
20	56	4	60	<nil>
20	56	5	61	<nil>
20	39	30	69	<nil>
20	45	6	51	<nil>
20	29	4	33	<nil>
20	53	6	59	<nil>
20	57	6	63	<nil>
20	60	8	68	<nil>
20	53	10	63	<nil>
20	56	8	64	<nil>
20	69	2	71	<nil>
20	14	5	19	<nil>
20	45	7	52	<nil>
20	57	19	76	<nil>
20	29	3	32	<nil>
20	46	1	47	<nil>
20	41	1	42	<nil>
20	40	2	42	<nil>
20	36	6	42	<nil>
20	38	1	39	<nil>
20	42	5	47	<nil>
20	40	4	44	<nil>
20	41	5	46	<nil>
20	41	5	46	<nil>
20	41	5	46	<nil>
20	41	5	46	<nil>
20	41	5	46	<nil>
20	52	0	52	<nil>
20	46	6	52	<nil>
20	49	0	49	<nil>
20	49	1	50	<nil>
20	40	6	46	<nil>
20	51	2	53	<nil>
20	45	3	48	<nil>
20	47	3	50	<nil>
20	38	2	40	<nil>
20	42	0	42	<nil>
20	47	4	51	<nil>
20	41	3	44	<nil>
20	45	4	49	<nil>
20	41	4	45	<nil>
20	41	3	44	<nil>
20	41	4	45	<nil>
20	42	4	46	<nil>
20	41	4	45	<nil>
20	45	4	49	<nil>
20	45	9	54	<nil>
20	50	4	54	<nil>
20	48	4	52	<nil>
20	47	9	56	<nil>
20	45	9	54	<nil>
20	50	9	59	<nil>
20	50	9	59	<nil>
20	45	10	55	<nil>
20	44	10	54	<nil>
20	11	18	29	<nil>
20	12	17	29	<nil>
20	49	5	54	<nil>
20	49	5	54	<nil>
20	44	8	52	<nil>
20	50	5	55	<nil>
20	49	7	56	<nil>
20	42	7	49	<nil>
20	53	5	58	<nil>
20	44	7	51	<nil>
20	55	3	58	<nil>
20	51	5	56	<nil>
20	46	5	51	<nil>
20	49	2	51	<nil>
20	46	10	56	<nil>
20	51	12	63	<nil>
20	49	11	60	<nil>
20	49	11	60	<nil>
20	48	12	60	<nil>
20	48	12	60	<nil>
20	30	36	66	<nil>
20	28	36	64	<nil>
20	51	3	54	<nil>
20	39	14	53	<nil>
20	40	14	54	<nil>
20	39	14	53	<nil>
20	36	15	51	<nil>
20	33	19	52	<nil>
20	52	4	56	<nil>
20	35	17	52	<nil>
20	51	5	56	<nil>
20	43	3	46	<nil>
20	49	6	55	<nil>
20	48	5	53	<nil>
20	32	5	37	<nil>
20	36	1	37	<nil>
20	33	5	38	<nil>
20	18	4	22	<nil>
20	38	1	39	<nil>
20	37	1	38	<nil>
20	17	4	21	<nil>
20	55	1	56	<nil>
20	43	4	47	<nil>
20	41	4	45	<nil>
20	47	4	51	<nil>
20	44	2	46	<nil>
20	46	0	46	<nil>
20	43	4	47	<nil>
20	43	4	47	<nil>
20	50	0	50	<nil>
20	40	6	46	<nil>
20	46	1	47	<nil>
20	45	2	47	<nil>
20	46	6	52	<nil>
20	45	4	49	<nil>
20	47	1	48	<nil>
20	48	1	49	<nil>
20	44	7	51	<nil>
20	51	0	51	<nil>
20	50	0	50	<nil>
20	49	3	52	<nil>
20	49	0	49	<nil>
20	53	8	61	<nil>
20	53	8	61	<nil>
20	55	7	62	<nil>
20	61	1	62	<nil>
20	64	1	65	<nil>
20	61	1	62	<nil>
20	60	1	61	<nil>
20	59	4	63	<nil>
20	61	3	64	<nil>
20	62	4	66	<nil>
20	59	4	63	<nil>
20	56	6	62	<nil>
20	61	4	65	<nil>
20	60	4	64	<nil>
20	58	6	64	<nil>
20	60	4	64	<nil>
20	60	5	65	<nil>
20	60	4	64	<nil>
20	55	10	65	<nil>
20	60	5	65	<nil>
20	58	2	60	<nil>
20	47	15	62	<nil>
20	60	3	63	<nil>
20	55	8	63	<nil>
20	60	5	65	<nil>
20	57	6	63	<nil>
20	63	3	66	<nil>
20	57	7	64	<nil>
20	59	7	66	<nil>
20	60	8	68	<nil>
20	59	4	63	<nil>
20	60	8	68	<nil>
20	62	8	70	<nil>
20	60	8	68	<nil>
20	61	12	73	<nil>
20	59	17	76	<nil>
20	62	21	83	<nil>
20	62	29	91	<nil>
20	60	25	85	<nil>
20	59	34	93	<nil>
20	47	13	60	<nil>
20	48	5	53	<nil>
20	45	5	50	<nil>
20	34	24	58	<nil>
20	42	5	47	<nil>
20	35	25	60	<nil>
20	53	1	54	<nil>
20	48	1	49	<nil>
20	48	1	49	<nil>
20	53	1	54	<nil>
20	30	2	32	<nil>
20	44	3	47	<nil>
20	52	3	55	<nil>
20	22	2	24	<nil>
20	29	10	39	<nil>
20	46	16	62	<nil>
20	47	17	64	<nil>
20	31	15	46	<nil>
20	52	17	69	<nil>
20	31	15	46	<nil>
20	29	10	39	<nil>
20	33	7	40	<nil>
20	33	8	41	<nil>
20	32	7	39	<nil>
20	31	8	39	<nil>
20	39	2	41	<nil>
20	31	8	39	<nil>
20	35	4	39	<nil>
20	37	4	41	<nil>
20	38	3	41	<nil>
20	19	3	22	<nil>
20	23	1	24	<nil>
20	21	1	22	<nil>
20	25	1	26	<nil>
20	36	4	40	<nil>
20	26	1	27	<nil>
20	37	4	41	<nil>
20	26	2	28	<nil>
20	23	2	25	<nil>
20	26	2	28	<nil>
20	47	5	52	<nil>
20	47	5	52	<nil>
20	45	5	50	<nil>
20	46	5	51	<nil>
20	47	5	52	<nil>
20	37	15	52	<nil>
20	46	5	51	<nil>
20	53	0	53	<nil>
20	52	2	54	<nil>
20	53	2	55	<nil>
20	48	5	53	<nil>
20	52	1	53	<nil>
20	54	1	55	<nil>
20	54	2	56	<nil>
20	53	1	54	<nil>
20	53	2	55	<nil>
20	49	6	55	<nil>
20	51	4	55	<nil>
20	52	3	55	<nil>
20	53	2	55	<nil>
20	350	1	351	<nil>
20	350	2	352	<nil>
20	351	2	353	<nil>
20	352	3	355	<nil>
20	350	3	353	<nil>
20	353	2	355	<nil>
20	353	2	355	<nil>
20	351	3	354	<nil>
20	351	1	352	<nil>
20	353	5	358	<nil>
20	352	5	357	<nil>
20	352	8	360	<nil>
20	350	7	357	<nil>
20	351	6	357	<nil>
20	353	7	360	<nil>
20	352	6	358	<nil>
20	352	6	358	<nil>
20	354	7	361	<nil>
20	352	7	359	<nil>
20	352	8	360	<nil>
20	6	1	7	<nil>
20	8	4	12	<nil>
20	10	3	13	<nil>
20	9	5	14	<nil>
20	9	5	14	<nil>
20	11	2	13	<nil>
20	9	4	13	<nil>
20	3	0	3	<nil>
20	10	0	10	<nil>
20	8	0	8	<nil>
20	8	0	8	<nil>
20	10	0	10	<nil>
20	10	0	10	<nil>
20	10	6	16	<nil>
20	9	5	14	<nil>
20	9	3	12	<nil>
20	10	4	14	<nil>
20	9	3	12	<nil>
20	6	4	10	<nil>
20	9	6	15	<nil>
20	9	6	15	<nil>
20	4	4	8	<nil>
20	8	1	9	<nil>
20	5	4	9	<nil>
20	7	2	9	<nil>
20	6	5	11	<nil>
20	9	2	11	<nil>
20	9	1	10	<nil>
20	9	2	11	<nil>
20	6	5	11	<nil>
20	9	7	16	<nil>
20	8	3	11	<nil>
20	14	3	17	<nil>
20	8	3	11	<nil>
20	12	4	16	<nil>
20	8	3	11	<nil>
20	8	3	11	<nil>
20	5	8	13	<nil>
20	5	7	12	<nil>
20	6	1	7	<nil>
20	11	1	12	<nil>
20	14	3	17	<nil>
20	10	5	15	<nil>
20	8	7	15	<nil>
20	6	7	13	<nil>
20	11	5	16	<nil>
20	8	5	13	<nil>
20	8	5	13	<nil>
20	8	3	11	<nil>
20	9	3	12	<nil>
20	9	3	12	<nil>
20	9	3	12	<nil>
20	7	2	9	<nil>
20	7	12	19	<nil>
20	13	9	22	<nil>
20	6	9	15	<nil>
20	13	14	27	<nil>
20	10	14	24	<nil>
20	18	2	20	<nil>
20	20	3	23	<nil>
20	17	2	19	<nil>
20	18	6	24	<nil>
20	16	6	22	<nil>
20	14	7	21	<nil>
20	15	6	21	<nil>
20	13	3	16	<nil>
20	17	3	20	<nil>
20	20	3	23	<nil>
20	22	5	27	<nil>
20	11	3	14	<nil>
20	9	3	12	<nil>
20	16	8	24	<nil>
20	19	5	24	<nil>
20	14	9	23	<nil>
20	7	3	10	<nil>
20	15	8	23	<nil>
20	15	3	18	<nil>
20	13	6	19	<nil>
20	14	8	22	<nil>
20	13	6	19	<nil>
20	9	9	18	<nil>
20	10	1	11	<nil>
20	9	1	10	<nil>
20	8	1	9	<nil>
20	8	6	14	<nil>
20	13	1	14	<nil>
20	14	1	15	<nil>
20	11	4	15	<nil>
20	15	4	19	<nil>
20	9	1	10	<nil>
20	9	0	9	<nil>
20	15	1	16	<nil>
20	6	2	8	<nil>
20	9	1	10	<nil>
20	16	1	17	<nil>
20	9	1	10	<nil>
20	14	5	19	<nil>
20	16	2	18	<nil>
20	18	7	25	<nil>
20	21	6	27	<nil>
20	21	6	27	<nil>
20	16	5	21	<nil>
20	11	4	15	<nil>
20	16	5	21	<nil>
20	10	4	14	<nil>
20	17	4	21	<nil>
20	10	4	14	<nil>
20	8	5	13	<nil>
20	9	5	14	<nil>
20	11	8	19	<nil>
20	7	6	13	<nil>
20	9	7	16	<nil>
20	11	6	17	<nil>
20	9	5	14	<nil>
20	13	6	19	<nil>
20	8	10	18	<nil>
20	12	11	23	<nil>
20	16	12	28	<nil>
20	7	7	14	<nil>
20	7	10	17	<nil>
20	9	7	16	<nil>
20	7	10	17	<nil>
20	7	4	11	<nil>
20	9	6	15	<nil>
20	9	10	19	<nil>
20	8	6	14	<nil>
20	11	6	17	<nil>
20	9	1	10	<nil>
20	15	2	17	<nil>
20	10	0	10	<nil>
20	9	1	10	<nil>
20	15	2	17	<nil>
20	17	1	18	<nil>
20	17	2	19	<nil>
20	17	3	20	<nil>
20	12	1	13	<nil>
20	15	2	17	<nil>
20	12	6	18	<nil>
20	17	7	24	<nil>
20	10	7	17	<nil>
20	15	4	19	<nil>
20	12	4	16	<nil>
20	13	3	16	<nil>
20	15	4	19	<nil>
20	14	4	18	<nil>
20	13	4	17	<nil>
20	15	4	19	<nil>
20	15	4	19	<nil>
20	15	4	19	<nil>
20	7	4	11	<nil>
20	7	4	11	<nil>
20	15	5	20	<nil>
20	12	5	17	<nil>
20	12	3	15	<nil>
20	12	3	15	<nil>
20	10	3	13	<nil>
20	13	4	17	<nil>
20	14	5	19	<nil>
20	5	6	11	<nil>
20	13	8	21	<nil>
20	12	2	14	<nil>
20	11	2	13	<nil>
20	11	2	13	<nil>
20	11	3	14	<nil>
20	12	1	13	<nil>
20	12	3	15	<nil>
20	12	4	16	<nil>
20	11	4	15	<nil>
20	12	3	15	<nil>
20	12	4	16	<nil>
20	7	5	12	<nil>
20	13	7	20	<nil>
20	14	6	20	<nil>
20	14	5	19	<nil>
20	14	5	19	<nil>
20	8	5	13	<nil>
20	14	5	19	<nil>
20	7	9	16	<nil>
20	14	7	21	<nil>
20	13	11	24	<nil>
20	10	1	11	<nil>
20	10	2	12	<nil>
20	10	2	12	<nil>
20	11	2	13	<nil>
20	10	2	12	<nil>
20	5	3	8	<nil>
20	10	2	12	<nil>
20	6	4	10	<nil>
20	6	4	10	<nil>
20	6	5	11	<nil>
20	10	6	16	<nil>
20	6	5	11	<nil>
20	8	3	11	<nil>
20	3	8	11	<nil>
20	11	7	18	<nil>
20	5	1	6	<nil>
20	10	3	13	<nil>
20	5	1	6	<nil>
20	5	1	6	<nil>
20	9	1	10	<nil>
20	9	4	13	<nil>
20	9	1	10	<nil>
20	5	2	7	<nil>
20	4	2	6	<nil>
20	11	3	14	<nil>
20	8	2	10	<nil>
20	11	4	15	<nil>
20	6	2	8	<nil>
20	9	4	13	<nil>
20	10	2	12	<nil>
20	8	1	9	<nil>
20	13	3	16	<nil>
20	10	1	11	<nil>
20	14	1	15	<nil>
20	14	2	16	<nil>
20	10	1	11	<nil>
20	10	0	10	<nil>
20	11	0	11	<nil>
20	12	0	12	<nil>
20	10	2	12	<nil>
20	11	1	12	<nil>
20	8	3	11	<nil>
20	12	0	12	<nil>
20	19	0	19	<nil>
20	11	0	11	<nil>
20	12	1	13	<nil>
20	10	2	12	<nil>
20	8	2	10	<nil>
20	12	0	12	<nil>
20	15	2	17	<nil>
20	15	2	17	<nil>
20	15	2	17	<nil>
20	14	3	17	<nil>
20	17	0	17	<nil>
20	17	1	18	<nil>
20	15	3	18	<nil>
20	18	1	19	<nil>
20	15	2	17	<nil>
20	14	4	18	<nil>
20	15	3	18	<nil>
20	11	7	18	<nil>
20	13	6	19	<nil>
20	11	8	19	<nil>
20	19	0	19	<nil>
20	16	3	19	<nil>
20	19	0	19	<nil>
20	17	4	21	<nil>
20	21	0	21	<nil>
20	19	0	19	<nil>
20	15	4	19	<nil>
20	20	2	22	<nil>
20	20	3	23	<nil>
20	23	2	25	<nil>
20	23	3	26	<nil>
20	24	2	26	<nil>
20	22	1	23	<nil>
20	25	1	26	<nil>
20	23	2	25	<nil>
20	23	2	25	<nil>
20	25	1	26	<nil>
20	24	1	25	<nil>
20	22	4	26	<nil>
20	23	4	27	<nil>
20	21	4	25	<nil>
20	24	0	24	<nil>
20	22	4	26	<nil>
20	20	4	24	<nil>
20	21	5	26	<nil>
20	26	0	26	<nil>
20	17	1	18	<nil>
20	18	4	22	<nil>
20	19	5	24	<nil>
20	19	6	25	<nil>
20	17	7	24	<nil>
20	18	7	25	<nil>
20	20	6	26	<nil>
20	20	6	26	<nil>
20	18	7	25	<nil>
20	25	2	27	<nil>
20	23	3	26	<nil>
20	25	2	27	<nil>
20	23	2	25	<nil>
20	28	0	28	<nil>
20	20	7	27	<nil>
20	24	3	27	<nil>
20	25	1	26	<nil>
20	29	3	32	<nil>
20	25	2	27	<nil>
20	27	1	28	<nil>
20	14	4	18	<nil>
20	16	1	17	<nil>
20	18	2	20	<nil>
20	15	4	19	<nil>
20	18	4	22	<nil>
20	18	4	22	<nil>
20	18	5	23	<nil>
20	21	2	23	<nil>
20	21	2	23	<nil>
20	22	3	25	<nil>
20	21	3	24	<nil>
20	25	2	27	<nil>
20	23	0	23	<nil>
20	21	4	25	<nil>
20	21	2	23	<nil>
20	28	1	29	<nil>
20	23	2	25	<nil>
20	23	1	24	<nil>
20	23	4	27	<nil>
20	22	4	26	<nil>
20	19	4	23	<nil>
20	18	4	22	<nil>
20	26	1	27	<nil>
20	21	2	23	<nil>
20	27	3	30	<nil>
20	23	5	28	<nil>
20	19	5	24	<nil>
20	22	6	28	<nil>
20	21	5	26	<nil>
20	19	6	25	<nil>
20	24	1	25	<nil>
20	23	6	29	<nil>
20	19	6	25	<nil>
20	25	0	25	<nil>
20	20	6	26	<nil>
20	20	7	27	<nil>
20	21	6	27	<nil>
20	24	1	25	<nil>
20	18	8	26	<nil>
20	27	0	27	<nil>
20	17	6	23	<nil>
20	17	6	23	<nil>
20	23	1	24	<nil>
20	21	5	26	<nil>
20	24	1	25	<nil>
20	17	7	24	<nil>
20	22	1	23	<nil>
20	20	6	26	<nil>
20	24	1	25	<nil>
20	24	1	25	<nil>
20	24	2	26	<nil>
20	25	1	26	<nil>
20	25	1	26	<nil>
20	26	1	27	<nil>
20	23	3	26	<nil>
20	25	1	26	<nil>
20	23	3	26	<nil>
20	24	2	26	<nil>
20	25	3	28	<nil>
20	26	0	26	<nil>
20	20	5	25	<nil>
20	23	2	25	<nil>
20	24	1	25	<nil>
20	19	8	27	<nil>
20	21	4	25	<nil>
20	24	1	25	<nil>
20	26	0	26	<nil>
20	24	1	25	<nil>
20	25	3	28	<nil>
20	25	2	27	<nil>
20	26	0	26	<nil>
20	20	9	29	<nil>
20	22	5	27	<nil>
20	27	1	28	<nil>
20	27	1	28	<nil>
20	26	1	27	<nil>
20	26	2	28	<nil>
20	21	6	27	<nil>
20	20	7	27	<nil>
20	30	0	30	<nil>
20	17	4	21	<nil>
20	19	4	23	<nil>
20	21	4	25	<nil>
20	20	3	23	<nil>
20	21	2	23	<nil>
20	20	3	23	<nil>
20	25	0	25	<nil>
20	22	3	25	<nil>
20	25	1	26	<nil>
20	19	6	25	<nil>
20	25	1	26	<nil>
20	24	1	25	<nil>
20	26	2	28	<nil>
20	28	2	30	<nil>
20	26	0	26	<nil>
20	24	2	26	<nil>
20	28	0	28	<nil>
20	20	9	29	<nil>
20	20	7	27	<nil>
20	17	10	27	<nil>
20	22	1	23	<nil>
20	16	3	19	<nil>
20	18	2	20	<nil>
20	16	5	21	<nil>
20	22	2	24	<nil>
20	16	7	23	<nil>
20	24	3	27	<nil>
20	22	2	24	<nil>
20	23	1	24	<nil>
20	25	2	27	<nil>
20	24	3	27	<nil>
20	17	9	26	<nil>
20	23	1	24	<nil>
20	24	0	24	<nil>
20	17	7	24	<nil>
20	23	4	27	<nil>
20	22	4	26	<nil>
20	24	1	25	<nil>
20	24	4	28	<nil>
20	21	5	26	<nil>
20	18	4	22	<nil>
20	20	5	25	<nil>
20	16	7	23	<nil>
20	21	3	24	<nil>
20	21	3	24	<nil>
20	25	5	30	<nil>
20	23	3	26	<nil>
20	20	5	25	<nil>
20	22	4	26	<nil>
20	21	4	25	<nil>
20	19	5	24	<nil>
20	24	2	26	<nil>
20	23	2	25	<nil>
20	20	5	25	<nil>
20	24	1	25	<nil>
20	21	4	25	<nil>
20	29	2	31	<nil>
20	23	5	28	<nil>
20	21	5	26	<nil>
20	22	2	24	<nil>
20	26	3	29	<nil>
20	20	8	28	<nil>
20	23	8	31	<nil>
20	28	5	33	<nil>
20	20	10	30	<nil>
20	21	7	28	<nil>
20	26	5	31	<nil>
20	25	7	32	<nil>
20	28	8	36	<nil>
20	27	8	35	<nil>
20	28	5	33	<nil>
20	27	6	33	<nil>
20	25	9	34	<nil>
20	24	10	34	<nil>
20	29	6	35	<nil>
20	25	15	40	<nil>
20	24	27	51	<nil>
20	28	23	51	<nil>
20	24	29	53	<nil>
20	25	29	54	<nil>
20	20	2	22	<nil>
20	25	7	32	<nil>
20	22	8	30	<nil>
20	24	3	27	<nil>
20	24	8	32	<nil>
20	28	4	32	<nil>
20	27	6	33	<nil>
20	35	3	38	<nil>
20	14	3	17	<nil>
20	16	3	19	<nil>
20	17	1	18	<nil>
20	31	5	36	<nil>
20	39	2	41	<nil>
20	36	4	40	<nil>
20	36	2	38	<nil>
20	39	4	43	<nil>
20	16	4	20	<nil>
20	15	3	18	<nil>
20	32	8	40	<nil>
20	22	11	33	<nil>
20	19	9	28	<nil>
20	17	13	30	<nil>
20	26	4	30	<nil>
20	24	13	37	<nil>
20	21	4	25	<nil>
20	25	5	30	<nil>
20	22	4	26	<nil>
20	26	4	30	<nil>
20	30	6	36	<nil>
20	24	9	33	<nil>
20	26	8	34	<nil>
20	32	7	39	<nil>
20	24	9	33	<nil>
20	23	9	32	<nil>
20	16	7	23	<nil>
20	16	5	21	<nil>
20	13	6	19	<nil>
20	17	5	22	<nil>
20	26	8	34	<nil>
20	16	10	26	<nil>
20	7	14	21	<nil>
20	9	15	24	<nil>
20	10	13	23	<nil>
20	18	15	33	<nil>
20	22	6	28	<nil>
20	25	6	31	<nil>
20	26	8	34	<nil>
20	22	6	28	<nil>
20	26	8	34	<nil>
20	28	6	34	<nil>
20	24	9	33	<nil>
20	27	7	34	<nil>
20	30	4	34	<nil>
20	25	8	33	<nil>
20	10	9	19	<nil>
20	27	9	36	<nil>
20	18	7	25	<nil>
20	15	9	24	<nil>
20	27	13	40	<nil>
20	29	14	43	<nil>
20	28	15	43	<nil>
20	24	13	37	<nil>
20	17	8	25	<nil>
20	25	19	44	<nil>
20	29	8	37	<nil>
20	26	10	36	<nil>
20	27	10	37	<nil>
20	19	7	26	<nil>
20	25	8	33	<nil>
20	25	12	37	<nil>
20	24	6	30	<nil>
20	20	9	29	<nil>
20	31	11	42	<nil>
20	22	12	34	<nil>
20	34	12	46	<nil>
20	28	12	40	<nil>
20	25	10	35	<nil>
20	28	10	38	<nil>
20	12	9	21	<nil>
20	27	10	37	<nil>
20	28	9	37	<nil>
20	6	12	18	<nil>
20	28	10	38	<nil>
20	29	12	41	<nil>
20	10	2	12	<nil>
20	12	6	18	<nil>
20	14	5	19	<nil>
20	13	17	30	<nil>
20	13	18	31	<nil>
20	31	6	37	<nil>
20	15	12	27	<nil>
20	26	13	39	<nil>
20	27	1	28	<nil>
20	26	4	30	<nil>
20	26	1	27	<nil>
20	30	0	30	<nil>
20	27	2	29	<nil>
20	14	2	16	<nil>
20	27	1	28	<nil>
20	24	4	28	<nil>
20	6	1	7	<nil>
20	26	2	28	<nil>
20	21	9	30	<nil>
20	26	5	31	<nil>
20	26	5	31	<nil>
20	18	5	23	<nil>
20	26	10	36	<nil>
20	10	1	11	<nil>
20	8	2	10	<nil>
20	22	4	26	<nil>
20	9	3	12	<nil>
20	10	0	10	<nil>
20	11	0	11	<nil>
20	10	1	11	<nil>
20	19	1	20	<nil>
20	17	3	20	<nil>
20	29	0	29	<nil>
20	27	0	27	<nil>
20	19	3	22	<nil>
20	25	1	26	<nil>
20	28	3	31	<nil>
20	30	2	32	<nil>
20	21	1	22	<nil>
20	26	2	28	<nil>
20	24	0	24	<nil>
20	31	1	32	<nil>
20	29	3	32	<nil>
20	19	3	22	<nil>
20	20	2	22	<nil>
20	30	1	31	<nil>
20	31	0	31	<nil>
20	27	0	27	<nil>
20	20	2	22	<nil>
20	22	0	22	<nil>
20	22	0	22	<nil>
20	26	1	27	<nil>
20	26	2	28	<nil>
20	23	4	27	<nil>
20	23	5	28	<nil>
20	24	5	29	<nil>
20	29	0	29	<nil>
20	28	0	28	<nil>
20	28	0	28	<nil>
20	29	0	29	<nil>
20	23	7	30	<nil>
20	27	3	30	<nil>
20	30	0	30	<nil>
20	29	1	30	<nil>
20	31	0	31	<nil>
20	29	1	30	<nil>
20	29	1	30	<nil>
20	29	1	30	<nil>
20	29	0	29	<nil>
20	30	0	30	<nil>
20	30	0	30	<nil>
20	21	3	24	<nil>
20	21	5	26	<nil>
20	20	7	27	<nil>
20	27	0	27	<nil>
20	27	0	27	<nil>
20	23	6	29	<nil>
20	21	6	27	<nil>
20	30	1	31	<nil>
20	29	1	30	<nil>
20	29	1	30	<nil>
20	29	0	29	<nil>
20	27	0	27	<nil>
20	20	7	27	<nil>
20	21	7	28	<nil>
20	21	7	28	<nil>
20	28	0	28	<nil>
20	29	0	29	<nil>
20	27	4	31	<nil>
20	26	3	29	<nil>
20	26	3	29	<nil>
20	24	5	29	<nil>
20	21	8	29	<nil>
20	26	3	29	<nil>
20	24	9	33	<nil>
20	23	7	30	<nil>
20	30	3	33	<nil>
20	24	8	32	<nil>
20	23	8	31	<nil>
20	25	8	33	<nil>
20	24	8	32	<nil>
20	30	2	32	<nil>
20	29	3	32	<nil>
20	31	1	32	<nil>
20	31	1	32	<nil>
20	33	0	33	<nil>
20	32	1	33	<nil>
20	30	2	32	<nil>
20	33	0	33	<nil>
20	34	0	34	<nil>
20	32	1	33	<nil>
20	26	2	28	<nil>
20	20	5	25	<nil>
20	25	0	25	<nil>
20	24	2	26	<nil>
20	26	2	28	<nil>
20	26	2	28	<nil>
20	25	2	27	<nil>
20	28	1	29	<nil>
20	25	2	27	<nil>
20	25	2	27	<nil>
20	28	0	28	<nil>
20	24	3	27	<nil>
20	29	1	30	<nil>
20	28	0	28	<nil>
20	23	8	31	<nil>
20	26	3	29	<nil>
20	26	3	29	<nil>
20	30	0	30	<nil>
20	28	5	33	<nil>
20	31	1	32	<nil>
20	31	1	32	<nil>
20	29	1	30	<nil>
20	26	5	31	<nil>
20	26	5	31	<nil>
20	30	0	30	<nil>
20	29	0	29	<nil>
20	31	0	31	<nil>
20	28	5	33	<nil>
20	30	3	33	<nil>
20	29	3	32	<nil>
20	32	1	33	<nil>
20	30	3	33	<nil>
20	33	3	36	<nil>
20	30	1	31	<nil>
20	32	0	32	<nil>
20	28	6	34	<nil>
20	30	3	33	<nil>
20	33	0	33	<nil>
20	31	2	33	<nil>
20	36	1	37	<nil>
20	30	1	31	<nil>
20	25	6	31	<nil>
20	31	1	32	<nil>
20	30	1	31	<nil>
20	27	7	34	<nil>
20	22	8	30	<nil>
20	25	7	32	<nil>
20	31	2	33	<nil>
20	24	6	30	<nil>
20	31	0	31	<nil>
20	31	0	31	<nil>
20	30	2	32	<nil>
20	26	8	34	<nil>
20	30	2	32	<nil>
20	28	4	32	<nil>
20	31	3	34	<nil>
20	29	2	31	<nil>
20	33	0	33	<nil>
20	32	0	32	<nil>
20	33	1	34	<nil>
20	21	2	23	<nil>
20	23	3	26	<nil>
20	24	4	28	<nil>
20	21	5	26	<nil>
20	23	5	28	<nil>
20	25	2	27	<nil>
20	28	1	29	<nil>
20	23	6	29	<nil>
20	27	2	29	<nil>
20	29	1	30	<nil>
20	29	1	30	<nil>
20	24	7	31	<nil>
20	28	0	28	<nil>
20	23	6	29	<nil>
20	28	3	31	<nil>
20	30	2	32	<nil>
20	28	3	31	<nil>
20	28	3	31	<nil>
20	27	12	39	<nil>
20	27	14	41	<nil>
20	28	3	31	<nil>
20	28	3	31	<nil>
20	31	3	34	<nil>
20	27	3	30	<nil>
20	31	4	35	<nil>
20	27	5	32	<nil>
20	33	0	33	<nil>
20	30	2	32	<nil>
20	31	0	31	<nil>
20	28	4	32	<nil>
20	30	5	35	<nil>
20	13	3	16	<nil>
20	28	5	33	<nil>
20	11	8	19	<nil>
20	31	8	39	<nil>
20	30	8	38	<nil>
20	31	8	39	<nil>
20	29	8	37	<nil>
20	34	6	40	<nil>
20	31	9	40	<nil>
20	22	7	29	<nil>
20	23	10	33	<nil>
20	23	11	34	<nil>
20	24	11	35	<nil>
20	22	11	33	<nil>
20	22	9	31	<nil>
20	17	90	107	<nil>
20	24	91	115	<nil>
20	24	91	115	<nil>
20	25	84	109	<nil>
20	26	83	109	<nil>
20	19	90	109	<nil>
20	28	82	110	<nil>
20	28	82	110	<nil>
20	28	81	109	<nil>
20	25	85	110	<nil>
20	22	88	110	<nil>
20	35	81	116	<nil>
20	28	81	109	<nil>
20	101	3	104	<nil>
20	77	2	79	<nil>
20	77	2	79	<nil>
20	77	2	79	<nil>
20	80	3	83	<nil>
20	77	3	80	<nil>
20	87	2	89	<nil>
20	6	5	11	<nil>
20	4	6	10	<nil>
20	5	7	12	<nil>
20	5	7	12	<nil>
20	10	3	13	<nil>
20	11	1	12	<nil>
20	10	4	14	<nil>
20	8	5	13	<nil>
20	8	4	12	<nil>
20	10	4	14	<nil>
20	12	3	15	<nil>
20	13	3	16	<nil>
20	13	3	16	<nil>
20	12	3	15	<nil>
20	5	2	7	<nil>
20	9	6	15	<nil>
20	5	2	7	<nil>
20	6	2	8	<nil>
20	13	2	15	<nil>
20	8	6	14	<nil>
20	7	6	13	<nil>
20	13	8	21	<nil>
20	12	9	21	<nil>
20	7	2	9	<nil>
20	6	4	10	<nil>
20	9	5	14	<nil>
20	14	8	22	<nil>
20	8	3	11	<nil>
20	6	1	7	<nil>
20	6	3	9	<nil>
20	11	3	14	<nil>
20	8	7	15	<nil>
20	10	2	12	<nil>
20	7	6	13	<nil>
20	5	5	10	<nil>
20	11	5	16	<nil>
20	11	8	19	<nil>
20	6	4	10	<nil>
20	11	10	21	<nil>
20	9	5	14	<nil>
20	20	2	22	<nil>
20	20	5	25	<nil>
20	16	6	22	<nil>
20	11	6	17	<nil>
20	10	7	17	<nil>
20	11	6	17	<nil>
20	12	7	19	<nil>
20	12	8	20	<nil>
20	7	1	8	<nil>
20	13	4	17	<nil>
20	8	7	15	<nil>
20	7	7	14	<nil>
20	20	7	27	<nil>
20	11	10	21	<nil>
20	13	8	21	<nil>
20	11	9	20	<nil>
20	16	9	25	<nil>
20	12	8	20	<nil>
20	8	8	16	<nil>
20	16	2	18	<nil>
20	16	1	17	<nil>
20	14	7	21	<nil>
20	14	1	15	<nil>
20	14	8	22	<nil>
20	14	8	22	<nil>
20	12	1	13	<nil>
20	13	1	14	<nil>
20	22	1	23	<nil>
20	13	2	15	<nil>
20	15	10	25	<nil>
20	12	4	16	<nil>
20	14	10	24	<nil>
20	13	9	22	<nil>
20	13	10	23	<nil>
20	15	9	24	<nil>
20	21	12	33	<nil>
20	21	13	34	<nil>
20	7	12	19	<nil>
20	10	12	22	<nil>
20	21	13	34	<nil>
20	6	13	19	<nil>
20	21	14	35	<nil>
20	17	5	22	<nil>
20	18	13	31	<nil>
20	20	13	33	<nil>
20	13	12	25	<nil>
20	18	15	33	<nil>
20	18	15	33	<nil>
20	17	15	32	<nil>
20	16	14	30	<nil>
20	13	14	27	<nil>
20	12	15	27	<nil>
20	23	4	27	<nil>
20	13	5	18	<nil>
20	33	5	38	<nil>
20	14	6	20	<nil>
20	15	5	20	<nil>
20	14	5	19	<nil>
20	19	2	21	<nil>
20	31	3	34	<nil>
20	19	4	23	<nil>
20	18	4	22	<nil>
20	9	3	12	<nil>
20	5	5	10	<nil>
20	6	5	11	<nil>
20	8	5	13	<nil>
20	11	9	20	<nil>
20	11	4	15	<nil>
20	7	10	17	<nil>
20	14	7	21	<nil>
20	8	13	21	<nil>
20	13	3	16	<nil>
20	8	13	21	<nil>
20	13	8	21	<nil>
20	13	3	16	<nil>
20	21	2	23	<nil>
20	16	2	18	<nil>
20	17	2	19	<nil>
20	12	12	24	<nil>
20	11	12	23	<nil>
20	18	11	29	<nil>
20	19	9	28	<nil>
20	19	17	36	<nil>
20	22	17	39	<nil>
20	24	13	37	<nil>
20	26	8	34	<nil>
20	23	14	37	<nil>
20	17	9	26	<nil>
20	17	9	26	<nil>
20	30	14	44	<nil>
20	22	16	38	<nil>
20	23	14	37	<nil>
20	28	9	37	<nil>
20	26	7	33	<nil>
20	26	7	33	<nil>
20	27	8	35	<nil>
20	27	10	37	<nil>
20	27	10	37	<nil>
20	26	10	36	<nil>
20	18	3	21	<nil>
20	33	4	37	<nil>
20	25	6	31	<nil>
20	18	5	23	<nil>
20	20	0	20	<nil>
20	31	7	38	<nil>
20	19	6	25	<nil>
20	18	6	24	<nil>
20	18	4	22	<nil>
20	22	5	27	<nil>
20	14	8	22	<nil>
20	21	5	26	<nil>
20	14	8	22	<nil>
20	20	8	28	<nil>
20	5	6	11	<nil>
20	17	7	24	<nil>
20	21	8	29	<nil>
20	13	7	20	<nil>
20	13	7	20	<nil>
20	13	7	20	<nil>
20	13	7	20	<nil>
20	16	7	23	<nil>
20	17	4	21	<nil>
20	14	4	18	<nil>
20	14	4	18	<nil>
20	17	5	22	<nil>
20	18	4	22	<nil>
20	9	10	19	<nil>
20	14	10	24	<nil>
20	10	10	20	<nil>
20	10	11	21	<nil>
20	11	11	22	<nil>
20	11	11	22	<nil>
20	12	1	13	<nil>
20	13	1	14	<nil>
20	14	0	14	<nil>
20	14	0	14	<nil>
20	10	1	11	<nil>
20	10	11	21	<nil>
20	14	5	19	<nil>
20	20	2	22	<nil>
20	15	0	15	<nil>
20	18	8	26	<nil>
20	25	1	26	<nil>
20	24	2	26	<nil>
20	23	2	25	<nil>
20	28	1	29	<nil>
20	27	3	30	<nil>
20	27	3	30	<nil>
20	24	3	27	<nil>
20	27	3	30	<nil>
20	29	4	33	<nil>
20	28	0	28	<nil>
20	28	0	28	<nil>
20	24	4	28	<nil>
20	26	1	27	<nil>
20	29	0	29	<nil>
20	25	3	28	<nil>
20	34	5	39	<nil>
20	24	4	28	<nil>
20	30	0	30	<nil>
20	27	0	27	<nil>
20	27	3	30	<nil>
20	27	6	33	<nil>
20	28	7	35	<nil>
20	33	1	34	<nil>
20	34	1	35	<nil>
20	29	7	36	<nil>
20	37	0	37	<nil>
20	27	8	35	<nil>
20	36	1	37	<nil>
20	37	0	37	<nil>
20	34	3	37	<nil>
20	34	4	38	<nil>
20	28	9	37	<nil>
20	35	4	39	<nil>
20	35	4	39	<nil>
20	36	0	36	<nil>
20	37	0	37	<nil>
20	28	10	38	<nil>
20	36	4	40	<nil>
20	35	5	40	<nil>
20	24	1	25	<nil>
20	26	1	27	<nil>
20	26	0	26	<nil>
20	25	2	27	<nil>
20	23	2	25	<nil>
20	27	1	28	<nil>
20	28	1	29	<nil>
20	29	3	32	<nil>
20	27	1	28	<nil>
20	25	1	26	<nil>
20	27	0	27	<nil>
20	26	1	27	<nil>
20	26	1	27	<nil>
20	28	1	29	<nil>
20	26	1	27	<nil>
20	31	0	31	<nil>
20	26	1	27	<nil>
20	27	2	29	<nil>
20	29	0	29	<nil>
20	27	0	27	<nil>
20	20	2	22	<nil>
20	22	4	26	<nil>
20	24	1	25	<nil>
20	23	4	27	<nil>
20	22	5	27	<nil>
20	22	4	26	<nil>
20	25	1	26	<nil>
20	26	0	26	<nil>
20	25	1	26	<nil>
20	23	5	28	<nil>
20	21	6	27	<nil>
20	25	2	27	<nil>
20	22	6	28	<nil>
20	27	0	27	<nil>
20	26	2	28	<nil>
20	27	2	29	<nil>
20	22	6	28	<nil>
20	21	6	27	<nil>
20	27	0	27	<nil>
20	25	3	28	<nil>
20	19	1	20	<nil>
20	21	0	21	<nil>
20	19	1	20	<nil>
20	20	2	22	<nil>
20	6	0	6	<nil>
20	21	0	21	<nil>
20	19	3	22	<nil>
20	20	1	21	<nil>
20	21	2	23	<nil>
20	22	1	23	<nil>
20	23	1	24	<nil>
20	20	2	22	<nil>
20	21	2	23	<nil>
20	23	0	23	<nil>
20	21	1	22	<nil>
20	20	2	22	<nil>
20	26	1	27	<nil>
20	21	2	23	<nil>
20	22	0	22	<nil>
20	24	6	30	<nil>
20	19	3	22	<nil>
20	19	4	23	<nil>
20	21	3	24	<nil>
20	18	4	22	<nil>
20	18	6	24	<nil>
20	21	1	22	<nil>
20	21	2	23	<nil>
20	18	6	24	<nil>
20	22	1	23	<nil>
20	22	0	22	<nil>
20	16	1	17	<nil>
20	21	1	22	<nil>
20	23	1	24	<nil>
20	19	7	26	<nil>
20	24	1	25	<nil>
20	22	1	23	<nil>
20	23	0	23	<nil>
20	16	3	19	<nil>
20	20	0	20	<nil>
20	20	4	24	<nil>
20	24	6	30	<nil>
20	28	2	30	<nil>
20	28	2	30	<nil>
20	29	2	31	<nil>
20	29	2	31	<nil>
20	31	2	33	<nil>
20	31	1	32	<nil>
20	28	3	31	<nil>
20	31	1	32	<nil>
20	31	1	32	<nil>
20	30	2	32	<nil>
20	29	4	33	<nil>
20	32	2	34	<nil>
20	33	1	34	<nil>
20	31	1	32	<nil>
20	32	1	33	<nil>
20	28	2	30	<nil>
20	31	1	32	<nil>
20	25	5	30	<nil>
20	36	18	54	<nil>
20	18	2	20	<nil>
20	20	2	22	<nil>
20	20	2	22	<nil>
20	20	2	22	<nil>
20	19	3	22	<nil>
20	22	1	23	<nil>
20	21	2	23	<nil>
20	25	1	26	<nil>
20	25	3	28	<nil>
20	21	4	25	<nil>
20	26	1	27	<nil>
20	24	3	27	<nil>
20	27	1	28	<nil>
20	21	5	26	<nil>
20	20	7	27	<nil>
20	26	0	26	<nil>
20	7	0	7	<nil>
20	21	5	26	<nil>
20	22	4	26	<nil>
20	4	0	4	<nil>
20	22	1	23	<nil>
20	30	3	33	<nil>
20	25	7	32	<nil>
20	37	0	37	<nil>
20	24	9	33	<nil>
20	38	0	38	<nil>
20	32	0	32	<nil>
20	31	7	38	<nil>
20	31	2	33	<nil>
20	32	2	34	<nil>
20	31	2	33	<nil>
20	37	2	39	<nil>
20	32	2	34	<nil>
20	25	2	27	<nil>
20	32	2	34	<nil>
20	31	3	34	<nil>
20	33	2	35	<nil>
20	26	10	36	<nil>
20	31	3	34	<nil>
20	31	3	34	<nil>
20	36	0	36	<nil>
20	33	3	36	<nil>
20	35	0	35	<nil>
20	36	0	36	<nil>
20	30	7	37	<nil>
20	31	6	37	<nil>
20	29	8	37	<nil>
20	31	7	38	<nil>
20	29	8	37	<nil>
20	35	2	37	<nil>
20	34	3	37	<nil>
20	36	3	39	<nil>
20	32	6	38	<nil>
20	35	3	38	<nil>
20	37	1	38	<nil>
20	39	0	39	<nil>
20	37	2	39	<nil>
20	35	4	39	<nil>
20	38	2	40	<nil>
20	37	2	39	<nil>
20	38	2	40	<nil>
20	23	2	25	<nil>
20	23	2	25	<nil>
20	21	3	24	<nil>
20	26	0	26	<nil>
20	21	4	25	<nil>
20	31	0	31	<nil>
20	26	0	26	<nil>
20	25	1	26	<nil>
20	27	2	29	<nil>
20	21	5	26	<nil>
20	21	5	26	<nil>
20	25	2	27	<nil>
20	25	2	27	<nil>
20	30	2	32	<nil>
20	23	6	29	<nil>
20	26	6	32	<nil>
20	27	2	29	<nil>
20	25	3	28	<nil>
20	24	3	27	<nil>
20	28	0	28	<nil>
20	25	3	28	<nil>
20	25	3	28	<nil>
20	25	4	29	<nil>
20	26	5	31	<nil>
20	33	2	35	<nil>
20	32	1	33	<nil>
20	26	6	32	<nil>
20	32	2	34	<nil>
20	26	6	32	<nil>
20	29	2	31	<nil>
20	27	7	34	<nil>
20	29	3	32	<nil>
20	30	3	33	<nil>
20	29	3	32	<nil>
20	29	4	33	<nil>
20	29	4	33	<nil>
20	29	2	31	<nil>
20	29	4	33	<nil>
20	34	0	34	<nil>
20	34	1	35	<nil>
20	22	3	25	<nil>
20	27	2	29	<nil>
20	25	0	25	<nil>
20	25	4	29	<nil>
20	29	4	33	<nil>
20	27	2	29	<nil>
20	26	4	30	<nil>
20	28	2	30	<nil>
20	33	1	34	<nil>
20	32	0	32	<nil>
20	30	3	33	<nil>
20	30	4	34	<nil>
20	29	6	35	<nil>
20	31	4	35	<nil>
20	35	4	39	<nil>
20	29	4	33	<nil>
20	28	4	32	<nil>
20	35	0	35	<nil>
20	29	4	33	<nil>
20	36	0	36	<nil>
20	26	3	29	<nil>
20	23	1	24	<nil>
20	24	3	27	<nil>
20	24	2	26	<nil>
20	33	1	34	<nil>
20	24	5	29	<nil>
20	32	1	33	<nil>
20	27	4	31	<nil>
20	32	1	33	<nil>
20	27	3	30	<nil>
20	25	5	30	<nil>
20	29	4	33	<nil>
20	26	4	30	<nil>
20	25	6	31	<nil>
20	30	6	36	<nil>
20	29	6	35	<nil>
20	30	5	35	<nil>
20	26	6	32	<nil>
20	33	21	54	<nil>
20	26	24	50	<nil>
20	27	1	28	<nil>
20	28	2	30	<nil>
20	14	1	15	<nil>
20	23	5	28	<nil>
20	19	1	20	<nil>
20	16	1	17	<nil>
20	10	1	11	<nil>
20	28	2	30	<nil>
20	24	7	31	<nil>
20	24	9	33	<nil>
20	29	5	34	<nil>
20	11	1	12	<nil>
20	32	6	38	<nil>
20	30	10	40	<nil>
20	22	13	35	<nil>
20	26	7	33	<nil>
20	31	3	34	<nil>
20	27	7	34	<nil>
20	27	8	35	<nil>
20	25	0	25	<nil>
20	38	6	44	<nil>
20	44	2	46	<nil>
20	43	8	51	<nil>
20	48	2	50	<nil>
20	38	6	44	<nil>
20	42	4	46	<nil>
20	47	2	49	<nil>
20	36	6	42	<nil>
20	42	4	46	<nil>
20	42	3	45	<nil>
20	50	1	51	<nil>
20	44	2	46	<nil>
20	46	2	48	<nil>
20	43	3	46	<nil>
20	49	1	50	<nil>
20	49	0	49	<nil>
20	43	10	53	<nil>
20	41	8	49	<nil>
20	46	2	48	<nil>
20	39	0	39	<nil>
20	25	1	26	<nil>
20	23	3	26	<nil>
20	21	6	27	<nil>
20	22	5	27	<nil>
20	27	2	29	<nil>
20	26	1	27	<nil>
20	25	2	27	<nil>
20	29	1	30	<nil>
20	27	4	31	<nil>
20	26	6	32	<nil>
20	31	3	34	<nil>
20	26	6	32	<nil>
20	28	4	32	<nil>
20	29	3	32	<nil>
20	31	2	33	<nil>
20	31	2	33	<nil>
20	32	2	34	<nil>
20	33	2	35	<nil>
20	33	1	34	<nil>
20	36	0	36	<nil>
20	33	1	34	<nil>
20	30	4	34	<nil>
20	36	4	40	<nil>
20	36	6	42	<nil>
20	33	3	36	<nil>
20	29	6	35	<nil>
20	29	4	33	<nil>
20	36	1	37	<nil>
20	42	2	44	<nil>
20	35	7	42	<nil>
20	37	1	38	<nil>
20	34	5	39	<nil>
20	40	4	44	<nil>
20	37	0	37	<nil>
20	41	2	43	<nil>
20	34	4	38	<nil>
20	35	2	37	<nil>
20	38	1	39	<nil>
20	38	1	39	<nil>
20	34	6	40	<nil>
20	32	2	34	<nil>
20	28	2	30	<nil>
20	25	6	31	<nil>
20	34	0	34	<nil>
20	27	8	35	<nil>
20	25	9	34	<nil>
20	31	2	33	<nil>
20	33	1	34	<nil>
20	32	2	34	<nil>
20	34	0	34	<nil>
20	32	5	37	<nil>
20	33	2	35	<nil>
20	34	0	34	<nil>
20	35	0	35	<nil>
20	36	0	36	<nil>
20	35	2	37	<nil>
20	33	4	37	<nil>
20	34	3	37	<nil>
20	35	1	36	<nil>
20	33	3	36	<nil>
20	28	8	36	<nil>
20	34	1	35	<nil>
20	35	1	36	<nil>
20	25	7	32	<nil>
20	35	2	37	<nil>
20	32	1	33	<nil>
20	26	7	33	<nil>
20	26	7	33	<nil>
20	32	2	34	<nil>
20	31	4	35	<nil>
20	37	1	38	<nil>
20	34	3	37	<nil>
20	36	0	36	<nil>
20	32	4	36	<nil>
20	32	3	35	<nil>
20	35	1	36	<nil>
20	32	5	37	<nil>
20	40	0	40	<nil>
20	38	0	38	<nil>
20	40	0	40	<nil>
20	37	9	46	<nil>
20	36	6	42	<nil>
20	41	6	47	<nil>
20	40	11	51	<nil>
20	46	2	48	<nil>
20	46	5	51	<nil>
20	54	1	55	<nil>
20	52	1	53	<nil>
20	51	4	55	<nil>
20	48	5	53	<nil>
20	47	5	52	<nil>
20	55	1	56	<nil>
20	52	0	52	<nil>
20	50	3	53	<nil>
20	46	8	54	<nil>
20	47	8	55	<nil>
20	52	3	55	<nil>
20	47	7	54	<nil>
20	50	4	54	<nil>
20	48	4	52	<nil>
20	44	5	49	<nil>
20	39	2	41	<nil>
20	42	2	44	<nil>
20	36	7	43	<nil>
20	36	8	44	<nil>
20	34	9	43	<nil>
20	35	8	43	<nil>
20	35	10	45	<nil>
20	42	2	44	<nil>
20	51	2	53	<nil>
20	35	10	45	<nil>
20	44	4	48	<nil>
20	37	11	48	<nil>
20	40	7	47	<nil>
20	42	121	163	<nil>
20	40	121	161	<nil>
20	42	122	164	<nil>
20	45	121	166	<nil>
20	61	102	163	<nil>
20	119	2	121	<nil>
20	48	122	170	<nil>
20	119	2	121	<nil>
20	117	2	119	<nil>
20	123	0	123	<nil>
20	125	0	125	<nil>
20	123	1	124	<nil>
20	125	1	126	<nil>
20	8	1	9	<nil>
20	123	2	125	<nil>
20	106	3	109	<nil>
20	104	6	110	<nil>
20	122	6	128	<nil>
20	105	6	111	<nil>
20	124	6	130	<nil>
20	7	5	12	<nil>
20	7	8	15	<nil>
20	130	3	133	<nil>
20	14	2	16	<nil>
20	8	9	17	<nil>
20	6	9	15	<nil>
20	7	9	16	<nil>
20	7	9	16	<nil>
20	8	9	17	<nil>
20	7	9	16	<nil>
20	15	7	22	<nil>
20	10	1	11	<nil>
20	19	1	20	<nil>
20	19	1	20	<nil>
20	9	1	10	<nil>
20	17	4	21	<nil>
20	20	2	22	<nil>
20	21	2	23	<nil>
20	19	2	21	<nil>
20	10	4	14	<nil>
20	17	6	23	<nil>
20	18	6	24	<nil>
20	21	4	25	<nil>
20	19	8	27	<nil>
20	11	6	17	<nil>
20	16	6	22	<nil>
20	19	21	40	<nil>
20	28	6	34	<nil>
20	33	2	35	<nil>
20	30	2	32	<nil>
20	37	9	46	<nil>
20	30	9	39	<nil>
20	26	9	35	<nil>
20	16	22	38	<nil>
20	24	9	33	<nil>
20	28	3	31	<nil>
20	8	1	9	<nil>
20	33	1	34	<nil>
20	11	1	12	<nil>
20	34	1	35	<nil>
20	27	2	29	<nil>
20	33	2	35	<nil>
20	34	3	37	<nil>
20	32	3	35	<nil>
20	34	0	34	<nil>
20	32	32	64	<nil>
20	29	29	58	<nil>
20	34	7	41	<nil>
20	32	8	40	<nil>
20	31	8	39	<nil>
20	31	9	40	<nil>
20	34	9	43	<nil>
20	32	11	43	<nil>
20	31	8	39	<nil>
20	35	10	45	<nil>
20	33	1	34	<nil>
20	45	1	46	<nil>
20	13	1	14	<nil>
20	43	1	44	<nil>
20	43	1	44	<nil>
20	44	2	46	<nil>
20	45	1	46	<nil>
20	42	3	45	<nil>
20	42	3	45	<nil>
20	45	3	48	<nil>
20	42	3	45	<nil>
20	12	3	15	<nil>
20	36	5	41	<nil>
20	33	5	38	<nil>
20	33	6	39	<nil>
20	32	7	39	<nil>
20	34	7	41	<nil>
20	34	7	41	<nil>
20	35	7	42	<nil>
20	33	8	41	<nil>
20	40	2	42	<nil>
20	40	4	44	<nil>
20	33	9	42	<nil>
20	42	3	45	<nil>
20	43	2	45	<nil>
20	37	7	44	<nil>
20	42	17	59	<nil>
20	38	22	60	<nil>
20	41	27	68	<nil>
20	37	29	66	<nil>
20	41	29	70	<nil>
20	41	31	72	<nil>
20	27	2	29	<nil>
20	30	11	41	<nil>
20	26	11	37	<nil>
20	26	12	38	<nil>
20	35	8	43	<nil>
20	37	7	44	<nil>
20	35	9	44	<nil>
20	36	8	44	<nil>
20	29	3	32	<nil>
20	18	3	21	<nil>
20	34	13	47	<nil>
20	38	17	55	<nil>
20	23	5	28	<nil>
20	19	10	29	<nil>
20	13	7	20	<nil>
20	18	11	29	<nil>
20	20	10	30	<nil>
20	39	17	56	<nil>
20	17	10	27	<nil>
20	38	17	55	<nil>
20	18	7	25	<nil>
20	19	2	21	<nil>
20	20	1	21	<nil>
20	22	1	23	<nil>
20	22	1	23	<nil>
20	21	1	22	<nil>
20	11	12	23	<nil>
20	23	0	23	<nil>
20	20	4	24	<nil>
20	25	1	26	<nil>
20	22	3	25	<nil>
20	20	15	35	<nil>
20	21	3	24	<nil>
20	20	7	27	<nil>
20	21	6	27	<nil>
20	25	2	27	<nil>
20	28	7	35	<nil>
20	20	8	28	<nil>
20	27	1	28	<nil>
20	27	1	28	<nil>
20	15	2	17	<nil>
20	34	2	36	<nil>
20	25	1	26	<nil>
20	35	0	35	<nil>
20	34	2	36	<nil>
20	32	3	35	<nil>
20	30	5	35	<nil>
20	27	6	33	<nil>
20	26	6	32	<nil>
20	34	1	35	<nil>
20	38	2	40	<nil>
20	26	6	32	<nil>
20	38	2	40	<nil>
20	31	2	33	<nil>
20	32	2	34	<nil>
20	31	2	33	<nil>
20	32	2	34	<nil>
20	35	3	38	<nil>
20	39	0	39	<nil>
20	36	0	36	<nil>
20	41	1	42	<nil>
20	25	2	27	<nil>
20	22	5	27	<nil>
20	28	1	29	<nil>
20	27	5	32	<nil>
20	29	1	30	<nil>
20	28	1	29	<nil>
20	21	10	31	<nil>
20	30	7	37	<nil>
20	25	6	31	<nil>
20	21	10	31	<nil>
20	23	6	29	<nil>
20	28	6	34	<nil>
20	26	6	32	<nil>
20	26	7	33	<nil>
20	24	7	31	<nil>
20	23	7	30	<nil>
20	31	0	31	<nil>
20	28	6	34	<nil>
20	33	2	35	<nil>
20	29	2	31	<nil>
20	31	1	32	<nil>
20	22	7	29	<nil>
20	23	7	30	<nil>
20	31	2	33	<nil>
20	28	3	31	<nil>
20	28	3	31	<nil>
20	28	2	30	<nil>
20	30	2	32	<nil>
20	30	2	32	<nil>
20	25	7	32	<nil>
20	28	5	33	<nil>
20	25	7	32	<nil>
20	25	7	32	<nil>
20	30	3	33	<nil>
20	30	3	33	<nil>
20	32	1	33	<nil>
20	30	2	32	<nil>
20	36	0	36	<nil>
20	25	8	33	<nil>
20	32	4	36	<nil>
20	36	1	37	<nil>
20	31	7	38	<nil>
20	36	1	37	<nil>
20	35	3	38	<nil>
20	38	1	39	<nil>
20	35	2	37	<nil>
20	35	2	37	<nil>
20	36	4	40	<nil>
20	36	2	38	<nil>
20	36	2	38	<nil>
20	36	3	39	<nil>
20	35	3	38	<nil>
20	36	2	38	<nil>
20	38	1	39	<nil>
20	40	1	41	<nil>
20	38	1	39	<nil>
20	37	4	41	<nil>
20	36	2	38	<nil>
20	41	1	42	<nil>
20	37	2	39	<nil>
20	26	5	31	<nil>
20	27	1	28	<nil>
20	23	5	28	<nil>
20	28	1	29	<nil>
20	23	6	29	<nil>
20	28	4	32	<nil>
20	30	0	30	<nil>
20	27	5	32	<nil>
20	24	8	32	<nil>
20	32	1	33	<nil>
20	30	2	32	<nil>
20	31	2	33	<nil>
20	27	5	32	<nil>
20	30	3	33	<nil>
20	33	1	34	<nil>
20	34	3	37	<nil>
20	32	2	34	<nil>
20	28	6	34	<nil>
20	28	7	35	<nil>
20	27	15	42	<nil>
20	14	1	15	<nil>
20	13	4	17	<nil>
20	15	13	28	<nil>
20	20	11	31	<nil>
20	19	11	30	<nil>
20	24	7	31	<nil>
20	25	6	31	<nil>
20	28	4	32	<nil>
20	4	1	5	<nil>
20	24	0	24	<nil>
20	4	1	5	<nil>
20	4	1	5	<nil>
20	25	0	25	<nil>
20	24	1	25	<nil>
20	33	0	33	<nil>
20	28	39	67	<nil>
20	22	41	63	<nil>
20	19	39	58	<nil>
20	12	39	51	<nil>
20	5	33	38	<nil>
20	6	38	44	<nil>
20	28	39	67	<nil>
20	22	41	63	<nil>
20	22	41	63	<nil>
20	5	33	38	<nil>
20	3	41	44	<nil>
20	5	33	38	<nil>
20	26	41	67	<nil>
20	24	39	63	<nil>
20	6	33	39	<nil>
20	5	33	38	<nil>
20	5	33	38	<nil>
20	5	33	38	<nil>
20	22	41	63	<nil>
20	5	33	38	<nil>
20	16	1	17	<nil>
20	16	1	17	<nil>
20	18	1	19	<nil>
20	18	1	19	<nil>
20	16	3	19	<nil>
20	18	1	19	<nil>
20	18	1	19	<nil>
20	16	5	21	<nil>
20	18	3	21	<nil>
20	21	1	22	<nil>
20	22	1	23	<nil>
20	20	2	22	<nil>
20	22	0	22	<nil>
20	20	2	22	<nil>
20	22	0	22	<nil>
20	21	1	22	<nil>
20	22	0	22	<nil>
20	22	1	23	<nil>
20	18	4	22	<nil>
20	21	2	23	<nil>
20	39	6	45	<nil>
20	43	1	44	<nil>
20	40	6	46	<nil>
20	35	8	43	<nil>
20	37	6	43	<nil>
20	36	7	43	<nil>
20	39	7	46	<nil>
20	36	7	43	<nil>
20	46	2	48	<nil>
20	41	2	43	<nil>
20	43	2	45	<nil>
20	46	3	49	<nil>
20	36	9	45	<nil>
20	44	0	44	<nil>
20	44	3	47	<nil>
20	42	3	45	<nil>
20	45	0	45	<nil>
20	36	7	43	<nil>
20	45	0	45	<nil>
20	44	4	48	<nil>
20	23	3	26	<nil>
20	23	3	26	<nil>
20	26	1	27	<nil>
20	25	3	28	<nil>
20	27	2	29	<nil>
20	27	1	28	<nil>
20	26	1	27	<nil>
20	24	4	28	<nil>
20	25	4	29	<nil>
20	28	1	29	<nil>
20	24	4	28	<nil>
20	24	4	28	<nil>
20	25	5	30	<nil>
20	28	0	28	<nil>
20	21	3	24	<nil>
20	26	4	30	<nil>
20	26	5	31	<nil>
20	24	5	29	<nil>
20	22	6	28	<nil>
20	26	6	32	<nil>
20	46	2	48	<nil>
20	47	1	48	<nil>
20	46	1	47	<nil>
20	48	1	49	<nil>
20	49	2	51	<nil>
20	44	5	49	<nil>
20	42	7	49	<nil>
20	47	3	50	<nil>
20	45	4	49	<nil>
20	48	6	54	<nil>
20	48	2	50	<nil>
20	46	5	51	<nil>
20	46	6	52	<nil>
20	52	3	55	<nil>
20	50	16	66	<nil>
20	46	18	64	<nil>
20	49	18	67	<nil>
20	49	17	66	<nil>
20	49	17	66	<nil>
20	49	15	64	<nil>
20	21	22	43	<nil>
20	21	21	42	<nil>
20	20	22	42	<nil>
20	31	18	49	<nil>
20	23	24	47	<nil>
20	42	9	51	<nil>
20	43	6	49	<nil>
20	42	8	50	<nil>
20	42	8	50	<nil>
20	43	7	50	<nil>
20	43	7	50	<nil>
20	28	5	33	<nil>
20	31	4	35	<nil>
20	31	4	35	<nil>
20	34	14	48	<nil>
20	33	10	43	<nil>
20	29	14	43	<nil>
20	33	13	46	<nil>
20	34	16	50	<nil>
20	39	13	52	<nil>
20	20	15	35	<nil>
20	23	23	46	<nil>
20	16	27	43	<nil>
20	28	27	55	<nil>
20	15	36	51	<nil>
20	16	2	18	<nil>
20	44	1	45	<nil>
20	23	1	24	<nil>
20	45	1	46	<nil>
20	50	5	55	<nil>
20	43	1	44	<nil>
20	43	4	47	<nil>
20	36	1	37	<nil>
20	48	8	56	<nil>
20	36	10	46	<nil>
20	28	0	28	<nil>
20	51	5	56	<nil>
20	46	10	56	<nil>
20	40	19	59	<nil>
20	51	19	70	<nil>
20	43	19	62	<nil>
20	32	29	61	<nil>
20	42	3	45	<nil>
20	50	4	54	<nil>
20	34	31	65	<nil>
20	16	30	46	<nil>
20	39	4	43	<nil>
20	40	3	43	<nil>
20	43	6	49	<nil>
20	47	3	50	<nil>
20	47	9	56	<nil>
20	42	3	45	<nil>
20	33	3	36	<nil>
20	30	3	33	<nil>
20	35	1	36	<nil>
20	36	3	39	<nil>
20	34	3	37	<nil>
20	42	4	46	<nil>
20	35	0	35	<nil>
20	36	1	37	<nil>
20	39	1	40	<nil>
20	37	6	43	<nil>
20	37	5	42	<nil>
20	41	6	47	<nil>
20	43	2	45	<nil>
20	43	1	44	<nil>
20	38	5	43	<nil>
20	40	6	46	<nil>
20	45	0	45	<nil>
20	38	7	45	<nil>
20	22	0	22	<nil>
20	40	3	43	<nil>
20	33	1	34	<nil>
20	36	7	43	<nil>
20	42	7	49	<nil>
20	40	3	43	<nil>
20	39	6	45	<nil>
20	43	1	44	<nil>
20	44	0	44	<nil>
20	43	1	44	<nil>
20	14	3	17	<nil>
20	39	5	44	<nil>
20	45	4	49	<nil>
20	48	1	49	<nil>
20	46	2	48	<nil>
20	49	1	50	<nil>
20	46	5	51	<nil>
20	39	11	50	<nil>
20	50	1	51	<nil>
20	50	1	51	<nil>
20	47	24	71	<nil>
20	46	24	70	<nil>
20	48	25	73	<nil>
20	71	2	73	<nil>
20	51	24	75	<nil>
20	59	14	73	<nil>
20	49	27	76	<nil>
20	67	10	77	<nil>
20	66	12	78	<nil>
20	26	1	27	<nil>
20	25	3	28	<nil>
20	74	4	78	<nil>
20	27	3	30	<nil>
20	73	6	79	<nil>
20	42	13	55	<nil>
20	37	13	50	<nil>
20	41	6	47	<nil>
20	42	9	51	<nil>
20	30	17	47	<nil>
20	20	2	22	<nil>
20	48	22	70	<nil>
20	22	20	42	<nil>
20	21	20	41	<nil>
20	23	20	43	<nil>
20	36	1	37	<nil>
20	37	0	37	<nil>
20	24	0	24	<nil>
20	40	1	41	<nil>
20	37	0	37	<nil>
20	38	1	39	<nil>
20	27	1	28	<nil>
20	45	9	54	<nil>
20	119	2	121	<nil>
20	65	97	162	<nil>
20	116	3	119	<nil>
20	121	1	122	<nil>
20	117	1	118	<nil>
20	118	4	122	<nil>
20	118	4	122	<nil>
20	120	1	121	<nil>
20	99	1	100	<nil>
20	118	0	118	<nil>
20	66	100	166	<nil>
20	124	0	124	<nil>
20	117	2	119	<nil>
20	120	3	123	<nil>
20	118	2	120	<nil>
20	119	0	119	<nil>
20	118	3	121	<nil>
20	121	3	124	<nil>
20	116	6	122	<nil>
20	118	3	121	<nil>
20	28	3	31	<nil>
20	27	3	30	<nil>
20	28	3	31	<nil>
20	29	4	33	<nil>
20	29	4	33	<nil>
20	32	3	35	<nil>
20	29	4	33	<nil>
20	29	4	33	<nil>
20	33	1	34	<nil>
20	32	4	36	<nil>
20	33	3	36	<nil>
20	32	9	41	<nil>
20	32	9	41	<nil>
20	29	12	41	<nil>
20	31	13	44	<nil>
20	31	10	41	<nil>
20	32	11	43	<nil>
20	29	13	42	<nil>
20	31	13	44	<nil>
20	32	11	43	<nil>
20	12	21	33	<nil>
20	33	5	38	<nil>
20	32	6	38	<nil>
20	32	8	40	<nil>
20	28	2	30	<nil>
20	30	1	31	<nil>
20	28	2	30	<nil>
20	30	3	33	<nil>
20	4	3	7	<nil>
20	31	9	40	<nil>
20	24	6	30	<nil>
20	31	12	43	<nil>
20	29	4	33	<nil>
20	30	2	32	<nil>
20	32	11	43	<nil>
20	29	2	31	<nil>
20	25	9	34	<nil>
20	25	27	52	<nil>
20	29	28	57	<nil>
20	21	5	26	<nil>
20	23	2	25	<nil>
20	23	4	27	<nil>
20	31	3	34	<nil>
20	33	3	36	<nil>
20	24	10	34	<nil>
20	31	3	34	<nil>
20	37	4	41	<nil>
20	59	8	67	<nil>
20	31	7	38	<nil>
20	14	7	21	<nil>
20	32	10	42	<nil>
20	33	10	43	<nil>
20	24	7	31	<nil>
20	16	8	24	<nil>
20	57	5	62	<nil>
20	11	2	13	<nil>
20	25	8	33	<nil>
20	37	10	47	<nil>
20	25	8	33	<nil>
20	8	2	10	<nil>
20	13	10	23	<nil>
20	8	3	11	<nil>
20	10	12	22	<nil>
20	8	11	19	<nil>
20	20	13	33	<nil>
20	19	9	28	<nil>
20	22	14	36	<nil>
20	29	2	31	<nil>
20	25	6	31	<nil>
20	24	7	31	<nil>
20	24	7	31	<nil>
20	26	2	28	<nil>
20	28	6	34	<nil>
20	21	5	26	<nil>
20	18	6	24	<nil>
20	20	7	27	<nil>
20	25	12	37	<nil>
20	17	8	25	<nil>
20	21	15	36	<nil>
20	29	12	41	<nil>
20	29	16	45	<nil>
20	25	17	42	<nil>
20	26	16	42	<nil>
20	28	19	47	<nil>
20	25	5	30	<nil>
20	26	4	30	<nil>
20	26	4	30	<nil>
20	32	8	40	<nil>
20	26	12	38	<nil>
20	38	5	43	<nil>
20	38	5	43	<nil>
20	32	11	43	<nil>
20	40	6	46	<nil>
20	13	11	24	<nil>
20	37	5	42	<nil>
20	37	5	42	<nil>
20	35	11	46	<nil>
20	37	6	43	<nil>
20	20	16	36	<nil>
20	24	7	31	<nil>
20	33	4	37	<nil>
20	28	4	32	<nil>
20	8	23	31	<nil>
20	25	24	49	<nil>
20	8	18	26	<nil>
20	18	26	44	<nil>
20	17	18	35	<nil>
20	10	26	36	<nil>
20	19	16	35	<nil>
20	18	35	53	<nil>
20	39	2	41	<nil>
20	28	4	32	<nil>
20	14	3	17	<nil>
20	31	3	34	<nil>
20	33	9	42	<nil>
20	30	11	41	<nil>
20	16	5	21	<nil>
20	32	10	42	<nil>
20	33	11	44	<nil>
20	19	3	22	<nil>
20	38	5	43	<nil>
20	30	5	35	<nil>
20	43	6	49	<nil>
20	42	7	49	<nil>
20	34	16	50	<nil>
20	30	17	47	<nil>
20	28	18	46	<nil>
20	23	7	30	<nil>
20	29	2	31	<nil>
20	17	12	29	<nil>
20	28	9	37	<nil>
20	26	4	30	<nil>
20	19	4	23	<nil>
20	24	4	28	<nil>
20	21	6	27	<nil>
20	26	3	29	<nil>
20	6	2	8	<nil>
20	27	2	29	<nil>
20	32	2	34	<nil>
20	26	8	34	<nil>
20	23	8	31	<nil>
20	27	5	32	<nil>
20	9	6	15	<nil>
20	27	5	32	<nil>
20	28	9	37	<nil>
20	33	7	40	<nil>
20	17	9	26	<nil>
20	11	8	19	<nil>
20	26	2	28	<nil>
20	26	2	28	<nil>
20	17	2	19	<nil>
20	31	3	34	<nil>
20	27	4	31	<nil>
20	23	3	26	<nil>
20	17	3	20	<nil>
20	31	5	36	<nil>
20	28	1	29	<nil>
20	31	6	37	<nil>
20	20	3	23	<nil>
20	21	2	23	<nil>
20	25	3	28	<nil>
20	29	2	31	<nil>
20	25	2	27	<nil>
20	22	4	26	<nil>
20	19	4	23	<nil>
20	29	4	33	<nil>
20	19	7	26	<nil>
20	18	13	31	<nil>
20	30	2	32	<nil>
20	28	3	31	<nil>
20	33	4	37	<nil>
20	33	5	38	<nil>
20	32	5	37	<nil>
20	31	5	36	<nil>
20	30	7	37	<nil>
20	20	2	22	<nil>
20	20	2	22	<nil>
20	27	13	40	<nil>
20	29	15	44	<nil>
20	32	13	45	<nil>
20	20	12	32	<nil>
20	31	12	43	<nil>
20	20	12	32	<nil>
20	33	12	45	<nil>
20	33	16	49	<nil>
20	32	13	45	<nil>
20	32	11	43	<nil>
20	20	12	32	<nil>
20	13	12	25	<nil>
20	31	2	33	<nil>
20	32	3	35	<nil>
20	30	2	32	<nil>
20	32	7	39	<nil>
20	31	10	41	<nil>
20	21	4	25	<nil>
20	30	8	38	<nil>
20	27	5	32	<nil>
20	31	3	34	<nil>
20	29	3	32	<nil>
20	41	4	45	<nil>
20	25	8	33	<nil>
20	27	15	42	<nil>
20	28	14	42	<nil>
20	12	11	23	<nil>
20	22	16	38	<nil>
20	33	12	45	<nil>
20	28	15	43	<nil>
20	27	15	42	<nil>
20	31	12	43	<nil>
20	11	19	30	<nil>
20	31	6	37	<nil>
20	17	6	23	<nil>
20	27	6	33	<nil>
20	31	6	37	<nil>
20	27	6	33	<nil>
20	26	6	32	<nil>
20	31	3	34	<nil>
20	18	5	23	<nil>
20	16	8	24	<nil>
20	19	5	24	<nil>
20	23	2	25	<nil>
20	26	6	32	<nil>
20	22	4	26	<nil>
20	21	5	26	<nil>
20	23	12	35	<nil>
20	18	12	30	<nil>
20	21	15	36	<nil>
20	25	14	39	<nil>
20	21	19	40	<nil>
20	8	19	27	<nil>
20	27	5	32	<nil>
20	32	2	34	<nil>
20	33	4	37	<nil>
20	32	1	33	<nil>
20	32	5	37	<nil>
20	32	5	37	<nil>
20	31	4	35	<nil>
20	18	6	24	<nil>
20	31	5	36	<nil>
20	30	10	40	<nil>
20	15	9	24	<nil>
20	32	11	43	<nil>
20	29	11	40	<nil>
20	33	10	43	<nil>
20	19	6	25	<nil>
20	30	11	41	<nil>
20	15	1	16	<nil>
20	17	9	26	<nil>
20	8	0	8	<nil>
20	7	1	8	<nil>
20	30	5	35	<nil>
20	16	9	25	<nil>
20	10	0	10	<nil>
20	25	5	30	<nil>
20	27	4	31	<nil>
20	29	3	32	<nil>
20	26	2	28	<nil>
20	27	2	29	<nil>
20	27	5	32	<nil>
20	25	5	30	<nil>
20	25	5	30	<nil>
20	30	2	32	<nil>
20	30	4	34	<nil>
20	29	5	34	<nil>
20	31	2	33	<nil>
20	28	4	32	<nil>
20	33	1	34	<nil>
20	32	1	33	<nil>
20	31	1	32	<nil>
20	31	8	39	<nil>
20	31	7	38	<nil>
20	32	9	41	<nil>
20	12	8	20	<nil>
20	31	2	33	<nil>
20	29	2	31	<nil>
20	29	4	33	<nil>
20	29	3	32	<nil>
20	30	2	32	<nil>
20	30	2	32	<nil>
20	26	0	26	<nil>
20	25	1	26	<nil>
20	31	2	33	<nil>
20	25	1	26	<nil>
20	25	2	27	<nil>
20	31	1	32	<nil>
20	25	2	27	<nil>
20	27	1	28	<nil>
20	24	4	28	<nil>
20	34	1	35	<nil>
20	30	4	34	<nil>
20	31	4	35	<nil>
20	25	4	29	<nil>
20	24	5	29	<nil>
20	31	1	32	<nil>
20	28	3	31	<nil>
20	25	3	28	<nil>
20	25	4	29	<nil>
20	25	5	30	<nil>
20	31	2	33	<nil>
20	27	4	31	<nil>
20	30	2	32	<nil>
20	29	4	33	<nil>
20	31	5	36	<nil>
20	29	11	40	<nil>
20	29	4	33	<nil>
20	31	12	43	<nil>
20	29	12	41	<nil>
20	28	12	40	<nil>
20	35	10	45	<nil>
20	30	10	40	<nil>
20	32	9	41	<nil>
20	31	18	49	<nil>
20	34	20	54	<nil>
20	15	4	19	<nil>
20	21	14	35	<nil>
20	19	13	32	<nil>
20	20	15	35	<nil>
20	18	0	18	<nil>
20	24	1	25	<nil>
20	21	17	38	<nil>
20	20	18	38	<nil>
20	18	0	18	<nil>
20	19	18	37	<nil>
20	25	4	29	<nil>
20	25	7	32	<nil>
20	19	9	28	<nil>
20	20	2	22	<nil>
20	29	6	35	<nil>
20	28	16	44	<nil>
20	30	15	45	<nil>
20	19	11	30	<nil>
20	31	10	41	<nil>
20	37	13	50	<nil>
20	42	12	54	<nil>
20	18	13	31	<nil>
20	27	5	32	<nil>
20	18	15	33	<nil>
20	28	5	33	<nil>
20	31	12	43	<nil>
20	37	12	49	<nil>
20	27	15	42	<nil>
20	31	14	45	<nil>
20	15	14	29	<nil>
20	27	15	42	<nil>
20	29	17	46	<nil>
20	23	5	28	<nil>
20	23	7	30	<nil>
20	25	7	32	<nil>
20	17	15	32	<nil>
20	15	15	30	<nil>
20	16	5	21	<nil>
20	11	14	25	<nil>
20	22	15	37	<nil>
20	23	15	38	<nil>
20	22	15	37	<nil>
20	12	15	27	<nil>
20	23	3	26	<nil>
20	19	16	35	<nil>
20	15	2	17	<nil>
20	24	5	29	<nil>
20	26	5	31	<nil>
20	23	10	33	<nil>
20	29	5	34	<nil>
20	21	14	35	<nil>
20	34	6	40	<nil>
20	29	5	34	<nil>
20	32	6	38	<nil>
20	25	15	40	<nil>
20	30	5	35	<nil>
20	35	5	40	<nil>
20	5	14	19	<nil>
20	34	7	41	<nil>
20	13	5	18	<nil>
20	19	5	24	<nil>
20	21	7	28	<nil>
20	19	8	27	<nil>
20	25	4	29	<nil>
20	22	4	26	<nil>
20	19	9	28	<nil>
20	24	5	29	<nil>
20	20	16	36	<nil>
20	8	16	24	<nil>
20	25	6	31	<nil>
20	27	6	33	<nil>
20	28	11	39	<nil>
20	29	9	38	<nil>
20	10	7	17	<nil>
20	26	11	37	<nil>
20	32	11	43	<nil>
20	12	8	20	<nil>
20	38	10	48	<nil>
20	42	7	49	<nil>
20	35	11	46	<nil>
20	46	8	54	<nil>
20	37	6	43	<nil>
20	38	12	50	<nil>
20	38	7	45	<nil>
20	20	12	32	<nil>
20	39	11	50	<nil>
20	43	8	51	<nil>
20	24	4	28	<nil>
20	25	8	33	<nil>
20	15	13	28	<nil>
20	21	13	34	<nil>
20	28	3	31	<nil>
20	26	10	36	<nil>
20	16	9	25	<nil>
20	14	10	24	<nil>
20	18	11	29	<nil>
20	20	5	25	<nil>
20	24	9	33	<nil>
20	27	9	36	<nil>
20	31	13	44	<nil>
20	22	29	51	<nil>
20	19	31	50	<nil>
20	34	18	52	<nil>
20	21	18	39	<nil>
20	31	14	45	<nil>
20	44	9	53	<nil>
20	47	7	54	<nil>
20	49	4	53	<nil>
20	35	8	43	<nil>
20	37	7	44	<nil>
20	30	2	32	<nil>
20	30	3	33	<nil>
20	43	6	49	<nil>
20	20	10	30	<nil>
20	31	11	42	<nil>
20	21	11	32	<nil>
20	21	16	37	<nil>
20	30	16	46	<nil>
20	7	14	21	<nil>
20	36	19	55	<nil>
20	16	21	37	<nil>
20	37	3	40	<nil>
20	37	3	40	<nil>
20	35	4	39	<nil>
20	26	3	29	<nil>
20	34	5	39	<nil>
20	25	6	31	<nil>
20	26	9	35	<nil>
20	27	9	36	<nil>
20	27	12	39	<nil>
20	42	7	49	<nil>
20	31	8	39	<nil>
20	16	10	26	<nil>
20	32	17	49	<nil>
20	35	17	52	<nil>
20	23	10	33	<nil>
20	36	17	53	<nil>
20	17	5	22	<nil>
20	24	14	38	<nil>
20	26	14	40	<nil>
20	26	5	31	<nil>
20	18	12	30	<nil>
20	24	8	32	<nil>
20	19	11	30	<nil>
20	19	10	29	<nil>
20	19	11	30	<nil>
20	24	11	35	<nil>
20	20	2	22	<nil>
20	20	1	21	<nil>
20	22	0	22	<nil>
20	20	5	25	<nil>
20	22	5	27	<nil>
20	11	20	31	<nil>
20	12	20	32	<nil>
20	13	10	23	<nil>
20	13	10	23	<nil>
20	8	8	16	<nil>
20	13	19	32	<nil>
20	10	7	17	<nil>
20	12	10	22	<nil>
20	11	20	31	<nil>
20	11	10	21	<nil>
20	8	9	17	<nil>
20	12	8	20	<nil>
20	12	11	23	<nil>
20	12	11	23	<nil>
20	12	9	21	<nil>
20	9	7	16	<nil>
20	9	8	17	<nil>
20	13	8	21	<nil>
20	11	10	21	<nil>
20	11	23	34	<nil>
20	19	4	23	<nil>
20	22	1	23	<nil>
20	23	1	24	<nil>
20	25	1	26	<nil>
20	23	1	24	<nil>
20	23	1	24	<nil>
20	20	5	25	<nil>
20	24	1	25	<nil>
20	23	3	26	<nil>
20	26	2	28	<nil>
20	21	9	30	<nil>
20	23	5	28	<nil>
20	24	4	28	<nil>
20	19	9	28	<nil>
20	20	8	28	<nil>
20	22	6	28	<nil>
20	23	5	28	<nil>
20	28	2	30	<nil>
20	24	5	29	<nil>
20	27	2	29	<nil>
20	40	5	45	<nil>
20	44	3	47	<nil>
20	47	2	49	<nil>
20	44	4	48	<nil>
20	46	7	53	<nil>
20	40	4	44	<nil>
20	50	1	51	<nil>
20	49	7	56	<nil>
20	55	0	55	<nil>
20	49	1	50	<nil>
20	51	1	52	<nil>
20	47	8	55	<nil>
20	49	3	52	<nil>
20	44	8	52	<nil>
20	43	9	52	<nil>
20	54	2	56	<nil>
20	51	1	52	<nil>
20	52	1	53	<nil>
20	51	1	52	<nil>
20	57	103	160	<nil>
20	109	2	111	<nil>
20	111	2	113	<nil>
20	109	2	111	<nil>
20	113	2	115	<nil>
20	113	4	117	<nil>
20	111	7	118	<nil>
20	111	4	115	<nil>
20	115	6	121	<nil>
20	110	8	118	<nil>
20	111	7	118	<nil>
20	112	7	119	<nil>
20	9	4	13	<nil>
20	117	6	123	<nil>
20	118	8	126	<nil>
20	121	7	128	<nil>
20	124	8	132	<nil>
20	117	11	128	<nil>
20	117	7	124	<nil>
20	120	11	131	<nil>
20	118	8	126	<nil>
20	17	7	24	<nil>
20	22	4	26	<nil>
20	22	6	28	<nil>
20	24	4	28	<nil>
20	21	8	29	<nil>
20	17	10	27	<nil>
20	26	4	30	<nil>
20	21	5	26	<nil>
20	19	8	27	<nil>
20	33	3	36	<nil>
20	20	8	28	<nil>
20	22	9	31	<nil>
20	16	7	23	<nil>
20	16	11	27	<nil>
20	15	9	24	<nil>
20	25	9	34	<nil>
20	16	14	30	<nil>
20	26	15	41	<nil>
20	34	14	48	<nil>
20	16	16	32	<nil>
20	16	7	23	<nil>
20	18	21	39	<nil>
20	18	21	39	<nil>
20	21	18	39	<nil>
20	29	1	30	<nil>
20	35	7	42	<nil>
20	37	2	39	<nil>
20	22	23	45	<nil>
20	37	12	49	<nil>
20	10	1	11	<nil>
20	15	1	16	<nil>
20	28	10	38	<nil>
20	37	1	38	<nil>
20	32	1	33	<nil>
20	28	11	39	<nil>
20	28	11	39	<nil>
20	10	1	11	<nil>
20	22	11	33	<nil>
20	11	2	13	<nil>
20	30	11	41	<nil>
20	28	12	40	<nil>
20	31	5	36	<nil>
20	30	24	54	<nil>
20	27	9	36	<nil>
20	27	9	36	<nil>
20	29	8	37	<nil>
20	27	10	37	<nil>
20	27	10	37	<nil>
20	34	4	38	<nil>
20	29	10	39	<nil>
20	35	4	39	<nil>
20	37	3	40	<nil>
20	36	4	40	<nil>
20	21	1	22	<nil>
20	39	5	44	<nil>
20	35	5	40	<nil>
20	37	21	58	<nil>
20	10	22	32	<nil>
20	39	23	62	<nil>
20	35	23	58	<nil>
20	46	19	65	<nil>
20	41	23	64	<nil>
20	60	15	75	<nil>
20	19	4	23	<nil>
20	33	14	47	<nil>
20	41	4	45	<nil>
20	39	4	43	<nil>
20	30	15	45	<nil>
20	32	12	44	<nil>
20	37	7	44	<nil>
20	46	2	48	<nil>
20	47	2	49	<nil>
20	46	3	49	<nil>
20	27	0	27	<nil>
20	27	1	28	<nil>
20	45	2	47	<nil>
20	27	1	28	<nil>
20	28	1	29	<nil>
20	30	2	32	<nil>
20	42	12	54	<nil>
20	19	31	50	<nil>
20	31	7	38	<nil>
20	33	8	41	<nil>
20	32	8	40	<nil>
20	30	9	39	<nil>
20	31	10	41	<nil>
20	30	9	39	<nil>
20	29	10	39	<nil>
20	33	0	33	<nil>
20	39	1	40	<nil>
20	33	9	42	<nil>
20	31	10	41	<nil>
20	40	3	43	<nil>
20	38	11	49	<nil>
20	38	4	42	<nil>
20	29	3	32	<nil>
20	19	4	23	<nil>
20	56	5	61	<nil>
20	36	0	36	<nil>
20	23	0	23	<nil>
20	36	4	40	<nil>
20	37	2	39	<nil>
20	35	2	37	<nil>
20	40	3	43	<nil>
20	37	3	40	<nil>
20	43	3	46	<nil>
20	43	2	45	<nil>
20	44	3	47	<nil>
20	41	3	44	<nil>
20	44	3	47	<nil>
20	38	9	47	<nil>
20	35	10	45	<nil>
20	43	5	48	<nil>
20	47	0	47	<nil>
20	44	4	48	<nil>
20	48	1	49	<nil>
20	45	1	46	<nil>
20	42	3	45	<nil>
20	54	5	59	<nil>
20	42	5	47	<nil>
20	38	6	44	<nil>
20	36	8	44	<nil>
20	48	1	49	<nil>
20	39	5	44	<nil>
20	43	6	49	<nil>
20	43	1	44	<nil>
20	40	6	46	<nil>
20	45	3	48	<nil>
20	49	2	51	<nil>
20	46	3	49	<nil>
20	44	4	48	<nil>
20	45	4	49	<nil>
20	46	2	48	<nil>
20	38	5	43	<nil>
20	45	4	49	<nil>
20	45	3	48	<nil>
20	47	1	48	<nil>
20	54	1	55	<nil>
20	38	8	46	<nil>
20	49	4	53	<nil>
20	25	7	32	<nil>
20	29	3	32	<nil>
20	33	1	34	<nil>
20	23	7	30	<nil>
20	24	9	33	<nil>
20	31	3	34	<nil>
20	25	7	32	<nil>
20	30	4	34	<nil>
20	35	1	36	<nil>
20	25	5	30	<nil>
20	29	5	34	<nil>
20	37	0	37	<nil>
20	33	2	35	<nil>
20	33	1	34	<nil>
20	33	2	35	<nil>
20	33	2	35	<nil>
20	33	1	34	<nil>
20	25	7	32	<nil>
20	34	1	35	<nil>
20	32	11	43	<nil>
20	25	4	29	<nil>
20	27	5	32	<nil>
20	27	9	36	<nil>
20	31	3	34	<nil>
20	28	6	34	<nil>
20	34	5	39	<nil>
20	33	4	37	<nil>
20	38	2	40	<nil>
20	38	1	39	<nil>
20	33	4	37	<nil>
20	37	1	38	<nil>
20	34	5	39	<nil>
20	34	4	38	<nil>
20	36	2	38	<nil>
20	39	1	40	<nil>
20	38	1	39	<nil>
20	39	1	40	<nil>
20	34	4	38	<nil>
20	34	4	38	<nil>
20	13	1	14	<nil>
20	8	7	15	<nil>
20	34	3	37	<nil>
20	32	1	33	<nil>
20	32	2	34	<nil>
20	38	2	40	<nil>
20	24	3	27	<nil>
20	35	1	36	<nil>
20	35	0	35	<nil>
20	35	1	36	<nil>
20	36	0	36	<nil>
20	32	6	38	<nil>
20	35	2	37	<nil>
20	36	0	36	<nil>
20	35	3	38	<nil>
20	37	1	38	<nil>
20	37	1	38	<nil>
20	38	0	38	<nil>
20	38	0	38	<nil>
20	26	5	31	<nil>
20	34	3	37	<nil>
20	39	0	39	<nil>
20	34	3	37	<nil>
20	30	3	33	<nil>
20	36	4	40	<nil>
20	35	2	37	<nil>
20	32	2	34	<nil>
20	37	4	41	<nil>
20	39	1	40	<nil>
20	41	2	43	<nil>
20	42	1	43	<nil>
20	37	2	39	<nil>
20	42	3	45	<nil>
20	38	3	41	<nil>
20	46	0	46	<nil>
20	39	3	42	<nil>
20	39	3	42	<nil>
20	41	3	44	<nil>
20	40	2	42	<nil>
20	44	0	44	<nil>
20	41	0	41	<nil>
20	41	1	42	<nil>
20	35	2	37	<nil>
20	35	2	37	<nil>
20	32	6	38	<nil>
20	34	3	37	<nil>
20	32	8	40	<nil>
20	44	1	45	<nil>
20	38	2	40	<nil>
20	36	4	40	<nil>
20	39	2	41	<nil>
20	32	10	42	<nil>
20	32	9	41	<nil>
20	32	10	42	<nil>
20	43	3	46	<nil>
20	37	5	42	<nil>
20	42	2	44	<nil>
20	42	0	42	<nil>
20	43	0	43	<nil>
20	40	3	43	<nil>
20	42	1	43	<nil>
20	43	0	43	<nil>
40	56	8	64	<nil>
40	47	8	55	<nil>
40	50	10	60	<nil>
40	66	1	67	<nil>
40	48	10	58	<nil>
40	51	14	65	<nil>
40	51	16	67	<nil>
40	47	11	58	<nil>
40	48	12	60	<nil>
40	39	6	45	<nil>
40	37	8	45	<nil>
40	38	7	45	<nil>
40	39	1	40	<nil>
40	59	8	67	<nil>
40	61	6	67	<nil>
40	47	19	66	<nil>
40	39	6	45	<nil>
40	60	6	66	<nil>
40	66	13	79	<nil>
40	77	1	78	<nil>
40	40	14	54	<nil>
40	51	17	68	<nil>
40	50	4	54	<nil>
40	41	12	53	<nil>
40	40	14	54	<nil>
40	45	9	54	<nil>
40	52	1	53	<nil>
40	60	14	74	<nil>
40	77	44	121	<nil>
40	50	46	96	<nil>
40	53	43	96	<nil>
40	53	43	96	<nil>
40	76	42	118	<nil>
40	50	46	96	<nil>
40	52	45	97	<nil>
40	58	41	99	<nil>
40	58	41	99	<nil>
40	59	41	100	<nil>
40	60	49	109	<nil>
40	88	55	143	<nil>
40	61	24	85	<nil>
40	61	23	84	<nil>
40	58	23	81	<nil>
40	53	19	72	<nil>
40	73	7	80	<nil>
40	69	25	94	<nil>
40	71	5	76	<nil>
40	53	31	84	<nil>
40	79	10	89	<nil>
40	53	29	82	<nil>
40	60	29	89	<nil>
40	79	11	90	<nil>
40	52	30	82	<nil>
40	81	8	89	<nil>
40	69	8	77	<nil>
40	64	29	93	<nil>
40	73	9	82	<nil>
40	69	8	77	<nil>
40	71	29	100	<nil>
40	70	8	78	<nil>
40	75	11	86	<nil>
40	78	11	89	<nil>
40	80	9	89	<nil>
40	81	12	93	<nil>
40	81	8	89	<nil>
40	92	15	107	<nil>
40	87	30	117	<nil>
40	56	14	70	<nil>
40	69	36	105	<nil>
40	56	30	86	<nil>
40	54	30	84	<nil>
40	57	28	85	<nil>
40	51	29	80	<nil>
40	56	32	88	<nil>
40	56	42	98	<nil>
40	56	33	89	<nil>
40	55	15	70	<nil>
40	90	25	115	<nil>
40	87	32	119	<nil>
40	69	31	100	<nil>
40	92	26	118	<nil>
40	66	8	74	<nil>
40	83	8	91	<nil>
40	72	8	80	<nil>
40	70	30	100	<nil>
40	72	26	98	<nil>
40	68	31	99	<nil>
40	73	11	84	<nil>
40	76	9	85	<nil>
40	77	7	84	<nil>
40	77	15	92	<nil>
40	85	5	90	<nil>
40	76	6	82	<nil>
40	87	10	97	<nil>
40	82	12	94	<nil>
40	85	17	102	<nil>
40	70	32	102	<nil>
40	77	30	107	<nil>
40	82	30	112	<nil>
40	87	29	116	<nil>
40	82	28	110	<nil>
40	76	26	102	<nil>
40	39	42	81	<nil>
40	39	33	72	<nil>
40	41	42	83	<nil>
40	36	63	99	<nil>
40	68	29	97	<nil>
40	58	24	82	<nil>
40	39	67	106	<nil>
40	106	40	146	<nil>
40	67	27	94	<nil>
40	80	67	147	<nil>
40	44	63	107	<nil>
40	79	67	146	<nil>
40	44	62	106	<nil>
40	41	67	108	<nil>
40	115	31	146	<nil>
40	65	8	73	<nil>
40	47	11	58	<nil>
40	72	10	82	<nil>
40	68	10	78	<nil>
40	67	11	78	<nil>
40	67	29	96	<nil>
40	66	11	77	<nil>
40	70	11	81	<nil>
40	65	12	77	<nil>
40	34	30	64	<nil>
40	50	30	80	<nil>
40	72	29	101	<nil>
40	61	29	90	<nil>
40	72	29	101	<nil>
40	75	37	112	<nil>
40	77	54	131	<nil>
40	95	36	131	<nil>
40	34	63	97	<nil>
40	48	25	73	<nil>
40	75	54	129	<nil>
40	52	54	106	<nil>
40	74	55	129	<nil>
40	34	63	97	<nil>
40	42	55	97	<nil>
40	52	56	108	<nil>
40	75	54	129	<nil>
40	97	36	133	<nil>
40	97	34	131	<nil>
40	70	15	85	<nil>
40	21	42	63	<nil>
40	48	25	73	<nil>
40	58	32	90	<nil>
40	58	33	91	<nil>
40	58	32	90	<nil>
40	56	32	88	<nil>
40	80	16	96	<nil>
40	75	19	94	<nil>
40	61	24	85	<nil>
40	56	7	63	<nil>
40	76	18	94	<nil>
40	40	24	64	<nil>
40	56	19	75	<nil>
40	50	4	54	<nil>
40	56	26	82	<nil>
40	58	3	61	<nil>
40	53	12	65	<nil>
40	55	8	63	<nil>
40	57	26	83	<nil>
40	58	6	64	<nil>
40	48	8	56	<nil>
40	59	3	62	<nil>
40	28	4	32	<nil>
40	23	4	27	<nil>
40	21	4	25	<nil>
40	31	2	33	<nil>
40	31	2	33	<nil>
40	30	2	32	<nil>
40	90	5	95	<nil>
40	80	4	84	<nil>
40	75	8	83	<nil>
40	94	6	100	<nil>
40	67	9	76	<nil>
40	71	5	76	<nil>
40	78	6	84	<nil>
40	91	12	103	<nil>
40	95	1	96	<nil>
40	90	2	92	<nil>
40	75	9	84	<nil>
40	81	6	87	<nil>
40	76	8	84	<nil>
40	75	9	84	<nil>
40	82	1	83	<nil>
40	97	7	104	<nil>
40	88	4	92	<nil>
40	78	8	86	<nil>
40	101	5	106	<nil>
40	82	3	85	<nil>
40	81	3	84	<nil>
40	96	4	100	<nil>
40	100	7	107	<nil>
40	85	5	90	<nil>
40	96	4	100	<nil>
40	94	7	101	<nil>
40	77	13	90	<nil>
40	98	9	107	<nil>
40	78	12	90	<nil>
40	103	5	108	<nil>
40	85	7	92	<nil>
40	82	8	90	<nil>
40	101	9	110	<nil>
40	83	8	91	<nil>
40	86	5	91	<nil>
40	82	10	92	<nil>
40	84	8	92	<nil>
40	101	10	111	<nil>
40	85	5	90	<nil>
40	76	15	91	<nil>
40	76	8	84	<nil>
40	69	12	81	<nil>
40	84	9	93	<nil>
40	72	12	84	<nil>
40	79	19	98	<nil>
40	87	6	93	<nil>
40	87	7	94	<nil>
40	90	6	96	<nil>
40	86	4	90	<nil>
40	81	16	97	<nil>
40	84	8	92	<nil>
40	82	8	90	<nil>
40	70	21	91	<nil>
40	84	8	92	<nil>
40	84	16	100	<nil>
40	84	8	92	<nil>
40	88	4	92	<nil>
40	86	6	92	<nil>
40	88	9	97	<nil>
40	83	7	90	<nil>
40	92	7	99	<nil>
40	90	5	95	<nil>
40	90	6	96	<nil>
40	84	13	97	<nil>
40	84	12	96	<nil>
40	85	7	92	<nil>
40	95	6	101	<nil>
40	96	4	100	<nil>
40	98	8	106	<nil>
40	96	6	102	<nil>
40	95	42	137	<nil>
40	100	77	177	<nil>
40	99	69	168	<nil>
40	100	84	184	<nil>
40	101	88	189	<nil>
40	99	79	178	<nil>
40	94	93	187	<nil>
40	95	87	182	<nil>
40	100	106	206	<nil>
40	102	105	207	<nil>
40	121	6	127	<nil>
40	117	9	126	<nil>
40	120	1	121	<nil>
40	113	9	122	<nil>
40	111	9	120	<nil>
40	114	9	123	<nil>
40	121	0	121	<nil>
40	124	10	134	<nil>
40	116	10	126	<nil>
40	112	9	121	<nil>
40	107	15	122	<nil>
40	114	14	128	<nil>
40	119	14	133	<nil>
40	114	15	129	<nil>
40	120	16	136	<nil>
40	113	16	129	<nil>
40	98	13	111	<nil>
40	115	17	132	<nil>
40	123	18	141	<nil>
40	39	2	41	<nil>
40	40	19	59	<nil>
40	125	18	143	<nil>
40	113	5	118	<nil>
40	123	25	148	<nil>
40	142	6	148	<nil>
40	127	24	151	<nil>
40	40	26	66	<nil>
40	82	39	121	<nil>
40	147	60	207	<nil>
40	79	40	119	<nil>
40	110	59	169	<nil>
40	82	40	122	<nil>
40	147	59	206	<nil>
40	118	29	147	<nil>
40	169	37	206	<nil>
40	168	39	207	<nil>
40	73	34	107	<nil>
40	178	35	213	<nil>
40	56	35	91	<nil>
40	84	8	92	<nil>
40	56	35	91	<nil>
40	82	10	92	<nil>
40	85	9	94	<nil>
40	89	5	94	<nil>
40	56	38	94	<nil>
40	93	39	132	<nil>
40	88	6	94	<nil>
40	89	22	111	<nil>
40	94	22	116	<nil>
40	67	19	86	<nil>
40	112	4	116	<nil>
40	67	4	71	<nil>
40	91	4	95	<nil>
40	8	24	32	<nil>
40	87	27	114	<nil>
40	67	25	92	<nil>
40	25	4	29	<nil>
40	93	5	98	<nil>
40	128	6	134	<nil>
40	96	22	118	<nil>
40	67	8	75	<nil>
40	51	26	77	<nil>
40	89	8	97	<nil>
40	70	26	96	<nil>
40	90	29	119	<nil>
40	89	31	120	<nil>
40	64	8	72	<nil>
40	66	11	77	<nil>
40	90	9	99	<nil>
40	26	62	88	<nil>
40	26	57	83	<nil>
40	32	57	89	<nil>
40	23	60	83	<nil>
40	25	57	82	<nil>
40	22	61	83	<nil>
40	17	61	78	<nil>
40	14	61	75	<nil>
40	20	62	82	<nil>
40	4	59	63	<nil>
40	28	56	84	<nil>
40	32	57	89	<nil>
40	27	57	84	<nil>
40	35	57	92	<nil>
40	37	56	93	<nil>
40	32	57	89	<nil>
40	27	57	84	<nil>
40	22	56	78	<nil>
40	35	57	92	<nil>
40	29	30	59	<nil>
40	27	30	57	<nil>
40	33	40	73	<nil>
40	33	37	70	<nil>
40	33	40	73	<nil>
40	33	37	70	<nil>
40	32	37	69	<nil>
40	29	40	69	<nil>
40	34	36	70	<nil>
40	25	43	68	<nil>
40	29	38	67	<nil>
40	40	37	77	<nil>
40	31	40	71	<nil>
40	34	37	71	<nil>
40	31	40	71	<nil>
40	30	39	69	<nil>
40	35	48	83	<nil>
40	32	48	80	<nil>
40	39	48	87	<nil>
40	31	49	80	<nil>
40	34	47	81	<nil>
40	77	7	84	<nil>
40	54	31	85	<nil>
40	78	6	84	<nil>
40	79	6	85	<nil>
40	52	31	83	<nil>
40	52	32	84	<nil>
40	80	5	85	<nil>
40	79	5	84	<nil>
40	78	7	85	<nil>
40	77	8	85	<nil>
40	79	6	85	<nil>
40	78	6	84	<nil>
40	79	7	86	<nil>
40	82	8	90	<nil>
40	63	7	70	<nil>
40	83	7	90	<nil>
40	60	5	65	<nil>
40	80	7	87	<nil>
40	86	4	90	<nil>
40	73	6	79	<nil>
40	81	7	88	<nil>
40	57	8	65	<nil>
40	64	7	71	<nil>
40	62	10	72	<nil>
40	47	8	55	<nil>
40	63	9	72	<nil>
40	64	8	72	<nil>
40	94	2	96	<nil>
40	57	11	68	<nil>
40	65	3	68	<nil>
40	84	3	87	<nil>
40	46	10	56	<nil>
40	56	27	83	<nil>
40	46	44	90	<nil>
40	56	69	125	<nil>
40	62	64	126	<nil>
40	56	70	126	<nil>
40	45	72	117	<nil>
40	74	1	75	<nil>
40	72	1	73	<nil>
40	70	6	76	<nil>
40	43	5	48	<nil>
40	75	1	76	<nil>
40	71	5	76	<nil>
40	65	6	71	<nil>
40	57	82	139	<nil>
40	71	4	75	<nil>
40	11	69	80	<nil>
40	71	6	77	<nil>
40	63	6	69	<nil>
40	70	7	77	<nil>
40	47	4	51	<nil>
40	66	4	70	<nil>
40	65	8	73	<nil>
40	71	8	79	<nil>
40	46	87	133	<nil>
40	74	11	85	<nil>
40	37	8	45	<nil>
40	65	15	80	<nil>
40	70	10	80	<nil>
40	71	9	80	<nil>
40	67	18	85	<nil>
40	76	12	88	<nil>
40	10	78	88	<nil>
40	71	14	85	<nil>
40	48	2	50	<nil>
40	76	12	88	<nil>
40	25	17	42	<nil>
40	88	8	96	<nil>
40	44	13	57	<nil>
40	17	2	19	<nil>
40	27	0	27	<nil>
40	26	0	26	<nil>
40	28	0	28	<nil>
40	84	14	98	<nil>
40	74	14	88	<nil>
40	72	11	83	<nil>
40	77	11	88	<nil>
40	26	0	26	<nil>
40	97	6	103	<nil>
40	80	10	90	<nil>
40	95	3	98	<nil>
40	83	8	91	<nil>
40	87	5	92	<nil>
40	88	12	100	<nil>
40	111	4	115	<nil>
40	100	5	105	<nil>
40	105	5	110	<nil>
40	82	20	102	<nil>
40	112	2	114	<nil>
40	114	2	116	<nil>
40	110	3	113	<nil>
40	91	11	102	<nil>
40	87	16	103	<nil>
40	78	25	103	<nil>
40	102	11	113	<nil>
40	106	12	118	<nil>
40	108	4	112	<nil>
40	111	2	113	<nil>
40	111	3	114	<nil>
40	84	22	106	<nil>
40	87	17	104	<nil>
40	86	18	104	<nil>
40	107	6	113	<nil>
40	81	23	104	<nil>
40	103	2	105	<nil>
40	95	22	117	<nil>
40	106	15	121	<nil>
40	11	5	16	<nil>
40	95	19	114	<nil>
40	87	20	107	<nil>
40	87	19	106	<nil>
40	106	5	111	<nil>
40	95	20	115	<nil>
40	92	16	108	<nil>
40	92	16	108	<nil>
40	10	9	19	<nil>
40	9	9	18	<nil>
40	102	16	118	<nil>
40	121	39	160	<nil>
40	121	5	126	<nil>
40	110	4	114	<nil>
40	88	4	92	<nil>
40	85	3	88	<nil>
40	85	15	100	<nil>
40	77	4	81	<nil>
40	86	3	89	<nil>
40	94	3	97	<nil>
40	93	4	97	<nil>
40	83	4	87	<nil>
40	85	6	91	<nil>
40	89	6	95	<nil>
40	86	6	92	<nil>
40	82	7	89	<nil>
40	82	7	89	<nil>
40	83	7	90	<nil>
40	82	9	91	<nil>
40	83	6	89	<nil>
40	87	6	93	<nil>
40	65	7	72	<nil>
40	83	8	91	<nil>
40	85	7	92	<nil>
40	96	6	102	<nil>
40	82	9	91	<nil>
40	85	2	87	<nil>
40	87	6	93	<nil>
40	84	10	94	<nil>
40	91	57	148	<nil>
40	95	55	150	<nil>
40	91	57	148	<nil>
40	83	62	145	<nil>
40	93	76	169	<nil>
40	92	80	172	<nil>
40	93	79	172	<nil>
40	90	79	169	<nil>
40	89	80	169	<nil>
40	90	82	172	<nil>
40	31	82	113	<nil>
40	88	83	171	<nil>
40	20	85	105	<nil>
40	30	85	115	<nil>
40	85	81	166	<nil>
40	83	10	93	<nil>
40	76	11	87	<nil>
40	91	11	102	<nil>
40	85	11	96	<nil>
40	90	6	96	<nil>
40	95	4	99	<nil>
40	78	12	90	<nil>
40	93	15	108	<nil>
40	94	13	107	<nil>
40	93	18	111	<nil>
40	94	17	111	<nil>
40	100	13	113	<nil>
40	100	15	115	<nil>
40	46	11	57	<nil>
40	94	19	113	<nil>
40	50	7	57	<nil>
40	96	22	118	<nil>
40	97	23	120	<nil>
40	94	26	120	<nil>
40	102	17	119	<nil>
40	99	25	124	<nil>
40	39	34	73	<nil>
40	97	34	131	<nil>
40	105	28	133	<nil>
40	104	28	132	<nil>
40	26	29	55	<nil>
40	96	40	136	<nil>
40	102	32	134	<nil>
40	99	35	134	<nil>
40	44	34	78	<nil>
40	18	77	95	<nil>
40	39	62	101	<nil>
40	56	61	117	<nil>
40	52	65	117	<nil>
40	48	63	111	<nil>
40	48	62	110	<nil>
40	36	67	103	<nil>
40	74	24	98	<nil>
40	87	31	118	<nil>
40	72	21	93	<nil>
40	86	37	123	<nil>
40	83	41	124	<nil>
40	76	34	110	<nil>
40	90	5	95	<nil>
40	78	49	127	<nil>
40	84	34	118	<nil>
40	92	4	96	<nil>
40	95	4	99	<nil>
40	70	45	115	<nil>
40	77	55	132	<nil>
40	86	45	131	<nil>
40	68	12	80	<nil>
40	86	34	120	<nil>
40	77	56	133	<nil>
40	82	55	137	<nil>
40	92	5	97	<nil>
40	69	31	100	<nil>
40	65	6	71	<nil>
40	101	9	110	<nil>
40	83	6	89	<nil>
40	77	27	104	<nil>
40	98	44	142	<nil>
40	92	35	127	<nil>
40	89	38	127	<nil>
40	97	55	152	<nil>
40	98	67	165	<nil>
40	68	53	121	<nil>
40	126	41	167	<nil>
40	116	54	170	<nil>
40	48	58	106	<nil>
40	65	29	94	<nil>
40	64	30	94	<nil>
40	66	30	96	<nil>
40	66	31	97	<nil>
40	131	30	161	<nil>
40	66	35	101	<nil>
40	82	31	113	<nil>
40	58	14	72	<nil>
40	58	16	74	<nil>
40	60	11	71	<nil>
40	55	16	71	<nil>
40	57	14	71	<nil>
40	87	18	105	<nil>
40	61	34	95	<nil>
40	65	13	78	<nil>
40	65	19	84	<nil>
40	63	16	79	<nil>
40	69	15	84	<nil>
40	65	34	99	<nil>
40	58	32	90	<nil>
40	67	47	114	<nil>
40	48	47	95	<nil>
40	36	78	114	<nil>
40	78	54	132	<nil>
40	86	47	133	<nil>
40	56	79	135	<nil>
40	68	79	147	<nil>
40	35	80	115	<nil>
40	66	79	145	<nil>
40	106	40	146	<nil>
40	91	13	104	<nil>
40	94	11	105	<nil>
40	104	40	144	<nil>
40	85	10	95	<nil>
40	76	54	130	<nil>
40	63	1	64	<nil>
40	43	1	44	<nil>
40	54	2	56	<nil>
40	74	1	75	<nil>
40	58	2	60	<nil>
40	97	4	101	<nil>
40	102	6	108	<nil>
40	60	4	64	<nil>
40	101	49	150	<nil>
40	71	1	72	<nil>
40	101	3	104	<nil>
40	69	2	71	<nil>
40	79	18	97	<nil>
40	71	4	75	<nil>
40	96	18	114	<nil>
40	93	21	114	<nil>
40	59	2	61	<nil>
40	98	34	132	<nil>
40	105	81	186	<nil>
40	109	34	143	<nil>
40	92	50	142	<nil>
40	102	54	156	<nil>
40	79	90	169	<nil>
40	59	104	163	<nil>
40	68	95	163	<nil>
40	134	31	165	<nil>
40	126	9	135	<nil>
40	108	10	118	<nil>
40	111	7	118	<nil>
40	104	18	122	<nil>
40	89	24	113	<nil>
40	127	8	135	<nil>
40	127	8	135	<nil>
40	102	20	122	<nil>
40	113	23	136	<nil>
40	159	34	193	<nil>
40	128	9	137	<nil>
40	108	8	116	<nil>
40	124	5	129	<nil>
40	115	10	125	<nil>
40	115	7	122	<nil>
40	115	8	123	<nil>
40	113	16	129	<nil>
40	115	8	123	<nil>
40	116	6	122	<nil>
40	136	8	144	<nil>
40	117	6	123	<nil>
40	115	9	124	<nil>
40	80	5	85	<nil>
40	112	19	131	<nil>
40	119	13	132	<nil>
40	116	9	125	<nil>
40	68	3	71	<nil>
40	113	12	125	<nil>
40	114	11	125	<nil>
40	81	2	83	<nil>
40	140	6	146	<nil>
40	119	7	126	<nil>
40	42	7	49	<nil>
40	66	7	73	<nil>
40	77	1	78	<nil>
40	119	7	126	<nil>
40	34	3	37	<nil>
40	31	1	32	<nil>
40	24	8	32	<nil>
40	95	10	105	<nil>
40	100	5	105	<nil>
40	100	12	112	<nil>
40	100	5	105	<nil>
40	103	2	105	<nil>
40	91	21	112	<nil>
40	112	12	124	<nil>
40	107	11	118	<nil>
40	102	17	119	<nil>
40	107	12	119	<nil>
40	107	12	119	<nil>
40	112	12	124	<nil>
40	109	16	125	<nil>
40	113	14	127	<nil>
40	108	13	121	<nil>
40	107	14	121	<nil>
40	119	13	132	<nil>
40	103	16	119	<nil>
40	119	20	139	<nil>
40	121	15	136	<nil>
40	113	13	126	<nil>
40	114	20	134	<nil>
40	110	14	124	<nil>
40	111	23	134	<nil>
40	114	22	136	<nil>
40	121	20	141	<nil>
40	131	18	149	<nil>
40	117	28	145	<nil>
40	126	19	145	<nil>
40	125	44	169	<nil>
40	112	88	200	<nil>
40	105	90	195	<nil>
40	115	80	195	<nil>
40	117	81	198	<nil>
40	116	80	196	<nil>
40	136	60	196	<nil>
40	138	61	199	<nil>
40	137	61	198	<nil>
40	60	51	111	<nil>
40	151	69	220	<nil>
40	106	116	222	<nil>
40	84	32	116	<nil>
40	87	31	118	<nil>
40	88	33	121	<nil>
40	88	19	107	<nil>
40	109	19	128	<nil>
40	83	18	101	<nil>
40	91	20	111	<nil>
40	104	21	125	<nil>
40	89	23	112	<nil>
40	106	22	128	<nil>
40	89	22	111	<nil>
40	105	21	126	<nil>
40	104	9	113	<nil>
40	116	10	126	<nil>
40	82	24	106	<nil>
40	99	9	108	<nil>
40	88	23	111	<nil>
40	95	12	107	<nil>
40	90	21	111	<nil>
40	100	11	111	<nil>
40	86	39	125	<nil>
40	99	35	134	<nil>
40	87	43	130	<nil>
40	104	18	122	<nil>
40	86	43	129	<nil>
40	100	31	131	<nil>
40	105	31	136	<nil>
40	96	40	136	<nil>
40	49	63	112	<nil>
40	51	62	113	<nil>
40	54	58	112	<nil>
40	49	68	117	<nil>
40	49	70	119	<nil>
40	49	70	119	<nil>
40	56	41	97	<nil>
40	9	73	82	<nil>
40	50	75	125	<nil>
40	52	73	125	<nil>
40	26	71	97	<nil>
40	64	76	140	<nil>
40	64	26	90	<nil>
40	81	27	108	<nil>
40	57	41	98	<nil>
40	69	30	99	<nil>
40	64	26	90	<nil>
40	59	23	82	<nil>
40	63	25	88	<nil>
40	64	24	88	<nil>
40	59	33	92	<nil>
40	63	31	94	<nil>
40	82	5	87	<nil>
40	64	31	95	<nil>
40	58	10	68	<nil>
40	63	5	68	<nil>
40	61	8	69	<nil>
40	65	5	70	<nil>
40	94	9	103	<nil>
40	67	4	71	<nil>
40	58	11	69	<nil>
40	84	6	90	<nil>
40	26	3	29	<nil>
40	95	42	137	<nil>
40	63	42	105	<nil>
40	58	33	91	<nil>
40	75	45	120	<nil>
40	101	43	144	<nil>
40	74	83	157	<nil>
40	65	86	151	<nil>
40	111	86	197	<nil>
40	75	48	123	<nil>
40	75	47	122	<nil>
40	81	45	126	<nil>
40	96	23	119	<nil>
40	80	62	142	<nil>
40	63	4	67	<nil>
40	93	25	118	<nil>
40	70	9	79	<nil>
40	115	5	120	<nil>
40	92	21	113	<nil>
40	104	25	129	<nil>
40	109	5	114	<nil>
40	71	3	74	<nil>
40	88	24	112	<nil>
40	96	20	116	<nil>
40	86	28	114	<nil>
40	106	4	110	<nil>
40	61	4	65	<nil>
40	72	8	80	<nil>
40	62	8	70	<nil>
40	70	8	78	<nil>
40	110	7	117	<nil>
40	81	9	90	<nil>
40	112	6	118	<nil>
40	108	6	114	<nil>
40	118	10	128	<nil>
40	125	11	136	<nil>
40	71	13	84	<nil>
40	76	1	77	<nil>
40	77	5	82	<nil>
40	125	8	133	<nil>
40	33	1	34	<nil>
40	61	18	79	<nil>
40	34	6	40	<nil>
40	71	13	84	<nil>
40	32	6	38	<nil>
40	127	18	145	<nil>
40	113	11	124	<nil>
40	40	1	41	<nil>
40	44	1	45	<nil>
40	107	11	118	<nil>
40	137	52	189	<nil>
40	82	12	94	<nil>
40	95	9	104	<nil>
40	78	11	89	<nil>
40	84	9	93	<nil>
40	92	7	99	<nil>
40	110	8	118	<nil>
40	89	14	103	<nil>
40	89	14	103	<nil>
40	115	1	116	<nil>
40	106	14	120	<nil>
40	109	1	110	<nil>
40	104	0	104	<nil>
40	102	1	103	<nil>
40	101	1	102	<nil>
40	90	16	106	<nil>
40	111	1	112	<nil>
40	93	7	100	<nil>
40	28	1	29	<nil>
40	110	20	130	<nil>
40	87	18	105	<nil>
40	99	9	108	<nil>
40	94	16	110	<nil>
40	90	17	107	<nil>
40	99	5	104	<nil>
40	93	18	111	<nil>
40	105	3	108	<nil>
40	101	14	115	<nil>
40	110	19	129	<nil>
40	102	41	143	<nil>
40	106	51	157	<nil>
40	99	54	153	<nil>
40	99	55	154	<nil>
40	111	51	162	<nil>
40	109	52	161	<nil>
40	103	51	154	<nil>
40	104	63	167	<nil>
40	106	79	185	<nil>
40	108	82	190	<nil>
40	123	68	191	<nil>
40	133	54	187	<nil>
40	81	15	96	<nil>
40	96	3	99	<nil>
40	87	5	92	<nil>
40	90	7	97	<nil>
40	91	5	96	<nil>
40	67	2	69	<nil>
40	97	5	102	<nil>
40	78	3	81	<nil>
40	92	19	111	<nil>
40	81	19	100	<nil>
40	80	20	100	<nil>
40	81	20	101	<nil>
40	82	20	102	<nil>
40	89	14	103	<nil>
40	77	11	88	<nil>
40	89	21	110	<nil>
40	92	10	102	<nil>
40	85	10	95	<nil>
40	75	7	82	<nil>
40	74	13	87	<nil>
40	91	20	111	<nil>
40	92	9	101	<nil>
40	95	10	105	<nil>
40	31	38	69	<nil>
40	87	31	118	<nil>
40	53	36	89	<nil>
40	30	39	69	<nil>
40	95	36	131	<nil>
40	68	36	104	<nil>
40	44	36	80	<nil>
40	48	34	82	<nil>
40	35	37	72	<nil>
40	41	73	114	<nil>
40	42	72	114	<nil>
40	33	73	106	<nil>
40	21	67	88	<nil>
40	25	71	96	<nil>
40	16	72	88	<nil>
40	27	62	89	<nil>
40	20	68	88	<nil>
40	74	40	114	<nil>
40	73	41	114	<nil>
40	71	41	112	<nil>
40	71	41	112	<nil>
40	69	42	111	<nil>
40	92	8	100	<nil>
40	83	1	84	<nil>
40	43	1	44	<nil>
40	43	2	45	<nil>
40	50	2	52	<nil>
40	43	1	44	<nil>
40	102	1	103	<nil>
40	82	2	84	<nil>
40	72	45	117	<nil>
40	82	2	84	<nil>
40	98	2	100	<nil>
40	71	44	115	<nil>
40	70	13	83	<nil>
40	72	12	84	<nil>
40	73	45	118	<nil>
40	97	12	109	<nil>
40	71	47	118	<nil>
40	75	47	122	<nil>
40	71	9	80	<nil>
40	77	18	95	<nil>
40	48	5	53	<nil>
40	47	6	53	<nil>
40	105	5	110	<nil>
40	48	5	53	<nil>
40	73	19	92	<nil>
40	90	2	92	<nil>
40	48	6	54	<nil>
40	76	17	93	<nil>
40	109	3	112	<nil>
40	110	3	113	<nil>
40	92	20	112	<nil>
40	110	3	113	<nil>
40	71	53	124	<nil>
40	53	3	56	<nil>
40	92	21	113	<nil>
40	99	9	108	<nil>
40	107	2	109	<nil>
40	106	5	111	<nil>
40	87	10	97	<nil>
40	91	10	101	<nil>
40	99	11	110	<nil>
40	97	4	101	<nil>
40	102	3	105	<nil>
40	101	10	111	<nil>
40	104	1	105	<nil>
40	107	0	107	<nil>
40	115	1	116	<nil>
40	108	0	108	<nil>
40	109	0	109	<nil>
40	113	0	113	<nil>
40	106	0	106	<nil>
40	115	2	117	<nil>
40	104	3	107	<nil>
40	107	9	116	<nil>
40	114	3	117	<nil>
40	112	3	115	<nil>
40	103	3	106	<nil>
40	105	5	110	<nil>
40	107	5	112	<nil>
40	105	5	110	<nil>
40	118	1	119	<nil>
40	105	5	110	<nil>
40	113	5	118	<nil>
40	109	1	110	<nil>
40	110	1	111	<nil>
40	117	3	120	<nil>
40	113	0	113	<nil>
40	109	4	113	<nil>
40	112	7	119	<nil>
40	103	7	110	<nil>
40	110	8	118	<nil>
40	112	0	112	<nil>
40	113	0	113	<nil>
40	112	0	112	<nil>
40	112	0	112	<nil>
40	64	9	73	<nil>
40	64	10	74	<nil>
40	63	10	73	<nil>
40	80	8	88	<nil>
40	68	9	77	<nil>
40	84	2	86	<nil>
40	77	13	90	<nil>
40	73	11	84	<nil>
40	82	2	84	<nil>
40	70	11	81	<nil>
40	68	17	85	<nil>
40	81	4	85	<nil>
40	83	4	87	<nil>
40	83	1	84	<nil>
40	81	4	85	<nil>
40	85	4	89	<nil>
40	73	12	85	<nil>
40	84	3	87	<nil>
40	81	4	85	<nil>
40	78	4	82	<nil>
40	87	2	89	<nil>
40	79	3	82	<nil>
40	79	12	91	<nil>
40	76	12	88	<nil>
40	81	4	85	<nil>
40	88	4	92	<nil>
40	83	2	85	<nil>
40	80	4	84	<nil>
40	70	11	81	<nil>
40	87	1	88	<nil>
40	91	0	91	<nil>
40	87	3	90	<nil>
40	77	6	83	<nil>
40	85	6	91	<nil>
40	77	6	83	<nil>
40	84	39	123	<nil>
40	79	53	132	<nil>
40	79	58	137	<nil>
40	91	53	144	<nil>
40	101	58	159	<nil>
40	81	6	87	<nil>
40	85	8	93	<nil>
40	75	8	83	<nil>
40	77	7	84	<nil>
40	75	13	88	<nil>
40	78	7	85	<nil>
40	79	6	85	<nil>
40	77	6	83	<nil>
40	86	3	89	<nil>
40	74	4	78	<nil>
40	91	2	93	<nil>
40	81	9	90	<nil>
40	85	5	90	<nil>
40	84	5	89	<nil>
40	86	9	95	<nil>
40	84	7	91	<nil>
40	83	7	90	<nil>
40	78	12	90	<nil>
40	84	8	92	<nil>
40	96	7	103	<nil>
40	84	13	97	<nil>
40	87	23	110	<nil>
40	85	25	110	<nil>
40	88	22	110	<nil>
40	95	61	156	<nil>
40	89	69	158	<nil>
40	88	69	157	<nil>
40	87	70	157	<nil>
40	87	70	157	<nil>
40	87	70	157	<nil>
40	91	61	152	<nil>
40	86	71	157	<nil>
40	96	81	177	<nil>
40	37	82	119	<nil>
40	44	86	130	<nil>
40	64	92	156	<nil>
40	34	91	125	<nil>
40	26	91	117	<nil>
40	53	96	149	<nil>
40	19	96	115	<nil>
40	89	14	103	<nil>
40	96	16	112	<nil>
40	78	14	92	<nil>
40	89	13	102	<nil>
40	68	45	113	<nil>
40	89	14	103	<nil>
40	86	7	93	<nil>
40	67	42	109	<nil>
40	71	52	123	<nil>
40	89	25	114	<nil>
40	90	34	124	<nil>
40	94	21	115	<nil>
40	68	41	109	<nil>
40	95	22	117	<nil>
40	53	4	57	<nil>
40	17	16	33	<nil>
40	53	4	57	<nil>
40	55	4	59	<nil>
40	27	3	30	<nil>
40	100	7	107	<nil>
40	55	4	59	<nil>
40	55	4	59	<nil>
40	113	7	120	<nil>
40	54	5	59	<nil>
40	56	4	60	<nil>
40	88	19	107	<nil>
40	55	4	59	<nil>
40	33	2	35	<nil>
40	30	2	32	<nil>
40	34	0	34	<nil>
40	74	40	114	<nil>
40	82	9	91	<nil>
40	96	9	105	<nil>
40	72	41	113	<nil>
40	73	42	115	<nil>
40	72	41	113	<nil>
40	89	16	105	<nil>
40	27	1	28	<nil>
40	117	4	121	<nil>
40	115	3	118	<nil>
40	102	7	109	<nil>
40	95	16	111	<nil>
40	107	5	112	<nil>
40	114	5	119	<nil>
40	112	6	118	<nil>
40	114	7	121	<nil>
40	108	9	117	<nil>
40	109	9	118	<nil>
40	118	9	127	<nil>
40	126	11	137	<nil>
40	107	14	121	<nil>
40	117	15	132	<nil>
40	108	13	121	<nil>
40	110	14	124	<nil>
40	107	16	123	<nil>
40	115	15	130	<nil>
40	109	6	115	<nil>
40	117	17	134	<nil>
40	116	15	131	<nil>
40	98	14	112	<nil>
40	107	18	125	<nil>
40	110	16	126	<nil>
40	113	18	131	<nil>
40	118	17	135	<nil>
40	126	1	127	<nil>
40	125	1	126	<nil>
40	127	1	128	<nil>
40	128	1	129	<nil>
40	127	1	128	<nil>
40	108	21	129	<nil>
40	135	1	136	<nil>
40	125	1	126	<nil>
40	111	20	131	<nil>
40	118	19	137	<nil>
40	126	1	127	<nil>
40	119	18	137	<nil>
40	109	19	128	<nil>
40	135	16	151	<nil>
40	88	11	99	<nil>
40	89	11	100	<nil>
40	99	1	100	<nil>
40	88	7	95	<nil>
40	76	16	92	<nil>
40	91	4	95	<nil>
40	96	6	102	<nil>
40	92	1	93	<nil>
40	93	1	94	<nil>
40	92	1	93	<nil>
40	93	2	95	<nil>
40	92	2	94	<nil>
40	103	3	106	<nil>
40	92	15	107	<nil>
40	103	2	105	<nil>
40	81	18	99	<nil>
40	89	11	100	<nil>
40	93	4	97	<nil>
40	94	3	97	<nil>
40	103	5	108	<nil>
40	93	38	131	<nil>
40	96	35	131	<nil>
40	104	42	146	<nil>
40	100	36	136	<nil>
40	100	36	136	<nil>
40	98	39	137	<nil>
40	121	28	149	<nil>
40	131	34	165	<nil>
40	131	34	165	<nil>
40	132	35	167	<nil>
40	141	34	175	<nil>
40	131	35	166	<nil>
40	135	30	165	<nil>
40	131	36	167	<nil>
40	138	28	166	<nil>
40	66	5	71	<nil>
40	132	35	167	<nil>
40	141	35	176	<nil>
40	133	35	168	<nil>
40	68	13	81	<nil>
40	65	13	78	<nil>
40	69	7	76	<nil>
40	131	35	166	<nil>
40	65	13	78	<nil>
40	66	13	79	<nil>
40	68	6	74	<nil>
40	65	12	77	<nil>
40	65	12	77	<nil>
40	54	22	76	<nil>
40	67	5	72	<nil>
40	73	3	76	<nil>
40	63	8	71	<nil>
40	70	7	77	<nil>
40	72	7	79	<nil>
40	133	41	174	<nil>
40	76	26	102	<nil>
40	78	26	104	<nil>
40	69	37	106	<nil>
40	73	57	130	<nil>
40	54	62	116	<nil>
40	61	63	124	<nil>
40	52	64	116	<nil>
40	67	49	116	<nil>
40	82	36	118	<nil>
40	61	64	125	<nil>
40	83	37	120	<nil>
40	68	22	90	<nil>
40	88	7	95	<nil>
40	79	5	84	<nil>
40	94	71	165	<nil>
40	72	24	96	<nil>
40	83	4	87	<nil>
40	70	25	95	<nil>
40	86	5	91	<nil>
40	68	26	94	<nil>
40	86	10	96	<nil>
40	90	1	91	<nil>
40	68	12	80	<nil>
40	78	28	106	<nil>
40	88	13	101	<nil>
40	105	4	109	<nil>
40	84	3	87	<nil>
40	101	3	104	<nil>
40	29	1	30	<nil>
40	25	1	26	<nil>
40	84	3	87	<nil>
40	87	6	93	<nil>
40	62	6	68	<nil>
40	85	6	91	<nil>
40	21	2	23	<nil>
40	22	1	23	<nil>
40	101	6	107	<nil>
40	82	4	86	<nil>
40	23	1	24	<nil>
40	26	2	28	<nil>
40	24	2	26	<nil>
40	108	5	113	<nil>
40	92	22	114	<nil>
40	91	22	113	<nil>
40	106	8	114	<nil>
40	102	8	110	<nil>
40	100	8	108	<nil>
40	41	8	49	<nil>
40	101	9	110	<nil>
40	113	2	115	<nil>
40	23	1	24	<nil>
40	104	2	106	<nil>
40	81	7	88	<nil>
40	76	8	84	<nil>
40	83	2	85	<nil>
40	81	4	85	<nil>
40	101	3	104	<nil>
40	96	5	101	<nil>
40	90	5	95	<nil>
40	86	5	91	<nil>
40	77	7	84	<nil>
40	84	2	86	<nil>
40	84	6	90	<nil>
40	78	9	87	<nil>
40	86	5	91	<nil>
40	84	6	90	<nil>
40	87	5	92	<nil>
40	87	5	92	<nil>
40	86	2	88	<nil>
40	79	6	85	<nil>
40	101	5	106	<nil>
40	109	5	114	<nil>
40	97	4	101	<nil>
40	101	3	104	<nil>
40	92	3	95	<nil>
40	94	34	128	<nil>
40	95	35	130	<nil>
40	108	64	172	<nil>
40	99	67	166	<nil>
40	108	65	173	<nil>
40	95	70	165	<nil>
40	102	70	172	<nil>
40	105	70	175	<nil>
40	91	77	168	<nil>
40	90	78	168	<nil>
40	91	82	173	<nil>
40	44	36	80	<nil>
40	91	84	175	<nil>
40	94	81	175	<nil>
40	104	81	185	<nil>
40	101	85	186	<nil>
40	65	19	84	<nil>
40	69	14	83	<nil>
40	66	18	84	<nil>
40	75	11	86	<nil>
40	66	17	83	<nil>
40	91	87	178	<nil>
40	65	16	81	<nil>
40	88	15	103	<nil>
40	75	12	87	<nil>
40	72	15	87	<nil>
40	62	21	83	<nil>
40	79	6	85	<nil>
40	102	6	108	<nil>
40	59	10	69	<nil>
40	99	9	108	<nil>
40	97	17	114	<nil>
40	82	14	96	<nil>
40	61	64	125	<nil>
40	38	71	109	<nil>
40	102	75	177	<nil>
40	33	73	106	<nil>
40	100	74	174	<nil>
40	100	75	175	<nil>
40	99	74	173	<nil>
40	114	60	174	<nil>
40	99	74	173	<nil>
40	89	70	159	<nil>
40	143	33	176	<nil>
40	39	73	112	<nil>
40	22	73	95	<nil>
40	79	34	113	<nil>
40	89	39	128	<nil>
40	103	34	137	<nil>
40	85	41	126	<nil>
40	103	33	136	<nil>
40	73	33	106	<nil>
40	93	34	127	<nil>
40	115	10	125	<nil>
40	76	9	85	<nil>
40	113	13	126	<nil>
40	47	10	57	<nil>
40	104	26	130	<nil>
40	135	16	151	<nil>
40	126	22	148	<nil>
40	49	11	60	<nil>
40	102	17	119	<nil>
40	75	16	91	<nil>
40	59	1	60	<nil>
40	119	16	135	<nil>
40	81	27	108	<nil>
40	129	18	147	<nil>
40	116	18	134	<nil>
40	90	3	93	<nil>
40	97	23	120	<nil>
40	50	11	61	<nil>
40	119	18	137	<nil>
40	114	20	134	<nil>
40	97	30	127	<nil>
40	53	17	70	<nil>
40	75	18	93	<nil>
40	57	5	62	<nil>
40	55	4	59	<nil>
40	53	9	62	<nil>
40	132	19	151	<nil>
40	60	12	72	<nil>
40	69	25	94	<nil>
40	31	99	130	<nil>
40	59	100	159	<nil>
40	81	93	174	<nil>
40	123	7	130	<nil>
40	136	6	142	<nil>
40	135	8	143	<nil>
40	124	3	127	<nil>
40	124	1	125	<nil>
40	124	4	128	<nil>
40	107	0	107	<nil>
40	135	9	144	<nil>
40	156	28	184	<nil>
40	123	10	133	<nil>
40	132	12	144	<nil>
40	120	10	130	<nil>
40	28	0	28	<nil>
40	139	10	149	<nil>
40	117	11	128	<nil>
40	135	11	146	<nil>
40	126	1	127	<nil>
40	115	1	116	<nil>
40	85	1	86	<nil>
40	127	2	129	<nil>
40	106	0	106	<nil>
40	150	11	161	<nil>
40	128	1	129	<nil>
40	124	6	130	<nil>
40	86	1	87	<nil>
40	128	1	129	<nil>
40	109	6	115	<nil>
40	109	7	116	<nil>
40	122	7	129	<nil>
40	81	7	88	<nil>
40	118	13	131	<nil>
40	125	14	139	<nil>
40	131	26	157	<nil>
40	109	33	142	<nil>
40	81	39	120	<nil>
40	110	39	149	<nil>
40	29	33	62	<nil>
40	109	41	150	<nil>
40	89	32	121	<nil>
40	76	6	82	<nil>
40	76	9	85	<nil>
40	71	10	81	<nil>
40	70	11	81	<nil>
40	77	6	83	<nil>
40	78	7	85	<nil>
40	76	7	83	<nil>
40	76	7	83	<nil>
40	76	8	84	<nil>
40	91	7	98	<nil>
40	76	9	85	<nil>
40	71	12	83	<nil>
40	55	30	85	<nil>
40	76	13	89	<nil>
40	83	4	87	<nil>
40	74	13	87	<nil>
40	82	7	89	<nil>
40	72	15	87	<nil>
40	85	5	90	<nil>
40	69	13	82	<nil>
40	86	5	91	<nil>
40	87	6	93	<nil>
40	85	4	89	<nil>
40	86	7	93	<nil>
40	85	9	94	<nil>
40	89	2	91	<nil>
40	84	8	92	<nil>
40	40	8	48	<nil>
40	93	4	97	<nil>
40	81	12	93	<nil>
40	86	11	97	<nil>
40	85	12	97	<nil>
40	39	9	48	<nil>
40	89	6	95	<nil>
40	92	5	97	<nil>
40	41	7	48	<nil>
40	40	10	50	<nil>
40	39	10	49	<nil>
40	40	9	49	<nil>
40	42	7	49	<nil>
40	98	9	107	<nil>
40	92	11	103	<nil>
40	103	1	104	<nil>
40	102	1	103	<nil>
40	96	3	99	<nil>
40	99	1	100	<nil>
40	97	2	99	<nil>
40	102	3	105	<nil>
40	104	2	106	<nil>
40	97	2	99	<nil>
40	107	1	108	<nil>
40	107	3	110	<nil>
40	107	1	108	<nil>
40	102	2	104	<nil>
40	110	0	110	<nil>
40	105	0	105	<nil>
40	91	9	100	<nil>
40	101	9	110	<nil>
40	96	8	104	<nil>
40	101	10	111	<nil>
40	99	12	111	<nil>
40	91	9	100	<nil>
40	108	2	110	<nil>
40	98	4	102	<nil>
40	97	4	101	<nil>
40	97	10	107	<nil>
40	97	4	101	<nil>
40	103	5	108	<nil>
40	110	0	110	<nil>
40	102	6	108	<nil>
40	102	6	108	<nil>
40	97	6	103	<nil>
40	100	6	106	<nil>
40	100	2	102	<nil>
40	90	12	102	<nil>
40	103	1	104	<nil>
40	112	0	112	<nil>
40	104	6	110	<nil>
40	114	0	114	<nil>
40	111	0	111	<nil>
40	86	7	93	<nil>
40	88	6	94	<nil>
40	85	8	93	<nil>
40	86	10	96	<nil>
40	89	9	98	<nil>
40	86	10	96	<nil>
40	84	17	101	<nil>
40	86	13	99	<nil>
40	97	4	101	<nil>
40	92	10	102	<nil>
40	97	5	102	<nil>
40	92	5	97	<nil>
40	93	22	115	<nil>
40	99	18	117	<nil>
40	93	21	114	<nil>
40	92	22	114	<nil>
40	90	23	113	<nil>
40	90	22	112	<nil>
40	99	18	117	<nil>
40	91	22	113	<nil>
40	92	23	115	<nil>
40	94	23	117	<nil>
40	97	20	117	<nil>
40	90	22	112	<nil>
40	93	22	115	<nil>
40	85	27	112	<nil>
40	99	18	117	<nil>
40	97	18	115	<nil>
40	91	26	117	<nil>
40	116	15	131	<nil>
40	111	17	128	<nil>
40	91	38	129	<nil>
40	114	72	186	<nil>
40	129	59	188	<nil>
40	116	74	190	<nil>
40	127	71	198	<nil>
40	33	73	106	<nil>
40	127	73	200	<nil>
40	132	77	209	<nil>
40	132	78	210	<nil>
40	130	78	208	<nil>
40	69	43	112	<nil>
40	33	78	111	<nil>
40	101	5	106	<nil>
40	93	13	106	<nil>
40	91	37	128	<nil>
40	99	7	106	<nil>
40	93	14	107	<nil>
40	93	16	109	<nil>
40	93	15	108	<nil>
40	91	19	110	<nil>
40	86	10	96	<nil>
40	85	9	94	<nil>
40	76	35	111	<nil>
40	107	17	124	<nil>
40	97	15	112	<nil>
40	93	15	108	<nil>
40	90	3	93	<nil>
40	89	41	130	<nil>
40	99	8	107	<nil>
40	109	14	123	<nil>
40	103	11	114	<nil>
40	107	6	113	<nil>
40	105	20	125	<nil>
40	111	19	130	<nil>
40	105	20	125	<nil>
40	29	14	43	<nil>
40	105	22	127	<nil>
40	109	21	130	<nil>
40	107	20	127	<nil>
40	43	15	58	<nil>
40	95	18	113	<nil>
40	92	20	112	<nil>
40	33	12	45	<nil>
40	34	46	80	<nil>
40	40	57	97	<nil>
40	33	65	98	<nil>
40	32	67	99	<nil>
40	51	67	118	<nil>
40	125	67	192	<nil>
40	54	64	118	<nil>
40	45	76	121	<nil>
40	49	78	127	<nil>
40	106	14	120	<nil>
40	79	35	114	<nil>
40	105	14	119	<nil>
40	103	14	117	<nil>
40	85	33	118	<nil>
40	94	17	111	<nil>
40	106	17	123	<nil>
40	78	23	101	<nil>
40	102	14	116	<nil>
40	98	7	105	<nil>
40	85	20	105	<nil>
40	105	20	125	<nil>
40	105	13	118	<nil>
40	107	15	122	<nil>
40	106	13	119	<nil>
40	102	39	141	<nil>
40	101	37	138	<nil>
40	112	34	146	<nil>
40	114	47	161	<nil>
40	108	50	158	<nil>
40	116	55	171	<nil>
40	110	61	171	<nil>
40	112	69	181	<nil>
40	123	57	180	<nil>
40	108	69	177	<nil>
40	103	69	172	<nil>
40	119	62	181	<nil>
40	57	66	123	<nil>
40	129	42	171	<nil>
40	50	74	124	<nil>
40	111	70	181	<nil>
40	105	73	178	<nil>
40	77	83	160	<nil>
40	48	106	154	<nil>
40	59	95	154	<nil>
40	52	101	153	<nil>
40	47	107	154	<nil>
40	33	103	136	<nil>
40	54	104	158	<nil>
40	60	80	140	<nil>
40	76	82	158	<nil>
40	75	79	154	<nil>
40	75	93	168	<nil>
40	121	44	165	<nil>
40	111	21	132	<nil>
40	107	21	128	<nil>
40	106	23	129	<nil>
40	105	23	128	<nil>
40	107	54	161	<nil>
40	122	23	145	<nil>
40	109	53	162	<nil>
40	111	55	166	<nil>
40	130	43	173	<nil>
40	71	95	166	<nil>
40	116	53	169	<nil>
40	112	53	165	<nil>
40	140	30	170	<nil>
40	84	18	102	<nil>
40	96	24	120	<nil>
40	83	19	102	<nil>
40	95	24	119	<nil>
40	80	22	102	<nil>
40	84	18	102	<nil>
40	113	24	137	<nil>
40	86	34	120	<nil>
40	85	86	171	<nil>
40	87	84	171	<nil>
40	91	99	190	<nil>
40	97	92	189	<nil>
40	96	92	188	<nil>
40	90	99	189	<nil>
40	66	90	156	<nil>
40	47	67	114	<nil>
40	79	20	99	<nil>
40	118	79	197	<nil>
40	61	98	159	<nil>
40	90	9	99	<nil>
40	61	78	139	<nil>
40	63	95	158	<nil>
40	58	99	157	<nil>
40	62	96	158	<nil>
40	55	99	154	<nil>
40	60	95	155	<nil>
40	81	20	101	<nil>
40	82	20	102	<nil>
40	81	21	102	<nil>
40	73	13	86	<nil>
40	76	11	87	<nil>
40	90	11	101	<nil>
40	79	7	86	<nil>
40	98	14	112	<nil>
40	94	18	112	<nil>
40	82	17	99	<nil>
40	128	66	194	<nil>
40	118	57	175	<nil>
40	117	77	194	<nil>
40	124	65	189	<nil>
40	125	66	191	<nil>
40	112	80	192	<nil>
40	123	70	193	<nil>
40	122	60	182	<nil>
40	128	73	201	<nil>
40	109	72	181	<nil>
40	126	56	182	<nil>
40	51	72	123	<nil>
40	39	84	123	<nil>
40	72	74	146	<nil>
40	107	5	112	<nil>
40	99	5	104	<nil>
40	99	5	104	<nil>
40	102	7	109	<nil>
40	106	5	111	<nil>
40	105	7	112	<nil>
40	97	12	109	<nil>
40	97	13	110	<nil>
40	100	15	115	<nil>
40	103	13	116	<nil>
40	102	14	116	<nil>
40	97	13	110	<nil>
40	76	0	76	<nil>
40	103	13	116	<nil>
40	95	17	112	<nil>
40	103	15	118	<nil>
40	85	3	88	<nil>
40	98	15	113	<nil>
40	101	5	106	<nil>
40	114	4	118	<nil>
40	98	4	102	<nil>
40	77	4	81	<nil>
40	57	4	61	<nil>
40	85	4	89	<nil>
40	107	6	113	<nil>
40	85	4	89	<nil>
40	128	14	142	<nil>
40	144	11	155	<nil>
40	149	7	156	<nil>
40	146	11	157	<nil>
40	146	7	153	<nil>
40	144	10	154	<nil>
40	163	11	174	<nil>
40	160	7	167	<nil>
40	158	13	171	<nil>
40	154	17	171	<nil>
40	151	22	173	<nil>
40	161	13	174	<nil>
40	138	16	154	<nil>
40	143	16	159	<nil>
40	139	20	159	<nil>
40	156	14	170	<nil>
40	166	13	179	<nil>
40	141	16	157	<nil>
40	156	2	158	<nil>
40	146	12	158	<nil>
40	167	3	170	<nil>
40	148	10	158	<nil>
40	146	17	163	<nil>
40	167	16	183	<nil>
40	167	13	180	<nil>
40	151	12	163	<nil>
40	163	16	179	<nil>
40	171	13	184	<nil>
40	144	14	158	<nil>
40	144	16	160	<nil>
40	159	55	214	<nil>
40	165	97	262	<nil>
40	176	64	240	<nil>
40	152	88	240	<nil>
40	201	56	257	<nil>
40	167	90	257	<nil>
40	181	57	238	<nil>
40	203	43	246	<nil>
40	231	34	265	<nil>
40	215	32	247	<nil>
40	83	6	89	<nil>
40	84	5	89	<nil>
40	69	34	103	<nil>
40	84	37	121	<nil>
40	85	38	123	<nil>
40	84	43	127	<nil>
40	85	39	124	<nil>
40	85	37	122	<nil>
40	85	34	119	<nil>
40	71	39	110	<nil>
40	87	41	128	<nil>
40	88	46	134	<nil>
40	78	47	125	<nil>
40	105	20	125	<nil>
40	74	48	122	<nil>
40	97	35	132	<nil>
40	86	45	131	<nil>
40	87	45	132	<nil>
40	84	47	131	<nil>
40	126	3	129	<nil>
40	73	40	113	<nil>
40	124	5	129	<nil>
40	128	8	136	<nil>
40	54	50	104	<nil>
40	53	51	104	<nil>
40	132	5	137	<nil>
40	83	25	108	<nil>
40	55	50	105	<nil>
40	117	8	125	<nil>
40	47	5	52	<nil>
40	55	4	59	<nil>
40	68	15	83	<nil>
40	55	5	60	<nil>
40	55	6	61	<nil>
40	48	6	54	<nil>
40	55	7	62	<nil>
40	56	7	63	<nil>
40	49	7	56	<nil>
40	53	7	60	<nil>
40	51	6	57	<nil>
40	54	9	63	<nil>
40	147	1	148	<nil>
40	114	8	122	<nil>
40	124	11	135	<nil>
40	137	2	139	<nil>
40	117	9	126	<nil>
40	129	12	141	<nil>
40	120	11	131	<nil>
40	105	13	118	<nil>
40	127	3	130	<nil>
40	120	12	132	<nil>
40	132	12	144	<nil>
40	112	22	134	<nil>
40	124	14	138	<nil>
40	124	13	137	<nil>
40	127	27	154	<nil>
40	122	28	150	<nil>
40	122	27	149	<nil>
40	127	24	151	<nil>
40	125	27	152	<nil>
40	127	27	154	<nil>
40	123	24	147	<nil>
40	126	25	151	<nil>
40	135	27	162	<nil>
40	133	25	158	<nil>
40	129	24	153	<nil>
40	124	29	153	<nil>
40	131	28	159	<nil>
40	134	25	159	<nil>
40	129	27	156	<nil>
40	122	29	151	<nil>
40	120	72	192	<nil>
40	127	71	198	<nil>
40	120	74	194	<nil>
40	126	75	201	<nil>
40	119	75	194	<nil>
40	124	75	199	<nil>
40	122	75	197	<nil>
40	123	73	196	<nil>
40	124	80	204	<nil>
40	120	79	199	<nil>
40	123	77	200	<nil>
40	72	50	122	<nil>
40	73	47	120	<nil>
40	74	46	120	<nil>
40	88	35	123	<nil>
40	101	26	127	<nil>
40	85	13	98	<nil>
40	100	15	115	<nil>
40	99	29	128	<nil>
40	108	28	136	<nil>
40	110	18	128	<nil>
40	102	15	117	<nil>
40	97	29	126	<nil>
40	98	28	126	<nil>
40	87	13	100	<nil>
40	111	15	126	<nil>
40	86	13	99	<nil>
40	91	8	99	<nil>
40	93	15	108	<nil>
40	91	9	100	<nil>
40	90	15	105	<nil>
40	90	16	106	<nil>
40	92	18	110	<nil>
40	92	16	108	<nil>
40	91	48	139	<nil>
40	92	47	139	<nil>
40	55	43	98	<nil>
40	94	47	141	<nil>
40	52	43	95	<nil>
40	92	47	139	<nil>
40	91	47	138	<nil>
40	93	47	140	<nil>
40	52	60	112	<nil>
40	53	60	113	<nil>
40	54	61	115	<nil>
40	64	52	116	<nil>
40	62	51	113	<nil>
40	38	51	89	<nil>
40	62	51	113	<nil>
40	29	64	93	<nil>
40	41	27	68	<nil>
40	38	55	93	<nil>
40	46	37	83	<nil>
40	44	38	82	<nil>
40	54	22	76	<nil>
40	55	22	77	<nil>
40	71	16	87	<nil>
40	70	18	88	<nil>
40	72	16	88	<nil>
40	72	16	88	<nil>
40	70	18	88	<nil>
40	70	18	88	<nil>
40	68	22	90	<nil>
40	54	37	91	<nil>
40	75	16	91	<nil>
40	71	21	92	<nil>
40	71	19	90	<nil>
40	67	35	102	<nil>
40	76	22	98	<nil>
40	75	22	97	<nil>
40	75	16	91	<nil>
40	75	22	97	<nil>
40	53	12	65	<nil>
40	85	24	109	<nil>
40	77	24	101	<nil>
40	54	65	119	<nil>
40	53	67	120	<nil>
40	53	67	120	<nil>
40	44	75	119	<nil>
40	54	65	119	<nil>
40	54	68	122	<nil>
40	52	81	133	<nil>
40	48	91	139	<nil>
40	34	102	136	<nil>
40	48	90	138	<nil>
40	29	91	120	<nil>
40	73	65	138	<nil>
40	44	93	137	<nil>
40	46	92	138	<nil>
40	94	45	139	<nil>
40	49	91	140	<nil>
40	78	47	125	<nil>
40	78	32	110	<nil>
40	80	43	123	<nil>
40	79	44	123	<nil>
40	90	37	127	<nil>
40	104	11	115	<nil>
40	99	43	142	<nil>
40	99	49	148	<nil>
40	96	51	147	<nil>
40	94	14	108	<nil>
40	98	50	148	<nil>
40	107	56	163	<nil>
40	99	57	156	<nil>
40	99	53	152	<nil>
40	106	57	163	<nil>
40	115	48	163	<nil>
40	111	55	166	<nil>
40	84	56	140	<nil>
40	101	56	157	<nil>
40	107	93	200	<nil>
40	102	59	161	<nil>
40	99	53	152	<nil>
40	84	109	193	<nil>
40	99	54	153	<nil>
40	98	54	152	<nil>
40	60	54	114	<nil>
40	102	109	211	<nil>
40	98	56	154	<nil>
40	97	59	156	<nil>
40	114	61	175	<nil>
40	86	58	144	<nil>
40	94	64	158	<nil>
40	62	513	575	<nil>
40	64	512	576	<nil>
40	66	512	578	<nil>
40	113	472	585	<nil>
40	115	459	574	<nil>
40	120	459	579	<nil>
40	122	459	581	<nil>
40	129	460	589	<nil>
40	129	460	589	<nil>
40	129	460	589	<nil>
40	129	460	589	<nil>
40	517	11	528	<nil>
40	520	9	529	<nil>
40	125	460	585	<nil>
40	516	11	527	<nil>
40	523	12	535	<nil>
40	522	8	530	<nil>
40	522	11	533	<nil>
40	523	12	535	<nil>
40	524	11	535	<nil>
40	538	11	549	<nil>
40	464	3	467	<nil>
40	524	18	542	<nil>
40	533	19	552	<nil>
40	537	18	555	<nil>
40	478	42	520	<nil>
40	37	23	60	<nil>
40	36	23	59	<nil>
40	499	23	522	<nil>
40	556	25	581	<nil>
40	46	2	48	<nil>
40	535	42	577	<nil>
40	29	23	52	<nil>
40	466	45	511	<nil>
40	10	44	54	<nil>
40	49	3	52	<nil>
40	480	31	511	<nil>
40	477	43	520	<nil>
40	43	5	48	<nil>
40	466	46	512	<nil>
40	27	3	30	<nil>
40	46	3	49	<nil>
40	466	46	512	<nil>
40	491	33	524	<nil>
40	29	5	34	<nil>
40	491	42	533	<nil>
40	492	33	525	<nil>
40	31	2	33	<nil>
40	550	34	584	<nil>
40	28	5	33	<nil>
40	50	5	55	<nil>
40	475	50	525	<nil>
40	475	51	526	<nil>
40	49	6	55	<nil>
40	24	11	35	<nil>
40	29	11	40	<nil>
40	45	64	109	<nil>
40	47	67	114	<nil>
40	52	60	112	<nil>
40	44	68	112	<nil>
40	29	65	94	<nil>
40	45	68	113	<nil>
40	23	69	92	<nil>
40	113	12	125	<nil>
40	42	83	125	<nil>
40	75	19	94	<nil>
40	82	6	88	<nil>
40	71	6	77	<nil>
40	22	17	39	<nil>
40	75	30	105	<nil>
40	76	29	105	<nil>
40	65	28	93	<nil>
40	67	28	95	<nil>
40	74	10	84	<nil>
40	77	17	94	<nil>
40	60	17	77	<nil>
40	99	2	101	<nil>
40	38	1	39	<nil>
40	69	27	96	<nil>
40	93	2	95	<nil>
40	54	15	69	<nil>
40	68	11	79	<nil>
40	107	3	110	<nil>
40	13	32	45	<nil>
40	78	10	88	<nil>
40	77	16	93	<nil>
40	90	25	115	<nil>
40	102	15	117	<nil>
40	94	16	110	<nil>
40	95	15	110	<nil>
40	100	16	116	<nil>
40	64	19	83	<nil>
40	90	20	110	<nil>
40	91	32	123	<nil>
40	103	39	142	<nil>
40	98	47	145	<nil>
40	55	36	91	<nil>
40	56	35	91	<nil>
40	121	35	156	<nil>
40	122	35	157	<nil>
40	21	46	67	<nil>
40	98	53	151	<nil>
40	42	39	81	<nil>
40	36	4	40	<nil>
40	51	9	60	<nil>
40	52	9	61	<nil>
40	51	11	62	<nil>
40	81	10	91	<nil>
40	45	1	46	<nil>
40	45	10	55	<nil>
40	55	2	57	<nil>
40	54	10	64	<nil>
40	50	12	62	<nil>
40	59	1	60	<nil>
40	32	1	33	<nil>
40	51	12	63	<nil>
40	55	7	62	<nil>
40	47	11	58	<nil>
40	60	1	61	<nil>
40	60	1	61	<nil>
40	54	6	60	<nil>
40	57	6	63	<nil>
40	56	7	63	<nil>
40	56	6	62	<nil>
40	42	7	49	<nil>
40	30	6	36	<nil>
40	63	0	63	<nil>
40	69	31	100	<nil>
40	96	7	103	<nil>
40	98	8	106	<nil>
40	96	10	106	<nil>
40	71	10	81	<nil>
40	91	2	93	<nil>
40	75	13	88	<nil>
40	79	7	86	<nil>
40	84	3	87	<nil>
40	71	16	87	<nil>
40	82	5	87	<nil>
40	73	13	86	<nil>
40	71	13	84	<nil>
40	82	14	96	<nil>
40	91	11	102	<nil>
40	84	2	86	<nil>
40	75	13	88	<nil>
40	88	4	92	<nil>
40	94	10	104	<nil>
40	94	7	101	<nil>
40	91	5	96	<nil>
40	76	10	86	<nil>
40	79	7	86	<nil>
40	79	8	87	<nil>
40	80	9	89	<nil>
40	92	10	102	<nil>
40	114	28	142	<nil>
40	86	30	116	<nil>
40	95	7	102	<nil>
40	69	18	87	<nil>
40	87	30	117	<nil>
40	99	31	130	<nil>
40	99	32	131	<nil>
40	83	33	116	<nil>
40	85	79	164	<nil>
40	118	48	166	<nil>
40	86	80	166	<nil>
40	84	81	165	<nil>
40	87	79	166	<nil>
40	84	79	163	<nil>
40	142	51	193	<nil>
40	85	22	107	<nil>
40	94	21	115	<nil>
40	87	30	117	<nil>
40	91	22	113	<nil>
40	86	24	110	<nil>
40	93	8	101	<nil>
40	95	20	115	<nil>
40	87	26	113	<nil>
40	97	6	103	<nil>
40	88	22	110	<nil>
40	81	8	89	<nil>
40	105	2	107	<nil>
40	93	8	101	<nil>
40	77	40	117	<nil>
40	83	7	90	<nil>
40	78	11	89	<nil>
40	96	6	102	<nil>
40	114	13	127	<nil>
40	95	8	103	<nil>
40	80	14	94	<nil>
40	27	11	38	<nil>
40	105	10	115	<nil>
40	69	13	82	<nil>
40	47	2	49	<nil>
40	94	11	105	<nil>
40	60	2	62	<nil>
40	100	5	105	<nil>
40	111	11	122	<nil>
40	27	22	49	<nil>
40	95	9	104	<nil>
40	40	19	59	<nil>
40	47	3	50	<nil>
40	84	22	106	<nil>
40	101	23	124	<nil>
40	27	0	27	<nil>
40	83	22	105	<nil>
40	87	12	99	<nil>
40	35	23	58	<nil>
40	25	0	25	<nil>
40	113	22	135	<nil>
40	27	0	27	<nil>
40	47	5	52	<nil>
40	47	4	51	<nil>
40	94	2	96	<nil>
40	82	3	85	<nil>
40	95	3	98	<nil>
40	89	2	91	<nil>
40	95	3	98	<nil>
40	86	12	98	<nil>
40	95	3	98	<nil>
40	95	3	98	<nil>
40	95	3	98	<nil>
40	85	14	99	<nil>
40	71	16	87	<nil>
40	73	15	88	<nil>
40	100	2	102	<nil>
40	97	7	104	<nil>
40	85	6	91	<nil>
40	82	8	90	<nil>
40	86	19	105	<nil>
40	89	3	92	<nil>
40	73	19	92	<nil>
40	101	13	114	<nil>
40	98	19	117	<nil>
40	96	10	106	<nil>
40	90	3	93	<nil>
40	85	8	93	<nil>
40	103	3	106	<nil>
40	71	20	91	<nil>
40	83	10	93	<nil>
40	104	0	104	<nil>
40	80	14	94	<nil>
40	88	11	99	<nil>
40	73	20	93	<nil>
40	82	11	93	<nil>
40	92	12	104	<nil>
40	83	11	94	<nil>
40	90	5	95	<nil>
40	90	5	95	<nil>
40	88	7	95	<nil>
40	95	0	95	<nil>
40	95	0	95	<nil>
40	93	4	97	<nil>
40	74	3	77	<nil>
40	68	5	73	<nil>
40	68	1	69	<nil>
40	75	1	76	<nil>
40	65	5	70	<nil>
40	68	5	73	<nil>
40	65	9	74	<nil>
40	74	1	75	<nil>
40	69	6	75	<nil>
40	77	5	82	<nil>
40	81	0	81	<nil>
40	79	0	79	<nil>
40	77	0	77	<nil>
40	79	0	79	<nil>
40	79	3	82	<nil>
40	79	3	82	<nil>
40	78	0	78	<nil>
40	76	3	79	<nil>
40	75	4	79	<nil>
40	79	0	79	<nil>
40	76	4	80	<nil>
40	77	4	81	<nil>
40	80	0	80	<nil>
40	82	3	85	<nil>
40	76	3	79	<nil>
40	81	7	88	<nil>
40	80	1	81	<nil>
40	68	13	81	<nil>
40	80	0	80	<nil>
40	80	4	84	<nil>
40	71	11	82	<nil>
40	76	5	81	<nil>
40	75	6	81	<nil>
40	79	3	82	<nil>
40	74	8	82	<nil>
40	74	17	91	<nil>
40	82	20	102	<nil>
40	7	35	42	<nil>
40	88	36	124	<nil>
40	86	40	126	<nil>
40	45	1	46	<nil>
40	49	1	50	<nil>
40	43	6	49	<nil>
40	44	8	52	<nil>
40	83	44	127	<nil>
40	45	5	50	<nil>
40	45	21	66	<nil>
40	46	22	68	<nil>
40	44	21	65	<nil>
40	47	24	71	<nil>
40	53	24	77	<nil>
40	45	26	71	<nil>
40	45	27	72	<nil>
40	44	29	73	<nil>
40	69	9	78	<nil>
40	47	32	79	<nil>
40	71	8	79	<nil>
40	45	34	79	<nil>
40	74	2	76	<nil>
40	46	33	79	<nil>
40	67	8	75	<nil>
40	80	0	80	<nil>
40	24	10	34	<nil>
40	76	0	76	<nil>
40	77	1	78	<nil>
40	79	1	80	<nil>
40	41	1	42	<nil>
40	43	38	81	<nil>
40	40	26	66	<nil>
40	74	14	88	<nil>
40	42	12	54	<nil>
40	43	5	48	<nil>
40	48	40	88	<nil>
40	34	8	42	<nil>
40	66	18	84	<nil>
40	46	38	84	<nil>
40	40	71	111	<nil>
40	38	71	109	<nil>
40	80	71	151	<nil>
40	121	42	163	<nil>
40	120	42	162	<nil>
40	118	5	123	<nil>
40	83	10	93	<nil>
40	93	10	103	<nil>
40	89	11	100	<nil>
40	93	1	94	<nil>
40	93	4	97	<nil>
40	108	9	117	<nil>
40	94	2	96	<nil>
40	58	1	59	<nil>
40	94	6	100	<nil>
40	29	2	31	<nil>
40	47	2	49	<nil>
40	100	1	101	<nil>
40	98	1	99	<nil>
40	97	1	98	<nil>
40	92	8	100	<nil>
40	101	4	105	<nil>
40	100	3	103	<nil>
40	105	12	117	<nil>
40	68	6	74	<nil>
40	70	6	76	<nil>
40	30	5	35	<nil>
40	96	6	102	<nil>
40	111	4	115	<nil>
40	103	4	107	<nil>
40	46	6	52	<nil>
40	59	4	63	<nil>
40	99	3	102	<nil>
40	96	4	100	<nil>
40	107	12	119	<nil>
40	112	7	119	<nil>
40	108	71	179	<nil>
40	56	71	127	<nil>
40	107	72	179	<nil>
40	94	76	170	<nil>
40	99	73	172	<nil>
40	28	79	107	<nil>
40	114	65	179	<nil>
40	103	4	107	<nil>
40	93	5	98	<nil>
40	94	4	98	<nil>
40	79	19	98	<nil>
40	102	3	105	<nil>
40	105	5	110	<nil>
40	91	6	97	<nil>
40	98	5	103	<nil>
40	94	9	103	<nil>
40	105	8	113	<nil>
40	94	11	105	<nil>
40	79	9	88	<nil>
40	95	10	105	<nil>
40	97	8	105	<nil>
40	99	9	108	<nil>
40	110	9	119	<nil>
40	96	11	107	<nil>
40	110	5	115	<nil>
40	83	7	90	<nil>
40	85	7	92	<nil>
40	94	7	101	<nil>
40	27	7	34	<nil>
40	98	39	137	<nil>
40	97	40	137	<nil>
40	26	40	66	<nil>
40	25	42	67	<nil>
40	95	41	136	<nil>
40	83	41	124	<nil>
40	83	42	125	<nil>
40	102	42	144	<nil>
40	95	53	148	<nil>
40	28	40	68	<nil>
40	97	39	136	<nil>
40	95	49	144	<nil>
40	26	58	84	<nil>
40	104	50	154	<nil>
40	25	58	83	<nil>
40	96	58	154	<nil>
40	26	59	85	<nil>
40	94	51	145	<nil>
40	55	121	176	<nil>
40	60	120	180	<nil>
40	178	1	179	<nil>
40	59	12	71	<nil>
40	170	1	171	<nil>
40	169	1	170	<nil>
40	169	1	170	<nil>
40	175	3	178	<nil>
40	169	4	173	<nil>
40	175	4	179	<nil>
40	162	17	179	<nil>
40	162	15	177	<nil>
40	166	18	184	<nil>
40	178	17	195	<nil>
40	171	18	189	<nil>
40	177	18	195	<nil>
40	171	18	189	<nil>
40	183	3	186	<nil>
40	139	2	141	<nil>
40	135	2	137	<nil>
40	149	3	152	<nil>
40	139	3	142	<nil>
40	136	1	137	<nil>
40	140	1	141	<nil>
40	122	1	123	<nil>
40	142	1	143	<nil>
40	178	19	197	<nil>
40	149	4	153	<nil>
40	171	20	191	<nil>
40	136	1	137	<nil>
40	160	21	181	<nil>
40	126	0	126	<nil>
40	154	0	154	<nil>
40	170	3	173	<nil>
40	150	4	154	<nil>
40	123	0	123	<nil>
40	153	0	153	<nil>
40	149	5	154	<nil>
40	149	5	154	<nil>
40	137	0	137	<nil>
40	112	3	115	<nil>
40	91	3	94	<nil>
40	110	2	112	<nil>
40	107	3	110	<nil>
40	94	2	96	<nil>
40	90	3	93	<nil>
40	92	4	96	<nil>
40	100	4	104	<nil>
40	96	5	101	<nil>
40	93	3	96	<nil>
40	92	4	96	<nil>
40	92	4	96	<nil>
40	112	4	116	<nil>
40	99	2	101	<nil>
40	94	4	98	<nil>
40	100	4	104	<nil>
40	95	4	99	<nil>
40	92	5	97	<nil>
40	114	4	118	<nil>
40	92	5	97	<nil>
40	112	3	115	<nil>
40	114	4	118	<nil>
40	96	5	101	<nil>
40	97	2	99	<nil>
40	98	30	128	<nil>
40	99	28	127	<nil>
40	96	30	126	<nil>
40	96	30	126	<nil>
40	98	29	127	<nil>
40	99	30	129	<nil>
40	99	70	169	<nil>
40	96	72	168	<nil>
40	97	78	175	<nil>
40	96	78	174	<nil>
40	98	81	179	<nil>
40	98	78	176	<nil>
40	96	78	174	<nil>
40	97	78	175	<nil>
40	97	82	179	<nil>
40	98	81	179	<nil>
40	78	5	83	<nil>
40	93	3	96	<nil>
40	66	2	68	<nil>
40	96	3	99	<nil>
40	53	15	68	<nil>
40	96	4	100	<nil>
40	75	27	102	<nil>
40	71	32	103	<nil>
40	79	28	107	<nil>
40	73	10	83	<nil>
40	98	8	106	<nil>
40	98	16	114	<nil>
40	95	18	113	<nil>
40	80	26	106	<nil>
40	75	46	121	<nil>
40	85	35	120	<nil>
40	22	39	61	<nil>
40	96	25	121	<nil>
40	102	31	133	<nil>
40	106	31	137	<nil>
40	16	39	55	<nil>
40	15	76	91	<nil>
40	85	85	170	<nil>
40	14	76	90	<nil>
40	44	70	114	<nil>
40	15	79	94	<nil>
40	94	82	176	<nil>
40	58	89	147	<nil>
40	85	90	175	<nil>
40	73	31	104	<nil>
40	93	15	108	<nil>
40	89	86	175	<nil>
40	101	73	174	<nil>
40	65	82	147	<nil>
40	14	80	94	<nil>
40	132	42	174	<nil>
40	126	50	176	<nil>
40	93	30	123	<nil>
40	91	30	121	<nil>
40	71	30	101	<nil>
40	75	31	106	<nil>
40	74	31	105	<nil>
40	75	32	107	<nil>
40	100	8	108	<nil>
40	103	5	108	<nil>
40	66	13	79	<nil>
40	87	38	125	<nil>
40	72	43	115	<nil>
40	41	50	91	<nil>
40	71	30	101	<nil>
40	41	50	91	<nil>
40	31	49	80	<nil>
40	99	52	151	<nil>
40	32	56	88	<nil>
40	66	60	126	<nil>
40	174	8	182	<nil>
40	43	58	101	<nil>
40	68	61	129	<nil>
40	118	11	129	<nil>
40	155	11	166	<nil>
40	56	3	59	<nil>
40	57	3	60	<nil>
40	73	4	77	<nil>
40	67	64	131	<nil>
40	71	5	76	<nil>
40	88	41	129	<nil>
40	10	64	74	<nil>
40	71	7	78	<nil>
40	65	1	66	<nil>
40	76	2	78	<nil>
40	73	5	78	<nil>
40	72	6	78	<nil>
40	73	5	78	<nil>
40	81	6	87	<nil>
40	88	8	96	<nil>
40	71	7	78	<nil>
40	60	5	65	<nil>
40	115	70	185	<nil>
40	56	8	64	<nil>
40	70	9	79	<nil>
40	86	10	96	<nil>
40	58	7	65	<nil>
40	74	7	81	<nil>
40	108	6	114	<nil>
40	99	5	104	<nil>
40	112	7	119	<nil>
40	90	5	95	<nil>
40	88	7	95	<nil>
40	96	2	98	<nil>
40	116	0	116	<nil>
40	125	10	135	<nil>
40	114	0	114	<nil>
40	99	9	108	<nil>
40	103	0	103	<nil>
40	97	9	106	<nil>
40	115	3	118	<nil>
40	100	1	101	<nil>
40	108	4	112	<nil>
40	96	4	100	<nil>
40	104	3	107	<nil>
40	101	2	103	<nil>
40	111	2	113	<nil>
40	102	1	103	<nil>
40	99	5	104	<nil>
40	101	3	104	<nil>
40	116	4	120	<nil>
40	140	4	144	<nil>
40	102	3	105	<nil>
40	111	3	114	<nil>
40	102	3	105	<nil>
40	110	4	114	<nil>
40	98	7	105	<nil>
40	98	7	105	<nil>
40	98	7	105	<nil>
40	98	6	104	<nil>
40	103	16	119	<nil>
40	109	16	125	<nil>
40	23	0	23	<nil>
40	134	3	137	<nil>
40	118	3	121	<nil>
40	124	3	127	<nil>
40	106	24	130	<nil>
40	108	18	126	<nil>
40	21	2	23	<nil>
40	21	7	28	<nil>
40	104	18	122	<nil>
40	23	22	45	<nil>
40	90	5	95	<nil>
40	95	6	101	<nil>
40	87	11	98	<nil>
40	94	9	103	<nil>
40	93	9	102	<nil>
40	86	11	97	<nil>
40	97	8	105	<nil>
40	76	5	81	<nil>
40	88	3	91	<nil>
40	95	4	99	<nil>
40	91	6	97	<nil>
40	97	5	102	<nil>
40	92	5	97	<nil>
40	95	8	103	<nil>
40	93	0	93	<nil>
40	78	8	86	<nil>
40	102	5	107	<nil>
40	104	5	109	<nil>
40	46	7	53	<nil>
40	92	5	97	<nil>
40	88	7	95	<nil>
40	62	8	70	<nil>
40	58	17	75	<nil>
40	98	41	139	<nil>
40	57	52	109	<nil>
40	93	46	139	<nil>
40	57	55	112	<nil>
40	101	54	155	<nil>
40	88	56	144	<nil>
40	37	55	92	<nil>
40	97	54	151	<nil>
40	62	51	113	<nil>
40	87	56	143	<nil>
40	102	56	158	<nil>
40	67	56	123	<nil>
40	97	51	148	<nil>
40	108	51	159	<nil>
40	88	57	145	<nil>
40	58	57	115	<nil>
40	68	52	120	<nil>
40	29	80	109	<nil>
40	19	89	108	<nil>
40	100	6	106	<nil>
40	99	8	107	<nil>
40	100	6	106	<nil>
40	100	8	108	<nil>
40	100	8	108	<nil>
40	111	11	122	<nil>
40	107	13	120	<nil>
40	109	11	120	<nil>
40	121	15	136	<nil>
40	108	12	120	<nil>
40	100	10	110	<nil>
40	120	22	142	<nil>
40	106	33	139	<nil>
40	111	33	144	<nil>
40	105	33	138	<nil>
40	96	17	113	<nil>
40	77	19	96	<nil>
40	66	33	99	<nil>
40	136	41	177	<nil>
40	72	55	127	<nil>
40	50	50	100	<nil>
40	78	49	127	<nil>
40	48	63	111	<nil>
40	78	60	138	<nil>
40	123	65	188	<nil>
40	80	60	140	<nil>
40	73	63	136	<nil>
40	94	42	136	<nil>
40	128	64	192	<nil>
40	110	64	174	<nil>
40	144	51	195	<nil>
40	72	66	138	<nil>
40	77	60	137	<nil>
40	73	66	139	<nil>
40	88	51	139	<nil>
40	72	65	137	<nil>
40	73	66	139	<nil>
40	60	9	69	<nil>
40	80	63	143	<nil>
40	75	14	89	<nil>
40	69	7	76	<nil>
40	80	13	93	<nil>
40	68	10	78	<nil>
40	81	6	87	<nil>
40	64	31	95	<nil>
40	87	9	96	<nil>
40	66	10	76	<nil>
40	73	15	88	<nil>
40	65	9	74	<nil>
40	25	10	35	<nil>
40	31	11	42	<nil>
40	64	14	78	<nil>
40	61	38	99	<nil>
40	76	97	173	<nil>
40	72	68	140	<nil>
40	40	83	123	<nil>
40	82	83	165	<nil>
40	54	83	137	<nil>
40	46	93	139	<nil>
40	64	125	189	<nil>
40	64	124	188	<nil>
40	117	35	152	<nil>
40	139	9	148	<nil>
40	143	6	149	<nil>
40	122	2	124	<nil>
40	99	2	101	<nil>
40	152	2	154	<nil>
40	37	2	39	<nil>
40	138	2	140	<nil>
40	151	3	154	<nil>
40	138	2	140	<nil>
40	151	3	154	<nil>
40	60	2	62	<nil>
40	113	43	156	<nil>
40	140	16	156	<nil>
40	138	18	156	<nil>
40	138	19	157	<nil>
40	156	2	158	<nil>
40	102	3	105	<nil>
40	66	2	68	<nil>
40	33	14	47	<nil>
40	126	0	126	<nil>
40	156	16	172	<nil>
40	105	3	108	<nil>
40	146	0	146	<nil>
40	109	1	110	<nil>
40	47	4	51	<nil>
40	160	2	162	<nil>
40	106	4	110	<nil>
40	163	1	164	<nil>
40	70	3	73	<nil>
40	163	1	164	<nil>
40	133	1	134	<nil>
40	144	1	145	<nil>
40	161	1	162	<nil>
40	45	8	53	<nil>
40	163	2	165	<nil>
40	158	4	162	<nil>
40	196	4	200	<nil>
40	204	4	208	<nil>
40	199	7	206	<nil>
40	205	5	210	<nil>
40	205	1	206	<nil>
40	201	9	210	<nil>
40	205	2	207	<nil>
40	200	4	204	<nil>
40	211	1	212	<nil>
40	218	7	225	<nil>
40	202	3	205	<nil>
40	192	13	205	<nil>
40	206	5	211	<nil>
40	203	10	213	<nil>
40	206	18	224	<nil>
40	194	22	216	<nil>
40	203	14	217	<nil>
40	195	7	202	<nil>
40	203	13	216	<nil>
40	201	15	216	<nil>
40	214	3	217	<nil>
40	203	10	213	<nil>
40	214	6	220	<nil>
40	212	17	229	<nil>
40	201	21	222	<nil>
40	220	7	227	<nil>
40	236	6	242	<nil>
40	211	17	228	<nil>
40	207	21	228	<nil>
40	213	32	245	<nil>
40	203	21	224	<nil>
40	198	32	230	<nil>
40	17	12	29	<nil>
40	199	22	221	<nil>
40	223	8	231	<nil>
40	205	20	225	<nil>
40	228	38	266	<nil>
40	234	36	270	<nil>
40	227	49	276	<nil>
40	29	36	65	<nil>
40	219	49	268	<nil>
40	224	49	273	<nil>
40	65	3	68	<nil>
40	56	19	75	<nil>
40	61	9	70	<nil>
40	62	14	76	<nil>
40	66	14	80	<nil>
40	69	14	83	<nil>
40	68	14	82	<nil>
40	64	14	78	<nil>
40	53	26	79	<nil>
40	52	15	67	<nil>
40	58	27	85	<nil>
40	52	10	62	<nil>
40	56	28	84	<nil>
40	72	10	82	<nil>
40	58	27	85	<nil>
40	52	11	63	<nil>
40	53	31	84	<nil>
40	72	9	81	<nil>
40	45	20	65	<nil>
40	64	14	78	<nil>
40	61	14	75	<nil>
40	77	8	85	<nil>
40	47	38	85	<nil>
40	82	15	97	<nil>
40	84	11	95	<nil>
40	70	21	91	<nil>
40	82	13	95	<nil>
40	79	12	91	<nil>
40	61	18	79	<nil>
40	70	24	94	<nil>
40	61	33	94	<nil>
40	81	14	95	<nil>
40	82	23	105	<nil>
40	44	22	66	<nil>
40	23	24	47	<nil>
40	26	33	59	<nil>
40	35	23	58	<nil>
40	34	23	57	<nil>
40	42	24	66	<nil>
40	44	23	67	<nil>
40	39	30	69	<nil>
40	56	35	91	<nil>
40	40	29	69	<nil>
40	28	24	52	<nil>
40	43	26	69	<nil>
40	29	27	56	<nil>
40	15	34	49	<nil>
40	28	65	93	<nil>
40	21	66	87	<nil>
40	21	78	99	<nil>
40	41	68	109	<nil>
40	25	80	105	<nil>
40	41	69	110	<nil>
40	43	66	109	<nil>
40	41	68	109	<nil>
40	29	81	110	<nil>
40	25	83	108	<nil>
40	27	84	111	<nil>
40	103	9	112	<nil>
40	107	11	118	<nil>
40	98	8	106	<nil>
40	86	29	115	<nil>
40	89	30	119	<nil>
40	37	95	132	<nil>
40	107	12	119	<nil>
40	86	38	124	<nil>
40	97	14	111	<nil>
40	85	15	100	<nil>
40	89	36	125	<nil>
40	105	47	152	<nil>
40	105	39	144	<nil>
40	94	50	144	<nil>
40	94	39	133	<nil>
40	98	48	146	<nil>
40	95	51	146	<nil>
40	95	38	133	<nil>
40	85	48	133	<nil>
40	91	44	135	<nil>
40	97	50	147	<nil>
40	137	18	155	<nil>
40	139	46	185	<nil>
40	90	83	173	<nil>
40	80	37	117	<nil>
40	62	40	102	<nil>
40	144	45	189	<nil>
40	103	4	107	<nil>
40	114	75	189	<nil>
40	71	10	81	<nil>
40	105	83	188	<nil>
40	142	45	187	<nil>
40	34	83	117	<nil>
40	47	28	75	<nil>
40	46	82	128	<nil>
40	98	14	112	<nil>
40	45	83	128	<nil>
40	13	83	96	<nil>
40	23	82	105	<nil>
40	76	34	110	<nil>
40	98	33	131	<nil>
40	123	17	140	<nil>
40	99	9	108	<nil>
40	64	43	107	<nil>
40	81	25	106	<nil>
40	67	18	85	<nil>
40	99	18	117	<nil>
40	39	46	85	<nil>
40	63	36	99	<nil>
40	63	36	99	<nil>
40	99	18	117	<nil>
40	65	36	101	<nil>
40	94	4	98	<nil>
40	59	3	62	<nil>
40	65	38	103	<nil>
40	76	22	98	<nil>
40	115	86	201	<nil>
40	59	57	116	<nil>
40	44	58	102	<nil>
40	100	60	160	<nil>
40	44	58	102	<nil>
40	58	59	117	<nil>
40	66	92	158	<nil>
40	51	92	143	<nil>
40	100	82	182	<nil>
40	97	21	118	<nil>
40	64	21	85	<nil>
40	97	29	126	<nil>
40	63	20	83	<nil>
40	79	105	184	<nil>
40	77	21	98	<nil>
40	85	13	98	<nil>
40	98	22	120	<nil>
40	16	105	121	<nil>
40	66	86	152	<nil>
40	126	28	154	<nil>
40	81	31	112	<nil>
40	84	50	134	<nil>
40	44	104	148	<nil>
40	61	62	123	<nil>
40	82	46	128	<nil>
40	125	44	169	<nil>
40	117	84	201	<nil>
40	125	36	161	<nil>
40	81	37	118	<nil>
40	63	36	99	<nil>
40	114	68	182	<nil>
40	160	52	212	<nil>
40	196	26	222	<nil>
40	89	23	112	<nil>
40	144	42	186	<nil>
40	88	26	114	<nil>
40	110	25	135	<nil>
40	196	35	231	<nil>
40	114	8	122	<nil>
40	94	54	148	<nil>
40	146	41	187	<nil>
40	161	23	184	<nil>
40	126	26	152	<nil>
40	159	30	189	<nil>
40	121	8	129	<nil>
40	110	15	125	<nil>
40	109	15	124	<nil>
40	69	10	79	<nil>
40	130	3	133	<nil>
40	111	23	134	<nil>
40	71	31	102	<nil>
40	66	19	85	<nil>
40	100	3	103	<nil>
40	93	20	113	<nil>
40	53	23	76	<nil>
40	68	35	103	<nil>
40	54	26	80	<nil>
40	99	63	162	<nil>
40	88	16	104	<nil>
40	111	65	176	<nil>
40	45	60	105	<nil>
40	72	63	135	<nil>
40	132	63	195	<nil>
40	41	63	104	<nil>
40	109	66	175	<nil>
40	111	63	174	<nil>
40	132	64	196	<nil>
40	132	35	167	<nil>
40	106	2	108	<nil>
40	75	2	77	<nil>
40	95	24	119	<nil>
40	105	88	193	<nil>
40	87	27	114	<nil>
40	115	1	116	<nil>
40	91	1	92	<nil>
40	26	13	39	<nil>
40	79	17	96	<nil>
40	117	3	120	<nil>
40	113	5	118	<nil>
40	108	1	109	<nil>
40	84	1	85	<nil>
40	90	30	120	<nil>
40	110	2	112	<nil>
40	86	26	112	<nil>
40	109	2	111	<nil>
40	111	1	112	<nil>
40	102	30	132	<nil>
40	88	1	89	<nil>
40	79	11	90	<nil>
40	82	8	90	<nil>
40	114	9	123	<nil>
40	89	2	91	<nil>
40	113	2	115	<nil>
40	96	32	128	<nil>
40	89	1	90	<nil>
40	113	2	115	<nil>
40	114	2	116	<nil>
40	35	3	38	<nil>
40	94	1	95	<nil>
40	33	1	34	<nil>
40	40	4	44	<nil>
40	119	2	121	<nil>
40	119	2	121	<nil>
40	119	1	120	<nil>
40	158	2	160	<nil>
40	131	1	132	<nil>
40	117	4	121	<nil>
40	109	16	125	<nil>
40	123	1	124	<nil>
40	149	16	165	<nil>
40	125	1	126	<nil>
40	123	1	124	<nil>
40	125	1	126	<nil>
40	116	16	132	<nil>
40	116	17	133	<nil>
40	142	5	147	<nil>
40	127	2	129	<nil>
40	109	15	124	<nil>
40	106	18	124	<nil>
40	136	9	145	<nil>
40	109	18	127	<nil>
40	118	7	125	<nil>
40	109	19	128	<nil>
40	116	43	159	<nil>
40	115	45	160	<nil>
40	118	45	163	<nil>
40	119	41	160	<nil>
40	116	46	162	<nil>
40	162	8	170	<nil>
40	116	46	162	<nil>
40	116	46	162	<nil>
40	158	4	162	<nil>
40	161	19	180	<nil>
40	135	35	170	<nil>
40	120	46	166	<nil>
40	116	47	163	<nil>
40	120	47	167	<nil>
40	119	12	131	<nil>
40	44	9	53	<nil>
40	123	46	169	<nil>
40	45	16	61	<nil>
40	123	68	191	<nil>
40	50	15	65	<nil>
40	155	82	237	<nil>
40	40	81	121	<nil>
40	39	82	121	<nil>
40	40	82	122	<nil>
40	43	81	124	<nil>
40	11	73	84	<nil>
40	56	79	135	<nil>
40	51	102	153	<nil>
40	49	102	151	<nil>
40	114	20	134	<nil>
40	121	18	139	<nil>
40	120	19	139	<nil>
40	148	18	166	<nil>
40	121	104	225	<nil>
40	67	85	152	<nil>
40	108	85	193	<nil>
40	107	86	193	<nil>
40	91	96	187	<nil>
40	114	17	131	<nil>
40	151	17	168	<nil>
40	114	17	131	<nil>
40	118	18	136	<nil>
40	149	17	166	<nil>
40	151	17	168	<nil>
40	151	17	168	<nil>
40	165	91	256	<nil>
40	48	88	136	<nil>
40	131	99	230	<nil>
40	133	3	136	<nil>
40	107	96	203	<nil>
40	106	12	118	<nil>
40	131	97	228	<nil>
40	132	88	220	<nil>
40	169	98	267	<nil>
40	47	98	145	<nil>
40	91	99	190	<nil>
40	206	13	219	<nil>
40	108	101	209	<nil>
40	105	16	121	<nil>
40	213	17	230	<nil>
40	134	14	148	<nil>
40	254	13	267	<nil>
40	209	34	243	<nil>
40	165	39	204	<nil>
40	149	51	200	<nil>
40	207	38	245	<nil>
40	177	54	231	<nil>
40	94	3	97	<nil>
40	160	74	234	<nil>
40	87	15	102	<nil>
40	65	37	102	<nil>
40	94	6	100	<nil>
40	71	31	102	<nil>
40	187	21	208	<nil>
40	67	36	103	<nil>
40	68	36	104	<nil>
40	94	7	101	<nil>
40	87	13	100	<nil>
40	90	7	97	<nil>
40	101	13	114	<nil>
40	97	2	99	<nil>
40	102	13	115	<nil>
40	97	14	111	<nil>
40	97	14	111	<nil>
40	99	1	100	<nil>
40	99	1	100	<nil>
40	100	15	115	<nil>
40	97	1	98	<nil>
40	97	16	113	<nil>
40	96	15	111	<nil>
40	95	17	112	<nil>
40	59	73	132	<nil>
40	66	73	139	<nil>
40	56	78	134	<nil>
40	101	74	175	<nil>
40	94	83	177	<nil>
40	74	98	172	<nil>
40	95	98	193	<nil>
40	151	47	198	<nil>
40	78	82	160	<nil>
40	138	56	194	<nil>
40	53	101	154	<nil>
40	61	100	161	<nil>
40	65	57	122	<nil>
40	97	99	196	<nil>
40	105	62	167	<nil>
40	48	102	150	<nil>
40	102	7	109	<nil>
40	96	7	103	<nil>
40	100	19	119	<nil>
40	94	26	120	<nil>
40	101	23	124	<nil>
40	103	25	128	<nil>
40	101	23	124	<nil>
40	133	1	134	<nil>
40	111	24	135	<nil>
40	101	23	124	<nil>
40	125	2	127	<nil>
40	122	4	126	<nil>
40	101	23	124	<nil>
40	92	3	95	<nil>
40	30	1	31	<nil>
40	35	1	36	<nil>
40	32	1	33	<nil>
40	48	8	56	<nil>
40	128	8	136	<nil>
40	133	2	135	<nil>
40	125	11	136	<nil>
40	125	9	134	<nil>
40	46	32	78	<nil>
40	46	12	58	<nil>
40	44	14	58	<nil>
40	47	12	59	<nil>
40	127	15	142	<nil>
40	125	14	139	<nil>
40	133	3	136	<nil>
40	32	8	40	<nil>
40	174	62	236	<nil>
40	178	63	241	<nil>
40	104	8	112	<nil>
40	123	11	134	<nil>
40	112	5	117	<nil>
40	112	8	120	<nil>
40	109	11	120	<nil>
40	136	11	147	<nil>
40	146	3	149	<nil>
40	121	11	132	<nil>
40	127	2	129	<nil>
40	159	2	161	<nil>
40	93	3	96	<nil>
40	127	3	130	<nil>
40	131	5	136	<nil>
40	131	5	136	<nil>
40	135	17	152	<nil>
40	122	7	129	<nil>
40	127	26	153	<nil>
40	136	7	143	<nil>
40	129	8	137	<nil>
40	137	7	144	<nil>
40	138	7	145	<nil>
40	145	3	148	<nil>
40	133	4	137	<nil>
40	137	3	140	<nil>
40	132	15	147	<nil>
40	136	8	144	<nil>
40	142	3	145	<nil>
40	89	12	101	<nil>
40	135	12	147	<nil>
40	24	14	38	<nil>
40	137	3	140	<nil>
40	122	10	132	<nil>
40	152	5	157	<nil>
40	130	5	135	<nil>
40	135	4	139	<nil>
40	127	32	159	<nil>
40	144	18	162	<nil>
40	138	31	169	<nil>
40	93	39	132	<nil>
60	70	89	159	<nil>
60	83	88	171	<nil>
60	63	93	156	<nil>
60	53	94	147	<nil>
60	112	52	164	<nil>
60	144	10	154	<nil>
60	151	7	158	<nil>
60	150	12	162	<nil>
60	147	10	157	<nil>
60	148	9	157	<nil>
60	150	12	162	<nil>
60	146	14	160	<nil>
60	163	11	174	<nil>
60	151	15	166	<nil>
60	165	11	176	<nil>
60	153	12	165	<nil>
60	164	14	178	<nil>
60	153	9	162	<nil>
60	145	17	162	<nil>
60	143	9	152	<nil>
60	144	30	174	<nil>
60	146	39	185	<nil>
60	109	32	141	<nil>
60	103	32	135	<nil>
60	141	33	174	<nil>
60	107	32	139	<nil>
60	140	33	173	<nil>
60	148	31	179	<nil>
60	142	37	179	<nil>
60	150	29	179	<nil>
60	137	38	175	<nil>
60	118	38	156	<nil>
60	149	31	180	<nil>
60	142	38	180	<nil>
60	58	43	101	<nil>
60	111	37	148	<nil>
60	117	37	154	<nil>
60	121	46	167	<nil>
60	64	38	102	<nil>
60	61	54	115	<nil>
60	65	51	116	<nil>
60	57	60	117	<nil>
60	184	29	213	<nil>
60	69	49	118	<nil>
60	89	30	119	<nil>
60	89	30	119	<nil>
60	89	30	119	<nil>
60	74	45	119	<nil>
60	87	32	119	<nil>
60	108	30	138	<nil>
60	91	28	119	<nil>
60	89	30	119	<nil>
60	91	29	120	<nil>
60	89	34	123	<nil>
60	121	38	159	<nil>
60	165	35	200	<nil>
60	93	32	125	<nil>
60	63	62	125	<nil>
60	67	59	126	<nil>
60	91	34	125	<nil>
60	43	33	76	<nil>
60	63	10	73	<nil>
60	32	34	66	<nil>
60	53	13	66	<nil>
60	46	14	60	<nil>
60	54	12	66	<nil>
60	65	14	79	<nil>
60	52	12	64	<nil>
60	53	11	64	<nil>
60	52	12	64	<nil>
60	63	11	74	<nil>
60	54	11	65	<nil>
60	54	14	68	<nil>
60	52	15	67	<nil>
60	51	15	66	<nil>
60	33	13	46	<nil>
60	25	16	41	<nil>
60	53	13	66	<nil>
60	35	13	48	<nil>
60	33	15	48	<nil>
60	65	15	80	<nil>
60	28	14	42	<nil>
60	131	9	140	<nil>
60	130	3	133	<nil>
60	122	9	131	<nil>
60	177	1	178	<nil>
60	135	1	136	<nil>
60	178	1	179	<nil>
60	178	1	179	<nil>
60	144	3	147	<nil>
60	152	1	153	<nil>
60	160	1	161	<nil>
60	135	11	146	<nil>
60	139	1	140	<nil>
60	128	16	144	<nil>
60	151	2	153	<nil>
60	128	14	142	<nil>
60	132	23	155	<nil>
60	128	6	134	<nil>
60	124	14	138	<nil>
60	148	13	161	<nil>
60	136	14	150	<nil>
60	134	22	156	<nil>
60	131	15	146	<nil>
60	134	21	155	<nil>
60	167	20	187	<nil>
60	165	23	188	<nil>
60	127	15	142	<nil>
60	136	23	159	<nil>
60	129	21	150	<nil>
60	130	25	155	<nil>
60	123	24	147	<nil>
60	138	25	163	<nil>
60	135	24	159	<nil>
60	135	26	161	<nil>
60	196	1	197	<nil>
60	140	50	190	<nil>
60	194	5	199	<nil>
60	175	5	180	<nil>
60	45	3	48	<nil>
60	203	5	208	<nil>
60	183	6	189	<nil>
60	46	3	49	<nil>
60	132	24	156	<nil>
60	43	3	46	<nil>
60	156	55	211	<nil>
60	130	55	185	<nil>
60	40	4	44	<nil>
60	151	56	207	<nil>
60	175	55	230	<nil>
60	192	38	230	<nil>
60	139	57	196	<nil>
60	175	10	185	<nil>
60	203	10	213	<nil>
60	185	1	186	<nil>
60	46	7	53	<nil>
60	158	42	200	<nil>
60	157	39	196	<nil>
60	43	1	44	<nil>
60	152	58	210	<nil>
60	46	1	47	<nil>
60	50	2	52	<nil>
60	51	1	52	<nil>
60	52	1	53	<nil>
60	214	1	215	<nil>
60	183	26	209	<nil>
60	150	126	276	<nil>
60	141	127	268	<nil>
60	45	75	120	<nil>
60	154	121	275	<nil>
60	140	126	266	<nil>
60	203	154	357	<nil>
60	196	164	360	<nil>
60	171	44	215	<nil>
60	156	20	176	<nil>
60	156	21	177	<nil>
60	156	28	184	<nil>
60	176	49	225	<nil>
60	147	22	169	<nil>
60	190	20	210	<nil>
60	170	11	181	<nil>
60	156	19	175	<nil>
60	153	22	175	<nil>
60	190	26	216	<nil>
60	195	23	218	<nil>
60	192	40	232	<nil>
60	154	19	173	<nil>
60	162	30	192	<nil>
60	72	20	92	<nil>
60	81	18	99	<nil>
60	193	17	210	<nil>
60	230	11	241	<nil>
60	150	53	203	<nil>
60	220	21	241	<nil>
60	176	77	253	<nil>
60	243	2	245	<nil>
60	156	55	211	<nil>
60	167	51	218	<nil>
60	214	6	220	<nil>
60	204	4	208	<nil>
60	177	31	208	<nil>
60	191	25	216	<nil>
60	133	6	139	<nil>
60	199	9	208	<nil>
60	192	57	249	<nil>
60	206	3	209	<nil>
60	240	4	244	<nil>
60	204	3	207	<nil>
60	46	6	52	<nil>
60	242	5	247	<nil>
60	78	42	120	<nil>
60	213	17	230	<nil>
60	97	17	114	<nil>
60	76	41	117	<nil>
60	209	15	224	<nil>
60	188	54	242	<nil>
60	188	53	241	<nil>
60	206	17	223	<nil>
60	190	34	224	<nil>
60	218	15	233	<nil>
60	174	48	222	<nil>
60	195	34	229	<nil>
60	240	10	250	<nil>
60	199	107	306	<nil>
60	57	99	156	<nil>
60	212	105	317	<nil>
60	172	168	340	<nil>
60	269	128	397	<nil>
60	326	102	428	<nil>
60	228	175	403	<nil>
60	377	60	437	<nil>
60	377	65	442	<nil>
60	162	69	231	<nil>
60	210	15	225	<nil>
60	213	13	226	<nil>
60	204	22	226	<nil>
60	186	24	210	<nil>
60	211	22	233	<nil>
60	164	29	193	<nil>
60	328	84	412	<nil>
60	191	18	209	<nil>
60	186	26	212	<nil>
60	206	23	229	<nil>
60	212	19	231	<nil>
60	190	29	219	<nil>
60	107	2	109	<nil>
60	140	2	142	<nil>
60	229	3	232	<nil>
60	227	3	230	<nil>
60	109	3	112	<nil>
60	212	17	229	<nil>
60	197	20	217	<nil>
60	186	26	212	<nil>
60	197	12	209	<nil>
60	125	4	129	<nil>
60	168	4	172	<nil>
60	191	16	207	<nil>
60	152	7	159	<nil>
60	86	5	91	<nil>
60	171	3	174	<nil>
60	41	5	46	<nil>
60	29	8	37	<nil>
60	114	8	122	<nil>
60	114	8	122	<nil>
60	151	1	152	<nil>
60	141	13	154	<nil>
60	56	12	68	<nil>
60	116	6	122	<nil>
60	213	1	214	<nil>
60	209	5	214	<nil>
60	136	19	155	<nil>
60	124	3	127	<nil>
60	238	5	243	<nil>
60	197	18	215	<nil>
60	119	5	124	<nil>
60	220	5	225	<nil>
60	209	5	214	<nil>
60	241	2	243	<nil>
60	210	5	215	<nil>
60	116	9	125	<nil>
60	206	7	213	<nil>
60	153	5	158	<nil>
60	208	10	218	<nil>
60	119	53	172	<nil>
60	204	9	213	<nil>
60	218	27	245	<nil>
60	119	7	126	<nil>
60	226	13	239	<nil>
60	163	38	201	<nil>
60	187	13	200	<nil>
60	150	39	189	<nil>
60	56	1	57	<nil>
60	186	1	187	<nil>
60	52	1	53	<nil>
60	149	3	152	<nil>
60	179	14	193	<nil>
60	55	4	59	<nil>
60	183	11	194	<nil>
60	194	12	206	<nil>
60	191	21	212	<nil>
60	155	2	157	<nil>
60	184	12	196	<nil>
60	212	0	212	<nil>
60	231	1	232	<nil>
60	206	0	206	<nil>
60	188	17	205	<nil>
60	159	49	208	<nil>
60	175	14	189	<nil>
60	55	8	63	<nil>
60	183	23	206	<nil>
60	200	6	206	<nil>
60	209	0	209	<nil>
60	189	24	213	<nil>
60	201	2	203	<nil>
60	175	14	189	<nil>
60	211	5	216	<nil>
60	201	6	207	<nil>
60	206	9	215	<nil>
60	78	1	79	<nil>
60	212	4	216	<nil>
60	202	4	206	<nil>
60	218	38	256	<nil>
60	202	43	245	<nil>
60	229	4	233	<nil>
60	195	53	248	<nil>
60	214	4	218	<nil>
60	216	61	277	<nil>
60	83	38	121	<nil>
60	201	5	206	<nil>
60	185	42	227	<nil>
60	53	2	55	<nil>
60	139	13	152	<nil>
60	188	43	231	<nil>
60	204	62	266	<nil>
60	154	63	217	<nil>
60	211	57	268	<nil>
60	250	53	303	<nil>
60	206	118	324	<nil>
60	240	99	339	<nil>
60	283	79	362	<nil>
60	204	142	346	<nil>
60	231	87	318	<nil>
60	260	87	347	<nil>
60	252	91	343	<nil>
60	269	85	354	<nil>
60	259	83	342	<nil>
60	256	84	340	<nil>
60	121	19	140	<nil>
60	274	79	353	<nil>
60	144	7	151	<nil>
60	121	19	140	<nil>
60	121	26	147	<nil>
60	136	13	149	<nil>
60	142	14	156	<nil>
60	92	4	96	<nil>
60	137	15	152	<nil>
60	89	35	124	<nil>
60	87	36	123	<nil>
60	140	37	177	<nil>
60	33	34	67	<nil>
60	131	27	158	<nil>
60	123	26	149	<nil>
60	126	25	151	<nil>
60	124	40	164	<nil>
60	87	38	125	<nil>
60	130	39	169	<nil>
60	119	21	140	<nil>
60	146	38	184	<nil>
60	41	3	44	<nil>
60	99	2	101	<nil>
60	89	38	127	<nil>
60	40	4	44	<nil>
60	35	2	37	<nil>
60	121	63	184	<nil>
60	19	1	20	<nil>
60	144	41	185	<nil>
60	100	42	142	<nil>
60	141	42	183	<nil>
60	148	41	189	<nil>
60	140	44	184	<nil>
60	102	44	146	<nil>
60	145	45	190	<nil>
60	67	2	69	<nil>
60	130	3	133	<nil>
60	115	30	145	<nil>
60	104	6	110	<nil>
60	169	29	198	<nil>
60	147	48	195	<nil>
60	151	31	182	<nil>
60	115	42	157	<nil>
60	178	42	220	<nil>
60	135	20	155	<nil>
60	120	153	273	<nil>
60	118	154	272	<nil>
60	85	154	239	<nil>
60	137	155	292	<nil>
60	124	155	279	<nil>
60	93	155	248	<nil>
60	124	156	280	<nil>
60	87	145	232	<nil>
60	212	151	363	<nil>
60	204	120	324	<nil>
60	301	74	375	<nil>
60	164	55	219	<nil>
60	171	73	244	<nil>
60	188	15	203	<nil>
60	242	6	248	<nil>
60	201	9	210	<nil>
60	194	21	215	<nil>
60	190	80	270	<nil>
60	168	43	211	<nil>
60	243	1	244	<nil>
60	238	3	241	<nil>
60	203	59	262	<nil>
60	224	60	284	<nil>
60	242	1	243	<nil>
60	179	16	195	<nil>
60	200	69	269	<nil>
60	224	19	243	<nil>
60	187	62	249	<nil>
60	237	49	286	<nil>
60	197	62	259	<nil>
60	179	62	241	<nil>
60	196	50	246	<nil>
60	190	62	252	<nil>
60	196	57	253	<nil>
60	215	53	268	<nil>
60	190	63	253	<nil>
60	198	74	272	<nil>
60	192	67	259	<nil>
60	194	90	284	<nil>
60	220	91	311	<nil>
60	158	91	249	<nil>
60	198	90	288	<nil>
60	200	90	290	<nil>
60	66	79	145	<nil>
60	239	112	351	<nil>
60	281	67	348	<nil>
60	97	106	203	<nil>
60	170	117	287	<nil>
60	281	75	356	<nil>
60	282	72	354	<nil>
60	192	117	309	<nil>
60	289	72	361	<nil>
60	238	118	356	<nil>
60	235	121	356	<nil>
60	204	80	284	<nil>
60	231	122	353	<nil>
60	239	116	355	<nil>
60	111	87	198	<nil>
60	284	73	357	<nil>
60	289	101	390	<nil>
60	79	164	243	<nil>
60	34	146	180	<nil>
60	94	148	242	<nil>
60	102	40	142	<nil>
60	129	20	149	<nil>
60	35	145	180	<nil>
60	77	164	241	<nil>
60	12	190	202	<nil>
60	145	41	186	<nil>
60	106	79	185	<nil>
60	99	109	208	<nil>
60	119	44	163	<nil>
60	231	121	352	<nil>
60	256	78	334	<nil>
60	78	171	249	<nil>
60	185	65	250	<nil>
60	159	66	225	<nil>
60	150	5	155	<nil>
60	127	26	153	<nil>
60	216	114	330	<nil>
60	127	44	171	<nil>
60	116	21	137	<nil>
60	149	34	183	<nil>
60	146	87	233	<nil>
60	105	63	168	<nil>
60	44	70	114	<nil>
60	39	67	106	<nil>
60	39	68	107	<nil>
60	63	5	68	<nil>
60	179	26	205	<nil>
60	135	128	263	<nil>
60	121	118	239	<nil>
60	177	72	249	<nil>
60	161	69	230	<nil>
60	184	81	265	<nil>
60	107	121	228	<nil>
60	162	73	235	<nil>
60	134	73	207	<nil>
60	154	64	218	<nil>
60	66	75	141	<nil>
60	64	75	139	<nil>
60	173	145	318	<nil>
60	150	68	218	<nil>
60	176	28	204	<nil>
60	80	139	219	<nil>
60	286	68	354	<nil>
60	228	71	299	<nil>
60	192	15	207	<nil>
60	162	65	227	<nil>
60	181	154	335	<nil>
60	145	61	206	<nil>
60	178	28	206	<nil>
60	86	143	229	<nil>
60	212	154	366	<nil>
60	230	92	322	<nil>
60	210	13	223	<nil>
60	201	29	230	<nil>
60	171	144	315	<nil>
60	142	157	299	<nil>
60	122	157	279	<nil>
60	194	13	207	<nil>
60	168	12	180	<nil>
60	195	19	214	<nil>
60	206	30	236	<nil>
60	197	23	220	<nil>
60	224	23	247	<nil>
60	196	23	219	<nil>
60	148	18	166	<nil>
60	190	24	214	<nil>
60	195	11	206	<nil>
60	217	45	262	<nil>
60	206	35	241	<nil>
60	190	59	249	<nil>
60	205	39	244	<nil>
60	220	49	269	<nil>
60	187	67	254	<nil>
60	204	67	271	<nil>
60	222	32	254	<nil>
60	182	88	270	<nil>
60	105	190	295	<nil>
60	159	177	336	<nil>
60	239	154	393	<nil>
60	145	192	337	<nil>
60	75	188	263	<nil>
60	76	188	264	<nil>
60	75	191	266	<nil>
60	123	188	311	<nil>
60	110	153	263	<nil>
60	76	189	265	<nil>
60	87	178	265	<nil>
60	219	176	395	<nil>
60	66	112	178	<nil>
60	20	177	197	<nil>
60	88	177	265	<nil>
60	23	175	198	<nil>
60	35	90	125	<nil>
60	5	175	180	<nil>
60	86	95	181	<nil>
60	18	178	196	<nil>
60	88	177	265	<nil>
60	76	193	269	<nil>
60	87	97	184	<nil>
60	23	91	114	<nil>
60	80	111	191	<nil>
60	85	112	197	<nil>
60	159	192	351	<nil>
60	86	112	198	<nil>
60	211	184	395	<nil>
60	67	110	177	<nil>
60	83	115	198	<nil>
60	66	110	176	<nil>
60	66	111	177	<nil>
60	68	109	177	<nil>
60	48	175	223	<nil>
60	69	109	178	<nil>
60	47	95	142	<nil>
60	100	96	196	<nil>
60	87	95	182	<nil>
60	65	94	159	<nil>
60	83	96	179	<nil>
60	84	96	180	<nil>
60	84	96	180	<nil>
60	157	140	297	<nil>
60	47	95	142	<nil>
60	85	95	180	<nil>
60	77	180	257	<nil>
60	48	96	144	<nil>
60	84	97	181	<nil>
60	88	95	183	<nil>
60	84	97	181	<nil>
60	23	92	115	<nil>
60	36	92	128	<nil>
60	64	95	159	<nil>
60	92	191	283	<nil>
60	23	92	115	<nil>
60	19	96	115	<nil>
60	82	94	176	<nil>
60	67	109	176	<nil>
60	125	146	271	<nil>
60	131	7	138	<nil>
60	138	8	146	<nil>
60	130	7	137	<nil>
60	138	7	145	<nil>
60	130	7	137	<nil>
60	131	8	139	<nil>
60	134	4	138	<nil>
60	133	4	137	<nil>
60	131	6	137	<nil>
60	137	7	144	<nil>
60	137	7	144	<nil>
60	142	8	150	<nil>
60	137	7	144	<nil>
60	137	7	144	<nil>
60	137	6	143	<nil>
60	137	7	144	<nil>
60	137	12	149	<nil>
60	144	19	163	<nil>
60	138	14	152	<nil>
60	137	12	149	<nil>
60	137	12	149	<nil>
60	166	2	168	<nil>
60	143	26	169	<nil>
60	150	18	168	<nil>
60	144	25	169	<nil>
60	147	24	171	<nil>
60	143	26	169	<nil>
60	135	13	148	<nil>
60	136	14	150	<nil>
60	145	23	168	<nil>
60	147	26	173	<nil>
60	152	24	176	<nil>
60	145	26	171	<nil>
60	142	28	170	<nil>
60	149	26	175	<nil>
60	146	24	170	<nil>
60	169	28	197	<nil>
60	147	52	199	<nil>
60	176	28	204	<nil>
60	169	28	197	<nil>
60	146	38	184	<nil>
60	168	33	201	<nil>
60	148	76	224	<nil>
60	171	75	246	<nil>
60	171	71	242	<nil>
60	167	87	254	<nil>
60	166	102	268	<nil>
60	143	142	285	<nil>
60	143	163	306	<nil>
60	152	161	313	<nil>
60	169	142	311	<nil>
60	144	165	309	<nil>
60	158	151	309	<nil>
60	170	140	310	<nil>
60	172	144	316	<nil>
60	143	166	309	<nil>
60	146	167	313	<nil>
60	172	143	315	<nil>
60	144	167	311	<nil>
60	138	35	173	<nil>
60	53	124	177	<nil>
60	50	125	175	<nil>
60	109	13	122	<nil>
60	137	12	149	<nil>
60	133	35	168	<nil>
60	122	52	174	<nil>
60	138	12	150	<nil>
60	140	12	152	<nil>
60	138	37	175	<nil>
60	136	13	149	<nil>
60	141	37	178	<nil>
60	134	12	146	<nil>
60	135	13	148	<nil>
60	140	39	179	<nil>
60	171	152	323	<nil>
60	133	39	172	<nil>
60	131	40	171	<nil>
60	118	6	124	<nil>
60	118	8	126	<nil>
60	126	1	127	<nil>
60	134	40	174	<nil>
60	128	56	184	<nil>
60	150	6	156	<nil>
60	49	130	179	<nil>
60	133	40	173	<nil>
60	129	51	180	<nil>
60	49	131	180	<nil>
60	122	8	130	<nil>
60	135	20	155	<nil>
60	135	20	155	<nil>
60	135	21	156	<nil>
60	138	21	159	<nil>
60	136	21	157	<nil>
60	157	3	160	<nil>
60	88	13	101	<nil>
60	119	13	132	<nil>
60	143	14	157	<nil>
60	124	8	132	<nil>
60	113	7	120	<nil>
60	148	14	162	<nil>
60	150	16	166	<nil>
60	40	10	50	<nil>
60	36	14	50	<nil>
60	70	12	82	<nil>
60	118	18	136	<nil>
60	41	14	55	<nil>
60	53	14	67	<nil>
60	177	7	184	<nil>
60	173	6	179	<nil>
60	168	13	181	<nil>
60	171	13	184	<nil>
60	184	10	194	<nil>
60	173	7	180	<nil>
60	155	14	169	<nil>
60	176	4	180	<nil>
60	173	10	183	<nil>
60	191	1	192	<nil>
60	184	2	186	<nil>
60	179	16	195	<nil>
60	179	4	183	<nil>
60	186	4	190	<nil>
60	190	20	210	<nil>
60	194	6	200	<nil>
60	178	9	187	<nil>
60	189	23	212	<nil>
60	172	24	196	<nil>
60	176	10	186	<nil>
60	179	18	197	<nil>
60	185	15	200	<nil>
60	179	17	196	<nil>
60	175	10	185	<nil>
60	181	15	196	<nil>
60	178	18	196	<nil>
60	180	19	199	<nil>
60	177	19	196	<nil>
60	180	19	199	<nil>
60	174	19	193	<nil>
60	192	23	215	<nil>
60	175	19	194	<nil>
60	168	81	249	<nil>
60	196	60	256	<nil>
60	181	67	248	<nil>
60	200	49	249	<nil>
60	181	82	263	<nil>
60	216	48	264	<nil>
60	181	69	250	<nil>
60	189	68	257	<nil>
60	30	48	78	<nil>
60	216	49	265	<nil>
60	177	83	260	<nil>
60	184	83	267	<nil>
60	209	49	258	<nil>
60	181	81	262	<nil>
60	219	49	268	<nil>
60	194	84	278	<nil>
60	176	84	260	<nil>
60	194	70	264	<nil>
60	182	84	266	<nil>
60	199	70	269	<nil>
60	187	65	252	<nil>
60	200	56	256	<nil>
60	183	72	255	<nil>
60	31	121	152	<nil>
60	33	122	155	<nil>
60	39	112	151	<nil>
60	210	121	331	<nil>
60	31	121	152	<nil>
60	207	121	328	<nil>
60	205	126	331	<nil>
60	210	134	344	<nil>
60	263	93	356	<nil>
60	71	95	166	<nil>
60	87	82	169	<nil>
60	77	91	168	<nil>
60	75	91	166	<nil>
60	265	93	358	<nil>
60	153	35	188	<nil>
60	166	27	193	<nil>
60	166	25	191	<nil>
60	149	18	167	<nil>
60	150	17	167	<nil>
60	143	27	170	<nil>
60	143	27	170	<nil>
60	142	21	163	<nil>
60	137	26	163	<nil>
60	153	21	174	<nil>
60	153	24	177	<nil>
60	148	29	177	<nil>
60	153	28	181	<nil>
60	152	29	181	<nil>
60	153	24	177	<nil>
60	149	34	183	<nil>
60	169	15	184	<nil>
60	57	16	73	<nil>
60	167	36	203	<nil>
60	111	39	150	<nil>
60	151	2	153	<nil>
60	147	5	152	<nil>
60	148	5	153	<nil>
60	147	5	152	<nil>
60	148	4	152	<nil>
60	147	5	152	<nil>
60	142	11	153	<nil>
60	167	59	226	<nil>
60	60	11	71	<nil>
60	149	13	162	<nil>
60	199	13	212	<nil>
60	138	15	153	<nil>
60	55	18	73	<nil>
60	150	30	180	<nil>
60	58	29	87	<nil>
60	64	37	101	<nil>
60	155	116	271	<nil>
60	69	54	123	<nil>
60	148	58	206	<nil>
60	102	115	217	<nil>
60	166	110	276	<nil>
60	104	112	216	<nil>
60	80	101	181	<nil>
60	153	92	245	<nil>
60	118	65	183	<nil>
60	152	107	259	<nil>
60	196	65	261	<nil>
60	123	56	179	<nil>
60	138	140	278	<nil>
60	211	140	351	<nil>
60	131	141	272	<nil>
60	132	207	339	<nil>
60	133	207	340	<nil>
60	250	116	366	<nil>
60	129	87	216	<nil>
60	130	88	218	<nil>
60	164	89	253	<nil>
60	128	87	215	<nil>
60	148	118	266	<nil>
60	163	88	251	<nil>
60	128	87	215	<nil>
60	128	89	217	<nil>
60	194	89	283	<nil>
60	189	50	239	<nil>
60	251	117	368	<nil>
60	233	35	268	<nil>
60	190	45	235	<nil>
60	199	36	235	<nil>
60	255	17	272	<nil>
60	224	13	237	<nil>
60	253	17	270	<nil>
60	247	14	261	<nil>
60	271	3	274	<nil>
60	280	1	281	<nil>
60	273	1	274	<nil>
60	243	19	262	<nil>
60	268	42	310	<nil>
60	237	45	282	<nil>
60	189	50	239	<nil>
60	181	44	225	<nil>
60	195	2	197	<nil>
60	253	25	278	<nil>
60	174	2	176	<nil>
60	187	4	191	<nil>
60	220	51	271	<nil>
60	173	37	210	<nil>
60	211	49	260	<nil>
60	125	115	240	<nil>
60	247	101	348	<nil>
60	277	74	351	<nil>
60	181	87	268	<nil>
60	247	101	348	<nil>
60	187	80	267	<nil>
60	181	83	264	<nil>
60	129	136	265	<nil>
60	115	144	259	<nil>
60	111	154	265	<nil>
60	108	157	265	<nil>
60	100	159	259	<nil>
60	45	154	199	<nil>
60	117	158	275	<nil>
60	134	20	154	<nil>
60	61	155	216	<nil>
60	145	156	301	<nil>
60	139	159	298	<nil>
60	143	156	299	<nil>
60	142	159	301	<nil>
60	140	158	298	<nil>
60	22	159	181	<nil>
60	143	156	299	<nil>
60	20	159	179	<nil>
60	112	160	272	<nil>
60	208	62	270	<nil>
60	113	157	270	<nil>
60	141	20	161	<nil>
60	139	172	311	<nil>
60	40	158	198	<nil>
60	175	12	187	<nil>
60	152	16	168	<nil>
60	156	13	169	<nil>
60	151	16	167	<nil>
60	145	23	168	<nil>
60	147	20	167	<nil>
60	151	32	183	<nil>
60	174	28	202	<nil>
60	166	67	233	<nil>
60	151	82	233	<nil>
60	181	74	255	<nil>
60	192	81	273	<nil>
60	193	102	295	<nil>
60	173	104	277	<nil>
60	176	105	281	<nil>
60	98	105	203	<nil>
60	175	105	280	<nil>
60	211	71	282	<nil>
60	213	86	299	<nil>
60	201	100	301	<nil>
60	208	98	306	<nil>
60	210	86	296	<nil>
60	196	87	283	<nil>
60	212	85	297	<nil>
60	172	113	285	<nil>
60	163	96	259	<nil>
60	80	119	199	<nil>
60	72	127	199	<nil>
60	159	40	199	<nil>
60	79	119	198	<nil>
60	77	112	189	<nil>
60	200	112	312	<nil>
60	78	121	199	<nil>
60	104	45	149	<nil>
60	193	126	319	<nil>
60	38	128	166	<nil>
60	95	48	143	<nil>
60	154	69	223	<nil>
60	149	100	249	<nil>
60	68	128	196	<nil>
60	84	65	149	<nil>
60	117	40	157	<nil>
60	148	9	157	<nil>
60	131	25	156	<nil>
60	138	62	200	<nil>
60	145	46	191	<nil>
60	146	46	192	<nil>
60	132	51	183	<nil>
60	130	61	191	<nil>
60	149	65	214	<nil>
60	128	84	212	<nil>
60	152	88	240	<nil>
60	146	90	236	<nil>
60	149	85	234	<nil>
60	136	86	222	<nil>
60	157	67	224	<nil>
60	177	73	250	<nil>
60	153	134	287	<nil>
60	63	135	198	<nil>
60	155	133	288	<nil>
60	154	98	252	<nil>
60	152	135	287	<nil>
60	152	135	287	<nil>
60	112	137	249	<nil>
60	122	50	172	<nil>
60	60	137	197	<nil>
60	27	135	162	<nil>
60	108	88	196	<nil>
60	212	59	271	<nil>
60	191	58	249	<nil>
60	38	136	174	<nil>
60	40	136	176	<nil>
60	37	136	173	<nil>
60	114	83	197	<nil>
60	226	59	285	<nil>
60	232	59	291	<nil>
60	35	136	171	<nil>
60	152	139	291	<nil>
60	121	114	235	<nil>
60	157	93	250	<nil>
60	144	94	238	<nil>
60	145	91	236	<nil>
60	144	94	238	<nil>
60	145	93	238	<nil>
60	210	31	241	<nil>
60	203	52	255	<nil>
60	170	32	202	<nil>
60	209	32	241	<nil>
60	211	30	241	<nil>
60	209	32	241	<nil>
60	178	32	210	<nil>
60	209	32	241	<nil>
60	209	32	241	<nil>
60	208	33	241	<nil>
60	210	32	242	<nil>
60	171	32	203	<nil>
60	211	31	242	<nil>
60	210	33	243	<nil>
60	211	32	243	<nil>
60	227	30	257	<nil>
60	212	30	242	<nil>
60	211	30	241	<nil>
60	210	32	242	<nil>
60	133	37	170	<nil>
60	159	38	197	<nil>
60	160	38	198	<nil>
60	134	40	174	<nil>
60	131	40	171	<nil>
60	135	40	175	<nil>
60	170	60	230	<nil>
60	161	57	218	<nil>
60	144	59	203	<nil>
60	132	60	192	<nil>
60	100	49	149	<nil>
60	92	55	147	<nil>
60	158	41	199	<nil>
60	100	53	153	<nil>
60	97	72	169	<nil>
60	153	110	263	<nil>
60	128	106	234	<nil>
60	96	117	213	<nil>
60	86	122	208	<nil>
60	89	135	224	<nil>
60	94	134	228	<nil>
60	86	128	214	<nil>
60	109	146	255	<nil>
60	185	81	266	<nil>
60	132	125	257	<nil>
60	113	144	257	<nil>
60	116	145	261	<nil>
60	144	127	271	<nil>
60	114	148	262	<nil>
60	130	132	262	<nil>
60	123	148	271	<nil>
60	79	129	208	<nil>
60	185	86	271	<nil>
60	57	151	208	<nil>
60	126	145	271	<nil>
60	92	89	181	<nil>
60	126	56	182	<nil>
60	92	89	181	<nil>
60	68	148	216	<nil>
60	82	101	183	<nil>
60	71	112	183	<nil>
60	104	50	154	<nil>
60	147	10	157	<nil>
60	128	12	140	<nil>
60	134	2	136	<nil>
60	147	10	157	<nil>
60	148	9	157	<nil>
60	129	11	140	<nil>
60	148	10	158	<nil>
60	150	10	160	<nil>
60	148	9	157	<nil>
60	153	15	168	<nil>
60	146	11	157	<nil>
60	124	17	141	<nil>
60	155	4	159	<nil>
60	148	11	159	<nil>
60	148	15	163	<nil>
60	159	3	162	<nil>
60	124	16	140	<nil>
60	148	19	167	<nil>
60	160	4	164	<nil>
60	159	4	163	<nil>
60	145	22	167	<nil>
60	123	20	143	<nil>
60	159	8	167	<nil>
60	157	11	168	<nil>
60	136	10	146	<nil>
60	109	9	118	<nil>
60	140	5	145	<nil>
60	134	13	147	<nil>
60	158	11	169	<nil>
60	78	11	89	<nil>
60	131	13	144	<nil>
60	133	14	147	<nil>
60	57	12	69	<nil>
60	63	15	78	<nil>
60	55	15	70	<nil>
60	57	14	71	<nil>
60	57	12	69	<nil>
60	55	16	71	<nil>
60	77	10	87	<nil>
60	76	11	87	<nil>
60	159	11	170	<nil>
60	191	5	196	<nil>
60	161	6	167	<nil>
60	189	3	192	<nil>
60	165	9	174	<nil>
60	192	3	195	<nil>
60	168	6	174	<nil>
60	179	8	187	<nil>
60	165	21	186	<nil>
60	174	3	177	<nil>
60	188	9	197	<nil>
60	184	10	194	<nil>
60	169	13	182	<nil>
60	168	17	185	<nil>
60	175	6	181	<nil>
60	168	22	190	<nil>
60	169	21	190	<nil>
60	205	7	212	<nil>
60	183	6	189	<nil>
60	189	5	194	<nil>
60	178	6	184	<nil>
60	196	10	206	<nil>
60	177	18	195	<nil>
60	175	6	181	<nil>
60	185	10	195	<nil>
60	166	24	190	<nil>
60	198	8	206	<nil>
60	208	25	233	<nil>
60	182	31	213	<nil>
60	188	28	216	<nil>
60	190	27	217	<nil>
60	185	31	216	<nil>
60	177	31	208	<nil>
60	193	51	244	<nil>
60	168	42	210	<nil>
60	181	35	216	<nil>
60	193	44	237	<nil>
60	179	31	210	<nil>
60	180	39	219	<nil>
60	175	44	219	<nil>
60	186	33	219	<nil>
60	180	50	230	<nil>
60	195	51	246	<nil>
60	191	22	213	<nil>
60	186	56	242	<nil>
60	190	67	257	<nil>
60	173	148	321	<nil>
60	185	156	341	<nil>
60	179	149	328	<nil>
60	227	122	349	<nil>
60	185	156	341	<nil>
60	253	122	375	<nil>
60	238	122	360	<nil>
60	183	187	370	<nil>
60	228	142	370	<nil>
60	241	131	372	<nil>
60	256	133	389	<nil>
60	235	127	362	<nil>
60	231	133	364	<nil>
60	248	125	373	<nil>
60	147	38	185	<nil>
60	151	39	190	<nil>
60	150	39	189	<nil>
60	154	38	192	<nil>
60	154	38	192	<nil>
60	155	39	194	<nil>
60	149	41	190	<nil>
60	166	34	200	<nil>
60	184	45	229	<nil>
60	132	46	178	<nil>
60	77	2	79	<nil>
60	79	2	81	<nil>
60	226	3	229	<nil>
60	180	71	251	<nil>
60	183	75	258	<nil>
60	175	83	258	<nil>
60	85	1	86	<nil>
60	155	35	190	<nil>
60	155	37	192	<nil>
60	197	4	201	<nil>
60	159	4	163	<nil>
60	28	1	29	<nil>
60	163	31	194	<nil>
60	81	34	115	<nil>
60	243	31	274	<nil>
60	130	35	165	<nil>
60	142	41	183	<nil>
60	184	41	225	<nil>
60	199	35	234	<nil>
60	161	34	195	<nil>
60	161	36	197	<nil>
60	195	77	272	<nil>
60	174	82	256	<nil>
60	163	34	197	<nil>
60	35	49	84	<nil>
60	51	78	129	<nil>
60	180	81	261	<nil>
60	230	81	311	<nil>
60	224	132	356	<nil>
60	185	133	318	<nil>
60	115	125	240	<nil>
60	221	163	384	<nil>
60	155	163	318	<nil>
60	231	164	395	<nil>
60	270	125	395	<nil>
60	194	159	353	<nil>
60	75	198	273	<nil>
60	195	197	392	<nil>
60	197	198	395	<nil>
60	223	159	382	<nil>
60	42	198	240	<nil>
60	188	191	379	<nil>
60	235	183	418	<nil>
60	72	193	265	<nil>
60	216	184	400	<nil>
60	82	184	266	<nil>
60	186	194	380	<nil>
60	209	191	400	<nil>
60	204	94	298	<nil>
60	203	94	297	<nil>
60	203	100	303	<nil>
60	207	97	304	<nil>
60	193	34	227	<nil>
60	187	39	226	<nil>
60	227	38	265	<nil>
60	204	22	226	<nil>
60	236	41	277	<nil>
60	188	38	226	<nil>
60	224	40	264	<nil>
60	186	39	225	<nil>
60	226	40	266	<nil>
60	187	39	226	<nil>
60	218	39	257	<nil>
60	224	25	249	<nil>
60	254	20	274	<nil>
60	222	24	246	<nil>
60	256	25	281	<nil>
60	213	27	240	<nil>
60	255	33	288	<nil>
60	169	37	206	<nil>
60	217	36	253	<nil>
60	222	21	243	<nil>
60	220	34	254	<nil>
60	198	35	233	<nil>
60	221	32	253	<nil>
60	220	36	256	<nil>
60	195	12	207	<nil>
60	198	37	235	<nil>
60	176	27	203	<nil>
60	222	25	247	<nil>
60	183	90	273	<nil>
60	229	60	289	<nil>
60	148	95	243	<nil>
60	197	94	291	<nil>
60	214	96	310	<nil>
60	225	91	316	<nil>
60	139	97	236	<nil>
60	100	105	205	<nil>
60	103	116	219	<nil>
60	100	159	259	<nil>
60	131	160	291	<nil>
60	103	160	263	<nil>
60	99	161	260	<nil>
60	99	163	262	<nil>
60	100	178	278	<nil>
60	64	179	243	<nil>
60	81	162	243	<nil>
60	66	178	244	<nil>
60	65	179	244	<nil>
60	63	157	220	<nil>
60	65	155	220	<nil>
60	65	181	246	<nil>
60	108	76	184	<nil>
60	65	181	246	<nil>
60	64	160	224	<nil>
60	100	79	179	<nil>
60	104	119	223	<nil>
60	114	80	194	<nil>
60	76	151	227	<nil>
60	63	165	228	<nil>
60	81	147	228	<nil>
60	35	164	199	<nil>
60	144	60	204	<nil>
60	177	44	221	<nil>
60	149	46	195	<nil>
60	159	46	205	<nil>
60	194	27	221	<nil>
60	165	44	209	<nil>
60	129	44	173	<nil>
60	146	30	176	<nil>
60	171	20	191	<nil>
60	162	49	211	<nil>
60	159	63	222	<nil>
60	163	36	199	<nil>
60	111	16	127	<nil>
60	181	14	195	<nil>
60	111	17	128	<nil>
60	175	31	206	<nil>
60	113	15	128	<nil>
60	132	73	205	<nil>
60	117	12	129	<nil>
60	195	31	226	<nil>
60	164	27	191	<nil>
60	144	80	224	<nil>
60	45	19	64	<nil>
60	41	19	60	<nil>
60	46	18	64	<nil>
60	42	30	72	<nil>
60	134	66	200	<nil>
60	156	142	298	<nil>
60	158	159	317	<nil>
60	129	159	288	<nil>
60	162	164	326	<nil>
60	127	164	291	<nil>
60	41	101	142	<nil>
60	141	164	305	<nil>
60	137	83	220	<nil>
60	43	108	151	<nil>
60	93	101	194	<nil>
60	48	137	185	<nil>
60	132	61	193	<nil>
60	43	146	189	<nil>
60	194	23	217	<nil>
60	202	27	229	<nil>
60	194	23	217	<nil>
60	248	25	273	<nil>
60	216	161	377	<nil>
60	217	163	380	<nil>
60	114	163	277	<nil>
60	150	164	314	<nil>
60	193	30	223	<nil>
60	116	172	288	<nil>
60	141	18	159	<nil>
60	139	22	161	<nil>
60	141	21	162	<nil>
60	176	20	196	<nil>
60	140	22	162	<nil>
60	134	28	162	<nil>
60	132	29	161	<nil>
60	142	19	161	<nil>
60	180	31	211	<nil>
60	143	24	167	<nil>
60	147	19	166	<nil>
60	152	36	188	<nil>
60	158	35	193	<nil>
60	161	36	197	<nil>
60	176	61	237	<nil>
60	156	97	253	<nil>
60	148	97	245	<nil>
60	192	65	257	<nil>
60	215	76	291	<nil>
60	165	75	240	<nil>
60	226	76	302	<nil>
60	186	75	261	<nil>
60	200	102	302	<nil>
60	186	75	261	<nil>
60	178	118	296	<nil>
60	186	76	262	<nil>
60	184	75	259	<nil>
60	194	103	297	<nil>
60	199	103	302	<nil>
60	220	78	298	<nil>
60	76	118	194	<nil>
60	128	116	244	<nil>
60	64	119	183	<nil>
60	139	116	255	<nil>
60	90	79	169	<nil>
60	98	25	123	<nil>
60	66	89	155	<nil>
60	60	128	188	<nil>
60	90	90	180	<nil>
60	57	127	184	<nil>
60	118	89	207	<nil>
60	186	128	314	<nil>
60	16	127	143	<nil>
60	58	99	157	<nil>
60	98	33	131	<nil>
60	105	33	138	<nil>
60	54	116	170	<nil>
60	101	31	132	<nil>
60	52	120	172	<nil>
60	27	129	156	<nil>
60	61	98	159	<nil>
60	39	120	159	<nil>
60	100	41	141	<nil>
60	97	115	212	<nil>
60	121	111	232	<nil>
60	103	124	227	<nil>
60	83	134	217	<nil>
60	89	135	224	<nil>
60	159	96	255	<nil>
60	130	94	224	<nil>
60	88	133	221	<nil>
60	166	82	248	<nil>
60	89	136	225	<nil>
60	91	133	224	<nil>
60	164	94	258	<nil>
60	140	83	223	<nil>
60	128	95	223	<nil>
60	131	95	226	<nil>
60	92	139	231	<nil>
60	91	136	227	<nil>
60	143	4	147	<nil>
60	109	38	147	<nil>
60	144	5	149	<nil>
60	130	35	165	<nil>
60	195	38	233	<nil>
60	18	138	156	<nil>
60	189	45	234	<nil>
60	190	45	235	<nil>
60	147	12	159	<nil>
60	118	38	156	<nil>
60	195	47	242	<nil>
60	125	11	136	<nil>
60	144	13	157	<nil>
60	147	13	160	<nil>
60	147	10	157	<nil>
60	129	40	169	<nil>
60	130	39	169	<nil>
60	151	11	162	<nil>
60	147	16	163	<nil>
60	147	18	165	<nil>
60	129	11	140	<nil>
60	142	35	177	<nil>
60	133	37	170	<nil>
60	157	79	236	<nil>
60	147	153	300	<nil>
60	151	130	281	<nil>
60	119	151	270	<nil>
60	117	152	269	<nil>
60	121	147	268	<nil>
60	153	147	300	<nil>
60	114	153	267	<nil>
60	131	152	283	<nil>
60	111	148	259	<nil>
60	135	148	283	<nil>
60	148	154	302	<nil>
60	147	148	295	<nil>
60	121	148	269	<nil>
60	130	209	339	<nil>
60	117	210	327	<nil>
60	114	230	344	<nil>
60	131	230	361	<nil>
60	175	170	345	<nil>
60	109	232	341	<nil>
60	42	233	275	<nil>
60	48	230	278	<nil>
60	44	235	279	<nil>
60	241	39	280	<nil>
60	230	35	265	<nil>
60	242	43	285	<nil>
60	245	46	291	<nil>
60	249	45	294	<nil>
60	285	6	291	<nil>
60	274	23	297	<nil>
60	286	6	292	<nil>
60	258	20	278	<nil>
60	248	52	300	<nil>
60	264	20	284	<nil>
60	276	20	296	<nil>
60	262	26	288	<nil>
60	246	55	301	<nil>
60	250	51	301	<nil>
60	276	26	302	<nil>
60	238	55	293	<nil>
60	234	53	287	<nil>
60	277	49	326	<nil>
60	264	27	291	<nil>
60	263	77	340	<nil>
60	265	78	343	<nil>
60	269	73	342	<nil>
60	269	74	343	<nil>
60	270	103	373	<nil>
60	269	101	370	<nil>
60	208	110	318	<nil>
60	269	104	373	<nil>
60	269	110	379	<nil>
60	281	99	380	<nil>
60	204	92	296	<nil>
60	191	104	295	<nil>
60	214	107	321	<nil>
60	282	109	391	<nil>
60	123	106	229	<nil>
60	144	116	260	<nil>
60	170	109	279	<nil>
60	275	110	385	<nil>
60	114	116	230	<nil>
60	218	110	328	<nil>
60	128	107	235	<nil>
60	124	108	232	<nil>
60	127	109	236	<nil>
60	124	108	232	<nil>
60	121	110	231	<nil>
60	124	108	232	<nil>
60	125	128	253	<nil>
60	123	188	311	<nil>
60	134	177	311	<nil>
60	123	189	312	<nil>
60	120	212	332	<nil>
60	66	210	276	<nil>
60	49	203	252	<nil>
60	116	143	259	<nil>
60	56	203	259	<nil>
60	48	211	259	<nil>
60	81	201	282	<nil>
60	41	211	252	<nil>
60	114	145	259	<nil>
60	54	203	257	<nil>
60	89	114	203	<nil>
60	139	76	215	<nil>
60	130	76	206	<nil>
60	93	114	207	<nil>
60	94	112	206	<nil>
60	101	114	215	<nil>
60	161	50	211	<nil>
60	108	112	220	<nil>
60	107	113	220	<nil>
60	91	116	207	<nil>
60	133	72	205	<nil>
60	96	109	205	<nil>
60	101	124	225	<nil>
60	136	79	215	<nil>
60	89	123	212	<nil>
60	128	87	215	<nil>
60	136	126	262	<nil>
60	135	116	251	<nil>
60	71	158	229	<nil>
60	119	128	247	<nil>
60	113	147	260	<nil>
60	117	142	259	<nil>
60	110	121	231	<nil>
60	109	126	235	<nil>
60	111	125	236	<nil>
60	108	130	238	<nil>
60	190	41	231	<nil>
60	105	128	233	<nil>
60	190	41	231	<nil>
60	112	157	269	<nil>
60	109	130	239	<nil>
60	114	156	270	<nil>
60	110	130	240	<nil>
60	170	61	231	<nil>
60	114	125	239	<nil>
60	189	44	233	<nil>
60	150	62	212	<nil>
60	160	40	200	<nil>
60	150	62	212	<nil>
60	187	44	231	<nil>
60	107	127	234	<nil>
60	159	40	199	<nil>
60	171	42	213	<nil>
60	114	127	241	<nil>
60	169	44	213	<nil>
60	110	125	235	<nil>
60	114	129	243	<nil>
60	118	12	130	<nil>
60	119	12	131	<nil>
60	91	67	158	<nil>
60	119	14	133	<nil>
60	89	67	156	<nil>
60	79	79	158	<nil>
60	116	22	138	<nil>
60	155	101	256	<nil>
60	140	117	257	<nil>
60	158	79	237	<nil>
60	158	77	235	<nil>
60	184	74	258	<nil>
60	131	105	236	<nil>
60	134	122	256	<nil>
60	151	106	257	<nil>
60	155	102	257	<nil>
60	140	122	262	<nil>
60	125	122	247	<nil>
60	140	106	246	<nil>
60	167	83	250	<nil>
60	154	101	255	<nil>
60	132	110	242	<nil>
60	72	120	192	<nil>
60	171	88	259	<nil>
60	162	93	255	<nil>
60	37	130	167	<nil>
60	70	112	182	<nil>
60	141	113	254	<nil>
60	87	131	218	<nil>
60	131	122	253	<nil>
60	140	95	235	<nil>
60	162	93	255	<nil>
60	69	114	183	<nil>
60	136	9	145	<nil>
60	142	8	150	<nil>
60	147	15	162	<nil>
60	146	14	160	<nil>
60	98	100	198	<nil>
60	149	101	250	<nil>
60	163	102	265	<nil>
60	151	99	250	<nil>
60	150	100	250	<nil>
60	142	100	242	<nil>
60	149	101	250	<nil>
60	151	102	253	<nil>
60	151	105	256	<nil>
60	151	106	257	<nil>
60	150	138	288	<nil>
60	146	145	291	<nil>
60	156	150	306	<nil>
60	148	153	301	<nil>
60	159	152	311	<nil>
60	186	126	312	<nil>
60	179	125	304	<nil>
60	184	120	304	<nil>
60	162	126	288	<nil>
60	175	151	326	<nil>
60	141	164	305	<nil>
60	191	120	311	<nil>
60	151	164	315	<nil>
60	186	126	312	<nil>
60	186	126	312	<nil>
60	179	125	304	<nil>
60	168	151	319	<nil>
60	146	166	312	<nil>
60	179	124	303	<nil>
60	156	156	312	<nil>
60	127	122	249	<nil>
60	160	79	239	<nil>
60	167	82	249	<nil>
60	177	79	256	<nil>
60	178	80	258	<nil>
60	182	81	263	<nil>
60	179	81	260	<nil>
60	180	89	269	<nil>
60	171	87	258	<nil>
60	182	78	260	<nil>
60	175	89	264	<nil>
60	165	95	260	<nil>
60	175	95	270	<nil>
60	179	95	274	<nil>
60	218	37	255	<nil>
60	229	38	267	<nil>
60	226	38	264	<nil>
60	234	34	268	<nil>
60	240	36	276	<nil>
60	226	39	265	<nil>
60	170	96	266	<nil>
60	186	91	277	<nil>
60	231	34	265	<nil>
60	169	97	266	<nil>
60	170	96	266	<nil>
60	225	43	268	<nil>
60	192	74	266	<nil>
60	154	107	261	<nil>
60	178	109	287	<nil>
60	227	130	357	<nil>
60	133	137	270	<nil>
60	137	138	275	<nil>
60	134	145	279	<nil>
60	139	136	275	<nil>
60	101	146	247	<nil>
60	139	138	277	<nil>
60	141	142	283	<nil>
60	92	145	237	<nil>
60	135	140	275	<nil>
60	137	147	284	<nil>
60	96	150	246	<nil>
60	99	123	222	<nil>
60	92	146	238	<nil>
60	96	126	222	<nil>
60	99	123	222	<nil>
60	100	123	223	<nil>
60	96	126	222	<nil>
60	86	133	219	<nil>
60	100	124	224	<nil>
60	98	127	225	<nil>
60	91	128	219	<nil>
60	119	94	213	<nil>
60	96	128	224	<nil>
60	138	143	281	<nil>
60	134	90	224	<nil>
60	132	90	222	<nil>
60	70	92	162	<nil>
60	123	93	216	<nil>
60	90	123	213	<nil>
60	100	131	231	<nil>
60	104	158	262	<nil>
60	57	113	170	<nil>
60	99	80	179	<nil>
60	109	40	149	<nil>
60	113	90	203	<nil>
60	110	117	227	<nil>
60	134	111	245	<nil>
60	176	69	245	<nil>
60	127	119	246	<nil>
60	104	120	224	<nil>
60	133	118	251	<nil>
60	130	121	251	<nil>
60	131	120	251	<nil>
60	159	78	237	<nil>
60	169	76	245	<nil>
60	57	103	160	<nil>
60	167	67	234	<nil>
60	139	75	214	<nil>
60	192	67	259	<nil>
60	104	23	127	<nil>
60	59	105	164	<nil>
60	141	104	245	<nil>
60	157	76	233	<nil>
60	141	106	247	<nil>
60	160	90	250	<nil>
60	117	129	246	<nil>
60	182	53	235	<nil>
60	183	69	252	<nil>
60	117	15	132	<nil>
60	44	108	152	<nil>
60	109	26	135	<nil>
60	127	104	231	<nil>
60	120	7	127	<nil>
60	59	113	172	<nil>
60	122	14	136	<nil>
60	99	14	113	<nil>
60	116	14	130	<nil>
60	104	33	137	<nil>
60	114	36	150	<nil>
60	126	32	158	<nil>
60	123	31	154	<nil>
60	103	98	201	<nil>
60	129	120	249	<nil>
60	153	79	232	<nil>
60	176	89	265	<nil>
60	151	106	257	<nil>
60	175	106	281	<nil>
60	194	81	275	<nil>
60	153	106	259	<nil>
60	177	81	258	<nil>
60	153	107	260	<nil>
60	130	129	259	<nil>
60	208	68	276	<nil>
60	172	108	280	<nil>
60	194	83	277	<nil>
60	193	65	258	<nil>
60	152	131	283	<nil>
60	221	60	281	<nil>
60	201	82	283	<nil>
60	185	92	277	<nil>
60	168	114	282	<nil>
60	116	75	191	<nil>
60	119	62	181	<nil>
60	133	56	189	<nil>
60	133	63	196	<nil>
60	214	69	283	<nil>
60	132	64	196	<nil>
60	130	62	192	<nil>
60	133	63	196	<nil>
60	145	55	200	<nil>
60	99	166	265	<nil>
60	121	66	187	<nil>
60	176	114	290	<nil>
60	134	70	204	<nil>
60	142	72	214	<nil>
60	136	74	210	<nil>
60	146	74	220	<nil>
60	151	126	277	<nil>
60	153	139	292	<nil>
60	157	139	296	<nil>
60	200	90	290	<nil>
60	75	101	176	<nil>
60	180	123	303	<nil>
60	214	84	298	<nil>
60	178	85	263	<nil>
60	167	85	252	<nil>
60	187	110	297	<nil>
60	187	111	298	<nil>
60	152	146	298	<nil>
60	244	38	282	<nil>
60	158	55	213	<nil>
60	146	154	300	<nil>
60	185	89	274	<nil>
60	269	39	308	<nil>
60	115	86	201	<nil>
60	154	144	298	<nil>
60	196	41	237	<nil>
60	181	64	245	<nil>
60	197	89	286	<nil>
60	115	44	159	<nil>
60	123	37	160	<nil>
60	169	135	304	<nil>
60	185	76	261	<nil>
60	123	37	160	<nil>
60	123	37	160	<nil>
60	125	34	159	<nil>
60	180	110	290	<nil>
60	125	33	158	<nil>
60	111	55	166	<nil>
60	156	142	298	<nil>
60	67	89	156	<nil>
60	135	20	155	<nil>
60	133	29	162	<nil>
60	125	116	241	<nil>
60	157	117	274	<nil>
60	162	110	272	<nil>
60	121	105	226	<nil>
60	107	116	223	<nil>
60	120	533	653	<nil>
60	147	533	680	<nil>
60	121	533	654	<nil>
60	123	532	655	<nil>
60	121	533	654	<nil>
60	166	532	698	<nil>
60	120	534	654	<nil>
60	114	540	654	<nil>
60	131	538	669	<nil>
60	121	533	654	<nil>
60	111	534	645	<nil>
60	165	540	705	<nil>
60	115	536	651	<nil>
60	144	534	678	<nil>
60	121	536	657	<nil>
60	137	438	575	<nil>
60	116	536	652	<nil>
60	118	534	652	<nil>
60	48	534	582	<nil>
60	100	542	642	<nil>
60	173	540	713	<nil>
60	553	13	566	<nil>
60	560	11	571	<nil>
60	565	5	570	<nil>
60	553	17	570	<nil>
60	553	18	571	<nil>
60	556	10	566	<nil>
60	561	10	571	<nil>
60	554	18	572	<nil>
60	567	6	573	<nil>
60	562	10	572	<nil>
60	445	10	455	<nil>
60	553	19	572	<nil>
60	571	4	575	<nil>
60	454	3	457	<nil>
60	565	7	572	<nil>
60	542	21	563	<nil>
60	569	4	573	<nil>
60	563	12	575	<nil>
60	551	12	563	<nil>
60	548	21	569	<nil>
60	561	13	574	<nil>
60	568	8	576	<nil>
60	27	5	32	<nil>
60	30	4	34	<nil>
60	563	17	580	<nil>
60	123	462	585	<nil>
60	562	18	580	<nil>
60	580	39	619	<nil>
60	446	95	541	<nil>
60	444	98	542	<nil>
60	21	95	116	<nil>
60	563	97	660	<nil>
60	27	89	116	<nil>
60	556	97	653	<nil>
60	561	97	658	<nil>
60	561	97	658	<nil>
60	562	97	659	<nil>
60	29	86	115	<nil>
60	453	90	543	<nil>
60	27	89	116	<nil>
60	579	102	681	<nil>
60	563	183	746	<nil>
60	661	89	750	<nil>
60	578	174	752	<nil>
60	191	12	203	<nil>
60	180	14	194	<nil>
60	676	74	750	<nil>
60	181	14	195	<nil>
60	176	22	198	<nil>
60	192	30	222	<nil>
60	190	10	200	<nil>
60	215	19	234	<nil>
60	210	19	229	<nil>
60	80	19	99	<nil>
60	237	17	254	<nil>
60	76	17	93	<nil>
60	178	29	207	<nil>
60	213	22	235	<nil>
60	188	20	208	<nil>
60	203	13	216	<nil>
60	198	31	229	<nil>
60	194	31	225	<nil>
60	179	23	202	<nil>
60	179	27	206	<nil>
60	174	31	205	<nil>
60	191	20	211	<nil>
60	200	23	223	<nil>
60	204	23	227	<nil>
60	93	32	125	<nil>
60	108	18	126	<nil>
60	213	20	233	<nil>
60	199	33	232	<nil>
60	81	28	109	<nil>
60	93	34	127	<nil>
60	97	34	131	<nil>
60	233	29	262	<nil>
60	207	27	234	<nil>
60	123	7	130	<nil>
60	68	27	95	<nil>
60	195	34	229	<nil>
60	209	29	238	<nil>
60	210	19	229	<nil>
60	54	19	73	<nil>
60	216	29	245	<nil>
60	113	29	142	<nil>
60	41	19	60	<nil>
60	54	4	58	<nil>
60	29	19	48	<nil>
60	32	13	45	<nil>
60	129	30	159	<nil>
60	232	29	261	<nil>
60	232	48	280	<nil>
60	217	29	246	<nil>
60	214	146	360	<nil>
60	133	135	268	<nil>
60	218	154	372	<nil>
60	232	136	368	<nil>
60	216	155	371	<nil>
60	206	162	368	<nil>
60	236	137	373	<nil>
60	210	158	368	<nil>
60	232	153	385	<nil>
60	219	153	372	<nil>
60	259	137	396	<nil>
60	65	127	192	<nil>
60	100	155	255	<nil>
60	112	158	270	<nil>
60	112	121	233	<nil>
60	144	45	189	<nil>
60	146	46	192	<nil>
60	164	50	214	<nil>
60	198	10	208	<nil>
60	147	48	195	<nil>
60	178	14	192	<nil>
60	156	55	211	<nil>
60	175	11	186	<nil>
60	179	14	193	<nil>
60	139	48	187	<nil>
60	180	8	188	<nil>
60	179	11	190	<nil>
60	180	10	190	<nil>
60	179	19	198	<nil>
60	180	7	187	<nil>
60	126	6	132	<nil>
60	183	8	191	<nil>
60	184	13	197	<nil>
60	183	13	196	<nil>
60	164	15	179	<nil>
60	181	16	197	<nil>
60	195	16	211	<nil>
60	185	22	207	<nil>
60	198	24	222	<nil>
60	222	22	244	<nil>
60	61	22	83	<nil>
60	186	23	209	<nil>
60	208	20	228	<nil>
60	182	21	203	<nil>
60	63	22	85	<nil>
60	187	24	211	<nil>
60	186	24	210	<nil>
60	169	24	193	<nil>
60	197	27	224	<nil>
60	184	25	209	<nil>
60	186	25	211	<nil>
60	185	25	210	<nil>
60	62	24	86	<nil>
60	134	22	156	<nil>
60	188	24	212	<nil>
60	63	24	87	<nil>
60	196	23	219	<nil>
60	179	22	201	<nil>
60	161	40	201	<nil>
60	70	24	94	<nil>
60	63	31	94	<nil>
60	160	77	237	<nil>
60	186	33	219	<nil>
60	206	30	236	<nil>
60	76	18	94	<nil>
60	187	76	263	<nil>
60	71	85	156	<nil>
60	63	95	158	<nil>
60	179	100	279	<nil>
60	71	3	74	<nil>
60	63	3	66	<nil>
60	61	3	64	<nil>
60	62	164	226	<nil>
60	78	150	228	<nil>
60	72	154	226	<nil>
60	60	165	225	<nil>
60	64	161	225	<nil>
60	20	28	48	<nil>
60	66	24	90	<nil>
60	123	25	148	<nil>
60	205	10	215	<nil>
60	197	9	206	<nil>
60	188	9	197	<nil>
60	147	58	205	<nil>
60	146	58	204	<nil>
60	158	57	215	<nil>
60	134	57	191	<nil>
60	132	57	189	<nil>
60	133	56	189	<nil>
60	146	58	204	<nil>
60	147	57	204	<nil>
60	140	57	197	<nil>
60	146	58	204	<nil>
60	133	57	190	<nil>
60	187	3	190	<nil>
60	132	58	190	<nil>
60	147	58	205	<nil>
60	147	58	205	<nil>
60	203	7	210	<nil>
60	186	9	195	<nil>
60	204	36	240	<nil>
60	195	19	214	<nil>
60	203	10	213	<nil>
60	200	34	234	<nil>
60	124	29	153	<nil>
60	203	4	207	<nil>
60	196	29	225	<nil>
60	224	34	258	<nil>
60	220	4	224	<nil>
60	196	35	231	<nil>
60	221	4	225	<nil>
60	127	2	129	<nil>
60	101	28	129	<nil>
60	36	3	39	<nil>
60	190	68	258	<nil>
60	197	67	264	<nil>
60	63	51	114	<nil>
60	213	53	266	<nil>
60	213	87	300	<nil>
60	143	66	209	<nil>
60	61	2	63	<nil>
60	223	52	275	<nil>
60	199	116	315	<nil>
60	189	104	293	<nil>
60	100	101	201	<nil>
60	206	86	292	<nil>
60	187	118	305	<nil>
60	104	73	177	<nil>
60	125	130	255	<nil>
60	146	62	208	<nil>
60	192	33	225	<nil>
60	102	106	208	<nil>
60	230	6	236	<nil>
60	125	129	254	<nil>
60	199	94	293	<nil>
60	188	33	221	<nil>
60	157	38	195	<nil>
60	250	7	257	<nil>
60	140	115	255	<nil>
60	201	2	203	<nil>
60	103	2	105	<nil>
60	61	1	62	<nil>
60	103	2	105	<nil>
60	187	51	238	<nil>
60	174	39	213	<nil>
60	175	41	216	<nil>
60	202	40	242	<nil>
60	170	41	211	<nil>
60	216	36	252	<nil>
60	123	1	124	<nil>
60	200	43	243	<nil>
60	190	159	349	<nil>
60	195	46	241	<nil>
60	172	50	222	<nil>
60	179	46	225	<nil>
60	131	9	140	<nil>
60	241	7	248	<nil>
60	212	29	241	<nil>
60	207	35	242	<nil>
60	247	27	274	<nil>
60	85	47	132	<nil>
60	146	33	179	<nil>
60	241	20	261	<nil>
60	200	91	291	<nil>
60	238	9	247	<nil>
60	236	27	263	<nil>
60	235	27	262	<nil>
60	148	29	177	<nil>
60	240	19	259	<nil>
60	207	51	258	<nil>
60	262	21	283	<nil>
60	263	20	283	<nil>
60	180	96	276	<nil>
60	176	120	296	<nil>
60	265	46	311	<nil>
60	273	22	295	<nil>
60	263	35	298	<nil>
60	158	42	200	<nil>
60	115	120	235	<nil>
60	193	91	284	<nil>
60	67	50	117	<nil>
60	244	20	264	<nil>
60	86	53	139	<nil>
60	262	49	311	<nil>
60	172	20	192	<nil>
60	77	204	281	<nil>
60	84	204	288	<nil>
60	190	231	421	<nil>
60	72	238	310	<nil>
60	264	241	505	<nil>
60	74	238	312	<nil>
60	87	222	309	<nil>
60	89	244	333	<nil>
60	134	244	378	<nil>
60	81	252	333	<nil>
60	85	250	335	<nil>
60	169	249	418	<nil>
60	85	248	333	<nil>
60	104	272	376	<nil>
60	87	254	341	<nil>
60	207	243	450	<nil>
60	392	72	464	<nil>
60	317	33	350	<nil>
60	334	13	347	<nil>
60	274	23	297	<nil>
60	301	40	341	<nil>
60	376	41	417	<nil>
60	284	4	288	<nil>
60	106	22	128	<nil>
60	324	44	368	<nil>
60	298	4	302	<nil>
60	128	3	131	<nil>
60	260	42	302	<nil>
60	125	7	132	<nil>
60	322	4	326	<nil>
60	106	5	111	<nil>
60	338	45	383	<nil>
60	129	4	133	<nil>
60	298	6	304	<nil>
60	337	47	384	<nil>
60	333	46	379	<nil>
60	321	43	364	<nil>
60	332	42	374	<nil>
60	283	52	335	<nil>
60	304	92	396	<nil>
60	311	70	381	<nil>
60	299	54	353	<nil>
60	285	90	375	<nil>
60	268	74	342	<nil>
60	307	95	402	<nil>
60	129	82	211	<nil>
60	129	77	206	<nil>
60	196	8	204	<nil>
60	312	95	407	<nil>
60	131	97	228	<nil>
60	357	27	384	<nil>
60	105	101	206	<nil>
60	298	97	395	<nil>
60	328	96	424	<nil>
60	285	111	396	<nil>
60	197	9	206	<nil>
60	381	5	386	<nil>
60	89	115	204	<nil>
60	38	102	140	<nil>
60	28	112	140	<nil>
60	130	114	244	<nil>
60	328	100	428	<nil>
60	132	5	137	<nil>
60	129	100	229	<nil>
60	94	100	194	<nil>
60	108	99	207	<nil>
60	129	100	229	<nil>
60	108	120	228	<nil>
60	39	128	167	<nil>
60	114	117	231	<nil>
60	115	114	229	<nil>
60	33	129	162	<nil>
60	43	129	172	<nil>
60	39	130	169	<nil>
60	122	67	189	<nil>
60	92	77	169	<nil>
60	126	65	191	<nil>
60	125	107	232	<nil>
60	150	82	232	<nil>
60	149	108	257	<nil>
60	127	76	203	<nil>
60	125	114	239	<nil>
60	128	107	235	<nil>
60	175	60	235	<nil>
60	125	117	242	<nil>
60	108	116	224	<nil>
60	130	116	246	<nil>
60	170	16	186	<nil>
60	111	16	127	<nil>
60	143	12	155	<nil>
60	145	17	162	<nil>
60	110	126	236	<nil>
60	127	126	253	<nil>
60	165	129	294	<nil>
60	168	128	296	<nil>
60	134	127	261	<nil>
60	127	127	254	<nil>
60	154	132	286	<nil>
60	130	141	271	<nil>
60	125	132	257	<nil>
60	108	144	252	<nil>
60	217	36	253	<nil>
60	148	36	184	<nil>
60	146	36	182	<nil>
60	144	36	180	<nil>
60	143	37	180	<nil>
60	153	38	191	<nil>
60	175	35	210	<nil>
60	156	36	192	<nil>
60	139	51	190	<nil>
60	169	27	196	<nil>
60	141	67	208	<nil>
60	146	68	214	<nil>
60	170	33	203	<nil>
60	170	33	203	<nil>
60	154	59	213	<nil>
60	133	76	209	<nil>
60	115	74	189	<nil>
60	213	39	252	<nil>
60	176	119	295	<nil>
60	109	182	291	<nil>
60	104	160	264	<nil>
60	113	199	312	<nil>
60	99	166	265	<nil>
60	114	202	316	<nil>
60	127	185	312	<nil>
60	188	148	336	<nil>
60	168	148	316	<nil>
60	87	151	238	<nil>
60	178	138	316	<nil>
60	100	168	268	<nil>
60	162	150	312	<nil>
60	147	33	180	<nil>
60	76	141	217	<nil>
60	165	161	326	<nil>
60	68	147	215	<nil>
60	142	209	351	<nil>
60	187	164	351	<nil>
60	70	148	218	<nil>
60	71	141	212	<nil>
60	62	148	210	<nil>
60	139	159	298	<nil>
60	176	62	238	<nil>
60	170	75	245	<nil>
60	219	35	254	<nil>
60	169	63	232	<nil>
60	192	76	268	<nil>
60	182	57	239	<nil>
60	193	45	238	<nil>
60	197	31	228	<nil>
60	198	54	252	<nil>
60	160	137	297	<nil>
60	130	136	266	<nil>
60	160	138	298	<nil>
60	163	136	299	<nil>
60	202	69	271	<nil>
60	226	74	300	<nil>
60	228	75	303	<nil>
60	159	144	303	<nil>
60	207	96	303	<nil>
60	255	48	303	<nil>
60	195	109	304	<nil>
60	232	49	281	<nil>
60	186	91	277	<nil>
60	258	50	308	<nil>
60	220	49	269	<nil>
60	135	141	276	<nil>
60	79	145	224	<nil>
60	201	82	283	<nil>
60	137	147	284	<nil>
60	254	54	308	<nil>
60	163	147	310	<nil>
60	163	149	312	<nil>
60	163	147	310	<nil>
60	49	150	199	<nil>
60	136	13	149	<nil>
60	153	81	234	<nil>
60	138	11	149	<nil>
60	75	72	147	<nil>
60	97	147	244	<nil>
60	135	15	150	<nil>
60	91	58	149	<nil>
60	148	150	298	<nil>
60	135	14	149	<nil>
60	92	64	156	<nil>
60	136	17	153	<nil>
60	146	20	166	<nil>
60	98	16	114	<nil>
60	99	16	115	<nil>
60	99	16	115	<nil>
60	107	9	116	<nil>
60	99	16	115	<nil>
60	145	20	165	<nil>
60	194	105	299	<nil>
60	136	18	154	<nil>
60	106	10	116	<nil>
60	67	87	154	<nil>
60	65	78	143	<nil>
60	96	44	140	<nil>
60	116	57	173	<nil>
60	69	65	134	<nil>
60	77	80	157	<nil>
60	72	67	139	<nil>
60	107	51	158	<nil>
60	105	76	181	<nil>
60	81	90	171	<nil>
60	106	103	209	<nil>
60	69	103	172	<nil>
60	207	12	219	<nil>
60	244	13	257	<nil>
60	221	9	230	<nil>
60	208	11	219	<nil>
60	207	12	219	<nil>
60	243	9	252	<nil>
60	210	8	218	<nil>
60	198	13	211	<nil>
60	211	10	221	<nil>
60	221	9	230	<nil>
60	209	14	223	<nil>
60	208	12	220	<nil>
60	210	17	227	<nil>
60	218	13	231	<nil>
60	214	11	225	<nil>
60	231	15	246	<nil>
60	227	16	243	<nil>
60	210	16	226	<nil>
60	212	15	227	<nil>
60	210	15	225	<nil>
60	231	12	243	<nil>
60	233	11	244	<nil>
60	210	14	224	<nil>
60	217	15	232	<nil>
60	214	11	225	<nil>
60	228	11	239	<nil>
60	211	15	226	<nil>
60	212	13	225	<nil>
60	230	14	244	<nil>
60	220	14	234	<nil>
60	220	13	233	<nil>
60	214	11	225	<nil>
60	219	13	232	<nil>
60	102	125	227	<nil>
60	220	127	347	<nil>
60	103	124	227	<nil>
60	224	125	349	<nil>
60	103	124	227	<nil>
60	82	124	206	<nil>
60	82	124	206	<nil>
60	223	125	348	<nil>
60	223	125	348	<nil>
60	96	130	226	<nil>
60	219	129	348	<nil>
60	103	124	227	<nil>
60	112	127	239	<nil>
60	217	124	341	<nil>
60	82	125	207	<nil>
60	96	125	221	<nil>
60	216	138	354	<nil>
60	222	125	347	<nil>
60	219	136	355	<nil>
60	209	138	347	<nil>
60	228	133	361	<nil>
60	216	138	354	<nil>
60	216	125	341	<nil>
60	218	136	354	<nil>
60	223	132	355	<nil>
60	215	139	354	<nil>
60	217	156	373	<nil>
60	211	35	246	<nil>
60	214	35	249	<nil>
60	151	3	154	<nil>
60	211	35	246	<nil>
60	210	36	246	<nil>
60	221	41	262	<nil>
60	209	39	248	<nil>
60	216	32	248	<nil>
60	207	38	245	<nil>
60	221	36	257	<nil>
60	148	12	160	<nil>
60	151	11	162	<nil>
60	148	12	160	<nil>
60	152	11	163	<nil>
60	149	10	159	<nil>
60	151	8	159	<nil>
60	242	13	255	<nil>
60	245	9	254	<nil>
60	156	6	162	<nil>
60	211	44	255	<nil>
60	148	11	159	<nil>
60	155	8	163	<nil>
60	153	6	159	<nil>
60	149	12	161	<nil>
60	155	5	160	<nil>
60	161	11	172	<nil>
60	147	13	160	<nil>
60	151	8	159	<nil>
60	244	11	255	<nil>
60	154	12	166	<nil>
60	148	15	163	<nil>
60	107	3	110	<nil>
60	152	15	167	<nil>
60	157	9	166	<nil>
60	120	81	201	<nil>
60	124	86	210	<nil>
60	128	100	228	<nil>
60	105	101	206	<nil>
60	102	97	199	<nil>
60	135	94	229	<nil>
60	93	94	187	<nil>
60	133	96	229	<nil>
60	133	98	231	<nil>
60	139	98	237	<nil>
60	96	102	198	<nil>
60	108	98	206	<nil>
60	108	99	207	<nil>
60	60	98	158	<nil>
60	104	97	201	<nil>
60	134	97	231	<nil>
60	47	100	147	<nil>
60	105	107	212	<nil>
60	122	104	226	<nil>
60	132	104	236	<nil>
60	91	104	195	<nil>
60	108	103	211	<nil>
60	128	102	230	<nil>
60	94	15	109	<nil>
60	93	17	110	<nil>
60	97	16	113	<nil>
60	94	25	119	<nil>
60	95	16	111	<nil>
60	95	17	112	<nil>
60	99	15	114	<nil>
60	88	113	201	<nil>
60	95	17	112	<nil>
60	93	25	118	<nil>
60	89	23	112	<nil>
60	90	114	204	<nil>
60	144	79	223	<nil>
60	101	15	116	<nil>
60	79	16	95	<nil>
60	104	111	215	<nil>
60	105	111	216	<nil>
60	104	114	218	<nil>
60	107	110	217	<nil>
60	108	111	219	<nil>
60	109	110	219	<nil>
60	111	108	219	<nil>
60	106	116	222	<nil>
60	104	117	221	<nil>
60	90	117	207	<nil>
60	108	113	221	<nil>
60	109	113	222	<nil>
60	104	118	222	<nil>
60	72	115	187	<nil>
60	154	46	200	<nil>
60	114	104	218	<nil>
60	108	114	222	<nil>
60	110	115	225	<nil>
60	129	94	223	<nil>
60	109	113	222	<nil>
60	115	108	223	<nil>
60	103	117	220	<nil>
60	20	130	150	<nil>
60	17	130	147	<nil>
60	121	14	135	<nil>
60	109	16	125	<nil>
60	118	53	171	<nil>
60	120	63	183	<nil>
60	123	64	187	<nil>
60	124	64	188	<nil>
60	127	65	192	<nil>
60	105	66	171	<nil>
60	120	78	198	<nil>
60	146	46	192	<nil>
60	118	66	184	<nil>
60	121	64	185	<nil>
60	178	6	184	<nil>
60	115	68	183	<nil>
60	126	66	192	<nil>
60	118	66	184	<nil>
60	123	69	192	<nil>
60	109	66	175	<nil>
60	129	64	193	<nil>
60	127	77	204	<nil>
60	138	73	211	<nil>
60	126	77	203	<nil>
60	119	75	194	<nil>
60	139	74	213	<nil>
60	130	75	205	<nil>
60	120	75	195	<nil>
60	126	77	203	<nil>
60	136	75	211	<nil>
60	91	74	165	<nil>
60	127	76	203	<nil>
60	119	82	201	<nil>
60	136	82	218	<nil>
60	177	23	200	<nil>
60	109	10	119	<nil>
60	95	23	118	<nil>
60	129	98	227	<nil>
60	121	98	219	<nil>
60	161	58	219	<nil>
60	98	22	120	<nil>
60	101	46	147	<nil>
60	102	46	148	<nil>
80	94	155	249	<nil>
80	107	184	291	<nil>
80	112	175	287	<nil>
80	102	186	288	<nil>
80	152	151	303	<nil>
80	112	193	305	<nil>
80	112	220	332	<nil>
80	258	61	319	<nil>
80	225	16	241	<nil>
80	229	21	250	<nil>
80	185	7	192	<nil>
80	116	219	335	<nil>
80	213	46	259	<nil>
80	116	218	334	<nil>
80	227	17	244	<nil>
80	114	195	309	<nil>
80	114	221	335	<nil>
80	223	35	258	<nil>
80	226	17	243	<nil>
80	144	121	265	<nil>
80	100	227	327	<nil>
80	198	47	245	<nil>
80	194	30	224	<nil>
80	96	222	318	<nil>
80	112	223	335	<nil>
80	208	49	257	<nil>
80	226	18	244	<nil>
80	214	32	246	<nil>
80	271	49	320	<nil>
80	141	197	338	<nil>
80	114	224	338	<nil>
80	108	225	333	<nil>
80	173	15	188	<nil>
80	235	14	249	<nil>
80	222	22	244	<nil>
80	230	14	244	<nil>
80	141	193	334	<nil>
80	230	15	245	<nil>
80	230	16	246	<nil>
80	234	16	250	<nil>
80	112	221	333	<nil>
80	143	22	165	<nil>
80	223	19	242	<nil>
80	211	65	276	<nil>
80	49	48	97	<nil>
80	231	68	299	<nil>
80	165	52	217	<nil>
80	164	53	217	<nil>
80	165	55	220	<nil>
80	166	73	239	<nil>
80	271	75	346	<nil>
80	25	74	99	<nil>
80	270	75	345	<nil>
80	166	95	261	<nil>
80	67	133	200	<nil>
80	167	94	261	<nil>
80	263	140	403	<nil>
80	101	119	220	<nil>
80	163	163	326	<nil>
80	163	173	336	<nil>
80	163	176	339	<nil>
80	164	176	340	<nil>
80	173	176	349	<nil>
80	246	140	386	<nil>
80	164	196	360	<nil>
80	220	140	360	<nil>
80	128	143	271	<nil>
80	224	196	420	<nil>
80	200	178	378	<nil>
80	136	123	259	<nil>
80	113	163	276	<nil>
80	170	194	364	<nil>
80	325	144	469	<nil>
80	163	200	363	<nil>
80	219	141	360	<nil>
80	201	165	366	<nil>
80	269	199	468	<nil>
80	344	127	471	<nil>
80	250	200	450	<nil>
80	369	107	476	<nil>
80	311	163	474	<nil>
80	239	124	363	<nil>
80	164	202	366	<nil>
80	306	163	469	<nil>
80	223	203	426	<nil>
80	164	202	366	<nil>
80	164	202	366	<nil>
80	197	56	253	<nil>
80	229	13	242	<nil>
80	244	14	258	<nil>
80	254	14	268	<nil>
80	194	36	230	<nil>
80	229	14	243	<nil>
80	230	14	244	<nil>
80	246	9	255	<nil>
80	248	9	257	<nil>
80	244	13	257	<nil>
80	247	13	260	<nil>
80	238	7	245	<nil>
80	230	18	248	<nil>
80	247	27	274	<nil>
80	243	21	264	<nil>
80	258	5	263	<nil>
80	268	7	275	<nil>
80	257	6	263	<nil>
80	244	28	272	<nil>
80	248	27	275	<nil>
80	248	27	275	<nil>
80	249	24	273	<nil>
80	250	12	262	<nil>
80	161	159	320	<nil>
80	260	163	423	<nil>
80	199	161	360	<nil>
80	103	200	303	<nil>
80	103	200	303	<nil>
80	102	240	342	<nil>
80	261	226	487	<nil>
80	225	227	452	<nil>
80	42	242	284	<nil>
80	65	243	308	<nil>
80	79	250	329	<nil>
80	53	255	308	<nil>
80	265	240	505	<nil>
80	264	259	523	<nil>
80	242	292	534	<nil>
80	71	270	341	<nil>
80	70	270	340	<nil>
80	191	270	461	<nil>
80	266	270	536	<nil>
80	248	315	563	<nil>
80	248	316	564	<nil>
80	137	312	449	<nil>
80	137	320	457	<nil>
80	341	163	504	<nil>
80	285	307	592	<nil>
80	99	305	404	<nil>
80	150	312	462	<nil>
80	252	326	578	<nil>
80	101	302	403	<nil>
80	274	305	579	<nil>
80	132	325	457	<nil>
80	73	331	404	<nil>
80	99	306	405	<nil>
80	120	309	429	<nil>
80	304	78	382	<nil>
80	268	315	583	<nil>
80	178	331	509	<nil>
80	154	304	458	<nil>
80	343	24	367	<nil>
80	321	24	345	<nil>
80	326	24	350	<nil>
80	300	24	324	<nil>
80	317	23	340	<nil>
80	344	23	367	<nil>
80	341	26	367	<nil>
80	313	24	337	<nil>
80	408	81	489	<nil>
80	365	6	371	<nil>
80	151	11	162	<nil>
80	332	96	428	<nil>
80	180	6	186	<nil>
80	176	3	179	<nil>
80	175	4	179	<nil>
80	370	2	372	<nil>
80	177	10	187	<nil>
80	178	40	218	<nil>
80	173	65	238	<nil>
80	366	91	457	<nil>
80	366	63	429	<nil>
80	329	85	414	<nil>
80	364	77	441	<nil>
80	364	70	434	<nil>
80	366	75	441	<nil>
80	341	74	415	<nil>
80	176	61	237	<nil>
80	346	73	419	<nil>
80	179	70	249	<nil>
80	176	72	248	<nil>
80	343	71	414	<nil>
80	176	72	248	<nil>
80	353	78	431	<nil>
80	176	89	265	<nil>
80	364	131	495	<nil>
80	371	130	501	<nil>
80	375	133	508	<nil>
80	339	137	476	<nil>
80	337	136	473	<nil>
80	453	48	501	<nil>
80	158	133	291	<nil>
80	365	136	501	<nil>
80	364	135	499	<nil>
80	99	136	235	<nil>
80	95	137	232	<nil>
80	141	137	278	<nil>
80	100	136	236	<nil>
80	95	137	232	<nil>
80	99	137	236	<nil>
80	364	140	504	<nil>
80	181	61	242	<nil>
80	125	85	210	<nil>
80	181	86	267	<nil>
80	184	65	249	<nil>
80	97	179	276	<nil>
80	144	52	196	<nil>
80	113	93	206	<nil>
80	143	53	196	<nil>
80	145	100	245	<nil>
80	67	180	247	<nil>
80	165	34	199	<nil>
80	121	89	210	<nil>
80	165	34	199	<nil>
80	153	94	247	<nil>
80	125	54	179	<nil>
80	115	95	210	<nil>
80	154	94	248	<nil>
80	84	164	248	<nil>
80	95	113	208	<nil>
80	160	34	194	<nil>
80	155	56	211	<nil>
80	97	201	298	<nil>
80	150	64	214	<nil>
80	153	38	191	<nil>
80	188	44	232	<nil>
80	220	62	282	<nil>
80	165	127	292	<nil>
80	165	127	292	<nil>
80	189	105	294	<nil>
80	146	130	276	<nil>
80	135	94	229	<nil>
80	200	94	294	<nil>
80	162	106	268	<nil>
80	213	64	277	<nil>
80	141	64	205	<nil>
80	201	74	275	<nil>
80	165	129	294	<nil>
80	113	91	204	<nil>
80	179	99	278	<nil>
80	99	95	194	<nil>
80	103	92	195	<nil>
80	174	95	269	<nil>
80	194	75	269	<nil>
80	105	111	216	<nil>
80	108	110	218	<nil>
80	96	107	203	<nil>
80	105	111	216	<nil>
80	91	112	203	<nil>
80	89	117	206	<nil>
80	95	107	202	<nil>
80	96	110	206	<nil>
80	110	107	217	<nil>
80	136	76	212	<nil>
80	95	123	218	<nil>
80	110	119	229	<nil>
80	97	136	233	<nil>
80	130	106	236	<nil>
80	110	137	247	<nil>
80	95	125	220	<nil>
80	100	147	247	<nil>
80	141	106	247	<nil>
80	182	182	364	<nil>
80	87	168	255	<nil>
80	117	179	296	<nil>
80	83	164	247	<nil>
80	123	123	246	<nil>
80	111	175	286	<nil>
80	110	180	290	<nil>
80	127	155	282	<nil>
80	80	139	219	<nil>
80	106	144	250	<nil>
80	111	144	255	<nil>
80	110	140	250	<nil>
80	111	132	243	<nil>
80	95	157	252	<nil>
80	110	140	250	<nil>
80	102	144	246	<nil>
80	99	144	243	<nil>
80	104	145	249	<nil>
80	140	145	285	<nil>
80	131	174	305	<nil>
80	143	164	307	<nil>
80	111	193	304	<nil>
80	93	164	257	<nil>
80	99	170	269	<nil>
80	125	164	289	<nil>
80	130	179	309	<nil>
80	141	153	294	<nil>
80	140	154	294	<nil>
80	123	181	304	<nil>
80	126	167	293	<nil>
80	123	182	305	<nil>
80	103	169	272	<nil>
80	107	145	252	<nil>
80	107	178	285	<nil>
80	104	177	281	<nil>
80	89	225	314	<nil>
80	106	257	363	<nil>
80	110	286	396	<nil>
80	79	287	366	<nil>
80	68	311	379	<nil>
80	106	306	412	<nil>
80	79	244	323	<nil>
80	83	220	303	<nil>
80	57	313	370	<nil>
80	105	220	325	<nil>
80	97	215	312	<nil>
80	129	182	311	<nil>
80	156	156	312	<nil>
80	128	188	316	<nil>
80	159	166	325	<nil>
80	102	223	325	<nil>
80	97	219	316	<nil>
80	99	318	417	<nil>
80	87	214	301	<nil>
80	97	220	317	<nil>
80	79	302	381	<nil>
80	97	215	312	<nil>
80	130	182	312	<nil>
80	130	182	312	<nil>
80	97	225	322	<nil>
80	147	182	329	<nil>
80	140	182	322	<nil>
80	157	154	311	<nil>
80	166	156	322	<nil>
80	108	222	330	<nil>
80	156	155	311	<nil>
80	141	185	326	<nil>
80	106	224	330	<nil>
80	129	185	314	<nil>
80	156	169	325	<nil>
80	129	206	335	<nil>
80	157	179	336	<nil>
80	95	177	272	<nil>
80	140	207	347	<nil>
80	140	208	348	<nil>
80	95	179	274	<nil>
80	86	177	263	<nil>
80	74	181	255	<nil>
80	99	180	279	<nil>
80	213	82	295	<nil>
80	88	171	259	<nil>
80	41	191	232	<nil>
80	195	95	290	<nil>
80	151	206	357	<nil>
80	166	207	373	<nil>
80	155	203	358	<nil>
80	135	224	359	<nil>
80	153	206	359	<nil>
80	122	224	346	<nil>
80	145	225	370	<nil>
80	154	205	359	<nil>
80	149	204	353	<nil>
80	156	204	360	<nil>
80	156	225	381	<nil>
80	145	204	349	<nil>
80	155	211	366	<nil>
80	157	211	368	<nil>
80	130	211	341	<nil>
80	106	210	316	<nil>
80	131	199	330	<nil>
80	169	210	379	<nil>
80	151	198	349	<nil>
80	150	198	348	<nil>
80	148	200	348	<nil>
80	83	199	282	<nil>
80	137	211	348	<nil>
80	150	198	348	<nil>
80	155	212	367	<nil>
80	155	211	366	<nil>
80	155	211	366	<nil>
80	155	212	367	<nil>
80	149	199	348	<nil>
80	150	203	353	<nil>
80	32	216	248	<nil>
80	79	221	300	<nil>
80	31	221	252	<nil>
80	149	221	370	<nil>
80	32	204	236	<nil>
80	26	222	248	<nil>
80	36	220	256	<nil>
80	75	248	323	<nil>
80	177	101	278	<nil>
80	107	199	306	<nil>
80	194	157	351	<nil>
80	188	163	351	<nil>
80	181	179	360	<nil>
80	188	163	351	<nil>
80	168	170	338	<nil>
80	176	164	340	<nil>
80	183	163	346	<nil>
80	192	167	359	<nil>
80	193	164	357	<nil>
80	193	165	358	<nil>
80	182	166	348	<nil>
80	157	169	326	<nil>
80	168	169	337	<nil>
80	169	169	338	<nil>
80	156	170	326	<nil>
80	155	170	325	<nil>
80	150	169	319	<nil>
80	198	164	362	<nil>
80	246	99	345	<nil>
80	143	176	319	<nil>
80	247	98	345	<nil>
80	247	99	346	<nil>
80	324	23	347	<nil>
80	157	176	333	<nil>
80	259	99	358	<nil>
80	174	177	351	<nil>
80	283	70	353	<nil>
80	146	172	318	<nil>
80	277	71	348	<nil>
80	327	132	459	<nil>
80	236	144	380	<nil>
80	325	143	468	<nil>
80	276	193	469	<nil>
80	249	220	469	<nil>
80	276	193	469	<nil>
80	241	222	463	<nil>
80	254	252	506	<nil>
80	289	174	463	<nil>
80	212	258	470	<nil>
80	159	177	336	<nil>
80	176	138	314	<nil>
80	81	275	356	<nil>
80	181	152	333	<nil>
80	156	177	333	<nil>
80	240	228	468	<nil>
80	157	161	318	<nil>
80	101	256	357	<nil>
80	173	47	220	<nil>
80	193	9	202	<nil>
80	177	144	321	<nil>
80	188	158	346	<nil>
80	243	77	320	<nil>
80	161	160	321	<nil>
80	161	159	320	<nil>
80	155	164	319	<nil>
80	175	164	339	<nil>
80	157	164	321	<nil>
80	262	105	367	<nil>
80	187	104	291	<nil>
80	242	105	347	<nil>
80	120	200	320	<nil>
80	213	106	319	<nil>
80	168	173	341	<nil>
80	153	195	348	<nil>
80	239	72	311	<nil>
80	262	107	369	<nil>
80	119	163	282	<nil>
80	158	169	327	<nil>
80	264	87	351	<nil>
80	209	82	291	<nil>
80	201	151	352	<nil>
80	197	151	348	<nil>
80	212	139	351	<nil>
80	296	72	368	<nil>
80	156	173	329	<nil>
80	173	198	371	<nil>
80	156	196	352	<nil>
80	244	110	354	<nil>
80	195	4	199	<nil>
80	201	5	206	<nil>
80	163	78	241	<nil>
80	182	152	334	<nil>
80	158	50	208	<nil>
80	212	87	299	<nil>
80	209	13	222	<nil>
80	198	12	210	<nil>
80	195	5	200	<nil>
80	191	19	210	<nil>
80	164	5	169	<nil>
80	198	12	210	<nil>
80	194	16	210	<nil>
80	199	12	211	<nil>
80	197	13	210	<nil>
80	199	18	217	<nil>
80	191	24	215	<nil>
80	196	20	216	<nil>
80	210	6	216	<nil>
80	175	28	203	<nil>
80	174	63	237	<nil>
80	197	100	297	<nil>
80	192	100	292	<nil>
80	179	97	276	<nil>
80	78	96	174	<nil>
80	174	103	277	<nil>
80	187	99	286	<nil>
80	199	98	297	<nil>
80	166	101	267	<nil>
80	192	100	292	<nil>
80	177	100	277	<nil>
80	174	29	203	<nil>
80	74	194	268	<nil>
80	74	252	326	<nil>
80	73	253	326	<nil>
80	96	232	328	<nil>
80	88	250	338	<nil>
80	57	257	314	<nil>
80	44	276	320	<nil>
80	237	29	266	<nil>
80	247	20	267	<nil>
80	250	26	276	<nil>
80	262	15	277	<nil>
80	107	184	291	<nil>
80	248	20	268	<nil>
80	247	20	267	<nil>
80	59	256	315	<nil>
80	88	208	296	<nil>
80	247	37	284	<nil>
80	235	27	262	<nil>
80	59	263	322	<nil>
80	238	30	268	<nil>
80	230	42	272	<nil>
80	260	15	275	<nil>
80	60	263	323	<nil>
80	242	31	273	<nil>
80	259	19	278	<nil>
80	248	30	278	<nil>
80	265	16	281	<nil>
80	257	21	278	<nil>
80	237	29	266	<nil>
80	262	18	280	<nil>
80	259	7	266	<nil>
80	296	2	298	<nil>
80	148	2	150	<nil>
80	299	2	301	<nil>
80	281	16	297	<nil>
80	306	2	308	<nil>
80	296	2	298	<nil>
80	182	2	184	<nil>
80	251	17	268	<nil>
80	263	19	282	<nil>
80	297	3	300	<nil>
80	61	3	64	<nil>
80	299	2	301	<nil>
80	262	16	278	<nil>
80	300	2	302	<nil>
80	295	3	298	<nil>
80	260	21	281	<nil>
80	308	1	309	<nil>
80	151	24	175	<nil>
80	275	24	299	<nil>
80	275	27	302	<nil>
80	281	21	302	<nil>
80	295	5	300	<nil>
80	299	2	301	<nil>
80	279	23	302	<nil>
80	233	11	244	<nil>
80	153	21	174	<nil>
80	164	25	189	<nil>
80	186	15	201	<nil>
80	300	16	316	<nil>
80	302	15	317	<nil>
80	302	15	317	<nil>
80	301	17	318	<nil>
80	80	146	226	<nil>
80	295	153	448	<nil>
80	291	168	459	<nil>
80	180	168	348	<nil>
80	68	151	219	<nil>
80	291	153	444	<nil>
80	248	172	420	<nil>
80	78	151	229	<nil>
80	217	153	370	<nil>
80	46	172	218	<nil>
80	317	151	468	<nil>
80	316	152	468	<nil>
80	304	163	467	<nil>
80	316	153	469	<nil>
80	313	165	478	<nil>
80	158	173	331	<nil>
80	289	172	461	<nil>
80	318	153	471	<nil>
80	317	153	470	<nil>
80	217	161	378	<nil>
80	304	173	477	<nil>
80	38	176	214	<nil>
80	19	179	198	<nil>
80	37	160	197	<nil>
80	87	174	261	<nil>
80	17	160	177	<nil>
80	35	182	217	<nil>
80	18	160	178	<nil>
80	29	160	189	<nil>
80	61	174	235	<nil>
80	174	89	263	<nil>
80	174	112	286	<nil>
80	174	124	298	<nil>
80	273	36	309	<nil>
80	176	132	308	<nil>
80	292	30	322	<nil>
80	258	36	294	<nil>
80	273	33	306	<nil>
80	270	49	319	<nil>
80	286	33	319	<nil>
80	277	42	319	<nil>
80	277	43	320	<nil>
80	287	32	319	<nil>
80	291	29	320	<nil>
80	262	59	321	<nil>
80	263	57	320	<nil>
80	272	39	311	<nil>
80	269	50	319	<nil>
80	278	42	320	<nil>
80	286	35	321	<nil>
80	272	35	307	<nil>
80	262	59	321	<nil>
80	277	43	320	<nil>
80	292	29	321	<nil>
80	272	48	320	<nil>
80	262	59	321	<nil>
80	250	60	310	<nil>
80	264	57	321	<nil>
80	257	57	314	<nil>
80	259	60	319	<nil>
80	259	47	306	<nil>
80	273	34	307	<nil>
80	278	42	320	<nil>
80	272	35	307	<nil>
80	264	42	306	<nil>
80	270	50	320	<nil>
80	248	60	308	<nil>
80	250	61	311	<nil>
80	305	36	341	<nil>
80	286	41	327	<nil>
80	278	50	328	<nil>
80	263	110	373	<nil>
80	293	137	430	<nil>
80	262	176	438	<nil>
80	248	192	440	<nil>
80	282	159	441	<nil>
80	261	194	455	<nil>
80	263	192	455	<nil>
80	297	157	454	<nil>
80	153	140	293	<nil>
80	154	149	303	<nil>
80	111	144	255	<nil>
80	147	150	297	<nil>
80	158	139	297	<nil>
80	145	153	298	<nil>
80	152	144	296	<nil>
80	151	138	289	<nil>
80	144	144	288	<nil>
80	144	143	287	<nil>
80	55	145	200	<nil>
80	134	161	295	<nil>
80	28	135	163	<nil>
80	154	149	303	<nil>
80	84	142	226	<nil>
80	152	144	296	<nil>
80	121	188	309	<nil>
80	149	144	293	<nil>
80	158	138	296	<nil>
80	150	146	296	<nil>
80	144	144	288	<nil>
80	100	156	256	<nil>
80	99	151	250	<nil>
80	130	8	138	<nil>
80	14	135	149	<nil>
80	128	9	137	<nil>
80	140	148	288	<nil>
80	126	14	140	<nil>
80	143	159	302	<nil>
80	127	11	138	<nil>
80	32	137	169	<nil>
80	127	13	140	<nil>
80	159	144	303	<nil>
80	137	170	307	<nil>
80	277	180	457	<nil>
80	138	158	296	<nil>
80	100	136	236	<nil>
80	141	5	146	<nil>
80	135	10	145	<nil>
80	130	17	147	<nil>
80	135	13	148	<nil>
80	130	191	321	<nil>
80	141	179	320	<nil>
80	154	174	328	<nil>
80	142	41	183	<nil>
80	144	70	214	<nil>
80	136	134	270	<nil>
80	135	193	328	<nil>
80	135	194	329	<nil>
80	135	193	328	<nil>
80	135	205	340	<nil>
80	135	205	340	<nil>
80	140	207	347	<nil>
80	147	219	366	<nil>
80	147	219	366	<nil>
80	144	222	366	<nil>
80	144	223	367	<nil>
80	148	221	369	<nil>
80	57	234	291	<nil>
80	309	67	376	<nil>
80	147	231	378	<nil>
80	144	232	376	<nil>
80	234	14	248	<nil>
80	235	13	248	<nil>
80	308	77	385	<nil>
80	155	230	385	<nil>
80	144	242	386	<nil>
80	145	240	385	<nil>
80	326	58	384	<nil>
80	210	29	239	<nil>
80	236	26	262	<nil>
80	146	240	386	<nil>
80	219	21	240	<nil>
80	219	21	240	<nil>
80	220	21	241	<nil>
80	219	21	240	<nil>
80	32	265	297	<nil>
80	218	43	261	<nil>
80	220	47	267	<nil>
80	147	273	420	<nil>
80	135	284	419	<nil>
80	29	277	306	<nil>
80	135	284	419	<nil>
80	143	285	428	<nil>
80	168	65	233	<nil>
80	228	94	322	<nil>
80	222	93	315	<nil>
80	295	165	460	<nil>
80	222	94	316	<nil>
80	231	94	325	<nil>
80	231	92	323	<nil>
80	225	91	316	<nil>
80	238	98	336	<nil>
80	243	103	346	<nil>
80	214	123	337	<nil>
80	189	107	296	<nil>
80	228	107	335	<nil>
80	252	85	337	<nil>
80	260	98	358	<nil>
80	279	74	353	<nil>
80	274	88	362	<nil>
80	214	127	341	<nil>
80	222	118	340	<nil>
80	271	78	349	<nil>
80	262	78	340	<nil>
80	173	129	302	<nil>
80	305	54	359	<nil>
80	297	50	347	<nil>
80	185	112	297	<nil>
80	35	216	251	<nil>
80	161	99	260	<nil>
80	44	208	252	<nil>
80	274	101	375	<nil>
80	337	100	437	<nil>
80	335	101	436	<nil>
80	335	104	439	<nil>
80	165	101	266	<nil>
80	334	136	470	<nil>
80	339	132	471	<nil>
80	334	136	470	<nil>
80	268	135	403	<nil>
80	141	130	271	<nil>
80	344	136	480	<nil>
80	340	131	471	<nil>
80	349	131	480	<nil>
80	202	135	337	<nil>
80	340	131	471	<nil>
80	341	131	472	<nil>
80	333	137	470	<nil>
80	355	133	488	<nil>
80	136	124	260	<nil>
80	169	62	231	<nil>
80	129	128	257	<nil>
80	147	129	276	<nil>
80	158	65	223	<nil>
80	144	126	270	<nil>
80	158	143	301	<nil>
80	129	124	253	<nil>
80	164	50	214	<nil>
80	146	49	195	<nil>
80	138	124	262	<nil>
80	335	137	472	<nil>
80	147	126	273	<nil>
80	126	130	256	<nil>
80	168	66	234	<nil>
80	146	125	271	<nil>
80	147	131	278	<nil>
80	288	142	430	<nil>
80	226	20	246	<nil>
80	200	52	252	<nil>
80	169	70	239	<nil>
80	216	12	228	<nil>
80	205	20	225	<nil>
80	169	52	221	<nil>
80	186	53	239	<nil>
80	195	54	249	<nil>
80	218	21	239	<nil>
80	193	54	247	<nil>
80	194	53	247	<nil>
80	218	20	238	<nil>
80	189	22	211	<nil>
80	216	23	239	<nil>
80	157	142	299	<nil>
80	161	153	314	<nil>
80	232	96	328	<nil>
80	214	98	312	<nil>
80	232	96	328	<nil>
80	241	75	316	<nil>
80	234	75	309	<nil>
80	195	100	295	<nil>
80	212	98	310	<nil>
80	212	98	310	<nil>
80	199	102	301	<nil>
80	218	101	319	<nil>
80	139	78	217	<nil>
80	121	153	274	<nil>
80	114	101	215	<nil>
80	212	100	312	<nil>
80	134	128	262	<nil>
80	185	78	263	<nil>
80	185	128	313	<nil>
80	197	100	297	<nil>
80	207	100	307	<nil>
80	326	19	345	<nil>
80	117	100	217	<nil>
80	169	129	298	<nil>
80	262	75	337	<nil>
80	212	101	313	<nil>
80	217	100	317	<nil>
80	132	103	235	<nil>
80	178	128	306	<nil>
80	184	132	316	<nil>
80	87	153	240	<nil>
80	177	28	205	<nil>
80	138	103	241	<nil>
80	118	124	242	<nil>
80	160	30	190	<nil>
80	114	126	240	<nil>
80	136	80	216	<nil>
80	175	39	214	<nil>
80	181	61	242	<nil>
80	167	59	226	<nil>
80	181	61	242	<nil>
80	182	63	245	<nil>
80	181	61	242	<nil>
80	182	63	245	<nil>
80	197	25	222	<nil>
80	181	64	245	<nil>
80	151	30	181	<nil>
80	198	131	329	<nil>
80	200	117	317	<nil>
80	188	117	305	<nil>
80	192	138	330	<nil>
80	234	98	332	<nil>
80	222	110	332	<nil>
80	233	106	339	<nil>
80	252	110	362	<nil>
80	211	117	328	<nil>
80	201	127	328	<nil>
80	179	109	288	<nil>
80	302	31	333	<nil>
80	230	100	330	<nil>
80	107	82	189	<nil>
80	186	143	329	<nil>
80	233	108	341	<nil>
80	234	99	333	<nil>
80	223	98	321	<nil>
80	222	112	334	<nil>
80	130	71	201	<nil>
80	234	99	333	<nil>
80	154	13	167	<nil>
80	222	142	364	<nil>
80	78	127	205	<nil>
80	193	140	333	<nil>
80	229	99	328	<nil>
80	214	127	341	<nil>
80	264	99	363	<nil>
80	179	143	322	<nil>
80	307	34	341	<nil>
80	227	107	334	<nil>
80	221	107	328	<nil>
80	291	31	322	<nil>
80	138	53	191	<nil>
80	272	100	372	<nil>
80	175	113	288	<nil>
80	222	113	335	<nil>
80	151	55	206	<nil>
80	191	144	335	<nil>
80	177	56	233	<nil>
80	144	55	199	<nil>
80	180	53	233	<nil>
80	223	100	323	<nil>
80	206	57	263	<nil>
80	155	55	210	<nil>
80	210	59	269	<nil>
80	127	83	210	<nil>
80	179	117	296	<nil>
80	199	62	261	<nil>
80	181	111	292	<nil>
80	203	59	262	<nil>
80	219	62	281	<nil>
80	108	83	191	<nil>
80	203	61	264	<nil>
80	190	59	249	<nil>
80	208	60	268	<nil>
80	142	59	201	<nil>
80	201	60	261	<nil>
80	148	113	261	<nil>
80	194	162	356	<nil>
80	154	168	322	<nil>
80	255	119	374	<nil>
80	261	198	459	<nil>
80	139	260	399	<nil>
80	264	199	463	<nil>
80	256	222	478	<nil>
80	256	227	483	<nil>
80	90	225	315	<nil>
80	312	141	453	<nil>
80	304	207	511	<nil>
80	259	247	506	<nil>
80	307	198	505	<nil>
80	164	215	379	<nil>
80	109	249	358	<nil>
80	259	251	510	<nil>
80	255	250	505	<nil>
80	309	197	506	<nil>
80	257	209	466	<nil>
80	305	205	510	<nil>
80	243	10	253	<nil>
80	246	8	254	<nil>
80	259	254	513	<nil>
80	243	10	253	<nil>
80	325	8	333	<nil>
80	243	10	253	<nil>
80	243	10	253	<nil>
80	298	9	307	<nil>
80	299	15	314	<nil>
80	318	9	327	<nil>
80	235	135	370	<nil>
80	246	19	265	<nil>
80	304	77	381	<nil>
80	328	27	355	<nil>
80	402	182	584	<nil>
80	221	75	296	<nil>
80	308	141	449	<nil>
80	308	29	337	<nil>
80	259	340	599	<nil>
80	331	47	378	<nil>
80	255	129	384	<nil>
80	353	130	483	<nil>
80	303	42	345	<nil>
80	333	129	462	<nil>
80	272	55	327	<nil>
80	231	53	284	<nil>
80	337	54	391	<nil>
80	231	56	287	<nil>
80	231	54	285	<nil>
80	380	8	388	<nil>
80	335	58	393	<nil>
80	391	58	449	<nil>
80	452	18	470	<nil>
80	335	57	392	<nil>
80	479	11	490	<nil>
80	422	44	466	<nil>
80	179	122	301	<nil>
80	342	9	351	<nil>
80	265	21	286	<nil>
80	331	57	388	<nil>
80	231	120	351	<nil>
80	413	62	475	<nil>
80	396	63	459	<nil>
80	462	6	468	<nil>
80	369	24	393	<nil>
80	413	43	456	<nil>
80	297	46	343	<nil>
80	142	62	204	<nil>
80	133	71	204	<nil>
80	300	64	364	<nil>
80	220	79	299	<nil>
80	169	80	249	<nil>
80	220	80	300	<nil>
80	219	80	299	<nil>
80	164	135	299	<nil>
80	164	136	300	<nil>
80	339	63	402	<nil>
80	274	25	299	<nil>
80	395	74	469	<nil>
80	459	33	492	<nil>
80	303	76	379	<nil>
80	167	132	299	<nil>
80	176	73	249	<nil>
80	329	80	409	<nil>
80	133	172	305	<nil>
80	189	186	375	<nil>
80	108	208	316	<nil>
80	96	225	321	<nil>
80	83	222	305	<nil>
80	109	225	334	<nil>
80	97	195	292	<nil>
80	89	223	312	<nil>
80	91	220	311	<nil>
80	129	178	307	<nil>
80	108	182	290	<nil>
80	89	223	312	<nil>
80	83	211	294	<nil>
80	135	174	309	<nil>
80	136	171	307	<nil>
80	52	180	232	<nil>
80	193	40	233	<nil>
80	123	180	303	<nil>
80	136	168	304	<nil>
80	117	187	304	<nil>
80	226	78	304	<nil>
80	133	171	304	<nil>
80	113	188	301	<nil>
80	126	178	304	<nil>
80	117	187	304	<nil>
80	117	187	304	<nil>
80	126	179	305	<nil>
80	117	187	304	<nil>
80	130	190	320	<nil>
80	60	181	241	<nil>
80	195	40	235	<nil>
80	69	180	249	<nil>
80	116	187	303	<nil>
80	157	43	200	<nil>
80	55	202	257	<nil>
80	95	202	297	<nil>
80	52	203	255	<nil>
80	164	40	204	<nil>
80	161	48	209	<nil>
80	167	72	239	<nil>
80	157	71	228	<nil>
80	167	72	239	<nil>
80	151	72	223	<nil>
80	147	72	219	<nil>
80	176	63	239	<nil>
80	221	2	223	<nil>
80	233	5	238	<nil>
80	168	76	244	<nil>
80	210	6	216	<nil>
80	237	2	239	<nil>
80	156	69	225	<nil>
80	171	76	247	<nil>
80	167	86	253	<nil>
80	177	78	255	<nil>
80	230	137	367	<nil>
80	246	152	398	<nil>
80	241	149	390	<nil>
80	232	149	381	<nil>
80	92	153	245	<nil>
80	228	153	381	<nil>
80	213	152	365	<nil>
80	247	184	431	<nil>
80	221	176	397	<nil>
80	237	184	421	<nil>
80	217	177	394	<nil>
80	217	177	394	<nil>
80	217	186	403	<nil>
80	118	178	296	<nil>
80	225	179	404	<nil>
80	247	186	433	<nil>
80	254	196	450	<nil>
80	247	226	473	<nil>
80	241	204	445	<nil>
80	254	211	465	<nil>
80	150	139	289	<nil>
80	160	228	388	<nil>
80	217	228	445	<nil>
80	239	228	467	<nil>
80	209	230	439	<nil>
80	213	230	443	<nil>
80	226	213	439	<nil>
80	98	230	328	<nil>
80	211	228	439	<nil>
80	128	160	288	<nil>
80	190	113	303	<nil>
80	189	113	302	<nil>
80	207	97	304	<nil>
80	209	231	440	<nil>
80	208	113	321	<nil>
80	216	103	319	<nil>
80	206	119	325	<nil>
80	211	134	345	<nil>
80	208	149	357	<nil>
80	272	107	379	<nil>
80	272	51	323	<nil>
80	332	51	383	<nil>
80	161	1	162	<nil>
80	173	19	192	<nil>
80	155	9	164	<nil>
80	272	107	379	<nil>
80	173	20	193	<nil>
80	90	13	103	<nil>
80	297	54	351	<nil>
80	287	93	380	<nil>
80	133	10	143	<nil>
80	329	56	385	<nil>
80	273	139	412	<nil>
80	278	110	388	<nil>
80	274	112	386	<nil>
80	113	9	122	<nil>
80	294	96	390	<nil>
80	334	55	389	<nil>
80	303	26	329	<nil>
80	290	26	316	<nil>
80	271	58	329	<nil>
80	271	60	331	<nil>
80	326	65	391	<nil>
80	320	11	331	<nil>
80	273	59	332	<nil>
80	285	103	388	<nil>
80	178	27	205	<nil>
80	249	108	357	<nil>
80	330	63	393	<nil>
80	257	130	387	<nil>
80	273	59	332	<nil>
80	313	21	334	<nil>
80	145	0	145	<nil>
80	276	32	308	<nil>
80	333	65	398	<nil>
80	108	12	120	<nil>
80	284	107	391	<nil>
80	284	107	391	<nil>
80	183	32	215	<nil>
80	300	92	392	<nil>
80	118	10	128	<nil>
80	251	150	401	<nil>
80	293	106	399	<nil>
80	281	113	394	<nil>
80	272	66	338	<nil>
80	85	19	104	<nil>
80	179	27	206	<nil>
80	277	122	399	<nil>
80	313	25	338	<nil>
80	111	18	129	<nil>
80	290	65	355	<nil>
80	308	39	347	<nil>
80	307	84	391	<nil>
80	66	8	74	<nil>
80	150	7	157	<nil>
80	114	18	132	<nil>
80	314	25	339	<nil>
80	193	15	208	<nil>
80	122	8	130	<nil>
80	70	8	78	<nil>
80	189	18	207	<nil>
80	163	15	178	<nil>
80	119	3	122	<nil>
80	117	14	131	<nil>
80	114	18	132	<nil>
80	175	5	180	<nil>
80	163	15	178	<nil>
80	127	10	137	<nil>
80	126	5	131	<nil>
80	118	15	133	<nil>
80	101	14	115	<nil>
80	120	12	132	<nil>
80	113	9	122	<nil>
80	170	10	180	<nil>
80	95	3	98	<nil>
80	329	11	340	<nil>
80	174	5	179	<nil>
80	125	9	134	<nil>
80	280	21	301	<nil>
80	286	43	329	<nil>
80	279	46	325	<nil>
80	295	39	334	<nil>
80	289	38	327	<nil>
80	294	41	335	<nil>
80	290	44	334	<nil>
80	327	2	329	<nil>
80	295	38	333	<nil>
80	323	2	325	<nil>
80	330	13	343	<nil>
80	323	9	332	<nil>
80	329	10	339	<nil>
80	331	11	342	<nil>
80	329	10	339	<nil>
80	320	17	337	<nil>
80	326	23	349	<nil>
80	318	17	335	<nil>
80	326	16	342	<nil>
80	334	5	339	<nil>
80	334	5	339	<nil>
80	332	8	340	<nil>
80	331	9	340	<nil>
80	330	10	340	<nil>
80	331	8	339	<nil>
80	334	5	339	<nil>
80	316	29	345	<nil>
80	292	67	359	<nil>
80	29	6	35	<nil>
80	334	8	342	<nil>
80	329	28	357	<nil>
80	341	6	347	<nil>
80	346	3	349	<nil>
80	346	5	351	<nil>
80	286	64	350	<nil>
80	30	2	32	<nil>
80	346	6	352	<nil>
80	341	12	353	<nil>
80	323	41	364	<nil>
80	359	4	363	<nil>
80	292	65	357	<nil>
80	349	7	356	<nil>
80	342	14	356	<nil>
80	297	59	356	<nil>
80	282	90	372	<nil>
80	312	89	401	<nil>
80	285	87	372	<nil>
80	356	14	370	<nil>
80	351	9	360	<nil>
80	350	14	364	<nil>
80	341	16	357	<nil>
80	347	10	357	<nil>
80	289	85	374	<nil>
80	353	7	360	<nil>
80	331	39	370	<nil>
80	341	20	361	<nil>
80	347	11	358	<nil>
80	351	9	360	<nil>
80	323	48	371	<nil>
80	352	11	363	<nil>
80	358	19	377	<nil>
80	285	87	372	<nil>
80	313	45	358	<nil>
80	327	44	371	<nil>
80	351	111	462	<nil>
80	30	111	141	<nil>
80	327	182	509	<nil>
80	357	241	598	<nil>
80	329	281	610	<nil>
80	356	248	604	<nil>
80	357	258	615	<nil>
80	366	254	620	<nil>
80	358	261	619	<nil>
80	411	237	648	<nil>
80	418	222	640	<nil>
80	421	224	645	<nil>
80	434	223	657	<nil>
80	427	215	642	<nil>
80	431	228	659	<nil>
80	434	228	662	<nil>
80	431	233	664	<nil>
80	432	229	661	<nil>
80	538	136	674	<nil>
80	305	47	352	<nil>
80	300	52	352	<nil>
80	337	51	388	<nil>
80	319	57	376	<nil>
80	357	40	397	<nil>
80	315	31	346	<nil>
80	339	25	364	<nil>
80	334	30	364	<nil>
80	353	30	383	<nil>
80	371	27	398	<nil>
80	309	57	366	<nil>
80	323	58	381	<nil>
80	333	31	364	<nil>
80	298	32	330	<nil>
80	308	56	364	<nil>
80	336	27	363	<nil>
80	367	32	399	<nil>
80	274	20	294	<nil>
80	305	28	333	<nil>
80	320	61	381	<nil>
80	368	31	399	<nil>
80	346	22	368	<nil>
80	358	33	391	<nil>
80	354	23	377	<nil>
80	340	27	367	<nil>
80	323	28	351	<nil>
80	351	22	373	<nil>
80	312	60	372	<nil>
80	347	23	370	<nil>
80	314	56	370	<nil>
80	339	31	370	<nil>
80	332	60	392	<nil>
80	326	33	359	<nil>
80	356	31	387	<nil>
80	340	37	377	<nil>
80	344	30	374	<nil>
80	328	32	360	<nil>
80	373	20	393	<nil>
80	348	87	435	<nil>
80	385	105	490	<nil>
80	390	106	496	<nil>
80	385	99	484	<nil>
80	367	107	474	<nil>
80	322	107	429	<nil>
80	330	106	436	<nil>
80	386	106	492	<nil>
80	383	107	490	<nil>
80	367	144	511	<nil>
80	376	154	530	<nil>
80	394	144	538	<nil>
80	302	167	469	<nil>
80	165	174	339	<nil>
80	315	207	522	<nil>
80	296	189	485	<nil>
80	371	194	565	<nil>
80	182	201	383	<nil>
80	341	180	521	<nil>
80	100	213	313	<nil>
80	93	206	299	<nil>
80	321	173	494	<nil>
80	93	206	299	<nil>
80	110	206	316	<nil>
80	321	176	497	<nil>
80	157	207	364	<nil>
80	94	206	300	<nil>
80	139	177	316	<nil>
80	66	208	274	<nil>
80	360	201	561	<nil>
80	70	207	277	<nil>
80	306	193	499	<nil>
80	323	177	500	<nil>
80	50	206	256	<nil>
80	58	200	258	<nil>
80	385	176	561	<nil>
80	69	206	275	<nil>
80	58	198	256	<nil>
80	55	204	259	<nil>
80	49	199	248	<nil>
80	178	25	203	<nil>
80	135	91	226	<nil>
80	188	25	213	<nil>
80	180	24	204	<nil>
80	55	252	307	<nil>
80	182	52	234	<nil>
80	129	131	260	<nil>
80	153	100	253	<nil>
80	157	101	258	<nil>
80	144	102	246	<nil>
80	155	98	253	<nil>
80	155	99	254	<nil>
80	180	54	234	<nil>
80	167	86	253	<nil>
80	156	101	257	<nil>
80	56	275	331	<nil>
80	167	87	254	<nil>
80	182	90	272	<nil>
80	156	102	258	<nil>
80	156	98	254	<nil>
80	181	91	272	<nil>
80	174	136	310	<nil>
80	234	134	368	<nil>
80	218	149	367	<nil>
80	196	166	362	<nil>
80	202	166	368	<nil>
80	210	150	360	<nil>
80	234	136	370	<nil>
80	203	183	386	<nil>
80	203	170	373	<nil>
80	218	180	398	<nil>
80	252	146	398	<nil>
80	233	189	422	<nil>
80	202	221	423	<nil>
80	219	204	423	<nil>
80	119	189	308	<nil>
80	202	221	423	<nil>
80	264	152	416	<nil>
80	196	221	417	<nil>
80	119	189	308	<nil>
80	234	189	423	<nil>
80	119	191	310	<nil>
80	159	152	311	<nil>
80	119	192	311	<nil>
80	87	223	310	<nil>
80	88	223	311	<nil>
80	88	224	312	<nil>
80	273	153	426	<nil>
80	161	138	299	<nil>
80	148	153	301	<nil>
80	147	197	344	<nil>
80	142	161	303	<nil>
80	125	176	301	<nil>
80	160	138	298	<nil>
80	92	237	329	<nil>
80	188	148	336	<nil>
80	180	145	325	<nil>
80	137	199	336	<nil>
80	180	147	327	<nil>
80	180	147	327	<nil>
80	216	117	333	<nil>
80	184	153	337	<nil>
80	217	115	332	<nil>
80	137	206	343	<nil>
80	205	121	326	<nil>
80	209	117	326	<nil>
80	229	172	401	<nil>
80	232	173	405	<nil>
80	236	170	406	<nil>
80	231	174	405	<nil>
80	237	174	411	<nil>
80	221	176	397	<nil>
80	267	96	363	<nil>
80	234	173	407	<nil>
80	219	145	364	<nil>
80	236	172	408	<nil>
80	252	164	416	<nil>
80	303	95	398	<nil>
80	228	97	325	<nil>
80	244	166	410	<nil>
80	236	173	409	<nil>
80	219	148	367	<nil>
80	233	168	401	<nil>
80	251	205	456	<nil>
80	244	165	409	<nil>
80	220	184	404	<nil>
80	233	223	456	<nil>
80	224	218	442	<nil>
80	236	161	397	<nil>
80	182	221	403	<nil>
80	235	165	400	<nil>
80	236	174	410	<nil>
80	237	199	436	<nil>
80	228	207	435	<nil>
80	231	205	436	<nil>
80	192	204	396	<nil>
80	227	207	434	<nil>
80	230	205	435	<nil>
80	236	199	435	<nil>
80	259	185	444	<nil>
80	238	209	447	<nil>
80	242	209	451	<nil>
80	184	171	355	<nil>
80	219	138	357	<nil>
80	168	186	354	<nil>
80	220	137	357	<nil>
80	221	164	385	<nil>
80	185	202	387	<nil>
80	192	168	360	<nil>
80	186	179	365	<nil>
80	189	200	389	<nil>
80	195	199	394	<nil>
80	191	199	390	<nil>
80	186	187	373	<nil>
80	215	144	359	<nil>
80	228	144	372	<nil>
80	217	152	369	<nil>
80	187	185	372	<nil>
80	185	186	371	<nil>
80	184	217	401	<nil>
80	228	176	404	<nil>
80	217	180	397	<nil>
80	202	176	378	<nil>
80	231	174	405	<nil>
80	229	176	405	<nil>
80	152	189	341	<nil>
80	231	238	469	<nil>
80	224	241	465	<nil>
80	232	242	474	<nil>
80	172	228	400	<nil>
80	182	236	418	<nil>
80	176	235	411	<nil>
80	142	231	373	<nil>
80	157	231	388	<nil>
80	179	231	410	<nil>
80	181	229	410	<nil>
80	158	268	426	<nil>
80	148	269	417	<nil>
80	171	265	436	<nil>
80	141	272	413	<nil>
80	155	276	431	<nil>
80	147	269	416	<nil>
80	162	268	430	<nil>
80	153	263	416	<nil>
80	167	272	439	<nil>
80	148	269	417	<nil>
80	153	201	354	<nil>
80	156	196	352	<nil>
80	145	201	346	<nil>
80	160	203	363	<nil>
80	186	167	353	<nil>
80	189	166	355	<nil>
80	189	178	367	<nil>
80	183	166	349	<nil>
80	168	196	364	<nil>
80	168	197	365	<nil>
80	189	234	423	<nil>
80	187	233	420	<nil>
80	157	232	389	<nil>
80	191	232	423	<nil>
80	183	233	416	<nil>
80	185	230	415	<nil>
80	182	201	383	<nil>
80	190	234	424	<nil>
80	198	156	354	<nil>
80	152	202	354	<nil>
80	188	167	355	<nil>
80	191	165	356	<nil>
80	193	165	358	<nil>
80	193	166	359	<nil>
80	215	205	420	<nil>
80	175	204	379	<nil>
80	187	206	393	<nil>
80	175	204	379	<nil>
80	181	204	385	<nil>
80	192	194	386	<nil>
80	191	190	381	<nil>
80	191	191	382	<nil>
80	156	240	396	<nil>
80	184	213	397	<nil>
80	214	146	360	<nil>
80	230	148	378	<nil>
80	193	132	325	<nil>
80	200	198	398	<nil>
80	201	196	397	<nil>
80	210	176	386	<nil>
80	229	203	432	<nil>
80	214	147	361	<nil>
80	223	202	425	<nil>
80	245	150	395	<nil>
80	210	151	361	<nil>
80	221	138	359	<nil>
80	212	131	343	<nil>
80	199	226	425	<nil>
80	212	210	422	<nil>
80	137	125	262	<nil>
80	155	108	263	<nil>
80	200	127	327	<nil>
80	184	129	313	<nil>
80	197	63	260	<nil>
80	128	120	248	<nil>
80	187	62	249	<nil>
80	184	130	314	<nil>
80	185	130	315	<nil>
80	194	132	326	<nil>
80	187	63	250	<nil>
80	184	65	249	<nil>
80	195	139	334	<nil>
80	141	116	257	<nil>
80	185	64	249	<nil>
80	193	20	213	<nil>
80	200	140	340	<nil>
80	186	21	207	<nil>
80	156	93	249	<nil>
80	191	19	210	<nil>
80	190	18	208	<nil>
80	185	132	317	<nil>
80	188	21	209	<nil>
80	185	23	208	<nil>
80	215	140	355	<nil>
80	150	61	211	<nil>
80	148	60	208	<nil>
80	198	131	329	<nil>
80	207	16	223	<nil>
80	208	17	225	<nil>
80	198	27	225	<nil>
80	195	31	226	<nil>
80	210	14	224	<nil>
80	185	168	353	<nil>
80	221	173	394	<nil>
80	148	177	325	<nil>
80	177	169	346	<nil>
80	224	122	346	<nil>
80	176	172	348	<nil>
80	197	144	341	<nil>
80	177	171	348	<nil>
80	260	114	374	<nil>
80	193	155	348	<nil>
80	203	215	418	<nil>
80	198	144	342	<nil>
80	147	128	275	<nil>
80	195	158	353	<nil>
80	158	1	159	<nil>
80	232	5	237	<nil>
80	233	2	235	<nil>
80	234	1	235	<nil>
80	276	73	349	<nil>
80	172	182	354	<nil>
80	233	2	235	<nil>
80	151	133	284	<nil>
80	191	167	358	<nil>
80	198	156	354	<nil>
80	172	183	355	<nil>
80	200	2	202	<nil>
80	216	2	218	<nil>
80	269	85	354	<nil>
80	233	1	234	<nil>
80	226	3	229	<nil>
80	233	2	235	<nil>
80	194	161	355	<nil>
80	220	17	237	<nil>
80	235	19	254	<nil>
80	113	195	308	<nil>
80	150	156	306	<nil>
80	225	28	253	<nil>
80	237	20	257	<nil>
80	171	25	196	<nil>
80	348	63	411	<nil>
80	127	195	322	<nil>
80	206	215	421	<nil>
80	150	188	338	<nil>
80	226	64	290	<nil>
80	228	61	289	<nil>
80	214	62	276	<nil>
80	245	37	282	<nil>
80	174	162	336	<nil>
80	215	62	277	<nil>
80	175	162	337	<nil>
80	214	62	276	<nil>
80	243	39	282	<nil>
80	240	42	282	<nil>
80	219	62	281	<nil>
80	221	63	284	<nil>
80	221	76	297	<nil>
80	248	76	324	<nil>
80	269	129	398	<nil>
80	212	138	350	<nil>
80	249	173	422	<nil>
80	260	162	422	<nil>
80	65	179	244	<nil>
80	85	187	272	<nil>
80	261	192	453	<nil>
80	256	195	451	<nil>
80	353	134	487	<nil>
80	282	154	436	<nil>
80	260	227	487	<nil>
80	398	97	495	<nil>
80	443	58	501	<nil>
80	258	230	488	<nil>
80	443	60	503	<nil>
80	231	231	462	<nil>
80	437	79	516	<nil>
80	230	78	308	<nil>
80	269	42	311	<nil>
80	398	119	517	<nil>
80	221	72	293	<nil>
80	225	72	297	<nil>
80	422	92	514	<nil>
80	387	77	464	<nil>
80	436	78	514	<nil>
80	187	117	304	<nil>
80	423	92	515	<nil>
80	422	92	514	<nil>
80	272	29	301	<nil>
80	256	233	489	<nil>
80	424	101	525	<nil>
80	224	55	279	<nil>
80	267	41	308	<nil>
80	272	39	311	<nil>
80	444	69	513	<nil>
80	262	38	300	<nil>
80	272	32	304	<nil>
80	283	30	313	<nil>
80	271	30	301	<nil>
80	236	28	264	<nil>
80	221	68	289	<nil>
80	274	29	303	<nil>
80	291	24	315	<nil>
80	332	111	443	<nil>
80	332	118	450	<nil>
80	334	120	454	<nil>
80	244	107	351	<nil>
80	362	103	465	<nil>
80	317	109	426	<nil>
80	339	101	440	<nil>
80	330	131	461	<nil>
80	349	127	476	<nil>
80	332	131	463	<nil>
80	334	127	461	<nil>
80	336	127	463	<nil>
80	362	99	461	<nil>
80	279	132	411	<nil>
80	382	81	463	<nil>
80	299	130	429	<nil>
80	326	139	465	<nil>
80	314	128	442	<nil>
80	361	102	463	<nil>
80	244	137	381	<nil>
80	244	137	381	<nil>
80	222	141	363	<nil>
80	249	133	382	<nil>
80	218	142	360	<nil>
80	241	132	373	<nil>
80	279	102	381	<nil>
80	235	138	373	<nil>
80	179	103	282	<nil>
80	167	121	288	<nil>
80	261	176	437	<nil>
80	412	92	504	<nil>
80	249	135	384	<nil>
80	121	168	289	<nil>
80	119	143	262	<nil>
80	275	143	418	<nil>
80	102	169	271	<nil>
80	158	105	263	<nil>
80	326	178	504	<nil>
80	103	169	272	<nil>
80	177	65	242	<nil>
80	177	66	243	<nil>
80	229	180	409	<nil>
80	309	179	488	<nil>
80	197	182	379	<nil>
80	278	148	426	<nil>
80	186	55	241	<nil>
80	187	62	249	<nil>
80	199	12	211	<nil>
80	290	174	464	<nil>
80	201	11	212	<nil>
80	186	15	201	<nil>
80	135	72	207	<nil>
80	191	59	250	<nil>
80	189	104	293	<nil>
80	140	284	424	<nil>
80	198	175	373	<nil>
80	205	185	390	<nil>
80	191	188	379	<nil>
80	193	196	389	<nil>
80	171	196	367	<nil>
80	158	197	355	<nil>
80	172	184	356	<nil>
80	134	197	331	<nil>
80	183	185	368	<nil>
80	177	183	360	<nil>
80	183	185	368	<nil>
80	175	186	361	<nil>
80	197	197	394	<nil>
80	171	186	357	<nil>
80	172	192	364	<nil>
80	223	10	233	<nil>
80	172	193	365	<nil>
80	222	11	233	<nil>
80	170	194	364	<nil>
80	172	192	364	<nil>
80	223	7	230	<nil>
80	353	33	386	<nil>
80	177	188	365	<nil>
80	221	11	232	<nil>
80	222	10	232	<nil>
80	183	194	377	<nil>
80	197	9	206	<nil>
80	170	194	364	<nil>
80	204	35	239	<nil>
80	186	217	403	<nil>
80	62	205	267	<nil>
80	55	199	254	<nil>
80	172	207	379	<nil>
80	192	17	209	<nil>
80	209	97	306	<nil>
80	199	54	253	<nil>
80	177	281	458	<nil>
80	180	83	263	<nil>
80	221	87	308	<nil>
80	229	131	360	<nil>
80	190	144	334	<nil>
80	177	150	327	<nil>
80	323	62	385	<nil>
80	235	122	357	<nil>
80	205	170	375	<nil>
80	296	66	362	<nil>
80	297	62	359	<nil>
80	304	56	360	<nil>
80	279	123	402	<nil>
80	240	173	413	<nil>
80	307	53	360	<nil>
80	312	53	365	<nil>
80	191	174	365	<nil>
80	186	174	360	<nil>
80	348	57	405	<nil>
80	322	57	379	<nil>
80	186	173	359	<nil>
80	187	173	360	<nil>
80	303	57	360	<nil>
80	351	59	410	<nil>
80	347	62	409	<nil>
80	364	47	411	<nil>
80	254	68	322	<nil>
100	296	0	296	rpc error: code = DeadlineExceeded desc = context deadline exceeded
100	150	0	150	rpc error: code = DeadlineExceeded desc = context deadline exceeded
100	189	0	189	rpc error: code = DeadlineExceeded desc = context deadline exceeded
100	153	0	153	rpc error: code = DeadlineExceeded desc = context deadline exceeded
100	163	0	163	rpc error: code = DeadlineExceeded desc = context deadline exceeded
100	167	0	167	rpc error: code = DeadlineExceeded desc = context deadline exceeded
100	166	0	166	rpc error: code = DeadlineExceeded desc = context deadline exceeded
100	151	0	151	rpc error: code = DeadlineExceeded desc = context deadline exceeded
100	146	0	146	rpc error: code = DeadlineExceeded desc = context deadline exceeded
100	163	0	163	rpc error: code = DeadlineExceeded desc = context deadline exceeded
100	168	0	168	rpc error: code = DeadlineExceeded desc = context deadline exceeded
100	164	0	164	rpc error: code = DeadlineExceeded desc = context deadline exceeded
100	164	0	164	rpc error: code = DeadlineExceeded desc = context deadline exceeded
100	147	0	147	rpc error: code = DeadlineExceeded desc = context deadline exceeded
100	206	0	206	rpc error: code = DeadlineExceeded desc = context deadline exceeded
100	208	0	208	rpc error: code = DeadlineExceeded desc = context deadline exceeded
100	190	0	190	rpc error: code = DeadlineExceeded desc = context deadline exceeded
100	112	0	112	rpc error: code = DeadlineExceeded desc = context deadline exceeded
100	177	0	177	rpc error: code = DeadlineExceeded desc = context deadline exceeded
100	167	0	167	rpc error: code = DeadlineExceeded desc = context deadline exceeded
100	164	0	164	rpc error: code = DeadlineExceeded desc = context deadline exceeded
100	188	0	188	rpc error: code = DeadlineExceeded desc = context deadline exceeded
100	167	0	167	rpc error: code = DeadlineExceeded desc = context deadline exceeded
100	164	0	164	rpc error: code = DeadlineExceeded desc = context deadline exceeded
100	177	0	177	rpc error: code = DeadlineExceeded desc = context deadline exceeded
100	152	0	152	rpc error: code = DeadlineExceeded desc = context deadline exceeded
100	153	0	153	rpc error: code = DeadlineExceeded desc = context deadline exceeded
100	176	0	176	rpc error: code = DeadlineExceeded desc = context deadline exceeded
100	307	0	307	rpc error: code = DeadlineExceeded desc = context deadline exceeded
100	153	0	153	rpc error: code = DeadlineExceeded desc = context deadline exceeded
100	258	0	258	rpc error: code = DeadlineExceeded desc = context deadline exceeded
100	166	0	166	rpc error: code = DeadlineExceeded desc = context deadline exceeded
100	307	0	307	rpc error: code = DeadlineExceeded desc = context deadline exceeded
100	286	0	286	rpc error: code = DeadlineExceeded desc = context deadline exceeded
100	177	0	177	rpc error: code = DeadlineExceeded desc = context deadline exceeded
100	289	0	289	rpc error: code = DeadlineExceeded desc = context deadline exceeded
100	285	0	285	rpc error: code = DeadlineExceeded desc = context deadline exceeded
100	164	0	164	rpc error: code = DeadlineExceeded desc = context deadline exceeded
100	168	0	168	rpc error: code = DeadlineExceeded desc = context deadline exceeded
100	178	0	178	rpc error: code = DeadlineExceeded desc = context deadline exceeded
100	152	0	152	rpc error: code = DeadlineExceeded desc = context deadline exceeded
100	189	0	189	rpc error: code = DeadlineExceeded desc = context deadline exceeded
100	158	0	158	rpc error: code = DeadlineExceeded desc = context deadline exceeded
100	307	63	370	<nil>
100	358	0	358	rpc error: code = DeadlineExceeded desc = context deadline exceeded
100	141	0	141	rpc error: code = DeadlineExceeded desc = context deadline exceeded
100	6154	89	6243	<nil>
100	6127	88	6215	<nil>
100	6131	88	6219	<nil>
100	6054	90	6144	<nil>
100	6161	91	6252	<nil>
100	6052	89	6141	<nil>
100	6156	89	6245	<nil>
100	6016	93	6109	<nil>
100	6029	97	6126	<nil>
100	6072	97	6169	<nil>
100	6020	92	6112	<nil>
100	6061	93	6154	<nil>
100	6055	98	6153	<nil>
100	6077	31	6108	<nil>
100	6078	24	6102	<nil>
100	6072	24	6096	<nil>
100	6071	25	6096	<nil>
100	6082	25	6107	<nil>
100	93	24	117	<nil>
100	6088	26	6114	<nil>
100	6082	24	6106	<nil>
100	6084	24	6108	<nil>
100	6089	24	6113	<nil>
100	100	24	124	<nil>
100	99	24	123	<nil>
100	6076	26	6102	<nil>
100	111	14	125	<nil>
100	99	24	123	<nil>
100	6085	23	6108	<nil>
100	99	24	123	<nil>
100	99	24	123	<nil>
100	6081	25	6106	<nil>
100	6081	26	6107	<nil>
100	6090	24	6114	<nil>
100	6082	24	6106	<nil>
100	126	5	131	<nil>
100	6083	34	6117	<nil>
100	6083	32	6115	<nil>
100	6084	32	6116	<nil>
100	125	10	135	<nil>
100	125	9	134	<nil>
100	6082	34	6116	<nil>
100	6082	32	6114	<nil>
100	122	22	144	<nil>
100	124	20	144	<nil>
100	126	25	151	<nil>
100	124	21	145	<nil>
100	123	32	155	<nil>
100	119	30	149	<nil>
100	130	45	175	<nil>
100	127	46	173	<nil>
100	130	45	175	<nil>
100	130	47	177	<nil>
100	127	47	174	<nil>
100	129	57	186	<nil>
100	131	53	184	<nil>
100	130	57	187	<nil>
100	133	54	187	<nil>
100	131	55	186	<nil>
100	123	64	187	<nil>
100	121	64	185	<nil>
100	136	51	187	<nil>
100	121	64	185	<nil>
100	121	64	185	<nil>
100	134	56	190	<nil>
100	123	64	187	<nil>
100	130	58	188	<nil>
100	135	54	189	<nil>
100	134	53	187	<nil>
100	129	62	191	<nil>
100	128	58	186	<nil>
100	134	57	191	<nil>
100	132	57	189	<nil>
100	129	63	192	<nil>
100	132	74	206	<nil>
100	121	86	207	<nil>
100	131	76	207	<nil>
100	135	73	208	<nil>
100	125	90	215	<nil>
100	125	92	217	<nil>
100	129	87	216	<nil>
100	133	83	216	<nil>
100	133	82	215	<nil>
100	123	92	215	<nil>
100	123	92	215	<nil>
100	130	86	216	<nil>
100	131	84	215	<nil>
100	126	90	216	<nil>
100	125	93	218	<nil>
100	135	80	215	<nil>
100	66	54	120	<nil>
100	129	83	212	<nil>
100	133	82	215	<nil>
100	128	88	216	<nil>
100	134	82	216	<nil>
100	128	87	215	<nil>
100	41	92	133	<nil>
100	68	49	117	<nil>
100	125	90	215	<nil>
100	129	90	219	<nil>
100	41	91	132	<nil>
100	59	75	134	<nil>
100	36	83	119	<nil>
100	133	83	216	<nil>
100	130	87	217	<nil>
100	133	87	220	<nil>
100	39	94	133	<nil>
100	47	87	134	<nil>
100	41	93	134	<nil>
100	55	67	122	<nil>
100	64	45	109	<nil>
100	46	89	135	<nil>
100	90	8	98	<nil>
100	72	50	122	<nil>
100	84	8	92	<nil>
100	76	45	121	<nil>
100	100	9	109	<nil>
100	62	31	93	<nil>
100	76	18	94	<nil>
100	80	13	93	<nil>
100	80	15	95	<nil>
100	80	15	95	<nil>
100	82	13	95	<nil>
100	81	16	97	<nil>
100	84	11	95	<nil>
100	79	17	96	<nil>
100	86	14	100	<nil>
100	78	12	90	<nil>
100	62	13	75	<nil>
100	85	20	105	<nil>
100	84	13	97	<nil>
100	85	13	98	<nil>
100	82	20	102	<nil>
100	67	15	82	<nil>
100	63	19	82	<nil>
100	81	22	103	<nil>
100	82	18	100	<nil>
100	80	20	100	<nil>
100	83	16	99	<nil>
100	80	17	97	<nil>
100	33	21	54	<nil>
100	70	24	94	<nil>
100	77	19	96	<nil>
100	43	21	64	<nil>
100	63	22	85	<nil>
100	50	13	63	<nil>
100	48	13	61	<nil>
100	40	14	54	<nil>
100	32	14	46	<nil>
100	48	15	63	<nil>
100	46	16	62	<nil>
100	43	17	60	<nil>
100	42	17	59	<nil>
100	42	17	59	<nil>
100	46	15	61	<nil>
100	155	9	164	<nil>
100	154	11	165	<nil>
100	139	8	147	<nil>
100	158	15	173	<nil>
100	170	17	187	<nil>
100	161	18	179	<nil>
100	166	11	177	<nil>
100	166	11	177	<nil>
100	144	14	158	<nil>
100	160	6	166	<nil>
100	145	13	158	<nil>
100	164	19	183	<nil>
100	158	11	169	<nil>
100	156	8	164	<nil>
100	165	19	184	<nil>
100	144	14	158	<nil>
100	162	11	173	<nil>
100	144	18	162	<nil>
100	142	10	152	<nil>
100	152	26	178	<nil>
100	157	4	161	<nil>
100	149	10	159	<nil>
100	144	12	156	<nil>
100	158	5	163	<nil>
100	154	9	163	<nil>
100	156	7	163	<nil>
100	145	8	153	<nil>
100	150	5	155	<nil>
100	154	5	159	<nil>
100	157	6	163	<nil>
100	148	7	155	<nil>
100	146	7	153	<nil>
100	153	8	161	<nil>
100	158	5	163	<nil>
100	158	9	167	<nil>
100	147	9	156	<nil>
100	152	9	161	<nil>
100	158	9	167	<nil>
100	159	8	167	<nil>
100	153	16	169	<nil>
100	184	5	189	<nil>
100	155	8	163	<nil>
100	160	9	169	<nil>
100	148	15	163	<nil>
100	166	27	193	<nil>
100	153	5	158	<nil>
100	155	12	167	<nil>
100	157	28	185	<nil>
100	150	10	160	<nil>
100	165	27	192	<nil>
100	147	13	160	<nil>
100	160	9	169	<nil>
100	158	8	166	<nil>
100	168	8	176	<nil>
100	147	4	151	<nil>
100	150	17	167	<nil>
100	123	9	132	<nil>
100	158	8	166	<nil>
100	161	10	171	<nil>
100	149	29	178	<nil>
100	176	8	184	<nil>
100	159	10	169	<nil>
100	143	15	158	<nil>
100	156	20	176	<nil>
100	154	19	173	<nil>
100	158	20	178	<nil>
100	165	19	184	<nil>
100	163	20	183	<nil>
100	166	20	186	<nil>
100	153	20	173	<nil>
100	156	21	177	<nil>
100	181	21	202	<nil>
100	156	20	176	<nil>
100	151	35	186	<nil>
100	158	97	255	<nil>
100	156	96	252	<nil>
100	155	99	254	<nil>
100	153	98	251	<nil>
100	167	96	263	<nil>
100	169	96	265	<nil>
100	167	98	265	<nil>
100	158	95	253	<nil>
100	165	99	264	<nil>
100	168	95	263	<nil>
100	202	97	299	<nil>
100	158	96	254	<nil>
100	180	96	276	<nil>
100	165	97	262	<nil>
100	155	97	252	<nil>
100	161	97	258	<nil>
100	163	97	260	<nil>
100	157	95	252	<nil>
100	159	100	259	<nil>
100	171	97	268	<nil>
100	172	96	268	<nil>
100	21	95	116	<nil>
100	169	97	266	<nil>
100	163	96	259	<nil>
100	162	98	260	<nil>
100	169	96	265	<nil>
100	23	95	118	<nil>
100	157	96	253	<nil>
100	148	3	151	<nil>
100	144	7	151	<nil>
100	145	6	151	<nil>
100	153	10	163	<nil>
100	146	7	153	<nil>
100	149	6	155	<nil>
100	146	8	154	<nil>
100	154	4	158	<nil>
100	148	11	159	<nil>
100	148	10	158	<nil>
100	125	4	129	<nil>
100	157	3	160	<nil>
100	107	11	118	<nil>
100	154	8	162	<nil>
100	147	17	164	<nil>
100	154	9	163	<nil>
100	155	10	165	<nil>
100	56	11	67	<nil>
100	165	1	166	<nil>
100	68	1	69	<nil>
100	67	1	68	<nil>
100	164	1	165	<nil>
100	164	1	165	<nil>
100	164	1	165	<nil>
100	123	1	124	<nil>
100	164	1	165	<nil>
100	134	1	135	<nil>
100	163	1	164	<nil>
100	67	1	68	<nil>
100	68	2	70	<nil>
100	164	4	168	<nil>
100	146	21	167	<nil>
100	60	12	72	<nil>
100	147	21	168	<nil>
100	155	12	167	<nil>
100	59	12	71	<nil>
100	145	23	168	<nil>
100	152	17	169	<nil>
100	168	1	169	<nil>
100	55	17	72	<nil>
100	148	20	168	<nil>
100	74	0	74	<nil>
100	169	0	169	<nil>
100	72	0	72	<nil>
100	149	22	171	<nil>
100	147	24	171	<nil>
100	146	25	171	<nil>
100	149	22	171	<nil>
100	59	15	74	<nil>
100	170	0	170	<nil>
100	148	23	171	<nil>
100	151	24	175	<nil>
100	104	85	189	<nil>
100	171	0	171	<nil>
100	106	75	181	<nil>
100	146	25	171	<nil>
100	171	0	171	<nil>
100	105	75	180	<nil>
100	61	14	75	<nil>
100	150	25	175	<nil>
100	168	4	172	<nil>
100	121	8	129	<nil>
100	103	78	181	<nil>
100	160	14	174	<nil>
100	60	17	77	<nil>
100	145	30	175	<nil>
100	145	28	173	<nil>
100	78	1	79	<nil>
100	174	2	176	<nil>
100	129	3	132	<nil>
100	145	1	146	<nil>
100	78	1	79	<nil>
100	76	1	77	<nil>
100	133	0	133	<nil>
100	76	2	78	<nil>
100	76	3	79	<nil>
100	175	2	177	<nil>
100	162	13	175	<nil>
100	173	3	176	<nil>
100	174	1	175	<nil>
100	174	0	174	<nil>
100	56	23	79	<nil>
100	77	0	77	<nil>
100	175	1	176	<nil>
100	173	1	174	<nil>
100	174	2	176	<nil>
100	78	2	80	<nil>
100	145	32	177	<nil>
100	71	11	82	<nil>
100	55	26	81	<nil>
100	80	0	80	<nil>
100	119	17	136	<nil>
100	177	11	188	<nil>
100	79	48	127	<nil>
100	123	56	179	<nil>
100	218	57	275	<nil>
100	122	61	183	<nil>
100	177	61	238	<nil>
100	122	57	179	<nil>
100	225	95	320	<nil>
100	165	37	202	<nil>
100	170	34	204	<nil>
100	191	29	220	<nil>
100	177	26	203	<nil>
100	180	27	207	<nil>
100	173	33	206	<nil>
100	180	30	210	<nil>
100	207	23	230	<nil>
100	193	25	218	<nil>
100	195	25	220	<nil>
100	186	25	211	<nil>
100	194	29	223	<nil>
100	203	26	229	<nil>
100	214	4	218	<nil>
100	215	8	223	<nil>
100	210	7	217	<nil>
100	224	8	232	<nil>
100	223	8	231	<nil>
100	228	8	236	<nil>
100	215	9	224	<nil>
100	212	10	222	<nil>
100	197	37	234	<nil>
100	219	10	229	<nil>
100	218	35	253	<nil>
100	188	97	285	<nil>
100	128	30	158	<nil>
100	248	30	278	<nil>
100	251	29	280	<nil>
100	254	30	284	<nil>
100	114	60	174	<nil>
100	179	94	273	<nil>
100	204	95	299	<nil>
100	252	31	283	<nil>
100	169	105	274	<nil>
100	177	98	275	<nil>
100	178	97	275	<nil>
100	191	93	284	<nil>
100	187	108	295	<nil>
100	186	96	282	<nil>
100	233	71	304	<nil>
100	178	103	281	<nil>
100	275	14	289	<nil>
100	178	104	282	<nil>
100	178	111	289	<nil>
100	199	108	307	<nil>
100	185	110	295	<nil>
100	179	96	275	<nil>
100	180	95	275	<nil>
100	243	67	310	<nil>
100	222	94	316	<nil>
100	214	93	307	<nil>
100	135	96	231	<nil>
100	148	30	178	<nil>
100	194	117	311	<nil>
100	219	107	326	<nil>
100	224	106	330	<nil>
100	230	106	336	<nil>
100	220	107	327	<nil>
100	114	106	220	<nil>
100	214	133	347	<nil>
100	237	132	369	<nil>
100	303	71	374	<nil>
100	211	154	365	<nil>
100	87	72	159	<nil>
100	224	154	378	<nil>
100	211	110	321	<nil>
100	305	74	379	<nil>
100	268	108	376	<nil>
100	258	109	367	<nil>
100	219	152	371	<nil>
100	154	114	268	<nil>
100	129	83	212	<nil>
100	309	85	394	<nil>
100	220	172	392	<nil>
100	161	84	245	<nil>
100	209	79	288	<nil>
100	310	84	394	<nil>
100	301	85	386	<nil>
100	257	137	394	<nil>
100	302	85	387	<nil>
100	277	130	407	<nil>
100	221	166	387	<nil>
100	180	84	264	<nil>
100	318	81	399	<nil>
100	321	81	402	<nil>
100	322	75	397	<nil>
100	333	76	409	<nil>
100	316	81	397	<nil>
100	184	81	265	<nil>
100	96	55	151	<nil>
100	316	83	399	<nil>
100	321	83	404	<nil>
100	134	48	182	<nil>
100	123	32	155	<nil>
100	320	83	403	<nil>
100	117	58	175	<nil>
100	318	79	397	<nil>
100	129	53	182	<nil>
100	353	52	405	<nil>
100	341	64	405	<nil>
100	217	82	299	<nil>
100	309	87	396	<nil>
100	326	79	405	<nil>
100	127	56	183	<nil>
100	140	15	155	<nil>
100	138	39	177	<nil>
100	126	58	184	<nil>
100	313	87	400	<nil>
100	128	56	184	<nil>
100	315	102	417	<nil>
100	259	108	367	<nil>
100	115	74	189	<nil>
100	116	72	188	<nil>
100	112	75	187	<nil>
100	169	79	248	<nil>
100	168	79	247	<nil>
100	102	74	176	<nil>
100	176	76	252	<nil>
100	116	93	209	<nil>
100	113	96	209	<nil>
100	117	92	209	<nil>
100	168	93	261	<nil>
100	92	89	181	<nil>
100	181	88	269	<nil>
100	174	88	262	<nil>
100	115	94	209	<nil>
100	117	97	214	<nil>
100	116	94	210	<nil>
100	174	522	696	<nil>
100	60	524	584	<nil>
100	95	522	617	<nil>
100	114	522	636	<nil>
100	181	523	704	<nil>
100	100	521	621	<nil>
100	182	522	704	<nil>
100	95	522	617	<nil>
100	81	520	601	<nil>
100	180	524	704	<nil>
100	95	522	617	<nil>
100	91	520	611	<nil>
100	89	520	609	<nil>
100	113	524	637	<nil>
100	91	523	614	<nil>
100	172	522	694	<nil>
100	187	519	706	<nil>
100	84	524	608	<nil>
100	89	519	608	<nil>
100	89	521	610	<nil>
100	84	532	616	<nil>
100	570	8	578	<nil>
100	570	9	579	<nil>
100	614	8	622	<nil>
100	554	10	564	<nil>
100	550	8	558	<nil>
100	577	6	583	<nil>
100	609	6	615	<nil>
100	554	8	562	<nil>
100	555	9	564	<nil>
100	586	9	595	<nil>
100	555	9	564	<nil>
100	568	7	575	<nil>
100	617	7	624	<nil>
100	566	8	574	<nil>
100	588	8	596	<nil>
100	568	14	582	<nil>
100	557	14	571	<nil>
100	563	6	569	<nil>
100	589	11	600	<nil>
100	574	10	584	<nil>
100	556	14	570	<nil>
100	577	11	588	<nil>
100	558	15	573	<nil>
100	570	11	581	<nil>
100	561	11	572	<nil>
100	567	10	577	<nil>
100	561	11	572	<nil>
100	577	4	581	<nil>
100	573	6	579	<nil>
100	571	15	586	<nil>
100	572	11	583	<nil>
100	615	6	621	<nil>
100	574	11	585	<nil>
100	557	10	567	<nil>
100	568	17	585	<nil>
100	556	11	567	<nil>
100	556	11	567	<nil>
100	570	27	597	<nil>
100	563	31	594	<nil>
100	571	31	602	<nil>
100	559	29	588	<nil>
100	611	36	647	<nil>
100	575	30	605	<nil>
100	579	33	612	<nil>
100	627	49	676	<nil>
100	567	62	629	<nil>
100	573	68	641	<nil>
100	561	65	626	<nil>
100	565	61	626	<nil>
100	643	38	681	<nil>
100	627	57	684	<nil>
100	580	66	646	<nil>
100	574	67	641	<nil>
100	578	66	644	<nil>
100	47	66	113	<nil>
100	565	69	634	<nil>
100	598	42	640	<nil>
100	76	41	117	<nil>
100	622	20	642	<nil>
100	59	58	117	<nil>
100	48	73	121	<nil>
100	628	20	648	<nil>
100	48	69	117	<nil>
100	564	71	635	<nil>
100	629	20	649	<nil>
100	41	74	115	<nil>
100	626	25	651	<nil>
100	47	74	121	<nil>
100	81	40	121	<nil>
100	97	23	120	<nil>
100	629	24	653	<nil>
100	47	73	120	<nil>
100	58	64	122	<nil>
100	63	64	127	<nil>
100	48	82	130	<nil>
100	41	91	132	<nil>
100	68	64	132	<nil>
100	39	93	132	<nil>
100	89	45	134	<nil>
100	43	93	136	<nil>
100	33	89	122	<nil>
100	52	71	123	<nil>
100	79	47	126	<nil>
100	44	82	126	<nil>
100	39	87	126	<nil>
100	62	64	126	<nil>
100	53	81	134	<nil>
100	59	36	95	<nil>
100	76	55	131	<nil>
100	75	55	130	<nil>
100	68	62	130	<nil>
100	39	90	129	<nil>
100	69	54	123	<nil>
100	82	41	123	<nil>
100	47	77	124	<nil>
100	64	31	95	<nil>
100	40	86	126	<nil>
100	46	77	123	<nil>
100	47	85	132	<nil>
100	41	92	133	<nil>
100	52	36	88	<nil>
100	63	30	93	<nil>
100	51	45	96	<nil>
100	52	77	129	<nil>
100	39	90	129	<nil>
100	64	32	96	<nil>
100	63	32	95	<nil>
100	66	56	122	<nil>
100	64	69	133	<nil>
100	67	60	127	<nil>
100	64	64	128	<nil>
100	67	66	133	<nil>
100	75	88	163	<nil>
100	72	93	165	<nil>
100	64	95	159	<nil>
100	83	81	164	<nil>
100	66	92	158	<nil>
100	76	82	158	<nil>
100	60	95	155	<nil>
100	65	93	158	<nil>
100	75	83	158	<nil>
100	79	83	162	<nil>
100	67	93	160	<nil>
100	64	97	161	<nil>
100	69	90	159	<nil>
100	69	93	162	<nil>
100	78	84	162	<nil>
100	63	83	146	<nil>
100	76	84	160	<nil>
100	68	94	162	<nil>
100	70	75	145	<nil>
100	70	81	151	<nil>
100	68	93	161	<nil>
100	56	89	145	<nil>
100	57	89	146	<nil>
100	62	93	155	<nil>
100	56	93	149	<nil>
100	69	85	154	<nil>
100	43	92	135	<nil>
100	22	109	131	<nil>
100	30	109	139	<nil>
100	25	103	128	<nil>
100	53	112	165	<nil>
100	23	101	124	<nil>
100	25	103	128	<nil>
100	23	109	132	<nil>
100	26	102	128	<nil>
100	52	111	163	<nil>
100	63	40	103	<nil>
100	69	85	154	<nil>
100	63	41	104	<nil>
100	54	114	168	<nil>
100	25	115	140	<nil>
100	52	116	168	<nil>
100	29	116	145	<nil>
100	32	114	146	<nil>
100	87	80	167	<nil>
100	83	80	163	<nil>
100	22	154	176	<nil>
100	26	160	186	<nil>
100	25	153	178	<nil>
100	25	154	179	<nil>
100	24	154	178	<nil>
100	66	90	156	<nil>
100	86	100	186	<nil>
100	78	102	180	<nil>
100	72	101	173	<nil>
100	70	101	171	<nil>
100	87	102	189	<nil>
100	70	101	171	<nil>
100	88	98	186	<nil>
100	86	90	176	<nil>
100	52	102	154	<nil>
100	82	92	174	<nil>
100	98	95	193	<nil>
100	90	93	183	<nil>
100	78	95	173	<nil>
100	82	93	175	<nil>
100	88	106	194	<nil>
100	78	96	174	<nil>
100	89	88	177	<nil>
100	106	88	194	<nil>
100	101	94	195	<nil>
100	70	105	175	<nil>
100	99	81	180	<nil>
100	101	93	194	<nil>
100	77	103	180	<nil>
100	122	60	182	<nil>
100	119	83	202	<nil>
100	82	95	177	<nil>
100	110	97	207	<nil>
100	101	95	196	<nil>
100	98	96	194	<nil>
100	80	98	178	<nil>
100	81	83	164	<nil>
100	97	98	195	<nil>
100	100	86	186	<nil>
100	81	98	179	<nil>
100	61	94	155	<nil>
100	98	117	215	<nil>
100	136	81	217	<nil>
100	122	95	217	<nil>
100	105	91	196	<nil>
100	59	149	208	<nil>
100	107	132	239	<nil>
100	13	183	196	<nil>
100	61	181	242	<nil>
100	55	155	210	<nil>
100	29	183	212	<nil>
100	101	157	258	<nil>
100	77	161	238	<nil>
100	21	157	178	<nil>
100	82	104	186	<nil>
100	63	94	157	<nil>
100	85	106	191	<nil>
100	65	98	163	<nil>
100	87	105	192	<nil>
100	81	161	242	<nil>
100	33	155	188	<nil>
100	89	95	184	<nil>
100	65	100	165	<nil>
100	78	88	166	<nil>
100	62	94	156	<nil>
100	67	101	168	<nil>
100	80	86	166	<nil>
100	89	100	189	<nil>
100	109	99	208	<nil>
100	107	122	229	<nil>
100	101	123	224	<nil>
100	111	121	232	<nil>
100	100	124	224	<nil>
100	109	115	224	<nil>
100	103	135	238	<nil>
100	110	136	246	<nil>
100	106	138	244	<nil>
100	108	136	244	<nil>
100	138	101	239	<nil>
100	97	126	223	<nil>
100	125	117	242	<nil>
100	87	126	213	<nil>
100	91	125	216	<nil>
100	113	128	241	<nil>
100	78	128	206	<nil>
100	115	127	242	<nil>
100	79	128	207	<nil>
100	116	109	225	<nil>
100	105	113	218	<nil>
100	99	141	240	<nil>
100	111	124	235	<nil>
100	77	131	208	<nil>
100	99	145	244	<nil>
100	88	139	227	<nil>
100	41	140	181	<nil>
100	78	140	218	<nil>
100	57	121	178	<nil>
100	78	139	217	<nil>
100	90	139	229	<nil>
100	34	145	179	<nil>
100	37	142	179	<nil>
100	33	163	196	<nil>
100	39	165	204	<nil>
100	52	137	189	<nil>
100	104	126	230	<nil>
100	34	175	209	<nil>
100	58	140	198	<nil>
100	61	154	215	<nil>
100	51	140	191	<nil>
100	53	142	195	<nil>
100	50	151	201	<nil>
100	50	151	201	<nil>
100	79	131	210	<nil>
100	73	130	203	<nil>
100	45	160	205	<nil>
100	72	131	203	<nil>
100	74	130	204	<nil>
100	65	132	197	<nil>
100	71	132	203	<nil>
100	74	168	242	<nil>
100	67	172	239	<nil>
100	73	173	246	<nil>
100	73	174	247	<nil>
100	82	165	247	<nil>
100	82	178	260	<nil>
100	82	178	260	<nil>
100	82	179	261	<nil>
100	81	182	263	<nil>
100	69	125	194	<nil>
100	76	181	257	<nil>
100	91	108	199	<nil>
100	75	109	184	<nil>
100	59	140	199	<nil>
100	55	181	236	<nil>
100	79	110	189	<nil>
100	98	35	133	<nil>
100	65	85	150	<nil>
100	114	4	118	<nil>
100	56	110	166	<nil>
100	92	108	200	<nil>
100	93	102	195	<nil>
100	86	108	194	<nil>
100	66	182	248	<nil>
100	54	181	235	<nil>
100	82	186	268	<nil>
100	40	9	49	<nil>
100	84	109	193	<nil>
100	61	191	252	<nil>
100	77	183	260	<nil>
100	47	158	205	<nil>
100	60	141	201	<nil>
100	67	191	258	<nil>
100	75	183	258	<nil>
100	83	185	268	<nil>
100	71	182	253	<nil>
100	54	183	237	<nil>
100	89	0	89	<nil>
100	56	142	198	<nil>
100	82	198	280	<nil>
100	55	183	238	<nil>
100	57	183	240	<nil>
100	68	192	260	<nil>
100	73	126	199	<nil>
100	111	30	141	<nil>
100	80	2	82	<nil>
100	46	3	49	<nil>
100	89	108	197	<nil>
100	113	3	116	<nil>
100	100	16	116	<nil>
100	79	3	82	<nil>
100	101	14	115	<nil>
100	102	39	141	<nil>
100	110	31	141	<nil>
100	48	3	51	<nil>
100	83	67	150	<nil>
100	75	204	279	<nil>
100	82	9	91	<nil>
100	48	117	165	<nil>
100	94	56	150	<nil>
100	68	16	84	<nil>
100	82	15	97	<nil>
100	76	15	91	<nil>
100	82	2	84	<nil>
100	88	28	116	<nil>
100	108	3	111	<nil>
100	75	31	106	<nil>
100	83	9	92	<nil>
100	55	118	173	<nil>
100	108	33	141	<nil>
100	76	15	91	<nil>
100	107	28	135	<nil>
100	32	110	142	<nil>
100	49	91	140	<nil>
100	98	44	142	<nil>
100	46	98	144	<nil>
100	77	118	195	<nil>
100	54	112	166	<nil>
100	114	3	117	<nil>
100	114	2	116	<nil>
100	99	43	142	<nil>
100	76	33	109	<nil>
100	65	134	199	<nil>
100	60	106	166	<nil>
100	65	134	199	<nil>
100	71	109	180	<nil>
100	68	137	205	<nil>
100	47	119	166	<nil>
100	50	85	135	<nil>
100	67	87	154	<nil>
100	115	4	119	<nil>
100	31	111	142	<nil>
100	55	140	195	<nil>
100	91	108	199	<nil>
100	76	181	257	<nil>
100	47	10	57	<nil>
100	110	1	111	<nil>
100	77	14	91	<nil>
100	107	9	116	<nil>
100	43	99	142	<nil>
100	86	119	205	<nil>
100	161	6	167	<nil>
100	120	6	126	<nil>
100	126	8	134	<nil>
100	126	8	134	<nil>
100	132	3	135	<nil>
100	126	10	136	<nil>
100	124	7	131	<nil>
100	126	8	134	<nil>
100	131	3	134	<nil>
100	125	10	135	<nil>
100	137	9	146	<nil>
100	125	12	137	<nil>
100	122	12	134	<nil>
100	163	15	178	<nil>
100	127	9	136	<nil>
100	126	16	142	<nil>
100	139	5	144	<nil>
100	136	7	143	<nil>
100	138	5	143	<nil>
100	164	19	183	<nil>
100	131	15	146	<nil>
100	133	15	148	<nil>
100	129	15	144	<nil>
100	131	14	145	<nil>
100	165	10	175	<nil>
100	137	20	157	<nil>
100	135	8	143	<nil>
100	142	15	157	<nil>
100	131	16	147	<nil>
100	136	12	148	<nil>
100	146	3	149	<nil>
100	170	6	176	<nil>
100	136	12	148	<nil>
100	154	3	157	<nil>
100	121	26	147	<nil>
100	131	18	149	<nil>
100	145	3	148	<nil>
100	136	12	148	<nil>
100	171	16	187	<nil>
100	146	5	151	<nil>
100	179	4	183	<nil>
100	148	4	152	<nil>
100	147	5	152	<nil>
100	143	6	149	<nil>
100	146	5	151	<nil>
100	146	4	150	<nil>
100	149	3	152	<nil>
100	153	2	155	<nil>
100	131	18	149	<nil>
100	146	4	150	<nil>
100	137	13	150	<nil>
100	147	5	152	<nil>
100	140	14	154	<nil>
100	146	6	152	<nil>
100	145	5	150	<nil>
100	148	4	152	<nil>
100	134	18	152	<nil>
100	141	11	152	<nil>
100	153	2	155	<nil>
100	149	2	151	<nil>
100	136	16	152	<nil>
100	140	12	152	<nil>
100	141	12	153	<nil>
100	148	4	152	<nil>
100	153	2	155	<nil>
100	154	2	156	<nil>
100	146	9	155	<nil>
100	153	2	155	<nil>
100	128	29	157	<nil>
100	145	8	153	<nil>
100	153	2	155	<nil>
100	168	9	177	<nil>
100	145	7	152	<nil>
100	143	10	153	<nil>
100	153	3	156	<nil>
100	144	13	157	<nil>
100	152	3	155	<nil>
100	141	12	153	<nil>
100	154	2	156	<nil>
100	135	57	192	<nil>
100	144	51	195	<nil>
100	144	50	194	<nil>
100	142	50	192	<nil>
100	150	45	195	<nil>
100	138	54	192	<nil>
100	150	42	192	<nil>
100	143	75	218	<nil>
100	172	113	285	<nil>
100	143	141	284	<nil>
100	142	142	284	<nil>
100	152	144	296	<nil>
100	143	150	293	<nil>
100	204	90	294	<nil>
100	206	90	296	<nil>
100	204	91	295	<nil>
100	218	84	302	<nil>
100	230	69	299	<nil>
100	220	81	301	<nil>
100	150	22	172	<nil>
100	168	21	189	<nil>
100	138	30	168	<nil>
100	230	86	316	<nil>
100	141	31	172	<nil>
100	143	30	173	<nil>
100	154	26	180	<nil>
100	169	22	191	<nil>
100	171	18	189	<nil>
100	165	16	181	<nil>
100	157	29	186	<nil>
100	167	31	198	<nil>
100	217	96	313	<nil>
100	160	34	194	<nil>
100	180	9	189	<nil>
100	167	28	195	<nil>
100	183	7	190	<nil>
100	200	5	205	<nil>
100	175	17	192	<nil>
100	141	23	164	<nil>
100	152	31	183	<nil>
100	185	10	195	<nil>
100	178	13	191	<nil>
100	182	9	191	<nil>
100	188	10	198	<nil>
100	171	23	194	<nil>
100	157	24	181	<nil>
100	161	21	182	<nil>
100	119	11	130	<nil>
100	188	7	195	<nil>
100	192	12	204	<nil>
100	195	9	204	<nil>
100	193	13	206	<nil>
100	181	11	192	<nil>
100	192	8	200	<nil>
100	190	13	203	<nil>
100	198	4	202	<nil>
100	203	3	206	<nil>
100	192	15	207	<nil>
100	197	21	218	<nil>
100	162	20	182	<nil>
100	198	21	219	<nil>
100	156	402	558	<nil>
100	199	401	600	<nil>
100	193	408	601	<nil>
100	191	417	608	<nil>
100	199	415	614	<nil>
100	182	428	610	<nil>
100	157	415	572	<nil>
100	207	414	621	<nil>
100	147	426	573	<nil>
100	181	427	608	<nil>
100	205	415	620	<nil>
100	119	427	546	<nil>
100	194	418	612	<nil>
100	154	419	573	<nil>
100	134	425	559	<nil>
100	144	426	570	<nil>
100	132	415	547	<nil>
100	206	402	608	<nil>
100	211	405	616	<nil>
100	128	414	542	<nil>
100	150	423	573	<nil>
100	169	404	573	<nil>
100	96	419	515	<nil>
100	157	415	572	<nil>
100	126	421	547	<nil>
100	147	426	573	<nil>
100	192	421	613	<nil>
100	145	427	572	<nil>
100	152	414	566	<nil>
100	135	437	572	<nil>
100	205	417	622	<nil>
100	179	414	593	<nil>
100	187	405	592	<nil>
100	122	425	547	<nil>
100	178	415	593	<nil>
100	204	415	619	<nil>
100	210	406	616	<nil>
100	178	414	592	<nil>
100	180	428	608	<nil>
100	65	414	479	<nil>
100	187	421	608	<nil>
100	194	417	611	<nil>
100	191	421	612	<nil>
100	77	400	477	<nil>
100	210	420	630	<nil>
100	159	414	573	<nil>
100	65	415	480	<nil>
100	62	415	477	<nil>
100	151	422	573	<nil>
100	212	400	612	<nil>
100	70	401	471	<nil>
100	151	423	574	<nil>
100	48	422	470	<nil>
100	45	405	450	<nil>
100	54	464	518	<nil>
100	72	464	536	<nil>
100	457	79	536	<nil>
100	458	81	539	<nil>
100	416	80	496	<nil>
100	416	80	496	<nil>
100	417	80	497	<nil>
100	423	78	501	<nil>
100	426	79	505	<nil>
100	493	18	511	<nil>
100	476	17	493	<nil>
100	475	16	491	<nil>
100	494	21	515	<nil>
100	484	13	497	<nil>
100	492	18	510	<nil>
100	493	20	513	<nil>
100	493	22	515	<nil>
100	503	22	525	<nil>
100	491	22	513	<nil>
100	493	22	515	<nil>
100	482	19	501	<nil>
100	494	14	508	<nil>
100	494	21	515	<nil>
100	493	29	522	<nil>
100	498	23	521	<nil>
100	494	28	522	<nil>
100	502	26	528	<nil>
100	501	26	527	<nil>
100	499	28	527	<nil>
100	494	28	522	<nil>
100	90	26	116	<nil>
100	490	34	524	<nil>
100	488	35	523	<nil>
100	98	27	125	<nil>
100	103	20	123	<nil>
100	493	50	543	<nil>
100	107	29	136	<nil>
100	96	31	127	<nil>
100	94	29	123	<nil>
100	492	51	543	<nil>
100	481	51	532	<nil>
100	474	61	535	<nil>
100	476	55	531	<nil>
100	111	18	129	<nil>
100	102	27	129	<nil>
100	101	32	133	<nil>
100	479	54	533	<nil>
100	108	27	135	<nil>
100	126	5	131	<nil>
100	470	41	511	<nil>
100	124	18	142	<nil>
100	93	67	160	<nil>
100	491	81	572	<nil>
100	131	40	171	<nil>
100	97	58	155	<nil>
100	508	63	571	<nil>
100	475	85	560	<nil>
100	126	44	170	<nil>
100	111	61	172	<nil>
100	117	64	181	<nil>
100	100	82	182	<nil>
100	127	53	180	<nil>
100	105	77	182	<nil>
100	547	109	656	<nil>
100	131	110	241	<nil>
100	91	148	239	<nil>
100	117	123	240	<nil>
100	121	135	256	<nil>
100	121	135	256	<nil>
100	114	141	255	<nil>
100	181	80	261	<nil>
100	107	151	258	<nil>
100	104	160	264	<nil>
100	99	165	264	<nil>
100	180	81	261	<nil>
100	111	153	264	<nil>
100	182	82	264	<nil>
100	179	82	261	<nil>
100	99	166	265	<nil>
100	98	167	265	<nil>
100	111	153	264	<nil>
100	130	135	265	<nil>
100	182	80	262	<nil>
100	96	168	264	<nil>
100	96	178	274	<nil>
100	96	180	276	<nil>
100	96	176	272	<nil>
100	97	179	276	<nil>
100	117	159	276	<nil>
100	100	176	276	<nil>
100	107	168	275	<nil>
100	117	159	276	<nil>
100	113	164	277	<nil>
100	98	188	286	<nil>
100	112	174	286	<nil>
100	103	183	286	<nil>
100	97	190	287	<nil>
100	120	156	276	<nil>
100	99	112	211	<nil>
100	100	117	217	<nil>
100	54	165	219	<nil>
100	130	163	293	<nil>
100	100	194	294	<nil>
100	24	171	195	<nil>
100	53	172	225	<nil>
100	26	178	204	<nil>
100	42	204	246	<nil>
100	117	129	246	<nil>
100	34	211	245	<nil>
100	25	235	260	<nil>
100	19	227	246	<nil>
100	47	235	282	<nil>
100	152	115	267	<nil>
100	147	122	269	<nil>
100	158	131	289	<nil>
100	130	121	251	<nil>
100	173	101	274	<nil>
100	156	109	265	<nil>
100	159	114	273	<nil>
100	167	111	278	<nil>
100	164	110	274	<nil>
100	168	109	277	<nil>
100	168	106	274	<nil>
100	167	107	274	<nil>
100	205	73	278	<nil>
100	173	105	278	<nil>
100	147	109	256	<nil>
100	190	67	257	<nil>
100	170	109	279	<nil>
100	166	110	276	<nil>
100	181	47	228	<nil>
100	180	99	279	<nil>
100	149	97	246	<nil>
100	207	45	252	<nil>
100	152	99	251	<nil>
100	223	25	248	<nil>
100	197	67	264	<nil>
100	153	110	263	<nil>
100	145	110	255	<nil>
100	147	110	257	<nil>
100	150	99	249	<nil>
100	209	42	251	<nil>
100	172	110	282	<nil>
100	155	112	267	<nil>
100	159	130	289	<nil>
100	168	166	334	<nil>
100	175	160	335	<nil>
100	120	160	280	<nil>
100	154	199	353	<nil>
100	109	187	296	<nil>
100	150	183	333	<nil>
100	105	185	290	<nil>
100	87	114	201	<nil>
100	110	188	298	<nil>
100	123	114	237	<nil>
100	157	148	305	<nil>
100	101	208	309	<nil>
100	102	117	219	<nil>
100	93	189	282	<nil>
100	170	174	344	<nil>
100	132	148	280	<nil>
100	75	188	263	<nil>
100	94	115	209	<nil>
100	115	125	240	<nil>
100	132	118	250	<nil>
100	89	189	278	<nil>
100	104	117	221	<nil>
100	122	117	239	<nil>
100	50	190	240	<nil>
100	102	107	209	<nil>
100	97	105	202	<nil>
100	93	107	200	<nil>
100	113	197	310	<nil>
100	103	107	210	<nil>
100	105	105	210	<nil>
100	102	107	209	<nil>
100	105	124	229	<nil>
100	86	123	209	<nil>
100	116	110	226	<nil>
100	91	123	214	<nil>
100	116	110	226	<nil>
100	105	110	215	<nil>
100	75	260	335	<nil>
100	99	171	270	<nil>
100	94	184	278	<nil>
100	121	155	276	<nil>
100	140	143	283	<nil>
100	105	189	294	<nil>
100	109	179	288	<nil>
100	91	177	268	<nil>
100	126	161	287	<nil>
100	104	167	271	<nil>
100	93	186	279	<nil>
100	82	181	263	<nil>
100	89	184	273	<nil>
100	123	185	308	<nil>
100	124	170	294	<nil>
100	121	186	307	<nil>
100	137	169	306	<nil>
100	108	187	295	<nil>
100	89	186	275	<nil>
100	75	186	261	<nil>
100	91	184	275	<nil>
100	66	184	250	<nil>
100	84	185	269	<nil>
100	109	184	293	<nil>
100	68	158	226	<nil>
100	107	190	297	<nil>
100	109	188	297	<nil>
100	78	147	225	<nil>
100	79	132	211	<nil>
100	86	143	229	<nil>
100	63	165	228	<nil>
100	80	183	263	<nil>
100	80	187	267	<nil>
100	85	179	264	<nil>
100	78	178	256	<nil>
100	99	166	265	<nil>
100	137	125	262	<nil>
100	140	124	264	<nil>
100	87	178	265	<nil>
100	95	167	262	<nil>
100	169	94	263	<nil>
100	80	172	252	<nil>
100	141	124	265	<nil>
100	127	137	264	<nil>
100	170	93	263	<nil>
100	171	93	264	<nil>
100	88	184	272	<nil>
100	96	169	265	<nil>
100	86	167	253	<nil>
100	80	173	253	<nil>
100	94	172	266	<nil>
100	85	183	268	<nil>
100	85	169	254	<nil>
100	172	95	267	<nil>
100	119	153	272	<nil>
100	113	153	266	<nil>
100	139	141	280	<nil>
100	116	189	305	<nil>
100	109	209	318	<nil>
100	114	195	309	<nil>
100	79	213	292	<nil>
100	78	206	284	<nil>
100	45	214	259	<nil>
100	58	214	272	<nil>
100	68	191	259	<nil>
100	89	139	228	<nil>
100	52	203	255	<nil>
100	91	138	229	<nil>
100	91	139	230	<nil>
100	107	139	246	<nil>
100	99	141	240	<nil>
100	150	84	234	<nil>
100	127	103	230	<nil>
100	89	141	230	<nil>
100	149	83	232	<nil>
100	113	125	238	<nil>
100	165	81	246	<nil>
100	91	139	230	<nil>
100	139	95	234	<nil>
100	149	84	233	<nil>
100	161	77	238	<nil>
100	152	81	233	<nil>
100	149	84	233	<nil>
100	153	85	238	<nil>
100	122	109	231	<nil>
100	99	109	208	<nil>
100	107	130	237	<nil>
100	103	132	235	<nil>
100	102	133	235	<nil>
100	103	133	236	<nil>
100	116	93	209	<nil>
100	115	115	230	<nil>
100	123	116	239	<nil>
100	103	137	240	<nil>
100	144	96	240	<nil>
100	144	97	241	<nil>
100	92	139	231	<nil>
100	103	139	242	<nil>
100	99	143	242	<nil>
100	68	120	188	<nil>
100	139	123	262	<nil>
100	83	94	177	<nil>
100	72	89	161	<nil>
100	75	96	171	<nil>
100	69	94	163	<nil>
100	87	74	161	<nil>
100	90	75	165	<nil>
100	89	76	165	<nil>
100	72	91	163	<nil>
100	91	63	154	<nil>
100	77	75	152	<nil>
100	53	98	151	<nil>
100	53	98	151	<nil>
100	59	96	155	<nil>
100	59	95	154	<nil>
100	59	95	154	<nil>
100	59	96	155	<nil>
100	58	98	156	<nil>
100	56	99	155	<nil>
100	55	98	153	<nil>
100	59	99	158	<nil>
100	70	83	153	<nil>
100	76	82	158	<nil>
100	77	81	158	<nil>
100	75	84	159	<nil>
100	74	85	159	<nil>
100	75	86	161	<nil>
100	44	91	135	<nil>
100	72	87	159	<nil>
100	92	45	137	<nil>
100	55	46	101	<nil>
100	118	45	163	<nil>
100	57	46	103	<nil>
100	62	46	108	<nil>
100	59	40	99	<nil>
100	60	43	103	<nil>
100	61	42	103	<nil>
100	60	44	104	<nil>
100	48	44	92	<nil>
100	57	45	102	<nil>
100	60	45	105	<nil>
100	61	45	106	<nil>
100	57	47	104	<nil>
100	58	47	105	<nil>
100	61	49	110	<nil>
100	53	45	98	<nil>
100	62	47	109	<nil>
100	65	46	111	<nil>
100	65	47	112	<nil>
100	61	47	108	<nil>
100	62	47	109	<nil>
100	64	48	112	<nil>
100	61	49	110	<nil>
100	64	49	113	<nil>
100	64	49	113	<nil>
100	178	8	186	<nil>
100	191	8	199	<nil>
100	155	7	162	<nil>
100	197	11	208	<nil>
100	182	5	187	<nil>
100	124	11	135	<nil>
100	178	12	190	<nil>
100	132	9	141	<nil>
100	186	12	198	<nil>
100	175	13	188	<nil>
100	153	9	162	<nil>
100	187	11	198	<nil>
100	175	11	186	<nil>
100	161	13	174	<nil>
100	167	13	180	<nil>
100	179	11	190	<nil>
100	166	13	179	<nil>
100	175	6	181	<nil>
100	161	15	176	<nil>
100	140	6	146	<nil>
100	179	12	191	<nil>
100	180	7	187	<nil>
100	141	4	145	<nil>
100	153	16	169	<nil>
100	164	8	172	<nil>
100	178	14	192	<nil>
100	170	3	173	<nil>
100	177	17	194	<nil>
100	158	15	173	<nil>
100	143	16	159	<nil>
100	189	4	193	<nil>
100	138	8	146	<nil>
100	182	20	202	<nil>
100	178	7	185	<nil>
100	189	7	196	<nil>
100	150	8	158	<nil>
100	188	10	198	<nil>
100	190	7	197	<nil>
100	162	7	169	<nil>
100	169	6	175	<nil>
100	184	7	191	<nil>
100	164	16	180	<nil>
100	160	10	170	<nil>
100	179	9	188	<nil>
100	144	29	173	<nil>
100	169	55	224	<nil>
100	192	61	253	<nil>
100	145	61	206	<nil>
100	168	63	231	<nil>
100	152	64	216	<nil>
100	147	64	211	<nil>
100	173	70	243	<nil>
100	181	63	244	<nil>
100	175	67	242	<nil>
100	149	67	216	<nil>
100	154	63	217	<nil>
100	174	63	237	<nil>
100	154	63	217	<nil>
100	161	63	224	<nil>
100	159	62	221	<nil>
100	191	64	255	<nil>
100	170	60	230	<nil>
100	166	64	230	<nil>
100	149	66	215	<nil>
100	165	531	696	<nil>
100	166	531	697	<nil>
100	177	531	708	<nil>
100	187	541	728	<nil>
100	185	549	734	<nil>
100	145	543	688	<nil>
100	185	547	732	<nil>
100	193	543	736	<nil>
100	149	546	695	<nil>
100	179	544	723	<nil>
100	179	542	721	<nil>
100	179	543	722	<nil>
100	158	535	693	<nil>
100	163	540	703	<nil>
100	145	546	691	<nil>
100	185	547	732	<nil>
100	161	543	704	<nil>
100	156	539	695	<nil>
100	167	540	707	<nil>
100	206	530	736	<nil>
100	187	540	727	<nil>
100	171	544	715	<nil>
100	157	550	707	<nil>
100	172	539	711	<nil>
100	193	537	730	<nil>
100	157	534	691	<nil>
100	191	539	730	<nil>
100	197	540	737	<nil>
100	197	539	736	<nil>
100	164	540	704	<nil>
100	168	541	709	<nil>
100	180	524	704	<nil>
100	171	539	710	<nil>
100	176	534	710	<nil>
100	196	541	737	<nil>
100	203	547	750	<nil>
100	545	56	601	<nil>
100	544	56	600	<nil>
100	552	46	598	<nil>
100	584	17	601	<nil>
100	554	46	600	<nil>
100	561	45	606	<nil>
100	586	28	614	<nil>
100	587	30	617	<nil>
100	585	39	624	<nil>
100	587	30	617	<nil>
100	587	31	618	<nil>
100	584	36	620	<nil>
100	581	36	617	<nil>
100	565	31	596	<nil>
100	521	28	549	<nil>
100	521	28	549	<nil>
100	593	25	618	<nil>
100	584	38	622	<nil>
100	583	31	614	<nil>
100	535	29	564	<nil>
100	581	38	619	<nil>
100	523	29	552	<nil>
100	582	31	613	<nil>
100	522	29	551	<nil>
100	522	29	551	<nil>
100	584	39	623	<nil>
100	587	34	621	<nil>
100	585	32	617	<nil>
100	585	32	617	<nil>
100	587	31	618	<nil>
100	525	27	552	<nil>
100	578	40	618	<nil>
100	591	30	621	<nil>
100	588	33	621	<nil>
100	585	38	623	<nil>
100	588	33	621	<nil>
100	591	29	620	<nil>
100	584	34	618	<nil>
100	581	39	620	<nil>
100	585	40	625	<nil>
100	587	32	619	<nil>
100	586	35	621	<nil>
100	552	34	586	<nil>
100	564	33	597	<nil>
100	579	40	619	<nil>
100	587	32	619	<nil>
100	585	38	623	<nil>
100	581	40	621	<nil>
100	588	32	620	<nil>
100	582	38	620	<nil>
100	580	39	619	<nil>
100	525	85	610	<nil>
100	526	100	626	<nil>
100	525	106	631	<nil>
100	551	116	667	<nil>
100	526	116	642	<nil>
100	525	116	641	<nil>
100	525	116	641	<nil>
100	79	93	172	<nil>
100	64	119	183	<nil>
100	71	123	194	<nil>
100	68	100	168	<nil>
100	73	119	192	<nil>
100	74	100	174	<nil>
100	71	119	190	<nil>
100	89	84	173	<nil>
100	91	85	176	<nil>
100	72	102	174	<nil>
100	64	119	183	<nil>
100	65	96	161	<nil>
100	71	119	190	<nil>
100	525	122	647	<nil>
100	71	102	173	<nil>
100	73	100	173	<nil>
100	65	119	184	<nil>
100	75	98	173	<nil>
100	75	99	174	<nil>
100	75	99	174	<nil>
100	525	125	650	<nil>
100	65	117	182	<nil>
100	78	99	177	<nil>
100	89	93	182	<nil>
100	79	94	173	<nil>
100	73	108	181	<nil>
100	81	93	174	<nil>
100	89	93	182	<nil>
100	87	94	181	<nil>
100	72	110	182	<nil>
100	66	108	174	<nil>
100	63	111	174	<nil>
100	74	108	182	<nil>
100	67	110	177	<nil>
100	88	109	197	<nil>
100	79	95	174	<nil>
100	50	115	165	<nil>
100	61	93	154	<nil>
100	21	130	151	<nil>
100	80	140	220	<nil>
100	80	140	220	<nil>
100	88	139	227	<nil>
100	87	141	228	<nil>
100	31	124	155	<nil>
100	66	190	256	<nil>
100	24	189	213	<nil>
100	31	166	197	<nil>
100	83	121	204	<nil>
100	86	125	211	<nil>
100	77	127	204	<nil>
100	78	128	206	<nil>
100	91	125	216	<nil>
100	90	126	216	<nil>
100	79	128	207	<nil>
100	79	128	207	<nil>
100	82	126	208	<nil>
100	90	125	215	<nil>
100	117	103	220	<nil>
100	141	82	223	<nil>
100	89	110	199	<nil>
100	148	80	228	<nil>
100	100	117	217	<nil>
100	92	100	192	<nil>
100	113	80	193	<nil>
100	112	110	222	<nil>
100	43	110	153	<nil>
100	81	127	208	<nil>
100	97	103	200	<nil>
100	75	52	127	<nil>
100	92	108	200	<nil>
100	111	16	127	<nil>
100	85	108	193	<nil>
100	112	17	129	<nil>
100	119	102	221	<nil>
100	113	109	222	<nil>
100	118	104	222	<nil>
100	140	81	221	<nil>
100	111	17	128	<nil>
100	91	132	223	<nil>
100	90	133	223	<nil>
100	80	133	213	<nil>
100	108	105	213	<nil>
100	118	103	221	<nil>
100	110	106	216	<nil>
100	93	113	206	<nil>
100	118	17	135	<nil>
100	169	52	221	<nil>
100	91	107	198	<nil>
100	113	92	205	<nil>
100	160	40	200	<nil>
100	121	19	140	<nil>
100	47	112	159	<nil>
100	82	120	202	<nil>
100	122	19	141	<nil>
100	91	110	201	<nil>
100	145	61	206	<nil>
100	114	81	195	<nil>
100	113	16	129	<nil>
100	27	125	152	<nil>
100	121	20	141	<nil>
100	79	116	195	<nil>
100	111	20	131	<nil>
100	113	109	222	<nil>
100	68	125	193	<nil>
100	103	113	216	<nil>
100	114	109	223	<nil>
100	115	15	130	<nil>
100	115	16	131	<nil>
100	116	17	133	<nil>
100	117	17	134	<nil>
100	93	18	111	<nil>
100	112	17	129	<nil>
100	112	18	130	<nil>
100	116	18	134	<nil>
100	116	19	135	<nil>
100	109	19	128	<nil>
100	116	20	136	<nil>
100	115	20	135	<nil>
100	120	21	141	<nil>
100	112	21	133	<nil>
100	114	21	135	<nil>
100	122	11	133	<nil>
100	125	11	136	<nil>
100	125	12	137	<nil>
100	82	11	93	<nil>
100	81	12	93	<nil>
100	77	12	89	<nil>
100	123	13	136	<nil>
100	125	14	139	<nil>
100	125	15	140	<nil>
100	101	14	115	<nil>
100	125	15	140	<nil>
100	75	16	91	<nil>
100	75	16	91	<nil>
100	125	16	141	<nil>
100	122	16	138	<nil>
100	122	16	138	<nil>
100	45	15	60	<nil>
100	126	16	142	<nil>
100	67	17	84	<nil>
100	122	17	139	<nil>
100	60	17	77	<nil>
100	60	18	78	<nil>
100	53	18	71	<nil>
100	142	9	151	<nil>
100	161	11	172	<nil>
100	164	10	174	<nil>
100	141	9	150	<nil>
100	140	8	148	<nil>
100	141	10	151	<nil>
100	154	8	162	<nil>
100	153	10	163	<nil>
100	174	10	184	<nil>
100	142	7	149	<nil>
100	155	10	165	<nil>
100	151	10	161	<nil>
100	141	9	150	<nil>
100	158	18	176	<nil>
100	141	8	149	<nil>
100	151	9	160	<nil>
100	141	9	150	<nil>
100	148	16	164	<nil>
100	142	20	162	<nil>
100	137	9	146	<nil>
100	151	9	160	<nil>
100	152	11	163	<nil>
100	159	2	161	<nil>
100	154	17	171	<nil>
100	144	23	167	<nil>
100	126	24	150	<nil>
100	155	25	180	<nil>
100	143	4	147	<nil>
100	147	10	157	<nil>
100	139	17	156	<nil>
100	151	5	156	<nil>
100	145	14	159	<nil>
100	144	9	153	<nil>
100	141	21	162	<nil>
100	155	2	157	<nil>
100	162	28	190	<nil>
100	151	21	172	<nil>
100	153	16	169	<nil>
100	152	16	168	<nil>
100	147	24	171	<nil>
100	147	24	171	<nil>
100	152	18	170	<nil>
100	151	11	162	<nil>
100	147	10	157	<nil>
100	168	5	173	<nil>
100	153	18	171	<nil>
100	154	15	169	<nil>
100	142	32	174	<nil>
100	153	11	164	<nil>
100	144	18	162	<nil>
100	152	19	171	<nil>
100	143	24	167	<nil>
100	165	5	170	<nil>
100	156	3	159	<nil>
100	139	35	174	<nil>
100	189	3	192	<nil>
100	151	19	170	<nil>
100	165	15	180	<nil>
100	168	2	170	<nil>
100	154	3	157	<nil>
100	157	15	172	<nil>
100	156	3	159	<nil>
100	158	5	163	<nil>
100	146	24	170	<nil>
100	166	4	170	<nil>
100	150	5	155	<nil>
100	166	6	172	<nil>
100	159	5	164	<nil>
100	157	5	162	<nil>
100	142	14	156	<nil>
100	144	27	171	<nil>
100	169	18	187	<nil>
100	147	24	171	<nil>
100	148	21	169	<nil>
100	154	18	172	<nil>
100	168	0	168	<nil>
100	143	18	161	<nil>
100	147	14	161	<nil>
100	152	3	155	<nil>
100	146	30	176	<nil>
100	146	28	174	<nil>
100	145	28	173	<nil>
100	164	15	179	<nil>
100	145	15	160	<nil>
100	149	17	166	<nil>
100	138	23	161	<nil>
100	141	33	174	<nil>
100	157	3	160	<nil>
100	156	18	174	<nil>
100	156	18	174	<nil>
100	152	18	170	<nil>
100	145	30	175	<nil>
100	146	29	175	<nil>
100	145	24	169	<nil>
100	144	31	175	<nil>
100	148	20	168	<nil>
100	160	6	166	<nil>
100	153	30	183	<nil>
100	159	11	170	<nil>
100	141	33	174	<nil>
100	102	8	110	<nil>
100	86	10	96	<nil>
100	92	11	103	<nil>
100	90	14	104	<nil>
100	106	13	119	<nil>
100	94	8	102	<nil>
100	90	11	101	<nil>
100	98	9	107	<nil>
100	104	11	115	<nil>
100	106	6	112	<nil>
100	100	11	111	<nil>
100	91	12	103	<nil>
100	93	10	103	<nil>
100	113	8	121	<nil>
100	99	13	112	<nil>
100	92	12	104	<nil>
100	125	2	127	<nil>
100	110	11	121	<nil>
100	110	12	122	<nil>
100	89	13	102	<nil>
100	109	12	121	<nil>
100	119	3	122	<nil>
100	112	9	121	<nil>
100	89	13	102	<nil>
100	121	11	132	<nil>
100	93	11	104	<nil>
100	110	13	123	<nil>
100	104	10	114	<nil>
100	106	8	114	<nil>
100	104	9	113	<nil>
100	116	3	119	<nil>
100	118	1	119	<nil>
100	93	11	104	<nil>
100	114	3	117	<nil>
100	117	7	124	<nil>
100	106	12	118	<nil>
100	129	2	131	<nil>
100	105	9	114	<nil>
100	91	18	109	<nil>
100	103	16	119	<nil>
100	117	9	126	<nil>
100	118	5	123	<nil>
100	104	45	149	<nil>
100	117	45	162	<nil>
100	135	20	155	<nil>
100	124	32	156	<nil>
100	112	34	146	<nil>
100	23	33	56	<nil>
100	110	43	153	<nil>
100	113	42	155	<nil>
100	112	41	153	<nil>
100	111	43	154	<nil>
100	140	28	168	<nil>
100	121	32	153	<nil>
100	100	56	156	<nil>
100	120	12	132	<nil>
100	104	45	149	<nil>
100	118	26	144	<nil>
100	120	25	145	<nil>
100	143	1	144	<nil>
100	124	26	150	<nil>
100	129	24	153	<nil>
100	112	31	143	<nil>
100	145	1	146	<nil>
100	117	4	121	<nil>
100	139	19	158	<nil>
100	113	32	145	<nil>
100	125	18	143	<nil>
100	117	27	144	<nil>
100	117	26	143	<nil>
100	107	16	123	<nil>
100	145	1	146	<nil>
100	118	4	122	<nil>
100	117	29	146	<nil>
100	131	15	146	<nil>
100	142	2	144	<nil>
100	117	26	143	<nil>
100	112	34	146	<nil>
100	25	10	35	<nil>
100	121	32	153	<nil>
100	122	32	154	<nil>
100	112	16	128	<nil>
100	111	9	120	<nil>
100	25	11	36	<nil>
100	112	41	153	<nil>
100	112	52	164	<nil>
100	120	48	168	<nil>
100	131	39	170	<nil>
100	124	45	169	<nil>
100	130	34	164	<nil>
100	116	51	167	<nil>
100	145	37	182	<nil>
100	145	37	182	<nil>
100	46	37	83	<nil>
100	145	37	182	<nil>
100	130	51	181	<nil>
100	26	38	64	<nil>
100	131	51	182	<nil>
100	139	50	189	<nil>
100	154	31	185	<nil>
100	130	55	185	<nil>
100	45	19	64	<nil>
100	133	54	187	<nil>
100	148	60	208	<nil>
100	161	27	188	<nil>
100	144	45	189	<nil>
100	67	77	144	<nil>
100	70	89	159	<nil>
100	43	89	132	<nil>
100	68	91	159	<nil>
100	74	90	164	<nil>
100	55	102	157	<nil>
100	81	106	187	<nil>
100	74	148	222	<nil>
100	72	156	228	<nil>
100	68	163	231	<nil>
100	67	163	230	<nil>
100	69	163	232	<nil>
100	69	164	233	<nil>
100	73	164	237	<nil>
100	70	174	244	<nil>
100	150	96	246	<nil>
100	183	23	206	<nil>
100	194	7	201	<nil>
100	189	11	200	<nil>
100	190	28	218	<nil>
100	178	22	200	<nil>
100	178	21	199	<nil>
100	183	18	201	<nil>
100	198	32	230	<nil>
100	198	34	232	<nil>
100	189	10	199	<nil>
100	182	18	200	<nil>
100	167	17	184	<nil>
100	177	23	200	<nil>
100	189	10	199	<nil>
100	197	4	201	<nil>
100	191	10	201	<nil>
100	183	17	200	<nil>
100	178	22	200	<nil>
100	191	9	200	<nil>
100	231	6	237	<nil>
100	184	18	202	<nil>
100	188	71	259	<nil>
100	179	21	200	<nil>
100	199	19	218	<nil>
100	199	19	218	<nil>
100	177	22	199	<nil>
100	190	28	218	<nil>
100	195	22	217	<nil>
100	191	9	200	<nil>
100	190	10	200	<nil>
100	220	13	233	<nil>
100	190	11	201	<nil>
100	220	56	276	<nil>
100	221	55	276	<nil>
100	217	60	277	<nil>
100	231	4	235	<nil>
100	229	54	283	<nil>
100	199	26	225	<nil>
100	218	34	252	<nil>
100	233	57	290	<nil>
100	255	71	326	<nil>
100	231	57	288	<nil>
100	265	22	287	<nil>
100	99	56	155	<nil>
100	232	34	266	<nil>
100	213	61	274	<nil>
100	269	58	327	<nil>
100	217	58	275	<nil>
100	220	71	291	<nil>
100	216	58	274	<nil>
100	231	58	289	<nil>
100	233	56	289	<nil>
100	111	64	175	<nil>
100	109	58	167	<nil>
100	248	36	284	<nil>
100	244	43	287	<nil>
100	231	75	306	<nil>
100	51	437	488	<nil>
100	140	397	537	<nil>
100	53	395	448	<nil>
100	261	398	659	<nil>
100	106	394	500	<nil>
100	94	406	500	<nil>
100	231	455	686	<nil>
100	293	380	673	<nil>
100	276	415	691	<nil>
100	292	399	691	<nil>
100	268	455	723	<nil>
100	263	408	671	<nil>
100	101	408	509	<nil>
100	293	393	686	<nil>
100	307	380	687	<nil>
100	89	462	551	<nil>
100	264	411	675	<nil>
100	263	411	674	<nil>
100	276	412	688	<nil>
100	159	399	558	<nil>
100	289	380	669	<nil>
100	438	22	460	<nil>
100	451	23	474	<nil>
100	230	462	692	<nil>
100	272	415	687	<nil>
100	231	463	694	<nil>
100	63	463	526	<nil>
100	276	415	691	<nil>
100	292	386	678	<nil>
100	305	380	685	<nil>
100	165	399	564	<nil>
100	213	462	675	<nil>
100	291	383	674	<nil>
100	297	387	684	<nil>
100	279	400	679	<nil>
100	304	387	691	<nil>
100	217	458	675	<nil>
100	276	421	697	<nil>
100	438	22	460	<nil>
100	446	21	467	<nil>
100	466	17	483	<nil>
100	487	19	506	<nil>
100	487	28	515	<nil>
100	445	21	466	<nil>
100	455	28	483	<nil>
100	445	21	466	<nil>
100	441	29	470	<nil>
100	453	18	471	<nil>
100	451	18	469	<nil>
100	445	21	466	<nil>
100	450	19	469	<nil>
100	451	18	469	<nil>
100	444	20	464	<nil>
100	451	17	468	<nil>
100	216	463	679	<nil>
100	294	403	697	<nil>
100	290	386	676	<nil>
100	449	21	470	<nil>
100	291	400	691	<nil>
100	127	384	511	<nil>
100	439	23	462	<nil>
100	459	70	529	<nil>
100	485	65	550	<nil>
100	472	63	535	<nil>
100	520	26	546	<nil>
100	427	97	524	<nil>
100	427	96	523	<nil>
100	455	63	518	<nil>
100	485	105	590	<nil>
100	495	42	537	<nil>
100	439	98	537	<nil>
100	439	98	537	<nil>
100	408	113	521	<nil>
100	416	106	522	<nil>
100	432	106	538	<nil>
100	60	100	160	<nil>
100	91	68	159	<nil>
100	58	100	158	<nil>
100	418	108	526	<nil>
100	93	69	162	<nil>
100	113	32	145	<nil>
100	134	5	139	<nil>
100	469	137	606	<nil>
100	80	71	151	<nil>
100	475	161	636	<nil>
100	151	26	177	<nil>
100	466	157	623	<nil>
100	466	167	633	<nil>
100	482	170	652	<nil>
100	491	171	662	<nil>
100	419	174	593	<nil>
100	409	181	590	<nil>
100	416	173	589	<nil>
100	490	171	661	<nil>
100	591	77	668	<nil>
100	440	167	607	<nil>
100	493	171	664	<nil>
100	432	174	606	<nil>
100	491	171	662	<nil>
100	507	87	594	<nil>
100	604	65	669	<nil>
100	496	97	593	<nil>
100	522	178	700	<nil>
100	442	167	609	<nil>
100	430	180	610	<nil>
100	528	71	599	<nil>
100	439	171	610	<nil>
100	134	81	215	<nil>
100	530	89	619	<nil>
100	125	81	206	<nil>
100	109	143	252	<nil>
100	199	61	260	<nil>
100	190	56	246	<nil>
100	117	136	253	<nil>
100	212	61	273	<nil>
100	115	150	265	<nil>
100	200	60	260	<nil>
100	201	63	264	<nil>
100	216	58	274	<nil>
100	198	64	262	<nil>
100	216	57	273	<nil>
100	116	137	253	<nil>
100	112	145	257	<nil>
100	210	63	273	<nil>
100	198	56	254	<nil>
100	188	58	246	<nil>
100	216	62	278	<nil>
100	197	63	260	<nil>
100	190	59	249	<nil>
100	206	62	268	<nil>
100	110	151	261	<nil>
100	212	57	269	<nil>
100	110	152	262	<nil>
100	123	142	265	<nil>
100	102	153	255	<nil>
100	108	153	261	<nil>
100	110	152	262	<nil>
100	105	152	257	<nil>
100	210	63	273	<nil>
100	113	179	292	<nil>
100	113	200	313	<nil>
100	114	212	326	<nil>
100	112	219	331	<nil>
100	112	220	332	<nil>
100	113	220	333	<nil>
100	112	220	332	<nil>
100	195	129	324	<nil>
100	124	219	343	<nil>
100	183	169	352	<nil>
100	185	172	357	<nil>
100	182	172	354	<nil>
100	186	169	355	<nil>
100	170	172	342	<nil>
100	181	175	356	<nil>
100	191	152	343	<nil>
100	207	148	355	<nil>
100	252	112	364	<nil>
100	253	120	373	<nil>
100	136	120	256	<nil>
100	132	119	251	<nil>
100	131	120	251	<nil>
100	88	112	200	<nil>
100	142	109	251	<nil>
100	131	120	251	<nil>
100	129	120	249	<nil>
100	128	64	192	<nil>
100	174	122	296	<nil>
100	131	120	251	<nil>
100	144	112	256	<nil>
100	133	44	177	<nil>
100	205	169	374	<nil>
100	138	116	254	<nil>
100	131	120	251	<nil>
100	105	119	224	<nil>
100	132	121	253	<nil>
100	129	124	253	<nil>
100	136	45	181	<nil>
100	133	123	256	<nil>
100	132	123	255	<nil>
100	145	111	256	<nil>
100	136	117	253	<nil>
100	109	116	225	<nil>
100	253	123	376	<nil>
100	133	46	179	<nil>
100	119	63	182	<nil>
100	131	45	176	<nil>
100	87	113	200	<nil>
100	127	64	191	<nil>
100	117	122	239	<nil>
100	136	45	181	<nil>
100	92	113	205	<nil>
100	134	119	253	<nil>
100	134	45	179	<nil>
100	128	124	252	<nil>
100	134	121	255	<nil>
100	251	122	373	<nil>
100	128	46	174	<nil>
100	125	60	185	<nil>
100	103	67	170	<nil>
100	149	68	217	<nil>
100	156	62	218	<nil>
100	150	68	218	<nil>
100	163	50	213	<nil>
100	155	63	218	<nil>
100	155	61	216	<nil>
100	109	60	169	<nil>
100	147	89	236	<nil>
100	108	68	176	<nil>
100	155	81	236	<nil>
100	114	67	181	<nil>
100	148	87	235	<nil>
100	106	62	168	<nil>
100	156	62	218	<nil>
100	112	66	178	<nil>
100	106	80	186	<nil>
100	92	79	171	<nil>
100	109	76	185	<nil>
100	106	79	185	<nil>
100	85	79	164	<nil>
100	96	76	172	<nil>
100	91	79	170	<nil>
100	87	87	174	<nil>
100	105	80	185	<nil>
100	96	77	173	<nil>
100	109	76	185	<nil>
100	94	80	174	<nil>
100	89	81	170	<nil>
100	107	78	185	<nil>
100	107	81	188	<nil>
100	107	78	185	<nil>
100	106	93	199	<nil>
100	91	88	179	<nil>
100	106	84	190	<nil>
100	47	79	126	<nil>
100	106	86	192	<nil>
100	46	80	126	<nil>
100	93	87	180	<nil>
100	88	86	174	<nil>
100	105	87	192	<nil>
100	104	83	187	<nil>
100	53	80	133	<nil>
100	34	84	118	<nil>
100	37	84	121	<nil>
100	151	125	276	<nil>
100	36	86	122	<nil>
100	43	86	129	<nil>
100	36	94	130	<nil>
100	34	94	128	<nil>
100	223	7	230	<nil>
100	202	7	209	<nil>
100	205	8	213	<nil>
100	204	8	212	<nil>
100	216	8	224	<nil>
100	202	8	210	<nil>
100	202	8	210	<nil>
100	201	9	210	<nil>
100	201	9	210	<nil>
100	202	9	211	<nil>
100	202	8	210	<nil>
100	203	9	212	<nil>
100	201	8	209	<nil>
100	202	10	212	<nil>
100	201	11	212	<nil>
100	205	7	212	<nil>
100	215	19	234	<nil>
100	200	20	220	<nil>
100	200	20	220	<nil>
100	200	21	221	<nil>
100	198	24	222	<nil>
100	96	4	100	<nil>
100	131	17	148	<nil>
100	204	24	228	<nil>
100	132	9	141	<nil>
100	195	26	221	<nil>
100	201	24	225	<nil>
100	223	22	245	<nil>
100	220	22	242	<nil>
100	145	16	161	<nil>
100	98	8	106	<nil>
100	197	26	223	<nil>
100	220	23	243	<nil>
100	216	21	237	<nil>
100	123	5	128	<nil>
100	129	17	146	<nil>
100	214	12	226	<nil>
100	112	4	116	<nil>
100	124	4	128	<nil>
100	200	22	222	<nil>
100	142	9	151	<nil>
100	201	23	224	<nil>
100	115	8	123	<nil>
100	217	27	244	<nil>
100	213	23	236	<nil>
100	124	16	140	<nil>
100	121	7	128	<nil>
100	134	14	148	<nil>
100	213	9	222	<nil>
100	144	6	150	<nil>
100	132	19	151	<nil>
100	111	5	116	<nil>
100	206	16	222	<nil>
100	142	9	151	<nil>
100	201	23	224	<nil>
100	135	16	151	<nil>
100	204	20	224	<nil>
100	201	23	224	<nil>
100	197	27	224	<nil>
100	201	23	224	<nil>
100	200	23	223	<nil>
100	201	24	225	<nil>
100	200	21	221	<nil>
100	198	24	222	<nil>
100	200	24	224	<nil>
100	86	13	99	<nil>
100	102	14	116	<nil>
100	123	9	132	<nil>
100	145	9	154	<nil>
100	121	7	128	<nil>
100	134	38	172	<nil>
100	126	22	148	<nil>
100	125	22	147	<nil>
100	103	22	125	<nil>
100	109	26	135	<nil>
100	104	36	140	<nil>
100	147	33	180	<nil>
100	125	33	158	<nil>
100	106	35	141	<nil>
100	108	47	155	<nil>
100	121	45	166	<nil>
100	127	44	171	<nil>
100	101	57	158	<nil>
100	105	57	162	<nil>
100	150	51	201	<nil>
100	105	51	156	<nil>
100	142	44	186	<nil>
100	102	63	165	<nil>
100	107	56	163	<nil>
100	99	51	150	<nil>
100	109	52	161	<nil>
100	128	51	179	<nil>
100	117	51	168	<nil>
100	149	73	222	<nil>
100	102	74	176	<nil>
100	225	57	282	<nil>
100	111	78	189	<nil>
100	225	59	284	<nil>
100	206	92	298	<nil>
100	151	72	223	<nil>
100	185	3	188	<nil>
100	189	2	191	<nil>
100	177	18	195	<nil>
100	169	10	179	<nil>
100	180	15	195	<nil>
100	175	16	191	<nil>
100	164	15	179	<nil>
100	173	19	192	<nil>
100	170	14	184	<nil>
100	182	23	205	<nil>
100	174	18	192	<nil>
100	105	17	122	<nil>
100	168	11	179	<nil>
100	162	16	178	<nil>
100	170	14	184	<nil>
100	166	18	184	<nil>
100	173	18	191	<nil>
100	164	14	178	<nil>
100	181	23	204	<nil>
100	167	24	191	<nil>
100	175	26	201	<nil>
100	164	23	187	<nil>
100	179	25	204	<nil>
100	179	27	206	<nil>
100	175	19	194	<nil>
100	185	4	189	<nil>
100	186	5	191	<nil>
100	113	3	116	<nil>
100	179	24	203	<nil>
100	122	14	136	<nil>
100	191	15	206	<nil>
100	178	15	193	<nil>
100	189	5	194	<nil>
100	183	10	193	<nil>
100	185	13	198	<nil>
100	193	4	197	<nil>
100	186	11	197	<nil>
100	65	8	73	<nil>
100	190	7	197	<nil>
100	193	4	197	<nil>
100	183	13	196	<nil>
100	168	11	179	<nil>
100	193	10	203	<nil>
100	195	8	203	<nil>
100	194	10	204	<nil>
100	194	9	203	<nil>
100	192	11	203	<nil>
100	193	10	203	<nil>
100	104	26	130	<nil>
100	126	25	151	<nil>
100	185	12	197	<nil>
100	136	10	146	<nil>
100	195	9	204	<nil>
100	91	9	100	<nil>
100	190	13	203	<nil>
100	185	19	204	<nil>
100	131	14	145	<nil>
100	140	8	148	<nil>
100	195	8	203	<nil>
100	137	14	151	<nil>
100	190	15	205	<nil>
100	193	12	205	<nil>
100	195	10	205	<nil>
100	125	25	150	<nil>
100	97	9	106	<nil>
100	188	15	203	<nil>
100	195	8	203	<nil>
100	194	10	204	<nil>
100	178	26	204	<nil>
100	194	9	203	<nil>
100	130	14	144	<nil>
100	125	40	165	<nil>
100	124	21	145	<nil>
100	203	15	218	<nil>
100	74	14	88	<nil>
100	100	14	114	<nil>
100	152	14	166	<nil>
100	115	15	130	<nil>
100	151	14	165	<nil>
100	185	33	218	<nil>
100	124	15	139	<nil>
100	215	3	218	<nil>
100	195	22	217	<nil>
100	199	21	220	<nil>
100	105	16	121	<nil>
100	134	42	176	<nil>
100	113	34	147	<nil>
100	197	22	219	<nil>
100	202	16	218	<nil>
100	185	34	219	<nil>
100	184	35	219	<nil>
100	184	34	218	<nil>
100	106	14	120	<nil>
100	131	14	145	<nil>
100	197	22	219	<nil>
100	142	19	161	<nil>
100	197	22	219	<nil>
100	158	134	292	<nil>
100	144	133	277	<nil>
100	216	522	738	<nil>
100	168	402	570	<nil>
100	155	399	554	<nil>
100	560	13	573	<nil>
100	549	10	559	<nil>
100	552	10	562	<nil>
100	532	8	540	<nil>
100	546	8	554	<nil>
100	545	10	555	<nil>
100	553	8	561	<nil>
100	546	8	554	<nil>
100	532	8	540	<nil>
100	546	8	554	<nil>
100	532	8	540	<nil>
100	532	8	540	<nil>
100	531	10	541	<nil>
100	546	8	554	<nil>
100	564	10	574	<nil>
100	534	8	542	<nil>
100	546	8	554	<nil>
100	530	10	540	<nil>
100	544	11	555	<nil>
100	547	8	555	<nil>
100	544	9	553	<nil>
100	545	10	555	<nil>
100	544	11	555	<nil>
100	565	10	575	<nil>
100	557	10	567	<nil>
100	565	10	575	<nil>
100	531	10	541	<nil>
100	532	12	544	<nil>
100	567	14	581	<nil>
100	533	12	545	<nil>
100	506	12	518	<nil>
100	532	45	577	<nil>
100	533	43	576	<nil>
100	548	30	578	<nil>
100	541	36	577	<nil>
100	533	47	580	<nil>
100	541	39	580	<nil>
100	532	47	579	<nil>
100	542	38	580	<nil>
100	549	30	579	<nil>
100	533	48	581	<nil>
100	532	48	580	<nil>
100	478	46	524	<nil>
100	548	32	580	<nil>
100	532	49	581	<nil>
100	545	48	593	<nil>
100	549	31	580	<nil>
100	531	46	577	<nil>
100	543	38	581	<nil>
100	547	36	583	<nil>
100	548	30	578	<nil>
100	544	39	583	<nil>
100	513	29	542	<nil>
100	526	18	544	<nil>
100	549	33	582	<nil>
100	545	49	594	<nil>
100	532	48	580	<nil>
100	532	49	581	<nil>
100	553	39	592	<nil>
100	533	48	581	<nil>
100	524	44	568	<nil>
100	543	45	588	<nil>
100	540	46	586	<nil>
100	546	37	583	<nil>
100	537	47	584	<nil>
100	564	22	586	<nil>
100	547	37	584	<nil>
100	525	44	569	<nil>
100	540	62	602	<nil>
100	549	91	640	<nil>
100	543	98	641	<nil>
100	552	90	642	<nil>
100	534	102	636	<nil>
100	552	101	653	<nil>
100	549	106	655	<nil>
100	527	112	639	<nil>
100	503	114	617	<nil>
100	548	107	655	<nil>
100	550	106	656	<nil>
100	503	113	616	<nil>
100	509	108	617	<nil>
100	502	117	619	<nil>
100	551	88	639	<nil>
100	532	107	639	<nil>
100	548	107	655	<nil>
100	510	108	618	<nil>
100	543	116	659	<nil>
100	61	66	127	<nil>
100	69	58	127	<nil>
100	542	114	656	<nil>
100	547	110	657	<nil>
100	505	112	617	<nil>
100	548	111	659	<nil>
100	503	118	621	<nil>
100	26	119	145	<nil>
100	510	106	616	<nil>
100	61	56	117	<nil>
100	538	119	657	<nil>
100	76	49	125	<nil>
100	77	48	125	<nil>
100	82	45	127	<nil>
100	81	46	127	<nil>
100	22	130	152	<nil>
100	60	69	129	<nil>
100	539	119	658	<nil>
100	17	126	143	<nil>
100	60	56	116	<nil>
100	82	53	135	<nil>
100	79	49	128	<nil>
100	43	86	129	<nil>
100	61	67	128	<nil>
100	81	52	133	<nil>
100	80	52	132	<nil>
100	78	49	127	<nil>
100	97	37	134	<nil>
100	69	65	134	<nil>
100	79	57	136	<nil>
100	18	137	155	<nil>
100	68	66	134	<nil>
100	77	68	145	<nil>
100	38	104	142	<nil>
100	96	43	139	<nil>
100	69	69	138	<nil>
100	77	48	125	<nil>
100	68	66	134	<nil>
100	67	66	133	<nil>
100	59	75	134	<nil>
100	97	46	143	<nil>
100	81	61	142	<nil>
100	86	56	142	<nil>
100	75	69	144	<nil>
100	62	152	214	<nil>
100	72	144	216	<nil>
100	68	154	222	<nil>
100	70	154	224	<nil>
100	71	154	225	<nil>
100	70	154	224	<nil>
100	68	154	222	<nil>
100	78	135	213	<nil>
100	101	136	237	<nil>
100	69	157	226	<nil>
100	76	148	224	<nil>
100	71	155	226	<nil>
100	77	93	170	<nil>
100	70	154	224	<nil>
100	64	150	214	<nil>
100	56	150	206	<nil>
100	96	135	231	<nil>
100	73	150	223	<nil>
100	97	135	232	<nil>
100	70	151	221	<nil>
100	80	151	231	<nil>
100	81	152	233	<nil>
100	117	116	233	<nil>
100	85	156	241	<nil>
100	85	152	237	<nil>
100	93	144	237	<nil>
100	80	136	216	<nil>
100	111	124	235	<nil>
100	81	152	233	<nil>
100	81	152	233	<nil>
100	98	139	237	<nil>
100	29	158	187	<nil>
100	52	135	187	<nil>
100	51	153	204	<nil>
100	63	157	220	<nil>
100	142	27	169	<nil>
100	36	146	182	<nil>
100	19	157	176	<nil>
100	93	140	233	<nil>
100	81	151	232	<nil>
100	81	151	232	<nil>
100	93	140	233	<nil>
100	71	155	226	<nil>
100	64	150	214	<nil>
100	136	28	164	<nil>
100	149	22	171	<nil>
100	136	26	162	<nil>
100	136	22	158	<nil>
100	154	22	176	<nil>
100	135	26	161	<nil>
100	156	22	178	<nil>
100	149	26	175	<nil>
100	150	33	183	<nil>
100	149	38	187	<nil>
100	154	26	180	<nil>
100	152	31	183	<nil>
100	150	25	175	<nil>
100	144	36	180	<nil>
100	144	33	177	<nil>
100	148	29	177	<nil>
100	133	40	173	<nil>
100	105	40	145	<nil>
100	157	122	279	<nil>
100	158	122	280	<nil>
100	168	128	296	<nil>
100	173	136	309	<nil>
100	161	137	298	<nil>
100	162	133	295	<nil>
100	165	130	295	<nil>
100	155	148	303	<nil>
100	181	132	313	<nil>
100	164	133	297	<nil>
100	152	143	295	<nil>
100	158	139	297	<nil>
100	155	143	298	<nil>
100	153	145	298	<nil>
100	164	134	298	<nil>
100	187	123	310	<nil>
100	132	148	280	<nil>
100	162	148	310	<nil>
100	144	156	300	<nil>
100	154	150	304	<nil>
100	145	162	307	<nil>
100	146	27	173	<nil>
100	138	153	291	<nil>
100	142	14	156	<nil>
100	160	158	318	<nil>
100	126	163	289	<nil>
100	154	156	310	<nil>
100	149	159	308	<nil>
100	143	16	159	<nil>
100	148	19	167	<nil>
100	53	160	213	<nil>
100	142	18	160	<nil>
100	54	160	214	<nil>
100	43	153	196	<nil>
100	142	19	161	<nil>
100	142	19	161	<nil>
100	159	152	311	<nil>
100	41	155	196	<nil>
100	151	162	313	<nil>
100	106	89	195	<nil>
100	155	169	324	<nil>
100	151	148	299	<nil>
100	142	22	164	<nil>
100	155	164	319	<nil>
100	131	50	181	<nil>
100	135	50	185	<nil>
100	133	49	182	<nil>
100	142	23	165	<nil>
100	156	174	330	<nil>
100	167	167	334	<nil>
100	150	53	203	<nil>
100	147	175	322	<nil>
100	161	166	327	<nil>
100	151	158	309	<nil>
100	140	163	303	<nil>
100	134	165	299	<nil>
100	26	159	185	<nil>
100	128	51	179	<nil>
100	132	51	183	<nil>
100	149	24	173	<nil>
100	165	26	191	<nil>
100	167	66	233	<nil>
100	158	84	242	<nil>
100	151	81	232	<nil>
100	152	103	255	<nil>
100	151	135	286	<nil>
100	157	138	295	<nil>
100	157	138	295	<nil>
100	166	137	303	<nil>
100	129	141	270	<nil>
100	151	145	296	<nil>
100	154	141	295	<nil>
100	157	138	295	<nil>
100	151	144	295	<nil>
100	156	143	299	<nil>
100	157	155	312	<nil>
100	103	161	264	<nil>
100	158	140	298	<nil>
100	96	155	251	<nil>
100	152	152	304	<nil>
100	182	122	304	<nil>
100	143	156	299	<nil>
100	156	126	282	<nil>
100	181	126	307	<nil>
100	158	149	307	<nil>
100	158	151	309	<nil>
100	159	150	309	<nil>
100	181	128	309	<nil>
100	133	151	284	<nil>
100	50	131	181	<nil>
100	67	130	197	<nil>
100	26	153	179	<nil>
100	48	149	197	<nil>
100	154	159	313	<nil>
100	24	160	184	<nil>
100	176	137	313	<nil>
100	146	161	307	<nil>
100	144	162	306	<nil>
100	125	155	280	<nil>
100	157	144	301	<nil>
100	152	161	313	<nil>
100	157	146	303	<nil>
100	157	159	316	<nil>
100	149	153	302	<nil>
100	107	71	178	<nil>
100	13	162	175	<nil>
100	149	158	307	<nil>
100	97	89	186	<nil>
100	87	100	187	<nil>
100	137	40	177	<nil>
100	143	35	178	<nil>
100	131	59	190	<nil>
100	160	13	173	<nil>
100	149	35	184	<nil>
100	135	48	183	<nil>
100	117	36	153	<nil>
100	143	40	183	<nil>
100	151	4	155	<nil>
100	138	37	175	<nil>
100	88	96	184	<nil>
100	137	43	180	<nil>
100	125	56	181	<nil>
100	140	43	183	<nil>
100	137	53	190	<nil>
100	171	10	181	<nil>
100	125	74	199	<nil>
100	175	11	186	<nil>
100	145	16	161	<nil>
100	168	11	179	<nil>
100	142	45	187	<nil>
100	126	75	201	<nil>
100	126	59	185	<nil>
100	136	47	183	<nil>
100	129	7	136	<nil>
100	181	13	194	<nil>
100	150	13	163	<nil>
100	153	11	164	<nil>
100	189	6	195	<nil>
100	179	5	184	<nil>
100	158	4	162	<nil>
100	176	14	190	<nil>
100	150	7	157	<nil>
100	177	20	197	<nil>
100	177	8	185	<nil>
100	170	14	184	<nil>
100	183	8	191	<nil>
100	179	7	186	<nil>
100	165	21	186	<nil>
100	146	21	167	<nil>
100	148	20	168	<nil>
100	162	23	185	<nil>
100	176	17	193	<nil>
100	167	18	185	<nil>
100	163	23	186	<nil>
100	175	11	186	<nil>
100	146	24	170	<nil>
100	144	25	169	<nil>
100	169	19	188	<nil>
100	164	24	188	<nil>
100	186	16	202	<nil>
100	56	27	83	<nil>
100	81	15	96	<nil>
100	73	26	99	<nil>
100	47	22	69	<nil>
100	37	20	57	<nil>
100	36	21	57	<nil>
100	47	13	60	<nil>
100	44	15	59	<nil>
100	146	29	175	<nil>
100	37	21	58	<nil>
100	37	21	58	<nil>
100	45	11	56	<nil>
100	105	0	105	<nil>
100	151	9	160	<nil>
100	187	5	192	<nil>
100	156	3	159	<nil>
100	185	10	195	<nil>
100	178	9	187	<nil>
100	154	8	162	<nil>
100	159	9	168	<nil>
100	162	3	165	<nil>
100	153	8	161	<nil>
100	154	9	163	<nil>
100	162	10	172	<nil>
100	159	11	170	<nil>
100	150	12	162	<nil>
100	159	21	180	<nil>
100	176	12	188	<nil>
100	159	10	169	<nil>
100	180	13	193	<nil>
100	169	7	176	<nil>
100	152	7	159	<nil>
100	193	3	196	<nil>
100	165	5	170	<nil>
100	152	10	162	<nil>
100	161	2	163	<nil>
100	190	5	195	<nil>
100	146	17	163	<nil>
100	181	11	192	<nil>
100	153	9	162	<nil>
100	186	22	208	<nil>
100	172	2	174	<nil>
100	163	16	179	<nil>
100	149	23	172	<nil>
100	155	17	172	<nil>
100	190	17	207	<nil>
100	153	16	169	<nil>
100	189	19	208	<nil>
100	181	0	181	<nil>
100	191	16	207	<nil>
100	189	0	189	<nil>
100	191	17	208	<nil>
100	162	18	180	<nil>
100	176	1	177	<nil>
100	205	4	209	<nil>
100	166	22	188	<nil>
100	192	18	210	<nil>
100	162	15	177	<nil>
100	158	18	176	<nil>
100	155	22	177	<nil>
100	163	22	185	<nil>
100	163	13	176	<nil>
100	188	17	205	<nil>
100	156	18	174	<nil>
100	159	17	176	<nil>
100	172	18	190	<nil>
100	161	17	178	<nil>
100	187	22	209	<nil>
100	153	18	171	<nil>
100	165	19	184	<nil>
100	159	16	175	<nil>
100	165	12	177	<nil>
100	190	15	205	<nil>
100	154	13	167	<nil>
100	155	22	177	<nil>
100	151	20	171	<nil>
100	151	26	177	<nil>
100	152	18	170	<nil>
100	189	18	207	<nil>
100	137	18	155	<nil>
100	181	16	197	<nil>
100	193	18	211	<nil>
100	175	21	196	<nil>
100	191	19	210	<nil>
100	191	19	210	<nil>
100	172	19	191	<nil>
100	191	20	211	<nil>
100	174	21	195	<nil>
100	155	16	171	<nil>
100	156	21	177	<nil>
100	152	19	171	<nil>
100	151	5	156	<nil>
100	160	20	180	<nil>
100	192	20	212	<nil>
100	178	19	197	<nil>
100	174	20	194	<nil>
100	149	23	172	<nil>
100	177	22	199	<nil>
100	173	28	201	<nil>
100	156	53	209	<nil>
100	170	36	206	<nil>
100	152	88	240	<nil>
100	193	84	277	<nil>
100	164	84	248	<nil>
100	160	86	246	<nil>
100	148	88	236	<nil>
100	159	88	247	<nil>
100	190	85	275	<nil>
100	175	86	261	<nil>
100	195	91	286	<nil>
100	204	140	344	<nil>
100	203	463	666	<nil>
100	144	316	460	<nil>
100	143	315	458	<nil>
100	327	343	670	<nil>
100	453	12	465	<nil>
100	455	11	466	<nil>
100	455	13	468	<nil>
100	455	12	467	<nil>
100	474	13	487	<nil>
100	461	12	473	<nil>
100	455	14	469	<nil>
100	470	12	482	<nil>
100	456	12	468	<nil>
100	465	14	479	<nil>
100	457	15	472	<nil>
100	474	14	488	<nil>
100	456	15	471	<nil>
100	457	16	473	<nil>
100	458	15	473	<nil>
100	461	11	472	<nil>
100	472	13	485	<nil>
100	456	14	470	<nil>
100	457	16	473	<nil>
100	455	16	471	<nil>
100	473	14	487	<nil>
100	460	24	484	<nil>
100	471	15	486	<nil>
100	466	19	485	<nil>
100	447	21	468	<nil>
100	466	18	484	<nil>
100	435	25	460	<nil>
100	465	20	485	<nil>
100	457	15	472	<nil>
100	461	23	484	<nil>
100	466	23	489	<nil>
100	461	27	488	<nil>
100	467	28	495	<nil>
100	476	24	500	<nil>
100	466	27	493	<nil>
100	467	28	495	<nil>
100	461	30	491	<nil>
100	450	33	483	<nil>
100	483	30	513	<nil>
100	481	32	513	<nil>
100	466	29	495	<nil>
100	480	51	531	<nil>
100	465	68	533	<nil>
100	467	72	539	<nil>
100	469	68	537	<nil>
100	463	77	540	<nil>
100	470	73	543	<nil>
100	447	82	529	<nil>
100	471	75	546	<nil>
100	469	83	552	<nil>
100	474	85	559	<nil>
100	458	86	544	<nil>
100	476	68	544	<nil>
100	466	85	551	<nil>
100	470	75	545	<nil>
100	483	78	561	<nil>
100	483	78	561	<nil>
100	469	92	561	<nil>
100	493	69	562	<nil>
100	469	73	542	<nil>
100	458	91	549	<nil>
100	376	92	468	<nil>
100	421	81	502	<nil>
100	385	91	476	<nil>
100	444	68	512	<nil>
100	476	79	555	<nil>
100	471	106	577	<nil>
100	470	95	565	<nil>
100	458	110	568	<nil>
100	458	114	572	<nil>
100	458	119	577	<nil>
100	418	111	529	<nil>
100	483	111	594	<nil>
100	370	108	478	<nil>
100	486	109	595	<nil>
100	463	109	572	<nil>
100	474	122	596	<nil>
100	485	117	602	<nil>
100	482	119	601	<nil>
100	493	114	607	<nil>
100	492	117	609	<nil>
100	376	127	503	<nil>
100	466	127	593	<nil>
100	485	124	609	<nil>
100	466	127	593	<nil>
100	379	124	503	<nil>
100	500	117	617	<nil>
100	490	127	617	<nil>
100	370	131	501	<nil>
100	54	129	183	<nil>
100	477	131	608	<nil>
100	384	144	528	<nil>
100	476	143	619	<nil>
100	69	94	163	<nil>
100	383	148	531	<nil>
100	71	96	167	<nil>
100	73	96	169	<nil>
100	59	96	155	<nil>
100	73	97	170	<nil>
100	31	142	173	<nil>
100	25	141	166	<nil>
100	44	139	183	<nil>
100	61	105	166	<nil>
100	78	96	174	<nil>
100	39	139	178	<nil>
100	383	151	534	<nil>
100	374	151	525	<nil>
100	34	134	168	<nil>
100	59	96	155	<nil>
100	63	116	179	<nil>
100	71	117	188	<nil>
100	71	148	219	<nil>
100	62	136	198	<nil>
100	71	143	214	<nil>
100	69	146	215	<nil>
100	71	138	209	<nil>
100	72	146	218	<nil>
100	67	148	215	<nil>
100	65	145	210	<nil>
100	77	138	215	<nil>
100	65	145	210	<nil>
100	77	138	215	<nil>
100	75	139	214	<nil>
100	70	141	211	<nil>
100	76	141	217	<nil>
100	76	142	218	<nil>
100	80	141	221	<nil>
100	64	160	224	<nil>
100	69	160	229	<nil>
100	81	160	241	<nil>
100	52	166	218	<nil>
100	76	160	236	<nil>
100	54	166	220	<nil>
100	49	169	218	<nil>
100	77	161	238	<nil>
100	56	162	218	<nil>
100	79	166	245	<nil>
100	82	166	248	<nil>
100	77	169	246	<nil>
100	63	169	232	<nil>
100	21	174	195	<nil>
100	59	171	230	<nil>
100	30	171	201	<nil>
100	27	172	199	<nil>
100	24	172	196	<nil>
100	22	176	198	<nil>
100	41	147	188	<nil>
100	24	173	197	<nil>
100	40	161	201	<nil>
100	26	153	179	<nil>
100	34	169	203	<nil>
100	37	150	187	<nil>
100	38	152	190	<nil>
100	39	151	190	<nil>
100	36	154	190	<nil>
100	42	151	193	<nil>
100	39	151	190	<nil>
100	34	157	191	<nil>
100	37	167	204	<nil>
100	37	171	208	<nil>
100	37	177	214	<nil>
100	40	177	217	<nil>
100	37	182	219	<nil>
100	37	182	219	<nil>
100	39	183	222	<nil>
100	65	133	198	<nil>
100	33	164	197	<nil>
100	31	168	199	<nil>
100	40	157	197	<nil>
100	40	164	204	<nil>
100	75	103	178	<nil>
100	47	157	204	<nil>
100	35	163	198	<nil>
100	36	165	201	<nil>
100	55	102	157	<nil>
100	61	138	199	<nil>
100	44	155	199	<nil>
100	73	96	169	<nil>
100	30	156	186	<nil>
100	58	97	155	<nil>
100	32	156	188	<nil>
100	45	135	180	<nil>
100	33	157	190	<nil>
100	59	100	159	<nil>
100	64	135	199	<nil>
100	35	137	172	<nil>
100	82	99	181	<nil>
100	67	108	175	<nil>
100	62	98	160	<nil>
100	83	98	181	<nil>
100	32	72	104	<nil>
100	52	108	160	<nil>
100	26	73	99	<nil>
100	61	97	158	<nil>
100	45	136	181	<nil>
100	75	101	176	<nil>
100	44	136	180	<nil>
100	66	93	159	<nil>
100	24	56	80	<nil>
100	21	26	47	<nil>
100	46	104	150	<nil>
100	31	72	103	<nil>
100	58	107	165	<nil>
100	60	108	168	<nil>
100	60	105	165	<nil>
100	29	72	101	<nil>
100	44	87	131	<nil>
100	31	72	103	<nil>
100	47	104	151	<nil>
100	15	70	85	<nil>
100	14	71	85	<nil>
100	15	69	84	<nil>
100	27	77	104	<nil>
100	62	108	170	<nil>
100	25	78	103	<nil>
100	31	71	102	<nil>
100	26	78	104	<nil>
100	30	73	103	<nil>
100	19	93	112	<nil>
100	54	93	147	<nil>
100	56	132	188	<nil>
100	28	90	118	<nil>
100	35	72	107	<nil>
100	15	70	85	<nil>
100	63	106	169	<nil>
100	24	96	120	<nil>
100	20	86	106	<nil>
100	56	97	153	<nil>
100	32	73	105	<nil>
100	62	108	170	<nil>
100	49	93	142	<nil>
100	23	22	45	<nil>
100	38	32	70	<nil>
100	31	25	56	<nil>
100	28	26	54	<nil>
100	36	34	70	<nil>
100	40	32	72	<nil>
100	44	33	77	<nil>
100	41	3	44	<nil>
100	29	25	54	<nil>
100	39	33	72	<nil>
100	49	24	73	<nil>
100	41	33	74	<nil>
100	45	33	78	<nil>
100	31	56	87	<nil>
100	35	33	68	<nil>
100	21	26	47	<nil>
100	33	22	55	<nil>
100	21	26	47	<nil>
100	33	56	89	<nil>
100	42	33	75	<nil>
100	39	34	73	<nil>
100	48	97	145	<nil>
100	31	56	87	<nil>
100	30	57	87	<nil>
100	36	30	66	<nil>
100	59	109	168	<nil>
100	57	0	57	<nil>
100	158	5	163	<nil>
100	122	5	127	<nil>
100	145	10	155	<nil>
100	147	9	156	<nil>
100	141	6	147	<nil>
100	123	9	132	<nil>
100	123	8	131	<nil>
100	129	12	141	<nil>
100	153	8	161	<nil>
100	146	17	163	<nil>
100	146	12	158	<nil>
100	142	8	150	<nil>
100	120	10	130	<nil>
100	129	12	141	<nil>
100	153	8	161	<nil>
100	135	11	146	<nil>
100	150	18	168	<nil>
100	130	11	141	<nil>
100	147	11	158	<nil>
100	129	12	141	<nil>
100	122	9	131	<nil>
100	149	13	162	<nil>
100	149	18	167	<nil>
100	129	14	143	<nil>
100	137	7	144	<nil>
100	129	13	142	<nil>
100	151	11	162	<nil>
100	122	9	131	<nil>
100	124	18	142	<nil>
100	129	13	142	<nil>
100	132	11	143	<nil>
100	129	12	141	<nil>
100	146	18	164	<nil>
100	148	18	166	<nil>
100	155	12	167	<nil>
100	130	12	142	<nil>
100	144	17	161	<nil>
100	156	12	168	<nil>
100	131	12	143	<nil>
100	131	13	144	<nil>
100	149	18	167	<nil>
100	130	12	142	<nil>
100	135	14	149	<nil>
100	152	13	165	<nil>
100	128	14	142	<nil>
100	152	12	164	<nil>
100	130	12	142	<nil>
100	125	18	143	<nil>
100	130	12	142	<nil>
100	130	14	144	<nil>
100	131	17	148	<nil>
100	131	16	147	<nil>
100	134	17	151	<nil>
100	131	16	147	<nil>
100	124	23	147	<nil>
100	126	23	149	<nil>
100	124	23	147	<nil>
100	167	17	184	<nil>
100	144	24	168	<nil>
100	137	78	215	<nil>
100	130	133	263	<nil>
100	129	133	262	<nil>
100	132	134	266	<nil>
100	150	135	285	<nil>
100	152	143	295	<nil>
100	130	142	272	<nil>
100	135	142	277	<nil>
100	130	143	273	<nil>
100	137	138	275	<nil>
100	129	145	274	<nil>
100	130	144	274	<nil>
100	163	131	294	<nil>
100	131	143	274	<nil>
100	149	145	294	<nil>
100	174	101	275	<nil>
100	146	133	279	<nil>
100	130	146	276	<nil>
100	128	145	273	<nil>
100	142	139	281	<nil>
100	129	8	137	<nil>
100	141	142	283	<nil>
100	134	10	144	<nil>
100	143	138	281	<nil>
100	144	137	281	<nil>
100	147	135	282	<nil>
100	142	139	281	<nil>
100	86	64	150	<nil>
100	150	144	294	<nil>
100	174	109	283	<nil>
100	143	139	282	<nil>
100	143	140	283	<nil>
100	141	141	282	<nil>
100	142	140	282	<nil>
100	149	134	283	<nil>
100	130	5	135	<nil>
100	129	5	134	<nil>
100	174	109	283	<nil>
100	132	144	276	<nil>
100	147	141	288	<nil>
100	143	139	282	<nil>
100	146	135	281	<nil>
100	147	138	285	<nil>
100	137	8	145	<nil>
100	130	144	274	<nil>
100	142	8	150	<nil>
100	131	12	143	<nil>
100	143	142	285	<nil>
100	143	137	280	<nil>
100	129	10	139	<nil>
100	129	9	138	<nil>
100	129	10	139	<nil>
100	130	10	140	<nil>
100	129	12	141	<nil>
100	133	11	144	<nil>
100	132	10	142	<nil>
100	128	10	138	<nil>
100	145	5	150	<nil>
100	145	6	151	<nil>
100	146	6	152	<nil>
100	143	26	169	<nil>
100	146	6	152	<nil>
100	119	7	126	<nil>
100	154	4	158	<nil>
100	129	21	150	<nil>
100	119	11	130	<nil>
100	151	2	153	<nil>
100	126	5	131	<nil>
100	149	3	152	<nil>
100	146	7	153	<nil>
100	134	25	159	<nil>
100	148	11	159	<nil>
100	130	27	157	<nil>
100	153	6	159	<nil>
100	148	13	161	<nil>
100	154	5	159	<nil>
100	156	7	163	<nil>
100	71	14	85	<nil>
100	153	6	159	<nil>
100	150	9	159	<nil>
100	151	8	159	<nil>
100	158	2	160	<nil>
100	154	6	160	<nil>
100	95	15	110	<nil>
100	151	9	160	<nil>
100	151	8	159	<nil>
100	152	9	161	<nil>
100	153	8	161	<nil>
100	150	10	160	<nil>
100	152	12	164	<nil>
100	151	11	162	<nil>
100	149	13	162	<nil>
100	156	9	165	<nil>
100	143	14	157	<nil>
100	153	9	162	<nil>
100	153	12	165	<nil>
100	156	9	165	<nil>
100	161	9	170	<nil>
100	157	9	166	<nil>
100	153	9	162	<nil>
100	154	12	166	<nil>
100	174	12	186	<nil>
100	174	10	184	<nil>
100	147	9	156	<nil>
100	153	10	163	<nil>
100	170	12	182	<nil>
100	183	12	195	<nil>
100	146	8	154	<nil>
100	169	12	181	<nil>
100	111	14	125	<nil>
100	166	16	182	<nil>
100	173	9	182	<nil>
100	142	7	149	<nil>
100	177	8	185	<nil>
100	175	10	185	<nil>
100	165	14	179	<nil>
100	169	13	182	<nil>
100	161	2	163	<nil>
100	143	11	154	<nil>
100	162	13	175	<nil>
100	182	14	196	<nil>
100	157	2	159	<nil>
100	151	11	162	<nil>
100	160	12	172	<nil>
100	162	3	165	<nil>
100	183	13	196	<nil>
100	175	13	188	<nil>
100	162	3	165	<nil>
100	139	16	155	<nil>
100	154	13	167	<nil>
100	109	15	124	<nil>
100	138	16	154	<nil>
100	156	3	159	<nil>
100	157	3	160	<nil>
100	183	14	197	<nil>
100	153	8	161	<nil>
100	165	3	168	<nil>
100	160	12	172	<nil>
100	155	6	161	<nil>
100	170	2	172	<nil>
100	172	11	183	<nil>
100	183	13	196	<nil>
100	128	3	131	<nil>
100	164	3	167	<nil>
100	160	2	162	<nil>
100	161	14	175	<nil>
100	138	5	143	<nil>
100	138	6	144	<nil>
100	165	3	168	<nil>
100	162	19	181	<nil>
100	164	3	167	<nil>
100	161	3	164	<nil>
100	153	8	161	<nil>
100	166	2	168	<nil>
100	164	4	168	<nil>
100	173	1	174	<nil>
100	141	3	144	<nil>
100	169	1	170	<nil>
100	127	5	132	<nil>
100	140	5	145	<nil>
100	130	3	133	<nil>
100	129	2	131	<nil>
100	167	2	169	<nil>
100	153	2	155	<nil>
100	175	11	186	<nil>
100	172	2	174	<nil>
100	162	8	170	<nil>
100	153	24	177	<nil>
100	110	24	134	<nil>
100	168	9	177	<nil>
100	157	20	177	<nil>
100	149	22	171	<nil>
100	159	24	183	<nil>
100	148	23	171	<nil>
100	146	25	171	<nil>
100	147	24	171	<nil>
100	153	23	176	<nil>
100	136	45	181	<nil>
100	120	47	167	<nil>
100	153	45	198	<nil>
100	169	35	204	<nil>
100	131	54	185	<nil>
100	161	55	216	<nil>
100	180	31	211	<nil>
100	158	62	220	<nil>
100	123	62	185	<nil>
100	160	62	222	<nil>
100	170	52	222	<nil>
100	175	53	228	<nil>
100	168	37	205	<nil>
100	138	90	228	<nil>
100	142	56	198	<nil>
100	123	62	185	<nil>
100	143	510	653	<nil>
100	158	519	677	<nil>
100	127	518	645	<nil>
100	122	522	644	<nil>
100	155	520	675	<nil>
100	139	519	658	<nil>
100	156	519	675	<nil>
100	12	517	529	<nil>
100	22	508	530	<nil>
100	125	520	645	<nil>
100	508	19	527	<nil>
100	511	24	535	<nil>
100	511	22	533	<nil>
100	516	19	535	<nil>
100	509	22	531	<nil>
100	512	23	535	<nil>
100	510	25	535	<nil>
100	510	23	533	<nil>
100	522	19	541	<nil>
100	527	19	546	<nil>
100	541	7	548	<nil>
100	511	24	535	<nil>
100	532	16	548	<nil>
100	540	2	542	<nil>
100	532	4	536	<nil>
100	523	17	540	<nil>
100	529	12	541	<nil>
100	524	18	542	<nil>
100	511	24	535	<nil>
100	523	22	545	<nil>
100	531	11	542	<nil>
100	534	9	543	<nil>
100	535	14	549	<nil>
100	524	18	542	<nil>
100	531	14	545	<nil>
100	535	8	543	<nil>
100	525	18	543	<nil>
100	536	7	543	<nil>
100	527	20	547	<nil>
100	530	13	543	<nil>
100	530	12	542	<nil>
100	534	14	548	<nil>
100	528	19	547	<nil>
100	532	13	545	<nil>
100	530	13	543	<nil>
100	533	11	544	<nil>
100	524	20	544	<nil>
100	530	12	542	<nil>
100	530	15	545	<nil>
100	526	15	541	<nil>
100	536	8	544	<nil>
100	525	15	540	<nil>
100	533	10	543	<nil>
100	546	15	561	<nil>
100	534	21	555	<nil>
100	527	18	545	<nil>
100	536	8	544	<nil>
100	531	12	543	<nil>
100	531	16	547	<nil>
100	531	12	543	<nil>
100	532	17	549	<nil>
100	536	11	547	<nil>
100	534	12	546	<nil>
100	540	12	552	<nil>
100	536	41	577	<nil>
100	541	53	594	<nil>
100	535	86	621	<nil>
100	546	69	615	<nil>
100	534	97	631	<nil>
100	533	97	630	<nil>
100	529	98	627	<nil>
100	540	93	633	<nil>
100	533	98	631	<nil>
100	530	94	624	<nil>
100	444	95	539	<nil>
100	454	94	548	<nil>
100	450	87	537	<nil>
100	454	85	539	<nil>
100	457	98	555	<nil>
100	543	97	640	<nil>
100	526	111	637	<nil>
100	545	92	637	<nil>
100	544	95	639	<nil>
100	534	101	635	<nil>
100	568	71	639	<nil>
100	452	85	537	<nil>
100	452	87	539	<nil>
100	452	96	548	<nil>
100	440	97	537	<nil>
100	459	98	557	<nil>
100	445	103	548	<nil>
100	471	98	569	<nil>
100	547	98	645	<nil>
100	531	105	636	<nil>
100	450	98	548	<nil>
100	540	92	632	<nil>
100	414	95	509	<nil>
100	444	100	544	<nil>
100	30	100	130	<nil>
100	542	98	640	<nil>
100	443	99	542	<nil>
100	33	100	133	<nil>
100	29	103	132	<nil>
100	30	102	132	<nil>
100	30	107	137	<nil>
100	30	132	162	<nil>
100	23	139	162	<nil>
100	28	141	169	<nil>
100	24	138	162	<nil>
100	29	133	162	<nil>
100	71	84	155	<nil>
100	9	155	164	<nil>
100	69	85	154	<nil>
100	80	86	166	<nil>
100	74	85	159	<nil>
100	81	104	185	<nil>
100	110	75	185	<nil>
100	103	81	184	<nil>
100	85	104	189	<nil>
100	101	85	186	<nil>
100	84	101	185	<nil>
100	69	102	171	<nil>
100	104	81	185	<nil>
100	112	76	188	<nil>
100	109	76	185	<nil>
100	78	107	185	<nil>
100	83	104	187	<nil>
100	85	101	186	<nil>
100	82	103	185	<nil>
100	80	108	188	<nil>
100	113	79	192	<nil>
100	92	89	181	<nil>
100	128	57	185	<nil>
100	87	103	190	<nil>
100	127	61	188	<nil>
100	109	79	188	<nil>
100	109	75	184	<nil>
100	85	100	185	<nil>
100	98	91	189	<nil>
100	129	60	189	<nil>
100	104	85	189	<nil>
100	108	89	197	<nil>
100	103	86	189	<nil>
100	96	86	182	<nil>
100	103	85	188	<nil>
100	103	81	184	<nil>
100	99	97	196	<nil>
100	103	93	196	<nil>
100	99	98	197	<nil>
100	103	93	196	<nil>
100	103	93	196	<nil>
100	117	79	196	<nil>
100	99	98	197	<nil>
100	99	98	197	<nil>
100	91	98	189	<nil>
100	68	98	166	<nil>
120	104	149	253	<nil>
120	99	203	302	<nil>
120	99	197	296	<nil>
120	99	197	296	<nil>
120	108	175	283	<nil>
120	99	206	305	<nil>
120	103	193	296	<nil>
120	104	203	307	<nil>
120	33	212	245	<nil>
120	57	233	290	<nil>
120	83	159	242	<nil>
120	40	236	276	<nil>
120	71	186	257	<nil>
120	43	242	285	<nil>
120	99	163	262	<nil>
120	98	171	269	<nil>
120	72	186	258	<nil>
120	96	171	267	<nil>
120	86	166	252	<nil>
120	90	175	265	<nil>
120	120	142	262	<nil>
120	104	161	265	<nil>
120	103	168	271	<nil>
120	90	176	266	<nil>
120	104	175	279	<nil>
120	45	176	221	<nil>
120	50	177	227	<nil>
120	94	174	268	<nil>
120	90	175	265	<nil>
120	88	181	269	<nil>
120	92	176	268	<nil>
120	98	173	271	<nil>
120	90	180	270	<nil>
120	72	185	257	<nil>
120	83	161	244	<nil>
120	104	166	270	<nil>
120	90	172	262	<nil>
120	92	179	271	<nil>
120	61	173	234	<nil>
120	97	174	271	<nil>
120	98	176	274	<nil>
120	104	170	274	<nil>
120	96	172	268	<nil>
120	85	184	269	<nil>
120	98	177	275	<nil>
120	103	172	275	<nil>
120	41	184	225	<nil>
120	51	174	225	<nil>
120	86	165	251	<nil>
120	71	186	257	<nil>
120	97	175	272	<nil>
120	51	175	226	<nil>
120	74	180	254	<nil>
120	89	174	263	<nil>
120	97	168	265	<nil>
120	118	76	194	<nil>
120	46	181	227	<nil>
120	40	186	226	<nil>
120	41	186	227	<nil>
120	40	187	227	<nil>
120	115	66	181	<nil>
120	119	80	199	<nil>
120	118	71	189	<nil>
120	144	82	226	<nil>
120	145	94	239	<nil>
120	139	141	280	<nil>
120	141	152	293	<nil>
120	177	125	302	<nil>
120	139	162	301	<nil>
120	176	132	308	<nil>
120	176	126	302	<nil>
120	175	134	309	<nil>
120	183	133	316	<nil>
120	174	142	316	<nil>
120	171	138	309	<nil>
120	170	141	311	<nil>
120	147	140	287	<nil>
120	111	141	252	<nil>
120	159	144	303	<nil>
120	177	132	309	<nil>
120	177	132	309	<nil>
120	180	134	314	<nil>
120	174	135	309	<nil>
120	180	135	315	<nil>
120	172	137	309	<nil>
120	174	136	310	<nil>
120	179	137	316	<nil>
120	172	138	310	<nil>
120	182	133	315	<nil>
120	165	149	314	<nil>
120	170	139	309	<nil>
120	120	156	276	<nil>
120	76	149	225	<nil>
120	79	148	227	<nil>
120	65	131	196	<nil>
120	133	53	186	<nil>
120	75	149	224	<nil>
120	75	149	224	<nil>
120	74	146	220	<nil>
120	75	150	225	<nil>
120	183	160	343	<nil>
120	159	174	333	<nil>
120	172	161	333	<nil>
120	177	167	344	<nil>
120	133	163	296	<nil>
120	128	153	281	<nil>
120	112	169	281	<nil>
120	124	158	282	<nil>
120	127	155	282	<nil>
120	110	173	283	<nil>
120	105	177	282	<nil>
120	128	61	189	<nil>
120	110	67	177	<nil>
120	123	160	283	<nil>
120	124	159	283	<nil>
120	121	161	282	<nil>
120	124	159	283	<nil>
120	162	173	335	<nil>
120	124	166	290	<nil>
120	121	170	291	<nil>
120	128	162	290	<nil>
120	180	165	345	<nil>
120	120	163	283	<nil>
120	125	55	180	<nil>
120	180	155	335	<nil>
120	170	162	332	<nil>
120	154	179	333	<nil>
120	182	162	344	<nil>
120	70	159	229	<nil>
120	95	170	265	<nil>
120	124	168	292	<nil>
120	75	164	239	<nil>
120	120	172	292	<nil>
120	103	180	283	<nil>
120	119	63	182	<nil>
120	125	151	276	<nil>
120	113	164	277	<nil>
120	119	169	288	<nil>
120	121	166	287	<nil>
120	130	184	314	<nil>
120	128	187	315	<nil>
120	123	187	310	<nil>
120	179	132	311	<nil>
120	124	189	313	<nil>
120	174	132	306	<nil>
120	122	190	312	<nil>
120	176	133	309	<nil>
120	172	132	304	<nil>
120	144	164	308	<nil>
120	175	144	319	<nil>
120	144	163	307	<nil>
120	144	168	312	<nil>
120	167	142	309	<nil>
120	174	139	313	<nil>
120	144	168	312	<nil>
120	150	163	313	<nil>
120	123	190	313	<nil>
120	176	137	313	<nil>
120	144	168	312	<nil>
120	175	138	313	<nil>
120	171	139	310	<nil>
120	170	144	314	<nil>
120	174	140	314	<nil>
120	175	140	315	<nil>
120	175	140	315	<nil>
120	174	143	317	<nil>
120	145	168	313	<nil>
120	174	140	314	<nil>
120	174	138	312	<nil>
120	100	169	269	<nil>
120	166	152	318	<nil>
120	172	145	317	<nil>
120	171	138	309	<nil>
120	174	138	312	<nil>
120	145	168	313	<nil>
120	174	140	314	<nil>
120	144	174	318	<nil>
120	150	169	319	<nil>
120	109	136	245	<nil>
120	175	143	318	<nil>
120	147	63	210	<nil>
120	165	63	228	<nil>
120	165	62	227	<nil>
120	110	201	311	<nil>
120	155	191	346	<nil>
120	142	203	345	<nil>
120	189	0	189	<nil>
120	138	140	278	<nil>
120	104	202	306	<nil>
120	99	140	239	<nil>
120	133	61	194	<nil>
120	135	61	196	<nil>
120	21	194	215	<nil>
120	112	115	227	<nil>
120	176	170	346	<nil>
120	142	62	204	<nil>
120	152	50	202	<nil>
120	165	50	215	<nil>
120	130	51	181	<nil>
120	152	50	202	<nil>
120	167	28	195	<nil>
120	158	28	186	<nil>
120	154	36	190	<nil>
120	166	18	184	<nil>
120	59	32	91	<nil>
120	29	56	85	<nil>
120	190	63	253	<nil>
120	193	152	345	<nil>
120	191	152	343	<nil>
120	191	152	343	<nil>
120	158	165	323	<nil>
120	182	155	337	<nil>
120	168	166	334	<nil>
120	184	155	339	<nil>
120	174	157	331	<nil>
120	181	167	348	<nil>
120	184	153	337	<nil>
120	158	168	326	<nil>
120	198	152	350	<nil>
120	20	160	180	<nil>
120	166	168	334	<nil>
120	184	168	352	<nil>
120	184	173	357	<nil>
120	184	173	357	<nil>
120	180	155	335	<nil>
120	218	142	360	<nil>
120	219	141	360	<nil>
120	220	140	360	<nil>
120	197	140	337	<nil>
120	239	120	359	<nil>
120	196	140	336	<nil>
120	192	11	203	<nil>
120	196	140	336	<nil>
120	195	142	337	<nil>
120	152	141	293	<nil>
120	220	139	359	<nil>
120	218	141	359	<nil>
120	197	141	338	<nil>
120	196	142	338	<nil>
120	197	139	336	<nil>
120	218	141	359	<nil>
120	220	140	360	<nil>
120	201	136	337	<nil>
120	196	141	337	<nil>
120	197	141	338	<nil>
120	196	141	337	<nil>
120	197	140	337	<nil>
120	220	140	360	<nil>
120	218	143	361	<nil>
120	197	141	338	<nil>
120	195	143	338	<nil>
120	196	140	336	<nil>
120	52	178	230	<nil>
120	193	9	202	<nil>
120	25	186	211	<nil>
120	202	18	220	<nil>
120	173	12	185	<nil>
120	192	10	202	<nil>
120	200	12	212	<nil>
120	192	12	204	<nil>
120	156	10	166	<nil>
120	216	131	347	<nil>
120	193	10	203	<nil>
120	288	83	371	<nil>
120	193	10	203	<nil>
120	69	172	241	<nil>
120	304	67	371	<nil>
120	168	139	307	<nil>
120	216	132	348	<nil>
120	194	187	381	<nil>
120	186	53	239	<nil>
120	282	66	348	<nil>
120	168	14	182	<nil>
120	172	15	187	<nil>
120	185	13	198	<nil>
120	169	14	183	<nil>
120	145	15	160	<nil>
120	168	13	181	<nil>
120	158	14	172	<nil>
120	162	15	177	<nil>
120	167	15	182	<nil>
120	162	15	177	<nil>
120	168	16	184	<nil>
120	166	15	181	<nil>
120	175	16	191	<nil>
120	142	15	157	<nil>
120	175	2	177	<nil>
120	168	15	183	<nil>
120	166	17	183	<nil>
120	173	17	190	<nil>
120	169	15	184	<nil>
120	167	16	183	<nil>
120	168	16	184	<nil>
120	161	17	178	<nil>
120	167	17	184	<nil>
120	183	17	200	<nil>
120	163	17	180	<nil>
120	166	19	185	<nil>
120	184	18	202	<nil>
120	173	17	190	<nil>
120	167	17	184	<nil>
120	167	17	184	<nil>
120	168	19	187	<nil>
120	162	17	179	<nil>
120	164	17	181	<nil>
120	83	11	94	<nil>
120	177	432	609	<nil>
120	113	442	555	<nil>
120	137	462	599	<nil>
120	126	462	588	<nil>
120	176	461	637	<nil>
120	175	461	636	<nil>
120	193	443	636	<nil>
120	171	461	632	<nil>
120	175	462	637	<nil>
120	138	463	601	<nil>
120	186	461	647	<nil>
120	174	463	637	<nil>
120	171	450	621	<nil>
120	175	466	641	<nil>
120	176	466	642	<nil>
120	237	442	679	<nil>
120	215	442	657	<nil>
120	176	481	657	<nil>
120	179	442	621	<nil>
120	215	442	657	<nil>
120	235	422	657	<nil>
120	524	14	538	<nil>
120	505	14	519	<nil>
120	519	14	533	<nil>
120	518	15	533	<nil>
120	495	14	509	<nil>
120	501	12	513	<nil>
120	512	11	523	<nil>
120	506	15	521	<nil>
120	517	15	532	<nil>
120	509	15	524	<nil>
120	512	21	533	<nil>
120	499	3	502	<nil>
120	505	15	520	<nil>
120	513	15	528	<nil>
120	512	15	527	<nil>
120	519	15	534	<nil>
120	525	15	540	<nil>
120	517	14	531	<nil>
120	454	3	457	<nil>
120	501	2	503	<nil>
120	486	13	499	<nil>
120	480	18	498	<nil>
120	466	5	471	<nil>
120	501	3	504	<nil>
120	519	15	534	<nil>
120	513	13	526	<nil>
120	508	12	520	<nil>
120	487	12	499	<nil>
120	504	9	513	<nil>
120	489	10	499	<nil>
120	449	12	461	<nil>
120	434	16	450	<nil>
120	501	3	504	<nil>
120	500	13	513	<nil>
120	488	12	500	<nil>
120	488	12	500	<nil>
120	439	15	454	<nil>
120	500	15	515	<nil>
120	469	6	475	<nil>
120	503	3	506	<nil>
120	528	18	546	<nil>
120	450	4	454	<nil>
120	466	4	470	<nil>
120	499	3	502	<nil>
120	456	5	461	<nil>
120	526	15	541	<nil>
120	499	8	507	<nil>
120	452	5	457	<nil>
120	503	2	505	<nil>
120	495	5	500	<nil>
120	477	17	494	<nil>
120	500	3	503	<nil>
120	499	4	503	<nil>
120	454	2	456	<nil>
120	522	23	545	<nil>
120	476	19	495	<nil>
120	488	12	500	<nil>
120	497	17	514	<nil>
120	466	7	473	<nil>
120	519	26	545	<nil>
120	454	2	456	<nil>
120	475	3	478	<nil>
120	501	7	508	<nil>
120	457	24	481	<nil>
120	521	69	590	<nil>
120	523	69	592	<nil>
120	501	58	559	<nil>
120	453	27	480	<nil>
120	500	52	552	<nil>
120	489	55	544	<nil>
120	501	50	551	<nil>
120	502	51	553	<nil>
120	502	51	553	<nil>
120	499	51	550	<nil>
120	499	50	549	<nil>
120	485	59	544	<nil>
120	468	66	534	<nil>
120	502	62	564	<nil>
120	455	66	521	<nil>
120	501	67	568	<nil>
120	505	64	569	<nil>
120	479	64	543	<nil>
120	505	69	574	<nil>
120	69	72	141	<nil>
120	479	64	543	<nil>
120	460	62	522	<nil>
120	504	69	573	<nil>
120	506	67	573	<nil>
120	501	73	574	<nil>
120	464	68	532	<nil>
120	56	72	128	<nil>
120	458	63	521	<nil>
120	454	73	527	<nil>
120	63	80	143	<nil>
120	469	72	541	<nil>
120	473	75	548	<nil>
120	505	69	574	<nil>
120	477	64	541	<nil>
120	58	178	236	<nil>
120	559	141	700	<nil>
120	55	181	236	<nil>
120	518	127	645	<nil>
120	564	127	691	<nil>
120	571	123	694	<nil>
120	50	200	250	<nil>
120	50	201	251	<nil>
120	50	201	251	<nil>
120	55	197	252	<nil>
120	56	196	252	<nil>
120	53	201	254	<nil>
120	53	202	255	<nil>
120	35	213	248	<nil>
120	187	32	219	<nil>
120	179	33	212	<nil>
120	34	226	260	<nil>
120	50	225	275	<nil>
120	32	230	262	<nil>
120	196	24	220	<nil>
120	198	24	222	<nil>
120	204	24	228	<nil>
120	186	35	221	<nil>
120	204	25	229	<nil>
120	202	18	220	<nil>
120	183	35	218	<nil>
120	195	24	219	<nil>
120	192	32	224	<nil>
120	186	35	221	<nil>
120	32	227	259	<nil>
120	196	24	220	<nil>
120	189	33	222	<nil>
120	56	222	278	<nil>
120	199	24	223	<nil>
120	200	24	224	<nil>
120	190	34	224	<nil>
120	200	25	225	<nil>
120	97	163	260	<nil>
120	50	226	276	<nil>
120	197	25	222	<nil>
120	212	21	233	<nil>
120	201	20	221	<nil>
120	32	238	270	<nil>
120	197	108	305	<nil>
120	266	44	310	<nil>
120	218	89	307	<nil>
120	275	38	313	<nil>
120	263	45	308	<nil>
120	245	63	308	<nil>
120	224	87	311	<nil>
120	223	90	313	<nil>
120	274	38	312	<nil>
120	208	99	307	<nil>
120	304	4	308	<nil>
120	208	102	310	<nil>
120	307	6	313	<nil>
120	270	39	309	<nil>
120	205	111	316	<nil>
120	201	122	323	<nil>
120	253	11	264	<nil>
120	221	107	328	<nil>
120	141	113	254	<nil>
120	218	113	331	<nil>
120	153	113	266	<nil>
120	209	19	228	<nil>
120	118	114	232	<nil>
120	198	114	312	<nil>
120	198	115	313	<nil>
120	243	26	269	<nil>
120	221	113	334	<nil>
120	114	123	237	<nil>
120	203	139	342	<nil>
120	253	13	266	<nil>
120	244	29	273	<nil>
120	267	9	276	<nil>
120	253	11	264	<nil>
120	258	16	274	<nil>
120	331	9	340	<nil>
120	248	16	264	<nil>
120	153	122	275	<nil>
120	205	35	240	<nil>
120	295	9	304	<nil>
120	330	11	341	<nil>
120	214	11	225	<nil>
120	118	119	237	<nil>
120	325	15	340	<nil>
120	259	17	276	<nil>
120	310	11	321	<nil>
120	206	31	237	<nil>
120	329	13	342	<nil>
120	331	10	341	<nil>
120	249	15	264	<nil>
120	307	15	322	<nil>
120	332	23	355	<nil>
120	222	34	256	<nil>
120	267	30	297	<nil>
120	157	120	277	<nil>
120	330	36	366	<nil>
120	310	43	353	<nil>
120	314	56	370	<nil>
120	276	53	329	<nil>
120	341	110	451	<nil>
120	248	125	373	<nil>
120	320	111	431	<nil>
120	306	152	458	<nil>
120	313	120	433	<nil>
120	304	128	432	<nil>
120	214	143	357	<nil>
120	301	163	464	<nil>
120	208	152	360	<nil>
120	211	148	359	<nil>
120	115	249	364	<nil>
120	221	144	365	<nil>
120	227	139	366	<nil>
120	184	105	289	<nil>
120	266	138	404	<nil>
120	228	138	366	<nil>
120	111	159	270	<nil>
120	74	212	286	<nil>
120	97	160	257	<nil>
120	40	254	294	<nil>
120	99	158	257	<nil>
120	66	211	277	<nil>
120	367	108	475	<nil>
120	365	110	475	<nil>
120	86	167	253	<nil>
120	286	108	394	<nil>
120	95	193	288	<nil>
120	116	161	277	<nil>
120	72	201	273	<nil>
120	117	160	277	<nil>
120	115	163	278	<nil>
120	112	160	272	<nil>
120	76	212	288	<nil>
120	226	143	369	<nil>
120	43	255	298	<nil>
120	92	166	258	<nil>
120	103	150	253	<nil>
120	118	137	255	<nil>
120	85	168	253	<nil>
120	175	78	253	<nil>
120	87	167	254	<nil>
120	87	166	253	<nil>
120	104	150	254	<nil>
120	86	167	253	<nil>
120	88	165	253	<nil>
120	81	172	253	<nil>
120	86	167	253	<nil>
120	119	135	254	<nil>
120	87	167	254	<nil>
120	107	147	254	<nil>
120	89	166	255	<nil>
120	87	167	254	<nil>
120	82	166	248	<nil>
120	95	155	250	<nil>
120	164	13	177	<nil>
120	145	13	158	<nil>
120	163	14	177	<nil>
120	163	15	178	<nil>
120	164	18	182	<nil>
120	161	95	256	<nil>
120	123	10	133	<nil>
120	176	95	271	<nil>
120	91	96	187	<nil>
120	164	19	183	<nil>
120	165	21	186	<nil>
120	222	52	274	<nil>
120	162	112	274	<nil>
120	66	125	191	<nil>
120	116	157	273	<nil>
120	172	100	272	<nil>
120	115	155	270	<nil>
120	177	97	274	<nil>
120	163	21	184	<nil>
120	146	28	174	<nil>
120	122	21	143	<nil>
120	143	30	173	<nil>
120	135	24	159	<nil>
120	163	30	193	<nil>
120	135	30	165	<nil>
120	139	29	168	<nil>
120	164	30	194	<nil>
120	151	31	182	<nil>
120	163	30	193	<nil>
120	143	22	165	<nil>
120	124	22	146	<nil>
120	163	31	194	<nil>
120	136	31	167	<nil>
120	135	29	164	<nil>
120	118	16	134	<nil>
120	123	31	154	<nil>
120	139	30	169	<nil>
120	164	43	207	<nil>
120	123	35	158	<nil>
120	140	43	183	<nil>
120	121	62	183	<nil>
120	123	91	214	<nil>
120	123	134	257	<nil>
120	143	116	259	<nil>
120	140	117	257	<nil>
120	163	119	282	<nil>
120	142	119	261	<nil>
120	158	121	279	<nil>
120	127	151	278	<nil>
120	141	138	279	<nil>
120	128	162	290	<nil>
120	85	167	252	<nil>
120	121	168	289	<nil>
120	123	166	289	<nil>
120	123	168	291	<nil>
120	158	133	291	<nil>
120	118	169	287	<nil>
120	142	149	291	<nil>
120	86	152	238	<nil>
120	70	151	221	<nil>
120	98	172	270	<nil>
120	122	171	293	<nil>
120	112	172	284	<nil>
120	114	169	283	<nil>
120	119	164	283	<nil>
120	158	137	295	<nil>
120	173	17	190	<nil>
120	174	48	222	<nil>
120	189	4	193	<nil>
120	172	8	180	<nil>
120	195	51	246	<nil>
120	69	10	79	<nil>
120	186	60	246	<nil>
120	197	16	213	<nil>
120	213	18	231	<nil>
120	195	48	243	<nil>
120	191	49	240	<nil>
120	170	59	229	<nil>
120	172	8	180	<nil>
120	200	5	205	<nil>
120	158	59	217	<nil>
120	171	61	232	<nil>
120	197	50	247	<nil>
120	164	60	224	<nil>
120	204	2	206	<nil>
120	196	10	206	<nil>
120	81	10	91	<nil>
120	204	2	206	<nil>
120	203	3	206	<nil>
120	132	58	190	<nil>
120	183	22	205	<nil>
120	179	59	238	<nil>
120	188	17	205	<nil>
120	195	61	256	<nil>
120	201	22	223	<nil>
120	195	61	256	<nil>
120	212	32	244	<nil>
120	177	59	236	<nil>
120	163	60	223	<nil>
120	180	60	240	<nil>
120	170	59	229	<nil>
120	185	32	217	<nil>
120	164	77	241	<nil>
120	190	60	250	<nil>
120	182	23	205	<nil>
120	205	23	228	<nil>
120	44	25	69	<nil>
120	47	26	73	<nil>
120	50	23	73	<nil>
120	171	44	215	<nil>
120	193	43	236	<nil>
120	160	47	207	<nil>
120	205	43	248	<nil>
120	174	47	221	<nil>
120	86	21	107	<nil>
120	177	20	197	<nil>
120	47	25	72	<nil>
120	178	39	217	<nil>
120	145	21	166	<nil>
120	215	41	256	<nil>
120	219	21	240	<nil>
120	197	38	235	<nil>
120	207	21	228	<nil>
120	32	36	68	<nil>
120	77	25	102	<nil>
120	154	42	196	<nil>
120	176	28	204	<nil>
120	81	21	102	<nil>
120	184	21	205	<nil>
120	197	19	216	<nil>
120	48	25	73	<nil>
120	158	34	192	<nil>
120	186	45	231	<nil>
120	164	29	193	<nil>
120	240	21	261	<nil>
120	231	27	258	<nil>
120	212	22	234	<nil>
120	185	21	206	<nil>
120	215	25	240	<nil>
120	218	20	238	<nil>
120	53	30	83	<nil>
120	38	25	63	<nil>
120	177	60	237	<nil>
120	202	6	208	<nil>
120	207	46	253	<nil>
120	234	5	239	<nil>
120	198	5	203	<nil>
120	176	46	222	<nil>
120	73	4	77	<nil>
120	158	51	209	<nil>
120	164	47	211	<nil>
120	191	50	241	<nil>
120	197	50	247	<nil>
120	227	7	234	<nil>
120	48	4	52	<nil>
120	215	8	223	<nil>
120	57	4	61	<nil>
120	164	46	210	<nil>
120	227	8	235	<nil>
120	227	8	235	<nil>
120	215	8	223	<nil>
120	192	8	200	<nil>
120	216	8	224	<nil>
120	234	8	242	<nil>
120	226	8	234	<nil>
120	241	8	249	<nil>
120	203	8	211	<nil>
120	27	47	74	<nil>
120	221	89	310	<nil>
120	86	69	155	<nil>
120	227	49	276	<nil>
120	23	46	69	<nil>
120	228	48	276	<nil>
120	215	49	264	<nil>
120	194	49	243	<nil>
120	176	76	252	<nil>
120	237	73	310	<nil>
120	24	70	94	<nil>
120	25	69	94	<nil>
120	48	70	118	<nil>
120	104	73	177	<nil>
120	227	73	300	<nil>
120	23	70	93	<nil>
120	29	64	93	<nil>
120	227	47	274	<nil>
120	242	69	311	<nil>
120	92	65	157	<nil>
120	30	64	94	<nil>
120	420	13	433	<nil>
120	421	17	438	<nil>
120	471	14	485	<nil>
120	439	6	445	<nil>
120	469	15	484	<nil>
120	425	14	439	<nil>
120	421	15	436	<nil>
120	422	16	438	<nil>
120	419	14	433	<nil>
120	436	15	451	<nil>
120	438	13	451	<nil>
120	436	16	452	<nil>
120	420	16	436	<nil>
120	421	13	434	<nil>
120	452	9	461	<nil>
120	333	18	351	<nil>
120	418	15	433	<nil>
120	439	13	452	<nil>
120	451	18	469	<nil>
120	439	14	453	<nil>
120	425	9	434	<nil>
120	428	13	441	<nil>
120	445	18	463	<nil>
120	442	10	452	<nil>
120	418	16	434	<nil>
120	427	9	436	<nil>
120	439	15	454	<nil>
120	426	9	435	<nil>
120	427	9	436	<nil>
120	422	15	437	<nil>
120	432	9	441	<nil>
120	438	7	445	<nil>
120	441	13	454	<nil>
120	430	11	441	<nil>
120	423	15	438	<nil>
120	436	5	441	<nil>
120	438	6	444	<nil>
120	438	7	445	<nil>
120	437	13	450	<nil>
120	438	18	456	<nil>
120	445	17	462	<nil>
120	449	13	462	<nil>
120	424	10	434	<nil>
120	426	15	441	<nil>
120	423	12	435	<nil>
120	438	19	457	<nil>
120	445	15	460	<nil>
120	423	11	434	<nil>
120	424	17	441	<nil>
120	438	6	444	<nil>
120	420	16	436	<nil>
120	441	19	460	<nil>
120	455	17	472	<nil>
120	440	15	455	<nil>
120	435	24	459	<nil>
120	446	14	460	<nil>
120	447	14	461	<nil>
120	438	20	458	<nil>
120	442	18	460	<nil>
120	451	6	457	<nil>
120	437	18	455	<nil>
120	444	12	456	<nil>
120	446	18	464	<nil>
120	449	12	461	<nil>
120	437	17	454	<nil>
120	441	19	460	<nil>
120	440	21	461	<nil>
120	455	18	473	<nil>
120	439	17	456	<nil>
120	437	23	460	<nil>
120	437	24	461	<nil>
120	441	57	498	<nil>
120	440	16	456	<nil>
120	436	25	461	<nil>
120	441	20	461	<nil>
120	454	44	498	<nil>
120	453	58	511	<nil>
120	438	61	499	<nil>
120	444	15	459	<nil>
120	451	60	511	<nil>
120	455	62	517	<nil>
120	448	85	533	<nil>
120	438	122	560	<nil>
120	455	114	569	<nil>
120	456	113	569	<nil>
120	451	146	597	<nil>
120	444	162	606	<nil>
120	443	171	614	<nil>
120	350	165	515	<nil>
120	442	175	617	<nil>
120	445	183	628	<nil>
120	441	174	615	<nil>
120	360	175	535	<nil>
120	444	176	620	<nil>
120	352	165	517	<nil>
120	353	172	525	<nil>
120	455	171	626	<nil>
120	378	135	513	<nil>
120	355	162	517	<nil>
120	456	166	622	<nil>
120	441	180	621	<nil>
120	343	183	526	<nil>
120	450	177	627	<nil>
120	448	188	636	<nil>
120	359	174	533	<nil>
120	353	169	522	<nil>
120	438	176	614	<nil>
120	364	179	543	<nil>
120	356	177	533	<nil>
120	357	177	534	<nil>
120	355	175	530	<nil>
120	438	176	614	<nil>
120	461	161	622	<nil>
120	148	43	191	<nil>
120	361	192	553	<nil>
120	164	16	180	<nil>
120	176	27	203	<nil>
120	348	200	548	<nil>
120	350	199	549	<nil>
120	180	16	196	<nil>
120	151	47	198	<nil>
120	182	14	196	<nil>
120	194	4	198	<nil>
120	186	14	200	<nil>
120	194	11	205	<nil>
120	354	209	563	<nil>
120	205	2	207	<nil>
120	197	2	199	<nil>
120	205	2	207	<nil>
120	353	193	546	<nil>
120	353	211	564	<nil>
120	194	26	220	<nil>
120	207	8	215	<nil>
120	186	24	210	<nil>
120	147	60	207	<nil>
120	183	26	209	<nil>
120	178	30	208	<nil>
120	179	28	207	<nil>
120	163	63	226	<nil>
120	183	23	206	<nil>
120	183	25	208	<nil>
120	184	25	209	<nil>
120	163	2	165	<nil>
120	161	64	225	<nil>
120	350	214	564	<nil>
120	201	9	210	<nil>
120	191	24	215	<nil>
120	202	12	214	<nil>
120	204	19	223	<nil>
120	203	22	225	<nil>
120	147	60	207	<nil>
120	159	41	200	<nil>
120	197	39	236	<nil>
120	205	33	238	<nil>
120	211	110	321	<nil>
120	191	125	316	<nil>
120	205	137	342	<nil>
120	195	152	347	<nil>
120	197	152	349	<nil>
120	212	144	356	<nil>
120	199	159	358	<nil>
120	199	160	359	<nil>
120	200	155	355	<nil>
120	189	169	358	<nil>
120	193	161	354	<nil>
120	194	169	363	<nil>
120	193	163	356	<nil>
120	207	151	358	<nil>
120	227	126	353	<nil>
120	227	129	356	<nil>
120	146	186	332	<nil>
120	189	224	413	<nil>
120	174	211	385	<nil>
120	231	187	418	<nil>
120	170	220	390	<nil>
120	175	215	390	<nil>
120	161	233	394	<nil>
120	120	223	343	<nil>
120	189	206	395	<nil>
120	150	231	381	<nil>
120	162	232	394	<nil>
120	175	207	382	<nil>
120	138	228	366	<nil>
120	188	208	396	<nil>
120	78	240	318	<nil>
120	22	243	265	<nil>
120	160	237	397	<nil>
120	165	231	396	<nil>
120	151	234	385	<nil>
120	158	238	396	<nil>
120	151	234	385	<nil>
120	229	193	422	<nil>
120	204	26	230	<nil>
120	163	234	397	<nil>
120	231	208	439	<nil>
120	219	28	247	<nil>
120	81	233	314	<nil>
120	187	91	278	<nil>
120	200	38	238	<nil>
120	231	216	447	<nil>
120	207	29	236	<nil>
120	201	56	257	<nil>
120	32	238	270	<nil>
120	231	32	263	<nil>
120	226	35	261	<nil>
120	82	215	297	<nil>
120	151	240	391	<nil>
120	199	246	445	<nil>
120	142	215	357	<nil>
120	188	216	404	<nil>
120	158	239	397	<nil>
120	223	33	256	<nil>
120	207	36	243	<nil>
120	97	218	315	<nil>
120	172	92	264	<nil>
120	183	35	218	<nil>
120	153	242	395	<nil>
120	206	35	241	<nil>
120	205	13	218	<nil>
120	206	35	241	<nil>
120	71	252	323	<nil>
120	160	248	408	<nil>
120	180	221	401	<nil>
120	228	13	241	<nil>
120	206	34	240	<nil>
120	207	34	241	<nil>
120	206	34	240	<nil>
120	176	221	397	<nil>
120	220	30	250	<nil>
120	228	19	247	<nil>
120	230	37	267	<nil>
120	229	85	314	<nil>
120	236	60	296	<nil>
120	202	85	287	<nil>
120	218	138	356	<nil>
120	241	139	380	<nil>
120	235	162	397	<nil>
120	205	171	376	<nil>
120	245	167	412	<nil>
120	239	150	389	<nil>
120	227	185	412	<nil>
120	263	150	413	<nil>
120	163	185	348	<nil>
120	236	176	412	<nil>
120	227	186	413	<nil>
120	221	179	400	<nil>
120	236	189	425	<nil>
120	282	140	422	<nil>
120	173	51	224	<nil>
120	239	182	421	<nil>
120	196	37	233	<nil>
120	245	169	414	<nil>
120	295	125	420	<nil>
120	284	136	420	<nil>
120	135	164	299	<nil>
120	218	184	402	<nil>
120	260	137	397	<nil>
120	236	200	436	<nil>
120	214	191	405	<nil>
120	285	124	409	<nil>
120	218	3	221	<nil>
120	212	10	222	<nil>
120	216	4	220	<nil>
120	136	154	290	<nil>
120	223	190	413	<nil>
120	261	153	414	<nil>
120	222	190	412	<nil>
120	226	212	438	<nil>
120	294	146	440	<nil>
120	163	129	292	<nil>
120	239	180	419	<nil>
120	236	182	418	<nil>
120	144	145	289	<nil>
120	243	146	389	<nil>
120	132	163	295	<nil>
120	298	145	443	<nil>
120	260	161	421	<nil>
120	163	134	297	<nil>
120	272	149	421	<nil>
120	162	133	295	<nil>
120	164	132	296	<nil>
120	133	162	295	<nil>
120	220	3	223	<nil>
120	239	183	422	<nil>
120	87	164	251	<nil>
120	277	116	393	<nil>
120	90	152	242	<nil>
120	186	35	221	<nil>
120	304	94	398	<nil>
120	161	137	298	<nil>
120	163	135	298	<nil>
120	236	176	412	<nil>
120	186	19	205	<nil>
120	258	173	431	<nil>
120	211	7	218	<nil>
120	204	11	215	<nil>
120	162	120	282	<nil>
120	214	1	215	<nil>
120	238	171	409	<nil>
120	217	8	225	<nil>
120	219	4	223	<nil>
120	221	2	223	<nil>
120	213	9	222	<nil>
120	176	2	178	<nil>
120	224	4	228	<nil>
120	221	4	225	<nil>
120	145	151	296	<nil>
120	148	158	306	<nil>
120	161	134	295	<nil>
120	220	4	224	<nil>
120	135	146	281	<nil>
120	198	11	209	<nil>
120	198	28	226	<nil>
120	223	53	276	<nil>
120	199	73	272	<nil>
120	199	99	298	<nil>
120	220	99	319	<nil>
120	199	98	297	<nil>
120	220	98	318	<nil>
120	221	98	319	<nil>
120	219	100	319	<nil>
120	220	98	318	<nil>
120	222	98	320	<nil>
120	200	98	298	<nil>
120	215	99	314	<nil>
120	221	99	320	<nil>
120	220	100	320	<nil>
120	227	99	326	<nil>
120	218	104	322	<nil>
120	199	98	297	<nil>
120	200	101	301	<nil>
120	222	107	329	<nil>
120	220	99	319	<nil>
120	199	108	307	<nil>
120	214	125	339	<nil>
120	164	141	305	<nil>
120	220	185	405	<nil>
120	218	185	403	<nil>
120	223	186	409	<nil>
120	214	186	400	<nil>
120	204	183	387	<nil>
120	198	186	384	<nil>
120	239	166	405	<nil>
120	226	158	384	<nil>
120	199	185	384	<nil>
120	257	153	410	<nil>
120	223	187	410	<nil>
120	217	193	410	<nil>
120	81	187	268	<nil>
120	276	134	410	<nil>
120	269	134	403	<nil>
120	82	187	269	<nil>
120	266	139	405	<nil>
120	111	184	295	<nil>
120	50	185	235	<nil>
120	66	186	252	<nil>
120	53	183	236	<nil>
120	64	186	250	<nil>
120	51	184	235	<nil>
120	53	183	236	<nil>
120	51	184	235	<nil>
120	120	186	306	<nil>
120	76	124	200	<nil>
120	111	186	297	<nil>
120	108	107	215	<nil>
120	41	183	224	<nil>
120	186	41	227	<nil>
120	200	42	242	<nil>
120	195	41	236	<nil>
120	184	41	225	<nil>
120	196	43	239	<nil>
120	181	43	224	<nil>
120	185	43	228	<nil>
120	196	43	239	<nil>
120	198	43	241	<nil>
120	197	43	240	<nil>
120	186	44	230	<nil>
120	196	44	240	<nil>
120	184	44	228	<nil>
120	185	45	230	<nil>
120	181	45	226	<nil>
120	183	44	227	<nil>
120	183	44	227	<nil>
120	183	44	227	<nil>
120	200	44	244	<nil>
120	184	45	229	<nil>
120	183	45	228	<nil>
120	183	45	228	<nil>
120	183	45	228	<nil>
120	183	45	228	<nil>
120	183	46	229	<nil>
120	186	45	231	<nil>
120	183	45	228	<nil>
120	183	389	572	<nil>
120	184	389	573	<nil>
120	182	390	572	<nil>
120	183	388	571	<nil>
120	204	364	568	<nil>
120	160	390	550	<nil>
120	182	386	568	<nil>
120	182	386	568	<nil>
120	181	386	567	<nil>
120	181	386	567	<nil>
120	182	386	568	<nil>
120	182	386	568	<nil>
120	183	390	573	<nil>
120	102	351	453	<nil>
120	183	391	574	<nil>
120	177	390	567	<nil>
120	219	350	569	<nil>
120	56	337	393	<nil>
120	134	358	492	<nil>
120	60	333	393	<nil>
120	57	337	394	<nil>
120	55	336	391	<nil>
120	195	361	556	<nil>
120	83	366	449	<nil>
120	98	351	449	<nil>
120	105	351	456	<nil>
120	105	350	455	<nil>
120	57	336	393	<nil>
120	82	361	443	<nil>
120	84	361	445	<nil>
120	46	341	387	<nil>
120	86	358	444	<nil>
120	95	350	445	<nil>
120	174	354	528	<nil>
120	223	359	582	<nil>
120	57	337	394	<nil>
120	102	354	456	<nil>
120	54	338	392	<nil>
120	98	351	449	<nil>
120	97	358	455	<nil>
120	55	335	390	<nil>
120	219	351	570	<nil>
120	56	338	394	<nil>
120	184	388	572	<nil>
120	203	358	561	<nil>
120	105	351	456	<nil>
120	131	350	481	<nil>
120	147	380	527	<nil>
120	101	354	455	<nil>
120	218	352	570	<nil>
120	183	387	570	<nil>
120	209	362	571	<nil>
120	220	350	570	<nil>
120	108	352	460	<nil>
120	60	336	396	<nil>
120	220	350	570	<nil>
120	209	352	561	<nil>
120	84	361	445	<nil>
120	89	351	440	<nil>
120	55	337	392	<nil>
120	93	361	454	<nil>
120	219	351	570	<nil>
120	202	350	552	<nil>
120	182	388	570	<nil>
120	50	341	391	<nil>
120	95	350	445	<nil>
120	182	388	570	<nil>
120	52	342	394	<nil>
120	52	342	394	<nil>
120	56	338	394	<nil>
120	58	336	394	<nil>
120	182	388	570	<nil>
120	209	361	570	<nil>
120	33	336	369	<nil>
120	59	337	396	<nil>
120	182	387	569	<nil>
120	47	337	384	<nil>
120	55	341	396	<nil>
120	175	388	563	<nil>
120	49	342	391	<nil>
120	188	388	576	<nil>
120	55	337	392	<nil>
120	97	352	449	<nil>
120	94	361	455	<nil>
120	56	335	391	<nil>
120	59	337	396	<nil>
120	182	388	570	<nil>
120	50	342	392	<nil>
120	58	336	394	<nil>
120	182	388	570	<nil>
120	57	336	393	<nil>
120	51	342	393	<nil>
120	53	342	395	<nil>
120	416	11	427	<nil>
120	430	12	442	<nil>
120	429	11	440	<nil>
120	421	12	433	<nil>
120	430	13	443	<nil>
120	429	11	440	<nil>
120	85	8	93	<nil>
120	85	23	108	<nil>
120	429	10	439	<nil>
120	85	28	113	<nil>
120	430	11	441	<nil>
120	427	13	440	<nil>
120	430	13	443	<nil>
120	87	12	99	<nil>
120	424	11	435	<nil>
120	428	11	439	<nil>
120	432	11	443	<nil>
120	415	13	428	<nil>
120	88	20	108	<nil>
120	95	6	101	<nil>
120	86	14	100	<nil>
120	86	14	100	<nil>
120	92	9	101	<nil>
120	426	18	444	<nil>
120	86	12	98	<nil>
120	85	10	95	<nil>
120	87	14	101	<nil>
120	430	13	443	<nil>
120	433	9	442	<nil>
120	83	23	106	<nil>
120	80	23	103	<nil>
120	89	27	116	<nil>
120	83	25	108	<nil>
120	433	35	468	<nil>
120	418	10	428	<nil>
120	433	15	448	<nil>
120	433	16	449	<nil>
120	433	16	449	<nil>
120	85	10	95	<nil>
120	95	25	120	<nil>
120	86	14	100	<nil>
120	429	18	447	<nil>
120	88	13	101	<nil>
120	434	17	451	<nil>
120	429	18	447	<nil>
120	86	15	101	<nil>
120	87	13	100	<nil>
120	95	19	114	<nil>
120	434	37	471	<nil>
120	87	11	98	<nil>
120	428	17	445	<nil>
120	88	34	122	<nil>
120	86	30	116	<nil>
120	90	27	117	<nil>
120	81	31	112	<nil>
120	84	30	114	<nil>
120	107	33	140	<nil>
120	110	126	236	<nil>
120	95	145	240	<nil>
120	114	128	242	<nil>
120	98	138	236	<nil>
120	105	132	237	<nil>
120	109	129	238	<nil>
120	108	130	238	<nil>
120	110	129	239	<nil>
120	102	137	239	<nil>
120	113	129	242	<nil>
120	92	149	241	<nil>
120	110	129	239	<nil>
120	111	133	244	<nil>
120	107	134	241	<nil>
120	114	131	245	<nil>
120	112	131	243	<nil>
120	111	132	243	<nil>
120	114	132	246	<nil>
120	105	132	237	<nil>
120	93	190	283	<nil>
120	103	196	299	<nil>
120	125	179	304	<nil>
120	100	201	301	<nil>
120	114	192	306	<nil>
120	119	188	307	<nil>
120	117	187	304	<nil>
120	121	184	305	<nil>
120	125	179	304	<nil>
120	125	178	303	<nil>
120	101	188	289	<nil>
120	128	179	307	<nil>
120	117	188	305	<nil>
120	125	177	302	<nil>
120	100	191	291	<nil>
120	110	192	302	<nil>
120	104	201	305	<nil>
120	125	179	304	<nil>
120	102	203	305	<nil>
120	116	187	303	<nil>
120	110	189	299	<nil>
120	125	179	304	<nil>
120	100	211	311	<nil>
120	101	202	303	<nil>
120	120	183	303	<nil>
120	110	203	313	<nil>
120	117	196	313	<nil>
120	118	195	313	<nil>
120	110	203	313	<nil>
120	103	210	313	<nil>
120	100	210	310	<nil>
120	112	192	304	<nil>
120	112	212	324	<nil>
120	121	203	324	<nil>
120	100	222	322	<nil>
120	111	212	323	<nil>
120	117	207	324	<nil>
120	181	44	225	<nil>
120	113	224	337	<nil>
120	112	238	350	<nil>
120	103	247	350	<nil>
120	188	51	239	<nil>
120	125	227	352	<nil>
120	188	51	239	<nil>
120	143	115	258	<nil>
120	111	243	354	<nil>
120	100	254	354	<nil>
120	112	238	350	<nil>
120	183	71	254	<nil>
120	186	50	236	<nil>
120	187	56	243	<nil>
120	208	56	264	<nil>
120	197	57	254	<nil>
120	197	50	247	<nil>
120	178	70	248	<nil>
120	193	66	259	<nil>
120	195	88	283	<nil>
120	189	169	358	<nil>
120	197	172	369	<nil>
120	190	178	368	<nil>
120	194	176	370	<nil>
120	214	156	370	<nil>
120	187	182	369	<nil>
120	209	164	373	<nil>
120	217	151	368	<nil>
120	229	151	380	<nil>
120	236	142	378	<nil>
120	232	149	381	<nil>
120	193	153	346	<nil>
120	222	158	380	<nil>
120	188	159	347	<nil>
120	222	157	379	<nil>
120	188	196	384	<nil>
120	214	166	380	<nil>
120	223	161	384	<nil>
120	227	157	384	<nil>
120	224	156	380	<nil>
120	216	164	380	<nil>
120	212	171	383	<nil>
120	227	158	385	<nil>
120	225	161	386	<nil>
120	268	116	384	<nil>
120	234	151	385	<nil>
120	209	159	368	<nil>
120	219	167	386	<nil>
120	257	128	385	<nil>
120	215	166	381	<nil>
120	222	163	385	<nil>
120	232	149	381	<nil>
120	213	167	380	<nil>
120	186	172	358	<nil>
120	258	122	380	<nil>
120	228	158	386	<nil>
120	195	156	351	<nil>
120	236	143	379	<nil>
120	210	164	374	<nil>
120	226	159	385	<nil>
120	223	161	384	<nil>
120	260	139	399	<nil>
120	161	156	317	<nil>
120	192	99	291	<nil>
120	126	170	296	<nil>
120	211	86	297	<nil>
120	216	78	294	<nil>
120	197	99	296	<nil>
120	217	78	295	<nil>
120	217	78	295	<nil>
120	97	202	299	<nil>
120	242	185	427	<nil>
120	196	99	295	<nil>
120	218	82	300	<nil>
120	119	184	303	<nil>
120	193	82	275	<nil>
120	114	185	299	<nil>
120	216	83	299	<nil>
120	98	231	329	<nil>
120	188	153	341	<nil>
120	215	142	357	<nil>
120	194	211	405	<nil>
120	168	185	353	<nil>
120	214	194	408	<nil>
120	162	196	358	<nil>
120	146	216	362	<nil>
120	160	198	358	<nil>
120	168	194	362	<nil>
120	167	197	364	<nil>
120	158	209	367	<nil>
120	197	146	343	<nil>
120	203	136	339	<nil>
120	186	153	339	<nil>
120	257	116	373	<nil>
120	173	192	365	<nil>
120	164	196	360	<nil>
120	212	161	373	<nil>
120	216	159	375	<nil>
120	218	171	389	<nil>
120	230	145	375	<nil>
120	230	144	374	<nil>
120	216	159	375	<nil>
120	229	144	373	<nil>
120	186	162	348	<nil>
120	212	161	373	<nil>
120	249	126	375	<nil>
120	210	174	384	<nil>
120	228	121	349	<nil>
120	202	161	363	<nil>
120	220	167	387	<nil>
120	151	179	330	<nil>
120	211	162	373	<nil>
120	189	196	385	<nil>
120	219	170	389	<nil>
120	227	139	366	<nil>
120	172	189	361	<nil>
120	200	162	362	<nil>
120	207	165	372	<nil>
120	210	175	385	<nil>
120	215	170	385	<nil>
120	210	174	384	<nil>
120	210	180	390	<nil>
120	158	174	332	<nil>
120	151	179	330	<nil>
120	212	178	390	<nil>
120	213	139	352	<nil>
120	211	174	385	<nil>
120	172	141	313	<nil>
120	243	142	385	<nil>
120	147	175	322	<nil>
120	207	149	356	<nil>
120	213	150	363	<nil>
120	168	200	368	<nil>
120	201	171	372	<nil>
120	194	157	351	<nil>
120	158	209	367	<nil>
120	154	203	357	<nil>
120	201	167	368	<nil>
120	140	279	419	<nil>
120	65	304	369	<nil>
120	110	304	414	<nil>
120	112	247	359	<nil>
120	141	211	352	<nil>
120	159	212	371	<nil>
120	153	206	359	<nil>
120	150	206	356	<nil>
120	149	179	328	<nil>
120	194	156	350	<nil>
120	150	208	358	<nil>
120	171	183	354	<nil>
120	193	158	351	<nil>
120	175	183	358	<nil>
120	172	158	330	<nil>
120	203	157	360	<nil>
120	191	186	377	<nil>
120	178	155	333	<nil>
120	190	187	377	<nil>
120	179	182	361	<nil>
120	181	181	362	<nil>
120	149	204	353	<nil>
120	177	161	338	<nil>
120	192	164	356	<nil>
120	193	162	355	<nil>
120	169	160	329	<nil>
120	195	161	356	<nil>
120	192	164	356	<nil>
120	194	163	357	<nil>
120	195	162	357	<nil>
120	167	162	329	<nil>
120	166	163	329	<nil>
120	176	170	346	<nil>
120	151	147	298	<nil>
120	190	178	368	<nil>
120	215	152	367	<nil>
120	195	173	368	<nil>
120	163	173	336	<nil>
120	168	201	369	<nil>
120	230	175	405	<nil>
120	153	221	374	<nil>
120	155	232	387	<nil>
120	217	232	449	<nil>
120	177	206	383	<nil>
120	155	232	387	<nil>
120	151	232	383	<nil>
120	173	231	404	<nil>
120	250	168	418	<nil>
120	215	187	402	<nil>
120	165	249	414	<nil>
120	166	237	403	<nil>
120	60	235	295	<nil>
120	139	182	321	<nil>
120	132	245	377	<nil>
120	186	134	320	<nil>
120	207	241	448	<nil>
120	111	249	360	<nil>
120	173	250	423	<nil>
120	165	239	404	<nil>
120	165	249	414	<nil>
120	158	247	405	<nil>
120	170	248	418	<nil>
120	174	242	416	<nil>
120	94	239	333	<nil>
120	173	249	422	<nil>
120	165	250	415	<nil>
120	164	138	302	<nil>
120	180	141	321	<nil>
120	165	145	310	<nil>
120	128	189	317	<nil>
120	128	567	695	<nil>
120	152	539	691	<nil>
120	153	542	695	<nil>
120	153	540	693	<nil>
120	128	573	701	<nil>
120	139	542	681	<nil>
120	154	540	694	<nil>
120	178	500	678	<nil>
120	122	482	604	<nil>
120	140	506	646	<nil>
120	139	506	645	<nil>
120	137	510	647	<nil>
120	150	506	656	<nil>
120	133	512	645	<nil>
120	146	506	652	<nil>
120	206	452	658	<nil>
120	135	468	603	<nil>
120	135	505	640	<nil>
120	131	508	639	<nil>
120	143	508	651	<nil>
120	168	509	677	<nil>
120	142	506	648	<nil>
120	145	506	651	<nil>
120	178	468	646	<nil>
120	184	468	652	<nil>
120	125	518	643	<nil>
120	133	509	642	<nil>
120	131	520	651	<nil>
120	139	507	646	<nil>
120	140	506	646	<nil>
120	150	543	693	<nil>
120	136	540	676	<nil>
120	152	451	603	<nil>
120	125	482	607	<nil>
120	140	507	647	<nil>
120	137	513	650	<nil>
120	129	518	647	<nil>
120	156	521	677	<nil>
120	136	518	654	<nil>
120	146	506	652	<nil>
120	151	527	678	<nil>
120	70	468	538	<nil>
120	121	468	589	<nil>
120	120	469	589	<nil>
120	140	506	646	<nil>
120	135	469	604	<nil>
120	150	528	678	<nil>
120	117	574	691	<nil>
120	58	486	544	<nil>
120	106	413	519	<nil>
120	88	411	499	<nil>
120	135	472	607	<nil>
120	177	472	649	<nil>
120	106	412	518	<nil>
120	106	413	519	<nil>
120	96	412	508	<nil>
120	106	413	519	<nil>
120	84	415	499	<nil>
120	72	472	544	<nil>
120	137	512	649	<nil>
120	98	413	511	<nil>
120	107	413	520	<nil>
120	89	439	528	<nil>
120	72	413	485	<nil>
120	91	438	529	<nil>
120	106	413	519	<nil>
120	106	413	519	<nil>
120	106	413	519	<nil>
120	73	468	541	<nil>
120	106	413	519	<nil>
120	89	416	505	<nil>
120	106	413	519	<nil>
120	112	407	519	<nil>
120	73	417	490	<nil>
120	88	416	504	<nil>
120	117	504	621	<nil>
120	89	506	595	<nil>
120	122	507	629	<nil>
120	49	492	541	<nil>
120	106	505	611	<nil>
120	111	504	615	<nil>
120	91	504	595	<nil>
120	93	507	600	<nil>
120	118	504	622	<nil>
120	95	509	604	<nil>
120	98	509	607	<nil>
120	114	510	624	<nil>
120	86	506	592	<nil>
120	70	471	541	<nil>
120	95	509	604	<nil>
120	434	142	576	<nil>
120	542	16	558	<nil>
120	527	32	559	<nil>
120	504	16	520	<nil>
120	527	30	557	<nil>
120	541	16	557	<nil>
120	522	30	552	<nil>
120	527	30	557	<nil>
120	528	29	557	<nil>
120	545	31	576	<nil>
120	541	16	557	<nil>
120	516	43	559	<nil>
120	527	31	558	<nil>
120	524	53	577	<nil>
120	533	43	576	<nil>
120	523	54	577	<nil>
120	523	44	567	<nil>
120	542	17	559	<nil>
120	546	31	577	<nil>
120	534	43	577	<nil>
120	141	19	160	<nil>
120	141	19	160	<nil>
120	142	19	161	<nil>
120	537	20	557	<nil>
120	137	17	154	<nil>
120	137	18	155	<nil>
120	137	18	155	<nil>
120	138	18	156	<nil>
120	137	18	155	<nil>
120	542	21	563	<nil>
120	542	21	563	<nil>
120	137	18	155	<nil>
120	137	18	155	<nil>
120	542	20	562	<nil>
120	137	18	155	<nil>
120	530	32	562	<nil>
120	542	21	563	<nil>
120	540	21	561	<nil>
120	529	30	559	<nil>
120	137	26	163	<nil>
120	142	25	167	<nil>
120	542	29	571	<nil>
120	150	16	166	<nil>
120	542	29	571	<nil>
120	141	25	166	<nil>
120	141	25	166	<nil>
120	142	24	166	<nil>
120	138	28	166	<nil>
120	141	24	165	<nil>
120	141	25	166	<nil>
120	150	16	166	<nil>
120	142	24	166	<nil>
120	149	17	166	<nil>
120	146	24	170	<nil>
120	141	25	166	<nil>
120	139	24	163	<nil>
120	142	24	166	<nil>
120	156	10	166	<nil>
120	154	12	166	<nil>
120	140	26	166	<nil>
120	143	23	166	<nil>
120	142	25	167	<nil>
120	141	25	166	<nil>
120	158	19	177	<nil>
120	157	19	176	<nil>
120	158	14	172	<nil>
120	149	23	172	<nil>
120	150	25	175	<nil>
120	149	27	176	<nil>
120	114	31	145	<nil>
120	145	53	198	<nil>
120	149	102	251	<nil>
120	152	112	264	<nil>
120	149	112	261	<nil>
120	149	102	251	<nil>
120	170	103	273	<nil>
120	150	111	261	<nil>
120	155	129	284	<nil>
120	152	136	288	<nil>
120	169	140	309	<nil>
120	156	133	289	<nil>
120	173	136	309	<nil>
120	161	149	310	<nil>
120	117	144	261	<nil>
120	176	139	315	<nil>
120	117	144	261	<nil>
120	69	146	215	<nil>
120	167	146	313	<nil>
120	97	164	261	<nil>
120	153	144	297	<nil>
120	145	152	297	<nil>
120	165	155	320	<nil>
120	167	150	317	<nil>
120	145	4	149	<nil>
120	45	143	188	<nil>
120	151	15	166	<nil>
120	150	7	157	<nil>
120	60	156	216	<nil>
120	60	156	216	<nil>
120	138	14	152	<nil>
120	57	160	217	<nil>
120	150	10	160	<nil>
120	146	14	160	<nil>
120	147	15	162	<nil>
120	155	2	157	<nil>
120	156	1	157	<nil>
120	142	13	155	<nil>
120	146	19	165	<nil>
120	96	18	114	<nil>
120	146	21	167	<nil>
120	141	19	160	<nil>
120	94	21	115	<nil>
120	137	21	158	<nil>
120	60	156	216	<nil>
120	135	190	325	<nil>
120	62	178	240	<nil>
120	133	40	173	<nil>
120	57	179	236	<nil>
120	115	174	289	<nil>
120	98	191	289	<nil>
120	152	171	323	<nil>
120	68	178	246	<nil>
120	130	58	188	<nil>
120	63	173	236	<nil>
120	152	172	324	<nil>
120	136	39	175	<nil>
120	138	186	324	<nil>
120	166	175	341	<nil>
120	138	41	179	<nil>
120	111	180	291	<nil>
120	59	179	238	<nil>
120	142	34	176	<nil>
120	149	185	334	<nil>
120	58	179	237	<nil>
120	144	33	177	<nil>
120	143	34	177	<nil>
120	143	34	177	<nil>
120	61	175	236	<nil>
120	137	34	171	<nil>
120	56	179	235	<nil>
120	172	170	342	<nil>
120	143	34	177	<nil>
120	142	34	176	<nil>
120	122	64	186	<nil>
120	69	176	245	<nil>
120	64	176	240	<nil>
120	131	174	305	<nil>
120	137	34	171	<nil>
120	130	41	171	<nil>
120	137	40	177	<nil>
120	169	173	342	<nil>
120	129	40	169	<nil>
120	143	44	187	<nil>
120	115	184	299	<nil>
120	168	20	188	<nil>
120	153	140	293	<nil>
120	152	145	297	<nil>
120	147	154	301	<nil>
120	155	186	341	<nil>
120	148	186	334	<nil>
120	124	191	315	<nil>
120	208	151	359	<nil>
120	203	150	353	<nil>
120	209	151	360	<nil>
120	168	151	319	<nil>
120	209	152	361	<nil>
120	209	152	361	<nil>
120	278	105	383	<nil>
120	297	86	383	<nil>
120	293	93	386	<nil>
120	291	87	378	<nil>
120	296	87	383	<nil>
120	297	86	383	<nil>
120	277	106	383	<nil>
120	290	87	377	<nil>
120	293	91	384	<nil>
120	290	87	377	<nil>
120	296	89	385	<nil>
120	271	106	377	<nil>
120	278	106	384	<nil>
120	287	91	378	<nil>
120	216	25	241	<nil>
120	210	47	257	<nil>
120	290	88	378	<nil>
120	290	90	380	<nil>
120	231	30	261	<nil>
120	289	89	378	<nil>
120	297	86	383	<nil>
120	297	87	384	<nil>
120	220	4	224	<nil>
120	288	87	375	<nil>
120	218	25	243	<nil>
120	192	46	238	<nil>
120	223	1	224	<nil>
120	229	25	254	<nil>
120	287	91	378	<nil>
120	241	14	255	<nil>
120	214	25	239	<nil>
120	269	25	294	<nil>
120	210	46	256	<nil>
120	222	25	247	<nil>
120	254	14	268	<nil>
120	297	87	384	<nil>
120	247	16	263	<nil>
120	295	88	383	<nil>
120	236	7	243	<nil>
120	236	6	242	<nil>
120	300	78	378	<nil>
120	272	2	274	<nil>
120	261	16	277	<nil>
120	281	13	294	<nil>
120	232	16	248	<nil>
120	219	25	244	<nil>
120	242	17	259	<nil>
120	221	1	222	<nil>
120	214	29	243	<nil>
120	178	17	195	<nil>
120	147	16	163	<nil>
120	211	29	240	<nil>
120	202	15	217	<nil>
120	259	45	304	<nil>
120	214	29	243	<nil>
120	291	2	293	<nil>
120	231	14	245	<nil>
120	276	4	280	<nil>
120	285	5	290	<nil>
120	215	25	240	<nil>
120	231	24	255	<nil>
120	276	5	281	<nil>
120	211	32	243	<nil>
120	236	26	262	<nil>
120	224	28	252	<nil>
120	275	30	305	<nil>
120	225	37	262	<nil>
120	228	142	370	<nil>
120	242	128	370	<nil>
120	263	130	393	<nil>
120	231	132	363	<nil>
120	286	155	441	<nil>
120	242	132	374	<nil>
120	242	139	381	<nil>
120	219	162	381	<nil>
120	296	139	435	<nil>
120	240	166	406	<nil>
120	314	139	453	<nil>
120	276	140	416	<nil>
120	282	141	423	<nil>
120	314	148	462	<nil>
120	352	150	502	<nil>
120	319	148	467	<nil>
120	323	149	472	<nil>
120	282	149	431	<nil>
120	283	149	432	<nil>
120	259	152	411	<nil>
120	278	134	412	<nil>
120	206	206	412	<nil>
120	48	188	236	<nil>
120	328	152	480	<nil>
120	258	176	434	<nil>
120	92	194	286	<nil>
120	263	151	414	<nil>
120	277	152	429	<nil>
120	112	190	302	<nil>
120	223	190	413	<nil>
120	242	170	412	<nil>
120	325	150	475	<nil>
120	240	171	411	<nil>
120	262	152	414	<nil>
120	260	152	412	<nil>
120	93	189	282	<nil>
120	282	152	434	<nil>
120	110	172	282	<nil>
120	240	195	435	<nil>
120	113	194	307	<nil>
120	105	160	265	<nil>
120	73	191	264	<nil>
120	65	168	233	<nil>
120	284	150	434	<nil>
120	73	192	265	<nil>
120	73	191	264	<nil>
120	356	152	508	<nil>
120	278	135	413	<nil>
120	73	192	265	<nil>
120	121	152	273	<nil>
120	224	190	414	<nil>
120	278	152	430	<nil>
120	47	191	238	<nil>
120	283	151	434	<nil>
120	314	152	466	<nil>
120	71	192	263	<nil>
120	187	50	237	<nil>
120	233	30	263	<nil>
120	269	28	297	<nil>
120	245	44	289	<nil>
120	248	40	288	<nil>
120	232	29	261	<nil>
120	243	45	288	<nil>
120	57	279	336	<nil>
120	228	55	283	<nil>
120	216	84	300	<nil>
120	244	85	329	<nil>
120	63	273	336	<nil>
120	205	53	258	<nil>
120	223	97	320	<nil>
120	217	96	313	<nil>
120	186	52	238	<nil>
120	231	118	349	<nil>
120	236	139	375	<nil>
120	233	140	373	<nil>
120	188	184	372	<nil>
120	216	150	366	<nil>
120	225	137	362	<nil>
120	245	155	400	<nil>
120	245	185	430	<nil>
120	260	170	430	<nil>
120	231	182	413	<nil>
120	214	194	408	<nil>
120	235	172	407	<nil>
120	217	239	456	<nil>
120	237	225	462	<nil>
120	236	229	465	<nil>
120	236	229	465	<nil>
120	231	233	464	<nil>
120	238	239	477	<nil>
120	369	113	482	<nil>
120	231	250	481	<nil>
120	342	129	471	<nil>
120	232	277	509	<nil>
120	249	27	276	<nil>
120	249	259	508	<nil>
120	52	27	79	<nil>
120	172	147	319	<nil>
120	266	57	323	<nil>
120	229	47	276	<nil>
120	257	253	510	<nil>
120	254	70	324	<nil>
120	264	1	265	<nil>
120	250	55	305	<nil>
120	236	273	509	<nil>
120	269	54	323	<nil>
120	254	23	277	<nil>
120	249	27	276	<nil>
120	250	27	277	<nil>
120	171	36	207	<nil>
120	113	211	324	<nil>
120	252	23	275	<nil>
120	181	29	210	<nil>
120	103	261	364	<nil>
120	172	39	211	<nil>
120	251	27	278	<nil>
120	108	1	109	<nil>
120	121	2	123	<nil>
120	178	25	203	<nil>
120	234	110	344	<nil>
120	238	40	278	<nil>
120	250	28	278	<nil>
120	231	278	509	<nil>
120	268	56	324	<nil>
120	283	2	285	<nil>
120	164	40	204	<nil>
120	179	25	204	<nil>
120	163	47	210	<nil>
120	256	109	365	<nil>
120	255	39	294	<nil>
120	168	38	206	<nil>
120	108	254	362	<nil>
120	94	207	301	<nil>
120	13	28	41	<nil>
120	94	30	124	<nil>
120	256	252	508	<nil>
120	116	161	277	<nil>
120	292	169	461	<nil>
120	235	279	514	<nil>
120	207	3	210	<nil>
120	106	2	108	<nil>
120	282	3	285	<nil>
120	152	4	156	<nil>
120	112	5	117	<nil>
120	166	2	168	<nil>
120	249	27	276	<nil>
120	105	5	110	<nil>
120	91	3	94	<nil>
120	282	3	285	<nil>
120	228	5	233	<nil>
120	250	27	277	<nil>
120	115	3	118	<nil>
120	231	48	279	<nil>
120	164	284	448	<nil>
120	256	264	520	<nil>
120	260	261	521	<nil>
120	245	275	520	<nil>
120	230	313	543	<nil>
120	190	223	413	<nil>
120	352	216	568	<nil>
120	351	216	567	<nil>
120	235	334	569	<nil>
120	401	170	571	<nil>
120	244	333	577	<nil>
120	295	222	517	<nil>
120	230	339	569	<nil>
120	221	336	557	<nil>
120	394	176	570	<nil>
120	212	324	536	<nil>
120	176	182	358	<nil>
120	296	239	535	<nil>
120	200	239	439	<nil>
120	167	260	427	<nil>
120	299	236	535	<nil>
120	292	275	567	<nil>
120	120	285	405	<nil>
120	335	240	575	<nil>
120	106	308	414	<nil>
120	176	184	360	<nil>
120	109	307	416	<nil>
120	232	191	423	<nil>
120	157	244	401	<nil>
120	97	322	419	<nil>
120	250	184	434	<nil>
120	97	318	415	<nil>
120	115	288	403	<nil>
120	271	133	404	<nil>
120	175	184	359	<nil>
120	196	162	358	<nil>
120	167	240	407	<nil>
120	265	138	403	<nil>
120	260	139	399	<nil>
120	175	185	360	<nil>
120	190	186	376	<nil>
120	218	185	403	<nil>
120	174	187	361	<nil>
120	243	160	403	<nil>
120	225	169	394	<nil>
120	439	135	574	<nil>
120	278	135	413	<nil>
120	447	156	603	<nil>
120	308	85	393	<nil>
120	357	136	493	<nil>
120	426	137	563	<nil>
120	254	82	336	<nil>
120	250	83	333	<nil>
120	442	55	497	<nil>
120	290	51	341	<nil>
120	259	50	309	<nil>
120	302	50	352	<nil>
120	251	52	303	<nil>
120	298	43	341	<nil>
120	274	39	313	<nil>
120	274	38	312	<nil>
120	268	44	312	<nil>
120	262	50	312	<nil>
120	253	75	328	<nil>
120	309	26	335	<nil>
120	278	55	333	<nil>
120	310	18	328	<nil>
120	305	21	326	<nil>
120	311	21	332	<nil>
120	317	16	333	<nil>
120	312	22	334	<nil>
120	305	23	328	<nil>
120	344	21	365	<nil>
120	262	19	281	<nil>
120	311	23	334	<nil>
120	274	54	328	<nil>
120	315	18	333	<nil>
120	304	30	334	<nil>
120	316	26	342	<nil>
120	273	64	337	<nil>
120	333	20	353	<nil>
120	326	37	363	<nil>
120	305	23	328	<nil>
120	355	23	378	<nil>
120	309	33	342	<nil>
120	333	11	344	<nil>
120	314	22	336	<nil>
120	331	22	353	<nil>
120	315	18	333	<nil>
120	310	31	341	<nil>
120	331	21	352	<nil>
120	335	20	355	<nil>
120	335	20	355	<nil>
120	323	30	353	<nil>
120	356	6	362	<nil>
120	335	20	355	<nil>
120	244	17	261	<nil>
120	340	19	359	<nil>
120	337	22	359	<nil>
120	316	45	361	<nil>
120	235	31	266	<nil>
120	331	26	357	<nil>
120	216	27	243	<nil>
120	331	36	367	<nil>
120	240	26	266	<nil>
120	329	36	365	<nil>
120	355	10	365	<nil>
120	241	27	268	<nil>
120	225	43	268	<nil>
120	289	26	315	<nil>
120	350	9	359	<nil>
120	206	26	232	<nil>
120	328	100	428	<nil>
120	354	123	477	<nil>
120	207	147	354	<nil>
120	327	143	470	<nil>
120	243	152	395	<nil>
120	303	160	463	<nil>
120	213	162	375	<nil>
120	199	177	376	<nil>
120	215	162	377	<nil>
120	199	178	377	<nil>
120	203	170	373	<nil>
120	234	145	379	<nil>
120	216	161	377	<nil>
120	337	156	493	<nil>
120	191	156	347	<nil>
120	216	157	373	<nil>
120	317	187	504	<nil>
120	200	171	371	<nil>
120	239	170	409	<nil>
120	333	169	502	<nil>
120	195	187	382	<nil>
120	201	187	388	<nil>
120	260	169	429	<nil>
120	334	171	505	<nil>
120	331	173	504	<nil>
120	185	174	359	<nil>
120	314	188	502	<nil>
120	291	187	478	<nil>
120	216	170	386	<nil>
120	208	174	382	<nil>
120	339	166	505	<nil>
120	214	174	388	<nil>
120	241	184	425	<nil>
120	186	188	374	<nil>
120	317	187	504	<nil>
120	221	204	425	<nil>
120	221	184	405	<nil>
120	212	188	400	<nil>
120	217	187	404	<nil>
120	351	171	522	<nil>
120	333	188	521	<nil>
120	236	223	459	<nil>
120	188	260	448	<nil>
120	354	241	595	<nil>
120	332	265	597	<nil>
120	203	280	483	<nil>
120	350	259	609	<nil>
120	171	296	467	<nil>
120	204	267	471	<nil>
120	169	303	472	<nil>
120	80	267	347	<nil>
120	83	284	367	<nil>
120	351	268	619	<nil>
120	105	241	346	<nil>
120	106	232	338	<nil>
120	106	233	339	<nil>
120	155	130	285	<nil>
120	91	269	360	<nil>
120	83	265	348	<nil>
120	168	152	320	<nil>
120	151	148	299	<nil>
120	172	77	249	<nil>
120	174	107	281	<nil>
120	178	55	233	<nil>
120	175	131	306	<nil>
120	74	265	339	<nil>
120	147	130	277	<nil>
120	81	237	318	<nil>
120	166	153	319	<nil>
120	81	244	325	<nil>
120	165	128	293	<nil>
120	80	239	319	<nil>
120	233	53	286	<nil>
120	162	88	250	<nil>
120	183	115	298	<nil>
120	155	134	289	<nil>
120	210	71	281	<nil>
120	201	84	285	<nil>
120	183	124	307	<nil>
120	193	92	285	<nil>
120	195	94	289	<nil>
120	201	84	285	<nil>
120	155	130	285	<nil>
120	204	85	289	<nil>
120	150	134	284	<nil>
120	161	146	307	<nil>
120	237	47	284	<nil>
120	155	124	279	<nil>
120	172	131	303	<nil>
120	199	84	283	<nil>
120	166	137	303	<nil>
120	145	138	283	<nil>
120	204	86	290	<nil>
120	218	71	289	<nil>
120	172	77	249	<nil>
120	213	69	282	<nil>
120	210	76	286	<nil>
120	194	87	281	<nil>
120	197	87	284	<nil>
120	156	115	271	<nil>
120	61	296	357	<nil>
120	161	148	309	<nil>
120	162	160	322	<nil>
120	137	130	267	<nil>
120	50	270	320	<nil>
120	181	74	255	<nil>
120	201	89	290	<nil>
120	149	141	290	<nil>
120	138	186	324	<nil>
120	178	133	311	<nil>
120	72	272	344	<nil>
120	197	175	372	<nil>
120	156	226	382	<nil>
120	156	227	383	<nil>
120	155	249	404	<nil>
120	160	245	405	<nil>
120	199	245	444	<nil>
120	73	253	326	<nil>
120	155	253	408	<nil>
120	192	211	403	<nil>
120	79	247	326	<nil>
120	143	211	354	<nil>
120	183	224	407	<nil>
120	128	153	281	<nil>
120	118	208	326	<nil>
120	135	168	303	<nil>
120	126	184	310	<nil>
120	125	159	284	<nil>
120	146	158	304	<nil>
120	110	206	316	<nil>
120	183	102	285	<nil>
120	119	183	302	<nil>
120	104	209	313	<nil>
120	146	154	300	<nil>
120	147	152	299	<nil>
120	257	43	300	<nil>
120	146	153	299	<nil>
120	148	153	301	<nil>
120	251	34	285	<nil>
120	132	170	302	<nil>
120	131	154	285	<nil>
120	156	158	314	<nil>
120	141	178	319	<nil>
120	182	61	243	<nil>
120	224	118	342	<nil>
120	230	98	328	<nil>
120	131	218	349	<nil>
120	153	108	261	<nil>
120	225	118	343	<nil>
120	174	61	235	<nil>
120	173	47	220	<nil>
120	204	49	253	<nil>
120	173	26	199	<nil>
120	155	188	343	<nil>
120	153	196	349	<nil>
120	171	56	227	<nil>
120	195	60	255	<nil>
120	167	62	229	<nil>
120	161	68	229	<nil>
120	203	140	343	<nil>
120	222	9	231	<nil>
120	170	66	236	<nil>
120	169	118	287	<nil>
120	177	24	201	<nil>
120	183	118	301	<nil>
120	183	118	301	<nil>
120	60	146	206	<nil>
120	167	72	239	<nil>
120	154	146	300	<nil>
120	146	148	294	<nil>
120	181	20	201	<nil>
120	223	14	237	<nil>
120	109	109	218	<nil>
120	125	181	306	<nil>
120	181	129	310	<nil>
120	154	189	343	<nil>
120	225	18	243	<nil>
120	107	168	275	<nil>
120	181	56	237	<nil>
120	227	14	241	<nil>
120	168	74	242	<nil>
120	168	10	178	<nil>
120	179	65	244	<nil>
120	173	62	235	<nil>
120	238	61	299	<nil>
120	168	67	235	<nil>
120	227	10	237	<nil>
120	197	136	333	<nil>
120	166	69	235	<nil>
120	85	195	280	<nil>
120	169	62	231	<nil>
120	178	57	235	<nil>
120	170	68	238	<nil>
120	167	69	236	<nil>
120	226	10	236	<nil>
120	226	15	241	<nil>
120	235	7	242	<nil>
120	78	147	225	<nil>
120	223	12	235	<nil>
120	225	13	238	<nil>
120	222	16	238	<nil>
120	78	152	230	<nil>
120	101	14	115	<nil>
120	171	74	245	<nil>
120	90	16	106	<nil>
120	139	74	213	<nil>
120	220	17	237	<nil>
120	132	196	328	<nil>
120	232	14	246	<nil>
120	230	15	245	<nil>
120	233	12	245	<nil>
120	228	19	247	<nil>
120	168	74	242	<nil>
120	156	18	174	<nil>
120	226	14	240	<nil>
120	230	14	244	<nil>
120	195	10	205	<nil>
120	229	14	243	<nil>
120	227	15	242	<nil>
120	227	15	242	<nil>
120	223	68	291	<nil>
120	239	61	300	<nil>
120	70	123	193	<nil>
120	80	114	194	<nil>
120	225	66	291	<nil>
120	227	64	291	<nil>
120	81	86	167	<nil>
120	227	64	291	<nil>
120	83	114	197	<nil>
120	173	155	328	<nil>
120	83	114	197	<nil>
120	104	92	196	<nil>
120	237	119	356	<nil>
120	88	114	202	<nil>
120	83	114	197	<nil>
120	59	115	174	<nil>
120	76	128	204	<nil>
120	60	128	188	<nil>
120	247	123	370	<nil>
120	244	123	367	<nil>
120	235	133	368	<nil>
120	79	130	209	<nil>
120	61	128	189	<nil>
120	76	92	168	<nil>
120	235	62	297	<nil>
120	228	93	321	<nil>
120	228	64	292	<nil>
120	84	113	197	<nil>
120	61	127	188	<nil>
120	71	129	200	<nil>
120	84	123	207	<nil>
120	828	19	847	<nil>
120	831	17	848	<nil>
120	840	23	863	<nil>
120	861	8	869	<nil>
120	843	10	853	<nil>
120	904	19	923	<nil>
120	789	55	844	<nil>
120	829	17	846	<nil>
120	828	19	847	<nil>
120	831	17	848	<nil>
120	828	19	847	<nil>
120	851	18	869	<nil>
120	787	58	845	<nil>
120	829	18	847	<nil>
120	831	17	848	<nil>
120	841	19	860	<nil>
120	848	19	867	<nil>
120	843	19	862	<nil>
120	878	46	924	<nil>
120	842	17	859	<nil>
120	804	56	860	<nil>
120	832	17	849	<nil>
120	845	13	858	<nil>
120	844	19	863	<nil>
120	789	57	846	<nil>
120	831	18	849	<nil>
120	840	12	852	<nil>
120	802	57	859	<nil>
120	844	11	855	<nil>
120	845	11	856	<nil>
120	815	44	859	<nil>
120	922	8	930	<nil>
120	845	11	856	<nil>
120	855	12	867	<nil>
120	848	7	855	<nil>
120	904	20	924	<nil>
120	846	13	859	<nil>
120	844	14	858	<nil>
120	847	11	858	<nil>
120	844	14	858	<nil>
120	843	13	856	<nil>
120	843	18	861	<nil>
120	848	25	873	<nil>
120	859	14	873	<nil>
120	848	26	874	<nil>
120	849	26	875	<nil>
120	90	15	105	<nil>
120	865	10	875	<nil>
120	874	9	883	<nil>
120	864	27	891	<nil>
120	860	27	887	<nil>
120	840	35	875	<nil>
120	865	14	879	<nil>
120	839	37	876	<nil>
120	851	24	875	<nil>
120	865	10	875	<nil>
120	854	15	869	<nil>
120	860	12	872	<nil>
120	847	25	872	<nil>
120	852	21	873	<nil>
120	854	24	878	<nil>
120	860	31	891	<nil>
120	849	28	877	<nil>
120	849	27	876	<nil>
120	848	27	875	<nil>
120	867	20	887	<nil>
120	873	14	887	<nil>
120	862	19	881	<nil>
120	98	13	111	<nil>
120	840	17	857	<nil>
120	847	12	859	<nil>
120	838	16	854	<nil>
120	867	19	886	<nil>
120	843	13	856	<nil>
120	888	59	947	<nil>
120	881	60	941	<nil>
120	104	66	170	<nil>
120	106	59	165	<nil>
120	887	60	947	<nil>
120	874	73	947	<nil>
120	875	70	945	<nil>
120	846	13	859	<nil>
120	837	22	859	<nil>
120	861	25	886	<nil>
120	848	27	875	<nil>
120	85	97	182	<nil>
120	873	100	973	<nil>
120	872	100	972	<nil>
120	869	100	969	<nil>
120	869	100	969	<nil>
120	865	100	965	<nil>
120	867	100	967	<nil>
120	867	100	967	<nil>
120	753	100	853	<nil>
120	97	112	209	<nil>
120	99	157	256	<nil>
120	96	165	261	<nil>
120	92	171	263	<nil>
120	876	162	1038	<nil>
120	99	163	262	<nil>
120	99	162	261	<nil>
120	95	163	258	<nil>
120	123	139	262	<nil>
120	99	164	263	<nil>
120	99	162	261	<nil>
120	99	164	263	<nil>
120	99	164	263	<nil>
120	91	171	262	<nil>
120	100	163	263	<nil>
120	103	168	271	<nil>
120	95	168	263	<nil>
120	98	164	262	<nil>
120	136	43	179	<nil>
120	146	37	183	<nil>
120	99	198	297	<nil>
120	148	43	191	<nil>
120	148	39	187	<nil>
120	163	24	187	<nil>
120	150	55	205	<nil>
120	165	23	188	<nil>
120	170	19	189	<nil>
120	157	30	187	<nil>
120	165	23	188	<nil>
120	149	39	188	<nil>
120	169	29	198	<nil>
120	98	201	299	<nil>
120	149	40	189	<nil>
120	134	56	190	<nil>
120	159	30	189	<nil>
120	165	23	188	<nil>
120	166	43	209	<nil>
120	169	20	189	<nil>
120	111	191	302	<nil>
120	162	49	211	<nil>
120	97	210	307	<nil>
120	154	51	205	<nil>
120	149	49	198	<nil>
120	93	207	300	<nil>
120	162	50	212	<nil>
120	149	48	197	<nil>
120	149	48	197	<nil>
120	147	50	197	<nil>
120	150	50	200	<nil>
120	180	40	220	<nil>
120	133	68	201	<nil>
120	134	42	176	<nil>
120	99	211	310	<nil>
120	16	208	224	<nil>
120	144	25	169	<nil>
120	164	38	202	<nil>
120	187	13	200	<nil>
120	18	207	225	<nil>
120	167	37	204	<nil>
120	170	11	181	<nil>
120	182	37	219	<nil>
120	166	36	202	<nil>
120	174	33	207	<nil>
120	174	43	217	<nil>
120	197	96	293	<nil>
120	101	193	294	<nil>
120	175	24	199	<nil>
120	183	17	200	<nil>
120	171	13	184	<nil>
120	146	50	196	<nil>
120	190	25	215	<nil>
120	191	97	288	<nil>
120	206	110	316	<nil>
120	180	132	312	<nil>
120	197	124	321	<nil>
120	222	102	324	<nil>
120	208	152	360	<nil>
120	184	174	358	<nil>
120	196	167	363	<nil>
120	194	192	386	<nil>
120	194	179	373	<nil>
120	182	188	370	<nil>
120	197	177	374	<nil>
120	191	187	378	<nil>
120	177	196	373	<nil>
120	183	193	376	<nil>
120	210	185	395	<nil>
120	205	173	378	<nil>
120	204	176	380	<nil>
120	179	199	378	<nil>
120	100	191	291	<nil>
120	109	191	300	<nil>
120	193	185	378	<nil>
120	202	194	396	<nil>
120	196	202	398	<nil>
120	104	188	292	<nil>
120	195	185	380	<nil>
120	201	197	398	<nil>
120	105	187	292	<nil>
120	87	213	300	<nil>
120	99	215	314	<nil>
120	198	212	410	<nil>
120	96	209	305	<nil>
120	104	214	318	<nil>
120	114	200	314	<nil>
120	104	196	300	<nil>
120	196	214	410	<nil>
120	85	214	299	<nil>
120	103	201	304	<nil>
120	85	215	300	<nil>
120	197	201	398	<nil>
120	102	234	336	<nil>
120	115	235	350	<nil>
120	120	204	324	<nil>
120	117	223	340	<nil>
120	88	248	336	<nil>
120	40	234	274	<nil>
120	72	246	318	<nil>
120	27	244	271	<nil>
120	95	208	303	<nil>
120	127	156	283	<nil>
120	183	84	267	<nil>
120	206	83	289	<nil>
120	155	140	295	<nil>
120	180	83	263	<nil>
120	195	96	291	<nil>
120	107	234	341	<nil>
120	204	47	251	<nil>
120	179	85	264	<nil>
120	125	224	349	<nil>
120	226	58	284	<nil>
120	219	47	266	<nil>
120	226	52	278	<nil>
120	164	111	275	<nil>
120	115	235	350	<nil>
120	195	111	306	<nil>
120	183	138	321	<nil>
120	226	88	314	<nil>
120	195	138	333	<nil>
120	172	139	311	<nil>
120	210	94	304	<nil>
120	214	104	318	<nil>
120	214	151	365	<nil>
120	209	153	362	<nil>
120	193	177	370	<nil>
120	207	163	370	<nil>
120	196	177	373	<nil>
120	242	156	398	<nil>
120	198	182	380	<nil>
120	232	143	375	<nil>
120	260	114	374	<nil>
120	186	162	348	<nil>
120	216	153	369	<nil>
120	209	171	380	<nil>
120	216	157	373	<nil>
120	219	155	374	<nil>
120	189	150	339	<nil>
120	217	153	370	<nil>
120	219	159	378	<nil>
120	180	167	347	<nil>
120	236	144	380	<nil>
120	220	161	381	<nil>
120	204	161	365	<nil>
120	225	157	382	<nil>
120	219	162	381	<nil>
120	212	164	376	<nil>
120	185	163	348	<nil>
120	186	162	348	<nil>
120	212	161	373	<nil>
120	206	163	369	<nil>
120	198	160	358	<nil>
120	216	169	385	<nil>
120	267	91	358	<nil>
120	260	126	386	<nil>
120	262	95	357	<nil>
120	213	142	355	<nil>
120	296	95	391	<nil>
120	213	145	358	<nil>
120	267	98	365	<nil>
120	217	148	365	<nil>
120	216	171	387	<nil>
120	253	113	366	<nil>
120	238	127	365	<nil>
120	227	138	365	<nil>
120	268	98	366	<nil>
120	267	98	365	<nil>
120	290	70	360	<nil>
120	103	155	258	<nil>
120	238	130	368	<nil>
120	129	153	282	<nil>
120	115	173	288	<nil>
120	252	130	382	<nil>
120	216	166	382	<nil>
120	220	168	388	<nil>
120	132	173	305	<nil>
120	104	258	362	<nil>
120	177	169	346	<nil>
120	182	172	354	<nil>
120	172	169	341	<nil>
120	84	261	345	<nil>
120	154	157	311	<nil>
120	139	213	352	<nil>
120	109	206	315	<nil>
120	112	202	314	<nil>
120	157	154	311	<nil>
120	163	179	342	<nil>
120	165	178	343	<nil>
120	142	180	322	<nil>
120	148	164	312	<nil>
120	83	231	314	<nil>
120	163	179	342	<nil>
120	163	179	342	<nil>
120	81	271	352	<nil>
120	163	182	345	<nil>
120	163	180	343	<nil>
120	164	179	343	<nil>
120	158	165	323	<nil>
120	158	166	324	<nil>
120	160	167	327	<nil>
120	162	165	327	<nil>
120	162	165	327	<nil>
120	166	178	344	<nil>
120	128	152	280	<nil>
120	124	147	271	<nil>
120	163	151	314	<nil>
120	202	132	334	<nil>
120	158	173	331	<nil>
120	144	151	295	<nil>
120	181	160	341	<nil>
120	134	156	290	<nil>
120	130	180	310	<nil>
120	185	182	367	<nil>
120	128	181	309	<nil>
120	180	220	400	<nil>
120	181	226	407	<nil>
120	181	229	410	<nil>
120	141	228	369	<nil>
120	145	225	370	<nil>
120	107	225	332	<nil>
120	100	229	329	<nil>
120	149	223	372	<nil>
120	148	224	372	<nil>
120	185	224	409	<nil>
120	81	224	305	<nil>
120	127	224	351	<nil>
120	148	224	372	<nil>
120	99	235	334	<nil>
120	119	232	351	<nil>
120	111	223	334	<nil>
120	116	232	348	<nil>
120	108	225	333	<nil>
120	104	231	335	<nil>
120	148	225	373	<nil>
120	135	115	250	<nil>
120	40	232	272	<nil>
120	60	201	261	<nil>
120	73	235	308	<nil>
120	94	197	291	<nil>
120	149	240	389	<nil>
120	56	241	297	<nil>
120	65	203	268	<nil>
120	36	241	277	<nil>
120	83	242	325	<nil>
120	136	117	253	<nil>
120	28	240	268	<nil>
120	135	94	229	<nil>
120	151	92	243	<nil>
120	81	17	98	<nil>
120	132	125	257	<nil>
120	158	93	251	<nil>
120	134	125	259	<nil>
120	161	94	255	<nil>
120	93	26	119	<nil>
120	123	120	243	<nil>
120	37	98	135	<nil>
120	130	100	230	<nil>
120	179	76	255	<nil>
120	162	94	256	<nil>
120	85	14	99	<nil>
120	76	76	152	<nil>
120	137	121	258	<nil>
120	142	101	243	<nil>
120	155	99	254	<nil>
120	142	104	246	<nil>
120	73	24	97	<nil>
120	175	56	231	<nil>
120	136	119	255	<nil>
120	150	240	390	<nil>
120	94	13	107	<nil>
120	126	103	229	<nil>
120	136	122	258	<nil>
120	85	15	100	<nil>
120	65	13	78	<nil>
120	85	16	101	<nil>
120	84	16	100	<nil>
120	86	15	101	<nil>
120	134	96	230	<nil>
120	42	99	141	<nil>
120	133	124	257	<nil>
120	98	100	198	<nil>
120	83	106	189	<nil>
120	95	9	104	<nil>
120	150	251	401	<nil>
120	151	102	253	<nil>
120	83	33	116	<nil>
120	179	85	264	<nil>
120	85	21	106	<nil>
120	89	103	192	<nil>
120	162	104	266	<nil>
120	63	21	84	<nil>
120	61	23	84	<nil>
120	86	21	107	<nil>
120	151	104	255	<nil>
120	80	104	184	<nil>
120	86	22	108	<nil>
120	161	106	267	<nil>
120	86	23	109	<nil>
120	161	106	267	<nil>
120	83	55	138	<nil>
120	74	36	110	<nil>
120	162	107	269	<nil>
120	107	111	218	<nil>
120	137	133	270	<nil>
120	63	24	87	<nil>
120	130	105	235	<nil>
120	126	132	258	<nil>
120	89	36	125	<nil>
120	74	35	109	<nil>
120	122	135	257	<nil>
120	161	110	271	<nil>
120	135	111	246	<nil>
120	81	242	323	<nil>
120	86	42	128	<nil>
120	83	33	116	<nil>
120	112	113	225	<nil>
120	137	139	276	<nil>
120	152	113	265	<nil>
120	85	33	118	<nil>
120	125	122	247	<nil>
120	128	265	393	<nil>
120	84	65	149	<nil>
120	150	116	266	<nil>
120	62	32	94	<nil>
120	82	33	115	<nil>
120	64	33	97	<nil>
120	74	45	119	<nil>
120	162	115	277	<nil>
120	163	116	279	<nil>
120	462	5	467	<nil>
120	445	8	453	<nil>
120	504	8	512	<nil>
120	472	16	488	<nil>
120	466	13	479	<nil>
120	450	13	463	<nil>
120	445	17	462	<nil>
120	507	18	525	<nil>
120	492	21	513	<nil>
120	511	7	518	<nil>
120	470	13	483	<nil>
120	455	13	468	<nil>
120	442	18	460	<nil>
120	450	18	468	<nil>
120	484	14	498	<nil>
120	464	16	480	<nil>
120	481	18	499	<nil>
120	451	13	464	<nil>
120	449	13	462	<nil>
120	446	13	459	<nil>
120	480	15	495	<nil>
120	451	18	469	<nil>
120	466	16	482	<nil>
120	453	14	467	<nil>
120	477	17	494	<nil>
120	443	17	460	<nil>
120	463	17	480	<nil>
120	477	18	495	<nil>
120	450	19	469	<nil>
120	445	17	462	<nil>
120	445	18	463	<nil>
120	463	18	481	<nil>
120	496	15	511	<nil>
120	452	18	470	<nil>
120	468	15	483	<nil>
120	462	18	480	<nil>
120	432	18	450	<nil>
120	462	19	481	<nil>
120	461	8	469	<nil>
120	469	4	473	<nil>
120	458	7	465	<nil>
120	476	17	493	<nil>
120	471	9	480	<nil>
120	471	8	479	<nil>
120	471	27	498	<nil>
120	469	15	484	<nil>
120	483	29	512	<nil>
120	452	33	485	<nil>
120	475	40	515	<nil>
120	470	41	511	<nil>
120	470	40	510	<nil>
120	498	71	569	<nil>
120	472	71	543	<nil>
120	478	69	547	<nil>
120	471	74	545	<nil>
120	468	71	539	<nil>
120	468	70	538	<nil>
120	476	71	547	<nil>
120	468	70	538	<nil>
120	472	73	545	<nil>
120	496	71	567	<nil>
120	491	76	567	<nil>
120	474	71	545	<nil>
120	483	75	558	<nil>
120	470	86	556	<nil>
120	479	72	551	<nil>
120	461	99	560	<nil>
120	487	96	583	<nil>
120	472	85	557	<nil>
120	472	122	594	<nil>
120	461	135	596	<nil>
120	469	134	603	<nil>
120	473	137	610	<nil>
120	479	141	620	<nil>
120	451	138	589	<nil>
120	471	132	603	<nil>
120	467	138	605	<nil>
120	464	133	597	<nil>
120	467	138	605	<nil>
120	489	129	618	<nil>
120	468	151	619	<nil>
120	474	149	623	<nil>
120	467	148	615	<nil>
120	456	145	601	<nil>
120	455	154	609	<nil>
120	464	147	611	<nil>
120	473	150	623	<nil>
120	472	144	616	<nil>
120	468	150	618	<nil>
120	455	145	600	<nil>
120	471	148	619	<nil>
120	469	150	619	<nil>
120	454	146	600	<nil>
120	474	146	620	<nil>
120	455	152	607	<nil>
120	455	160	615	<nil>
120	456	159	615	<nil>
120	454	154	608	<nil>
120	461	154	615	<nil>
120	464	153	617	<nil>
120	447	161	608	<nil>
120	449	162	611	<nil>
120	441	165	606	<nil>
120	449	159	608	<nil>
120	453	154	607	<nil>
120	448	164	612	<nil>
120	458	198	656	<nil>
120	448	220	668	<nil>
120	464	220	684	<nil>
120	464	222	686	<nil>
120	451	230	681	<nil>
120	455	228	683	<nil>
120	123	109	232	<nil>
120	461	231	692	<nil>
120	461	232	693	<nil>
120	94	149	243	<nil>
120	457	233	690	<nil>
120	455	230	685	<nil>
120	461	232	693	<nil>
120	463	230	693	<nil>
120	124	112	236	<nil>
120	458	235	693	<nil>
120	458	235	693	<nil>
120	128	111	239	<nil>
120	128	116	244	<nil>
120	109	143	252	<nil>
120	119	115	234	<nil>
120	122	116	238	<nil>
120	131	112	243	<nil>
120	122	122	244	<nil>
120	128	118	246	<nil>
120	122	122	244	<nil>
120	139	106	245	<nil>
120	127	117	244	<nil>
120	120	123	243	<nil>
120	124	185	309	<nil>
120	121	188	309	<nil>
120	127	184	311	<nil>
120	128	184	312	<nil>
120	125	186	311	<nil>
120	122	193	315	<nil>
120	117	195	312	<nil>
120	122	190	312	<nil>
120	121	195	316	<nil>
120	120	199	319	<nil>
120	124	193	317	<nil>
120	121	190	311	<nil>
120	126	194	320	<nil>
120	123	202	325	<nil>
120	125	199	324	<nil>
120	120	203	323	<nil>
120	143	191	334	<nil>
120	123	204	327	<nil>
120	117	208	325	<nil>
120	126	208	334	<nil>
120	103	202	305	<nil>
120	124	213	337	<nil>
120	103	201	304	<nil>
120	140	199	339	<nil>
120	137	203	340	<nil>
120	138	201	339	<nil>
120	142	198	340	<nil>
120	138	199	337	<nil>
120	119	218	337	<nil>
120	96	223	319	<nil>
120	90	233	323	<nil>
120	81	224	305	<nil>
120	81	228	309	<nil>
120	86	235	321	<nil>
120	121	233	354	<nil>
120	82	234	316	<nil>
120	73	223	296	<nil>
120	92	258	350	<nil>
120	78	277	355	<nil>
120	72	274	346	<nil>
120	78	278	356	<nil>
120	74	303	377	<nil>
120	72	303	375	<nil>
120	71	303	374	<nil>
120	46	303	349	<nil>
120	95	237	332	<nil>
120	107	232	339	<nil>
120	104	239	343	<nil>
120	85	233	318	<nil>
120	78	309	387	<nil>
120	84	234	318	<nil>
120	75	303	378	<nil>
120	101	238	339	<nil>
120	65	316	381	<nil>
120	58	311	369	<nil>
120	85	294	379	<nil>
120	74	313	387	<nil>
120	80	235	315	<nil>
120	87	233	320	<nil>
120	85	232	317	<nil>
120	92	221	313	<nil>
120	119	205	324	<nil>
120	76	231	307	<nil>
120	75	241	316	<nil>
120	106	221	327	<nil>
120	104	239	343	<nil>
120	98	239	337	<nil>
120	123	209	332	<nil>
120	118	258	376	<nil>
120	108	261	369	<nil>
120	106	276	382	<nil>
120	105	268	373	<nil>
120	117	294	411	<nil>
120	84	310	394	<nil>
120	106	297	403	<nil>
120	104	296	400	<nil>
120	85	308	393	<nil>
120	92	313	405	<nil>
120	91	314	405	<nil>
120	109	308	417	<nil>
120	78	313	391	<nil>
120	89	318	407	<nil>
120	103	305	408	<nil>
120	104	304	408	<nil>
120	102	297	399	<nil>
120	106	298	404	<nil>
120	84	319	403	<nil>
120	92	300	392	<nil>
120	61	295	356	<nil>
120	109	318	427	<nil>
120	97	309	406	<nil>
120	113	290	403	<nil>
120	84	266	350	<nil>
120	26	332	358	<nil>
120	82	266	348	<nil>
120	35	332	367	<nil>
120	86	310	396	<nil>
120	104	280	384	<nil>
120	105	280	385	<nil>
120	114	293	407	<nil>
120	135	272	407	<nil>
120	104	302	406	<nil>
120	106	302	408	<nil>
120	100	307	407	<nil>
120	136	279	415	<nil>
120	99	311	410	<nil>
120	87	314	401	<nil>
120	107	299	406	<nil>
120	133	282	415	<nil>
120	136	271	407	<nil>
120	85	304	389	<nil>
120	90	321	411	<nil>
120	104	317	421	<nil>
120	94	323	417	<nil>
120	68	335	403	<nil>
120	77	335	412	<nil>
120	72	332	404	<nil>
120	81	323	404	<nil>
120	117	311	428	<nil>
120	61	313	374	<nil>
120	54	322	376	<nil>
120	73	346	419	<nil>
120	63	322	385	<nil>
120	70	314	384	<nil>
120	57	325	382	<nil>
120	41	322	363	<nil>
120	46	322	368	<nil>
120	48	325	373	<nil>
120	98	285	383	<nil>
120	98	294	392	<nil>
120	123	285	408	<nil>
120	123	285	408	<nil>
120	121	286	407	<nil>
140	124	289	413	<nil>
140	78	289	367	<nil>
140	112	298	410	<nil>
140	117	299	416	<nil>
140	100	301	401	<nil>
140	98	301	399	<nil>
140	114	301	415	<nil>
140	96	344	440	<nil>
140	99	345	444	<nil>
140	114	344	458	<nil>
140	84	345	429	<nil>
140	138	336	474	<nil>
140	128	353	481	<nil>
140	153	329	482	<nil>
140	105	373	478	<nil>
140	81	323	404	<nil>
140	82	381	463	<nil>
140	51	378	429	<nil>
140	47	382	429	<nil>
140	79	323	402	<nil>
140	123	379	502	<nil>
140	63	383	446	<nil>
140	104	381	485	<nil>
140	109	370	479	<nil>
140	52	380	432	<nil>
140	47	385	432	<nil>
140	82	379	461	<nil>
140	87	381	468	<nil>
140	80	326	406	<nil>
140	103	382	485	<nil>
140	77	325	402	<nil>
140	90	307	397	<nil>
140	86	313	399	<nil>
140	73	312	385	<nil>
140	124	385	509	<nil>
140	88	303	391	<nil>
140	91	308	399	<nil>
140	91	308	399	<nil>
140	86	304	390	<nil>
140	93	310	403	<nil>
140	92	306	398	<nil>
140	90	306	396	<nil>
140	113	300	413	<nil>
140	115	301	416	<nil>
140	111	300	411	<nil>
140	99	314	413	<nil>
140	91	301	392	<nil>
140	94	301	395	<nil>
140	112	301	413	<nil>
140	112	332	444	<nil>
140	87	313	400	<nil>
140	114	359	473	<nil>
140	40	389	429	<nil>
140	54	395	449	<nil>
140	66	403	469	<nil>
140	22	398	420	<nil>
140	43	402	445	<nil>
140	64	397	461	<nil>
140	41	398	439	<nil>
140	80	335	415	<nil>
140	65	344	409	<nil>
140	75	341	416	<nil>
140	74	335	409	<nil>
140	82	327	409	<nil>
140	76	341	417	<nil>
140	66	366	432	<nil>
140	83	332	415	<nil>
140	80	347	427	<nil>
140	80	346	426	<nil>
140	80	346	426	<nil>
140	73	344	417	<nil>
140	72	344	416	<nil>
140	72	353	425	<nil>
140	40	342	382	<nil>
140	81	338	419	<nil>
140	46	340	386	<nil>
140	81	327	408	<nil>
140	73	344	417	<nil>
140	82	326	408	<nil>
140	93	331	424	<nil>
140	66	308	374	<nil>
140	70	329	399	<nil>
140	46	343	389	<nil>
140	82	343	425	<nil>
140	36	333	369	<nil>
140	54	269	323	<nil>
140	104	219	323	<nil>
140	92	252	344	<nil>
140	68	268	336	<nil>
140	87	239	326	<nil>
140	69	257	326	<nil>
140	106	223	329	<nil>
140	42	327	369	<nil>
140	36	266	302	<nil>
140	34	340	374	<nil>
140	33	340	373	<nil>
140	33	356	389	<nil>
140	70	291	361	<nil>
140	79	290	369	<nil>
140	72	290	362	<nil>
140	79	291	370	<nil>
140	79	290	369	<nil>
140	82	292	374	<nil>
140	50	306	356	<nil>
140	39	331	370	<nil>
140	72	311	383	<nil>
140	78	292	370	<nil>
140	69	275	344	<nil>
140	66	276	342	<nil>
140	57	276	333	<nil>
140	79	258	337	<nil>
140	48	356	404	<nil>
140	74	263	337	<nil>
140	91	276	367	<nil>
140	31	408	439	<nil>
140	68	408	476	<nil>
140	89	362	451	<nil>
140	91	372	463	<nil>
140	99	352	451	<nil>
140	115	351	466	<nil>
140	112	355	467	<nil>
140	110	352	462	<nil>
140	112	354	466	<nil>
140	111	356	467	<nil>
140	114	364	478	<nil>
140	129	349	478	<nil>
140	130	350	480	<nil>
140	42	356	398	<nil>
140	79	347	426	<nil>
140	116	358	474	<nil>
140	129	348	477	<nil>
140	98	364	462	<nil>
140	134	344	478	<nil>
140	130	348	478	<nil>
140	114	347	461	<nil>
140	69	348	417	<nil>
140	42	347	389	<nil>
140	119	347	466	<nil>
140	134	344	478	<nil>
140	114	364	478	<nil>
140	114	365	479	<nil>
140	131	348	479	<nil>
140	115	364	479	<nil>
140	131	347	478	<nil>
140	114	364	478	<nil>
140	111	356	467	<nil>
140	71	348	419	<nil>
140	112	355	467	<nil>
140	47	355	402	<nil>
140	45	357	402	<nil>
140	91	381	472	<nil>
140	102	279	381	<nil>
140	108	286	394	<nil>
140	108	286	394	<nil>
140	55	377	432	<nil>
140	45	378	423	<nil>
140	103	356	459	<nil>
140	103	370	473	<nil>
140	109	359	468	<nil>
140	113	360	473	<nil>
140	113	360	473	<nil>
140	112	362	474	<nil>
140	114	360	474	<nil>
140	114	389	503	<nil>
140	115	389	504	<nil>
140	113	390	503	<nil>
140	113	390	503	<nil>
140	111	390	501	<nil>
140	76	392	468	<nil>
140	114	392	506	<nil>
140	141	363	504	<nil>
140	145	359	504	<nil>
140	310	196	506	<nil>
140	119	364	483	<nil>
140	152	356	508	<nil>
140	285	198	483	<nil>
140	191	307	498	<nil>
140	111	361	472	<nil>
140	161	339	500	<nil>
140	103	392	495	<nil>
140	139	366	505	<nil>
140	147	398	545	<nil>
140	79	401	480	<nil>
140	126	435	561	<nil>
140	136	437	573	<nil>
140	110	433	543	<nil>
140	84	440	524	<nil>
140	262	317	579	<nil>
140	109	431	540	<nil>
140	102	433	535	<nil>
140	90	451	541	<nil>
140	199	265	464	<nil>
140	233	231	464	<nil>
140	192	256	448	<nil>
140	61	445	506	<nil>
140	234	230	464	<nil>
140	181	255	436	<nil>
140	209	272	481	<nil>
140	103	377	480	<nil>
140	47	419	466	<nil>
140	222	243	465	<nil>
140	232	234	466	<nil>
140	224	239	463	<nil>
140	43	437	480	<nil>
140	207	272	479	<nil>
140	221	247	468	<nil>
140	227	238	465	<nil>
140	37	442	479	<nil>
140	209	258	467	<nil>
140	232	235	467	<nil>
140	231	236	467	<nil>
140	227	240	467	<nil>
140	234	233	467	<nil>
140	45	448	493	<nil>
140	185	252	437	<nil>
140	222	231	453	<nil>
140	178	281	459	<nil>
140	184	269	453	<nil>
140	232	330	562	<nil>
140	187	330	517	<nil>
140	232	331	563	<nil>
140	176	331	507	<nil>
140	178	331	509	<nil>
140	233	330	563	<nil>
140	202	349	551	<nil>
140	235	350	585	<nil>
140	186	343	529	<nil>
140	197	343	540	<nil>
140	186	354	540	<nil>
140	225	356	581	<nil>
140	184	360	544	<nil>
140	206	338	544	<nil>
140	186	358	544	<nil>
140	200	359	559	<nil>
140	174	361	535	<nil>
140	238	323	561	<nil>
140	210	350	560	<nil>
140	251	339	590	<nil>
140	194	330	524	<nil>
140	179	176	355	<nil>
140	177	180	357	<nil>
140	189	178	367	<nil>
140	229	280	509	<nil>
140	275	290	565	<nil>
140	251	345	596	<nil>
140	255	269	524	<nil>
140	151	221	372	<nil>
140	205	164	369	<nil>
140	182	181	363	<nil>
140	120	344	464	<nil>
140	146	365	511	<nil>
140	71	346	417	<nil>
140	245	269	514	<nil>
140	263	303	566	<nil>
140	286	281	567	<nil>
140	285	281	566	<nil>
140	152	223	375	<nil>
140	153	219	372	<nil>
140	251	344	595	<nil>
140	248	330	578	<nil>
140	58	346	404	<nil>
140	330	265	595	<nil>
140	161	219	380	<nil>
140	129	256	385	<nil>
140	221	156	377	<nil>
140	143	228	371	<nil>
140	125	257	382	<nil>
140	102	345	447	<nil>
140	178	174	352	<nil>
140	184	174	358	<nil>
140	176	181	357	<nil>
140	246	268	514	<nil>
140	183	344	527	<nil>
140	188	181	369	<nil>
140	174	187	361	<nil>
140	176	181	357	<nil>
140	166	190	356	<nil>
140	118	273	391	<nil>
140	205	158	363	<nil>
140	189	165	354	<nil>
140	194	167	361	<nil>
140	184	174	358	<nil>
140	181	184	365	<nil>
140	213	152	365	<nil>
140	221	153	374	<nil>
140	206	161	367	<nil>
140	209	158	367	<nil>
140	213	158	371	<nil>
140	221	158	379	<nil>
140	206	64	270	<nil>
140	209	162	371	<nil>
140	214	157	371	<nil>
140	176	132	308	<nil>
140	112	125	237	<nil>
140	191	156	347	<nil>
140	220	101	321	<nil>
140	163	78	241	<nil>
140	173	149	322	<nil>
140	188	54	242	<nil>
140	215	122	337	<nil>
140	193	81	274	<nil>
140	218	58	276	<nil>
140	217	59	276	<nil>
140	135	111	246	<nil>
140	217	62	279	<nil>
140	217	62	279	<nil>
140	170	110	280	<nil>
140	138	109	247	<nil>
140	136	111	247	<nil>
140	139	112	251	<nil>
140	114	137	251	<nil>
140	107	142	249	<nil>
140	133	115	248	<nil>
140	148	66	214	<nil>
140	173	75	248	<nil>
140	180	68	248	<nil>
140	181	68	249	<nil>
140	181	68	249	<nil>
140	126	81	207	<nil>
140	136	94	230	<nil>
140	164	55	219	<nil>
140	136	69	205	<nil>
140	140	70	210	<nil>
140	123	49	172	<nil>
140	121	50	171	<nil>
140	124	54	178	<nil>
140	123	54	177	<nil>
140	107	46	153	<nil>
140	123	54	177	<nil>
140	104	55	159	<nil>
140	116	49	165	<nil>
140	126	56	182	<nil>
140	134	50	184	<nil>
140	129	51	180	<nil>
140	128	54	182	<nil>
140	115	52	167	<nil>
140	125	55	180	<nil>
140	111	52	163	<nil>
140	128	52	180	<nil>
140	129	52	181	<nil>
140	135	54	189	<nil>
140	128	53	181	<nil>
140	110	54	164	<nil>
140	133	55	188	<nil>
140	107	55	162	<nil>
140	118	45	163	<nil>
140	118	46	164	<nil>
140	118	48	166	<nil>
140	119	47	166	<nil>
140	116	48	164	<nil>
140	136	57	193	<nil>
140	146	47	193	<nil>
140	109	57	166	<nil>
140	116	48	164	<nil>
140	115	49	164	<nil>
140	117	49	166	<nil>
140	107	48	155	<nil>
140	39	48	87	<nil>
140	60	49	109	<nil>
140	38	49	87	<nil>
140	39	49	88	<nil>
140	276	16	292	<nil>
140	284	18	302	<nil>
140	257	37	294	<nil>
140	297	18	315	<nil>
140	276	20	296	<nil>
140	311	19	330	<nil>
140	229	19	248	<nil>
140	282	19	301	<nil>
140	277	18	295	<nil>
140	269	39	308	<nil>
140	255	20	275	<nil>
140	256	20	276	<nil>
140	281	17	298	<nil>
140	293	20	313	<nil>
140	289	20	309	<nil>
140	287	22	309	<nil>
140	284	30	314	<nil>
140	268	17	285	<nil>
140	302	18	320	<nil>
140	296	32	328	<nil>
140	310	31	341	<nil>
140	269	18	287	<nil>
140	281	19	300	<nil>
140	282	19	301	<nil>
140	290	19	309	<nil>
140	274	20	294	<nil>
140	280	30	310	<nil>
140	288	23	311	<nil>
140	278	32	310	<nil>
140	279	22	301	<nil>
140	317	18	335	<nil>
140	265	8	273	<nil>
140	310	3	313	<nil>
140	315	2	317	<nil>
140	295	3	298	<nil>
140	309	6	315	<nil>
140	312	4	316	<nil>
140	307	37	344	<nil>
140	298	9	307	<nil>
140	290	39	329	<nil>
140	275	6	281	<nil>
140	274	1	275	<nil>
140	304	2	306	<nil>
140	286	32	318	<nil>
140	267	6	273	<nil>
140	291	28	319	<nil>
140	292	28	320	<nil>
140	286	35	321	<nil>
140	262	11	273	<nil>
140	247	31	278	<nil>
140	313	5	318	<nil>
140	267	8	275	<nil>
140	299	33	332	<nil>
140	302	40	342	<nil>
140	286	34	320	<nil>
140	283	40	323	<nil>
140	259	41	300	<nil>
140	292	18	310	<nil>
140	265	35	300	<nil>
140	289	35	324	<nil>
140	288	34	322	<nil>
140	290	36	326	<nil>
140	269	38	307	<nil>
140	286	29	315	<nil>
140	261	44	305	<nil>
140	304	36	340	<nil>
140	305	43	348	<nil>
140	301	42	343	<nil>
140	286	41	327	<nil>
140	264	46	310	<nil>
140	276	63	339	<nil>
140	305	42	347	<nil>
140	310	2	312	<nil>
140	301	77	378	<nil>
140	300	12	312	<nil>
140	289	64	353	<nil>
140	304	42	346	<nil>
140	306	42	348	<nil>
140	343	2	345	<nil>
140	270	41	311	<nil>
140	336	3	339	<nil>
140	331	3	334	<nil>
140	297	50	347	<nil>
140	275	43	318	<nil>
140	263	70	333	<nil>
140	288	52	340	<nil>
140	322	8	330	<nil>
140	290	33	323	<nil>
140	285	41	326	<nil>
140	297	40	337	<nil>
140	310	4	314	<nil>
140	289	37	326	<nil>
140	311	49	360	<nil>
140	314	4	318	<nil>
140	283	38	321	<nil>
140	296	52	348	<nil>
140	302	52	354	<nil>
140	334	38	372	<nil>
140	319	113	432	<nil>
140	270	137	407	<nil>
140	317	116	433	<nil>
140	276	185	461	<nil>
140	297	162	459	<nil>
140	284	39	323	<nil>
140	350	241	591	<nil>
140	342	276	618	<nil>
140	338	276	614	<nil>
140	377	221	598	<nil>
140	329	274	603	<nil>
140	268	341	609	<nil>
140	272	343	615	<nil>
140	316	314	630	<nil>
140	298	314	612	<nil>
140	273	345	618	<nil>
140	286	344	630	<nil>
140	309	347	656	<nil>
140	359	299	658	<nil>
140	325	302	627	<nil>
140	313	301	614	<nil>
140	304	317	621	<nil>
140	285	349	634	<nil>
140	311	348	659	<nil>
140	280	361	641	<nil>
140	319	360	679	<nil>
140	309	371	680	<nil>
140	39	359	398	<nil>
140	344	364	708	<nil>
140	300	367	667	<nil>
140	315	364	679	<nil>
140	280	367	647	<nil>
140	342	337	679	<nil>
140	342	338	680	<nil>
140	272	363	635	<nil>
140	312	367	679	<nil>
140	355	325	680	<nil>
140	311	368	679	<nil>
140	318	30	348	<nil>
140	328	323	651	<nil>
140	38	359	397	<nil>
140	42	359	401	<nil>
140	51	359	410	<nil>
140	308	371	679	<nil>
140	598	100	698	<nil>
140	327	335	662	<nil>
140	370	31	401	<nil>
140	19	392	411	<nil>
140	327	99	426	<nil>
140	277	98	375	<nil>
140	329	99	428	<nil>
140	293	87	380	<nil>
140	289	87	376	<nil>
140	327	87	414	<nil>
140	294	88	382	<nil>
140	347	86	433	<nil>
140	301	83	384	<nil>
140	299	82	381	<nil>
140	420	11	431	<nil>
140	305	91	396	<nil>
140	298	85	383	<nil>
140	282	104	386	<nil>
140	343	90	433	<nil>
140	324	63	387	<nil>
140	373	63	436	<nil>
140	325	62	387	<nil>
140	320	61	381	<nil>
140	391	33	424	<nil>
140	306	82	388	<nil>
140	319	63	382	<nil>
140	323	65	388	<nil>
140	328	60	388	<nil>
140	332	105	437	<nil>
140	354	33	387	<nil>
140	45	358	403	<nil>
140	406	33	439	<nil>
140	358	26	384	<nil>
140	306	37	343	<nil>
140	348	35	383	<nil>
140	353	32	385	<nil>
140	306	329	635	<nil>
140	294	87	381	<nil>
140	280	25	305	<nil>
140	321	81	402	<nil>
140	416	27	443	<nil>
140	374	22	396	<nil>
140	361	81	442	<nil>
140	387	11	398	<nil>
140	372	25	397	<nil>
140	386	11	397	<nil>
140	374	27	401	<nil>
140	386	13	399	<nil>
140	370	27	397	<nil>
140	398	3	401	<nil>
140	372	30	402	<nil>
140	399	5	404	<nil>
140	405	18	423	<nil>
140	370	35	405	<nil>
140	416	35	451	<nil>
140	418	33	451	<nil>
140	429	21	450	<nil>
140	417	33	450	<nil>
140	418	33	451	<nil>
140	306	37	343	<nil>
140	383	25	408	<nil>
140	307	9	316	<nil>
140	413	38	451	<nil>
140	280	38	318	<nil>
140	428	23	451	<nil>
140	413	39	452	<nil>
140	414	39	453	<nil>
140	415	38	453	<nil>
140	412	42	454	<nil>
140	250	26	276	<nil>
140	416	39	455	<nil>
140	429	31	460	<nil>
140	419	40	459	<nil>
140	417	38	455	<nil>
140	426	26	452	<nil>
140	428	28	456	<nil>
140	415	41	456	<nil>
140	418	43	461	<nil>
140	424	33	457	<nil>
140	416	44	460	<nil>
140	418	42	460	<nil>
140	420	38	458	<nil>
140	441	17	458	<nil>
140	442	16	458	<nil>
140	419	40	459	<nil>
140	415	45	460	<nil>
140	435	40	475	<nil>
140	258	19	277	<nil>
140	417	43	460	<nil>
140	209	44	253	<nil>
140	418	44	462	<nil>
140	418	44	462	<nil>
140	440	24	464	<nil>
140	438	25	463	<nil>
140	440	23	463	<nil>
140	417	46	463	<nil>
140	437	25	462	<nil>
140	417	47	464	<nil>
140	182	47	229	<nil>
140	146	48	194	<nil>
140	126	48	174	<nil>
140	120	48	168	<nil>
140	421	49	470	<nil>
140	118	50	168	<nil>
140	106	49	155	<nil>
140	82	48	130	<nil>
140	81	48	129	<nil>
140	418	50	468	<nil>
140	104	52	156	<nil>
140	87	49	136	<nil>
140	82	49	131	<nil>
140	81	50	131	<nil>
140	63	50	113	<nil>
140	81	50	131	<nil>
140	83	50	133	<nil>
140	33	50	83	<nil>
140	83	49	132	<nil>
140	66	50	116	<nil>
140	83	50	133	<nil>
140	66	49	115	<nil>
140	66	51	117	<nil>
140	29	50	79	<nil>
140	82	36	118	<nil>
140	32	50	82	<nil>
140	278	21	299	<nil>
140	280	21	301	<nil>
140	277	21	298	<nil>
140	278	20	298	<nil>
140	279	20	299	<nil>
140	282	20	302	<nil>
140	304	21	325	<nil>
140	278	21	299	<nil>
140	304	22	326	<nil>
140	279	20	299	<nil>
140	282	29	311	<nil>
140	246	16	262	<nil>
140	289	16	305	<nil>
140	266	18	284	<nil>
140	249	16	265	<nil>
140	295	18	313	<nil>
140	285	8	293	<nil>
140	268	18	286	<nil>
140	264	5	269	<nil>
140	262	22	284	<nil>
140	307	6	313	<nil>
140	310	5	315	<nil>
140	288	2	290	<nil>
140	265	2	267	<nil>
140	265	20	285	<nil>
140	298	19	317	<nil>
140	278	21	299	<nil>
140	304	30	334	<nil>
140	282	45	327	<nil>
140	228	49	277	<nil>
140	281	46	327	<nil>
140	285	41	326	<nil>
140	260	45	305	<nil>
140	289	40	329	<nil>
140	295	35	330	<nil>
140	282	19	301	<nil>
140	288	36	324	<nil>
140	305	48	353	<nil>
140	278	48	326	<nil>
140	292	36	328	<nil>
140	298	50	348	<nil>
140	292	38	330	<nil>
140	304	49	353	<nil>
140	295	21	316	<nil>
140	279	23	302	<nil>
140	264	41	305	<nil>
140	294	25	319	<nil>
140	291	43	334	<nil>
140	298	41	339	<nil>
140	255	45	300	<nil>
140	313	25	338	<nil>
140	256	40	296	<nil>
140	283	33	316	<nil>
140	272	43	315	<nil>
140	315	31	346	<nil>
140	269	40	309	<nil>
140	312	38	350	<nil>
140	263	40	303	<nil>
140	278	36	314	<nil>
140	272	41	313	<nil>
140	279	41	320	<nil>
140	272	54	326	<nil>
140	258	76	334	<nil>
140	278	102	380	<nil>
140	303	121	424	<nil>
140	279	132	411	<nil>
140	290	140	430	<nil>
140	303	132	435	<nil>
140	280	141	421	<nil>
140	285	143	428	<nil>
140	284	135	419	<nil>
140	284	126	410	<nil>
140	293	147	440	<nil>
140	283	129	412	<nil>
140	258	168	426	<nil>
140	343	127	470	<nil>
140	276	171	447	<nil>
140	296	167	463	<nil>
140	309	165	474	<nil>
140	308	166	474	<nil>
140	303	171	474	<nil>
140	308	130	438	<nil>
140	300	163	463	<nil>
140	312	152	464	<nil>
140	295	229	524	<nil>
140	317	199	516	<nil>
140	334	206	540	<nil>
140	293	242	535	<nil>
140	326	200	526	<nil>
140	305	202	507	<nil>
140	321	209	530	<nil>
140	326	226	552	<nil>
140	295	273	568	<nil>
140	291	273	564	<nil>
140	287	277	564	<nil>
140	284	275	559	<nil>
140	304	240	544	<nil>
140	282	278	560	<nil>
140	344	274	618	<nil>
140	264	308	572	<nil>
140	263	310	573	<nil>
140	306	313	619	<nil>
140	309	275	584	<nil>
140	354	226	580	<nil>
140	277	310	587	<nil>
140	268	315	583	<nil>
140	271	310	581	<nil>
140	309	313	622	<nil>
140	305	277	582	<nil>
140	283	316	599	<nil>
140	299	279	578	<nil>
140	329	281	610	<nil>
140	344	282	626	<nil>
140	306	281	587	<nil>
140	307	320	627	<nil>
140	298	319	617	<nil>
140	306	318	624	<nil>
140	266	317	583	<nil>
140	262	319	581	<nil>
140	268	350	618	<nil>
140	293	346	639	<nil>
140	259	354	613	<nil>
140	258	355	613	<nil>
140	346	315	661	<nil>
140	317	335	652	<nil>
140	314	366	680	<nil>
140	293	372	665	<nil>
140	268	392	660	<nil>
140	286	426	712	<nil>
140	288	435	723	<nil>
140	313	425	738	<nil>
140	319	394	713	<nil>
140	320	408	728	<nil>
140	270	428	698	<nil>
140	300	429	729	<nil>
140	164	273	437	<nil>
140	159	273	432	<nil>
140	242	203	445	<nil>
140	307	440	747	<nil>
140	298	403	701	<nil>
140	297	442	739	<nil>
140	264	150	414	<nil>
140	267	150	417	<nil>
140	98	354	452	<nil>
140	281	181	462	<nil>
140	257	202	459	<nil>
140	263	169	432	<nil>
140	275	157	432	<nil>
140	231	221	452	<nil>
140	236	216	452	<nil>
140	276	173	449	<nil>
140	234	223	457	<nil>
140	233	223	456	<nil>
140	213	240	453	<nil>
140	303	453	756	<nil>
140	236	161	397	<nil>
140	302	454	756	<nil>
140	231	222	453	<nil>
140	263	170	433	<nil>
140	257	174	431	<nil>
140	267	174	441	<nil>
140	281	162	443	<nil>
140	285	159	444	<nil>
140	286	159	445	<nil>
140	275	159	434	<nil>
140	240	157	397	<nil>
140	273	154	427	<nil>
140	244	196	440	<nil>
140	306	180	486	<nil>
140	292	236	528	<nil>
140	278	209	487	<nil>
140	278	210	488	<nil>
140	291	225	516	<nil>
140	273	252	525	<nil>
140	375	205	580	<nil>
140	344	204	548	<nil>
140	315	206	521	<nil>
140	301	201	502	<nil>
140	355	201	556	<nil>
140	350	200	550	<nil>
140	322	202	524	<nil>
140	241	179	420	<nil>
140	377	178	555	<nil>
140	301	205	506	<nil>
140	332	195	527	<nil>
140	252	166	418	<nil>
140	382	203	585	<nil>
140	323	203	526	<nil>
140	265	156	421	<nil>
140	350	205	555	<nil>
140	318	178	496	<nil>
140	331	165	496	<nil>
140	324	203	527	<nil>
140	322	202	524	<nil>
140	346	209	555	<nil>
140	377	180	557	<nil>
140	322	205	527	<nil>
140	324	202	526	<nil>
140	302	204	506	<nil>
140	297	153	450	<nil>
140	324	203	527	<nil>
140	269	155	424	<nil>
140	270	154	424	<nil>
140	264	155	419	<nil>
140	266	155	421	<nil>
140	303	202	505	<nil>
140	323	203	526	<nil>
140	370	165	535	<nil>
140	315	216	531	<nil>
140	332	200	532	<nil>
140	288	248	536	<nil>
140	346	253	599	<nil>
140	272	248	520	<nil>
140	276	245	521	<nil>
140	242	248	490	<nil>
140	248	243	491	<nil>
140	275	248	523	<nil>
140	252	249	501	<nil>
140	253	249	502	<nil>
140	217	224	441	<nil>
140	295	228	523	<nil>
140	201	232	433	<nil>
140	276	234	510	<nil>
140	186	241	427	<nil>
140	217	247	464	<nil>
140	175	245	420	<nil>
140	272	272	544	<nil>
140	219	246	465	<nil>
140	190	248	438	<nil>
140	187	246	433	<nil>
140	269	247	516	<nil>
140	229	248	477	<nil>
140	224	247	471	<nil>
140	239	247	486	<nil>
140	187	248	435	<nil>
140	222	258	480	<nil>
140	188	262	450	<nil>
140	223	262	485	<nil>
140	260	210	470	<nil>
140	259	211	470	<nil>
140	260	211	471	<nil>
140	259	213	472	<nil>
140	254	210	464	<nil>
140	261	211	472	<nil>
140	259	211	470	<nil>
140	258	215	473	<nil>
140	263	211	474	<nil>
140	258	213	471	<nil>
140	265	252	517	<nil>
140	267	252	519	<nil>
140	219	252	471	<nil>
140	236	253	489	<nil>
140	236	252	488	<nil>
140	200	251	451	<nil>
140	236	253	489	<nil>
140	200	251	451	<nil>
140	230	255	485	<nil>
140	236	254	490	<nil>
140	240	254	494	<nil>
140	237	252	489	<nil>
140	236	253	489	<nil>
140	217	259	476	<nil>
140	232	254	486	<nil>
140	236	261	497	<nil>
140	316	234	550	<nil>
140	297	236	533	<nil>
140	321	237	558	<nil>
140	330	180	510	<nil>
140	280	199	479	<nil>
140	267	203	470	<nil>
140	278	227	505	<nil>
140	272	234	506	<nil>
140	273	232	505	<nil>
140	308	174	482	<nil>
140	279	201	480	<nil>
140	301	181	482	<nil>
140	309	174	483	<nil>
140	317	176	493	<nil>
140	292	200	492	<nil>
140	301	191	492	<nil>
140	284	234	518	<nil>
140	289	193	482	<nil>
140	302	187	489	<nil>
140	272	236	508	<nil>
140	305	191	496	<nil>
140	304	195	499	<nil>
140	305	183	488	<nil>
140	308	174	482	<nil>
140	303	195	498	<nil>
140	302	181	483	<nil>
140	323	190	513	<nil>
140	320	209	529	<nil>
140	271	216	487	<nil>
140	321	204	525	<nil>
140	306	201	507	<nil>
140	310	201	511	<nil>
140	302	208	510	<nil>
140	329	210	539	<nil>
140	307	202	509	<nil>
140	324	208	532	<nil>
140	284	132	416	<nil>
140	267	159	426	<nil>
140	339	208	547	<nil>
140	315	210	525	<nil>
140	314	209	523	<nil>
140	290	158	448	<nil>
140	315	209	524	<nil>
140	337	210	547	<nil>
140	326	197	523	<nil>
140	335	237	572	<nil>
140	281	270	551	<nil>
140	267	272	539	<nil>
140	323	221	544	<nil>
140	272	274	546	<nil>
140	337	221	558	<nil>
140	293	248	541	<nil>
140	332	221	553	<nil>
140	329	223	552	<nil>
140	323	221	544	<nil>
140	332	221	553	<nil>
140	328	221	549	<nil>
140	322	221	543	<nil>
140	345	222	567	<nil>
140	323	222	545	<nil>
140	322	222	544	<nil>
140	333	222	555	<nil>
140	338	223	561	<nil>
140	323	222	545	<nil>
140	323	280	603	<nil>
140	327	284	611	<nil>
140	340	305	645	<nil>
140	332	298	630	<nil>
140	333	299	632	<nil>
140	332	303	635	<nil>
140	350	300	650	<nil>
140	332	303	635	<nil>
140	338	301	639	<nil>
140	331	304	635	<nil>
140	334	301	635	<nil>
140	332	303	635	<nil>
140	332	304	636	<nil>
140	334	343	677	<nil>
140	334	365	699	<nil>
140	331	367	698	<nil>
140	334	365	699	<nil>
140	359	345	704	<nil>
140	367	335	702	<nil>
140	358	346	704	<nil>
140	270	333	603	<nil>
140	232	332	564	<nil>
140	351	351	702	<nil>
140	354	350	704	<nil>
140	256	367	623	<nil>
140	315	272	587	<nil>
140	266	317	583	<nil>
140	248	335	583	<nil>
140	271	312	583	<nil>
140	233	335	568	<nil>
140	249	320	569	<nil>
140	252	314	566	<nil>
140	249	317	566	<nil>
140	265	319	584	<nil>
140	265	322	587	<nil>
140	271	317	588	<nil>
140	273	313	586	<nil>
140	246	360	606	<nil>
140	260	351	611	<nil>
140	274	311	585	<nil>
140	259	351	610	<nil>
140	255	356	611	<nil>
140	259	350	609	<nil>
140	259	352	611	<nil>
140	252	351	603	<nil>
140	254	370	624	<nil>
140	270	341	611	<nil>
140	198	322	520	<nil>
140	274	231	505	<nil>
140	260	307	567	<nil>
140	241	332	573	<nil>
140	286	285	571	<nil>
140	284	284	568	<nil>
140	282	285	567	<nil>
140	260	261	521	<nil>
140	355	291	646	<nil>
140	237	332	569	<nil>
140	239	333	572	<nil>
140	302	265	567	<nil>
140	305	262	567	<nil>
140	266	347	613	<nil>
140	241	377	618	<nil>
140	263	252	515	<nil>
140	279	234	513	<nil>
140	245	273	518	<nil>
140	277	289	566	<nil>
140	272	284	556	<nil>
140	277	336	613	<nil>
140	247	394	641	<nil>
140	278	364	642	<nil>
140	274	347	621	<nil>
140	286	336	622	<nil>
140	275	362	637	<nil>
140	247	396	643	<nil>
140	276	274	550	<nil>
140	276	362	638	<nil>
140	280	364	644	<nil>
140	300	215	515	<nil>
140	312	229	541	<nil>
140	299	235	534	<nil>
140	343	229	572	<nil>
140	328	210	538	<nil>
140	312	228	540	<nil>
140	336	235	571	<nil>
140	329	260	589	<nil>
140	361	250	611	<nil>
140	349	241	590	<nil>
140	361	254	615	<nil>
140	340	253	593	<nil>
140	339	253	592	<nil>
140	360	257	617	<nil>
140	361	256	617	<nil>
140	341	255	596	<nil>
140	359	258	617	<nil>
140	300	256	556	<nil>
140	339	257	596	<nil>
140	347	225	572	<nil>
140	383	213	596	<nil>
140	401	224	625	<nil>
140	399	283	682	<nil>
140	398	285	683	<nil>
140	464	218	682	<nil>
140	323	281	604	<nil>
140	461	218	679	<nil>
140	338	292	630	<nil>
140	340	297	637	<nil>
140	395	232	627	<nil>
140	335	294	629	<nil>
140	353	275	628	<nil>
140	392	296	688	<nil>
140	348	276	624	<nil>
140	325	295	620	<nil>
140	328	291	619	<nil>
140	328	298	626	<nil>
140	359	268	627	<nil>
140	360	235	595	<nil>
140	292	233	525	<nil>
140	321	299	620	<nil>
140	466	230	696	<nil>
140	353	166	519	<nil>
140	327	193	520	<nil>
140	328	193	521	<nil>
140	227	286	513	<nil>
140	326	194	520	<nil>
140	226	301	527	<nil>
140	325	194	519	<nil>
140	317	193	510	<nil>
140	221	301	522	<nil>
140	308	212	520	<nil>
140	221	304	525	<nil>
140	404	224	628	<nil>
140	382	241	623	<nil>
140	223	292	515	<nil>
140	452	245	697	<nil>
140	341	184	525	<nil>
140	330	193	523	<nil>
140	326	193	519	<nil>
140	221	292	513	<nil>
140	325	213	538	<nil>
140	325	330	655	<nil>
140	269	301	570	<nil>
140	221	344	565	<nil>
140	242	329	571	<nil>
140	268	337	605	<nil>
140	275	285	560	<nil>
140	236	343	579	<nil>
140	229	283	512	<nil>
140	258	329	587	<nil>
140	219	362	581	<nil>
140	203	311	514	<nil>
140	264	316	580	<nil>
140	226	315	541	<nil>
140	286	229	515	<nil>
140	199	312	511	<nil>
140	223	316	539	<nil>
140	236	345	581	<nil>
140	237	344	581	<nil>
140	266	316	582	<nil>
140	283	212	495	<nil>
140	303	210	513	<nil>
140	207	311	518	<nil>
140	307	220	527	<nil>
140	323	269	592	<nil>
140	317	269	586	<nil>
140	314	284	598	<nil>
140	321	283	604	<nil>
140	318	281	599	<nil>
140	317	303	620	<nil>
140	327	294	621	<nil>
140	326	295	621	<nil>
140	327	295	622	<nil>
140	328	298	626	<nil>
140	384	267	651	<nil>
140	328	324	652	<nil>
140	327	326	653	<nil>
140	448	215	663	<nil>
140	432	246	678	<nil>
140	432	249	681	<nil>
140	341	249	590	<nil>
140	428	215	643	<nil>
140	319	207	526	<nil>
140	409	274	683	<nil>
140	364	240	604	<nil>
140	370	260	630	<nil>
140	312	208	520	<nil>
140	315	204	519	<nil>
140	433	209	642	<nil>
140	397	289	686	<nil>
140	317	204	521	<nil>
140	309	209	518	<nil>
140	477	209	686	<nil>
140	432	256	688	<nil>
140	307	213	520	<nil>
140	313	206	519	<nil>
140	319	205	524	<nil>
140	306	213	519	<nil>
140	434	232	666	<nil>
140	355	279	634	<nil>
140	293	333	626	<nil>
140	369	293	662	<nil>
140	337	77	414	<nil>
140	319	206	525	<nil>
140	316	208	524	<nil>
140	357	43	400	<nil>
140	299	122	421	<nil>
140	325	120	445	<nil>
140	319	118	437	<nil>
140	325	123	448	<nil>
140	323	124	447	<nil>
140	326	124	450	<nil>
140	322	125	447	<nil>
140	299	122	421	<nil>
140	329	124	453	<nil>
140	299	122	421	<nil>
140	315	123	438	<nil>
140	255	210	465	<nil>
140	303	123	426	<nil>
140	278	209	487	<nil>
140	432	264	696	<nil>
140	384	31	415	<nil>
140	359	293	652	<nil>
140	315	217	532	<nil>
140	433	218	651	<nil>
140	351	300	651	<nil>
140	234	301	535	<nil>
140	380	280	660	<nil>
140	397	311	708	<nil>
140	314	313	627	<nil>
140	432	233	665	<nil>
140	340	325	665	<nil>
140	358	308	666	<nil>
140	309	210	519	<nil>
140	477	231	708	<nil>
140	380	234	614	<nil>
140	392	323	715	<nil>
140	352	319	671	<nil>
140	275	206	481	<nil>
140	388	284	672	<nil>
140	315	321	636	<nil>
140	356	36	392	<nil>
140	317	74	391	<nil>
140	317	75	392	<nil>
140	358	35	393	<nil>
140	356	45	401	<nil>
140	305	107	412	<nil>
140	318	204	522	<nil>
140	357	42	399	<nil>
140	375	18	393	<nil>
140	350	51	401	<nil>
140	407	14	421	<nil>
140	388	33	421	<nil>
140	389	17	406	<nil>
140	378	25	403	<nil>
140	372	16	388	<nil>
140	363	37	400	<nil>
140	377	13	390	<nil>
140	319	118	437	<nil>
140	348	53	401	<nil>
140	380	11	391	<nil>
140	381	14	395	<nil>
140	378	29	407	<nil>
140	392	27	419	<nil>
140	377	29	406	<nil>
140	369	26	395	<nil>
140	363	33	396	<nil>
140	235	37	272	<nil>
140	385	12	397	<nil>
140	316	122	438	<nil>
140	400	8	408	<nil>
140	394	15	409	<nil>
140	392	18	410	<nil>
140	226	35	261	<nil>
140	396	18	414	<nil>
140	394	19	413	<nil>
140	391	25	416	<nil>
140	388	31	419	<nil>
140	235	35	270	<nil>
140	240	37	277	<nil>
140	380	39	419	<nil>
140	222	38	260	<nil>
140	378	42	420	<nil>
140	235	41	276	<nil>
140	233	39	272	<nil>
140	239	37	276	<nil>
140	236	39	275	<nil>
140	240	35	275	<nil>
140	380	29	409	<nil>
140	251	39	290	<nil>
140	370	27	397	<nil>
140	229	43	272	<nil>
140	234	29	263	<nil>
140	244	30	274	<nil>
140	251	27	278	<nil>
140	245	29	274	<nil>
140	219	29	248	<nil>
140	209	29	238	<nil>
140	244	32	276	<nil>
140	220	30	250	<nil>
140	235	32	267	<nil>
140	218	33	251	<nil>
140	216	35	251	<nil>
140	219	33	252	<nil>
140	152	34	186	<nil>
140	152	35	187	<nil>
140	142	26	168	<nil>
140	140	25	165	<nil>
140	140	26	166	<nil>
140	114	26	140	<nil>
140	115	29	144	<nil>
140	120	26	146	<nil>
140	116	30	146	<nil>
140	118	29	147	<nil>
140	86	31	117	<nil>
140	47	32	79	<nil>
140	87	31	118	<nil>
140	86	31	117	<nil>
140	56	29	85	<nil>
140	406	39	445	<nil>
140	406	46	452	<nil>
140	323	43	366	<nil>
140	369	28	397	<nil>
140	346	0	346	rpc error: code = Unavailable desc = transport is closing
140	355	51	406	<nil>
140	373	44	417	<nil>
140	396	48	444	<nil>
140	402	42	444	<nil>
140	401	43	444	<nil>
140	402	41	443	<nil>
140	349	44	393	<nil>
140	345	37	382	<nil>
140	367	27	394	<nil>
140	407	35	442	<nil>
140	359	45	404	<nil>
140	395	50	445	<nil>
140	377	43	420	<nil>
140	398	44	442	<nil>
140	394	51	445	<nil>
140	366	44	410	<nil>
140	346	43	389	<nil>
140	366	32	398	<nil>
140	332	50	382	<nil>
140	398	43	441	<nil>
140	361	46	407	<nil>
140	397	0	397	rpc error: code = Unavailable desc = transport is closing
140	393	51	444	<nil>
140	360	24	384	<nil>
140	381	43	424	<nil>
140	394	8	402	<nil>
140	444	7	451	<nil>
140	404	13	417	<nil>
140	378	27	405	<nil>
140	388	22	410	<nil>
140	365	27	392	<nil>
140	425	23	448	<nil>
140	343	39	382	<nil>
140	411	22	433	<nil>
140	363	24	387	<nil>
140	376	24	400	<nil>
140	383	9	392	<nil>
140	380	26	406	<nil>
140	393	26	419	<nil>
140	381	22	403	<nil>
140	388	18	406	<nil>
140	396	20	416	<nil>
140	391	17	408	<nil>
140	401	14	415	<nil>
140	403	15	418	<nil>
140	451	16	467	<nil>
140	372	26	398	<nil>
140	393	16	409	<nil>
140	385	20	405	<nil>
140	342	38	380	<nil>
140	374	27	401	<nil>
140	407	14	421	<nil>
140	404	18	422	<nil>
140	391	34	425	<nil>
140	386	24	410	<nil>
140	396	7	403	<nil>
140	409	16	425	<nil>
140	445	5	450	<nil>
140	372	31	403	<nil>
140	371	34	405	<nil>
140	404	23	427	<nil>
140	390	22	412	<nil>
140	391	39	430	<nil>
140	385	30	415	<nil>
140	385	29	414	<nil>
140	392	28	420	<nil>
140	368	41	409	<nil>
140	406	23	429	<nil>
140	398	22	420	<nil>
140	390	28	418	<nil>
140	401	32	433	<nil>
140	386	77	463	<nil>
140	420	70	490	<nil>
140	422	98	520	<nil>
140	409	80	489	<nil>
140	410	69	479	<nil>
140	412	205	617	<nil>
140	423	205	628	<nil>
140	410	204	614	<nil>
140	370	252	622	<nil>
140	404	267	671	<nil>
140	376	296	672	<nil>
140	369	329	698	<nil>
140	420	303	723	<nil>
140	392	321	713	<nil>
140	416	307	723	<nil>
140	429	286	715	<nil>
140	409	309	718	<nil>
140	413	302	715	<nil>
140	419	308	727	<nil>
140	406	305	711	<nil>
140	410	306	716	<nil>
140	408	297	705	<nil>
140	417	299	716	<nil>
140	402	309	711	<nil>
140	417	307	724	<nil>
140	398	307	705	<nil>
140	405	338	743	<nil>
140	423	346	769	<nil>
140	423	308	731	<nil>
140	422	302	724	<nil>
140	412	308	720	<nil>
140	406	372	778	<nil>
140	419	313	732	<nil>
140	400	310	710	<nil>
140	413	310	723	<nil>
140	423	308	731	<nil>
140	411	309	720	<nil>
140	409	311	720	<nil>
140	409	311	720	<nil>
140	423	307	730	<nil>
140	418	301	719	<nil>
140	414	306	720	<nil>
140	427	346	773	<nil>
140	418	346	764	<nil>
140	423	350	773	<nil>
140	407	312	719	<nil>
140	393	314	707	<nil>
140	522	184	706	<nil>
140	429	338	767	<nil>
140	403	309	712	<nil>
140	416	354	770	<nil>
140	411	348	759	<nil>
140	422	347	769	<nil>
140	423	345	768	<nil>
140	232	143	375	<nil>
140	411	346	757	<nil>
140	419	355	774	<nil>
140	423	307	730	<nil>
140	417	313	730	<nil>
140	411	374	785	<nil>
140	309	83	392	<nil>
140	279	93	372	<nil>
140	312	81	393	<nil>
140	475	256	731	<nil>
140	412	303	715	<nil>
140	412	307	719	<nil>
140	419	354	773	<nil>
140	422	352	774	<nil>
140	324	86	410	<nil>
140	323	86	409	<nil>
140	268	86	354	<nil>
140	323	86	409	<nil>
140	322	87	409	<nil>
140	304	108	412	<nil>
140	318	93	411	<nil>
140	320	89	409	<nil>
140	328	81	409	<nil>
140	367	78	445	<nil>
140	325	83	408	<nil>
140	363	117	480	<nil>
140	365	98	463	<nil>
140	367	107	474	<nil>
140	340	126	466	<nil>
140	360	160	520	<nil>
140	372	166	538	<nil>
140	365	174	539	<nil>
140	378	256	634	<nil>
140	367	276	643	<nil>
140	401	280	681	<nil>
140	407	294	701	<nil>
140	410	292	702	<nil>
140	384	305	689	<nil>
140	409	308	717	<nil>
140	389	303	692	<nil>
140	325	306	631	<nil>
140	421	307	728	<nil>
140	394	322	716	<nil>
140	380	321	701	<nil>
140	421	307	728	<nil>
140	403	325	728	<nil>
140	422	306	728	<nil>
140	317	326	643	<nil>
140	320	324	644	<nil>
140	323	319	642	<nil>
140	424	291	715	<nil>
140	359	287	646	<nil>
140	321	323	644	<nil>
140	442	288	730	<nil>
140	371	322	693	<nil>
140	415	288	703	<nil>
140	387	322	709	<nil>
140	320	358	678	<nil>
140	317	362	679	<nil>
140	348	344	692	<nil>
140	394	344	738	<nil>
140	356	323	679	<nil>
140	357	322	679	<nil>
140	355	326	681	<nil>
140	313	294	607	<nil>
140	386	294	680	<nil>
140	357	325	682	<nil>
140	357	324	681	<nil>
140	431	261	692	<nil>
140	323	362	685	<nil>
140	395	286	681	<nil>
140	315	290	605	<nil>
140	322	362	684	<nil>
140	302	307	609	<nil>
140	401	284	685	<nil>
140	368	329	697	<nil>
140	388	307	695	<nil>
140	356	350	706	<nil>
140	354	350	704	<nil>
140	295	351	646	<nil>
140	388	328	716	<nil>
140	357	348	705	<nil>
140	335	346	681	<nil>
140	389	328	717	<nil>
140	369	348	717	<nil>
140	375	347	722	<nil>
140	354	370	724	<nil>
140	353	369	722	<nil>
140	173	372	545	<nil>
140	342	375	717	<nil>
140	400	326	726	<nil>
140	173	373	546	<nil>
140	183	374	557	<nil>
140	153	417	570	<nil>
140	230	295	525	<nil>
140	376	350	726	<nil>
140	273	276	549	<nil>
140	167	405	572	<nil>
140	157	415	572	<nil>
140	293	267	560	<nil>
140	327	277	604	<nil>
140	323	284	607	<nil>
140	316	278	594	<nil>
140	375	288	663	<nil>
140	377	299	676	<nil>
140	338	299	637	<nil>
140	394	307	701	<nil>
140	400	302	702	<nil>
140	436	273	709	<nil>
140	437	272	709	<nil>
140	414	296	710	<nil>
140	373	272	645	<nil>
140	436	273	709	<nil>
140	356	273	629	<nil>
140	356	273	629	<nil>
140	355	273	628	<nil>
140	402	254	656	<nil>
140	402	253	655	<nil>
140	415	254	669	<nil>
140	403	253	656	<nil>
140	405	253	658	<nil>
140	403	255	658	<nil>
140	368	255	623	<nil>
140	402	255	657	<nil>
140	461	194	655	<nil>
140	402	255	657	<nil>
140	403	254	657	<nil>
140	396	255	651	<nil>
140	408	254	662	<nil>
140	401	255	656	<nil>
140	402	255	657	<nil>
140	424	253	677	<nil>
140	402	254	656	<nil>
140	458	213	671	<nil>
140	477	195	672	<nil>
140	486	188	674	<nil>
140	487	219	706	<nil>
140	475	220	695	<nil>
140	476	199	675	<nil>
140	475	189	664	<nil>
140	458	214	672	<nil>
140	492	192	684	<nil>
140	478	198	676	<nil>
140	476	196	672	<nil>
140	464	209	673	<nil>
140	477	196	673	<nil>
140	463	210	673	<nil>
140	481	196	677	<nil>
140	364	213	577	<nil>
140	488	223	711	<nil>
140	500	212	712	<nil>
140	437	224	661	<nil>
140	478	194	672	<nil>
140	488	228	716	<nil>
140	420	223	643	<nil>
140	427	228	655	<nil>
140	493	223	716	<nil>
140	372	223	595	<nil>
140	488	224	712	<nil>
140	489	228	717	<nil>
140	500	277	777	<nil>
140	514	295	809	<nil>
140	503	310	813	<nil>
140	364	311	675	<nil>
140	522	304	826	<nil>
140	450	303	753	<nil>
140	514	303	817	<nil>
140	343	303	646	<nil>
140	504	313	817	<nil>
140	333	304	637	<nil>
140	399	303	702	<nil>
140	454	305	759	<nil>
140	305	292	597	<nil>
140	312	299	611	<nil>
140	286	301	587	<nil>
140	292	304	596	<nil>
140	301	296	597	<nil>
140	309	306	615	<nil>
140	310	305	615	<nil>
140	301	306	607	<nil>
140	299	306	605	<nil>
140	303	305	608	<nil>
140	318	306	624	<nil>
140	306	328	634	<nil>
140	308	327	635	<nil>
140	309	327	636	<nil>
140	308	328	636	<nil>
140	307	327	634	<nil>
140	306	327	633	<nil>
140	309	353	662	<nil>
140	272	351	623	<nil>
140	334	326	660	<nil>
140	317	326	643	<nil>
140	302	326	628	<nil>
140	343	308	651	<nil>
140	318	309	627	<nil>
140	343	308	651	<nil>
140	343	309	652	<nil>
140	337	300	637	<nil>
140	320	309	629	<nil>
140	320	309	629	<nil>
140	319	309	628	<nil>
140	320	319	639	<nil>
140	293	356	649	<nil>
140	293	356	649	<nil>
140	295	356	651	<nil>
140	318	320	638	<nil>
140	352	308	660	<nil>
140	336	322	658	<nil>
140	374	309	683	<nil>
140	352	310	662	<nil>
140	362	297	659	<nil>
140	356	288	644	<nil>
140	366	219	585	<nil>
140	368	232	600	<nil>
140	334	310	644	<nil>
140	351	309	660	<nil>
140	362	297	659	<nil>
140	307	310	617	<nil>
140	352	310	662	<nil>
140	353	310	663	<nil>
140	349	311	660	<nil>
140	289	327	616	<nil>
140	318	327	645	<nil>
140	370	215	585	<nil>
140	356	220	576	<nil>
140	391	258	649	<nil>
140	320	302	622	<nil>
140	348	275	623	<nil>
140	320	302	622	<nil>
140	335	314	649	<nil>
140	388	302	690	<nil>
140	366	219	585	<nil>
140	347	297	644	<nil>
140	348	229	577	<nil>
140	361	228	589	<nil>
140	346	285	631	<nil>
140	342	229	571	<nil>
140	363	258	621	<nil>
140	316	326	642	<nil>
140	343	302	645	<nil>
140	312	302	614	<nil>
140	332	302	634	<nil>
140	307	284	591	<nil>
140	308	273	581	<nil>
140	307	273	580	<nil>
140	309	263	572	<nil>
140	330	240	570	<nil>
140	325	240	565	<nil>
140	326	274	600	<nil>
140	328	272	600	<nil>
140	328	272	600	<nil>
140	329	247	576	<nil>
140	348	247	595	<nil>
140	327	247	574	<nil>
140	310	246	556	<nil>
140	355	247	602	<nil>
140	357	221	578	<nil>
140	375	237	612	<nil>
140	357	204	561	<nil>
140	339	222	561	<nil>
140	357	204	561	<nil>
140	376	244	620	<nil>
140	369	244	613	<nil>
140	358	244	602	<nil>
140	335	242	577	<nil>
140	338	265	603	<nil>
140	354	251	605	<nil>
140	350	257	607	<nil>
140	353	254	607	<nil>
140	344	267	611	<nil>
140	338	269	607	<nil>
140	352	239	591	<nil>
140	407	199	606	<nil>
140	408	210	618	<nil>
140	447	188	635	<nil>
140	403	218	621	<nil>
140	361	277	638	<nil>
140	353	274	627	<nil>
140	419	231	650	<nil>
140	422	206	628	<nil>
140	441	207	648	<nil>
140	443	206	649	<nil>
140	442	208	650	<nil>
140	404	227	631	<nil>
140	408	247	655	<nil>
140	364	286	650	<nil>
140	365	286	651	<nil>
140	423	206	629	<nil>
140	367	285	652	<nil>
140	374	277	651	<nil>
140	434	215	649	<nil>
140	354	276	630	<nil>
140	374	277	651	<nil>
140	398	251	649	<nil>
140	374	279	653	<nil>
140	442	208	650	<nil>
140	414	234	648	<nil>
140	301	287	588	<nil>
140	363	328	691	<nil>
140	255	354	609	<nil>
140	287	352	639	<nil>
140	332	318	650	<nil>
140	325	325	650	<nil>
140	324	326	650	<nil>
140	323	327	650	<nil>
140	318	328	646	<nil>
140	316	326	642	<nil>
140	332	326	658	<nil>
140	325	328	653	<nil>
140	317	328	645	<nil>
140	318	326	644	<nil>
140	303	326	629	<nil>
140	320	372	692	<nil>
140	265	353	618	<nil>
140	288	366	654	<nil>
140	285	368	653	<nil>
140	267	356	623	<nil>
140	324	374	698	<nil>
140	247	357	604	<nil>
140	265	356	621	<nil>
140	264	358	622	<nil>
140	250	357	607	<nil>
140	271	322	593	<nil>
140	277	343	620	<nil>
140	277	354	631	<nil>
140	278	387	665	<nil>
140	278	411	689	<nil>
140	277	415	692	<nil>
140	252	414	666	<nil>
140	251	414	665	<nil>
140	251	414	665	<nil>
140	251	415	666	<nil>
140	250	416	666	<nil>
140	254	416	670	<nil>
140	255	468	723	<nil>
140	284	412	696	<nil>
140	279	417	696	<nil>
140	279	417	696	<nil>
140	278	417	695	<nil>
140	291	421	712	<nil>
140	309	353	662	<nil>
140	277	388	665	<nil>
140	279	421	700	<nil>
140	268	393	661	<nil>
140	281	396	677	<nil>
140	311	353	664	<nil>
140	278	397	675	<nil>
140	304	361	665	<nil>
140	279	397	676	<nil>
140	278	383	661	<nil>
140	307	417	724	<nil>
140	282	380	662	<nil>
140	266	397	663	<nil>
140	278	382	660	<nil>
140	310	380	690	<nil>
140	287	441	728	<nil>
140	285	449	734	<nil>
140	301	435	736	<nil>
140	290	457	747	<nil>
140	287	457	744	<nil>
140	286	458	744	<nil>
140	287	457	744	<nil>
140	286	459	745	<nil>
140	361	384	745	<nil>
140	293	450	743	<nil>
140	386	360	746	<nil>
140	311	437	748	<nil>
140	309	437	746	<nil>
140	366	381	747	<nil>
140	359	387	746	<nil>
140	309	456	765	<nil>
140	307	441	748	<nil>
140	306	514	820	<nil>
140	309	520	829	<nil>
140	311	518	829	<nil>
140	309	519	828	<nil>
140	325	505	830	<nil>
140	310	519	829	<nil>
140	221	521	742	<nil>
140	360	470	830	<nil>
140	220	568	788	<nil>
140	220	569	789	<nil>
140	291	486	777	<nil>
140	291	495	786	<nil>
140	293	518	811	<nil>
140	316	441	757	<nil>
140	322	466	788	<nil>
140	312	485	797	<nil>
140	291	497	788	<nil>
140	318	438	756	<nil>
140	351	408	759	<nil>
140	347	408	755	<nil>
140	312	405	717	<nil>
140	374	385	759	<nil>
140	387	371	758	<nil>
140	387	372	759	<nil>
140	389	373	762	<nil>
140	368	346	714	<nil>
140	360	346	706	<nil>
140	361	371	732	<nil>
140	360	357	717	<nil>
140	364	352	716	<nil>
140	360	346	706	<nil>
140	359	348	707	<nil>
140	343	376	719	<nil>
140	394	420	814	<nil>
140	391	404	795	<nil>
140	380	403	783	<nil>
140	384	400	784	<nil>
140	384	424	808	<nil>
140	386	421	807	<nil>
140	406	403	809	<nil>
140	407	402	809	<nil>
140	407	402	809	<nil>
140	381	399	780	<nil>
140	379	401	780	<nil>
140	431	381	812	<nil>
140	434	379	813	<nil>
140	433	379	812	<nil>
140	440	382	822	<nil>
140	434	379	813	<nil>
140	430	378	808	<nil>
140	437	376	813	<nil>
140	426	376	802	<nil>
140	441	369	810	<nil>
140	442	369	811	<nil>
140	442	369	811	<nil>
140	442	369	811	<nil>
140	465	415	880	<nil>
140	466	414	880	<nil>
140	467	414	881	<nil>
140	446	438	884	<nil>
140	468	416	884	<nil>
140	464	416	880	<nil>
140	466	414	880	<nil>
140	466	2775	3241	<nil>
140	465	2777	3242	<nil>
140	492	2749	3241	<nil>
140	407	2724	3131	<nil>
140	406	2721	3127	<nil>
140	350	2778	3128	<nil>
140	404	2722	3126	<nil>
140	405	2722	3127	<nil>
140	426	2725	3151	<nil>
140	410	2722	3132	<nil>
140	409	2721	3130	<nil>
140	418	2733	3151	<nil>
140	369	2777	3146	<nil>
140	406	2721	3127	<nil>
140	397	2718	3115	<nil>
140	387	2718	3105	<nil>
140	431	2695	3126	<nil>
140	413	2679	3092	<nil>
140	409	2680	3089	<nil>
140	413	2679	3092	<nil>
140	415	2679	3094	<nil>
140	412	2679	3091	<nil>
140	429	2674	3103	<nil>
140	421	2664	3085	<nil>
140	427	2625	3052	<nil>
140	450	2626	3076	<nil>
140	410	2625	3035	<nil>
140	437	2651	3088	<nil>
140	485	2631	3116	<nil>
140	480	2631	3111	<nil>
140	433	2586	3019	<nil>
140	400	2617	3017	<nil>
140	462	2632	3094	<nil>
140	384	2632	3016	<nil>
140	431	2586	3017	<nil>
140	453	2595	3048	<nil>
140	456	2593	3049	<nil>
140	456	2592	3048	<nil>
140	419	2596	3015	<nil>
140	404	2594	2998	<nil>
140	402	2595	2997	<nil>
140	404	2595	2999	<nil>
140	402	2595	2997	<nil>
140	432	2580	3012	<nil>
140	430	2580	3010	<nil>
140	425	2591	3016	<nil>
140	437	2558	2995	<nil>
140	416	2594	3010	<nil>
140	463	2556	3019	<nil>
140	406	2590	2996	<nil>
140	426	2592	3018	<nil>
140	441	2555	2996	<nil>
140	464	2557	3021	<nil>
140	460	2560	3020	<nil>
140	463	2558	3021	<nil>
140	464	2557	3021	<nil>
140	464	2556	3020	<nil>
140	464	2581	3045	<nil>
140	442	2581	3023	<nil>
140	380	2582	2962	<nil>
140	446	2582	3028	<nil>
140	370	2590	2960	<nil>
140	368	2594	2962	<nil>
140	422	2554	2976	<nil>
140	413	2537	2950	<nil>
140	435	2537	2972	<nil>
140	417	2536	2953	<nil>
140	417	2559	2976	<nil>
140	437	2560	2997	<nil>
140	415	2561	2976	<nil>
140	418	2561	2979	<nil>
140	2798	203	3001	<nil>
140	2729	197	2926	<nil>
140	2738	197	2935	<nil>
140	2795	205	3000	<nil>
140	2798	203	3001	<nil>
140	2685	183	2868	<nil>
140	2732	197	2929	<nil>
140	2796	204	3000	<nil>
140	415	2564	2979	<nil>
140	2744	191	2935	<nil>
140	2735	203	2938	<nil>
140	2732	204	2936	<nil>
140	2734	205	2939	<nil>
140	417	2564	2981	<nil>
140	2676	181	2857	<nil>
140	2675	181	2856	<nil>
140	2672	180	2852	<nil>
140	2694	190	2884	<nil>
140	2743	184	2927	<nil>
140	2700	185	2885	<nil>
140	2696	191	2887	<nil>
140	2677	180	2857	<nil>
140	2676	180	2856	<nil>
140	2683	179	2862	<nil>
140	2689	179	2868	<nil>
140	2708	213	2921	<nil>
140	2664	222	2886	<nil>
140	2665	223	2888	<nil>
140	2672	213	2885	<nil>
140	2670	212	2882	<nil>
140	2610	199	2809	<nil>
140	2604	202	2806	<nil>
140	2695	212	2907	<nil>
140	2707	220	2927	<nil>
140	2594	184	2778	<nil>
140	2709	213	2922	<nil>
140	2664	215	2879	<nil>
140	2710	213	2923	<nil>
140	2696	211	2907	<nil>
140	2603	200	2803	<nil>
140	2602	199	2801	<nil>
140	2702	220	2922	<nil>
140	2696	230	2926	<nil>
140	2692	215	2907	<nil>
140	2595	193	2788	<nil>
140	2579	208	2787	<nil>
140	2580	162	2742	<nil>
140	2554	190	2744	<nil>
140	2590	154	2744	<nil>
140	2589	154	2743	<nil>
140	2576	208	2784	<nil>
140	2595	193	2788	<nil>
140	2553	190	2743	<nil>
140	2596	193	2789	<nil>
140	2595	193	2788	<nil>
140	2553	190	2743	<nil>
140	2584	160	2744	<nil>
140	2577	182	2759	<nil>
140	2577	262	2839	<nil>
140	2576	267	2843	<nil>
140	2559	262	2821	<nil>
140	2558	269	2827	<nil>
140	2561	216	2777	<nil>
140	2562	216	2778	<nil>
140	2560	219	2779	<nil>
140	2562	216	2778	<nil>
140	2561	216	2777	<nil>
140	2561	227	2788	<nil>
140	221	210	431	<nil>
140	227	202	429	<nil>
140	219	211	430	<nil>
140	2562	227	2789	<nil>
140	220	210	430	<nil>
140	213	226	439	<nil>
140	213	224	437	<nil>
140	228	216	444	<nil>
140	215	228	443	<nil>
140	213	247	460	<nil>
140	218	247	465	<nil>
140	217	253	470	<nil>
140	219	233	452	<nil>
140	219	247	466	<nil>
140	222	247	469	<nil>
140	214	254	468	<nil>
140	220	235	455	<nil>
140	221	235	456	<nil>
140	218	268	486	<nil>
140	218	267	485	<nil>
140	217	269	486	<nil>
140	206	268	474	<nil>
140	205	268	473	<nil>
140	204	267	471	<nil>
140	244	215	459	<nil>
140	253	209	462	<nil>
140	253	211	464	<nil>
140	255	234	489	<nil>
140	258	232	490	<nil>
140	232	221	453	<nil>
140	216	234	450	<nil>
140	267	234	501	<nil>
140	234	230	464	<nil>
140	256	235	491	<nil>
140	247	244	491	<nil>
140	262	230	492	<nil>
140	271	230	501	<nil>
140	238	230	468	<nil>
140	262	239	501	<nil>
140	230	236	466	<nil>
140	235	230	465	<nil>
140	227	230	457	<nil>
140	267	236	503	<nil>
140	221	232	453	<nil>
140	226	231	457	<nil>
140	273	164	437	<nil>
140	236	230	466	<nil>
140	273	169	442	<nil>
140	273	167	440	<nil>
160	240	157	397	<nil>
160	225	147	372	<nil>
160	220	196	416	<nil>
160	242	203	445	<nil>
160	239	163	402	<nil>
160	219	135	354	<nil>
160	216	159	375	<nil>
160	242	155	397	<nil>
160	219	151	370	<nil>
160	242	160	402	<nil>
160	220	202	422	<nil>
160	291	168	459	<nil>
160	223	199	422	<nil>
160	247	185	432	<nil>
160	249	186	435	<nil>
160	216	158	374	<nil>
160	208	150	358	<nil>
160	257	162	419	<nil>
160	249	187	436	<nil>
160	236	180	416	<nil>
160	258	203	461	<nil>
160	273	187	460	<nil>
160	230	196	426	<nil>
160	219	146	365	<nil>
160	228	135	363	<nil>
160	223	126	349	<nil>
160	233	121	354	<nil>
160	229	135	364	<nil>
160	242	156	398	<nil>
160	294	182	476	<nil>
160	239	117	356	<nil>
160	247	126	373	<nil>
160	240	121	361	<nil>
160	244	121	365	<nil>
160	240	130	370	<nil>
160	247	133	380	<nil>
160	241	135	376	<nil>
160	242	128	370	<nil>
160	245	135	380	<nil>
160	242	134	376	<nil>
160	259	188	447	<nil>
160	272	187	459	<nil>
160	264	187	451	<nil>
160	274	241	515	<nil>
160	308	211	519	<nil>
160	278	241	519	<nil>
160	250	221	471	<nil>
160	258	208	466	<nil>
160	281	197	478	<nil>
160	288	177	465	<nil>
160	291	159	450	<nil>
160	269	197	466	<nil>
160	275	198	473	<nil>
160	288	180	468	<nil>
160	239	175	414	<nil>
160	297	170	467	<nil>
160	291	176	467	<nil>
160	264	190	454	<nil>
160	310	159	469	<nil>
160	258	164	422	<nil>
160	272	196	468	<nil>
160	245	170	415	<nil>
160	241	178	419	<nil>
160	271	197	468	<nil>
160	297	172	469	<nil>
160	269	198	467	<nil>
160	268	201	469	<nil>
160	247	170	417	<nil>
160	269	199	468	<nil>
160	297	172	469	<nil>
160	297	172	469	<nil>
160	297	170	467	<nil>
160	239	180	419	<nil>
160	239	179	418	<nil>
160	239	179	418	<nil>
160	241	180	421	<nil>
160	284	170	454	<nil>
160	291	180	471	<nil>
160	298	170	468	<nil>
160	251	67	318	<nil>
160	248	152	400	<nil>
160	224	179	403	<nil>
160	272	82	354	<nil>
160	256	70	326	<nil>
160	272	137	409	<nil>
160	241	226	467	<nil>
160	181	228	409	<nil>
160	213	179	392	<nil>
160	218	179	397	<nil>
160	187	226	413	<nil>
160	189	220	409	<nil>
160	193	219	412	<nil>
160	272	85	357	<nil>
160	273	83	356	<nil>
160	253	70	323	<nil>
160	221	179	400	<nil>
160	261	148	409	<nil>
160	244	225	469	<nil>
160	263	94	357	<nil>
160	247	111	358	<nil>
160	252	72	324	<nil>
160	255	85	340	<nil>
160	260	123	383	<nil>
160	272	86	358	<nil>
160	227	157	384	<nil>
160	272	124	396	<nil>
160	212	184	396	<nil>
160	222	69	291	<nil>
160	282	103	385	<nil>
160	253	71	324	<nil>
160	213	184	397	<nil>
160	224	69	293	<nil>
160	265	95	360	<nil>
160	273	84	357	<nil>
160	223	70	293	<nil>
160	280	92	372	<nil>
160	211	61	272	<nil>
160	255	73	328	<nil>
160	255	74	329	<nil>
160	217	63	280	<nil>
160	195	60	255	<nil>
160	210	60	270	<nil>
160	187	60	247	<nil>
160	219	60	279	<nil>
160	195	60	255	<nil>
160	254	74	328	<nil>
160	196	60	256	<nil>
160	195	60	255	<nil>
160	273	103	376	<nil>
160	210	60	270	<nil>
160	220	63	283	<nil>
160	255	73	328	<nil>
160	196	67	263	<nil>
160	196	145	341	<nil>
160	200	173	373	<nil>
160	195	177	372	<nil>
160	196	178	374	<nil>
160	196	178	374	<nil>
160	223	177	400	<nil>
160	194	177	371	<nil>
160	193	177	370	<nil>
160	188	177	365	<nil>
160	178	177	355	<nil>
160	181	178	359	<nil>
160	181	175	356	<nil>
160	227	175	402	<nil>
160	162	176	338	<nil>
160	225	177	402	<nil>
160	178	176	354	<nil>
160	183	174	357	<nil>
160	187	170	357	<nil>
160	187	170	357	<nil>
160	181	177	358	<nil>
160	192	176	368	<nil>
160	185	177	362	<nil>
160	172	177	349	<nil>
160	185	325	510	<nil>
160	181	327	508	<nil>
160	204	310	514	<nil>
160	226	290	516	<nil>
160	204	315	519	<nil>
160	215	302	517	<nil>
160	65	288	353	<nil>
160	110	301	411	<nil>
160	219	314	533	<nil>
160	176	319	495	<nil>
160	157	324	481	<nil>
160	196	333	529	<nil>
160	209	340	549	<nil>
160	229	295	524	<nil>
160	60	285	345	<nil>
160	72	295	367	<nil>
160	231	302	533	<nil>
160	227	317	544	<nil>
160	107	302	409	<nil>
160	215	315	530	<nil>
160	207	325	532	<nil>
160	59	299	358	<nil>
160	169	177	346	<nil>
160	205	325	530	<nil>
160	186	304	490	<nil>
160	271	305	576	<nil>
160	201	334	535	<nil>
160	171	177	348	<nil>
160	267	307	574	<nil>
160	175	333	508	<nil>
160	64	285	349	<nil>
160	62	286	348	<nil>
160	213	316	529	<nil>
160	225	308	533	<nil>
160	71	298	369	<nil>
160	168	179	347	<nil>
160	186	334	520	<nil>
160	240	336	576	<nil>
160	249	333	582	<nil>
160	186	308	494	<nil>
160	261	314	575	<nil>
160	238	332	570	<nil>
160	62	287	349	<nil>
160	231	304	535	<nil>
160	122	299	421	<nil>
160	184	311	495	<nil>
160	68	299	367	<nil>
160	225	308	533	<nil>
160	217	306	523	<nil>
160	259	311	570	<nil>
160	260	319	579	<nil>
160	199	161	360	<nil>
160	229	309	538	<nil>
160	198	162	360	<nil>
160	172	182	354	<nil>
160	222	311	533	<nil>
160	321	21	342	<nil>
160	225	295	520	<nil>
160	199	149	348	<nil>
160	198	149	347	<nil>
160	316	22	338	<nil>
160	224	316	540	<nil>
160	199	159	358	<nil>
160	288	26	314	<nil>
160	198	156	354	<nil>
160	199	158	357	<nil>
160	185	170	355	<nil>
160	202	159	361	<nil>
160	302	11	313	<nil>
160	199	160	359	<nil>
160	198	162	360	<nil>
160	203	160	363	<nil>
160	198	163	361	<nil>
160	198	161	359	<nil>
160	196	165	361	<nil>
160	284	35	319	<nil>
160	343	8	351	<nil>
160	198	163	361	<nil>
160	199	149	348	<nil>
160	230	335	565	<nil>
160	306	43	349	<nil>
160	270	305	575	<nil>
160	67	300	367	<nil>
160	305	19	324	<nil>
160	346	8	354	<nil>
160	168	181	349	<nil>
160	304	33	337	<nil>
160	204	314	518	<nil>
160	305	35	340	<nil>
160	199	162	361	<nil>
160	306	35	341	<nil>
160	312	20	332	<nil>
160	307	35	342	<nil>
160	299	36	335	<nil>
160	302	39	341	<nil>
160	307	37	344	<nil>
160	303	28	331	<nil>
160	300	41	341	<nil>
160	299	37	336	<nil>
160	199	149	348	<nil>
160	313	30	343	<nil>
160	306	27	333	<nil>
160	332	14	346	<nil>
160	327	16	343	<nil>
160	308	39	347	<nil>
160	227	314	541	<nil>
160	333	5	338	<nil>
160	330	23	353	<nil>
160	326	22	348	<nil>
160	339	11	350	<nil>
160	345	2	347	<nil>
160	326	24	350	<nil>
160	321	27	348	<nil>
160	304	14	318	<nil>
160	308	11	319	<nil>
160	198	161	359	<nil>
160	347	8	355	<nil>
160	314	13	327	<nil>
160	335	15	350	<nil>
160	309	14	323	<nil>
160	344	6	350	<nil>
160	314	42	356	<nil>
160	338	14	352	<nil>
160	342	14	356	<nil>
160	335	21	356	<nil>
160	234	13	247	<nil>
160	316	35	351	<nil>
160	315	22	337	<nil>
160	348	13	361	<nil>
160	305	51	356	<nil>
160	315	12	327	<nil>
160	328	27	355	<nil>
160	229	18	247	<nil>
160	341	22	363	<nil>
160	203	28	231	<nil>
160	214	29	243	<nil>
160	211	19	230	<nil>
160	215	28	243	<nil>
160	220	23	243	<nil>
160	334	22	356	<nil>
160	207	22	229	<nil>
160	214	30	244	<nil>
160	329	30	359	<nil>
160	271	31	302	<nil>
160	208	24	232	<nil>
160	210	22	232	<nil>
160	200	33	233	<nil>
160	208	27	235	<nil>
160	218	35	253	<nil>
160	208	27	235	<nil>
160	210	26	236	<nil>
160	205	32	237	<nil>
160	225	12	237	<nil>
160	226	12	238	<nil>
160	227	9	236	<nil>
160	94	9	103	<nil>
160	80	14	94	<nil>
160	91	10	101	<nil>
160	201	37	238	<nil>
160	55	31	86	<nil>
160	64	15	79	<nil>
160	54	36	90	<nil>
160	42	30	72	<nil>
160	43	29	72	<nil>
160	40	30	70	<nil>
160	35	30	65	<nil>
160	44	18	62	<nil>
160	44	16	60	<nil>
160	377	0	377	<nil>
160	361	10	371	<nil>
160	256	1	257	<nil>
160	241	1	242	<nil>
160	237	17	254	<nil>
160	246	12	258	<nil>
160	212	0	212	rpc error: code = Unavailable desc = transport is closing
160	211	0	211	rpc error: code = Unavailable desc = transport is closing
160	243	0	243	rpc error: code = Unavailable desc = transport is closing
160	243	18	261	<nil>
160	244	18	262	<nil>
160	221	19	240	<nil>
160	214	20	234	<nil>
160	217	20	237	<nil>
160	242	0	242	rpc error: code = Unavailable desc = transport is closing
160	224	12	236	<nil>
160	229	21	250	<nil>
160	224	20	244	<nil>
160	251	29	280	<nil>
160	243	0	243	rpc error: code = Unavailable desc = transport is closing
160	265	16	281	<nil>
160	219	17	236	<nil>
160	266	15	281	<nil>
160	217	0	217	rpc error: code = Unavailable desc = transport is closing
160	217	17	234	<nil>
160	246	24	270	<nil>
160	218	0	218	rpc error: code = Unavailable desc = transport is closing
160	218	0	218	rpc error: code = Unavailable desc = transport is closing
160	222	0	222	rpc error: code = Unavailable desc = transport is closing
160	243	0	243	rpc error: code = Unavailable desc = transport is closing
160	222	10	232	<nil>
160	230	20	250	<nil>
160	242	44	286	<nil>
160	219	27	246	<nil>
160	244	0	244	rpc error: code = Unavailable desc = transport is closing
160	261	11	272	<nil>
160	249	24	273	<nil>
160	215	12	227	<nil>
160	229	22	251	<nil>
160	253	20	273	<nil>
160	246	2	248	<nil>
160	225	20	245	<nil>
160	204	20	224	<nil>
160	262	21	283	<nil>
160	218	21	239	<nil>
160	214	23	237	<nil>
160	252	20	272	<nil>
160	230	21	251	<nil>
160	262	10	272	<nil>
160	218	23	241	<nil>
160	228	21	249	<nil>
160	223	32	255	<nil>
160	218	24	242	<nil>
160	238	11	249	<nil>
160	261	14	275	<nil>
160	213	15	228	<nil>
160	219	26	245	<nil>
160	228	22	250	<nil>
160	269	4	273	<nil>
160	247	5	252	<nil>
160	213	12	225	<nil>
160	251	24	275	<nil>
160	248	5	253	<nil>
160	229	28	257	<nil>
160	243	2	245	<nil>
160	234	0	234	rpc error: code = Unavailable desc = transport is closing
160	255	26	281	<nil>
160	210	17	227	<nil>
160	272	2	274	<nil>
160	250	22	272	<nil>
160	212	26	238	<nil>
160	261	14	275	<nil>
160	243	0	243	rpc error: code = Unavailable desc = transport is closing
160	213	24	237	<nil>
160	221	16	237	<nil>
160	243	0	243	rpc error: code = Unavailable desc = transport is closing
160	225	18	243	<nil>
160	247	27	274	<nil>
160	260	16	276	<nil>
160	219	26	245	<nil>
160	212	14	226	<nil>
160	243	0	243	rpc error: code = Unavailable desc = transport is closing
160	216	16	232	<nil>
160	244	0	244	rpc error: code = Unavailable desc = transport is closing
160	229	23	252	<nil>
160	228	13	241	<nil>
160	225	18	243	<nil>
160	224	16	240	<nil>
160	241	15	256	<nil>
160	251	28	279	<nil>
160	217	26	243	<nil>
160	225	13	238	<nil>
160	219	19	238	<nil>
160	227	13	240	<nil>
160	222	18	240	<nil>
160	222	18	240	<nil>
160	223	18	241	<nil>
160	292	0	292	<nil>
160	244	0	244	rpc error: code = Unavailable desc = transport is closing
160	214	0	214	rpc error: code = Unavailable desc = transport is closing
160	213	0	213	rpc error: code = Unavailable desc = transport is closing
160	216	32	248	<nil>
160	192	27	219	<nil>
160	231	16	247	<nil>
160	215	15	230	<nil>
160	215	16	231	<nil>
160	228	15	243	<nil>
160	232	13	245	<nil>
160	218	14	232	<nil>
160	230	13	243	<nil>
160	228	15	243	<nil>
160	249	15	264	<nil>
160	267	14	281	<nil>
160	227	15	242	<nil>
160	266	16	282	<nil>
160	254	0	254	<nil>
160	229	17	246	<nil>
160	218	0	218	rpc error: code = Unavailable desc = transport is closing
160	231	15	246	<nil>
160	217	16	233	<nil>
160	243	0	243	rpc error: code = Unavailable desc = transport is closing
160	232	15	247	<nil>
160	210	0	210	rpc error: code = Unavailable desc = transport is closing
160	231	17	248	<nil>
160	230	16	246	<nil>
160	212	13	225	<nil>
160	246	2	248	<nil>
160	252	19	271	<nil>
160	215	21	236	<nil>
160	252	20	272	<nil>
160	246	26	272	<nil>
160	248	20	268	<nil>
160	224	22	246	<nil>
160	219	19	238	<nil>
160	229	23	252	<nil>
160	219	23	242	<nil>
160	248	21	269	<nil>
160	218	23	241	<nil>
160	222	49	271	<nil>
160	225	25	250	<nil>
160	251	22	273	<nil>
160	248	1	249	<nil>
160	247	1	248	<nil>
160	218	26	244	<nil>
160	249	25	274	<nil>
160	208	23	231	<nil>
160	241	13	254	<nil>
160	264	9	273	<nil>
160	274	9	283	<nil>
160	225	32	257	<nil>
160	217	20	237	<nil>
160	256	0	256	<nil>
160	247	1	248	<nil>
160	243	0	243	rpc error: code = Unavailable desc = transport is closing
160	261	1	262	<nil>
160	249	0	249	<nil>
160	257	1	258	<nil>
160	257	1	258	<nil>
160	224	35	259	<nil>
160	296	0	296	<nil>
160	251	24	275	<nil>
160	258	77	335	<nil>
160	364	34	398	<nil>
160	286	0	286	rpc error: code = Unavailable desc = transport is closing
160	220	306	526	<nil>
160	259	0	259	rpc error: code = Unavailable desc = transport is closing
160	257	0	257	rpc error: code = Unavailable desc = transport is closing
160	265	0	265	rpc error: code = Unavailable desc = transport is closing
160	254	17	271	<nil>
160	255	17	272	<nil>
160	247	20	267	<nil>
160	259	0	259	rpc error: code = Unavailable desc = transport is closing
160	263	14	277	<nil>
160	288	0	288	rpc error: code = Unavailable desc = transport is closing
160	260	0	260	rpc error: code = Unavailable desc = transport is closing
160	258	0	258	rpc error: code = Unavailable desc = transport is closing
160	256	21	277	<nil>
160	253	19	272	<nil>
160	259	0	259	rpc error: code = Unavailable desc = transport is closing
160	259	0	259	rpc error: code = Unavailable desc = transport is closing
160	293	0	293	rpc error: code = Unavailable desc = transport is closing
160	258	0	258	rpc error: code = Unavailable desc = transport is closing
160	274	7	281	<nil>
160	258	0	258	rpc error: code = Unavailable desc = transport is closing
160	265	17	282	<nil>
160	258	26	284	<nil>
160	255	16	271	<nil>
160	265	16	281	<nil>
160	297	12	309	<nil>
160	281	3	284	<nil>
160	256	27	283	<nil>
160	188	14	202	<nil>
160	272	7	279	<nil>
160	269	13	282	<nil>
160	274	8	282	<nil>
160	264	17	281	<nil>
160	268	13	281	<nil>
160	269	13	282	<nil>
160	269	14	283	<nil>
160	269	14	283	<nil>
160	294	14	308	<nil>
160	267	10	277	<nil>
160	265	13	278	<nil>
160	267	12	279	<nil>
160	282	14	296	<nil>
160	266	16	282	<nil>
160	276	7	283	<nil>
160	268	14	282	<nil>
160	277	6	283	<nil>
160	257	0	257	rpc error: code = Unavailable desc = transport is closing
160	195	7	202	<nil>
160	275	7	282	<nil>
160	274	10	284	<nil>
160	270	10	280	<nil>
160	195	8	203	<nil>
160	199	4	203	<nil>
160	307	3	310	<nil>
160	276	4	280	<nil>
160	274	10	284	<nil>
160	266	26	292	<nil>
160	258	0	258	rpc error: code = Unavailable desc = transport is closing
160	258	0	258	rpc error: code = Unavailable desc = transport is closing
160	261	0	261	rpc error: code = Unavailable desc = transport is closing
160	288	19	307	<nil>
160	299	18	317	<nil>
160	291	18	309	<nil>
160	289	18	307	<nil>
160	264	18	282	<nil>
160	290	19	309	<nil>
160	289	19	308	<nil>
160	291	18	309	<nil>
160	203	14	217	<nil>
160	203	19	222	<nil>
160	207	15	222	<nil>
160	285	14	299	<nil>
160	258	0	258	rpc error: code = Unavailable desc = transport is closing
160	260	0	260	rpc error: code = Unavailable desc = transport is closing
160	289	10	299	<nil>
160	280	9	289	<nil>
160	260	0	260	rpc error: code = Unavailable desc = transport is closing
160	259	0	259	rpc error: code = Unavailable desc = transport is closing
160	280	11	291	<nil>
160	277	9	286	<nil>
160	260	0	260	rpc error: code = Unavailable desc = transport is closing
160	295	0	295	rpc error: code = Unavailable desc = transport is closing
160	263	27	290	<nil>
160	293	22	315	<nil>
160	295	72	367	<nil>
160	297	67	364	<nil>
160	294	72	366	<nil>
160	296	72	368	<nil>
160	203	73	276	<nil>
160	285	72	357	<nil>
160	283	72	355	<nil>
160	196	73	269	<nil>
160	203	72	275	<nil>
160	284	74	358	<nil>
160	203	72	275	<nil>
160	87	72	159	<nil>
160	282	76	358	<nil>
160	294	73	367	<nil>
160	291	69	360	<nil>
160	304	70	374	<nil>
160	281	73	354	<nil>
160	208	72	280	<nil>
160	208	71	279	<nil>
160	280	75	355	<nil>
160	288	71	359	<nil>
160	281	73	354	<nil>
160	202	72	274	<nil>
160	207	72	279	<nil>
160	286	72	358	<nil>
160	290	71	361	<nil>
160	288	73	361	<nil>
160	313	73	386	<nil>
160	296	72	368	<nil>
160	279	73	352	<nil>
160	221	67	288	<nil>
160	261	73	334	<nil>
160	288	68	356	<nil>
160	309	90	399	<nil>
160	298	80	378	<nil>
160	289	111	400	<nil>
160	309	85	394	<nil>
160	303	99	402	<nil>
160	312	86	398	<nil>
160	313	85	398	<nil>
160	294	102	396	<nil>
160	297	102	399	<nil>
160	217	123	340	<nil>
160	313	86	399	<nil>
160	150	101	251	<nil>
160	347	53	400	<nil>
160	329	70	399	<nil>
160	201	119	320	<nil>
160	303	103	406	<nil>
160	355	55	410	<nil>
160	285	195	480	<nil>
160	306	177	483	<nil>
160	332	162	494	<nil>
160	260	131	391	<nil>
160	357	146	503	<nil>
160	304	196	500	<nil>
160	312	212	524	<nil>
160	357	54	411	<nil>
160	285	214	499	<nil>
160	310	164	474	<nil>
160	366	140	506	<nil>
160	307	196	503	<nil>
160	242	164	406	<nil>
160	354	148	502	<nil>
160	218	177	395	<nil>
160	289	244	533	<nil>
160	332	200	532	<nil>
160	294	243	537	<nil>
160	388	150	538	<nil>
160	309	228	537	<nil>
160	286	214	500	<nil>
160	308	230	538	<nil>
160	403	149	552	<nil>
160	308	317	625	<nil>
160	311	314	625	<nil>
160	113	221	334	<nil>
160	117	221	338	<nil>
160	378	269	647	<nil>
160	114	326	440	<nil>
160	114	327	441	<nil>
160	114	332	446	<nil>
160	109	333	442	<nil>
160	127	334	461	<nil>
160	260	195	455	<nil>
160	265	195	460	<nil>
160	259	194	453	<nil>
160	270	189	459	<nil>
160	252	202	454	<nil>
160	361	15	376	<nil>
160	259	195	454	<nil>
160	258	196	454	<nil>
160	268	192	460	<nil>
160	376	15	391	<nil>
160	266	193	459	<nil>
160	320	139	459	<nil>
160	327	139	466	<nil>
160	326	139	465	<nil>
160	324	135	459	<nil>
160	317	143	460	<nil>
160	320	139	459	<nil>
160	287	172	459	<nil>
160	317	143	460	<nil>
160	259	202	461	<nil>
160	327	139	466	<nil>
160	288	172	460	<nil>
160	279	187	466	<nil>
160	293	172	465	<nil>
160	323	135	458	<nil>
160	325	140	465	<nil>
160	293	172	465	<nil>
160	320	139	459	<nil>
160	280	186	466	<nil>
160	306	153	459	<nil>
160	290	170	460	<nil>
160	294	172	466	<nil>
160	278	187	465	<nil>
160	295	170	465	<nil>
160	361	17	378	<nil>
160	372	18	390	<nil>
160	373	17	390	<nil>
160	441	14	455	<nil>
160	330	142	472	<nil>
160	359	18	377	<nil>
160	373	18	391	<nil>
160	334	18	352	<nil>
160	331	138	469	<nil>
160	362	15	377	<nil>
160	310	149	459	<nil>
160	348	9	357	<nil>
160	384	10	394	<nil>
160	373	18	391	<nil>
160	372	10	382	<nil>
160	376	19	395	<nil>
160	383	17	400	<nil>
160	380	16	396	<nil>
160	378	18	396	<nil>
160	384	18	402	<nil>
160	367	15	382	<nil>
160	324	143	467	<nil>
160	364	19	383	<nil>
160	376	18	394	<nil>
160	373	21	394	<nil>
160	366	15	381	<nil>
160	383	11	394	<nil>
160	385	10	395	<nil>
160	361	19	380	<nil>
160	384	18	402	<nil>
160	330	143	473	<nil>
160	357	10	367	<nil>
160	391	13	404	<nil>
160	449	12	461	<nil>
160	386	12	398	<nil>
160	395	24	419	<nil>
160	273	187	460	<nil>
160	384	16	400	<nil>
160	391	15	406	<nil>
160	369	18	387	<nil>
160	345	25	370	<nil>
160	372	22	394	<nil>
160	379	17	396	<nil>
160	384	24	408	<nil>
160	380	17	397	<nil>
160	391	24	415	<nil>
160	391	18	409	<nil>
160	379	18	397	<nil>
160	357	21	378	<nil>
160	399	14	413	<nil>
160	384	10	394	<nil>
160	386	11	397	<nil>
160	384	26	410	<nil>
160	384	22	406	<nil>
160	376	24	400	<nil>
160	456	22	478	<nil>
160	330	142	472	<nil>
160	389	77	466	<nil>
160	398	107	505	<nil>
160	376	131	507	<nil>
160	397	204	601	<nil>
160	397	207	604	<nil>
160	366	226	592	<nil>
160	354	228	582	<nil>
160	390	227	617	<nil>
160	375	229	604	<nil>
160	362	222	584	<nil>
160	374	229	603	<nil>
160	375	216	591	<nil>
160	392	225	617	<nil>
160	356	244	600	<nil>
160	242	226	468	<nil>
160	318	65	383	<nil>
160	258	236	494	<nil>
160	246	238	484	<nil>
160	242	258	500	<nil>
160	243	260	503	<nil>
160	405	103	508	<nil>
160	234	52	286	<nil>
160	212	74	286	<nil>
160	378	244	622	<nil>
160	390	247	637	<nil>
160	402	196	598	<nil>
160	36	227	263	<nil>
160	79	170	249	<nil>
160	42	225	267	<nil>
160	116	135	251	<nil>
160	49	223	272	<nil>
160	48	226	274	<nil>
160	392	61	453	<nil>
160	143	106	249	<nil>
160	247	222	469	<nil>
160	219	224	443	<nil>
160	247	222	469	<nil>
160	160	223	383	<nil>
160	312	70	382	<nil>
160	227	225	452	<nil>
160	34	229	263	<nil>
160	228	228	456	<nil>
160	154	229	383	<nil>
160	298	85	383	<nil>
160	225	229	454	<nil>
160	206	41	247	<nil>
160	201	47	248	<nil>
160	207	41	248	<nil>
160	208	42	250	<nil>
160	356	257	613	<nil>
160	365	260	625	<nil>
160	247	236	483	<nil>
160	395	255	650	<nil>
160	386	98	484	<nil>
160	228	239	467	<nil>
160	200	47	247	<nil>
160	243	242	485	<nil>
160	191	0	191	rpc error: code = Unavailable desc = transport is closing
160	206	47	253	<nil>
160	205	49	254	<nil>
160	374	125	499	<nil>
160	243	257	500	<nil>
160	243	257	500	<nil>
160	397	264	661	<nil>
160	405	94	499	<nil>
160	211	53	264	<nil>
160	426	238	664	<nil>
160	411	269	680	<nil>
160	395	269	664	<nil>
160	359	283	642	<nil>
160	274	295	569	<nil>
160	219	72	291	<nil>
160	214	72	286	<nil>
160	213	73	286	<nil>
160	215	74	289	<nil>
160	219	92	311	<nil>
160	397	277	674	<nil>
160	374	279	653	<nil>
160	398	276	674	<nil>
160	177	71	248	<nil>
160	438	213	651	<nil>
160	389	299	688	<nil>
160	360	307	667	<nil>
160	365	302	667	<nil>
160	366	305	671	<nil>
160	304	11	315	<nil>
160	562	113	675	<nil>
160	228	294	522	<nil>
160	220	77	297	<nil>
160	235	76	311	<nil>
160	211	92	303	<nil>
160	231	79	310	<nil>
160	222	88	310	<nil>
160	231	79	310	<nil>
160	223	89	312	<nil>
160	225	76	301	<nil>
160	221	92	313	<nil>
160	219	92	311	<nil>
160	211	290	501	<nil>
160	232	86	318	<nil>
160	219	85	304	<nil>
160	405	131	536	<nil>
160	273	45	318	<nil>
160	305	113	418	<nil>
160	280	188	468	<nil>
160	265	235	500	<nil>
160	297	244	541	<nil>
160	297	239	536	<nil>
160	281	272	553	<nil>
160	281	269	550	<nil>
160	279	258	537	<nil>
160	292	261	553	<nil>
160	293	260	553	<nil>
160	257	284	541	<nil>
160	277	281	558	<nil>
160	267	301	568	<nil>
160	201	287	488	<nil>
160	295	277	572	<nil>
160	281	291	572	<nil>
160	211	278	489	<nil>
160	308	247	555	<nil>
160	230	265	495	<nil>
160	220	336	556	<nil>
160	354	203	557	<nil>
160	253	320	573	<nil>
160	195	291	486	<nil>
160	288	281	569	<nil>
160	272	305	577	<nil>
160	280	276	556	<nil>
160	248	322	570	<nil>
160	269	288	557	<nil>
160	295	278	573	<nil>
160	195	292	487	<nil>
160	292	278	570	<nil>
160	184	305	489	<nil>
160	275	281	556	<nil>
160	215	288	503	<nil>
160	279	278	557	<nil>
160	238	273	511	<nil>
160	175	319	494	<nil>
160	260	298	558	<nil>
160	257	284	541	<nil>
160	279	308	587	<nil>
160	256	268	524	<nil>
160	222	299	521	<nil>
160	317	280	597	<nil>
160	251	290	541	<nil>
160	157	299	456	<nil>
160	240	302	542	<nil>
160	237	297	534	<nil>
160	61	300	361	<nil>
160	93	299	392	<nil>
160	255	286	541	<nil>
160	62	299	361	<nil>
160	247	295	542	<nil>
160	311	292	603	<nil>
160	61	345	406	<nil>
160	109	300	409	<nil>
160	61	300	361	<nil>
160	61	329	390	<nil>
160	78	313	391	<nil>
160	55	320	375	<nil>
160	236	293	529	<nil>
160	285	259	544	<nil>
160	232	296	528	<nil>
160	96	242	338	<nil>
160	93	293	386	<nil>
160	194	299	493	<nil>
160	75	279	354	<nil>
160	103	228	331	<nil>
160	77	279	356	<nil>
160	153	209	362	<nil>
160	181	331	512	<nil>
160	325	274	599	<nil>
160	237	278	515	<nil>
160	249	258	507	<nil>
160	211	151	362	<nil>
160	230	280	510	<nil>
160	197	444	641	<nil>
160	236	148	384	<nil>
160	258	227	485	<nil>
160	312	225	537	<nil>
160	230	233	463	<nil>
160	237	234	471	<nil>
160	238	233	471	<nil>
160	238	234	472	<nil>
160	275	198	473	<nil>
160	254	219	473	<nil>
160	273	201	474	<nil>
160	258	215	473	<nil>
160	254	219	473	<nil>
160	238	236	474	<nil>
160	238	235	473	<nil>
160	239	236	475	<nil>
160	317	235	552	<nil>
160	244	235	479	<nil>
160	237	236	473	<nil>
160	260	219	479	<nil>
160	255	223	478	<nil>
160	256	230	486	<nil>
160	261	223	484	<nil>
160	276	204	480	<nil>
160	257	228	485	<nil>
160	371	112	483	<nil>
160	299	186	485	<nil>
160	273	207	480	<nil>
160	276	210	486	<nil>
160	294	186	480	<nil>
160	271	209	480	<nil>
160	245	225	470	<nil>
160	200	226	426	<nil>
160	255	226	481	<nil>
160	254	226	480	<nil>
160	294	198	492	<nil>
160	250	228	478	<nil>
160	297	194	491	<nil>
160	288	206	494	<nil>
160	255	224	479	<nil>
160	287	202	489	<nil>
160	340	152	492	<nil>
160	285	204	489	<nil>
160	294	204	498	<nil>
160	362	130	492	<nil>
160	293	205	498	<nil>
160	290	202	492	<nil>
160	387	102	489	<nil>
160	301	203	504	<nil>
160	294	205	499	<nil>
160	291	208	499	<nil>
160	355	144	499	<nil>
160	367	131	498	<nil>
160	288	205	493	<nil>
160	226	216	442	<nil>
160	288	216	504	<nil>
160	298	249	547	<nil>
160	219	266	485	<nil>
160	370	228	598	<nil>
160	368	242	610	<nil>
160	287	316	603	<nil>
160	362	242	604	<nil>
160	276	261	537	<nil>
160	366	278	644	<nil>
160	291	355	646	<nil>
160	367	279	646	<nil>
160	333	294	627	<nil>
160	283	365	648	<nil>
160	368	279	647	<nil>
160	330	279	609	<nil>
160	294	352	646	<nil>
160	275	352	627	<nil>
160	285	513	798	<nil>
160	326	447	773	<nil>
160	278	445	723	<nil>
160	268	506	774	<nil>
160	291	432	723	<nil>
160	342	432	774	<nil>
160	288	505	793	<nil>
160	295	504	799	<nil>
160	87	512	599	<nil>
160	289	505	794	<nil>
160	221	351	572	<nil>
160	285	507	792	<nil>
160	191	340	531	<nil>
160	215	348	563	<nil>
160	189	225	414	<nil>
160	199	250	449	<nil>
160	292	432	724	<nil>
160	266	507	773	<nil>
160	197	451	648	<nil>
160	158	413	571	<nil>
160	235	278	513	<nil>
160	178	277	455	<nil>
160	193	378	571	<nil>
160	130	263	393	<nil>
160	212	301	513	<nil>
160	327	12	339	<nil>
160	301	2	303	<nil>
160	269	264	533	<nil>
160	196	263	459	<nil>
160	181	277	458	<nil>
160	183	279	462	<nil>
160	302	3	305	<nil>
160	149	314	463	<nil>
160	323	5	328	<nil>
160	196	263	459	<nil>
160	324	3	327	<nil>
160	192	371	563	<nil>
160	177	280	457	<nil>
160	232	300	532	<nil>
160	196	263	459	<nil>
160	163	301	464	<nil>
160	218	315	533	<nil>
160	196	263	459	<nil>
160	193	340	533	<nil>
160	302	7	309	<nil>
160	138	318	456	<nil>
160	288	5	293	<nil>
160	182	279	461	<nil>
160	149	314	463	<nil>
160	248	263	511	<nil>
160	185	350	535	<nil>
160	188	275	463	<nil>
160	284	250	534	<nil>
160	200	315	515	<nil>
160	100	278	378	<nil>
160	151	314	465	<nil>
160	193	342	535	<nil>
160	130	438	568	<nil>
160	196	264	460	<nil>
160	159	304	463	<nil>
160	217	356	573	<nil>
160	192	372	564	<nil>
160	258	276	534	<nil>
160	229	231	460	<nil>
160	139	201	340	<nil>
160	219	316	535	<nil>
160	186	279	465	<nil>
160	204	6	210	<nil>
160	279	250	529	<nil>
160	143	204	347	<nil>
160	232	303	535	<nil>
160	181	353	534	<nil>
160	202	366	568	<nil>
160	213	322	535	<nil>
160	219	314	533	<nil>
160	220	315	535	<nil>
160	193	341	534	<nil>
160	287	507	794	<nil>
160	211	324	535	<nil>
160	168	372	540	<nil>
160	181	279	460	<nil>
160	191	342	533	<nil>
160	196	265	461	<nil>
160	211	325	536	<nil>
160	196	265	461	<nil>
160	144	210	354	<nil>
160	213	323	536	<nil>
160	185	306	491	<nil>
160	154	203	357	<nil>
160	220	315	535	<nil>
160	211	324	535	<nil>
160	156	167	323	<nil>
160	207	7	214	<nil>
160	176	382	558	<nil>
160	214	321	535	<nil>
160	135	205	340	<nil>
160	296	19	315	<nil>
160	168	170	338	<nil>
160	228	8	236	<nil>
160	317	20	337	<nil>
160	307	12	319	<nil>
160	316	9	325	<nil>
160	315	11	326	<nil>
160	321	18	339	<nil>
160	182	277	459	<nil>
160	312	11	323	<nil>
160	311	10	321	<nil>
160	319	18	337	<nil>
160	167	170	337	<nil>
160	309	17	326	<nil>
160	306	13	319	<nil>
160	168	170	338	<nil>
160	220	8	228	<nil>
160	167	170	337	<nil>
160	322	19	341	<nil>
160	167	170	337	<nil>
160	312	12	324	<nil>
160	326	15	341	<nil>
160	317	8	325	<nil>
160	319	18	337	<nil>
160	309	11	320	<nil>
160	314	11	325	<nil>
160	167	170	337	<nil>
160	309	11	320	<nil>
160	323	3	326	<nil>
160	284	2	286	<nil>
160	283	3	286	<nil>
160	151	313	464	<nil>
160	324	3	327	<nil>
160	192	375	567	<nil>
160	304	3	307	<nil>
160	305	5	310	<nil>
160	304	4	308	<nil>
160	284	4	288	<nil>
160	301	4	305	<nil>
160	303	4	307	<nil>
160	283	5	288	<nil>
160	165	4	169	<nil>
160	269	241	510	<nil>
160	302	7	309	<nil>
160	282	7	289	<nil>
160	300	7	307	<nil>
160	219	315	534	<nil>
160	238	279	517	<nil>
160	182	279	461	<nil>
160	212	6	218	<nil>
160	211	325	536	<nil>
160	208	7	215	<nil>
160	156	169	325	<nil>
160	207	8	215	<nil>
160	323	2	325	<nil>
160	178	279	457	<nil>
160	168	6	174	<nil>
160	156	6	162	<nil>
160	174	7	181	<nil>
160	174	8	182	<nil>
160	168	9	177	<nil>
160	169	8	177	<nil>
160	169	8	177	<nil>
160	278	0	278	rpc error: code = Unavailable desc = transport is closing
160	275	0	275	rpc error: code = Unavailable desc = transport is closing
160	301	0	301	rpc error: code = Unavailable desc = transport is closing
160	281	0	281	rpc error: code = Unavailable desc = transport is closing
160	299	0	299	rpc error: code = Unavailable desc = transport is closing
160	291	0	291	rpc error: code = Unavailable desc = transport is closing
160	329	0	329	rpc error: code = Unavailable desc = transport is closing
160	298	0	298	rpc error: code = Unavailable desc = transport is closing
160	268	0	268	rpc error: code = Unavailable desc = transport is closing
160	275	0	275	rpc error: code = Unavailable desc = transport is closing
160	296	0	296	rpc error: code = Unavailable desc = transport is closing
160	274	0	274	rpc error: code = Unavailable desc = transport is closing
160	275	21	296	<nil>
160	274	20	294	<nil>
160	285	22	307	<nil>
160	274	22	296	<nil>
160	274	23	297	<nil>
160	282	0	282	rpc error: code = Unavailable desc = transport is closing
160	282	0	282	rpc error: code = Unavailable desc = transport is closing
160	286	0	286	rpc error: code = Unavailable desc = transport is closing
160	285	0	285	rpc error: code = Unavailable desc = transport is closing
160	298	0	298	rpc error: code = Unavailable desc = transport is closing
160	276	0	276	rpc error: code = Unavailable desc = transport is closing
160	279	0	279	rpc error: code = Unavailable desc = transport is closing
160	291	0	291	rpc error: code = Unavailable desc = transport is closing
160	282	0	282	rpc error: code = Unavailable desc = transport is closing
160	286	14	300	<nil>
160	301	0	301	rpc error: code = Unavailable desc = transport is closing
160	286	13	299	<nil>
160	304	0	304	rpc error: code = Unavailable desc = transport is closing
160	293	17	310	<nil>
160	283	0	283	rpc error: code = Unavailable desc = transport is closing
160	286	12	298	<nil>
160	286	14	300	<nil>
160	279	0	279	rpc error: code = Unavailable desc = transport is closing
160	287	12	299	<nil>
160	307	16	323	<nil>
160	287	16	303	<nil>
160	307	5	312	<nil>
160	294	20	314	<nil>
160	289	13	302	<nil>
160	299	15	314	<nil>
160	293	21	314	<nil>
160	295	17	312	<nil>
160	297	12	309	<nil>
160	293	17	310	<nil>
160	279	0	279	rpc error: code = Unavailable desc = transport is closing
160	298	14	312	<nil>
160	288	22	310	<nil>
160	296	16	312	<nil>
160	310	22	332	<nil>
160	293	17	310	<nil>
160	302	14	316	<nil>
160	298	17	315	<nil>
160	291	17	308	<nil>
160	301	15	316	<nil>
160	300	9	309	<nil>
160	292	17	309	<nil>
160	307	4	311	<nil>
160	300	16	316	<nil>
160	306	6	312	<nil>
160	306	5	311	<nil>
160	307	4	311	<nil>
160	290	29	319	<nil>
160	300	12	312	<nil>
160	310	3	313	<nil>
160	287	30	317	<nil>
160	307	4	311	<nil>
160	298	14	312	<nil>
160	292	18	310	<nil>
160	294	16	310	<nil>
160	293	16	309	<nil>
160	287	28	315	<nil>
160	299	16	315	<nil>
160	290	23	313	<nil>
160	308	3	311	<nil>
160	310	13	323	<nil>
160	299	19	318	<nil>
160	281	0	281	rpc error: code = Unavailable desc = transport is closing
160	312	6	318	<nil>
160	311	7	318	<nil>
160	310	5	315	<nil>
160	312	6	318	<nil>
160	311	5	316	<nil>
160	288	13	301	<nil>
160	309	9	318	<nil>
160	309	8	317	<nil>
160	310	8	318	<nil>
160	309	8	317	<nil>
160	285	33	318	<nil>
160	310	8	318	<nil>
160	284	16	300	<nil>
160	308	11	319	<nil>
160	312	9	321	<nil>
160	294	27	321	<nil>
160	291	34	325	<nil>
160	308	12	320	<nil>
160	308	96	404	<nil>
160	308	98	406	<nil>
160	311	95	406	<nil>
160	314	93	407	<nil>
160	305	100	405	<nil>
160	308	98	406	<nil>
160	298	109	407	<nil>
160	309	98	407	<nil>
160	298	110	408	<nil>
160	311	98	409	<nil>
160	314	96	410	<nil>
160	314	97	411	<nil>
160	310	98	408	<nil>
160	297	111	408	<nil>
160	309	99	408	<nil>
160	317	120	437	<nil>
160	302	130	432	<nil>
160	313	121	434	<nil>
160	316	135	451	<nil>
160	318	131	449	<nil>
160	318	133	451	<nil>
160	319	135	454	<nil>
160	316	136	452	<nil>
160	296	154	450	<nil>
160	318	150	468	<nil>
160	302	213	515	<nil>
160	314	237	551	<nil>
160	301	268	569	<nil>
160	305	269	574	<nil>
160	303	273	576	<nil>
160	307	270	577	<nil>
160	306	269	575	<nil>
160	307	267	574	<nil>
160	312	265	577	<nil>
160	317	260	577	<nil>
160	314	271	585	<nil>
160	319	268	587	<nil>
160	310	279	589	<nil>
160	310	274	584	<nil>
160	308	277	585	<nil>
160	311	275	586	<nil>
160	313	269	582	<nil>
160	305	277	582	<nil>
160	313	267	580	<nil>
160	386	198	584	<nil>
160	308	279	587	<nil>
160	305	280	585	<nil>
160	315	261	576	<nil>
160	305	279	584	<nil>
160	304	276	580	<nil>
160	307	272	579	<nil>
160	312	272	584	<nil>
160	310	270	580	<nil>
160	301	292	593	<nil>
160	313	283	596	<nil>
160	318	276	594	<nil>
160	308	293	601	<nil>
160	306	296	602	<nil>
160	316	286	602	<nil>
160	309	296	605	<nil>
160	319	285	604	<nil>
160	15	293	308	<nil>
160	304	300	604	<nil>
160	307	298	605	<nil>
160	275	123	398	<nil>
160	257	126	383	<nil>
160	263	124	387	<nil>
160	260	124	384	<nil>
160	253	133	386	<nil>
160	287	103	390	<nil>
160	305	105	410	<nil>
160	301	92	393	<nil>
160	259	123	382	<nil>
160	261	125	386	<nil>
160	265	133	398	<nil>
160	267	135	402	<nil>
160	277	125	402	<nil>
160	259	123	382	<nil>
160	257	127	384	<nil>
160	258	128	386	<nil>
160	256	127	383	<nil>
160	304	104	408	<nil>
160	286	104	390	<nil>
160	351	39	390	<nil>
160	274	126	400	<nil>
160	300	90	390	<nil>
160	301	92	393	<nil>
160	263	134	397	<nil>
160	275	125	400	<nil>
160	355	42	397	<nil>
160	303	111	414	<nil>
160	287	112	399	<nil>
160	287	115	402	<nil>
160	301	115	416	<nil>
160	317	97	414	<nil>
160	303	111	414	<nil>
160	302	112	414	<nil>
160	352	49	401	<nil>
160	302	123	425	<nil>
160	286	122	408	<nil>
160	289	121	410	<nil>
160	249	163	412	<nil>
160	270	164	434	<nil>
160	287	121	408	<nil>
160	266	166	432	<nil>
160	287	121	408	<nil>
160	300	162	462	<nil>
160	305	184	489	<nil>
160	355	187	542	<nil>
160	370	189	559	<nil>
160	369	189	558	<nil>
160	361	228	589	<nil>
160	357	232	589	<nil>
160	371	222	593	<nil>
160	389	223	612	<nil>
160	383	229	612	<nil>
160	460	173	633	<nil>
160	391	232	623	<nil>
160	445	174	619	<nil>
160	449	176	625	<nil>
160	428	175	603	<nil>
160	385	237	622	<nil>
160	406	219	625	<nil>
160	404	221	625	<nil>
160	444	180	624	<nil>
160	462	372	834	<nil>
160	391	437	828	<nil>
160	434	383	817	<nil>
160	385	436	821	<nil>
160	447	375	822	<nil>
160	405	418	823	<nil>
160	452	372	824	<nil>
160	393	433	826	<nil>
160	454	381	835	<nil>
160	370	438	808	<nil>
160	185	380	565	<nil>
160	389	439	828	<nil>
160	403	435	838	<nil>
160	187	377	564	<nil>
160	369	378	747	<nil>
160	400	435	835	<nil>
160	448	379	827	<nil>
160	453	377	830	<nil>
160	282	378	660	<nil>
160	273	379	652	<nil>
160	351	377	728	<nil>
160	292	377	669	<nil>
160	256	288	544	<nil>
160	268	381	649	<nil>
160	447	379	826	<nil>
160	229	440	669	<nil>
160	243	427	670	<nil>
160	184	380	564	<nil>
160	398	430	828	<nil>
160	213	438	651	<nil>
160	147	400	547	<nil>
160	397	441	838	<nil>
160	168	378	546	<nil>
160	292	377	669	<nil>
160	248	289	537	<nil>
160	448	380	828	<nil>
160	237	433	670	<nil>
160	393	435	828	<nil>
160	228	441	669	<nil>
160	166	380	546	<nil>
160	404	423	827	<nil>
160	391	440	831	<nil>
160	291	379	670	<nil>
160	153	436	589	<nil>
160	161	437	598	<nil>
160	449	379	828	<nil>
160	271	381	652	<nil>
160	444	380	824	<nil>
160	452	378	830	<nil>
160	134	433	567	<nil>
160	452	379	831	<nil>
160	399	439	838	<nil>
160	232	437	669	<nil>
160	235	436	671	<nil>
160	228	442	670	<nil>
160	284	291	575	<nil>
160	247	299	546	<nil>
160	168	379	547	<nil>
160	217	328	545	<nil>
160	247	300	547	<nil>
160	380	440	820	<nil>
160	272	381	653	<nil>
160	248	299	547	<nil>
160	292	379	671	<nil>
160	449	379	828	<nil>
160	452	379	831	<nil>
160	231	442	673	<nil>
160	387	441	828	<nil>
160	167	379	546	<nil>
160	151	402	553	<nil>
160	256	291	547	<nil>
160	254	437	691	<nil>
160	431	378	809	<nil>
160	174	367	541	<nil>
160	294	376	670	<nil>
160	292	381	673	<nil>
160	287	263	550	<nil>
160	239	432	671	<nil>
160	389	442	831	<nil>
160	292	377	669	<nil>
160	242	427	669	<nil>
160	186	378	564	<nil>
160	133	431	564	<nil>
160	243	303	546	<nil>
160	288	379	667	<nil>
160	166	380	546	<nil>
160	218	329	547	<nil>
160	306	367	673	<nil>
160	308	370	678	<nil>
160	308	370	678	<nil>
160	233	373	606	<nil>
160	190	432	622	<nil>
160	299	434	733	<nil>
160	298	438	736	<nil>
160	237	399	636	<nil>
160	300	436	736	<nil>
160	427	228	655	<nil>
160	458	229	687	<nil>
160	463	238	701	<nil>
160	464	238	702	<nil>
160	427	238	665	<nil>
160	417	238	655	<nil>
160	385	238	623	<nil>
160	420	238	658	<nil>
160	419	251	670	<nil>
160	418	251	669	<nil>
160	432	251	683	<nil>
160	466	252	718	<nil>
160	466	251	717	<nil>
160	457	244	701	<nil>
160	528	177	705	<nil>
160	550	159	709	<nil>
160	434	234	668	<nil>
160	548	152	700	<nil>
160	535	165	700	<nil>
160	520	190	710	<nil>
160	556	157	713	<nil>
160	543	175	718	<nil>
160	467	186	653	<nil>
160	479	238	717	<nil>
160	611	110	721	<nil>
160	481	233	714	<nil>
160	541	176	717	<nil>
160	595	115	710	<nil>
160	452	259	711	<nil>
160	618	99	717	<nil>
160	574	145	719	<nil>
160	526	190	716	<nil>
160	619	100	719	<nil>
160	619	101	720	<nil>
160	484	117	601	<nil>
160	528	180	708	<nil>
160	575	101	676	<nil>
160	526	176	702	<nil>
160	575	101	676	<nil>
160	554	119	673	<nil>
160	557	152	709	<nil>
160	577	108	685	<nil>
160	450	115	565	<nil>
160	435	117	552	<nil>
160	501	127	628	<nil>
160	283	57	340	<nil>
160	428	93	521	<nil>
160	389	93	482	<nil>
160	388	93	481	<nil>
160	460	117	577	<nil>
160	419	94	513	<nil>
160	613	106	719	<nil>
160	391	94	485	<nil>
160	426	94	520	<nil>
160	575	100	675	<nil>
160	469	112	581	<nil>
160	619	101	720	<nil>
160	575	102	677	<nil>
160	436	112	548	<nil>
160	391	93	484	<nil>
160	434	93	527	<nil>
160	390	92	482	<nil>
160	390	92	482	<nil>
160	283	50	333	<nil>
160	285	49	334	<nil>
160	287	46	333	<nil>
160	390	94	484	<nil>
160	282	48	330	<nil>
160	278	51	329	<nil>
160	285	58	343	<nil>
160	391	93	484	<nil>
160	300	30	330	<nil>
160	276	58	334	<nil>
160	308	30	338	<nil>
160	300	26	326	<nil>
160	313	57	370	<nil>
160	312	109	421	<nil>
160	314	164	478	<nil>
160	314	165	479	<nil>
160	312	185	497	<nil>
160	314	187	501	<nil>
160	316	189	505	<nil>
160	310	190	500	<nil>
160	315	189	504	<nil>
160	322	182	504	<nil>
160	310	193	503	<nil>
160	323	182	505	<nil>
160	315	193	508	<nil>
160	303	203	506	<nil>
160	312	192	504	<nil>
160	308	199	507	<nil>
160	321	240	561	<nil>
160	328	247	575	<nil>
160	322	253	575	<nil>
160	309	266	575	<nil>
160	312	263	575	<nil>
160	315	274	589	<nil>
160	316	275	591	<nil>
160	312	276	588	<nil>
160	312	276	588	<nil>
160	313	276	589	<nil>
160	322	267	589	<nil>
160	314	276	590	<nil>
160	312	279	591	<nil>
160	321	268	589	<nil>
160	311	279	590	<nil>
160	292	278	570	<nil>
160	322	267	589	<nil>
160	325	264	589	<nil>
160	298	277	575	<nil>
160	327	262	589	<nil>
160	309	278	587	<nil>
160	267	0	267	rpc error: code = Unavailable desc = transport is closing
160	281	0	281	rpc error: code = Unavailable desc = transport is closing
160	328	292	620	<nil>
160	333	296	629	<nil>
160	313	312	625	<nil>
160	315	313	628	<nil>
160	319	307	626	<nil>
160	311	314	625	<nil>
160	313	312	625	<nil>
160	302	323	625	<nil>
160	312	313	625	<nil>
160	343	287	630	<nil>
160	342	288	630	<nil>
160	343	287	630	<nil>
160	334	296	630	<nil>
160	334	290	624	<nil>
160	127	318	445	<nil>
160	155	282	437	<nil>
160	340	322	662	<nil>
160	323	376	699	<nil>
160	354	304	658	<nil>
160	194	338	532	<nil>
160	148	319	467	<nil>
160	197	222	419	<nil>
160	331	387	718	<nil>
160	342	318	660	<nil>
160	138	282	420	<nil>
160	342	317	659	<nil>
160	330	2	332	<nil>
160	343	287	630	<nil>
160	343	288	631	<nil>
160	149	359	508	<nil>
160	326	375	701	<nil>
160	321	379	700	<nil>
160	331	388	719	<nil>
160	340	381	721	<nil>
160	186	396	582	<nil>
160	378	341	719	<nil>
160	323	396	719	<nil>
160	324	397	721	<nil>
160	353	368	721	<nil>
160	328	392	720	<nil>
160	325	401	726	<nil>
160	205	389	594	<nil>
160	177	243	420	<nil>
160	341	385	726	<nil>
160	320	304	624	<nil>
160	164	372	536	<nil>
160	322	402	724	<nil>
160	324	402	726	<nil>
160	324	401	725	<nil>
160	324	402	726	<nil>
160	154	347	501	<nil>
160	195	393	588	<nil>
160	325	402	727	<nil>
160	150	386	536	<nil>
160	139	354	493	<nil>
160	333	94	427	<nil>
160	164	328	492	<nil>
160	148	386	534	<nil>
160	121	393	514	<nil>
160	178	325	503	<nil>
160	188	273	461	<nil>
160	261	158	419	<nil>
160	326	99	425	<nil>
160	226	236	462	<nil>
160	142	358	500	<nil>
160	279	156	435	<nil>
160	163	334	497	<nil>
160	277	158	435	<nil>
160	338	95	433	<nil>
160	355	79	434	<nil>
160	334	100	434	<nil>
160	356	79	435	<nil>
160	293	102	395	<nil>
160	278	158	436	<nil>
160	164	334	498	<nil>
160	359	263	622	<nil>
160	334	305	639	<nil>
160	410	234	644	<nil>
160	348	296	644	<nil>
160	411	234	645	<nil>
160	349	296	645	<nil>
160	411	235	646	<nil>
160	411	234	645	<nil>
160	360	296	656	<nil>
160	383	235	618	<nil>
160	422	224	646	<nil>
160	421	225	646	<nil>
160	394	225	619	<nil>
160	355	297	652	<nil>
160	322	869	1191	<nil>
160	282	874	1156	<nil>
160	415	780	1195	<nil>
160	431	792	1223	<nil>
160	322	874	1196	<nil>
160	451	773	1224	<nil>
160	426	772	1198	<nil>
160	297	875	1172	<nil>
160	349	876	1225	<nil>
160	379	813	1192	<nil>
160	428	767	1195	<nil>
160	323	875	1198	<nil>
160	324	870	1194	<nil>
160	321	876	1197	<nil>
160	425	772	1197	<nil>
160	396	813	1209	<nil>
160	181	778	959	<nil>
160	54	868	922	<nil>
160	158	880	1038	<nil>
160	239	795	1034	<nil>
160	262	779	1041	<nil>
160	249	786	1035	<nil>
160	255	782	1037	<nil>
160	261	779	1040	<nil>
160	160	879	1039	<nil>
160	249	786	1035	<nil>
160	322	888	1210	<nil>
160	320	891	1211	<nil>
160	252	786	1038	<nil>
160	241	794	1035	<nil>
160	249	786	1035	<nil>
160	181	778	959	<nil>
160	330	881	1211	<nil>
160	234	888	1122	<nil>
160	321	890	1211	<nil>
160	318	889	1207	<nil>
160	554	656	1210	<nil>
160	250	827	1077	<nil>
160	416	794	1210	<nil>
160	332	879	1211	<nil>
160	327	889	1216	<nil>
160	261	780	1041	<nil>
160	321	890	1211	<nil>
160	387	795	1182	<nil>
160	538	700	1238	<nil>
160	384	827	1211	<nil>
160	384	827	1211	<nil>
160	512	699	1211	<nil>
160	252	785	1037	<nil>
160	194	785	979	<nil>
160	217	780	997	<nil>
160	430	780	1210	<nil>
160	349	715	1064	<nil>
160	361	702	1063	<nil>
160	895	133	1028	<nil>
160	895	133	1028	<nil>
160	896	133	1029	<nil>
160	864	133	997	<nil>
160	896	133	1029	<nil>
160	898	133	1031	<nil>
160	896	133	1029	<nil>
160	897	133	1030	<nil>
160	878	124	1002	<nil>
160	896	134	1030	<nil>
160	917	124	1041	<nil>
160	868	134	1002	<nil>
160	910	136	1046	<nil>
160	908	135	1043	<nil>
160	910	135	1045	<nil>
160	893	135	1028	<nil>
160	878	154	1032	<nil>
160	909	155	1064	<nil>
160	909	155	1064	<nil>
160	910	155	1065	<nil>
160	876	155	1031	<nil>
160	910	156	1066	<nil>
160	792	156	948	<nil>
160	909	156	1065	<nil>
160	866	78	944	<nil>
160	801	159	960	<nil>
160	990	79	1069	<nil>
160	792	159	951	<nil>
160	890	61	951	<nil>
160	881	70	951	<nil>
160	874	70	944	<nil>
160	792	159	951	<nil>
160	900	81	981	<nil>
160	892	81	973	<nil>
160	892	81	973	<nil>
160	987	80	1067	<nil>
160	891	81	972	<nil>
160	918	81	999	<nil>
160	893	82	975	<nil>
160	894	80	974	<nil>
160	986	95	1081	<nil>
160	891	87	978	<nil>
160	885	81	966	<nil>
160	895	87	982	<nil>
160	900	90	990	<nil>
160	876	84	960	<nil>
160	872	86	958	<nil>
160	925	83	1008	<nil>
160	996	87	1083	<nil>
160	873	86	959	<nil>
160	901	87	988	<nil>
160	897	84	981	<nil>
160	902	87	989	<nil>
160	902	87	989	<nil>
160	897	84	981	<nil>
160	924	87	1011	<nil>
160	910	84	994	<nil>
160	904	85	989	<nil>
160	894	88	982	<nil>
160	897	84	981	<nil>
160	905	116	1021	<nil>
160	897	85	982	<nil>
160	876	84	960	<nil>
160	900	84	984	<nil>
160	900	84	984	<nil>
160	895	85	980	<nil>
160	896	86	982	<nil>
160	891	89	980	<nil>
160	896	84	980	<nil>
160	901	89	990	<nil>
160	897	84	981	<nil>
160	872	87	959	<nil>
160	877	83	960	<nil>
160	897	85	982	<nil>
160	897	110	1007	<nil>
160	901	113	1014	<nil>
160	905	109	1014	<nil>
160	845	112	957	<nil>
160	890	88	978	<nil>
160	986	119	1105	<nil>
160	895	87	982	<nil>
160	876	108	984	<nil>
160	895	124	1019	<nil>
160	876	136	1012	<nil>
160	907	169	1076	<nil>
160	877	250	1127	<nil>
160	891	264	1155	<nil>
160	876	265	1141	<nil>
160	878	265	1143	<nil>
160	876	266	1142	<nil>
160	906	265	1171	<nil>
160	891	266	1157	<nil>
160	716	262	978	<nil>
160	709	275	984	<nil>
160	711	279	990	<nil>
160	709	275	984	<nil>
160	711	275	986	<nil>
160	710	280	990	<nil>
160	710	312	1022	<nil>
160	707	330	1037	<nil>
160	708	332	1040	<nil>
160	709	331	1040	<nil>
160	709	332	1041	<nil>
160	709	332	1041	<nil>
160	711	332	1043	<nil>
160	138	332	470	<nil>
160	708	337	1045	<nil>
160	147	337	484	<nil>
160	146	363	509	<nil>
160	208	303	511	<nil>
160	177	315	492	<nil>
160	194	324	518	<nil>
160	203	304	507	<nil>
160	190	296	486	<nil>
160	243	257	500	<nil>
160	147	369	516	<nil>
160	217	279	496	<nil>
160	158	344	502	<nil>
160	177	316	493	<nil>
160	182	331	513	<nil>
160	182	330	512	<nil>
160	222	264	486	<nil>
160	177	319	496	<nil>
160	192	332	524	<nil>
160	180	318	498	<nil>
160	178	318	496	<nil>
160	148	369	517	<nil>
160	181	319	500	<nil>
160	226	270	496	<nil>
160	191	333	524	<nil>
160	193	329	522	<nil>
160	226	258	484	<nil>
160	180	321	501	<nil>
160	178	331	509	<nil>
160	179	331	510	<nil>
160	214	292	506	<nil>
160	176	335	511	<nil>
160	179	330	509	<nil>
160	181	330	511	<nil>
160	186	325	511	<nil>
160	222	291	513	<nil>
160	180	324	504	<nil>
160	177	333	510	<nil>
160	177	334	511	<nil>
160	265	247	512	<nil>
160	178	335	513	<nil>
160	231	281	512	<nil>
160	216	297	513	<nil>
160	180	333	513	<nil>
160	214	183	397	<nil>
160	200	313	513	<nil>
160	181	229	410	<nil>
160	256	154	410	<nil>
160	224	283	507	<nil>
160	174	339	513	<nil>
160	229	183	412	<nil>
160	182	229	411	<nil>
160	174	337	511	<nil>
160	230	204	434	<nil>
160	226	207	433	<nil>
160	308	72	380	<nil>
160	318	75	393	<nil>
160	201	211	412	<nil>
160	207	211	418	<nil>
160	232	283	515	<nil>
160	201	211	412	<nil>
160	230	202	432	<nil>
160	222	280	502	<nil>
160	214	296	510	<nil>
160	176	334	510	<nil>
160	304	74	378	<nil>
160	316	73	389	<nil>
160	237	203	440	<nil>
160	313	101	414	<nil>
160	238	202	440	<nil>
160	292	147	439	<nil>
160	242	218	460	<nil>
160	316	98	414	<nil>
160	316	100	416	<nil>
160	298	101	399	<nil>
160	236	203	439	<nil>
160	316	98	414	<nil>
160	314	124	438	<nil>
160	238	203	441	<nil>
160	226	213	439	<nil>
160	349	20	369	<nil>
160	237	203	440	<nil>
160	254	202	456	<nil>
160	297	161	458	<nil>
160	351	51	402	<nil>
160	352	50	402	<nil>
160	392	51	443	<nil>
160	225	184	409	<nil>
160	180	334	514	<nil>
160	183	230	413	<nil>
160	352	234	586	<nil>
160	244	492	736	<nil>
160	363	277	640	<nil>
160	371	277	648	<nil>
160	400	284	684	<nil>
160	396	283	679	<nil>
160	342	284	626	<nil>
160	371	283	654	<nil>
160	375	297	672	<nil>
160	243	494	737	<nil>
160	384	279	663	<nil>
160	425	278	703	<nil>
160	424	280	704	<nil>
160	388	280	668	<nil>
160	442	310	752	<nil>
160	425	312	737	<nil>
160	387	351	738	<nil>
160	409	334	743	<nil>
160	334	362	696	<nil>
160	354	342	696	<nil>
160	323	376	699	<nil>
160	371	331	702	<nil>
160	334	368	702	<nil>
160	314	262	576	<nil>
160	146	387	533	<nil>
160	415	17	432	<nil>
160	369	13	382	<nil>
160	358	12	370	<nil>
160	627	90	717	<nil>
160	417	22	439	<nil>
160	375	350	725	<nil>
160	372	350	722	<nil>
160	366	12	378	<nil>
160	315	431	746	<nil>
160	404	70	474	<nil>
160	175	433	608	<nil>
160	334	412	746	<nil>
160	384	334	718	<nil>
160	308	235	543	<nil>
160	198	427	625	<nil>
160	190	422	612	<nil>
160	113	427	540	<nil>
160	188	292	480	<nil>
160	641	127	768	<nil>
160	252	435	687	<nil>
160	426	135	561	<nil>
160	210	421	631	<nil>
160	323	412	735	<nil>
160	330	232	562	<nil>
160	291	190	481	<nil>
160	343	232	575	<nil>
160	195	437	632	<nil>
160	361	77	438	<nil>
160	408	131	539	<nil>
160	202	429	631	<nil>
160	428	133	561	<nil>
160	180	433	613	<nil>
160	426	136	562	<nil>
160	342	447	789	<nil>
160	428	133	561	<nil>
160	383	405	788	<nil>
160	352	156	508	<nil>
160	627	139	766	<nil>
160	370	394	764	<nil>
160	377	64	441	<nil>
160	197	288	485	<nil>
160	187	432	619	<nil>
160	625	138	763	<nil>
160	626	139	765	<nil>
160	181	439	620	<nil>
160	356	407	763	<nil>
160	626	138	764	<nil>
160	200	431	631	<nil>
160	336	995	1331	<nil>
160	337	1385	1722	<nil>
160	200	1226	1426	<nil>
160	342	1367	1709	<nil>
160	331	1378	1709	<nil>
160	355	1354	1709	<nil>
160	356	1381	1737	<nil>
160	374	1337	1711	<nil>
160	121	1368	1489	<nil>
160	390	1006	1396	<nil>
160	369	1353	1722	<nil>
160	313	1395	1708	<nil>
160	336	1374	1710	<nil>
160	342	1377	1719	<nil>
160	28	995	1023	<nil>
160	196	1386	1582	<nil>
160	373	1000	1373	<nil>
160	95	995	1090	<nil>
160	351	1000	1351	<nil>
160	351	1000	1351	<nil>
160	358	1006	1364	<nil>
160	401	1076	1477	<nil>
160	141	1065	1206	<nil>
160	410	1069	1479	<nil>
160	446	1069	1515	<nil>
160	403	1105	1508	<nil>
160	442	1070	1512	<nil>
160	480	1063	1543	<nil>
160	295	1068	1363	<nil>
160	478	1065	1543	<nil>
160	480	1063	1543	<nil>
160	134	1063	1197	<nil>
160	149	1063	1212	<nil>
160	477	1066	1543	<nil>
160	371	1109	1480	<nil>
160	121	1068	1189	<nil>
160	389	1071	1460	<nil>
160	482	1072	1554	<nil>
160	419	1070	1489	<nil>
160	411	1078	1489	<nil>
160	417	1071	1488	<nil>
160	386	1071	1457	<nil>
160	139	1066	1205	<nil>
160	481	1071	1552	<nil>
160	480	1073	1553	<nil>
160	397	1071	1468	<nil>
160	401	1066	1467	<nil>
160	137	1072	1209	<nil>
160	487	1064	1551	<nil>
160	481	1071	1552	<nil>
160	132	1075	1207	<nil>
160	422	1067	1489	<nil>
160	411	1078	1489	<nil>
160	427	1073	1500	<nil>
160	478	1075	1553	<nil>
160	316	1071	1387	<nil>
160	143	1073	1216	<nil>
160	385	1072	1457	<nil>
160	422	1067	1489	<nil>
160	392	1076	1468	<nil>
160	479	1070	1549	<nil>
160	479	1073	1552	<nil>
160	476	1075	1551	<nil>
160	415	1073	1488	<nil>
160	478	1075	1553	<nil>
160	1333	136	1469	<nil>
160	1338	130	1468	<nil>
160	1384	130	1514	<nil>
160	1372	131	1503	<nil>
160	1427	112	1539	<nil>
160	1361	113	1474	<nil>
160	1435	70	1505	<nil>
160	409	1096	1505	<nil>
160	1423	96	1519	<nil>
160	1393	155	1548	<nil>
160	1370	134	1504	<nil>
160	1487	82	1569	<nil>
160	1143	83	1226	<nil>
160	1141	83	1224	<nil>
160	1436	129	1565	<nil>
160	1424	81	1505	<nil>
160	1371	113	1484	<nil>
160	1144	71	1215	<nil>
160	1145	71	1216	<nil>
160	1423	82	1505	<nil>
160	1111	112	1223	<nil>
160	1423	83	1506	<nil>
160	1390	82	1472	<nil>
160	1411	82	1493	<nil>
160	1441	65	1506	<nil>
160	1433	83	1516	<nil>
160	1400	83	1483	<nil>
160	1144	82	1226	<nil>
160	1372	174	1546	<nil>
160	1140	111	1251	<nil>
160	1435	71	1506	<nil>
160	1422	80	1502	<nil>
160	409	1163	1572	<nil>
160	140	68	208	<nil>
160	1425	230	1655	<nil>
160	1083	222	1305	<nil>
160	387	1186	1573	<nil>
160	140	91	231	<nil>
160	1250	223	1473	<nil>
160	1121	118	1239	<nil>
160	1156	119	1275	<nil>
160	1131	117	1248	<nil>
160	139	110	249	<nil>
160	141	124	265	<nil>
160	201	102	303	<nil>
160	1152	201	1353	<nil>
160	217	201	418	<nil>
160	1205	200	1405	<nil>
160	201	201	402	<nil>
160	1215	201	1416	<nil>
160	1156	201	1357	<nil>
160	1242	200	1442	<nil>
160	1130	301	1431	<nil>
160	1131	303	1434	<nil>
160	1223	217	1440	<nil>
160	232	221	453	<nil>
160	202	249	451	<nil>
160	249	207	456	<nil>
160	247	208	455	<nil>
160	1261	135	1396	<nil>
160	204	253	457	<nil>
160	1266	134	1400	<nil>
160	231	223	454	<nil>
160	203	252	455	<nil>
160	302	154	456	<nil>
160	168	254	422	<nil>
160	1244	155	1399	<nil>
160	232	223	455	<nil>
160	302	154	456	<nil>
160	1245	155	1400	<nil>
160	263	193	456	<nil>
160	1314	154	1468	<nil>
160	232	224	456	<nil>
160	1187	224	1411	<nil>
160	301	153	454	<nil>
160	1323	155	1478	<nil>
160	203	253	456	<nil>
160	1264	136	1400	<nil>
160	198	254	452	<nil>
160	302	154	456	<nil>
160	1238	223	1461	<nil>
160	201	255	456	<nil>
160	1313	155	1468	<nil>
160	248	207	455	<nil>
160	205	253	458	<nil>
160	222	222	444	<nil>
160	1294	155	1449	<nil>
160	234	224	458	<nil>
160	1293	135	1428	<nil>
160	225	229	454	<nil>
160	1209	254	1463	<nil>
160	173	265	438	<nil>
160	250	202	452	<nil>
160	202	265	467	<nil>
160	302	165	467	<nil>
160	1315	102	1417	<nil>
160	271	168	439	<nil>
160	274	67	341	<nil>
160	176	266	442	<nil>
160	201	241	442	<nil>
160	189	271	460	<nil>
160	271	172	443	<nil>
160	257	99	356	<nil>
160	193	272	465	<nil>
160	203	271	474	<nil>
160	1263	173	1436	<nil>
160	202	272	474	<nil>
160	192	282	474	<nil>
160	205	270	475	<nil>
160	203	242	445	<nil>
160	198	276	474	<nil>
160	138	291	429	<nil>
160	202	261	463	<nil>
160	137	227	364	<nil>
160	202	265	467	<nil>
160	179	188	367	<nil>
160	166	207	373	<nil>
160	124	245	369	<nil>
160	143	294	437	<nil>
160	123	303	426	<nil>
160	181	254	435	<nil>
160	138	415	553	<nil>
160	136	417	553	<nil>
160	92	412	504	<nil>
160	151	387	538	<nil>
160	278	229	507	<nil>
160	310	197	507	<nil>
160	308	200	508	<nil>
160	281	226	507	<nil>
160	123	382	505	<nil>
160	202	306	508	<nil>
160	122	372	494	<nil>
160	265	183	448	<nil>
160	325	194	519	<nil>
160	170	335	505	<nil>
160	265	227	492	<nil>
160	317	191	508	<nil>
160	107	413	520	<nil>
160	312	196	508	<nil>
160	284	227	511	<nil>
160	267	229	496	<nil>
160	282	226	508	<nil>
160	317	191	508	<nil>
160	194	315	509	<nil>
160	279	227	506	<nil>
160	325	197	522	<nil>
160	264	263	527	<nil>
160	328	270	598	<nil>
160	317	271	588	<nil>
160	264	271	535	<nil>
160	263	271	534	<nil>
160	294	254	548	<nil>
160	292	256	548	<nil>
160	295	258	553	<nil>
160	299	255	554	<nil>
160	299	266	565	<nil>
160	299	268	567	<nil>
160	299	278	577	<nil>
160	299	273	572	<nil>
160	294	278	572	<nil>
160	261	303	564	<nil>
160	422	151	573	<nil>
160	322	220	542	<nil>
160	362	219	581	<nil>
160	346	220	566	<nil>
160	417	220	637	<nil>
160	429	142	571	<nil>
160	284	302	586	<nil>
160	305	235	540	<nil>
160	281	302	583	<nil>
160	417	153	570	<nil>
160	281	303	584	<nil>
160	391	153	544	<nil>
160	268	304	572	<nil>
160	362	223	585	<nil>
160	214	240	454	<nil>
160	382	143	525	<nil>
160	432	153	585	<nil>
160	311	142	453	<nil>
160	430	156	586	<nil>
160	312	142	454	<nil>
160	279	289	568	<nil>
160	396	152	548	<nil>
160	345	226	571	<nil>
160	294	288	582	<nil>
160	431	153	584	<nil>
160	369	143	512	<nil>
160	332	150	482	<nil>
160	431	149	580	<nil>
160	443	151	594	<nil>
160	380	214	594	<nil>
160	369	152	521	<nil>
160	443	151	594	<nil>
160	444	150	594	<nil>
160	294	278	572	<nil>
160	281	291	572	<nil>
160	343	235	578	<nil>
160	345	233	578	<nil>
160	393	151	544	<nil>
160	211	183	394	<nil>
160	212	183	395	<nil>
160	380	173	553	<nil>
160	223	172	395	<nil>
160	383	170	553	<nil>
160	310	174	484	<nil>
160	281	182	463	<nil>
160	444	170	614	<nil>
160	264	97	361	<nil>
160	265	88	353	<nil>
160	267	94	361	<nil>
160	282	71	353	<nil>
160	268	88	356	<nil>
160	273	89	362	<nil>
160	223	181	404	<nil>
160	209	168	377	<nil>
160	204	167	371	<nil>
160	224	181	405	<nil>
160	224	181	405	<nil>
160	383	151	534	<nil>
160	210	167	377	<nil>
160	296	131	427	<nil>
160	294	160	454	<nil>
160	316	207	523	<nil>
160	325	198	523	<nil>
160	305	212	517	<nil>
160	317	207	524	<nil>
160	325	199	524	<nil>
160	331	192	523	<nil>
160	333	191	524	<nil>
160	326	200	526	<nil>
160	325	201	526	<nil>
160	308	195	503	<nil>
160	311	185	496	<nil>
160	343	190	533	<nil>
160	342	190	532	<nil>
160	342	187	529	<nil>
160	340	189	529	<nil>
160	346	184	530	<nil>
160	345	184	529	<nil>
160	340	197	537	<nil>
160	342	187	529	<nil>
160	324	189	513	<nil>
160	341	187	528	<nil>
160	311	188	499	<nil>
160	331	188	519	<nil>
160	323	190	513	<nil>
160	341	187	528	<nil>
160	347	829	1176	<nil>
160	332	829	1161	<nil>
160	341	843	1184	<nil>
160	266	844	1110	<nil>
160	332	844	1176	<nil>
160	342	845	1187	<nil>
160	335	833	1168	<nil>
160	264	846	1110	<nil>
160	334	842	1176	<nil>
160	344	842	1186	<nil>
160	266	844	1110	<nil>
160	266	844	1110	<nil>
160	331	837	1168	<nil>
160	340	837	1177	<nil>
160	319	836	1155	<nil>
160	323	845	1168	<nil>
160	319	845	1164	<nil>
160	332	845	1177	<nil>
160	339	849	1188	<nil>
160	329	838	1167	<nil>
160	280	847	1127	<nil>
160	330	833	1163	<nil>
160	269	845	1114	<nil>
160	324	847	1171	<nil>
160	273	843	1116	<nil>
160	200	840	1040	<nil>
160	270	846	1116	<nil>
160	347	844	1191	<nil>
160	349	842	1191	<nil>
160	357	824	1181	<nil>
160	343	848	1191	<nil>
160	184	846	1030	<nil>
160	205	824	1029	<nil>
160	330	852	1182	<nil>
160	199	839	1038	<nil>
160	190	839	1029	<nil>
160	348	843	1191	<nil>
160	225	805	1030	<nil>
160	216	790	1006	<nil>
160	241	766	1007	<nil>
160	237	770	1007	<nil>
160	238	767	1005	<nil>
160	218	787	1005	<nil>
160	225	779	1004	<nil>
160	248	767	1015	<nil>
160	162	766	928	<nil>
160	227	779	1006	<nil>
160	236	864	1100	<nil>
160	282	820	1102	<nil>
160	236	864	1100	<nil>
160	236	864	1100	<nil>
160	246	864	1110	<nil>
160	237	864	1101	<nil>
160	236	864	1100	<nil>
160	237	865	1102	<nil>
160	281	820	1101	<nil>
160	237	864	1101	<nil>
160	237	772	1009	<nil>
160	323	788	1111	<nil>
160	239	864	1103	<nil>
160	282	823	1105	<nil>
160	238	771	1009	<nil>
160	253	774	1027	<nil>
160	253	775	1028	<nil>
160	220	772	992	<nil>
160	261	774	1035	<nil>
160	236	772	1008	<nil>
160	290	756	1046	<nil>
160	243	762	1005	<nil>
160	242	762	1004	<nil>
160	245	763	1008	<nil>
160	257	769	1026	<nil>
160	851	178	1029	<nil>
160	845	179	1024	<nil>
160	860	178	1038	<nil>
160	857	178	1035	<nil>
160	853	178	1031	<nil>
160	858	179	1037	<nil>
160	853	179	1032	<nil>
160	867	198	1065	<nil>
160	866	199	1065	<nil>
160	861	199	1060	<nil>
160	874	190	1064	<nil>
160	861	200	1061	<nil>
160	844	200	1044	<nil>
160	875	192	1067	<nil>
160	932	114	1046	<nil>
160	932	137	1069	<nil>
160	887	138	1025	<nil>
160	860	114	974	<nil>
160	985	125	1110	<nil>
160	980	127	1107	<nil>
160	959	143	1102	<nil>
160	951	128	1079	<nil>
160	980	127	1107	<nil>
160	957	146	1103	<nil>
160	970	141	1111	<nil>
160	952	127	1079	<nil>
160	952	127	1079	<nil>
160	954	125	1079	<nil>
160	963	145	1108	<nil>
160	895	127	1022	<nil>
160	975	128	1103	<nil>
160	964	144	1108	<nil>
160	961	146	1107	<nil>
160	984	126	1110	<nil>
160	933	147	1080	<nil>
160	962	141	1103	<nil>
160	980	130	1110	<nil>
160	982	127	1109	<nil>
160	954	130	1084	<nil>
160	980	130	1110	<nil>
160	961	147	1108	<nil>
160	957	147	1104	<nil>
160	987	116	1103	<nil>
160	843	121	964	<nil>
160	913	122	1035	<nil>
160	863	121	984	<nil>
160	249	32	281	<nil>
160	799	113	912	<nil>
160	830	128	958	<nil>
160	217	34	251	<nil>
160	248	33	281	<nil>
160	863	121	984	<nil>
160	988	128	1116	<nil>
160	981	135	1116	<nil>
160	982	133	1115	<nil>
160	900	135	1035	<nil>
160	980	135	1115	<nil>
160	864	121	985	<nil>
160	984	132	1116	<nil>
160	199	9	208	<nil>
160	849	136	985	<nil>
160	180	10	190	<nil>
160	132	4	136	<nil>
160	237	33	270	<nil>
160	247	35	282	<nil>
160	133	5	138	<nil>
160	104	5	109	<nil>
160	249	33	282	<nil>
160	71	4	75	<nil>
160	184	112	296	<nil>
160	800	112	912	<nil>
160	248	32	280	<nil>
160	244	34	278	<nil>
160	234	47	281	<nil>
160	232	50	282	<nil>
160	800	113	913	<nil>
160	243	35	278	<nil>
160	792	117	909	<nil>
160	246	32	278	<nil>
160	799	113	912	<nil>
160	235	35	270	<nil>
160	202	86	288	<nil>
160	236	47	283	<nil>
160	796	116	912	<nil>
160	246	33	279	<nil>
160	205	84	289	<nil>
160	801	117	918	<nil>
160	247	34	281	<nil>
160	231	51	282	<nil>
160	246	35	281	<nil>
160	828	119	947	<nil>
160	799	113	912	<nil>
160	233	49	282	<nil>
160	796	124	920	<nil>
160	799	151	950	<nil>
160	829	119	948	<nil>
160	234	37	271	<nil>
160	250	34	284	<nil>
160	245	33	278	<nil>
160	795	123	918	<nil>
160	827	118	945	<nil>
160	204	85	289	<nil>
160	827	119	946	<nil>
160	241	85	326	<nil>
160	828	125	953	<nil>
160	246	41	287	<nil>
160	796	123	919	<nil>
160	245	41	286	<nil>
160	248	41	289	<nil>
160	794	125	919	<nil>
160	826	124	950	<nil>
160	832	128	960	<nil>
160	244	42	286	<nil>
160	236	41	277	<nil>
160	249	41	290	<nil>
160	797	158	955	<nil>
160	204	119	323	<nil>
160	827	126	953	<nil>
160	798	121	919	<nil>
160	235	44	279	<nil>
160	235	45	280	<nil>
160	179	11	190	<nil>
160	246	43	289	<nil>
160	243	47	290	<nil>
160	242	46	288	<nil>
160	239	50	289	<nil>
160	850	135	985	<nil>
160	244	47	291	<nil>
160	993	121	1114	<nil>
160	231	32	263	<nil>
160	866	120	986	<nil>
160	248	50	298	<nil>
160	902	121	1023	<nil>
160	275	23	298	<nil>
160	195	8	203	<nil>
160	186	12	198	<nil>
160	175	4	179	<nil>
160	195	3	198	<nil>
160	185	19	204	<nil>
160	192	10	202	<nil>
160	193	9	202	<nil>
160	185	18	203	<nil>
160	198	6	204	<nil>
160	163	6	169	<nil>
160	194	4	198	<nil>
160	166	7	173	<nil>
160	193	7	200	<nil>
160	179	8	187	<nil>
160	164	7	171	<nil>
160	100	3	103	<nil>
160	176	11	187	<nil>
160	180	13	193	<nil>
160	176	10	186	<nil>
160	100	5	105	<nil>
160	128	7	135	<nil>
160	199	6	205	<nil>
160	169	9	178	<nil>
160	980	135	1115	<nil>
160	102	4	106	<nil>
160	102	4	106	<nil>
160	862	122	984	<nil>
160	980	135	1115	<nil>
160	100	6	106	<nil>
160	104	4	108	<nil>
160	63	3	66	<nil>
160	234	36	270	<nil>
160	65	4	69	<nil>
160	131	6	137	<nil>
160	131	5	136	<nil>
160	248	33	281	<nil>
160	133	5	138	<nil>
160	257	25	282	<nil>
160	205	77	282	<nil>
160	131	7	138	<nil>
160	903	120	1023	<nil>
160	223	220	443	<nil>
160	271	213	484	<nil>
160	375	0	375	rpc error: code = Unavailable desc = transport is closing
160	369	26	395	<nil>
160	378	0	378	rpc error: code = Unavailable desc = transport is closing
160	336	11	347	<nil>
160	374	0	374	rpc error: code = Unavailable desc = transport is closing
160	327	13	340	<nil>
160	326	14	340	<nil>
160	303	14	317	<nil>
160	376	0	376	rpc error: code = Unavailable desc = transport is closing
160	345	23	368	<nil>
160	368	24	392	<nil>
160	368	0	368	rpc error: code = Unavailable desc = transport is closing
160	369	23	392	<nil>
160	370	22	392	<nil>
160	374	0	374	rpc error: code = Unavailable desc = transport is closing
160	369	23	392	<nil>
160	376	0	376	rpc error: code = Unavailable desc = transport is closing
160	369	24	393	<nil>
160	370	25	395	<nil>
160	376	0	376	rpc error: code = Unavailable desc = transport is closing
160	368	25	393	<nil>
160	376	0	376	rpc error: code = Unavailable desc = transport is closing
160	328	4	332	<nil>
160	303	0	303	rpc error: code = Unavailable desc = transport is closing
160	373	0	373	rpc error: code = Unavailable desc = transport is closing
160	306	17	323	<nil>
160	383	0	383	rpc error: code = Unavailable desc = transport is closing
160	305	10	315	<nil>
160	374	0	374	rpc error: code = Unavailable desc = transport is closing
160	325	14	339	<nil>
160	378	0	378	rpc error: code = Unavailable desc = transport is closing
160	303	12	315	<nil>
160	333	11	344	<nil>
160	331	8	339	<nil>
160	379	0	379	rpc error: code = Unavailable desc = transport is closing
160	356	11	367	<nil>
160	346	10	356	<nil>
160	369	0	369	rpc error: code = Unavailable desc = transport is closing
160	327	0	327	rpc error: code = Unavailable desc = transport is closing
160	319	0	319	rpc error: code = Unavailable desc = transport is closing
160	275	0	275	rpc error: code = Unavailable desc = transport is closing
160	336	14	350	<nil>
160	307	9	316	<nil>
160	368	23	391	<nil>
160	361	10	371	<nil>
160	295	0	295	rpc error: code = Unavailable desc = transport is closing
160	369	22	391	<nil>
160	385	0	385	rpc error: code = Unavailable desc = transport is closing
160	283	6	289	<nil>
160	284	6	290	<nil>
160	286	7	293	<nil>
160	285	10	295	<nil>
160	355	7	362	<nil>
160	354	6	360	<nil>
160	286	6	292	<nil>
160	327	6	333	<nil>
160	284	6	290	<nil>
160	325	9	334	<nil>
160	286	11	297	<nil>
160	352	11	363	<nil>
160	328	11	339	<nil>
160	329	10	339	<nil>
160	331	10	341	<nil>
160	329	15	344	<nil>
160	291	16	307	<nil>
160	348	21	369	<nil>
160	331	16	347	<nil>
160	354	18	372	<nil>
160	357	16	373	<nil>
160	287	16	303	<nil>
160	352	18	370	<nil>
160	288	18	306	<nil>
160	365	18	383	<nil>
160	290	16	306	<nil>
160	331	16	347	<nil>
160	310	17	327	<nil>
160	354	17	371	<nil>
160	290	17	307	<nil>
160	287	18	305	<nil>
160	359	17	376	<nil>
160	354	16	370	<nil>
160	332	18	350	<nil>
160	332	20	352	<nil>
160	290	21	311	<nil>
160	289	21	310	<nil>
160	292	20	312	<nil>
160	290	21	311	<nil>
160	356	21	377	<nil>
160	359	22	381	<nil>
160	271	28	299	<nil>
160	335	20	355	<nil>
160	291	20	311	<nil>
160	284	28	312	<nil>
160	290	22	312	<nil>
160	291	21	312	<nil>
160	292	20	312	<nil>
160	291	22	313	<nil>
160	289	22	311	<nil>
160	358	21	379	<nil>
160	290	21	311	<nil>
160	292	20	312	<nil>
160	291	20	311	<nil>
160	331	23	354	<nil>
160	291	20	311	<nil>
160	332	21	353	<nil>
160	292	21	313	<nil>
160	358	19	377	<nil>
160	288	17	305	<nil>
160	288	23	311	<nil>
160	355	21	376	<nil>
160	291	21	312	<nil>
160	294	113	407	<nil>
160	336	202	538	<nil>
160	293	205	498	<nil>
160	288	17	305	<nil>
180	294	236	530	<nil>
180	297	234	531	<nil>
180	361	234	595	<nil>
180	359	237	596	<nil>
180	296	234	530	<nil>
180	363	237	600	<nil>
180	296	241	537	<nil>
180	297	283	580	<nil>
180	360	288	648	<nil>
180	293	262	555	<nil>
180	297	260	557	<nil>
180	334	287	621	<nil>
180	358	263	621	<nil>
180	297	284	581	<nil>
180	297	284	581	<nil>
180	295	286	581	<nil>
180	292	289	581	<nil>
180	336	249	585	<nil>
180	296	1115	1411	<nil>
180	288	1122	1410	<nil>
180	294	1129	1423	<nil>
180	291	1139	1430	<nil>
180	292	1140	1432	<nil>
180	295	1137	1432	<nil>
180	290	1143	1433	<nil>
180	289	1146	1435	<nil>
180	292	1141	1433	<nil>
180	290	1142	1432	<nil>
180	293	1138	1431	<nil>
180	294	1139	1433	<nil>
180	55	1145	1200	<nil>
180	30	1136	1166	<nil>
180	290	1151	1441	<nil>
180	285	1155	1440	<nil>
180	50	1148	1198	<nil>
180	285	1155	1440	<nil>
180	290	1150	1440	<nil>
180	291	1150	1441	<nil>
180	285	1155	1440	<nil>
180	288	1152	1440	<nil>
180	284	1157	1441	<nil>
180	289	1151	1440	<nil>
180	288	1153	1441	<nil>
180	284	1157	1441	<nil>
180	288	1152	1440	<nil>
180	288	1151	1439	<nil>
180	228	980	1208	<nil>
180	227	986	1213	<nil>
180	289	914	1203	<nil>
180	208	993	1201	<nil>
180	226	980	1206	<nil>
180	1187	0	1187	rpc error: code = Unavailable desc = transport is closing
180	1188	0	1188	rpc error: code = Unavailable desc = transport is closing
180	1184	0	1184	rpc error: code = Unavailable desc = transport is closing
180	1187	0	1187	rpc error: code = Unavailable desc = transport is closing
180	1188	0	1188	rpc error: code = Unavailable desc = transport is closing
180	1186	0	1186	rpc error: code = Unavailable desc = transport is closing
180	1180	0	1180	rpc error: code = Unavailable desc = transport is closing
180	1176	0	1176	rpc error: code = Unavailable desc = transport is closing
180	1191	0	1191	rpc error: code = Unavailable desc = transport is closing
180	1188	0	1188	rpc error: code = Unavailable desc = transport is closing
180	1189	0	1189	rpc error: code = Unavailable desc = transport is closing
180	1199	0	1199	rpc error: code = Unavailable desc = transport is closing
180	1198	0	1198	rpc error: code = Unavailable desc = transport is closing
180	1194	0	1194	rpc error: code = Unavailable desc = transport is closing
180	1192	0	1192	rpc error: code = Unavailable desc = transport is closing
180	1191	0	1191	rpc error: code = Unavailable desc = transport is closing
180	1192	0	1192	rpc error: code = Unavailable desc = transport is closing
180	1192	0	1192	rpc error: code = Unavailable desc = transport is closing
180	1192	0	1192	rpc error: code = Unavailable desc = transport is closing
180	1201	0	1201	rpc error: code = Unavailable desc = transport is closing
180	1182	0	1182	rpc error: code = Unavailable desc = transport is closing
180	1192	0	1192	rpc error: code = Unavailable desc = transport is closing
180	1195	0	1195	rpc error: code = Unavailable desc = transport is closing
180	1195	0	1195	rpc error: code = Unavailable desc = transport is closing
180	1189	0	1189	rpc error: code = Unavailable desc = transport is closing
180	1195	0	1195	rpc error: code = Unavailable desc = transport is closing
180	1186	0	1186	rpc error: code = Unavailable desc = transport is closing
180	1188	0	1188	rpc error: code = Unavailable desc = transport is closing
180	1193	0	1193	rpc error: code = Unavailable desc = transport is closing
180	1194	0	1194	rpc error: code = Unavailable desc = transport is closing
180	1189	0	1189	rpc error: code = Unavailable desc = transport is closing
180	1183	0	1183	rpc error: code = Unavailable desc = transport is closing
180	1195	0	1195	rpc error: code = Unavailable desc = transport is closing
180	1195	0	1195	rpc error: code = Unavailable desc = transport is closing
180	1198	0	1198	rpc error: code = Unavailable desc = transport is closing
180	1098	33	1131	<nil>
180	1163	0	1163	rpc error: code = Unavailable desc = transport is closing
180	1194	0	1194	rpc error: code = Unavailable desc = transport is closing
180	1199	0	1199	rpc error: code = Unavailable desc = transport is closing
180	1203	0	1203	rpc error: code = Unavailable desc = transport is closing
180	1192	0	1192	rpc error: code = Unavailable desc = transport is closing
180	1187	0	1187	rpc error: code = Unavailable desc = transport is closing
180	1182	0	1182	rpc error: code = Unavailable desc = transport is closing
180	1181	0	1181	rpc error: code = Unavailable desc = transport is closing
180	1195	0	1195	rpc error: code = Unavailable desc = transport is closing
180	1192	0	1192	rpc error: code = Unavailable desc = transport is closing
180	1103	0	1103	rpc error: code = Unavailable desc = transport is closing
180	1194	0	1194	rpc error: code = Unavailable desc = transport is closing
180	1169	32	1201	<nil>
180	1101	80	1181	<nil>
180	1183	94	1277	<nil>
180	1185	89	1274	<nil>
180	1185	94	1279	<nil>
180	1200	84	1284	<nil>
180	1174	92	1266	<nil>
180	966	87	1053	<nil>
180	965	86	1051	<nil>
180	1170	95	1265	<nil>
180	1202	91	1293	<nil>
180	1184	95	1279	<nil>
180	1102	94	1196	<nil>
180	1181	94	1275	<nil>
180	1170	96	1266	<nil>
180	1199	94	1293	<nil>
180	1207	87	1294	<nil>
180	1050	95	1145	<nil>
180	1101	95	1196	<nil>
180	1171	94	1265	<nil>
180	1191	87	1278	<nil>
180	1175	92	1267	<nil>
180	1207	89	1296	<nil>
180	1198	96	1294	<nil>
180	1113	95	1208	<nil>
180	1100	96	1196	<nil>
180	1202	97	1299	<nil>
180	1176	98	1274	<nil>
180	1101	95	1196	<nil>
180	1189	94	1283	<nil>
180	1200	96	1296	<nil>
180	1184	96	1280	<nil>
180	1174	94	1268	<nil>
180	990	89	1079	<nil>
180	966	87	1053	<nil>
180	1202	94	1296	<nil>
180	1199	95	1294	<nil>
180	965	87	1052	<nil>
180	1171	97	1268	<nil>
180	1172	97	1269	<nil>
180	1185	91	1276	<nil>
180	1205	94	1299	<nil>
180	1172	95	1267	<nil>
180	966	88	1054	<nil>
180	1202	94	1296	<nil>
180	965	89	1054	<nil>
180	966	87	1053	<nil>
180	1205	94	1299	<nil>
180	1179	89	1268	<nil>
180	1175	94	1269	<nil>
180	1180	113	1293	<nil>
180	1180	113	1293	<nil>
180	965	89	1054	<nil>
180	1205	94	1299	<nil>
180	973	113	1086	<nil>
180	966	88	1054	<nil>
180	1126	94	1220	<nil>
180	1201	97	1298	<nil>
180	967	137	1104	<nil>
180	1180	143	1323	<nil>
180	1209	169	1378	<nil>
180	1180	170	1350	<nil>
180	1180	169	1349	<nil>
180	966	177	1143	<nil>
180	967	177	1144	<nil>
180	1191	179	1370	<nil>
180	967	230	1197	<nil>
180	1191	179	1370	<nil>
180	966	235	1201	<nil>
180	967	246	1213	<nil>
180	1181	249	1430	<nil>
180	967	257	1224	<nil>
180	1192	257	1449	<nil>
180	1181	257	1438	<nil>
180	967	257	1224	<nil>
180	973	280	1253	<nil>
180	970	280	1250	<nil>
180	1195	280	1475	<nil>
180	1182	282	1464	<nil>
180	921	279	1200	<nil>
180	971	280	1251	<nil>
180	971	280	1251	<nil>
180	920	281	1201	<nil>
180	920	283	1203	<nil>
180	920	282	1202	<nil>
180	894	317	1211	<nil>
180	104	322	426	<nil>
180	98	321	419	<nil>
180	921	322	1243	<nil>
180	921	322	1243	<nil>
180	104	327	431	<nil>
180	105	327	432	<nil>
180	104	322	426	<nil>
180	931	322	1253	<nil>
180	104	322	426	<nil>
180	106	326	432	<nil>
180	105	326	431	<nil>
180	89	328	417	<nil>
180	105	329	434	<nil>
180	73	322	395	<nil>
180	104	329	433	<nil>
180	80	323	403	<nil>
180	83	328	411	<nil>
180	105	329	434	<nil>
180	80	323	403	<nil>
180	84	324	408	<nil>
180	83	327	410	<nil>
180	76	336	412	<nil>
180	81	337	418	<nil>
180	75	361	436	<nil>
180	75	362	437	<nil>
180	76	362	438	<nil>
180	75	362	437	<nil>
180	86	378	464	<nil>
180	81	383	464	<nil>
180	100	364	464	<nil>
180	82	386	468	<nil>
180	83	385	468	<nil>
180	86	381	467	<nil>
180	83	389	472	<nil>
180	91	352	443	<nil>
180	162	253	415	<nil>
180	231	176	407	<nil>
180	92	352	444	<nil>
180	209	197	406	<nil>
180	161	253	414	<nil>
180	231	176	407	<nil>
180	162	261	423	<nil>
180	169	246	415	<nil>
180	83	413	496	<nil>
180	81	419	500	<nil>
180	94	349	443	<nil>
180	92	353	445	<nil>
180	206	207	413	<nil>
180	84	410	494	<nil>
180	234	176	410	<nil>
180	215	200	415	<nil>
180	207	207	414	<nil>
180	207	206	413	<nil>
180	81	414	495	<nil>
180	234	176	410	<nil>
180	215	190	405	<nil>
180	207	206	413	<nil>
180	81	414	495	<nil>
180	233	206	439	<nil>
180	209	211	420	<nil>
180	81	414	495	<nil>
180	81	418	499	<nil>
180	239	198	437	<nil>
180	236	204	440	<nil>
180	93	352	445	<nil>
180	234	210	444	<nil>
180	239	208	447	<nil>
180	233	210	443	<nil>
180	236	308	544	<nil>
180	236	307	543	<nil>
180	230	313	543	<nil>
180	230	312	542	<nil>
180	231	312	543	<nil>
180	231	312	543	<nil>
180	236	310	546	<nil>
180	234	310	544	<nil>
180	233	310	543	<nil>
180	230	313	543	<nil>
180	231	314	545	<nil>
180	232	311	543	<nil>
180	235	308	543	<nil>
180	227	316	543	<nil>
180	231	313	544	<nil>
180	230	314	544	<nil>
180	231	319	550	<nil>
180	234	319	553	<nil>
180	226	332	558	<nil>
180	236	324	560	<nil>
180	229	329	558	<nil>
180	192	303	495	<nil>
180	263	242	505	<nil>
180	232	243	475	<nil>
180	201	304	505	<nil>
180	190	303	493	<nil>
180	243	198	441	<nil>
180	242	208	450	<nil>
180	260	241	501	<nil>
180	242	260	502	<nil>
180	333	179	512	<nil>
180	245	256	501	<nil>
180	261	241	502	<nil>
180	207	287	494	<nil>
180	287	213	500	<nil>
180	231	334	565	<nil>
180	362	151	513	<nil>
180	177	331	508	<nil>
180	244	258	502	<nil>
180	256	240	496	<nil>
180	229	336	565	<nil>
180	201	302	503	<nil>
180	230	334	564	<nil>
180	243	261	504	<nil>
180	226	340	566	<nil>
180	230	336	566	<nil>
180	252	239	491	<nil>
180	248	243	491	<nil>
180	234	335	569	<nil>
180	195	301	496	<nil>
180	298	203	501	<nil>
180	281	209	490	<nil>
180	198	304	502	<nil>
180	301	190	491	<nil>
180	287	215	502	<nil>
180	261	241	502	<nil>
180	260	243	503	<nil>
180	247	217	464	<nil>
180	287	217	504	<nil>
180	261	214	475	<nil>
180	293	214	507	<nil>
180	301	201	502	<nil>
180	249	197	446	<nil>
180	234	151	385	<nil>
180	224	202	426	<nil>
180	232	202	434	<nil>
180	318	187	505	<nil>
180	308	195	503	<nil>
180	244	257	501	<nil>
180	237	198	435	<nil>
180	303	203	506	<nil>
180	286	229	515	<nil>
180	238	197	435	<nil>
180	247	183	430	<nil>
180	265	184	449	<nil>
180	240	136	376	<nil>
180	250	183	433	<nil>
180	255	193	448	<nil>
180	328	183	511	<nil>
180	323	188	511	<nil>
180	265	183	448	<nil>
180	265	183	448	<nil>
180	249	183	432	<nil>
180	255	179	434	<nil>
180	179	329	508	<nil>
180	253	185	438	<nil>
180	249	190	439	<nil>
180	253	242	495	<nil>
180	299	152	451	<nil>
180	296	156	452	<nil>
180	266	181	447	<nil>
180	227	146	373	<nil>
180	302	202	504	<nil>
180	365	149	514	<nil>
180	217	153	370	<nil>
180	203	158	361	<nil>
180	205	156	361	<nil>
180	201	157	358	<nil>
180	202	156	358	<nil>
180	205	155	360	<nil>
180	204	155	359	<nil>
180	176	158	334	<nil>
180	181	158	339	<nil>
180	178	158	336	<nil>
180	178	158	336	<nil>
180	179	159	338	<nil>
180	159	160	319	<nil>
180	161	159	320	<nil>
180	177	159	336	<nil>
180	177	159	336	<nil>
180	242	58	300	<nil>
180	175	160	335	<nil>
180	230	60	290	<nil>
180	234	59	293	<nil>
180	232	60	292	<nil>
180	231	59	290	<nil>
180	229	61	290	<nil>
180	230	60	290	<nil>
180	229	63	292	<nil>
180	230	61	291	<nil>
180	215	60	275	<nil>
180	231	61	292	<nil>
180	216	61	277	<nil>
180	231	61	292	<nil>
180	216	61	277	<nil>
180	205	61	266	<nil>
180	219	59	278	<nil>
180	202	62	264	<nil>
180	217	61	278	<nil>
180	223	56	279	<nil>
180	222	57	279	<nil>
180	223	57	280	<nil>
180	206	58	264	<nil>
180	180	50	230	<nil>
180	223	59	282	<nil>
180	182	52	234	<nil>
180	176	53	229	<nil>
180	177	53	230	<nil>
180	179	49	228	<nil>
180	143	50	193	<nil>
180	154	52	206	<nil>
180	179	52	231	<nil>
180	145	34	179	<nil>
180	160	53	213	<nil>
180	177	52	229	<nil>
180	177	34	211	<nil>
180	141	34	175	<nil>
180	176	34	210	<nil>
180	141	34	175	<nil>
180	161	35	196	<nil>
180	162	35	197	<nil>
180	160	37	197	<nil>
180	160	37	197	<nil>
180	143	39	182	<nil>
180	140	39	179	<nil>
180	152	32	184	<nil>
180	143	40	183	<nil>
180	161	38	199	<nil>
180	160	39	199	<nil>
180	145	43	188	<nil>
180	147	40	187	<nil>
180	146	42	188	<nil>
180	160	41	201	<nil>
180	138	42	180	<nil>
180	147	41	188	<nil>
180	134	44	178	<nil>
180	151	38	189	<nil>
180	158	42	200	<nil>
180	157	42	199	<nil>
180	138	42	180	<nil>
180	137	44	181	<nil>
180	139	44	183	<nil>
180	90	44	134	<nil>
180	139	44	183	<nil>
180	77	44	121	<nil>
180	76	46	122	<nil>
180	136	48	184	<nil>
180	286	413	699	<nil>
180	293	409	702	<nil>
180	335	407	742	<nil>
180	340	410	750	<nil>
180	691	4	695	<nil>
180	255	410	665	<nil>
180	331	410	741	<nil>
180	322	417	739	<nil>
180	337	408	745	<nil>
180	336	409	745	<nil>
180	700	3	703	<nil>
180	694	3	697	<nil>
180	676	3	679	<nil>
180	703	4	707	<nil>
180	689	7	696	<nil>
180	700	3	703	<nil>
180	674	7	681	<nil>
180	692	1	693	<nil>
180	690	5	695	<nil>
180	678	6	684	<nil>
180	679	6	685	<nil>
180	689	6	695	<nil>
180	695	6	701	<nil>
180	680	4	684	<nil>
180	678	5	683	<nil>
180	678	7	685	<nil>
180	701	7	708	<nil>
180	703	3	706	<nil>
180	709	10	719	<nil>
180	686	9	695	<nil>
180	696	10	706	<nil>
180	692	11	703	<nil>
180	685	10	695	<nil>
180	682	10	692	<nil>
180	700	8	708	<nil>
180	685	10	695	<nil>
180	689	7	696	<nil>
180	21	7	28	<nil>
180	693	16	709	<nil>
180	15	3	18	<nil>
180	20	16	36	<nil>
180	22	16	38	<nil>
180	698	15	713	<nil>
180	13	59	72	<nil>
180	57	17	74	<nil>
180	7	60	67	<nil>
180	51	17	68	<nil>
180	56	30	86	<nil>
180	67	19	86	<nil>
180	62	22	84	<nil>
180	62	23	85	<nil>
180	763	23	786	<nil>
180	68	22	90	<nil>
180	60	19	79	<nil>
180	68	23	91	<nil>
180	68	23	91	<nil>
180	62	24	86	<nil>
180	62	23	85	<nil>
180	62	24	86	<nil>
180	68	24	92	<nil>
180	81	20	101	<nil>
180	68	33	101	<nil>
180	68	33	101	<nil>
180	62	33	95	<nil>
180	68	20	88	<nil>
180	56	19	75	<nil>
180	76	37	113	<nil>
180	73	52	125	<nil>
180	57	26	83	<nil>
180	57	33	90	<nil>
180	59	62	121	<nil>
180	62	62	124	<nil>
180	59	63	122	<nil>
180	59	79	138	<nil>
180	59	79	138	<nil>
180	59	79	138	<nil>
180	62	79	141	<nil>
180	40	79	119	<nil>
180	52	78	130	<nil>
180	23	78	101	<nil>
180	48	83	131	<nil>
180	22	77	99	<nil>
180	38	78	116	<nil>
180	46	83	129	<nil>
180	21	85	106	<nil>
180	22	85	107	<nil>
180	51	36	87	<nil>
180	53	36	89	<nil>
180	9	87	96	<nil>
180	50	36	86	<nil>
180	49	60	109	<nil>
180	45	57	102	<nil>
180	69	45	114	<nil>
180	68	47	115	<nil>
180	70	46	116	<nil>
180	61	62	123	<nil>
180	56	76	132	<nil>
180	60	64	124	<nil>
180	62	46	108	<nil>
180	33	51	84	<nil>
180	75	59	134	<nil>
180	62	64	126	<nil>
180	36	48	84	<nil>
180	65	60	125	<nil>
180	72	54	126	<nil>
180	36	48	84	<nil>
180	74	60	134	<nil>
180	61	65	126	<nil>
180	32	55	87	<nil>
180	38	46	84	<nil>
180	46	23	69	<nil>
180	46	33	79	<nil>
180	32	35	67	<nil>
180	34	70	104	<nil>
180	50	53	103	<nil>
180	52	54	106	<nil>
180	51	53	104	<nil>
180	58	66	124	<nil>
180	53	67	120	<nil>
180	62	66	128	<nil>
180	56	51	107	<nil>
180	31	54	85	<nil>
180	66	1	67	<nil>
180	62	67	129	<nil>
180	58	67	125	<nil>
180	67	1	68	<nil>
180	57	1	58	<nil>
180	67	2	69	<nil>
180	43	53	96	<nil>
180	35	50	85	<nil>
180	32	52	84	<nil>
180	53	13	66	<nil>
180	37	1	38	<nil>
180	33	52	85	<nil>
180	47	65	112	<nil>
180	36	30	66	<nil>
180	53	50	103	<nil>
180	52	13	65	<nil>
180	66	2	68	<nil>
180	58	1	59	<nil>
180	67	1	68	<nil>
180	55	1	56	<nil>
180	62	7	69	<nil>
180	68	1	69	<nil>
180	58	66	124	<nil>
180	67	2	69	<nil>
180	58	1	59	<nil>
180	55	0	55	<nil>
180	55	13	68	<nil>
180	50	66	116	<nil>
180	53	51	104	<nil>
180	68	2	70	<nil>
180	121	7	128	<nil>
180	121	7	128	<nil>
180	121	7	128	<nil>
180	120	8	128	<nil>
180	120	8	128	<nil>
180	140	3	143	<nil>
180	139	0	139	<nil>
180	140	1	141	<nil>
180	139	1	140	<nil>
180	137	3	140	<nil>
180	136	3	139	<nil>
180	144	1	145	<nil>
180	158	2	160	<nil>
180	137	8	145	<nil>
180	131	8	139	<nil>
180	160	0	160	<nil>
180	136	2	138	<nil>
180	134	9	143	<nil>
180	140	1	141	<nil>
180	125	6	131	<nil>
180	139	2	141	<nil>
180	138	4	142	<nil>
180	146	16	162	<nil>
180	126	16	142	<nil>
180	132	10	142	<nil>
180	129	16	145	<nil>
180	152	10	162	<nil>
180	138	20	158	<nil>
180	138	20	158	<nil>
180	10	0	10	<nil>
180	138	20	158	<nil>
180	138	24	162	<nil>
180	157	5	162	<nil>
180	157	5	162	<nil>
180	138	23	161	<nil>
180	138	24	162	<nil>
180	138	24	162	<nil>
180	157	5	162	<nil>
180	138	23	161	<nil>
180	18	54	72	<nil>
180	24	75	99	<nil>
180	698	0	698	rpc error: code = Unavailable desc = transport is closing
180	122	13	135	<nil>
180	107	13	120	<nil>
180	124	14	138	<nil>
180	108	14	122	<nil>
180	118	13	131	<nil>
180	129	13	142	<nil>
180	115	29	144	<nil>
180	121	13	134	<nil>
180	122	13	135	<nil>
180	309	0	309	rpc error: code = Unavailable desc = transport is closing
180	291	0	291	rpc error: code = Unavailable desc = transport is closing
180	122	11	133	<nil>
180	105	13	118	<nil>
180	688	0	688	rpc error: code = Unavailable desc = transport is closing
180	110	12	122	<nil>
180	129	5	134	<nil>
180	129	5	134	<nil>
180	130	4	134	<nil>
180	132	5	137	<nil>
180	130	18	148	<nil>
180	123	26	149	<nil>
180	86	33	119	<nil>
180	123	32	155	<nil>
180	140	0	140	rpc error: code = Unavailable desc = transport is closing
180	119	25	144	<nil>
180	111	33	144	<nil>
180	135	85	220	<nil>
180	133	86	219	<nil>
180	47	0	47	rpc error: code = Unavailable desc = transport is closing
180	147	90	237	<nil>
180	162	62	224	<nil>
180	134	91	225	<nil>
180	666	0	666	rpc error: code = Unavailable desc = transport is closing
180	130	91	221	<nil>
180	645	0	645	rpc error: code = Unavailable desc = transport is closing
180	73	93	166	<nil>
180	146	92	238	<nil>
180	87	93	180	<nil>
180	697	0	697	rpc error: code = Unavailable desc = transport is closing
180	695	0	695	rpc error: code = Unavailable desc = transport is closing
180	696	0	696	rpc error: code = Unavailable desc = transport is closing
180	699	0	699	rpc error: code = Unavailable desc = transport is closing
180	653	0	653	rpc error: code = Unavailable desc = transport is closing
180	696	0	696	rpc error: code = Unavailable desc = transport is closing
180	695	0	695	rpc error: code = Unavailable desc = transport is closing
180	656	0	656	rpc error: code = Unavailable desc = transport is closing
180	695	0	695	rpc error: code = Unavailable desc = transport is closing
180	84	112	196	<nil>
180	87	111	198	<nil>
180	674	0	674	rpc error: code = Unavailable desc = transport is closing
180	653	0	653	rpc error: code = Unavailable desc = transport is closing
180	697	0	697	rpc error: code = Unavailable desc = transport is closing
180	656	0	656	rpc error: code = Unavailable desc = transport is closing
180	101	27	128	<nil>
180	54	112	166	<nil>
180	694	0	694	rpc error: code = Unavailable desc = transport is closing
180	644	0	644	rpc error: code = Unavailable desc = transport is closing
180	694	0	694	rpc error: code = Unavailable desc = transport is closing
180	653	0	653	rpc error: code = Unavailable desc = transport is closing
180	55	117	172	<nil>
180	87	116	203	<nil>
180	101	26	127	<nil>
180	70	116	186	<nil>
180	91	116	207	<nil>
180	666	0	666	rpc error: code = Unavailable desc = transport is closing
180	101	28	129	<nil>
180	693	0	693	rpc error: code = Unavailable desc = transport is closing
180	703	0	703	rpc error: code = Unavailable desc = transport is closing
180	689	0	689	rpc error: code = Unavailable desc = transport is closing
180	702	0	702	rpc error: code = Unavailable desc = transport is closing
180	653	0	653	rpc error: code = Unavailable desc = transport is closing
180	103	47	150	<nil>
180	100	53	153	<nil>
180	101	131	232	<nil>
180	682	0	682	rpc error: code = Unavailable desc = transport is closing
180	680	0	680	rpc error: code = Unavailable desc = transport is closing
180	699	0	699	rpc error: code = Unavailable desc = transport is closing
180	702	0	702	rpc error: code = Unavailable desc = transport is closing
180	673	0	673	rpc error: code = Unavailable desc = transport is closing
180	697	0	697	rpc error: code = Unavailable desc = transport is closing
180	708	0	708	rpc error: code = Unavailable desc = transport is closing
180	701	0	701	rpc error: code = Unavailable desc = transport is closing
180	707	0	707	rpc error: code = Unavailable desc = transport is closing
180	678	0	678	rpc error: code = Unavailable desc = transport is closing
180	697	0	697	rpc error: code = Unavailable desc = transport is closing
180	699	0	699	rpc error: code = Unavailable desc = transport is closing
180	103	136	239	<nil>
180	693	0	693	rpc error: code = Unavailable desc = transport is closing
180	704	0	704	rpc error: code = Unavailable desc = transport is closing
180	700	0	700	rpc error: code = Unavailable desc = transport is closing
180	707	0	707	rpc error: code = Unavailable desc = transport is closing
180	706	0	706	rpc error: code = Unavailable desc = transport is closing
180	701	0	701	rpc error: code = Unavailable desc = transport is closing
180	678	0	678	rpc error: code = Unavailable desc = transport is closing
180	706	0	706	rpc error: code = Unavailable desc = transport is closing
180	708	0	708	rpc error: code = Unavailable desc = transport is closing
180	688	0	688	rpc error: code = Unavailable desc = transport is closing
180	701	0	701	rpc error: code = Unavailable desc = transport is closing
180	704	0	704	rpc error: code = Unavailable desc = transport is closing
180	678	0	678	rpc error: code = Unavailable desc = transport is closing
180	706	0	706	rpc error: code = Unavailable desc = transport is closing
180	698	0	698	rpc error: code = Unavailable desc = transport is closing
180	698	0	698	rpc error: code = Unavailable desc = transport is closing
180	694	0	694	rpc error: code = Unavailable desc = transport is closing
180	703	0	703	rpc error: code = Unavailable desc = transport is closing
180	652	0	652	rpc error: code = Unavailable desc = transport is closing
180	687	0	687	rpc error: code = Unavailable desc = transport is closing
180	706	0	706	rpc error: code = Unavailable desc = transport is closing
180	683	0	683	rpc error: code = Unavailable desc = transport is closing
180	698	0	698	rpc error: code = Unavailable desc = transport is closing
180	682	0	682	rpc error: code = Unavailable desc = transport is closing
180	695	0	695	rpc error: code = Unavailable desc = transport is closing
180	672	0	672	rpc error: code = Unavailable desc = transport is closing
180	698	0	698	rpc error: code = Unavailable desc = transport is closing
180	689	0	689	rpc error: code = Unavailable desc = transport is closing
180	694	0	694	rpc error: code = Unavailable desc = transport is closing
180	703	0	703	rpc error: code = Unavailable desc = transport is closing
180	697	0	697	rpc error: code = Unavailable desc = transport is closing
180	673	0	673	rpc error: code = Unavailable desc = transport is closing
180	696	0	696	rpc error: code = Unavailable desc = transport is closing
180	687	0	687	rpc error: code = Unavailable desc = transport is closing
180	673	0	673	rpc error: code = Unavailable desc = transport is closing
180	697	0	697	rpc error: code = Unavailable desc = transport is closing
180	695	0	695	rpc error: code = Unavailable desc = transport is closing
180	697	0	697	rpc error: code = Unavailable desc = transport is closing
180	680	0	680	rpc error: code = Unavailable desc = transport is closing
180	696	0	696	rpc error: code = Unavailable desc = transport is closing
180	689	0	689	rpc error: code = Unavailable desc = transport is closing
180	698	0	698	rpc error: code = Unavailable desc = transport is closing
180	682	0	682	rpc error: code = Unavailable desc = transport is closing
180	697	0	697	rpc error: code = Unavailable desc = transport is closing
180	697	0	697	rpc error: code = Unavailable desc = transport is closing
180	701	0	701	rpc error: code = Unavailable desc = transport is closing
180	674	0	674	rpc error: code = Unavailable desc = transport is closing
180	672	0	672	rpc error: code = Unavailable desc = transport is closing
180	696	0	696	rpc error: code = Unavailable desc = transport is closing
180	706	0	706	rpc error: code = Unavailable desc = transport is closing
180	696	0	696	rpc error: code = Unavailable desc = transport is closing
180	699	0	699	rpc error: code = Unavailable desc = transport is closing
180	699	0	699	rpc error: code = Unavailable desc = transport is closing
180	703	0	703	rpc error: code = Unavailable desc = transport is closing
180	695	0	695	rpc error: code = Unavailable desc = transport is closing
180	699	0	699	rpc error: code = Unavailable desc = transport is closing
180	699	0	699	rpc error: code = Unavailable desc = transport is closing
180	699	0	699	rpc error: code = Unavailable desc = transport is closing
180	686	0	686	rpc error: code = Unavailable desc = transport is closing
180	697	0	697	rpc error: code = Unavailable desc = transport is closing
180	698	0	698	rpc error: code = Unavailable desc = transport is closing
180	699	0	699	rpc error: code = Unavailable desc = transport is closing
180	103	141	244	<nil>
180	700	0	700	rpc error: code = Unavailable desc = transport is closing
180	699	0	699	rpc error: code = Unavailable desc = transport is closing
180	700	0	700	rpc error: code = Unavailable desc = transport is closing
180	730	0	730	rpc error: code = Unavailable desc = transport is closing
180	697	0	697	rpc error: code = Unavailable desc = transport is closing
180	696	0	696	rpc error: code = Unavailable desc = transport is closing
180	699	0	699	rpc error: code = Unavailable desc = transport is closing
180	700	0	700	rpc error: code = Unavailable desc = transport is closing
180	705	0	705	rpc error: code = Unavailable desc = transport is closing
180	703	0	703	rpc error: code = Unavailable desc = transport is closing
180	699	0	699	rpc error: code = Unavailable desc = transport is closing
180	697	0	697	rpc error: code = Unavailable desc = transport is closing
180	701	0	701	rpc error: code = Unavailable desc = transport is closing
180	676	0	676	rpc error: code = Unavailable desc = transport is closing
180	698	0	698	rpc error: code = Unavailable desc = transport is closing
180	700	0	700	rpc error: code = Unavailable desc = transport is closing
180	119	1023	1142	<nil>
180	109	1026	1135	<nil>
180	118	1028	1146	<nil>
180	698	0	698	rpc error: code = Unavailable desc = transport is closing
180	704	0	704	rpc error: code = Unavailable desc = transport is closing
180	695	0	695	rpc error: code = Unavailable desc = transport is closing
180	696	0	696	rpc error: code = Unavailable desc = transport is closing
180	723	0	723	rpc error: code = Unavailable desc = transport is closing
180	732	0	732	rpc error: code = Unavailable desc = transport is closing
180	734	0	734	rpc error: code = Unavailable desc = transport is closing
180	683	0	683	rpc error: code = Unavailable desc = transport is closing
180	80	1025	1105	<nil>
180	696	0	696	rpc error: code = Unavailable desc = transport is closing
180	694	0	694	rpc error: code = Unavailable desc = transport is closing
180	695	0	695	rpc error: code = Unavailable desc = transport is closing
180	692	0	692	rpc error: code = Unavailable desc = transport is closing
180	697	0	697	rpc error: code = Unavailable desc = transport is closing
180	692	0	692	rpc error: code = Unavailable desc = transport is closing
180	703	0	703	rpc error: code = Unavailable desc = transport is closing
180	690	0	690	rpc error: code = Unavailable desc = transport is closing
180	118	1025	1143	<nil>
180	123	1025	1148	<nil>
180	118	1026	1144	<nil>
180	153	991	1144	<nil>
180	123	1025	1148	<nil>
180	701	0	701	rpc error: code = Unavailable desc = transport is closing
180	123	1032	1155	<nil>
180	124	1031	1155	<nil>
180	83	1033	1116	<nil>
180	57	1034	1091	<nil>
180	70	1034	1104	<nil>
180	122	1034	1156	<nil>
180	137	998	1135	<nil>
180	121	1034	1155	<nil>
180	53	1032	1085	<nil>
180	47	1038	1085	<nil>
180	683	0	683	rpc error: code = Unavailable desc = transport is closing
180	123	986	1109	<nil>
180	123	987	1110	<nil>
180	124	986	1110	<nil>
180	137	982	1119	<nil>
180	133	983	1116	<nil>
180	234	0	234	rpc error: code = Unavailable desc = transport is closing
180	157	0	157	rpc error: code = Unavailable desc = transport is closing
180	161	0	161	rpc error: code = Unavailable desc = transport is closing
180	997	67	1064	<nil>
180	1030	86	1116	<nil>
180	1023	68	1091	<nil>
180	1026	86	1112	<nil>
180	1026	86	1112	<nil>
180	1001	67	1068	<nil>
180	1022	86	1108	<nil>
180	1001	67	1068	<nil>
180	1016	67	1083	<nil>
180	1017	67	1084	<nil>
180	1027	86	1113	<nil>
180	1027	86	1113	<nil>
180	1023	68	1091	<nil>
180	1039	86	1125	<nil>
180	1045	86	1131	<nil>
180	1026	86	1112	<nil>
180	1026	88	1114	<nil>
180	1016	68	1084	<nil>
180	1026	87	1113	<nil>
180	1027	87	1114	<nil>
180	1023	87	1110	<nil>
180	1041	69	1110	<nil>
180	998	69	1067	<nil>
180	1028	86	1114	<nil>
180	1048	89	1137	<nil>
180	1042	28	1070	<nil>
180	1017	73	1090	<nil>
180	1063	27	1090	<nil>
180	1071	24	1095	<nil>
180	1033	92	1125	<nil>
180	979	22	1001	<nil>
180	980	22	1002	<nil>
180	982	22	1004	<nil>
180	1016	73	1089	<nil>
180	1065	25	1090	<nil>
180	996	73	1069	<nil>
180	1064	26	1090	<nil>
180	1065	25	1090	<nil>
180	1045	92	1137	<nil>
180	983	21	1004	<nil>
180	981	22	1003	<nil>
180	979	63	1042	<nil>
180	982	63	1045	<nil>
180	975	114	1089	<nil>
180	978	111	1089	<nil>
180	956	129	1085	<nil>
180	983	129	1112	<nil>
180	982	128	1110	<nil>
180	978	132	1110	<nil>
180	983	131	1114	<nil>
180	978	131	1109	<nil>
180	978	164	1142	<nil>
180	990	172	1162	<nil>
180	982	184	1166	<nil>
180	1087	172	1259	<nil>
180	1076	172	1248	<nil>
180	1088	171	1259	<nil>
180	38	186	224	<nil>
180	100	194	294	<nil>
180	93	198	291	<nil>
180	986	182	1168	<nil>
180	986	178	1164	<nil>
180	981	182	1163	<nil>
180	990	173	1163	<nil>
180	1015	148	1163	<nil>
180	990	172	1162	<nil>
180	1041	149	1190	<nil>
180	904	178	1082	<nil>
180	1082	172	1254	<nil>
180	993	177	1170	<nil>
180	76	196	272	<nil>
180	977	197	1174	<nil>
180	1067	88	1155	<nil>
180	1066	89	1155	<nil>
180	944	183	1127	<nil>
180	98	189	287	<nil>
180	21	198	219	<nil>
180	1092	93	1185	<nil>
180	1045	101	1146	<nil>
180	1108	84	1192	<nil>
180	103	192	295	<nil>
180	1088	86	1174	<nil>
180	1083	172	1255	<nil>
180	38	194	232	<nil>
180	1108	86	1194	<nil>
180	22	198	220	<nil>
180	1108	90	1198	<nil>
180	1038	158	1196	<nil>
180	1107	90	1197	<nil>
180	1099	87	1186	<nil>
180	1082	173	1255	<nil>
180	1043	99	1142	<nil>
180	29	205	234	<nil>
180	1109	89	1198	<nil>
180	1168	17	1185	<nil>
180	1097	97	1194	<nil>
180	1134	57	1191	<nil>
180	999	161	1160	<nil>
180	1089	107	1196	<nil>
180	1015	185	1200	<nil>
180	1101	92	1193	<nil>
180	1132	57	1189	<nil>
180	998	206	1204	<nil>
180	1098	93	1191	<nil>
180	1106	94	1200	<nil>
180	128	87	215	<nil>
180	106	200	306	<nil>
180	1172	26	1198	<nil>
180	1099	95	1194	<nil>
180	1183	18	1201	<nil>
180	1034	170	1204	<nil>
180	1166	18	1184	<nil>
180	1171	13	1184	<nil>
180	1180	15	1195	<nil>
180	1181	12	1193	<nil>
180	1089	95	1184	<nil>
180	1098	94	1192	<nil>
180	1029	160	1189	<nil>
180	60	159	219	<nil>
180	1186	10	1196	<nil>
180	1189	14	1203	<nil>
180	1182	16	1198	<nil>
180	1175	22	1197	<nil>
180	1084	27	1111	<nil>
180	1194	20	1214	<nil>
180	1088	90	1178	<nil>
180	998	221	1219	<nil>
180	1182	26	1208	<nil>
180	1033	168	1201	<nil>
180	1018	184	1202	<nil>
180	1011	225	1236	<nil>
180	996	239	1235	<nil>
180	1214	140	1354	<nil>
180	1022	337	1359	<nil>
180	1197	143	1340	<nil>
180	1040	322	1362	<nil>
180	98	365	463	<nil>
180	243	139	382	<nil>
180	1130	163	1293	<nil>
180	1016	349	1365	<nil>
180	1009	357	1366	<nil>
180	266	182	448	<nil>
180	1147	217	1364	<nil>
180	263	186	449	<nil>
180	261	188	449	<nil>
180	230	219	449	<nil>
180	231	218	449	<nil>
180	266	183	449	<nil>
180	1308	143	1451	<nil>
180	267	200	467	<nil>
180	231	218	449	<nil>
180	374	183	557	<nil>
180	298	164	462	<nil>
180	281	180	461	<nil>
180	296	173	469	<nil>
180	373	185	558	<nil>
180	374	185	559	<nil>
180	295	171	466	<nil>
180	313	155	468	<nil>
180	376	185	561	<nil>
180	313	155	468	<nil>
180	283	185	468	<nil>
180	282	185	467	<nil>
180	311	155	466	<nil>
180	281	186	467	<nil>
180	282	187	469	<nil>
180	1259	202	1461	<nil>
180	362	210	572	<nil>
180	439	131	570	<nil>
180	343	232	575	<nil>
180	364	132	496	<nil>
180	339	231	570	<nil>
180	459	130	589	<nil>
180	346	230	576	<nil>
180	345	231	576	<nil>
180	342	229	571	<nil>
180	1177	303	1480	<nil>
180	359	212	571	<nil>
180	341	268	609	<nil>
180	1168	302	1470	<nil>
180	399	97	496	<nil>
180	359	213	572	<nil>
180	365	129	494	<nil>
180	353	233	586	<nil>
180	359	255	614	<nil>
180	341	273	614	<nil>
180	312	307	619	<nil>
180	307	263	570	<nil>
180	361	133	494	<nil>
180	448	106	554	<nil>
180	536	121	657	<nil>
180	347	334	681	<nil>
180	339	304	643	<nil>
180	345	333	678	<nil>
180	523	149	672	<nil>
180	447	150	597	<nil>
180	339	334	673	<nil>
180	344	332	676	<nil>
180	338	334	672	<nil>
180	426	249	675	<nil>
180	524	151	675	<nil>
180	346	333	679	<nil>
180	360	381	741	<nil>
180	254	407	661	<nil>
180	339	411	750	<nil>
180	439	226	665	<nil>
180	405	256	661	<nil>
180	338	412	750	<nil>
180	349	313	662	<nil>
180	430	230	660	<nil>
180	250	413	663	<nil>
180	220	412	632	<nil>
180	354	309	663	<nil>
180	254	409	663	<nil>
180	313	319	632	<nil>
180	388	275	663	<nil>
180	186	395	581	<nil>
180	168	399	567	<nil>
180	169	400	569	<nil>
180	169	398	567	<nil>
180	352	311	663	<nil>
180	333	330	663	<nil>
180	324	339	663	<nil>
180	169	412	581	<nil>
180	118	415	533	<nil>
180	266	210	476	<nil>
180	323	155	478	<nil>
180	166	399	565	<nil>
180	167	399	566	<nil>
180	373	112	485	<nil>
180	344	132	476	<nil>
180	346	130	476	<nil>
180	412	66	478	<nil>
180	364	116	480	<nil>
180	264	211	475	<nil>
180	305	175	480	<nil>
180	265	209	474	<nil>
180	280	193	473	<nil>
180	366	115	481	<nil>
180	158	89	247	<nil>
180	270	205	475	<nil>
180	255	220	475	<nil>
180	266	209	475	<nil>
180	322	153	475	<nil>
180	266	208	474	<nil>
180	214	32	246	<nil>
180	252	211	463	<nil>
180	287	221	508	<nil>
180	201	33	234	<nil>
180	286	193	479	<nil>
180	201	32	233	<nil>
180	266	209	475	<nil>
180	291	206	497	<nil>
180	311	155	466	<nil>
180	202	33	235	<nil>
180	184	34	218	<nil>
180	203	33	236	<nil>
180	322	156	478	<nil>
180	352	124	476	<nil>
180	201	35	236	<nil>
180	151	415	566	<nil>
180	322	161	483	<nil>
180	201	35	236	<nil>
180	304	164	468	<nil>
180	233	99	332	<nil>
180	322	165	487	<nil>
180	363	106	469	<nil>
180	319	153	472	<nil>
180	268	205	473	<nil>
180	335	154	489	<nil>
180	304	167	471	<nil>
180	363	111	474	<nil>
180	312	160	472	<nil>
180	364	115	479	<nil>
180	304	168	472	<nil>
180	364	111	475	<nil>
180	363	128	491	<nil>
180	273	206	479	<nil>
180	252	399	651	<nil>
180	365	112	477	<nil>
180	206	132	338	<nil>
180	193	315	508	<nil>
180	363	115	478	<nil>
180	310	167	477	<nil>
180	370	113	483	<nil>
180	225	118	343	<nil>
180	345	132	477	<nil>
180	364	114	478	<nil>
180	352	132	484	<nil>
180	391	86	477	<nil>
180	369	110	479	<nil>
180	363	115	478	<nil>
180	369	115	484	<nil>
180	223	120	343	<nil>
180	352	132	484	<nil>
180	365	109	474	<nil>
180	391	86	477	<nil>
180	393	86	479	<nil>
180	223	116	339	<nil>
180	331	319	650	<nil>
180	346	132	478	<nil>
180	418	61	479	<nil>
180	248	175	423	<nil>
180	359	120	479	<nil>
180	369	110	479	<nil>
180	265	208	473	<nil>
180	441	40	481	<nil>
180	364	117	481	<nil>
180	200	38	238	<nil>
180	200	38	238	<nil>
180	420	62	482	<nil>
180	250	41	291	<nil>
180	220	211	431	<nil>
180	360	121	481	<nil>
180	294	120	414	<nil>
180	292	198	490	<nil>
180	362	120	482	<nil>
180	347	135	482	<nil>
180	191	113	304	<nil>
180	244	208	452	<nil>
180	214	35	249	<nil>
180	201	39	240	<nil>
180	250	42	292	<nil>
180	201	31	232	<nil>
180	199	39	238	<nil>
180	212	36	248	<nil>
180	206	37	243	<nil>
180	200	37	237	<nil>
180	282	193	475	<nil>
180	200	33	233	<nil>
180	264	213	477	<nil>
180	267	208	475	<nil>
180	200	39	239	<nil>
180	336	143	479	<nil>
180	202	34	236	<nil>
180	270	208	478	<nil>
180	265	211	476	<nil>
180	322	154	476	<nil>
180	355	143	498	<nil>
180	213	31	244	<nil>
180	311	352	663	<nil>
180	200	113	313	<nil>
180	200	40	240	<nil>
180	200	40	240	<nil>
180	142	40	182	<nil>
180	153	40	193	<nil>
180	149	37	186	<nil>
180	144	39	183	<nil>
180	138	39	177	<nil>
180	202	40	242	<nil>
180	101	40	141	<nil>
180	148	40	188	<nil>
180	142	40	182	<nil>
180	170	19	189	<nil>
180	225	19	244	<nil>
180	164	20	184	<nil>
180	224	20	244	<nil>
180	162	23	185	<nil>
180	133	24	157	<nil>
180	133	24	157	<nil>
180	138	23	161	<nil>
180	127	28	155	<nil>
180	133	28	161	<nil>
180	134	25	159	<nil>
180	151	25	176	<nil>
180	252	467	719	<nil>
180	134	30	164	<nil>
180	135	30	165	<nil>
180	133	32	165	<nil>
180	106	29	135	<nil>
180	135	29	164	<nil>
180	129	29	158	<nil>
180	79	31	110	<nil>
180	106	30	136	<nil>
180	103	33	136	<nil>
180	62	32	94	<nil>
180	104	33	137	<nil>
180	103	33	136	<nil>
180	55	30	85	<nil>
180	105	32	137	<nil>
180	106	30	136	<nil>
180	106	30	136	<nil>
180	734	14	748	<nil>
180	720	11	731	<nil>
180	785	11	796	<nil>
180	777	11	788	<nil>
180	763	11	774	<nil>
180	787	11	798	<nil>
180	738	11	749	<nil>
180	757	11	768	<nil>
180	784	12	796	<nil>
180	745	11	756	<nil>
180	776	12	788	<nil>
180	751	11	762	<nil>
180	741	12	753	<nil>
180	749	10	759	<nil>
180	782	11	793	<nil>
180	766	22	788	<nil>
180	785	18	803	<nil>
180	742	10	752	<nil>
180	771	25	796	<nil>
180	750	11	761	<nil>
180	741	11	752	<nil>
180	759	11	770	<nil>
180	753	15	768	<nil>
180	742	10	752	<nil>
180	765	12	777	<nil>
180	740	18	758	<nil>
180	785	11	796	<nil>
180	777	18	795	<nil>
180	746	18	764	<nil>
180	757	20	777	<nil>
180	747	20	767	<nil>
180	754	20	774	<nil>
180	756	5	761	<nil>
180	744	21	765	<nil>
180	768	3	771	<nil>
180	765	4	769	<nil>
180	776	4	780	<nil>
180	762	1	763	<nil>
180	759	4	763	<nil>
180	780	28	808	<nil>
180	779	1	780	<nil>
180	760	3	763	<nil>
180	784	3	787	<nil>
180	781	1	782	<nil>
180	761	4	765	<nil>
180	782	3	785	<nil>
180	782	2	784	<nil>
180	787	33	820	<nil>
180	783	7	790	<nil>
180	765	3	768	<nil>
180	754	13	767	<nil>
180	761	7	768	<nil>
180	768	7	775	<nil>
180	776	9	785	<nil>
180	755	34	789	<nil>
180	751	34	785	<nil>
180	762	34	796	<nil>
180	788	34	822	<nil>
180	759	35	794	<nil>
180	763	26	789	<nil>
180	755	15	770	<nil>
180	748	9	757	<nil>
180	777	12	789	<nil>
180	760	9	769	<nil>
180	781	18	799	<nil>
180	770	10	780	<nil>
180	755	8	763	<nil>
180	760	13	773	<nil>
180	759	21	780	<nil>
180	781	19	800	<nil>
180	751	21	772	<nil>
180	751	20	771	<nil>
180	800	19	819	<nil>
180	787	21	808	<nil>
180	748	14	762	<nil>
180	769	17	786	<nil>
180	780	10	790	<nil>
180	762	9	771	<nil>
180	752	15	767	<nil>
180	779	12	791	<nil>
180	770	21	791	<nil>
180	769	21	790	<nil>
180	787	10	797	<nil>
180	738	21	759	<nil>
180	778	4	782	<nil>
180	746	25	771	<nil>
180	735	25	760	<nil>
180	776	26	802	<nil>
180	735	20	755	<nil>
180	780	9	789	<nil>
180	744	17	761	<nil>
180	772	1	773	<nil>
180	740	16	756	<nil>
180	740	16	756	<nil>
180	783	4	787	<nil>
180	751	29	780	<nil>
180	784	19	803	<nil>
180	767	20	787	<nil>
180	783	15	798	<nil>
180	782	18	800	<nil>
180	780	12	792	<nil>
180	775	8	783	<nil>
180	759	13	772	<nil>
180	779	10	789	<nil>
180	782	14	796	<nil>
180	768	13	781	<nil>
180	767	22	789	<nil>
180	778	7	785	<nil>
180	752	58	810	<nil>
180	776	64	840	<nil>
180	777	69	846	<nil>
180	781	77	858	<nil>
180	772	187	959	<nil>
180	793	201	994	<nil>
180	785	212	997	<nil>
180	765	221	986	<nil>
180	780	219	999	<nil>
180	784	211	995	<nil>
180	775	221	996	<nil>
180	758	223	981	<nil>
180	767	230	997	<nil>
180	765	221	986	<nil>
180	784	217	1001	<nil>
180	780	220	1000	<nil>
180	765	222	987	<nil>
180	767	230	997	<nil>
180	778	221	999	<nil>
180	779	228	1007	<nil>
180	771	234	1005	<nil>
180	776	228	1004	<nil>
180	28	240	268	<nil>
180	781	229	1010	<nil>
180	778	229	1007	<nil>
180	780	228	1008	<nil>
180	784	226	1010	<nil>
180	778	233	1011	<nil>
180	776	228	1004	<nil>
180	776	237	1013	<nil>
180	27	235	262	<nil>
180	18	238	256	<nil>
180	17	236	253	<nil>
180	777	229	1006	<nil>
180	777	229	1006	<nil>
180	21	236	257	<nil>
180	203	48	251	<nil>
180	990	49	1039	<nil>
180	991	51	1042	<nil>
180	989	50	1039	<nil>
180	970	51	1021	<nil>
180	993	47	1040	<nil>
180	998	43	1041	<nil>
180	222	48	270	<nil>
180	202	48	250	<nil>
180	990	47	1037	<nil>
180	985	51	1036	<nil>
180	986	51	1037	<nil>
180	990	47	1037	<nil>
180	989	49	1038	<nil>
180	989	48	1037	<nil>
180	995	48	1043	<nil>
180	998	48	1046	<nil>
180	995	49	1044	<nil>
180	991	52	1043	<nil>
180	995	63	1058	<nil>
180	214	56	270	<nil>
180	1000	63	1063	<nil>
180	1001	63	1064	<nil>
180	999	63	1062	<nil>
180	216	56	272	<nil>
180	1006	56	1062	<nil>
180	216	97	313	<nil>
180	217	180	397	<nil>
180	210	187	397	<nil>
180	1007	182	1189	<nil>
180	1007	185	1192	<nil>
180	1001	191	1192	<nil>
180	1007	184	1191	<nil>
180	1007	185	1192	<nil>
180	1007	188	1195	<nil>
180	1027	173	1200	<nil>
180	1027	175	1202	<nil>
180	1045	157	1202	<nil>
180	1026	176	1202	<nil>
180	1026	177	1203	<nil>
180	234	181	415	<nil>
180	1023	179	1202	<nil>
180	1041	161	1202	<nil>
180	1023	181	1204	<nil>
180	286	152	438	<nil>
180	288	160	448	<nil>
180	216	174	390	<nil>
180	196	177	373	<nil>
180	251	185	436	<nil>
180	271	170	441	<nil>
180	283	169	452	<nil>
180	269	168	437	<nil>
180	256	173	429	<nil>
180	269	159	428	<nil>
180	290	158	448	<nil>
180	267	161	428	<nil>
180	283	160	443	<nil>
180	177	52	229	<nil>
180	268	158	426	<nil>
180	267	162	429	<nil>
180	193	34	227	<nil>
180	265	161	426	<nil>
180	422	11	433	<nil>
180	256	174	430	<nil>
180	436	18	454	<nil>
180	263	175	438	<nil>
180	256	175	431	<nil>
180	271	168	439	<nil>
180	268	164	432	<nil>
180	251	165	416	<nil>
180	272	161	433	<nil>
180	264	163	427	<nil>
180	285	166	451	<nil>
180	269	162	431	<nil>
180	368	61	429	<nil>
180	268	157	425	<nil>
180	253	175	428	<nil>
180	251	180	431	<nil>
180	231	198	429	<nil>
180	430	15	445	<nil>
180	269	160	429	<nil>
180	248	179	427	<nil>
180	265	166	431	<nil>
180	214	140	354	<nil>
180	278	160	438	<nil>
180	265	167	432	<nil>
180	231	196	427	<nil>
180	279	166	445	<nil>
180	249	199	448	<nil>
180	262	169	431	<nil>
180	269	176	445	<nil>
180	255	178	433	<nil>
180	263	168	431	<nil>
180	170	162	332	<nil>
180	357	75	432	<nil>
180	249	186	435	<nil>
180	300	141	441	<nil>
180	275	162	437	<nil>
180	277	171	448	<nil>
180	272	179	451	<nil>
180	1023	184	1207	<nil>
180	267	165	432	<nil>
180	235	199	434	<nil>
180	266	168	434	<nil>
180	265	184	449	<nil>
180	1022	204	1226	<nil>
180	349	88	437	<nil>
180	1025	200	1225	<nil>
180	316	123	439	<nil>
180	1025	181	1206	<nil>
180	1023	181	1204	<nil>
180	266	170	436	<nil>
180	276	169	445	<nil>
180	278	169	447	<nil>
180	361	92	453	<nil>
180	295	147	442	<nil>
180	283	167	450	<nil>
180	280	167	447	<nil>
180	295	142	437	<nil>
180	268	174	442	<nil>
180	273	166	439	<nil>
180	247	179	426	<nil>
180	343	99	442	<nil>
180	167	76	243	<nil>
180	414	17	431	<nil>
180	194	34	228	<nil>
180	265	177	442	<nil>
180	160	76	236	<nil>
180	211	8	219	<nil>
180	447	13	460	<nil>
180	194	34	228	<nil>
180	269	174	443	<nil>
180	216	10	226	<nil>
180	188	41	229	<nil>
180	268	179	447	<nil>
180	160	76	236	<nil>
180	211	16	227	<nil>
180	186	49	235	<nil>
180	1022	193	1215	<nil>
180	164	76	240	<nil>
180	266	165	431	<nil>
180	444	10	454	<nil>
180	427	18	445	<nil>
180	433	23	456	<nil>
180	438	16	454	<nil>
180	438	23	461	<nil>
180	334	24	358	<nil>
180	254	161	415	<nil>
180	425	19	444	<nil>
180	421	12	433	<nil>
180	255	176	431	<nil>
180	421	24	445	<nil>
180	268	165	433	<nil>
180	422	22	444	<nil>
180	409	29	438	<nil>
180	419	20	439	<nil>
180	426	26	452	<nil>
180	434	23	457	<nil>
180	422	31	453	<nil>
180	445	18	463	<nil>
180	219	18	237	<nil>
180	217	20	237	<nil>
180	242	27	269	<nil>
180	185	13	198	<nil>
180	279	21	300	<nil>
180	191	16	207	<nil>
180	192	16	208	<nil>
180	194	16	210	<nil>
180	193	17	210	<nil>
180	192	18	210	<nil>
180	200	19	219	<nil>
180	191	21	212	<nil>
180	192	20	212	<nil>
180	185	21	206	<nil>
180	194	20	214	<nil>
180	193	20	213	<nil>
180	193	21	214	<nil>
180	187	21	208	<nil>
180	195	21	216	<nil>
180	187	21	208	<nil>
180	187	22	209	<nil>
180	192	22	214	<nil>
180	175	23	198	<nil>
180	192	23	215	<nil>
180	193	22	215	<nil>
180	176	23	199	<nil>
180	177	23	200	<nil>
180	192	26	218	<nil>
180	185	26	211	<nil>
180	172	30	202	<nil>
180	176	29	205	<nil>
180	187	30	217	<nil>
180	172	30	202	<nil>
180	187	30	217	<nil>
180	129	31	160	<nil>
180	127	33	160	<nil>
180	96	32	128	<nil>
180	187	30	217	<nil>
180	329	13	342	<nil>
180	327	15	342	<nil>
180	270	5	275	<nil>
180	280	5	285	<nil>
180	294	6	300	<nil>
180	363	40	403	<nil>
180	276	7	283	<nil>
180	292	7	299	<nil>
180	271	14	285	<nil>
180	329	22	351	<nil>
180	404	34	438	<nil>
180	321	8	329	<nil>
180	287	17	304	<nil>
180	289	16	305	<nil>
180	284	20	304	<nil>
180	284	20	304	<nil>
180	279	14	293	<nil>
180	265	19	284	<nil>
180	323	19	342	<nil>
180	442	44	486	<nil>
180	332	23	355	<nil>
180	335	22	357	<nil>
180	284	18	302	<nil>
180	276	20	296	<nil>
180	283	17	300	<nil>
180	414	24	438	<nil>
180	300	3	303	<nil>
180	297	24	321	<nil>
180	295	9	304	<nil>
180	300	4	304	<nil>
180	416	39	455	<nil>
180	255	24	279	<nil>
180	315	24	339	<nil>
180	444	44	488	<nil>
180	278	22	300	<nil>
180	315	5	320	<nil>
180	318	20	338	<nil>
180	394	43	437	<nil>
180	273	17	290	<nil>
180	279	22	301	<nil>
180	285	20	305	<nil>
180	332	25	357	<nil>
180	281	23	304	<nil>
180	269	22	291	<nil>
180	459	55	514	<nil>
180	459	35	494	<nil>
180	309	23	332	<nil>
180	308	23	331	<nil>
180	302	25	327	<nil>
180	331	23	354	<nil>
180	304	28	332	<nil>
180	332	54	386	<nil>
180	309	26	335	<nil>
180	296	21	317	<nil>
180	311	21	332	<nil>
180	283	25	308	<nil>
180	306	10	316	<nil>
180	279	47	326	<nil>
180	312	23	335	<nil>
180	286	22	308	<nil>
180	312	22	334	<nil>
180	297	24	321	<nil>
180	311	21	332	<nil>
180	295	22	317	<nil>
180	317	22	339	<nil>
180	312	30	342	<nil>
180	305	29	334	<nil>
180	308	25	333	<nil>
180	287	22	309	<nil>
180	310	26	336	<nil>
180	306	25	331	<nil>
180	334	39	373	<nil>
180	308	25	333	<nil>
180	295	39	334	<nil>
180	308	24	332	<nil>
180	350	22	372	<nil>
180	310	25	335	<nil>
180	310	24	334	<nil>
180	296	39	335	<nil>
180	321	54	375	<nil>
180	306	26	332	<nil>
180	285	31	316	<nil>
180	310	26	336	<nil>
180	340	27	367	<nil>
180	270	39	309	<nil>
180	311	24	335	<nil>
180	308	25	333	<nil>
180	308	25	333	<nil>
180	276	18	294	<nil>
180	326	35	361	<nil>
180	281	38	319	<nil>
180	305	47	352	<nil>
180	292	48	340	<nil>
180	296	46	342	<nil>
180	306	46	352	<nil>
180	301	46	347	<nil>
180	311	48	359	<nil>
180	307	49	356	<nil>
180	332	569	901	<nil>
180	286	632	918	<nil>
180	331	585	916	<nil>
180	317	587	904	<nil>
180	335	587	922	<nil>
180	333	587	920	<nil>
180	336	598	934	<nil>
180	335	600	935	<nil>
180	322	600	922	<nil>
180	330	605	935	<nil>
180	360	603	963	<nil>
180	334	601	935	<nil>
180	340	601	941	<nil>
180	346	603	949	<nil>
180	342	604	946	<nil>
180	316	615	931	<nil>
180	316	606	922	<nil>
180	317	606	923	<nil>
180	344	594	938	<nil>
180	340	617	957	<nil>
180	346	617	963	<nil>
180	367	601	968	<nil>
180	377	602	979	<nil>
180	367	602	969	<nil>
180	365	602	967	<nil>
180	366	601	967	<nil>
180	357	612	969	<nil>
180	368	601	969	<nil>
180	379	602	981	<nil>
180	392	595	987	<nil>
180	429	598	1027	<nil>
180	373	600	973	<nil>
180	359	634	993	<nil>
180	396	584	980	<nil>
180	415	580	995	<nil>
180	408	577	985	<nil>
180	394	581	975	<nil>
180	409	581	990	<nil>
180	389	602	991	<nil>
180	375	603	978	<nil>
180	886	107	993	<nil>
180	633	0	633	rpc error: code = Unavailable desc = transport is closing
180	634	0	634	rpc error: code = Unavailable desc = transport is closing
180	646	0	646	rpc error: code = Unavailable desc = transport is closing
180	632	0	632	rpc error: code = Unavailable desc = transport is closing
180	633	0	633	rpc error: code = Unavailable desc = transport is closing
180	635	0	635	rpc error: code = Unavailable desc = transport is closing
180	664	0	664	rpc error: code = Unavailable desc = transport is closing
180	647	0	647	rpc error: code = Unavailable desc = transport is closing
180	661	0	661	rpc error: code = Unavailable desc = transport is closing
180	973	0	973	rpc error: code = Unavailable desc = transport is closing
180	668	0	668	rpc error: code = Unavailable desc = transport is closing
180	963	0	963	rpc error: code = Unavailable desc = transport is closing
180	974	0	974	rpc error: code = Unavailable desc = transport is closing
180	971	0	971	rpc error: code = Unavailable desc = transport is closing
180	970	0	970	rpc error: code = Unavailable desc = transport is closing
180	968	0	968	rpc error: code = Unavailable desc = transport is closing
180	647	0	647	rpc error: code = Unavailable desc = transport is closing
180	971	0	971	rpc error: code = Unavailable desc = transport is closing
180	673	0	673	rpc error: code = Unavailable desc = transport is closing
180	658	0	658	rpc error: code = Unavailable desc = transport is closing
180	971	0	971	rpc error: code = Unavailable desc = transport is closing
180	657	0	657	rpc error: code = Unavailable desc = transport is closing
180	971	0	971	rpc error: code = Unavailable desc = transport is closing
180	973	0	973	rpc error: code = Unavailable desc = transport is closing
180	975	0	975	rpc error: code = Unavailable desc = transport is closing
180	971	0	971	rpc error: code = Unavailable desc = transport is closing
180	972	0	972	rpc error: code = Unavailable desc = transport is closing
180	971	0	971	rpc error: code = Unavailable desc = transport is closing
180	986	0	986	rpc error: code = Unavailable desc = transport is closing
180	989	0	989	rpc error: code = Unavailable desc = transport is closing
180	973	0	973	rpc error: code = Unavailable desc = transport is closing
180	970	0	970	rpc error: code = Unavailable desc = transport is closing
180	992	0	992	rpc error: code = Unavailable desc = transport is closing
180	989	0	989	rpc error: code = Unavailable desc = transport is closing
180	975	0	975	rpc error: code = Unavailable desc = transport is closing
180	977	0	977	rpc error: code = Unavailable desc = transport is closing
180	984	0	984	rpc error: code = Unavailable desc = transport is closing
180	973	0	973	rpc error: code = Unavailable desc = transport is closing
180	989	51	1040	<nil>
180	972	53	1025	<nil>
180	991	71	1062	<nil>
180	991	80	1071	<nil>
180	991	85	1076	<nil>
180	993	94	1087	<nil>
180	997	99	1096	<nil>
180	997	101	1098	<nil>
180	995	101	1096	<nil>
180	996	101	1097	<nil>
180	994	101	1095	<nil>
180	995	99	1094	<nil>
180	997	97	1094	<nil>
180	684	106	790	<nil>
180	998	108	1106	<nil>
180	680	109	789	<nil>
180	682	108	790	<nil>
180	686	103	789	<nil>
180	696	104	800	<nil>
180	680	110	790	<nil>
180	681	109	790	<nil>
180	996	108	1104	<nil>
180	681	108	789	<nil>
180	996	106	1102	<nil>
180	693	108	801	<nil>
180	993	110	1103	<nil>
180	704	104	808	<nil>
180	661	115	776	<nil>
180	673	105	778	<nil>
180	649	150	799	<nil>
180	673	153	826	<nil>
180	668	159	827	<nil>
180	661	155	816	<nil>
180	661	154	815	<nil>
180	671	154	825	<nil>
180	660	154	814	<nil>
180	662	157	819	<nil>
180	662	154	816	<nil>
180	660	159	819	<nil>
180	663	157	820	<nil>
180	673	158	831	<nil>
180	662	158	820	<nil>
180	664	157	821	<nil>
180	662	158	820	<nil>
180	662	158	820	<nil>
180	672	157	829	<nil>
180	673	157	830	<nil>
180	672	185	857	<nil>
180	672	184	856	<nil>
180	638	188	826	<nil>
180	661	189	850	<nil>
180	663	214	877	<nil>
180	672	214	886	<nil>
180	661	189	850	<nil>
180	673	187	860	<nil>
180	673	188	861	<nil>
180	674	214	888	<nil>
180	662	188	850	<nil>
180	639	188	827	<nil>
180	662	214	876	<nil>
180	673	216	889	<nil>
180	674	214	888	<nil>
180	674	214	888	<nil>
180	662	215	877	<nil>
180	637	215	852	<nil>
180	663	215	878	<nil>
180	674	214	888	<nil>
180	662	215	877	<nil>
180	673	214	887	<nil>
180	638	215	853	<nil>
180	672	216	888	<nil>
180	664	215	879	<nil>
180	668	214	882	<nil>
180	638	215	853	<nil>
180	638	216	854	<nil>
180	673	215	888	<nil>
180	638	215	853	<nil>
180	663	224	887	<nil>
180	670	219	889	<nil>
180	667	223	890	<nil>
180	668	222	890	<nil>
180	668	233	901	<nil>
180	673	224	897	<nil>
180	663	224	887	<nil>
180	662	235	897	<nil>
180	665	328	993	<nil>
180	664	320	984	<nil>
180	675	330	1005	<nil>
180	677	320	997	<nil>
180	666	329	995	<nil>
180	671	325	996	<nil>
180	664	329	993	<nil>
180	670	334	1004	<nil>
180	93	337	430	<nil>
180	673	333	1006	<nil>
180	670	335	1005	<nil>
180	675	330	1005	<nil>
180	674	331	1005	<nil>
180	102	332	434	<nil>
180	83	335	418	<nil>
180	688	332	1020	<nil>
180	97	336	433	<nil>
180	94	338	432	<nil>
180	95	338	433	<nil>
180	99	335	434	<nil>
180	84	338	422	<nil>
180	85	339	424	<nil>
180	82	334	416	<nil>
180	81	334	415	<nil>
180	89	320	409	<nil>
180	95	321	416	<nil>
180	93	316	409	<nil>
180	105	304	409	<nil>
180	100	310	410	<nil>
180	122	269	391	<nil>
180	110	303	413	<nil>
180	118	273	391	<nil>
180	105	307	412	<nil>
180	93	307	400	<nil>
180	91	307	398	<nil>
180	121	272	393	<nil>
180	108	266	374	<nil>
180	121	277	398	<nil>
180	109	267	376	<nil>
180	103	268	371	<nil>
180	106	270	376	<nil>
180	158	175	333	<nil>
180	107	268	375	<nil>
180	207	136	343	<nil>
180	164	122	286	<nil>
180	196	145	341	<nil>
180	114	267	381	<nil>
180	109	268	377	<nil>
180	194	138	332	<nil>
180	108	267	375	<nil>
180	119	280	399	<nil>
180	172	178	350	<nil>
180	172	176	348	<nil>
180	121	278	399	<nil>
180	117	259	376	<nil>
180	197	150	347	<nil>
180	121	279	400	<nil>
180	177	177	354	<nil>
180	116	285	401	<nil>
180	197	137	334	<nil>
180	196	138	334	<nil>
180	107	268	375	<nil>
180	207	127	334	<nil>
180	115	261	376	<nil>
180	174	177	351	<nil>
180	149	205	354	<nil>
180	174	177	351	<nil>
180	255	85	340	<nil>
180	255	81	336	<nil>
180	254	81	335	<nil>
180	252	84	336	<nil>
180	234	101	335	<nil>
180	255	84	339	<nil>
180	234	102	336	<nil>
180	263	66	329	<nil>
180	205	135	340	<nil>
180	238	102	340	<nil>
180	259	81	340	<nil>
180	193	144	337	<nil>
180	251	85	336	<nil>
180	204	136	340	<nil>
180	296	41	337	<nil>
180	195	145	340	<nil>
180	248	82	330	<nil>
180	197	143	340	<nil>
180	190	146	336	<nil>
180	194	146	340	<nil>
180	255	81	336	<nil>
180	255	81	336	<nil>
180	108	267	375	<nil>
180	235	101	336	<nil>
180	207	146	353	<nil>
180	197	144	341	<nil>
180	173	176	349	<nil>
180	82	335	417	<nil>
180	142	42	184	<nil>
180	238	80	318	<nil>
180	239	85	324	<nil>
180	246	71	317	<nil>
180	186	142	328	<nil>
180	255	81	336	<nil>
180	237	79	316	<nil>
180	236	80	316	<nil>
180	253	64	317	<nil>
180	187	142	329	<nil>
180	120	66	186	<nil>
180	245	94	339	<nil>
180	237	98	335	<nil>
180	230	102	332	<nil>
180	247	94	341	<nil>
180	244	149	393	<nil>
180	245	148	393	<nil>
180	245	149	394	<nil>
180	132	123	255	<nil>
180	244	149	393	<nil>
180	245	148	393	<nil>
180	235	150	385	<nil>
180	238	149	387	<nil>
180	245	150	395	<nil>
180	192	145	337	<nil>
180	237	151	388	<nil>
180	248	147	395	<nil>
180	245	149	394	<nil>
180	237	160	397	<nil>
180	235	153	388	<nil>
180	190	156	346	<nil>
180	196	154	350	<nil>
180	191	166	357	<nil>
180	174	188	362	<nil>
180	195	158	353	<nil>
180	196	166	362	<nil>
180	192	179	371	<nil>
180	175	166	341	<nil>
180	171	165	336	<nil>
180	196	161	357	<nil>
180	132	141	273	<nil>
180	152	177	329	<nil>
180	173	189	362	<nil>
180	195	189	384	<nil>
180	152	177	329	<nil>
180	196	188	384	<nil>
180	152	177	329	<nil>
180	173	189	362	<nil>
180	190	166	356	<nil>
180	172	189	361	<nil>
180	156	178	334	<nil>
180	152	179	331	<nil>
180	171	189	360	<nil>
180	151	181	332	<nil>
180	143	207	350	<nil>
180	131	205	336	<nil>
180	142	205	347	<nil>
180	152	181	333	<nil>
180	131	205	336	<nil>
180	133	205	338	<nil>
180	192	225	417	<nil>
180	132	206	338	<nil>
180	143	206	349	<nil>
180	128	206	334	<nil>
180	128	205	333	<nil>
180	132	206	338	<nil>
180	154	206	360	<nil>
180	152	206	358	<nil>
180	124	207	331	<nil>
180	171	189	360	<nil>
180	142	205	347	<nil>
180	151	207	358	<nil>
180	132	205	337	<nil>
180	144	207	351	<nil>
180	132	206	338	<nil>
180	132	205	337	<nil>
180	142	207	349	<nil>
180	152	207	359	<nil>
180	143	207	350	<nil>
180	128	333	461	<nil>
180	132	396	528	<nil>
180	135	398	533	<nil>
180	420	11	431	<nil>
180	251	11	262	<nil>
180	216	10	226	<nil>
180	423	12	435	<nil>
180	422	11	433	<nil>
180	424	9	433	<nil>
180	257	10	267	<nil>
180	427	7	434	<nil>
180	256	10	266	<nil>
180	253	12	265	<nil>
180	308	13	321	<nil>
180	311	11	322	<nil>
180	264	1	265	<nil>
180	254	11	265	<nil>
180	423	11	434	<nil>
180	421	12	433	<nil>
180	310	13	323	<nil>
180	422	12	434	<nil>
180	252	13	265	<nil>
180	420	16	436	<nil>
180	429	18	447	<nil>
180	421	16	437	<nil>
180	318	18	336	<nil>
180	426	18	444	<nil>
180	456	18	474	<nil>
180	307	17	324	<nil>
180	308	16	324	<nil>
180	420	17	437	<nil>
180	419	16	435	<nil>
180	419	18	437	<nil>
180	421	17	438	<nil>
180	435	9	444	<nil>
180	419	16	435	<nil>
180	426	18	444	<nil>
180	428	17	445	<nil>
180	417	18	435	<nil>
180	288	18	306	<nil>
180	430	16	446	<nil>
180	454	17	471	<nil>
180	428	16	444	<nil>
180	419	17	436	<nil>
180	251	15	266	<nil>
180	429	16	445	<nil>
180	419	16	435	<nil>
180	419	16	435	<nil>
180	418	17	435	<nil>
180	251	16	267	<nil>
180	251	16	267	<nil>
180	275	21	296	<nil>
180	237	11	248	<nil>
180	264	9	273	<nil>
180	313	9	322	<nil>
180	256	17	273	<nil>
180	434	9	443	<nil>
180	234	443	677	<nil>
180	320	444	764	<nil>
180	234	452	686	<nil>
180	234	453	687	<nil>
180	242	445	687	<nil>
180	155	460	615	<nil>
180	234	453	687	<nil>
180	54	447	501	<nil>
180	112	454	566	<nil>
180	224	454	678	<nil>
180	178	447	625	<nil>
180	162	454	616	<nil>
180	227	454	681	<nil>
180	179	445	624	<nil>
180	64	453	517	<nil>
180	206	440	646	<nil>
180	261	443	704	<nil>
180	291	412	703	<nil>
180	349	446	795	<nil>
180	208	436	644	<nil>
180	207	441	648	<nil>
180	262	442	704	<nil>
180	342	449	791	<nil>
180	209	430	639	<nil>
180	457	455	912	<nil>
180	367	432	799	<nil>
180	481	431	912	<nil>
180	272	432	704	<nil>
180	219	430	649	<nil>
180	233	417	650	<nil>
180	199	443	642	<nil>
180	210	431	641	<nil>
180	198	443	641	<nil>
180	206	431	637	<nil>
180	159	431	590	<nil>
180	142	431	573	<nil>
180	237	412	649	<nil>
180	210	431	641	<nil>
180	286	417	703	<nil>
180	260	443	703	<nil>
180	300	443	743	<nil>
180	136	443	579	<nil>
180	280	432	712	<nil>
180	497	417	914	<nil>
180	470	443	913	<nil>
180	260	443	703	<nil>
180	259	444	703	<nil>
180	350	441	791	<nil>
180	216	433	649	<nil>
180	193	456	649	<nil>
180	84	398	482	<nil>
180	272	432	704	<nil>
180	369	434	803	<nil>
180	269	447	716	<nil>
180	210	435	645	<nil>
180	299	446	745	<nil>
180	215	443	658	<nil>
180	167	430	597	<nil>
180	283	431	714	<nil>
180	230	411	641	<nil>
180	310	432	742	<nil>
180	299	443	742	<nil>
180	293	412	705	<nil>
180	471	14	485	<nil>
180	493	26	519	<nil>
180	483	45	528	<nil>
180	474	15	489	<nil>
180	473	13	486	<nil>
180	487	76	563	<nil>
180	488	91	579	<nil>
180	493	86	579	<nil>
180	486	91	577	<nil>
180	499	84	583	<nil>
180	499	84	583	<nil>
180	486	92	578	<nil>
180	499	89	588	<nil>
180	495	89	584	<nil>
180	493	89	582	<nil>
180	492	89	581	<nil>
180	493	95	588	<nil>
180	500	89	589	<nil>
180	500	89	589	<nil>
180	488	96	584	<nil>
180	520	100	620	<nil>
180	502	102	604	<nil>
180	528	96	624	<nil>
180	501	105	606	<nil>
180	494	136	630	<nil>
180	465	149	614	<nil>
180	473	136	609	<nil>
180	478	136	614	<nil>
180	541	88	629	<nil>
180	486	142	628	<nil>
180	460	142	602	<nil>
180	494	140	634	<nil>
180	467	142	609	<nil>
180	546	89	635	<nil>
180	577	59	636	<nil>
180	540	95	635	<nil>
180	496	146	642	<nil>
180	465	143	608	<nil>
180	486	149	635	<nil>
180	554	63	617	<nil>
180	582	63	645	<nil>
180	575	64	639	<nil>
180	581	63	644	<nil>
180	557	62	619	<nil>
180	471	153	624	<nil>
180	479	145	624	<nil>
180	567	61	628	<nil>
180	583	62	645	<nil>
180	557	62	619	<nil>
180	549	62	611	<nil>
180	502	118	620	<nil>
180	478	154	632	<nil>
180	95	106	201	<nil>
180	138	65	203	<nil>
180	471	161	632	<nil>
180	134	140	274	<nil>
180	66	209	275	<nil>
180	28	242	270	<nil>
180	91	161	252	<nil>
180	111	160	271	<nil>
180	110	145	255	<nil>
180	37	239	276	<nil>
180	131	143	274	<nil>
180	108	152	260	<nil>
180	105	144	249	<nil>
180	73	205	278	<nil>
180	122	154	276	<nil>
180	143	103	246	<nil>
180	137	134	271	<nil>
180	65	213	278	<nil>
180	67	205	272	<nil>
180	144	102	246	<nil>
180	158	89	247	<nil>
180	149	101	250	<nil>
180	105	146	251	<nil>
180	144	104	248	<nil>
180	97	155	252	<nil>
180	160	95	255	<nil>
180	118	172	290	<nil>
180	161	97	258	<nil>
180	158	97	255	<nil>
180	163	100	263	<nil>
180	157	98	255	<nil>
180	161	109	270	<nil>
180	157	110	267	<nil>
180	158	109	267	<nil>
180	157	110	267	<nil>
180	163	160	323	<nil>
180	168	167	335	<nil>
180	165	167	332	<nil>
180	166	167	333	<nil>
180	163	173	336	<nil>
180	166	182	348	<nil>
180	163	183	346	<nil>
180	161	190	351	<nil>
180	168	185	353	<nil>
180	165	188	353	<nil>
180	163	188	351	<nil>
180	160	191	351	<nil>
180	163	187	350	<nil>
180	168	185	353	<nil>
180	193	166	359	<nil>
180	168	191	359	<nil>
180	166	194	360	<nil>
180	166	192	358	<nil>
180	192	166	358	<nil>
180	159	198	357	<nil>
180	211	152	363	<nil>
180	142	194	336	<nil>
180	162	194	356	<nil>
180	115	192	307	<nil>
180	210	156	366	<nil>
180	163	193	356	<nil>
180	214	153	367	<nil>
180	206	161	367	<nil>
180	156	172	328	<nil>
180	213	200	413	<nil>
180	102	200	302	<nil>
180	213	210	423	<nil>
180	211	211	422	<nil>
180	417	0	417	rpc error: code = Unavailable desc = transport is closing
180	398	0	398	rpc error: code = Unavailable desc = transport is closing
180	401	0	401	rpc error: code = Unavailable desc = transport is closing
180	398	0	398	rpc error: code = Unavailable desc = transport is closing
180	444	0	444	rpc error: code = Unavailable desc = transport is closing
180	397	0	397	rpc error: code = Unavailable desc = transport is closing
180	117	220	337	<nil>
180	435	0	435	rpc error: code = Unavailable desc = transport is closing
180	435	0	435	rpc error: code = Unavailable desc = transport is closing
180	420	0	420	rpc error: code = Unavailable desc = transport is closing
180	450	0	450	rpc error: code = Unavailable desc = transport is closing
180	402	0	402	rpc error: code = Unavailable desc = transport is closing
180	409	0	409	rpc error: code = Unavailable desc = transport is closing
180	107	243	350	<nil>
180	672	0	672	rpc error: code = Unavailable desc = transport is closing
180	694	0	694	rpc error: code = Unavailable desc = transport is closing
180	396	0	396	rpc error: code = Unavailable desc = transport is closing
180	100	243	343	<nil>
180	404	0	404	rpc error: code = Unavailable desc = transport is closing
180	666	0	666	rpc error: code = Unavailable desc = transport is closing
180	396	0	396	rpc error: code = Unavailable desc = transport is closing
180	396	0	396	rpc error: code = Unavailable desc = transport is closing
180	416	0	416	rpc error: code = Unavailable desc = transport is closing
180	101	245	346	<nil>
180	102	244	346	<nil>
180	117	248	365	<nil>
180	396	0	396	rpc error: code = Unavailable desc = transport is closing
180	123	249	372	<nil>
180	106	253	359	<nil>
180	103	251	354	<nil>
180	98	247	345	<nil>
180	130	271	401	<nil>
180	128	277	405	<nil>
180	133	280	413	<nil>
180	134	278	412	<nil>
180	110	305	415	<nil>
180	106	259	365	<nil>
180	99	282	381	<nil>
180	116	259	375	<nil>
180	108	254	362	<nil>
180	111	251	362	<nil>
180	125	275	400	<nil>
180	132	230	362	<nil>
180	125	254	379	<nil>
180	138	230	368	<nil>
180	126	238	364	<nil>
180	155	229	384	<nil>
180	81	271	352	<nil>
180	107	274	381	<nil>
180	105	277	382	<nil>
180	114	269	383	<nil>
180	110	273	383	<nil>
180	110	272	382	<nil>
180	104	328	432	<nil>
180	88	329	417	<nil>
180	97	328	425	<nil>
180	132	301	433	<nil>
180	392	0	392	rpc error: code = Unavailable desc = transport is closing
180	110	333	443	<nil>
180	394	0	394	rpc error: code = Unavailable desc = transport is closing
180	119	324	443	<nil>
180	393	0	393	rpc error: code = Unavailable desc = transport is closing
180	98	338	436	<nil>
180	398	0	398	rpc error: code = Unavailable desc = transport is closing
180	71	341	412	<nil>
180	104	334	438	<nil>
180	91	347	438	<nil>
180	395	0	395	rpc error: code = Unavailable desc = transport is closing
180	57	349	406	<nil>
180	76	331	407	<nil>
180	396	0	396	rpc error: code = Unavailable desc = transport is closing
180	76	0	76	rpc error: code = Unavailable desc = transport is closing
180	97	344	441	<nil>
180	100	344	444	<nil>
180	85	267	352	<nil>
180	99	267	366	<nil>
180	69	344	413	<nil>
180	90	262	352	<nil>
180	91	281	372	<nil>
180	94	353	447	<nil>
180	100	257	357	<nil>
180	80	334	414	<nil>
180	70	344	414	<nil>
180	89	268	357	<nil>
180	91	281	372	<nil>
180	64	350	414	<nil>
180	93	269	362	<nil>
180	95	273	368	<nil>
180	101	268	369	<nil>
180	100	302	402	<nil>
180	100	359	459	<nil>
180	100	360	460	<nil>
180	95	359	454	<nil>
180	100	376	476	<nil>
180	100	378	478	<nil>
180	161	319	480	<nil>
180	87	386	473	<nil>
180	128	356	484	<nil>
180	113	350	463	<nil>
180	127	353	480	<nil>
180	130	351	481	<nil>
180	139	341	480	<nil>
180	53	351	404	<nil>
180	125	331	456	<nil>
180	128	355	483	<nil>
180	125	355	480	<nil>
180	52	354	406	<nil>
180	51	355	406	<nil>
180	68	316	384	<nil>
180	106	281	387	<nil>
180	112	354	466	<nil>
180	139	344	483	<nil>
180	121	346	467	<nil>
180	104	289	393	<nil>
180	103	375	478	<nil>
180	125	358	483	<nil>
180	50	358	408	<nil>
180	70	338	408	<nil>
180	100	378	478	<nil>
180	139	236	375	<nil>
180	127	249	376	<nil>
180	140	236	376	<nil>
180	151	232	383	<nil>
180	157	234	391	<nil>
180	140	237	377	<nil>
180	140	236	376	<nil>
180	143	241	384	<nil>
180	148	237	385	<nil>
180	150	242	392	<nil>
180	106	287	393	<nil>
180	140	237	377	<nil>
180	93	294	387	<nil>
180	140	252	392	<nil>
180	74	316	390	<nil>
180	131	236	367	<nil>
180	121	250	371	<nil>
180	148	236	384	<nil>
180	156	236	392	<nil>
180	109	246	355	<nil>
180	148	247	395	<nil>
180	97	250	347	<nil>
180	98	255	353	<nil>
180	96	255	351	<nil>
180	99	254	353	<nil>
180	99	248	347	<nil>
180	97	255	352	<nil>
180	98	257	355	<nil>
180	117	291	408	<nil>
180	98	369	467	<nil>
180	87	367	454	<nil>
180	97	390	487	<nil>
180	118	369	487	<nil>
180	86	371	457	<nil>
180	87	393	480	<nil>
180	89	403	492	<nil>
180	83	406	489	<nil>
180	80	405	485	<nil>
180	90	401	491	<nil>
180	84	407	491	<nil>
180	80	405	485	<nil>
180	117	367	484	<nil>
180	419	0	419	rpc error: code = Unavailable desc = transport is closing
180	125	364	489	<nil>
180	89	412	501	<nil>
180	70	414	484	<nil>
180	94	395	489	<nil>
180	107	338	445	<nil>
180	119	370	489	<nil>
180	98	395	493	<nil>
180	105	333	438	<nil>
180	120	369	489	<nil>
180	125	364	489	<nil>
180	82	414	496	<nil>
180	86	415	501	<nil>
180	116	368	484	<nil>
180	101	395	496	<nil>
180	122	367	489	<nil>
180	94	341	435	<nil>
180	115	369	484	<nil>
200	109	1041	1150	<nil>
200	74	1040	1114	<nil>
200	58	1057	1115	<nil>
200	81	1056	1137	<nil>
200	71	1039	1110	<nil>
200	110	1041	1151	<nil>
200	66	1041	1107	<nil>
200	81	1056	1137	<nil>
200	70	1040	1110	<nil>
200	128	913	1041	<nil>
200	76	1061	1137	<nil>
200	70	1057	1127	<nil>
200	81	1057	1138	<nil>
200	92	1046	1138	<nil>
200	81	1057	1138	<nil>
200	82	1057	1139	<nil>
200	58	1057	1115	<nil>
200	154	909	1063	<nil>
200	134	912	1046	<nil>
200	149	913	1062	<nil>
200	131	912	1043	<nil>
200	135	911	1046	<nil>
200	150	912	1062	<nil>
200	138	909	1047	<nil>
200	128	914	1042	<nil>
200	149	914	1063	<nil>
200	135	912	1047	<nil>
200	136	927	1063	<nil>
200	111	936	1047	<nil>
200	123	929	1052	<nil>
200	148	914	1062	<nil>
200	118	956	1074	<nil>
200	134	913	1047	<nil>
200	133	914	1047	<nil>
200	109	957	1066	<nil>
200	117	957	1074	<nil>
200	134	912	1046	<nil>
200	135	912	1047	<nil>
200	120	954	1074	<nil>
200	119	955	1074	<nil>
200	69	1046	1115	<nil>
200	109	955	1064	<nil>
200	132	923	1055	<nil>
200	153	913	1066	<nil>
200	156	915	1071	<nil>
200	128	939	1067	<nil>
200	144	955	1099	<nil>
200	132	967	1099	<nil>
200	89	949	1038	<nil>
200	209	899	1108	<nil>
200	58	963	1021	<nil>
200	153	977	1130	<nil>
200	58	963	1021	<nil>
200	58	963	1021	<nil>
200	58	946	1004	<nil>
200	115	964	1079	<nil>
200	167	826	993	<nil>
200	186	823	1009	<nil>
200	180	814	994	<nil>
200	169	813	982	<nil>
200	166	843	1009	<nil>
200	164	843	1007	<nil>
200	75	963	1038	<nil>
200	165	843	1008	<nil>
200	161	842	1003	<nil>
200	180	817	997	<nil>
200	181	817	998	<nil>
200	174	826	1000	<nil>
200	185	816	1001	<nil>
200	184	854	1038	<nil>
200	415	0	415	rpc error: code = Unavailable desc = transport is closing
200	187	855	1042	<nil>
200	128	856	984	<nil>
200	418	0	418	rpc error: code = Unavailable desc = transport is closing
200	188	855	1043	<nil>
200	189	856	1045	<nil>
200	196	849	1045	<nil>
200	188	856	1044	<nil>
200	201	832	1033	<nil>
200	212	834	1046	<nil>
200	215	831	1046	<nil>
200	203	831	1034	<nil>
200	216	830	1046	<nil>
200	214	831	1045	<nil>
200	215	831	1046	<nil>
200	196	851	1047	<nil>
200	187	858	1045	<nil>
200	193	857	1050	<nil>
200	71	840	911	<nil>
200	41	837	878	<nil>
200	203	843	1046	<nil>
200	189	858	1047	<nil>
200	188	859	1047	<nil>
200	214	844	1058	<nil>
200	65	833	898	<nil>
200	216	843	1059	<nil>
200	216	843	1059	<nil>
200	215	844	1059	<nil>
200	215	843	1058	<nil>
200	186	860	1046	<nil>
200	217	843	1060	<nil>
200	202	841	1043	<nil>
200	66	843	909	<nil>
200	216	843	1059	<nil>
200	216	843	1059	<nil>
200	217	843	1060	<nil>
200	215	844	1059	<nil>
200	216	843	1059	<nil>
200	215	846	1061	<nil>
200	215	844	1059	<nil>
200	214	844	1058	<nil>
200	64	845	909	<nil>
200	206	845	1051	<nil>
200	216	868	1084	<nil>
200	65	871	936	<nil>
200	95	873	968	<nil>
200	204	901	1105	<nil>
200	216	901	1117	<nil>
200	150	901	1051	<nil>
200	454	0	454	rpc error: code = Unavailable desc = transport is closing
200	428	0	428	rpc error: code = Unavailable desc = transport is closing
200	453	0	453	rpc error: code = Unavailable desc = transport is closing
200	452	0	452	rpc error: code = Unavailable desc = transport is closing
200	417	0	417	rpc error: code = Unavailable desc = transport is closing
200	454	0	454	rpc error: code = Unavailable desc = transport is closing
200	449	0	449	rpc error: code = Unavailable desc = transport is closing
200	445	0	445	rpc error: code = Unavailable desc = transport is closing
200	411	0	411	rpc error: code = Unavailable desc = transport is closing
200	447	0	447	rpc error: code = Unavailable desc = transport is closing
200	450	0	450	rpc error: code = Unavailable desc = transport is closing
200	434	0	434	rpc error: code = Unavailable desc = transport is closing
200	426	0	426	rpc error: code = Unavailable desc = transport is closing
200	445	0	445	rpc error: code = Unavailable desc = transport is closing
200	445	0	445	rpc error: code = Unavailable desc = transport is closing
200	435	0	435	rpc error: code = Unavailable desc = transport is closing
200	448	0	448	rpc error: code = Unavailable desc = transport is closing
200	448	0	448	rpc error: code = Unavailable desc = transport is closing
200	427	0	427	rpc error: code = Unavailable desc = transport is closing
200	413	0	413	rpc error: code = Unavailable desc = transport is closing
200	446	0	446	rpc error: code = Unavailable desc = transport is closing
200	443	0	443	rpc error: code = Unavailable desc = transport is closing
200	443	0	443	rpc error: code = Unavailable desc = transport is closing
200	426	0	426	rpc error: code = Unavailable desc = transport is closing
200	454	0	454	rpc error: code = Unavailable desc = transport is closing
200	455	0	455	rpc error: code = Unavailable desc = transport is closing
200	444	0	444	rpc error: code = Unavailable desc = transport is closing
200	443	0	443	rpc error: code = Unavailable desc = transport is closing
200	443	0	443	rpc error: code = Unavailable desc = transport is closing
200	449	0	449	rpc error: code = Unavailable desc = transport is closing
200	430	0	430	rpc error: code = Unavailable desc = transport is closing
200	452	0	452	rpc error: code = Unavailable desc = transport is closing
200	364	0	364	rpc error: code = Unavailable desc = transport is closing
200	452	0	452	rpc error: code = Unavailable desc = transport is closing
200	276	21	297	<nil>
200	1409	20	1429	<nil>
200	279	20	299	<nil>
200	280	20	300	<nil>
200	253	20	273	<nil>
200	278	20	298	<nil>
200	279	20	299	<nil>
200	277	21	298	<nil>
200	281	18	299	<nil>
200	282	18	300	<nil>
200	986	27	1013	<nil>
200	279	20	299	<nil>
200	279	21	300	<nil>
200	278	20	298	<nil>
200	986	29	1015	<nil>
200	282	18	300	<nil>
200	966	28	994	<nil>
200	971	26	997	<nil>
200	281	18	299	<nil>
200	936	29	965	<nil>
200	983	29	1012	<nil>
200	278	21	299	<nil>
200	280	20	300	<nil>
200	933	29	962	<nil>
200	273	19	292	<nil>
200	282	18	300	<nil>
200	278	21	299	<nil>
200	281	19	300	<nil>
200	982	26	1008	<nil>
200	930	27	957	<nil>
200	1330	23	1353	<nil>
200	259	9	268	<nil>
200	299	6	305	<nil>
200	276	5	281	<nil>
200	284	22	306	<nil>
200	284	22	306	<nil>
200	284	23	307	<nil>
200	247	21	268	<nil>
200	260	8	268	<nil>
200	285	22	307	<nil>
200	284	22	306	<nil>
200	297	8	305	<nil>
200	283	23	306	<nil>
200	284	22	306	<nil>
200	288	19	307	<nil>
200	259	10	269	<nil>
200	295	9	304	<nil>
200	276	21	297	<nil>
200	276	22	298	<nil>
200	287	12	299	<nil>
200	301	7	308	<nil>
200	297	10	307	<nil>
200	283	7	290	<nil>
200	304	3	307	<nil>
200	297	20	317	<nil>
200	278	26	304	<nil>
200	289	25	314	<nil>
200	303	91	394	<nil>
200	305	114	419	<nil>
200	259	140	399	<nil>
200	287	143	430	<nil>
200	235	136	371	<nil>
200	305	142	447	<nil>
200	283	144	427	<nil>
200	306	130	436	<nil>
200	277	155	432	<nil>
200	285	155	440	<nil>
200	238	152	390	<nil>
200	294	144	438	<nil>
200	284	160	444	<nil>
200	130	33	163	<nil>
200	206	169	375	<nil>
200	201	164	365	<nil>
200	282	30	312	<nil>
200	185	165	350	<nil>
200	280	24	304	<nil>
200	73	162	235	<nil>
200	284	163	447	<nil>
200	288	29	317	<nil>
200	287	24	311	<nil>
200	197	171	368	<nil>
200	127	34	161	<nil>
200	279	25	304	<nil>
200	277	25	302	<nil>
200	165	145	310	<nil>
200	74	162	236	<nil>
200	73	162	235	<nil>
200	278	171	449	<nil>
200	74	162	236	<nil>
200	191	175	366	<nil>
200	73	162	235	<nil>
200	75	163	238	<nil>
200	73	163	236	<nil>
200	170	144	314	<nil>
200	164	147	311	<nil>
200	158	164	322	<nil>
200	157	164	321	<nil>
200	74	166	240	<nil>
200	146	169	315	<nil>
200	223	179	402	<nil>
200	160	167	327	<nil>
200	200	164	364	<nil>
200	270	32	302	<nil>
200	270	30	300	<nil>
200	259	30	289	<nil>
200	159	169	328	<nil>
200	273	39	312	<nil>
200	270	30	300	<nil>
200	270	31	301	<nil>
200	156	163	319	<nil>
200	195	181	376	<nil>
200	246	196	442	<nil>
200	130	33	163	<nil>
200	157	163	320	<nil>
200	178	155	333	<nil>
200	284	36	320	<nil>
200	242	35	277	<nil>
200	293	36	329	<nil>
200	266	41	307	<nil>
200	293	180	473	<nil>
200	277	151	428	<nil>
200	275	32	307	<nil>
200	281	41	322	<nil>
200	278	186	464	<nil>
200	221	188	409	<nil>
200	73	169	242	<nil>
200	238	17	255	<nil>
200	253	11	264	<nil>
200	237	17	254	<nil>
200	281	184	465	<nil>
200	258	12	270	<nil>
200	128	51	179	<nil>
200	253	12	265	<nil>
200	234	194	428	<nil>
200	302	189	491	<nil>
200	276	195	471	<nil>
200	245	16	261	<nil>
200	247	15	262	<nil>
200	277	195	472	<nil>
200	286	186	472	<nil>
200	194	196	390	<nil>
200	237	24	261	<nil>
200	222	171	393	<nil>
200	245	16	261	<nil>
200	191	197	388	<nil>
200	313	16	329	<nil>
200	279	194	473	<nil>
200	291	190	481	<nil>
200	297	170	467	<nil>
200	224	195	419	<nil>
200	254	13	267	<nil>
200	285	197	482	<nil>
200	201	190	391	<nil>
200	285	201	486	<nil>
200	286	199	485	<nil>
200	285	201	486	<nil>
200	285	200	485	<nil>
200	288	190	478	<nil>
200	261	6	267	<nil>
200	196	201	397	<nil>
200	279	199	478	<nil>
200	252	14	266	<nil>
200	200	190	390	<nil>
200	196	197	393	<nil>
200	196	202	398	<nil>
200	193	201	394	<nil>
200	322	12	334	<nil>
200	327	8	335	<nil>
200	232	202	434	<nil>
200	244	18	262	<nil>
200	314	9	323	<nil>
200	196	203	399	<nil>
200	203	195	398	<nil>
200	280	193	473	<nil>
200	174	14	188	<nil>
200	198	193	391	<nil>
200	262	130	392	<nil>
200	259	139	398	<nil>
200	180	139	319	<nil>
200	179	139	318	<nil>
200	259	155	414	<nil>
200	290	193	483	<nil>
200	290	192	482	<nil>
200	329	154	483	<nil>
200	329	155	484	<nil>
200	180	154	334	<nil>
200	261	154	415	<nil>
200	178	180	358	<nil>
200	261	153	414	<nil>
200	350	206	556	<nil>
200	286	209	495	<nil>
200	359	196	555	<nil>
200	292	196	488	<nil>
200	303	197	500	<nil>
200	369	197	566	<nil>
200	295	263	558	<nil>
200	361	196	557	<nil>
200	404	166	570	<nil>
200	56	242	298	<nil>
200	304	200	504	<nil>
200	181	244	425	<nil>
200	315	114	429	<nil>
200	305	120	425	<nil>
200	414	96	510	<nil>
200	54	244	298	<nil>
200	167	250	417	<nil>
200	258	167	425	<nil>
200	215	210	425	<nil>
200	292	120	412	<nil>
200	379	191	570	<nil>
200	179	243	422	<nil>
200	45	249	294	<nil>
200	241	72	313	<nil>
200	423	130	553	<nil>
200	60	243	303	<nil>
200	379	201	580	<nil>
200	303	121	424	<nil>
200	336	168	504	<nil>
200	312	115	427	<nil>
200	275	148	423	<nil>
200	162	248	410	<nil>
200	275	148	423	<nil>
200	216	210	426	<nil>
200	313	115	428	<nil>
200	275	152	427	<nil>
200	304	114	418	<nil>
200	180	106	286	<nil>
200	322	112	434	<nil>
200	119	167	286	<nil>
200	415	96	511	<nil>
200	333	107	440	<nil>
200	455	28	483	<nil>
200	275	148	423	<nil>
200	456	19	475	<nil>
200	425	128	553	<nil>
200	284	45	329	<nil>
200	423	130	553	<nil>
200	454	26	480	<nil>
200	449	32	481	<nil>
200	49	244	293	<nil>
200	456	24	480	<nil>
200	423	128	551	<nil>
200	459	27	486	<nil>
200	439	33	472	<nil>
200	448	34	482	<nil>
200	441	29	470	<nil>
200	452	28	480	<nil>
200	448	35	483	<nil>
200	455	29	484	<nil>
200	356	130	486	<nil>
200	455	33	488	<nil>
200	317	115	432	<nil>
200	336	167	503	<nil>
200	287	29	316	<nil>
200	448	36	484	<nil>
200	437	38	475	<nil>
200	449	38	487	<nil>
200	456	33	489	<nil>
200	454	38	492	<nil>
200	456	33	489	<nil>
200	442	33	475	<nil>
200	280	48	328	<nil>
200	280	65	345	<nil>
200	253	112	365	<nil>
200	304	174	478	<nil>
200	306	174	480	<nil>
200	286	195	481	<nil>
200	239	175	414	<nil>
200	314	166	480	<nil>
200	298	174	472	<nil>
200	304	177	481	<nil>
200	279	193	472	<nil>
200	335	144	479	<nil>
200	281	197	478	<nil>
200	296	180	476	<nil>
200	304	187	491	<nil>
200	300	179	479	<nil>
200	314	169	483	<nil>
200	328	160	488	<nil>
200	339	150	489	<nil>
200	305	169	474	<nil>
200	289	186	475	<nil>
200	296	183	479	<nil>
200	275	177	452	<nil>
200	305	174	479	<nil>
200	310	178	488	<nil>
200	291	181	472	<nil>
200	267	176	443	<nil>
200	296	179	475	<nil>
200	302	186	488	<nil>
200	286	187	473	<nil>
200	303	173	476	<nil>
200	295	180	475	<nil>
200	302	180	482	<nil>
200	296	180	476	<nil>
200	318	171	489	<nil>
200	304	176	480	<nil>
200	273	176	449	<nil>
200	291	188	479	<nil>
200	298	183	481	<nil>
200	302	184	486	<nil>
200	336	184	520	<nil>
200	290	189	479	<nil>
200	286	225	511	<nil>
200	334	186	520	<nil>
200	331	190	521	<nil>
200	321	160	481	<nil>
200	311	178	489	<nil>
200	257	193	450	<nil>
200	303	177	480	<nil>
200	314	182	496	<nil>
200	315	181	496	<nil>
200	294	195	489	<nil>
200	286	196	482	<nil>
200	262	189	451	<nil>
200	306	183	489	<nil>
200	264	187	451	<nil>
200	295	182	477	<nil>
200	311	170	481	<nil>
200	302	181	483	<nil>
200	285	228	513	<nil>
200	475	206	681	<nil>
200	462	210	672	<nil>
200	305	207	512	<nil>
200	312	182	494	<nil>
200	289	222	511	<nil>
200	287	225	512	<nil>
200	286	227	513	<nil>
200	470	209	679	<nil>
200	282	231	513	<nil>
200	276	223	499	<nil>
200	477	205	682	<nil>
200	289	224	513	<nil>
200	271	228	499	<nil>
200	298	217	515	<nil>
200	481	205	686	<nil>
200	285	231	516	<nil>
200	272	201	473	<nil>
200	478	208	686	<nil>
200	267	207	474	<nil>
200	301	192	493	<nil>
200	300	206	506	<nil>
200	297	202	499	<nil>
200	293	201	494	<nil>
200	281	192	473	<nil>
200	284	210	494	<nil>
200	294	206	500	<nil>
200	292	784	1076	<nil>
200	286	213	499	<nil>
200	91	7	98	<nil>
200	272	207	479	<nil>
200	336	177	513	<nil>
200	289	184	473	<nil>
200	303	202	505	<nil>
200	263	212	475	<nil>
200	256	217	473	<nil>
200	294	211	505	<nil>
200	257	213	470	<nil>
200	303	202	505	<nil>
200	291	203	494	<nil>
200	302	196	498	<nil>
200	298	213	511	<nil>
200	278	792	1070	<nil>
200	239	792	1031	<nil>
200	269	781	1050	<nil>
200	133	731	864	<nil>
200	125	729	854	<nil>
200	130	731	861	<nil>
200	157	698	855	<nil>
200	173	663	836	<nil>
200	445	626	1071	<nil>
200	171	684	855	<nil>
200	176	662	838	<nil>
200	171	685	856	<nil>
200	408	624	1032	<nil>
200	446	630	1076	<nil>
200	159	685	844	<nil>
200	424	633	1057	<nil>
200	405	633	1038	<nil>
200	424	633	1057	<nil>
200	294	179	473	<nil>
200	291	624	915	<nil>
200	174	624	798	<nil>
200	152	627	779	<nil>
200	182	611	793	<nil>
200	178	626	804	<nil>
200	166	627	793	<nil>
200	178	627	805	<nil>
200	171	609	780	<nil>
200	162	627	789	<nil>
200	183	609	792	<nil>
200	171	611	782	<nil>
200	171	611	782	<nil>
200	178	627	805	<nil>
200	170	654	824	<nil>
200	187	649	836	<nil>
200	182	650	832	<nil>
200	181	654	835	<nil>
200	189	649	838	<nil>
200	168	653	821	<nil>
200	170	650	820	<nil>
200	170	654	824	<nil>
200	408	707	1115	<nil>
200	408	708	1116	<nil>
200	445	671	1116	<nil>
200	173	678	851	<nil>
200	171	678	849	<nil>
200	174	677	851	<nil>
200	172	677	849	<nil>
200	174	679	853	<nil>
200	175	677	852	<nil>
200	157	679	836	<nil>
200	182	680	862	<nil>
200	173	680	853	<nil>
200	213	670	883	<nil>
200	170	678	848	<nil>
200	172	679	851	<nil>
200	170	678	848	<nil>
200	183	677	860	<nil>
200	182	678	860	<nil>
200	184	677	861	<nil>
200	181	670	851	<nil>
200	173	678	851	<nil>
200	251	682	933	<nil>
200	256	682	938	<nil>
200	70	681	751	<nil>
200	328	741	1069	<nil>
200	339	742	1081	<nil>
200	349	746	1095	<nil>
200	328	746	1074	<nil>
200	451	757	1208	<nil>
200	189	757	946	<nil>
200	451	757	1208	<nil>
200	227	759	986	<nil>
200	341	759	1100	<nil>
200	330	759	1089	<nil>
200	330	759	1089	<nil>
200	331	759	1090	<nil>
200	214	759	973	<nil>
200	339	760	1099	<nil>
200	330	760	1090	<nil>
200	213	759	972	<nil>
200	214	759	973	<nil>
200	331	759	1090	<nil>
200	213	759	972	<nil>
200	212	759	971	<nil>
200	342	759	1101	<nil>
200	191	768	959	<nil>
200	218	788	1006	<nil>
200	193	789	982	<nil>
200	197	793	990	<nil>
200	194	794	988	<nil>
200	822	0	822	rpc error: code = Unavailable desc = transport is closing
200	1000	0	1000	rpc error: code = Unavailable desc = transport is closing
200	830	0	830	rpc error: code = Unavailable desc = transport is closing
200	990	0	990	rpc error: code = Unavailable desc = transport is closing
200	988	0	988	rpc error: code = Unavailable desc = transport is closing
200	830	0	830	rpc error: code = Unavailable desc = transport is closing
200	989	0	989	rpc error: code = Unavailable desc = transport is closing
200	842	0	842	rpc error: code = Unavailable desc = transport is closing
200	988	0	988	rpc error: code = Unavailable desc = transport is closing
200	996	0	996	rpc error: code = Unavailable desc = transport is closing
200	998	0	998	rpc error: code = Unavailable desc = transport is closing
200	831	0	831	rpc error: code = Unavailable desc = transport is closing
200	860	0	860	rpc error: code = Unavailable desc = transport is closing
200	831	0	831	rpc error: code = Unavailable desc = transport is closing
200	999	0	999	rpc error: code = Unavailable desc = transport is closing
200	1000	0	1000	rpc error: code = Unavailable desc = transport is closing
200	840	0	840	rpc error: code = Unavailable desc = transport is closing
200	830	0	830	rpc error: code = Unavailable desc = transport is closing
200	830	0	830	rpc error: code = Unavailable desc = transport is closing
200	1000	0	1000	rpc error: code = Unavailable desc = transport is closing
200	815	0	815	rpc error: code = Unavailable desc = transport is closing
200	229	20	249	<nil>
200	842	20	862	<nil>
200	840	21	861	<nil>
200	830	0	830	rpc error: code = Unavailable desc = transport is closing
200	829	0	829	rpc error: code = Unavailable desc = transport is closing
200	818	0	818	rpc error: code = Unavailable desc = transport is closing
200	831	0	831	rpc error: code = Unavailable desc = transport is closing
200	1011	0	1011	rpc error: code = Unavailable desc = transport is closing
200	835	0	835	rpc error: code = Unavailable desc = transport is closing
200	827	0	827	rpc error: code = Unavailable desc = transport is closing
200	828	22	850	<nil>
200	236	16	252	<nil>
200	229	20	249	<nil>
200	844	0	844	rpc error: code = Unavailable desc = transport is closing
200	844	19	863	<nil>
200	245	20	265	<nil>
200	1001	0	1001	rpc error: code = Unavailable desc = transport is closing
200	246	20	266	<nil>
200	244	21	265	<nil>
200	251	18	269	<nil>
200	236	16	252	<nil>
200	157	18	175	<nil>
200	841	21	862	<nil>
200	838	0	838	rpc error: code = Unavailable desc = transport is closing
200	839	20	859	<nil>
200	830	27	857	<nil>
200	847	18	865	<nil>
200	840	0	840	rpc error: code = Unavailable desc = transport is closing
200	837	0	837	rpc error: code = Unavailable desc = transport is closing
200	867	29	896	<nil>
200	156	19	175	<nil>
200	827	0	827	rpc error: code = Unavailable desc = transport is closing
200	251	19	270	<nil>
200	828	30	858	<nil>
200	241	27	268	<nil>
200	851	0	851	rpc error: code = Unavailable desc = transport is closing
200	836	0	836	rpc error: code = Unavailable desc = transport is closing
200	166	20	186	<nil>
200	828	0	828	rpc error: code = Unavailable desc = transport is closing
200	838	0	838	rpc error: code = Unavailable desc = transport is closing
200	231	31	262	<nil>
200	179	21	200	<nil>
200	868	30	898	<nil>
200	827	33	860	<nil>
200	157	20	177	<nil>
200	153	21	174	<nil>
200	837	26	863	<nil>
200	230	21	251	<nil>
200	246	21	267	<nil>
200	245	20	265	<nil>
200	245	21	266	<nil>
200	244	20	264	<nil>
200	245	21	266	<nil>
200	860	0	860	rpc error: code = Unavailable desc = transport is closing
200	827	0	827	rpc error: code = Unavailable desc = transport is closing
200	833	0	833	rpc error: code = Unavailable desc = transport is closing
200	835	0	835	rpc error: code = Unavailable desc = transport is closing
200	864	0	864	rpc error: code = Unavailable desc = transport is closing
200	236	16	252	<nil>
200	236	16	252	<nil>
200	250	16	266	<nil>
200	235	17	252	<nil>
200	828	27	855	<nil>
200	866	0	866	rpc error: code = Unavailable desc = transport is closing
200	249	17	266	<nil>
200	252	16	268	<nil>
200	845	0	845	rpc error: code = Unavailable desc = transport is closing
200	836	0	836	rpc error: code = Unavailable desc = transport is closing
200	839	0	839	rpc error: code = Unavailable desc = transport is closing
200	235	17	252	<nil>
200	829	28	857	<nil>
200	250	17	267	<nil>
200	821	0	821	rpc error: code = Unavailable desc = transport is closing
200	833	0	833	rpc error: code = Unavailable desc = transport is closing
200	854	0	854	rpc error: code = Unavailable desc = transport is closing
200	837	0	837	rpc error: code = Unavailable desc = transport is closing
200	829	28	857	<nil>
200	836	31	867	<nil>
200	828	31	859	<nil>
200	167	19	186	<nil>
200	844	20	864	<nil>
200	825	32	857	<nil>
200	828	0	828	rpc error: code = Unavailable desc = transport is closing
200	834	0	834	rpc error: code = Unavailable desc = transport is closing
200	828	0	828	rpc error: code = Unavailable desc = transport is closing
200	866	0	866	rpc error: code = Unavailable desc = transport is closing
200	837	0	837	rpc error: code = Unavailable desc = transport is closing
200	828	31	859	<nil>
200	836	0	836	rpc error: code = Unavailable desc = transport is closing
200	834	0	834	rpc error: code = Unavailable desc = transport is closing
200	829	0	829	rpc error: code = Unavailable desc = transport is closing
200	255	0	255	rpc error: code = Unavailable desc = transport is closing
200	863	0	863	rpc error: code = Unavailable desc = transport is closing
200	826	0	826	rpc error: code = Unavailable desc = transport is closing
200	834	0	834	rpc error: code = Unavailable desc = transport is closing
200	836	0	836	rpc error: code = Unavailable desc = transport is closing
200	835	0	835	rpc error: code = Unavailable desc = transport is closing
200	869	0	869	rpc error: code = Unavailable desc = transport is closing
200	826	0	826	rpc error: code = Unavailable desc = transport is closing
200	844	0	844	rpc error: code = Unavailable desc = transport is closing
200	845	0	845	rpc error: code = Unavailable desc = transport is closing
200	842	0	842	rpc error: code = Unavailable desc = transport is closing
200	841	27	868	<nil>
200	241	29	270	<nil>
200	831	0	831	rpc error: code = Unavailable desc = transport is closing
200	224	27	251	<nil>
200	241	27	268	<nil>
200	245	27	272	<nil>
200	242	30	272	<nil>
200	238	31	269	<nil>
200	237	27	264	<nil>
200	243	27	270	<nil>
200	236	20	256	<nil>
200	240	30	270	<nil>
200	246	27	273	<nil>
200	238	31	269	<nil>
200	245	27	272	<nil>
200	240	30	270	<nil>
200	837	0	837	rpc error: code = Unavailable desc = transport is closing
200	234	30	264	<nil>
200	245	43	288	<nil>
200	245	43	288	<nil>
200	245	43	288	<nil>
200	842	43	885	<nil>
200	166	39	205	<nil>
200	245	43	288	<nil>
200	165	40	205	<nil>
200	249	43	292	<nil>
200	245	57	302	<nil>
200	168	115	283	<nil>
200	157	194	351	<nil>
200	157	216	373	<nil>
200	157	238	395	<nil>
200	156	252	408	<nil>
200	157	263	420	<nil>
200	168	277	445	<nil>
200	156	287	443	<nil>
200	155	287	442	<nil>
200	167	289	456	<nil>
200	144	294	438	<nil>
200	142	304	446	<nil>
200	143	303	446	<nil>
200	144	290	434	<nil>
200	144	290	434	<nil>
200	143	291	434	<nil>
200	144	291	435	<nil>
200	157	297	454	<nil>
200	128	291	419	<nil>
200	157	298	455	<nil>
200	181	212	393	<nil>
200	85	299	384	<nil>
200	97	304	401	<nil>
200	143	304	447	<nil>
200	148	291	439	<nil>
200	88	292	380	<nil>
200	177	220	397	<nil>
200	167	213	380	<nil>
200	103	293	396	<nil>
200	85	295	380	<nil>
200	101	297	398	<nil>
200	103	297	400	<nil>
200	88	300	388	<nil>
200	168	216	384	<nil>
200	101	302	403	<nil>
200	64	303	367	<nil>
200	104	299	403	<nil>
200	85	303	388	<nil>
200	138	221	359	<nil>
200	64	303	367	<nil>
200	66	301	367	<nil>
200	85	304	389	<nil>
200	97	304	401	<nil>
200	13	300	313	<nil>
200	55	304	359	<nil>
200	251	297	548	<nil>
200	144	302	446	<nil>
200	85	307	392	<nil>
200	195	224	419	<nil>
200	101	319	420	<nil>
200	116	304	420	<nil>
200	222	111	333	<nil>
200	222	111	333	<nil>
200	221	111	332	<nil>
200	231	120	351	<nil>
200	290	139	429	<nil>
200	262	150	412	<nil>
200	260	151	411	<nil>
200	260	151	411	<nil>
200	262	152	414	<nil>
200	274	141	415	<nil>
200	272	141	413	<nil>
200	273	142	415	<nil>
200	273	142	415	<nil>
200	281	143	424	<nil>
200	272	165	437	<nil>
200	277	173	450	<nil>
200	272	177	449	<nil>
200	264	177	441	<nil>
200	273	177	450	<nil>
200	281	179	460	<nil>
200	273	178	451	<nil>
200	272	179	451	<nil>
200	264	179	443	<nil>
200	276	175	451	<nil>
200	286	180	466	<nil>
200	288	178	466	<nil>
200	270	181	451	<nil>
200	277	177	454	<nil>
200	275	177	452	<nil>
200	277	177	454	<nil>
200	290	180	470	<nil>
200	210	210	420	<nil>
200	294	210	504	<nil>
200	275	210	485	<nil>
200	276	210	486	<nil>
200	341	154	495	<nil>
200	336	165	501	<nil>
200	322	165	487	<nil>
200	333	155	488	<nil>
200	324	165	489	<nil>
200	322	167	489	<nil>
200	314	177	491	<nil>
200	349	150	499	<nil>
200	331	159	490	<nil>
200	333	167	500	<nil>
200	323	168	491	<nil>
200	292	210	502	<nil>
200	346	168	514	<nil>
200	319	158	477	<nil>
200	335	179	514	<nil>
200	247	179	426	<nil>
200	317	182	499	<nil>
200	336	177	513	<nil>
200	313	186	499	<nil>
200	302	198	500	<nil>
200	225	206	431	<nil>
200	321	198	519	<nil>
200	323	223	546	<nil>
200	307	231	538	<nil>
200	322	273	595	<nil>
200	236	263	499	<nil>
200	299	274	573	<nil>
200	320	276	596	<nil>
200	330	267	597	<nil>
200	325	277	602	<nil>
200	227	273	500	<nil>
200	307	285	592	<nil>
200	325	280	605	<nil>
200	298	280	578	<nil>
200	330	275	605	<nil>
200	325	281	606	<nil>
200	314	272	586	<nil>
200	325	274	599	<nil>
200	316	277	593	<nil>
200	325	282	607	<nil>
200	326	282	608	<nil>
200	320	336	656	<nil>
200	320	343	663	<nil>
200	298	348	646	<nil>
200	324	337	661	<nil>
200	336	337	673	<nil>
200	336	337	673	<nil>
200	311	337	648	<nil>
200	322	349	671	<nil>
200	321	351	672	<nil>
200	325	351	676	<nil>
200	319	896	1215	<nil>
200	370	868	1238	<nil>
200	324	898	1222	<nil>
200	314	907	1221	<nil>
200	344	897	1241	<nil>
200	340	896	1236	<nil>
200	313	899	1212	<nil>
200	310	907	1217	<nil>
200	186	893	1079	<nil>
200	353	894	1247	<nil>
200	341	899	1240	<nil>
200	344	899	1243	<nil>
200	337	907	1244	<nil>
200	310	908	1218	<nil>
200	345	899	1244	<nil>
200	353	891	1244	<nil>
200	329	888	1217	<nil>
200	339	885	1224	<nil>
200	353	891	1244	<nil>
200	308	909	1217	<nil>
200	355	889	1244	<nil>
200	336	890	1226	<nil>
200	348	871	1219	<nil>
200	403	842	1245	<nil>
200	353	872	1225	<nil>
200	355	890	1245	<nil>
200	325	893	1218	<nil>
200	333	893	1226	<nil>
200	324	902	1226	<nil>
200	333	893	1226	<nil>
200	345	901	1246	<nil>
200	332	893	1225	<nil>
200	333	893	1226	<nil>
200	344	876	1220	<nil>
200	334	900	1234	<nil>
200	338	892	1230	<nil>
200	198	832	1030	<nil>
200	172	892	1064	<nil>
200	377	846	1223	<nil>
200	412	837	1249	<nil>
200	402	847	1249	<nil>
200	161	848	1009	<nil>
200	150	838	988	<nil>
200	178	845	1023	<nil>
200	152	838	990	<nil>
200	198	832	1030	<nil>
200	161	838	999	<nil>
200	133	845	978	<nil>
200	152	845	997	<nil>
200	138	846	984	<nil>
200	164	816	980	<nil>
200	138	842	980	<nil>
200	163	819	982	<nil>
200	138	847	985	<nil>
200	138	855	993	<nil>
200	160	825	985	<nil>
200	178	834	1012	<nil>
200	178	833	1011	<nil>
200	140	839	979	<nil>
200	162	839	1001	<nil>
200	208	747	955	<nil>
200	166	807	973	<nil>
200	166	841	1007	<nil>
200	228	737	965	<nil>
200	176	811	987	<nil>
200	172	801	973	<nil>
200	205	799	1004	<nil>
200	171	714	885	<nil>
200	206	800	1006	<nil>
200	242	716	958	<nil>
200	173	715	888	<nil>
200	171	714	885	<nil>
200	234	723	957	<nil>
200	249	717	966	<nil>
200	208	758	966	<nil>
200	153	709	862	<nil>
200	188	770	958	<nil>
200	237	721	958	<nil>
200	189	769	958	<nil>
200	189	769	958	<nil>
200	231	728	959	<nil>
200	171	716	887	<nil>
200	213	746	959	<nil>
200	201	757	958	<nil>
200	237	720	957	<nil>
200	228	728	956	<nil>
200	170	717	887	<nil>
200	196	762	958	<nil>
200	238	729	967	<nil>
200	230	727	957	<nil>
200	201	758	959	<nil>
200	247	720	967	<nil>
200	171	715	886	<nil>
200	195	763	958	<nil>
200	201	757	958	<nil>
200	209	749	958	<nil>
200	188	770	958	<nil>
200	241	718	959	<nil>
200	178	709	887	<nil>
200	171	716	887	<nil>
200	196	771	967	<nil>
200	191	731	922	<nil>
200	201	0	201	rpc error: code = Unavailable desc = transport is closing
200	194	731	925	<nil>
200	191	733	924	<nil>
200	193	731	924	<nil>
200	191	732	923	<nil>
200	230	0	230	rpc error: code = Unavailable desc = transport is closing
200	152	0	152	rpc error: code = Unavailable desc = transport is closing
200	175	0	175	rpc error: code = Unavailable desc = transport is closing
200	192	732	924	<nil>
200	206	0	206	rpc error: code = Unavailable desc = transport is closing
200	198	727	925	<nil>
200	197	729	926	<nil>
200	201	732	933	<nil>
200	201	734	935	<nil>
200	176	744	920	<nil>
200	207	724	931	<nil>
200	210	0	210	rpc error: code = Unavailable desc = transport is closing
200	208	731	939	<nil>
200	233	0	233	rpc error: code = Unavailable desc = transport is closing
200	234	0	234	rpc error: code = Unavailable desc = transport is closing
200	244	0	244	rpc error: code = Unavailable desc = transport is closing
200	236	0	236	rpc error: code = Unavailable desc = transport is closing
200	234	0	234	rpc error: code = Unavailable desc = transport is closing
200	243	0	243	rpc error: code = Unavailable desc = transport is closing
200	233	0	233	rpc error: code = Unavailable desc = transport is closing
200	207	733	940	<nil>
200	245	0	245	rpc error: code = Unavailable desc = transport is closing
200	233	0	233	rpc error: code = Unavailable desc = transport is closing
200	234	0	234	rpc error: code = Unavailable desc = transport is closing
200	247	0	247	rpc error: code = Unavailable desc = transport is closing
200	271	0	271	rpc error: code = Unavailable desc = transport is closing
200	251	0	251	rpc error: code = Unavailable desc = transport is closing
200	272	0	272	rpc error: code = Unavailable desc = transport is closing
200	266	0	266	rpc error: code = Unavailable desc = transport is closing
200	267	0	267	rpc error: code = Unavailable desc = transport is closing
200	223	0	223	rpc error: code = Unavailable desc = transport is closing
200	231	0	231	rpc error: code = Unavailable desc = transport is closing
200	226	714	940	<nil>
200	220	709	929	<nil>
200	246	0	246	rpc error: code = Unavailable desc = transport is closing
200	206	715	921	<nil>
200	246	0	246	rpc error: code = Unavailable desc = transport is closing
200	260	0	260	rpc error: code = Unavailable desc = transport is closing
200	230	0	230	rpc error: code = Unavailable desc = transport is closing
200	213	708	921	<nil>
200	230	0	230	rpc error: code = Unavailable desc = transport is closing
200	211	711	922	<nil>
200	261	0	261	rpc error: code = Unavailable desc = transport is closing
200	742	248	990	<nil>
200	708	250	958	<nil>
200	708	250	958	<nil>
200	710	249	959	<nil>
200	729	249	978	<nil>
200	710	249	959	<nil>
200	745	251	996	<nil>
200	711	250	961	<nil>
200	733	257	990	<nil>
200	727	244	971	<nil>
200	716	244	960	<nil>
200	724	247	971	<nil>
200	730	247	977	<nil>
200	752	238	990	<nil>
200	727	244	971	<nil>
200	727	244	971	<nil>
200	761	244	1005	<nil>
200	702	234	936	<nil>
200	674	244	918	<nil>
200	737	235	972	<nil>
200	733	241	974	<nil>
200	757	248	1005	<nil>
200	733	247	980	<nil>
200	681	236	917	<nil>
200	695	223	918	<nil>
200	678	235	913	<nil>
200	692	223	915	<nil>
200	679	235	914	<nil>
200	783	172	955	<nil>
200	782	172	954	<nil>
200	755	173	928	<nil>
200	781	172	953	<nil>
200	784	177	961	<nil>
200	781	177	958	<nil>
200	782	176	958	<nil>
200	727	175	902	<nil>
200	755	176	931	<nil>
200	780	177	957	<nil>
200	781	176	957	<nil>
200	781	177	958	<nil>
200	784	177	961	<nil>
200	811	126	937	<nil>
200	811	128	939	<nil>
200	763	126	889	<nil>
200	810	127	937	<nil>
200	811	127	938	<nil>
200	814	128	942	<nil>
200	764	128	892	<nil>
200	766	128	894	<nil>
200	812	126	938	<nil>
200	263	0	263	rpc error: code = Unavailable desc = transport is closing
200	277	0	277	rpc error: code = Unavailable desc = transport is closing
200	263	0	263	rpc error: code = Unavailable desc = transport is closing
200	238	96	334	<nil>
200	262	111	373	<nil>
200	270	0	270	rpc error: code = Unavailable desc = transport is closing
200	260	0	260	rpc error: code = Unavailable desc = transport is closing
200	260	0	260	rpc error: code = Unavailable desc = transport is closing
200	261	0	261	rpc error: code = Unavailable desc = transport is closing
200	265	0	265	rpc error: code = Unavailable desc = transport is closing
200	254	0	254	rpc error: code = Unavailable desc = transport is closing
200	281	0	281	rpc error: code = Unavailable desc = transport is closing
200	260	0	260	rpc error: code = Unavailable desc = transport is closing
200	270	0	270	rpc error: code = Unavailable desc = transport is closing
200	281	0	281	rpc error: code = Unavailable desc = transport is closing
200	261	0	261	rpc error: code = Unavailable desc = transport is closing
200	261	0	261	rpc error: code = Unavailable desc = transport is closing
200	265	0	265	rpc error: code = Unavailable desc = transport is closing
200	253	0	253	rpc error: code = Unavailable desc = transport is closing
200	280	0	280	rpc error: code = Unavailable desc = transport is closing
200	270	0	270	rpc error: code = Unavailable desc = transport is closing
200	270	0	270	rpc error: code = Unavailable desc = transport is closing
200	253	0	253	rpc error: code = Unavailable desc = transport is closing
200	270	0	270	rpc error: code = Unavailable desc = transport is closing
200	262	0	262	rpc error: code = Unavailable desc = transport is closing
200	275	0	275	rpc error: code = Unavailable desc = transport is closing
200	276	0	276	rpc error: code = Unavailable desc = transport is closing
200	275	0	275	rpc error: code = Unavailable desc = transport is closing
200	277	0	277	rpc error: code = Unavailable desc = transport is closing
200	277	0	277	rpc error: code = Unavailable desc = transport is closing
200	271	0	271	rpc error: code = Unavailable desc = transport is closing
200	277	0	277	rpc error: code = Unavailable desc = transport is closing
200	273	0	273	rpc error: code = Unavailable desc = transport is closing
200	274	0	274	rpc error: code = Unavailable desc = transport is closing
200	278	0	278	rpc error: code = Unavailable desc = transport is closing
200	271	0	271	rpc error: code = Unavailable desc = transport is closing
200	270	0	270	rpc error: code = Unavailable desc = transport is closing
200	277	0	277	rpc error: code = Unavailable desc = transport is closing
200	280	0	280	rpc error: code = Unavailable desc = transport is closing
200	270	0	270	rpc error: code = Unavailable desc = transport is closing
200	227	107	334	<nil>
200	285	111	396	<nil>
200	271	0	271	rpc error: code = Unavailable desc = transport is closing
200	270	0	270	rpc error: code = Unavailable desc = transport is closing
200	247	89	336	<nil>
200	241	99	340	<nil>
200	233	89	322	<nil>
200	246	98	344	<nil>
200	283	0	283	rpc error: code = Unavailable desc = transport is closing
200	210	106	316	<nil>
200	238	96	334	<nil>
200	266	0	266	rpc error: code = Unavailable desc = transport is closing
200	228	106	334	<nil>
200	245	97	342	<nil>
200	214	106	320	<nil>
200	235	107	342	<nil>
200	233	112	345	<nil>
200	263	112	375	<nil>
200	226	96	322	<nil>
200	233	88	321	<nil>
200	233	89	322	<nil>
200	232	89	321	<nil>
200	232	89	321	<nil>
200	234	88	322	<nil>
200	233	90	323	<nil>
200	258	109	367	<nil>
200	231	104	335	<nil>
200	233	89	322	<nil>
200	238	116	354	<nil>
200	245	90	335	<nil>
200	248	112	360	<nil>
200	236	87	323	<nil>
200	231	91	322	<nil>
200	246	90	336	<nil>
200	224	98	322	<nil>
200	247	87	334	<nil>
200	226	96	322	<nil>
200	222	97	319	<nil>
200	258	109	367	<nil>
200	232	90	322	<nil>
200	238	97	335	<nil>
200	283	113	396	<nil>
200	269	109	378	<nil>
200	255	112	367	<nil>
200	234	88	322	<nil>
200	244	90	334	<nil>
200	257	109	366	<nil>
200	239	97	336	<nil>
200	233	111	344	<nil>
200	233	111	344	<nil>
200	267	113	380	<nil>
200	246	120	366	<nil>
200	233	122	355	<nil>
200	236	119	355	<nil>
200	233	121	354	<nil>
200	233	147	380	<nil>
200	251	85	336	<nil>
200	238	141	379	<nil>
200	234	146	380	<nil>
200	173	269	442	<nil>
200	174	265	439	<nil>
200	173	292	465	<nil>
200	204	289	493	<nil>
200	174	291	465	<nil>
200	173	292	465	<nil>
200	175	291	466	<nil>
200	164	310	474	<nil>
200	173	314	487	<nil>
200	171	329	500	<nil>
200	182	287	469	<nil>
200	172	341	513	<nil>
200	179	293	472	<nil>
200	180	292	472	<nil>
200	183	292	475	<nil>
200	172	340	512	<nil>
200	185	297	482	<nil>
200	154	268	422	<nil>
200	163	341	504	<nil>
200	172	340	512	<nil>
200	162	340	502	<nil>
200	147	262	409	<nil>
200	181	290	471	<nil>
200	187	293	480	<nil>
200	186	292	478	<nil>
200	188	292	480	<nil>
200	186	292	478	<nil>
200	185	292	477	<nil>
200	186	293	479	<nil>
200	187	292	479	<nil>
200	185	292	477	<nil>
200	185	293	478	<nil>
200	186	292	478	<nil>
200	184	293	477	<nil>
200	185	293	478	<nil>
200	187	294	481	<nil>
200	187	292	479	<nil>
200	187	293	480	<nil>
200	186	292	478	<nil>
200	187	292	479	<nil>
200	188	292	480	<nil>
200	185	292	477	<nil>
200	187	292	479	<nil>
200	179	300	479	<nil>
200	187	293	480	<nil>
200	181	300	481	<nil>
200	147	260	407	<nil>
200	167	217	384	<nil>
200	138	261	399	<nil>
200	185	293	478	<nil>
200	141	267	408	<nil>
200	143	265	408	<nil>
200	166	217	383	<nil>
200	164	339	503	<nil>
200	167	217	384	<nil>
200	140	267	407	<nil>
200	133	217	350	<nil>
200	129	217	346	<nil>
200	142	267	409	<nil>
200	160	231	391	<nil>
200	160	232	392	<nil>
200	166	217	383	<nil>
200	140	269	409	<nil>
200	149	200	349	<nil>
200	183	290	473	<nil>
200	143	266	409	<nil>
200	140	269	409	<nil>
200	148	268	416	<nil>
200	141	268	409	<nil>
200	142	214	356	<nil>
200	171	245	416	<nil>
200	153	268	421	<nil>
200	155	269	424	<nil>
200	132	232	364	<nil>
200	176	245	421	<nil>
200	152	269	421	<nil>
200	175	219	394	<nil>
200	141	268	409	<nil>
200	186	292	478	<nil>
200	179	300	479	<nil>
200	186	294	480	<nil>
200	115	246	361	<nil>
200	139	221	360	<nil>
200	153	267	420	<nil>
200	110	223	333	<nil>
200	140	222	362	<nil>
200	114	247	361	<nil>
200	114	248	362	<nil>
200	133	233	366	<nil>
200	129	233	362	<nil>
200	177	141	318	<nil>
200	159	233	392	<nil>
200	185	131	316	<nil>
200	210	108	318	<nil>
200	200	117	317	<nil>
200	185	130	315	<nil>
200	244	126	370	<nil>
200	237	126	363	<nil>
200	219	95	314	<nil>
200	227	128	355	<nil>
200	235	206	441	<nil>
200	257	258	515	<nil>
200	269	250	519	<nil>
200	245	244	489	<nil>
200	245	246	491	<nil>
200	244	244	488	<nil>
200	273	240	513	<nil>
200	244	252	496	<nil>
200	259	253	512	<nil>
200	266	267	533	<nil>
200	265	268	533	<nil>
200	243	261	504	<nil>
200	274	265	539	<nil>
200	273	267	540	<nil>
200	258	266	524	<nil>
200	274	268	542	<nil>
200	270	272	542	<nil>
200	273	270	543	<nil>
200	224	270	494	<nil>
200	265	277	542	<nil>
200	275	269	544	<nil>
200	270	272	542	<nil>
200	244	266	510	<nil>
200	273	269	542	<nil>
200	274	269	543	<nil>
200	264	278	542	<nil>
200	282	267	549	<nil>
200	275	275	550	<nil>
200	275	274	549	<nil>
200	300	774	1074	<nil>
200	264	810	1074	<nil>
200	271	809	1080	<nil>
200	273	807	1080	<nil>
200	299	781	1080	<nil>
200	274	808	1082	<nil>
200	233	816	1049	<nil>
200	197	802	999	<nil>
200	275	807	1082	<nil>
200	282	768	1050	<nil>
200	282	768	1050	<nil>
200	275	807	1082	<nil>
200	283	767	1050	<nil>
200	228	809	1037	<nil>
200	253	808	1061	<nil>
200	313	768	1081	<nil>
200	296	768	1064	<nil>
200	244	784	1028	<nil>
200	296	766	1062	<nil>
200	301	784	1085	<nil>
200	285	768	1053	<nil>
200	315	779	1094	<nil>
200	252	799	1051	<nil>
200	279	800	1079	<nil>
200	283	768	1051	<nil>
200	293	773	1066	<nil>
200	315	785	1100	<nil>
200	344	756	1100	<nil>
200	203	788	991	<nil>
200	222	801	1023	<nil>
200	220	818	1038	<nil>
200	251	788	1039	<nil>
200	242	788	1030	<nil>
200	352	750	1102	<nil>
200	234	786	1020	<nil>
200	219	801	1020	<nil>
200	314	789	1103	<nil>
200	301	802	1103	<nil>
200	239	785	1024	<nil>
200	301	801	1102	<nil>
200	291	733	1024	<nil>
200	232	789	1021	<nil>
200	293	789	1082	<nil>
200	219	802	1021	<nil>
200	294	788	1082	<nil>
200	270	761	1031	<nil>
200	270	758	1028	<nil>
200	270	760	1030	<nil>
200	259	771	1030	<nil>
200	270	761	1031	<nil>
200	306	759	1065	<nil>
200	238	816	1054	<nil>
200	228	825	1053	<nil>
200	447	687	1134	<nil>
200	161	764	925	<nil>
200	144	781	925	<nil>
200	238	817	1055	<nil>
200	416	702	1118	<nil>
200	422	696	1118	<nil>
200	229	679	908	<nil>
200	295	661	956	<nil>
200	411	660	1071	<nil>
200	283	661	944	<nil>
200	367	786	1153	<nil>
200	251	786	1037	<nil>
200	408	663	1071	<nil>
200	282	673	955	<nil>
200	409	661	1070	<nil>
200	285	787	1072	<nil>
200	413	661	1074	<nil>
200	367	790	1157	<nil>
200	283	648	931	<nil>
200	158	790	948	<nil>
200	301	669	970	<nil>
200	410	665	1075	<nil>
200	284	791	1075	<nil>
200	294	618	912	<nil>
200	281	652	933	<nil>
200	276	618	894	<nil>
200	282	629	911	<nil>
200	284	795	1079	<nil>
200	812	153	965	<nil>
200	818	147	965	<nil>
200	826	147	973	<nil>
200	832	129	961	<nil>
200	803	130	933	<nil>
200	822	114	936	<nil>
200	829	132	961	<nil>
200	855	0	855	rpc error: code = Unavailable desc = transport is closing
200	851	114	965	<nil>
200	842	116	958	<nil>
200	821	117	938	<nil>
200	822	117	939	<nil>
200	852	113	965	<nil>
200	825	120	945	<nil>
200	853	120	973	<nil>
200	843	0	843	rpc error: code = Unavailable desc = transport is closing
200	826	121	947	<nil>
200	826	126	952	<nil>
200	853	135	988	<nil>
200	828	133	961	<nil>
200	853	135	988	<nil>
200	827	133	960	<nil>
200	825	134	959	<nil>
200	826	134	960	<nil>
200	853	134	987	<nil>
200	851	129	980	<nil>
200	832	132	964	<nil>
200	861	131	992	<nil>
200	827	135	962	<nil>
200	859	131	990	<nil>
200	861	131	992	<nil>
200	856	131	987	<nil>
200	859	131	990	<nil>
200	851	131	982	<nil>
200	857	133	990	<nil>
200	829	133	962	<nil>
200	832	134	966	<nil>
200	827	137	964	<nil>
200	860	131	991	<nil>
200	824	137	961	<nil>
200	838	140	978	<nil>
200	855	141	996	<nil>
200	837	141	978	<nil>
200	844	133	977	<nil>
200	835	141	976	<nil>
200	846	195	1041	<nil>
200	848	194	1042	<nil>
200	846	196	1042	<nil>
200	845	207	1052	<nil>
200	846	206	1052	<nil>
200	873	194	1067	<nil>
200	920	170	1090	<nil>
200	891	200	1091	<nil>
200	877	193	1070	<nil>
200	899	193	1092	<nil>
200	878	191	1069	<nil>
200	908	162	1070	<nil>
200	873	197	1070	<nil>
200	900	191	1091	<nil>
200	871	200	1071	<nil>
200	820	185	1005	<nil>
200	892	201	1093	<nil>
200	704	165	869	<nil>
200	781	177	958	<nil>
200	870	202	1072	<nil>
200	896	178	1074	<nil>
200	693	177	870	<nil>
200	761	168	929	<nil>
200	688	178	866	<nil>
200	922	171	1093	<nil>
200	695	171	866	<nil>
200	828	180	1008	<nil>
200	892	202	1094	<nil>
200	916	177	1093	<nil>
200	900	174	1074	<nil>
200	915	179	1094	<nil>
200	692	178	870	<nil>
200	770	194	964	<nil>
200	897	177	1074	<nil>
200	874	199	1073	<nil>
200	913	180	1093	<nil>
200	889	173	1062	<nil>
200	864	169	1033	<nil>
200	927	167	1094	<nil>
200	904	198	1102	<nil>
200	669	177	846	<nil>
200	894	181	1075	<nil>
200	898	195	1093	<nil>
200	898	174	1072	<nil>
200	895	176	1071	<nil>
200	667	167	834	<nil>
200	924	168	1092	<nil>
200	892	202	1094	<nil>
200	692	177	869	<nil>
200	875	199	1074	<nil>
200	669	181	850	<nil>
200	699	180	879	<nil>
200	897	198	1095	<nil>
200	678	167	845	<nil>
200	701	168	869	<nil>
200	669	171	840	<nil>
200	681	167	848	<nil>
200	673	168	841	<nil>
200	666	168	834	<nil>
200	663	223	886	<nil>
200	665	270	935	<nil>
200	667	290	957	<nil>
200	667	297	964	<nil>
200	663	304	967	<nil>
200	666	304	970	<nil>
200	668	300	968	<nil>
200	656	312	968	<nil>
200	666	300	966	<nil>
200	669	327	996	<nil>
200	669	329	998	<nil>
200	146	319	465	<nil>
200	664	333	997	<nil>
200	154	319	473	<nil>
200	153	320	473	<nil>
200	147	319	466	<nil>
200	156	317	473	<nil>
200	154	317	471	<nil>
200	155	317	472	<nil>
200	147	324	471	<nil>
200	155	315	470	<nil>
200	154	316	470	<nil>
200	155	320	475	<nil>
200	154	317	471	<nil>
200	146	324	470	<nil>
200	156	320	476	<nil>
200	147	332	479	<nil>
200	145	332	477	<nil>
200	138	333	471	<nil>
200	157	335	492	<nil>
200	139	350	489	<nil>
200	144	334	478	<nil>
200	157	334	491	<nil>
200	130	350	480	<nil>
200	146	352	498	<nil>
200	133	377	510	<nil>
200	134	377	511	<nil>
200	138	374	512	<nil>
200	149	389	538	<nil>
200	144	394	538	<nil>
200	164	380	544	<nil>
200	163	381	544	<nil>
200	144	401	545	<nil>
200	154	381	535	<nil>
200	157	380	537	<nil>
200	157	381	538	<nil>
200	163	381	544	<nil>
200	146	395	541	<nil>
200	156	383	539	<nil>
200	146	395	541	<nil>
200	174	367	541	<nil>
200	172	367	539	<nil>
200	174	366	540	<nil>
200	173	368	541	<nil>
200	174	368	542	<nil>
200	172	375	547	<nil>
200	174	368	542	<nil>
200	153	367	520	<nil>
200	152	384	536	<nil>
200	149	414	563	<nil>
200	153	393	546	<nil>
200	167	400	567	<nil>
200	176	391	567	<nil>
200	159	410	569	<nil>
200	164	410	574	<nil>
200	211	345	556	<nil>
200	211	350	561	<nil>
200	206	366	572	<nil>
200	207	366	573	<nil>
200	211	350	561	<nil>
200	206	362	568	<nil>
200	197	339	536	<nil>
200	207	362	569	<nil>
200	213	338	551	<nil>
200	212	351	563	<nil>
200	207	349	556	<nil>
200	208	377	585	<nil>
200	221	372	593	<nil>
200	215	371	586	<nil>
200	200	374	574	<nil>
200	210	377	587	<nil>
200	216	384	600	<nil>
200	200	385	585	<nil>
200	194	386	580	<nil>
200	254	0	254	rpc error: code = Unavailable desc = transport is closing
200	202	385	587	<nil>
200	222	385	607	<nil>
200	216	384	600	<nil>
200	214	400	614	<nil>
200	287	319	606	<nil>
200	294	328	622	<nil>
200	279	336	615	<nil>
200	303	314	617	<nil>
200	265	351	616	<nil>
200	238	0	238	rpc error: code = Unavailable desc = transport is closing
200	322	274	596	<nil>
200	320	274	594	<nil>
200	214	0	214	rpc error: code = Unavailable desc = transport is closing
200	320	277	597	<nil>
200	351	263	614	<nil>
200	351	263	614	<nil>
200	366	249	615	<nil>
200	374	249	623	<nil>
200	368	249	617	<nil>
200	368	249	617	<nil>
200	375	264	639	<nil>
200	375	256	631	<nil>
200	376	256	632	<nil>
200	375	256	631	<nil>
200	360	256	616	<nil>
200	363	256	619	<nil>
200	376	263	639	<nil>
200	378	264	642	<nil>
200	378	263	641	<nil>
200	377	264	641	<nil>
200	377	265	642	<nil>
200	377	266	643	<nil>
200	373	266	639	<nil>
200	378	265	643	<nil>
200	365	266	631	<nil>
200	380	266	646	<nil>
200	398	0	398	rpc error: code = Unavailable desc = transport is closing
200	373	267	640	<nil>
200	374	267	641	<nil>
200	382	266	648	<nil>
200	429	240	669	<nil>
200	414	246	660	<nil>
200	428	240	668	<nil>
200	428	240	668	<nil>
200	424	244	668	<nil>
200	433	240	673	<nil>
200	430	239	669	<nil>
200	422	239	661	<nil>
200	425	243	668	<nil>
200	422	246	668	<nil>
200	420	240	660	<nil>
200	422	242	664	<nil>
200	430	250	680	<nil>
200	408	241	649	<nil>
200	406	242	648	<nil>
200	368	243	611	<nil>
200	377	243	620	<nil>
200	366	243	609	<nil>
200	407	243	650	<nil>
200	368	243	611	<nil>
200	366	243	609	<nil>
200	388	0	388	rpc error: code = Unavailable desc = transport is closing
200	400	0	400	rpc error: code = Unavailable desc = transport is closing
200	427	0	427	rpc error: code = Unavailable desc = transport is closing
200	429	0	429	rpc error: code = Unavailable desc = transport is closing
200	407	0	407	rpc error: code = Unavailable desc = transport is closing
200	426	220	646	<nil>
200	428	0	428	rpc error: code = Unavailable desc = transport is closing
200	427	0	427	rpc error: code = Unavailable desc = transport is closing
200	405	0	405	rpc error: code = Unavailable desc = transport is closing
200	398	0	398	rpc error: code = Unavailable desc = transport is closing
200	428	0	428	rpc error: code = Unavailable desc = transport is closing
200	428	0	428	rpc error: code = Unavailable desc = transport is closing
200	424	219	643	<nil>
200	427	218	645	<nil>
200	407	0	407	rpc error: code = Unavailable desc = transport is closing
200	428	224	652	<nil>
200	428	253	681	<nil>
200	429	262	691	<nil>
200	433	262	695	<nil>
200	427	261	688	<nil>
200	437	262	699	<nil>
200	431	263	694	<nil>
200	439	255	694	<nil>
200	435	259	694	<nil>
200	435	255	690	<nil>
200	439	256	695	<nil>
200	438	254	692	<nil>
200	434	258	692	<nil>
200	439	255	694	<nil>
200	434	267	701	<nil>
200	433	266	699	<nil>
200	439	258	697	<nil>
200	436	256	692	<nil>
200	442	1034	1476	<nil>
200	405	1034	1439	<nil>
200	442	1035	1477	<nil>
200	435	1039	1474	<nil>
200	441	1036	1477	<nil>
200	387	1036	1423	<nil>
200	446	1030	1476	<nil>
200	306	1032	1338	<nil>
200	437	1038	1475	<nil>
200	436	1035	1471	<nil>
200	384	1040	1424	<nil>
200	436	1036	1472	<nil>
200	306	1033	1339	<nil>
200	437	1038	1475	<nil>
200	441	1034	1475	<nil>
200	440	1037	1477	<nil>
200	307	1034	1341	<nil>
200	435	1037	1472	<nil>
200	307	1034	1341	<nil>
200	440	1036	1476	<nil>
200	310	1035	1345	<nil>
200	345	1039	1384	<nil>
200	360	1042	1402	<nil>
200	440	1037	1477	<nil>
200	306	1034	1340	<nil>
200	439	1035	1474	<nil>
200	440	1037	1477	<nil>
200	306	1035	1341	<nil>
200	294	1017	1311	<nil>
200	306	1035	1341	<nil>
200	437	1040	1477	<nil>
200	296	1025	1321	<nil>
200	284	1066	1350	<nil>
200	295	1068	1363	<nil>
200	289	1063	1352	<nil>
200	297	1064	1361	<nil>
200	293	1068	1361	<nil>
200	294	1067	1361	<nil>
200	288	1064	1352	<nil>
200	276	1044	1320	<nil>
200	289	1064	1353	<nil>
200	276	1044	1320	<nil>
200	293	1066	1359	<nil>
200	295	1045	1340	<nil>
200	276	1045	1321	<nil>
200	275	1045	1320	<nil>
200	297	1057	1354	<nil>
200	295	1044	1339	<nil>
200	296	1057	1353	<nil>
200	299	1075	1374	<nil>
200	273	1060	1333	<nil>
200	298	1076	1374	<nil>
200	299	1075	1374	<nil>
200	280	1061	1341	<nil>
200	299	1075	1374	<nil>
200	295	1075	1370	<nil>
200	258	1060	1318	<nil>
200	259	1060	1319	<nil>
200	259	1060	1319	<nil>
200	266	1039	1305	<nil>
200	268	1035	1303	<nil>
200	266	1032	1298	<nil>
200	267	1035	1302	<nil>
200	267	1036	1303	<nil>
200	267	1041	1308	<nil>
200	296	1040	1336	<nil>
200	289	1039	1328	<nil>
200	290	1038	1328	<nil>
200	302	1038	1340	<nil>
200	300	1040	1340	<nil>
200	314	1025	1339	<nil>
200	280	988	1268	<nil>
200	301	1045	1346	<nil>
200	262	1025	1287	<nil>
200	266	1024	1290	<nil>
200	295	1029	1324	<nil>
200	261	1024	1285	<nil>
200	262	1025	1287	<nil>
200	306	1028	1334	<nil>
200	261	1025	1286	<nil>
200	290	1043	1333	<nil>
200	304	1031	1335	<nil>
200	262	1027	1289	<nil>
200	301	1043	1344	<nil>
200	290	1042	1332	<nil>
200	305	1027	1332	<nil>
200	261	1026	1287	<nil>
200	265	1009	1274	<nil>
200	266	977	1243	<nil>
200	266	977	1243	<nil>
200	290	997	1287	<nil>
200	284	995	1279	<nil>
200	290	979	1269	<nil>
200	297	1029	1326	<nil>
200	267	1029	1296	<nil>
200	299	1029	1328	<nil>
200	300	1041	1341	<nil>
200	311	1041	1352	<nil>
200	270	1040	1310	<nil>
200	269	1040	1309	<nil>
200	302	1041	1343	<nil>
200	302	1041	1343	<nil>
200	257	1040	1297	<nil>
200	258	1041	1299	<nil>
200	258	1041	1299	<nil>
200	268	1031	1299	<nil>
200	254	1034	1288	<nil>
200	264	1034	1298	<nil>
200	276	1009	1285	<nil>
200	263	1039	1302	<nil>
200	277	1025	1302	<nil>
200	271	1046	1317	<nil>
200	273	1036	1309	<nil>
200	290	1028	1318	<nil>
200	296	1020	1316	<nil>
200	1025	278	1303	<nil>
200	1024	278	1302	<nil>
200	1039	268	1307	<nil>
200	1040	265	1305	<nil>
200	1026	275	1301	<nil>
200	1011	276	1287	<nil>
200	1011	277	1288	<nil>
200	1041	259	1300	<nil>
200	1043	259	1302	<nil>
200	1042	259	1301	<nil>
200	1042	259	1301	<nil>
200	1058	248	1306	<nil>
200	1057	249	1306	<nil>
200	1055	252	1307	<nil>
200	1046	261	1307	<nil>
200	1058	249	1307	<nil>
200	1046	260	1306	<nil>
200	1073	223	1296	<nil>
200	1074	227	1301	<nil>
200	1075	237	1312	<nil>
200	1055	143	1198	<nil>
200	1048	216	1264	<nil>
200	283	110	393	<nil>
200	283	118	401	<nil>
200	1099	176	1275	<nil>
200	1049	236	1285	<nil>
200	1096	181	1277	<nil>
200	305	87	392	<nil>
200	1067	175	1242	<nil>
200	1062	215	1277	<nil>
200	1071	208	1279	<nil>
200	1067	178	1245	<nil>
200	1096	180	1276	<nil>
200	1106	182	1288	<nil>
200	1087	191	1278	<nil>
200	1074	239	1313	<nil>
200	1043	239	1282	<nil>
200	1085	176	1261	<nil>
200	1048	238	1286	<nil>
200	1034	0	1034	rpc error: code = Unavailable desc = transport is closing
200	1055	142	1197	<nil>
200	1061	143	1204	<nil>
200	1041	0	1041	rpc error: code = Unavailable desc = transport is closing
200	1055	143	1198	<nil>
200	1039	0	1039	rpc error: code = Unavailable desc = transport is closing
200	1073	0	1073	rpc error: code = Unavailable desc = transport is closing
200	1055	143	1198	<nil>
200	1080	190	1270	<nil>
200	1056	0	1056	rpc error: code = Unavailable desc = transport is closing
200	1033	0	1033	rpc error: code = Unavailable desc = transport is closing
200	1043	0	1043	rpc error: code = Unavailable desc = transport is closing
200	1070	0	1070	rpc error: code = Unavailable desc = transport is closing
200	1046	0	1046	rpc error: code = Unavailable desc = transport is closing
200	1033	0	1033	rpc error: code = Unavailable desc = transport is closing
200	1085	202	1287	<nil>
200	1108	178	1286	<nil>
200	1073	0	1073	rpc error: code = Unavailable desc = transport is closing
200	1048	0	1048	rpc error: code = Unavailable desc = transport is closing
200	1069	0	1069	rpc error: code = Unavailable desc = transport is closing
200	1069	0	1069	rpc error: code = Unavailable desc = transport is closing
200	1055	147	1202	<nil>
200	1038	0	1038	rpc error: code = Unavailable desc = transport is closing
200	1040	0	1040	rpc error: code = Unavailable desc = transport is closing
200	1064	136	1200	<nil>
200	1046	109	1155	<nil>
200	1059	143	1202	<nil>
200	1039	0	1039	rpc error: code = Unavailable desc = transport is closing
200	1056	146	1202	<nil>
200	1065	136	1201	<nil>
200	284	107	391	<nil>
200	1055	149	1204	<nil>
200	1040	112	1152	<nil>
200	1070	209	1279	<nil>
200	1073	237	1310	<nil>
200	1047	199	1246	<nil>
200	1070	196	1266	<nil>
200	1102	175	1277	<nil>
200	1050	199	1249	<nil>
200	1068	200	1268	<nil>
200	287	102	389	<nil>
200	274	118	392	<nil>
200	1101	199	1300	<nil>
200	1058	199	1257	<nil>
200	1083	198	1281	<nil>
200	285	121	406	<nil>
200	284	120	404	<nil>
200	274	119	393	<nil>
200	281	104	385	<nil>
200	301	86	387	<nil>
200	286	123	409	<nil>
200	307	84	391	<nil>
200	305	87	392	<nil>
200	307	85	392	<nil>
200	282	105	387	<nil>
200	305	86	391	<nil>
200	305	87	392	<nil>
200	305	87	392	<nil>
200	307	84	391	<nil>
200	308	85	393	<nil>
200	288	104	392	<nil>
200	305	87	392	<nil>
200	303	85	388	<nil>
200	306	87	393	<nil>
200	279	105	384	<nil>
200	283	105	388	<nil>
200	305	87	392	<nil>
200	285	126	411	<nil>
200	285	108	393	<nil>
200	307	97	404	<nil>
200	307	95	402	<nil>
200	303	107	410	<nil>
200	307	108	415	<nil>
200	307	109	416	<nil>
200	308	108	416	<nil>
200	307	109	416	<nil>
200	308	109	417	<nil>
200	308	109	417	<nil>
200	262	106	368	<nil>
200	314	122	436	<nil>
200	311	132	443	<nil>
200	313	148	461	<nil>
200	298	191	489	<nil>
200	312	200	512	<nil>
200	316	215	531	<nil>
200	317	237	554	<nil>
200	314	273	587	<nil>
200	320	274	594	<nil>
200	324	274	598	<nil>
200	297	292	589	<nil>
200	299	277	576	<nil>
200	288	278	566	<nil>
200	301	278	579	<nil>
200	290	275	565	<nil>
200	320	278	598	<nil>
200	296	298	594	<nil>
200	279	314	593	<nil>
200	297	346	643	<nil>
200	279	328	607	<nil>
200	278	329	607	<nil>
200	308	299	607	<nil>
200	334	309	643	<nil>
200	285	328	613	<nil>
200	304	315	619	<nil>
200	288	328	616	<nil>
200	287	331	618	<nil>
200	260	316	576	<nil>
200	283	331	614	<nil>
200	264	315	579	<nil>
200	261	315	576	<nil>
200	233	333	566	<nil>
200	284	333	617	<nil>
200	268	309	577	<nil>
200	257	309	566	<nil>
200	251	315	566	<nil>
200	261	315	576	<nil>
200	287	333	620	<nil>
200	249	319	568	<nil>
200	251	316	567	<nil>
200	284	334	618	<nil>
200	263	318	581	<nil>
200	262	318	580	<nil>
200	280	328	608	<nil>
200	251	330	581	<nil>
200	251	375	626	<nil>
200	240	377	617	<nil>
200	262	374	636	<nil>
200	246	386	632	<nil>
200	263	374	637	<nil>
200	258	384	642	<nil>
200	262	388	650	<nil>
200	251	391	642	<nil>
200	251	388	639	<nil>
200	239	412	651	<nil>
200	251	417	668	<nil>
200	130	391	521	<nil>
200	201	398	599	<nil>
200	210	404	614	<nil>
200	129	389	518	<nil>
200	251	414	665	<nil>
200	239	415	654	<nil>
200	197	392	589	<nil>
200	246	418	664	<nil>
200	200	401	601	<nil>
200	198	417	615	<nil>
200	200	398	598	<nil>
200	131	396	527	<nil>
200	190	397	587	<nil>
200	188	399	587	<nil>
200	173	396	569	<nil>
200	310	165	475	<nil>
200	174	396	570	<nil>
200	207	409	616	<nil>
200	175	396	571	<nil>
200	199	416	615	<nil>
200	189	397	586	<nil>
200	197	410	607	<nil>
200	173	396	569	<nil>
200	147	394	541	<nil>
200	175	396	571	<nil>
200	133	398	531	<nil>
200	165	345	510	<nil>
200	197	417	614	<nil>
200	192	416	608	<nil>
200	146	405	551	<nil>
200	239	428	667	<nil>
200	287	223	510	<nil>
200	176	396	572	<nil>
200	201	414	615	<nil>
200	202	414	616	<nil>
200	287	223	510	<nil>
200	164	345	509	<nil>
200	131	415	546	<nil>
200	326	238	564	<nil>
200	366	235	601	<nil>
200	349	242	591	<nil>
200	377	183	560	<nil>
200	380	183	563	<nil>
200	373	184	557	<nil>
200	373	204	577	<nil>
200	429	185	614	<nil>
200	426	188	614	<nil>
200	378	180	558	<nil>
200	430	184	614	<nil>
200	377	184	561	<nil>
200	373	185	558	<nil>
200	419	0	419	rpc error: code = Unavailable desc = transport is closing
200	433	181	614	<nil>
200	363	187	550	<nil>
200	442	0	442	rpc error: code = Unavailable desc = transport is closing
200	378	187	565	<nil>
200	388	722	1110	<nil>
200	405	714	1119	<nil>
200	400	722	1122	<nil>
200	401	710	1111	<nil>
200	399	724	1123	<nil>
200	406	716	1122	<nil>
200	416	716	1132	<nil>
200	419	716	1135	<nil>
200	389	735	1124	<nil>
200	425	699	1124	<nil>
200	420	704	1124	<nil>
200	393	715	1108	<nil>
200	418	716	1134	<nil>
200	419	715	1134	<nil>
200	409	715	1124	<nil>
200	398	744	1142	<nil>
200	438	707	1145	<nil>
200	424	711	1135	<nil>
200	439	706	1145	<nil>
200	419	725	1144	<nil>
200	437	707	1144	<nil>
200	420	703	1123	<nil>
200	440	704	1144	<nil>
200	326	706	1032	<nil>
200	468	676	1144	<nil>
200	432	703	1135	<nil>
200	441	704	1145	<nil>
200	431	715	1146	<nil>
200	434	711	1145	<nil>
200	433	712	1145	<nil>
200	442	706	1148	<nil>
200	330	706	1036	<nil>
200	418	728	1146	<nil>
200	453	694	1147	<nil>
200	414	712	1126	<nil>
200	438	710	1148	<nil>
200	437	710	1147	<nil>
200	432	707	1139	<nil>
200	427	710	1137	<nil>
200	430	709	1139	<nil>
200	430	760	1190	<nil>
200	338	762	1100	<nil>
200	434	778	1212	<nil>
200	432	772	1204	<nil>
200	424	781	1205	<nil>
200	286	779	1065	<nil>
200	242	759	1001	<nil>
200	193	774	967	<nil>
200	435	776	1211	<nil>
200	430	774	1204	<nil>
200	487	717	1204	<nil>
200	421	783	1204	<nil>
200	235	741	976	<nil>
200	438	775	1213	<nil>
200	292	780	1072	<nil>
200	239	717	956	<nil>
200	235	775	1010	<nil>
200	433	780	1213	<nil>
200	434	771	1205	<nil>
200	433	772	1205	<nil>
200	424	780	1204	<nil>
200	439	774	1213	<nil>
200	442	771	1213	<nil>
200	226	772	998	<nil>
200	426	778	1204	<nil>
200	430	774	1204	<nil>
200	483	731	1214	<nil>
200	407	721	1128	<nil>
200	425	780	1205	<nil>
200	379	735	1114	<nil>
200	422	783	1205	<nil>
200	480	734	1214	<nil>
200	430	783	1213	<nil>
200	433	780	1213	<nil>
200	468	734	1202	<nil>
200	432	781	1213	<nil>
200	425	779	1204	<nil>
200	483	721	1204	<nil>
200	430	775	1205	<nil>
200	425	780	1205	<nil>
200	329	772	1101	<nil>
200	433	780	1213	<nil>
200	433	781	1214	<nil>
200	440	774	1214	<nil>
200	513	774	1287	<nil>
200	256	776	1032	<nil>
200	492	793	1285	<nil>
200	495	791	1286	<nil>
200	262	771	1033	<nil>
200	493	793	1286	<nil>
200	502	774	1276	<nil>
200	512	774	1286	<nil>
200	243	738	981	<nil>
200	251	773	1024	<nil>
200	348	773	1121	<nil>
200	247	749	996	<nil>
200	247	749	996	<nil>
200	518	773	1291	<nil>
200	515	776	1291	<nil>
200	474	798	1272	<nil>
200	261	773	1034	<nil>
200	243	738	981	<nil>
200	243	737	980	<nil>
200	262	775	1037	<nil>
200	246	737	983	<nil>
200	238	798	1036	<nil>
200	513	778	1291	<nil>
200	245	738	983	<nil>
200	244	737	981	<nil>
200	515	776	1291	<nil>
200	224	737	961	<nil>
200	512	779	1291	<nil>
200	261	773	1034	<nil>
200	241	781	1022	<nil>
200	240	784	1024	<nil>
200	256	784	1040	<nil>
200	251	784	1035	<nil>
200	251	784	1035	<nil>
200	264	766	1030	<nil>
200	258	789	1047	<nil>
200	249	765	1014	<nil>
200	257	751	1008	<nil>
200	245	795	1040	<nil>
200	239	800	1039	<nil>
200	275	778	1053	<nil>
200	265	772	1037	<nil>
200	261	785	1046	<nil>
200	239	808	1047	<nil>
200	264	784	1048	<nil>
200	236	784	1020	<nil>
200	264	785	1049	<nil>
200	777	296	1073	<nil>
200	737	302	1039	<nil>
200	776	302	1078	<nil>
200	756	302	1058	<nil>
200	744	301	1045	<nil>
200	744	301	1045	<nil>
200	736	309	1045	<nil>
200	745	299	1044	<nil>
200	745	300	1045	<nil>
200	792	249	1041	<nil>
200	770	249	1019	<nil>
200	795	248	1043	<nil>
200	791	250	1041	<nil>
200	792	250	1042	<nil>
200	802	259	1061	<nil>
200	788	274	1062	<nil>
200	770	249	1019	<nil>
200	760	249	1009	<nil>
200	793	250	1043	<nil>
200	870	212	1082	<nil>
200	869	215	1084	<nil>
200	854	219	1073	<nil>
200	853	210	1063	<nil>
200	847	219	1066	<nil>
200	854	218	1072	<nil>
200	870	214	1084	<nil>
200	854	219	1073	<nil>
200	797	206	1003	<nil>
200	795	207	1002	<nil>
200	795	210	1005	<nil>
200	857	218	1075	<nil>
200	870	220	1090	<nil>
200	858	221	1079	<nil>
200	757	210	967	<nil>
200	870	219	1089	<nil>
200	788	175	963	<nil>
200	854	219	1073	<nil>
200	858	215	1073	<nil>
200	794	207	1001	<nil>
200	824	211	1035	<nil>
200	796	209	1005	<nil>
200	797	208	1005	<nil>
200	798	209	1007	<nil>
200	820	222	1042	<nil>
200	870	221	1091	<nil>
200	870	218	1088	<nil>
200	821	208	1029	<nil>
200	879	211	1090	<nil>
200	821	209	1030	<nil>
200	859	220	1079	<nil>
200	859	222	1081	<nil>
200	861	223	1084	<nil>
200	757	211	968	<nil>
200	811	191	1002	<nil>
200	793	183	976	<nil>
200	795	183	978	<nil>
200	789	186	975	<nil>
200	793	185	978	<nil>
200	792	186	978	<nil>
200	793	185	978	<nil>
200	826	191	1017	<nil>
200	819	197	1016	<nil>
200	814	207	1021	<nil>
200	820	210	1030	<nil>
200	825	211	1036	<nil>
200	801	211	1012	<nil>
200	819	212	1031	<nil>
200	796	216	1012	<nil>
200	813	217	1030	<nil>
200	310	218	528	<nil>
200	320	206	526	<nil>
200	314	205	519	<nil>
200	315	205	520	<nil>
200	315	205	520	<nil>
200	314	205	519	<nil>
200	308	206	514	<nil>
200	314	205	519	<nil>
200	299	207	506	<nil>
200	309	207	516	<nil>
200	308	207	515	<nil>
200	309	207	516	<nil>
200	312	208	520	<nil>
200	311	206	517	<nil>
200	311	205	516	<nil>
200	311	214	525	<nil>
200	311	218	529	<nil>
200	307	218	525	<nil>
200	311	217	528	<nil>
200	307	218	525	<nil>
200	311	269	580	<nil>
200	311	273	584	<nil>
200	301	274	575	<nil>
200	305	280	585	<nil>
200	296	280	576	<nil>
200	295	281	576	<nil>
200	296	280	576	<nil>
200	295	281	576	<nil>
200	301	282	583	<nil>
200	287	282	569	<nil>
200	287	282	569	<nil>
200	287	281	568	<nil>
200	251	279	530	<nil>
200	252	279	531	<nil>
200	251	275	526	<nil>
200	246	276	522	<nil>
200	251	275	526	<nil>
200	250	275	525	<nil>
200	251	276	527	<nil>
200	252	276	528	<nil>
200	252	275	527	<nil>
200	252	275	527	<nil>
200	251	276	527	<nil>
200	252	279	531	<nil>
200	251	275	526	<nil>
200	251	275	526	<nil>
200	277	253	530	<nil>
200	252	276	528	<nil>
200	277	251	528	<nil>
200	277	250	527	<nil>
200	275	253	528	<nil>
200	251	276	527	<nil>
200	279	251	530	<nil>
200	279	266	545	<nil>
200	281	266	547	<nil>
200	280	310	590	<nil>
200	280	326	606	<nil>
200	280	326	606	<nil>
200	281	325	606	<nil>
200	281	326	607	<nil>
200	281	326	607	<nil>
200	279	328	607	<nil>
200	283	327	610	<nil>
200	281	329	610	<nil>
200	281	329	610	<nil>
200	281	330	611	<nil>
200	290	321	611	<nil>
200	290	321	611	<nil>
200	293	319	612	<nil>
200	296	318	614	<nil>
200	285	328	613	<nil>
200	292	321	613	<nil>
200	289	323	612	<nil>
200	289	324	613	<nil>
200	297	316	613	<nil>
200	238	301	539	<nil>
200	218	320	538	<nil>
200	243	304	547	<nil>
200	225	324	549	<nil>
200	286	201	487	<nil>
200	224	305	529	<nil>
200	241	303	544	<nil>
200	235	305	540	<nil>
200	230	313	543	<nil>
200	230	314	544	<nil>
200	232	311	543	<nil>
200	245	303	548	<nil>
200	276	264	540	<nil>
200	245	299	544	<nil>
200	213	314	527	<nil>
200	223	321	544	<nil>
200	244	304	548	<nil>
200	238	307	545	<nil>
200	280	264	544	<nil>
200	236	308	544	<nil>
200	311	308	619	<nil>
200	246	304	550	<nil>
200	238	312	550	<nil>
200	230	314	544	<nil>
200	315	225	540	<nil>
200	245	303	548	<nil>
200	227	312	539	<nil>
200	231	313	544	<nil>
200	281	206	487	<nil>
200	286	202	488	<nil>
200	293	196	489	<nil>
200	313	226	539	<nil>
200	268	201	469	<nil>
200	224	320	544	<nil>
200	235	303	538	<nil>
200	267	208	475	<nil>
200	305	38	343	<nil>
200	125	2	127	<nil>
200	266	234	500	<nil>
200	278	135	413	<nil>
200	274	228	502	<nil>
200	311	48	359	<nil>
200	261	237	498	<nil>
200	149	1	150	<nil>
200	267	149	416	<nil>
200	235	205	440	<nil>
200	234	206	440	<nil>
200	239	233	472	<nil>
200	277	237	514	<nil>
200	232	24	256	<nil>
200	304	71	375	<nil>
200	309	71	380	<nil>
200	277	154	431	<nil>
200	213	2	215	<nil>
200	302	71	373	<nil>
200	324	57	381	<nil>
200	305	72	377	<nil>
200	325	54	379	<nil>
200	228	3	231	<nil>
200	242	56	298	<nil>
200	206	8	214	<nil>
200	330	58	388	<nil>
200	145	13	158	<nil>
200	218	7	225	<nil>
200	252	39	291	<nil>
200	307	72	379	<nil>
200	203	11	214	<nil>
200	163	7	170	<nil>
200	169	7	176	<nil>
200	177	8	185	<nil>
200	226	3	229	<nil>
200	239	6	245	<nil>
200	215	3	218	<nil>
200	220	4	224	<nil>
200	163	7	170	<nil>
200	164	7	171	<nil>
200	302	66	368	<nil>
200	300	69	369	<nil>
200	301	69	370	<nil>
200	224	3	227	<nil>
200	306	66	372	<nil>
200	287	261	548	<nil>
200	303	71	374	<nil>
200	313	67	380	<nil>
200	211	56	267	<nil>
200	329	52	381	<nil>
200	307	67	374	<nil>
200	276	136	412	<nil>
200	132	0	132	<nil>
200	238	26	264	<nil>
200	233	201	434	<nil>
200	266	238	504	<nil>
200	260	239	499	<nil>
200	276	139	415	<nil>
200	295	37	332	<nil>
200	215	4	219	<nil>
200	272	2	274	<nil>
200	322	25	347	<nil>
200	275	225	500	<nil>
200	334	23	357	<nil>
200	130	0	130	<nil>
200	306	44	350	<nil>
200	266	232	498	<nil>
200	267	243	510	<nil>
200	277	138	415	<nil>
200	263	237	500	<nil>
200	211	0	211	<nil>
200	130	0	130	<nil>
200	272	144	416	<nil>
200	271	146	417	<nil>
200	266	148	414	<nil>
200	267	151	418	<nil>
200	234	228	462	<nil>
200	225	227	452	<nil>
200	226	226	452	<nil>
200	224	229	453	<nil>
200	269	238	507	<nil>
200	232	232	464	<nil>
200	306	70	376	<nil>
200	294	89	383	<nil>
200	324	58	382	<nil>
200	333	51	384	<nil>
200	135	7	142	<nil>
200	308	71	379	<nil>
200	154	4	158	<nil>
200	213	7	220	<nil>
200	314	71	385	<nil>
200	131	11	142	<nil>
200	248	61	309	<nil>
200	158	4	162	<nil>
200	216	9	225	<nil>
200	344	35	379	<nil>
200	136	6	142	<nil>
200	143	3	146	<nil>
200	293	73	366	<nil>
200	154	5	159	<nil>
200	323	56	379	<nil>
200	314	72	386	<nil>
200	230	62	292	<nil>
200	220	5	225	<nil>
200	210	2	212	<nil>
200	325	56	381	<nil>
200	248	62	310	<nil>
200	157	5	162	<nil>
200	141	5	146	<nil>
200	141	5	146	<nil>
200	221	55	276	<nil>
200	266	64	330	<nil>
200	217	59	276	<nil>
200	157	7	164	<nil>
200	158	6	164	<nil>
200	156	7	163	<nil>
200	157	6	163	<nil>
200	158	5	163	<nil>
200	215	61	276	<nil>
200	216	10	226	<nil>
200	162	7	169	<nil>
200	142	8	150	<nil>
200	161	8	169	<nil>
200	163	6	169	<nil>
200	159	7	166	<nil>
200	157	8	165	<nil>
200	203	11	214	<nil>
200	157	8	165	<nil>
200	218	8	226	<nil>
200	141	9	150	<nil>
200	128	5	133	<nil>
200	301	67	368	<nil>
200	301	68	369	<nil>
200	139	13	152	<nil>
200	376	13	389	<nil>
200	327	56	383	<nil>
200	288	650	938	<nil>
200	225	650	875	<nil>
200	234	646	880	<nil>
200	300	646	946	<nil>
200	321	0	321	rpc error: code = Unavailable desc = transport is closing
200	303	0	303	rpc error: code = Unavailable desc = transport is closing
200	302	0	302	rpc error: code = Unavailable desc = transport is closing
200	304	0	304	rpc error: code = Unavailable desc = transport is closing
200	912	0	912	rpc error: code = Unavailable desc = transport is closing
200	314	0	314	rpc error: code = Unavailable desc = transport is closing
200	856	25	881	<nil>
200	913	26	939	<nil>
200	852	32	884	<nil>
200	827	28	855	<nil>
200	911	0	911	rpc error: code = Unavailable desc = transport is closing
200	917	26	943	<nil>
200	874	0	874	rpc error: code = Unavailable desc = transport is closing
200	921	0	921	rpc error: code = Unavailable desc = transport is closing
200	914	0	914	rpc error: code = Unavailable desc = transport is closing
200	853	28	881	<nil>
200	305	0	305	rpc error: code = Unavailable desc = transport is closing
200	910	0	910	rpc error: code = Unavailable desc = transport is closing
200	928	0	928	rpc error: code = Unavailable desc = transport is closing
200	908	37	945	<nil>
200	859	26	885	<nil>
200	855	26	881	<nil>
200	915	33	948	<nil>
200	308	0	308	rpc error: code = Unavailable desc = transport is closing
200	871	0	871	rpc error: code = Unavailable desc = transport is closing
200	308	0	308	rpc error: code = Unavailable desc = transport is closing
200	834	0	834	rpc error: code = Unavailable desc = transport is closing
200	873	0	873	rpc error: code = Unavailable desc = transport is closing
200	885	33	918	<nil>
200	863	0	863	rpc error: code = Unavailable desc = transport is closing
200	829	0	829	rpc error: code = Unavailable desc = transport is closing
200	918	0	918	rpc error: code = Unavailable desc = transport is closing
200	921	30	951	<nil>
200	921	0	921	rpc error: code = Unavailable desc = transport is closing
200	864	0	864	rpc error: code = Unavailable desc = transport is closing
200	872	0	872	rpc error: code = Unavailable desc = transport is closing
200	922	0	922	rpc error: code = Unavailable desc = transport is closing
200	899	0	899	rpc error: code = Unavailable desc = transport is closing
200	918	0	918	rpc error: code = Unavailable desc = transport is closing
200	911	0	911	rpc error: code = Unavailable desc = transport is closing
200	837	0	837	rpc error: code = Unavailable desc = transport is closing
200	875	0	875	rpc error: code = Unavailable desc = transport is closing
200	862	0	862	rpc error: code = Unavailable desc = transport is closing
200	851	0	851	rpc error: code = Unavailable desc = transport is closing
200	845	0	845	rpc error: code = Unavailable desc = transport is closing
200	870	0	870	rpc error: code = Unavailable desc = transport is closing
200	840	0	840	rpc error: code = Unavailable desc = transport is closing
200	881	0	881	rpc error: code = Unavailable desc = transport is closing
200	921	0	921	rpc error: code = Unavailable desc = transport is closing
200	908	36	944	<nil>
200	915	0	915	rpc error: code = Unavailable desc = transport is closing
200	849	0	849	rpc error: code = Unavailable desc = transport is closing
200	852	0	852	rpc error: code = Unavailable desc = transport is closing
200	920	24	944	<nil>
200	848	24	872	<nil>
200	847	0	847	rpc error: code = Unavailable desc = transport is closing
200	849	0	849	rpc error: code = Unavailable desc = transport is closing
200	852	24	876	<nil>
200	847	0	847	rpc error: code = Unavailable desc = transport is closing
200	839	0	839	rpc error: code = Unavailable desc = transport is closing
200	868	24	892	<nil>
200	848	24	872	<nil>
200	848	24	872	<nil>
200	848	24	872	<nil>
200	845	0	845	rpc error: code = Unavailable desc = transport is closing
200	868	0	868	rpc error: code = Unavailable desc = transport is closing
200	867	0	867	rpc error: code = Unavailable desc = transport is closing
200	851	33	884	<nil>
200	921	0	921	rpc error: code = Unavailable desc = transport is closing
200	856	38	894	<nil>
200	848	0	848	rpc error: code = Unavailable desc = transport is closing
200	918	35	953	<nil>
200	848	24	872	<nil>
200	873	31	904	<nil>
200	871	34	905	<nil>
200	850	0	850	rpc error: code = Unavailable desc = transport is closing
200	847	0	847	rpc error: code = Unavailable desc = transport is closing
200	848	0	848	rpc error: code = Unavailable desc = transport is closing
200	885	0	885	rpc error: code = Unavailable desc = transport is closing
200	849	24	873	<nil>
200	850	0	850	rpc error: code = Unavailable desc = transport is closing
200	923	0	923	rpc error: code = Unavailable desc = transport is closing
200	848	24	872	<nil>
200	857	38	895	<nil>
200	851	34	885	<nil>
200	853	33	886	<nil>
200	850	35	885	<nil>
200	858	32	890	<nil>
200	851	34	885	<nil>
200	855	33	888	<nil>
200	851	34	885	<nil>
200	925	35	960	<nil>
200	871	33	904	<nil>
200	852	43	895	<nil>
200	852	34	886	<nil>
200	896	43	939	<nil>
200	852	59	911	<nil>
200	872	59	931	<nil>
200	857	57	914	<nil>
200	882	46	928	<nil>
200	852	59	911	<nil>
200	849	62	911	<nil>
200	852	75	927	<nil>
200	871	99	970	<nil>
200	870	192	1062	<nil>
200	882	178	1060	<nil>
200	870	191	1061	<nil>
200	874	189	1063	<nil>
200	872	192	1064	<nil>
200	871	190	1061	<nil>
200	881	180	1061	<nil>
200	885	180	1065	<nil>
200	869	191	1060	<nil>
200	883	181	1064	<nil>
200	900	181	1081	<nil>
200	902	181	1083	<nil>
200	878	185	1063	<nil>
200	882	206	1088	<nil>
200	865	230	1095	<nil>
200	870	225	1095	<nil>
200	885	214	1099	<nil>
200	870	226	1096	<nil>
200	869	227	1096	<nil>
200	876	223	1099	<nil>
200	870	232	1102	<nil>
200	869	234	1103	<nil>
200	884	234	1118	<nil>
200	882	231	1113	<nil>
200	870	232	1102	<nil>
200	882	232	1114	<nil>
200	879	223	1102	<nil>
200	868	235	1103	<nil>
200	882	221	1103	<nil>
200	880	228	1108	<nil>
200	872	237	1109	<nil>
200	873	238	1111	<nil>
200	873	237	1110	<nil>
200	909	201	1110	<nil>
200	870	239	1109	<nil>
200	888	231	1119	<nil>
200	881	247	1128	<nil>
200	870	238	1108	<nil>
200	869	232	1101	<nil>
200	894	223	1117	<nil>
200	916	217	1133	<nil>
200	920	207	1127	<nil>
200	884	242	1126	<nil>
200	895	231	1126	<nil>
200	881	235	1116	<nil>
200	911	207	1118	<nil>
200	914	207	1121	<nil>
200	882	236	1118	<nil>
200	907	210	1117	<nil>
200	872	239	1111	<nil>
200	901	218	1119	<nil>
200	908	217	1125	<nil>
200	919	206	1125	<nil>
200	882	239	1121	<nil>
200	901	232	1133	<nil>
200	906	209	1115	<nil>
200	916	209	1125	<nil>
200	921	207	1128	<nil>
200	880	236	1116	<nil>
200	880	236	1116	<nil>
200	871	237	1108	<nil>
200	880	240	1120	<nil>
200	868	241	1109	<nil>
200	886	244	1130	<nil>
200	874	237	1111	<nil>
200	901	244	1145	<nil>
200	880	249	1129	<nil>
200	899	236	1135	<nil>
200	881	250	1131	<nil>
200	916	227	1143	<nil>
200	894	237	1131	<nil>
200	899	232	1131	<nil>
200	900	246	1146	<nil>
200	908	223	1131	<nil>
200	893	254	1147	<nil>
200	881	254	1135	<nil>
200	892	257	1149	<nil>
200	880	256	1136	<nil>
200	881	296	1177	<nil>
200	896	296	1192	<nil>
200	882	295	1177	<nil>
200	896	296	1192	<nil>
200	885	292	1177	<nil>
200	895	298	1193	<nil>
200	95	232	327	<nil>
200	881	299	1180	<nil>
200	60	271	331	<nil>
200	885	295	1180	<nil>
200	895	299	1194	<nil>
200	896	300	1196	<nil>
200	32	298	330	<nil>
200	111	216	327	<nil>
200	880	299	1179	<nil>
200	40	382	422	<nil>
200	882	393	1275	<nil>
200	204	219	423	<nil>
200	60	373	433	<nil>
200	189	223	412	<nil>
200	906	370	1276	<nil>
200	910	236	1146	<nil>
200	226	194	420	<nil>
200	214	187	401	<nil>
200	223	191	414	<nil>
200	228	192	420	<nil>
200	227	193	420	<nil>
200	217	195	412	<nil>
200	215	199	414	<nil>
200	231	194	425	<nil>
200	226	194	420	<nil>
200	225	196	421	<nil>
200	232	194	426	<nil>
200	232	185	417	<nil>
200	234	185	419	<nil>
200	223	190	413	<nil>
200	246	186	432	<nil>
200	234	185	419	<nil>
220	234	186	420	<nil>
220	244	191	435	<nil>
220	219	186	405	<nil>
200	231	185	416	<nil>
220	230	188	418	<nil>
220	254	214	468	<nil>
220	241	227	468	<nil>
220	234	237	471	<nil>
220	227	238	465	<nil>
220	231	247	478	<nil>
220	243	247	490	<nil>
220	230	244	474	<nil>
220	223	248	471	<nil>
220	234	244	478	<nil>
220	234	245	479	<nil>
220	234	244	478	<nil>
220	234	263	497	<nil>
220	253	259	512	<nil>
220	234	266	500	<nil>
220	239	261	500	<nil>
220	202	266	468	<nil>
220	230	267	497	<nil>
220	230	267	497	<nil>
220	268	236	504	<nil>
220	236	264	500	<nil>
220	233	262	495	<nil>
220	234	301	535	<nil>
220	340	197	537	<nil>
220	242	316	558	<nil>
220	258	279	537	<nil>
220	241	301	542	<nil>
220	272	265	537	<nil>
220	227	306	533	<nil>
220	248	298	546	<nil>
220	234	309	543	<nil>
220	278	279	557	<nil>
220	230	315	545	<nil>
220	280	281	561	<nil>
220	216	312	528	<nil>
220	264	296	560	<nil>
220	231	284	515	<nil>
220	249	298	547	<nil>
220	241	324	565	<nil>
220	233	324	557	<nil>
220	269	284	553	<nil>
220	243	317	560	<nil>
220	144	324	468	<nil>
220	271	281	552	<nil>
220	243	317	560	<nil>
220	206	281	487	<nil>
220	391	170	561	<nil>
220	386	174	560	<nil>
220	281	281	562	<nil>
220	379	176	555	<nil>
220	386	175	561	<nil>
220	272	281	553	<nil>
220	304	263	567	<nil>
220	321	233	554	<nil>
220	251	303	554	<nil>
220	275	285	560	<nil>
220	386	175	561	<nil>
220	305	263	568	<nil>
220	268	286	554	<nil>
220	272	283	555	<nil>
220	378	187	565	<nil>
220	260	241	501	<nil>
220	396	184	580	<nil>
220	351	211	562	<nil>
220	208	301	509	<nil>
220	384	190	574	<nil>
220	311	201	512	<nil>
220	298	278	576	<nil>
220	385	192	577	<nil>
220	379	199	578	<nil>
220	384	201	585	<nil>
220	340	252	592	<nil>
220	378	201	579	<nil>
220	271	308	579	<nil>
220	281	312	593	<nil>
220	278	297	575	<nil>
220	228	308	536	<nil>
220	229	309	538	<nil>
220	230	308	538	<nil>
220	227	309	536	<nil>
220	227	309	536	<nil>
220	227	309	536	<nil>
220	116	421	537	<nil>
220	229	309	538	<nil>
220	116	422	538	<nil>
220	233	308	541	<nil>
220	116	419	535	<nil>
220	116	426	542	<nil>
220	217	291	508	<nil>
220	219	290	509	<nil>
220	194	313	507	<nil>
220	242	259	501	<nil>
220	205	314	519	<nil>
220	228	315	543	<nil>
220	215	292	507	<nil>
220	206	291	497	<nil>
220	236	264	500	<nil>
220	218	289	507	<nil>
220	274	243	517	<nil>
220	238	262	500	<nil>
220	267	241	508	<nil>
220	237	262	499	<nil>
220	253	265	518	<nil>
220	218	289	507	<nil>
220	275	243	518	<nil>
220	311	217	528	<nil>
220	297	215	512	<nil>
220	296	215	511	<nil>
220	260	207	467	<nil>
220	252	216	468	<nil>
220	251	216	467	<nil>
220	253	215	468	<nil>
220	297	216	513	<nil>
220	257	201	458	<nil>
220	313	202	515	<nil>
220	287	201	488	<nil>
220	313	203	516	<nil>
220	314	201	515	<nil>
220	256	203	459	<nil>
220	291	199	490	<nil>
220	261	199	460	<nil>
220	279	194	473	<nil>
220	297	196	493	<nil>
220	298	195	493	<nil>
220	256	207	463	<nil>
220	312	209	521	<nil>
220	321	201	522	<nil>
220	312	210	522	<nil>
220	259	208	467	<nil>
220	292	207	499	<nil>
220	279	201	480	<nil>
220	295	204	499	<nil>
220	280	185	465	<nil>
220	348	184	532	<nil>
220	347	185	532	<nil>
220	339	197	536	<nil>
220	326	51	377	<nil>
220	404	167	571	<nil>
220	317	59	376	<nil>
220	320	58	378	<nil>
220	287	89	376	<nil>
220	288	89	377	<nil>
220	318	58	376	<nil>
220	318	59	377	<nil>
220	363	209	572	<nil>
220	251	152	403	<nil>
220	318	59	377	<nil>
220	363	209	572	<nil>
220	269	52	321	<nil>
220	304	98	402	<nil>
220	239	160	399	<nil>
220	264	243	507	<nil>
220	407	244	651	<nil>
220	266	310	576	<nil>
220	336	305	641	<nil>
220	347	305	652	<nil>
220	367	304	671	<nil>
220	318	358	676	<nil>
220	255	272	527	<nil>
220	296	352	648	<nil>
220	363	326	689	<nil>
220	339	336	675	<nil>
220	287	361	648	<nil>
220	347	328	675	<nil>
220	323	353	676	<nil>
220	251	272	523	<nil>
220	201	327	528	<nil>
220	253	271	524	<nil>
220	313	337	650	<nil>
220	254	272	526	<nil>
220	364	328	692	<nil>
220	202	327	529	<nil>
220	347	328	675	<nil>
220	368	328	696	<nil>
220	247	281	528	<nil>
220	348	637	985	<nil>
220	347	641	988	<nil>
220	347	641	988	<nil>
220	277	560	837	<nil>
220	348	640	988	<nil>
220	348	640	988	<nil>
220	242	584	826	<nil>
220	249	585	834	<nil>
220	242	592	834	<nil>
220	251	593	844	<nil>
220	348	647	995	<nil>
220	347	648	995	<nil>
220	348	658	1006	<nil>
220	347	666	1013	<nil>
220	326	508	834	<nil>
220	289	546	835	<nil>
220	289	547	836	<nil>
220	317	518	835	<nil>
220	318	518	836	<nil>
220	317	517	834	<nil>
220	289	547	836	<nil>
220	318	517	835	<nil>
220	318	517	835	<nil>
220	317	534	851	<nil>
220	310	555	865	<nil>
220	263	614	877	<nil>
220	289	547	836	<nil>
220	318	533	851	<nil>
220	318	533	851	<nil>
220	317	534	851	<nil>
220	246	529	775	<nil>
220	317	534	851	<nil>
220	318	534	852	<nil>
220	318	534	852	<nil>
220	317	534	851	<nil>
220	318	534	852	<nil>
220	318	534	852	<nil>
220	318	534	852	<nil>
220	308	571	879	<nil>
220	282	527	809	<nil>
220	267	529	796	<nil>
220	234	528	762	<nil>
220	245	528	773	<nil>
220	267	530	797	<nil>
220	268	529	797	<nil>
220	234	528	762	<nil>
220	218	520	738	<nil>
220	245	528	773	<nil>
220	202	509	711	<nil>
220	233	528	761	<nil>
220	257	530	787	<nil>
220	245	528	773	<nil>
220	213	509	722	<nil>
220	212	513	725	<nil>
220	246	528	774	<nil>
220	223	501	724	<nil>
220	215	522	737	<nil>
220	216	509	725	<nil>
220	293	0	293	rpc error: code = Unavailable desc = transport is closing
220	293	0	293	rpc error: code = Unavailable desc = transport is closing
220	245	529	774	<nil>
220	198	500	698	<nil>
220	247	529	776	<nil>
220	246	530	776	<nil>
220	270	529	799	<nil>
220	277	527	804	<nil>
220	318	534	852	<nil>
220	198	496	694	<nil>
220	268	528	796	<nil>
220	269	529	798	<nil>
220	219	0	219	rpc error: code = Unavailable desc = transport is closing
220	270	0	270	rpc error: code = Unavailable desc = transport is closing
220	251	0	251	rpc error: code = Unavailable desc = transport is closing
220	204	0	204	rpc error: code = Unavailable desc = transport is closing
220	219	0	219	rpc error: code = Unavailable desc = transport is closing
220	187	0	187	rpc error: code = Unavailable desc = transport is closing
220	272	478	750	<nil>
220	214	612	826	<nil>
220	644	184	828	<nil>
220	651	178	829	<nil>
220	525	178	703	<nil>
220	650	178	828	<nil>
220	595	178	773	<nil>
220	651	179	830	<nil>
220	598	174	772	<nil>
220	655	175	830	<nil>
220	660	171	831	<nil>
220	660	171	831	<nil>
220	661	185	846	<nil>
220	548	175	723	<nil>
220	672	176	848	<nil>
220	198	650	848	<nil>
220	555	171	726	<nil>
220	679	171	850	<nil>
220	551	171	722	<nil>
220	200	662	862	<nil>
220	632	171	803	<nil>
220	556	182	738	<nil>
220	213	664	877	<nil>
220	677	182	859	<nil>
220	671	189	860	<nil>
220	674	204	878	<nil>
220	632	200	832	<nil>
220	689	200	889	<nil>
220	723	167	890	<nil>
220	622	200	822	<nil>
220	199	690	889	<nil>
220	198	691	889	<nil>
220	672	210	882	<nil>
220	554	210	764	<nil>
220	665	167	832	<nil>
220	198	691	889	<nil>
220	678	211	889	<nil>
220	197	691	888	<nil>
220	638	195	833	<nil>
220	678	212	890	<nil>
220	678	213	891	<nil>
220	703	188	891	<nil>
220	702	192	894	<nil>
220	645	201	846	<nil>
220	556	224	780	<nil>
220	713	186	899	<nil>
220	580	200	780	<nil>
220	645	209	854	<nil>
220	689	200	889	<nil>
220	646	135	781	<nil>
220	702	201	903	<nil>
220	198	693	891	<nil>
220	672	219	891	<nil>
220	198	693	891	<nil>
220	607	170	777	<nil>
220	619	0	619	rpc error: code = Unavailable desc = transport is closing
220	644	0	644	rpc error: code = Unavailable desc = transport is closing
220	634	0	634	rpc error: code = Unavailable desc = transport is closing
220	628	0	628	rpc error: code = Unavailable desc = transport is closing
220	644	0	644	rpc error: code = Unavailable desc = transport is closing
220	629	0	629	rpc error: code = Unavailable desc = transport is closing
220	637	0	637	rpc error: code = Unavailable desc = transport is closing
220	638	0	638	rpc error: code = Unavailable desc = transport is closing
220	648	0	648	rpc error: code = Unavailable desc = transport is closing
220	650	0	650	rpc error: code = Unavailable desc = transport is closing
220	628	0	628	rpc error: code = Unavailable desc = transport is closing
220	642	0	642	rpc error: code = Unavailable desc = transport is closing
220	664	0	664	rpc error: code = Unavailable desc = transport is closing
220	638	0	638	rpc error: code = Unavailable desc = transport is closing
220	650	0	650	rpc error: code = Unavailable desc = transport is closing
220	590	0	590	rpc error: code = Unavailable desc = transport is closing
220	645	0	645	rpc error: code = Unavailable desc = transport is closing
220	642	0	642	rpc error: code = Unavailable desc = transport is closing
220	652	0	652	rpc error: code = Unavailable desc = transport is closing
220	686	0	686	rpc error: code = Unavailable desc = transport is closing
220	627	0	627	rpc error: code = Unavailable desc = transport is closing
220	662	0	662	rpc error: code = Unavailable desc = transport is closing
220	650	0	650	rpc error: code = Unavailable desc = transport is closing
220	653	0	653	rpc error: code = Unavailable desc = transport is closing
220	646	0	646	rpc error: code = Unavailable desc = transport is closing
220	640	0	640	rpc error: code = Unavailable desc = transport is closing
220	650	0	650	rpc error: code = Unavailable desc = transport is closing
220	669	0	669	rpc error: code = Unavailable desc = transport is closing
220	648	0	648	rpc error: code = Unavailable desc = transport is closing
220	672	0	672	rpc error: code = Unavailable desc = transport is closing
220	677	0	677	rpc error: code = Unavailable desc = transport is closing
220	591	0	591	rpc error: code = Unavailable desc = transport is closing
220	653	0	653	rpc error: code = Unavailable desc = transport is closing
220	647	0	647	rpc error: code = Unavailable desc = transport is closing
220	663	0	663	rpc error: code = Unavailable desc = transport is closing
220	655	0	655	rpc error: code = Unavailable desc = transport is closing
220	669	0	669	rpc error: code = Unavailable desc = transport is closing
220	645	0	645	rpc error: code = Unavailable desc = transport is closing
220	670	0	670	rpc error: code = Unavailable desc = transport is closing
220	644	239	883	<nil>
220	529	241	770	<nil>
220	660	241	901	<nil>
220	673	241	914	<nil>
220	658	241	899	<nil>
220	649	248	897	<nil>
220	689	233	922	<nil>
220	526	234	760	<nil>
220	547	233	780	<nil>
220	650	248	898	<nil>
220	547	243	790	<nil>
220	501	251	752	<nil>
220	548	242	790	<nil>
220	546	244	790	<nil>
220	555	242	797	<nil>
220	560	254	814	<nil>
220	546	244	790	<nil>
220	547	244	791	<nil>
220	537	254	791	<nil>
220	548	243	791	<nil>
220	537	254	791	<nil>
220	546	243	789	<nil>
220	559	231	790	<nil>
220	208	232	440	<nil>
220	560	232	792	<nil>
220	208	241	449	<nil>
220	559	233	792	<nil>
220	212	240	452	<nil>
220	205	240	445	<nil>
220	208	241	449	<nil>
220	212	241	453	<nil>
220	236	217	453	<nil>
220	208	234	442	<nil>
220	234	263	497	<nil>
220	238	264	502	<nil>
220	237	264	501	<nil>
220	228	264	492	<nil>
220	236	268	504	<nil>
220	229	275	504	<nil>
220	242	269	511	<nil>
220	227	276	503	<nil>
220	278	227	505	<nil>
220	281	226	507	<nil>
220	737	224	961	<nil>
220	281	226	507	<nil>
220	281	226	507	<nil>
220	250	230	480	<nil>
220	276	232	508	<nil>
220	226	278	504	<nil>
220	255	230	485	<nil>
220	232	228	460	<nil>
220	736	227	963	<nil>
220	256	233	489	<nil>
220	286	226	512	<nil>
220	257	231	488	<nil>
220	280	229	509	<nil>
220	228	233	461	<nil>
220	693	270	963	<nil>
220	230	236	466	<nil>
220	237	272	509	<nil>
220	242	241	483	<nil>
220	281	238	519	<nil>
220	224	248	472	<nil>
220	236	249	485	<nil>
220	227	245	472	<nil>
220	229	281	510	<nil>
220	287	237	524	<nil>
220	234	237	471	<nil>
220	287	237	524	<nil>
220	228	244	472	<nil>
220	234	238	472	<nil>
220	248	237	485	<nil>
220	744	235	979	<nil>
220	293	228	521	<nil>
220	227	282	509	<nil>
220	281	240	521	<nil>
220	228	281	509	<nil>
220	234	279	513	<nil>
220	229	305	534	<nil>
220	220	305	525	<nil>
220	240	308	548	<nil>
220	231	308	539	<nil>
220	260	291	551	<nil>
220	221	308	529	<nil>
220	234	302	536	<nil>
220	217	302	519	<nil>
220	234	301	535	<nil>
220	226	309	535	<nil>
220	220	316	536	<nil>
220	230	371	601	<nil>
220	224	379	603	<nil>
220	227	374	601	<nil>
220	237	366	603	<nil>
220	221	380	601	<nil>
220	269	344	613	<nil>
220	235	367	602	<nil>
220	222	378	600	<nil>
220	248	356	604	<nil>
220	254	351	605	<nil>
220	250	349	599	<nil>
220	259	349	608	<nil>
220	264	354	618	<nil>
220	266	354	620	<nil>
220	234	373	607	<nil>
220	255	353	608	<nil>
220	240	350	590	<nil>
220	236	373	609	<nil>
220	270	353	623	<nil>
220	224	367	591	<nil>
220	226	375	601	<nil>
220	236	372	608	<nil>
220	247	365	612	<nil>
220	244	368	612	<nil>
220	267	353	620	<nil>
220	246	382	628	<nil>
220	245	383	628	<nil>
220	240	370	610	<nil>
220	166	359	525	<nil>
220	170	345	515	<nil>
220	244	251	495	<nil>
220	245	250	495	<nil>
220	237	382	619	<nil>
220	245	383	628	<nil>
220	245	383	628	<nil>
220	249	358	607	<nil>
220	243	377	620	<nil>
220	257	355	612	<nil>
220	244	249	493	<nil>
220	171	356	527	<nil>
220	170	345	515	<nil>
220	181	360	541	<nil>
220	244	252	496	<nil>
220	247	249	496	<nil>
220	248	250	498	<nil>
220	257	240	497	<nil>
220	256	243	499	<nil>
220	252	235	487	<nil>
220	262	214	476	<nil>
220	285	220	505	<nil>
220	269	236	505	<nil>
220	252	237	489	<nil>
220	298	184	482	<nil>
220	294	198	492	<nil>
220	257	184	441	<nil>
220	272	186	458	<nil>
220	315	110	425	<nil>
220	270	175	445	<nil>
220	259	208	467	<nil>
220	284	199	483	<nil>
220	272	180	452	<nil>
220	293	189	482	<nil>
220	281	170	451	<nil>
220	258	181	439	<nil>
220	296	170	466	<nil>
220	284	185	469	<nil>
220	282	173	455	<nil>
220	296	185	481	<nil>
220	332	49	381	<nil>
220	282	176	458	<nil>
220	273	170	443	<nil>
220	305	152	457	<nil>
220	261	206	467	<nil>
220	288	169	457	<nil>
220	273	171	444	<nil>
220	273	171	444	<nil>
220	282	177	459	<nil>
220	288	172	460	<nil>
220	275	207	482	<nil>
220	293	40	333	<nil>
220	315	49	364	<nil>
220	332	49	381	<nil>
220	334	51	385	<nil>
220	268	201	469	<nil>
220	294	43	337	<nil>
220	332	50	382	<nil>
220	243	35	278	<nil>
220	197	14	211	<nil>
220	325	119	444	<nil>
220	320	129	449	<nil>
220	334	67	401	<nil>
220	317	134	451	<nil>
220	292	124	416	<nil>
220	208	4	212	<nil>
220	199	4	203	<nil>
220	142	9	151	<nil>
220	320	143	463	<nil>
220	251	17	268	<nil>
220	248	21	269	<nil>
220	330	77	407	<nil>
220	334	77	411	<nil>
220	347	93	440	<nil>
220	143	5	148	<nil>
220	131	12	143	<nil>
220	127	11	138	<nil>
220	115	17	132	<nil>
220	124	15	139	<nil>
220	253	65	318	<nil>
220	156	6	162	<nil>
220	337	82	419	<nil>
220	197	33	230	<nil>
220	251	62	313	<nil>
220	157	5	162	<nil>
220	116	18	134	<nil>
220	249	51	300	<nil>
220	151	6	157	<nil>
220	253	67	320	<nil>
220	292	73	365	<nil>
220	248	53	301	<nil>
220	240	66	306	<nil>
220	248	53	301	<nil>
220	236	54	290	<nil>
220	244	67	311	<nil>
220	248	55	303	<nil>
220	298	75	373	<nil>
220	234	55	289	<nil>
220	197	44	241	<nil>
220	194	45	239	<nil>
220	252	71	323	<nil>
220	192	46	238	<nil>
220	293	49	342	<nil>
220	301	132	433	<nil>
220	145	9	154	<nil>
220	366	85	451	<nil>
220	293	70	363	<nil>
220	258	29	287	<nil>
220	149	9	158	<nil>
220	332	118	450	<nil>
220	295	49	344	<nil>
220	308	135	443	<nil>
220	204	8	212	<nil>
220	337	139	476	<nil>
220	247	60	307	<nil>
220	233	51	284	<nil>
220	122	14	136	<nil>
220	191	39	230	<nil>
220	196	8	204	<nil>
220	197	40	237	<nil>
220	234	63	297	<nil>
220	198	40	238	<nil>
220	131	17	148	<nil>
220	314	128	442	<nil>
220	240	58	298	<nil>
220	149	11	160	<nil>
220	331	50	381	<nil>
220	296	74	370	<nil>
220	331	50	381	<nil>
220	295	41	336	<nil>
220	301	49	350	<nil>
220	195	27	222	<nil>
220	245	60	305	<nil>
220	133	4	137	<nil>
220	194	41	235	<nil>
220	186	41	227	<nil>
220	298	74	372	<nil>
220	331	77	408	<nil>
220	162	7	169	<nil>
220	246	48	294	<nil>
220	157	5	162	<nil>
220	186	42	228	<nil>
220	145	14	159	<nil>
220	142	42	184	<nil>
220	157	6	163	<nil>
220	293	71	364	<nil>
220	329	82	411	<nil>
220	180	42	222	<nil>
220	233	41	274	<nil>
220	293	131	424	<nil>
220	200	6	206	<nil>
220	194	41	235	<nil>
220	248	58	306	<nil>
220	331	84	415	<nil>
220	293	74	367	<nil>
220	333	82	415	<nil>
220	245	66	311	<nil>
220	251	69	320	<nil>
220	297	76	373	<nil>
220	293	75	368	<nil>
220	295	67	362	<nil>
220	183	30	213	<nil>
220	250	47	297	<nil>
220	332	79	411	<nil>
220	212	12	224	<nil>
220	113	9	122	<nil>
220	322	139	461	<nil>
220	323	141	464	<nil>
220	200	9	209	<nil>
220	117	7	124	<nil>
220	315	143	458	<nil>
220	184	39	223	<nil>
220	247	54	301	<nil>
220	248	54	302	<nil>
220	143	3	146	<nil>
220	197	41	238	<nil>
220	190	40	230	<nil>
220	248	59	307	<nil>
220	109	20	129	<nil>
220	183	1	184	<nil>
220	242	49	291	<nil>
220	290	1	291	<nil>
220	293	70	363	<nil>
220	317	143	460	<nil>
220	331	85	416	<nil>
220	256	69	325	<nil>
220	122	32	154	<nil>
220	211	7	218	<nil>
220	196	42	238	<nil>
220	182	33	215	<nil>
220	128	5	133	<nil>
220	299	39	338	<nil>
220	329	208	537	<nil>
220	265	282	547	<nil>
220	268	280	548	<nil>
220	166	300	466	<nil>
220	211	256	467	<nil>
220	481	23	504	<nil>
220	528	17	545	<nil>
220	530	15	545	<nil>
220	449	16	465	<nil>
220	450	29	479	<nil>
220	339	212	551	<nil>
220	272	275	547	<nil>
220	333	217	550	<nil>
220	530	17	547	<nil>
220	266	282	548	<nil>
220	250	305	555	<nil>
220	534	16	550	<nil>
220	536	24	560	<nil>
220	343	211	554	<nil>
220	443	24	467	<nil>
220	445	22	467	<nil>
220	522	23	545	<nil>
220	529	18	547	<nil>
220	523	21	544	<nil>
220	532	21	553	<nil>
220	260	280	540	<nil>
220	446	21	467	<nil>
220	205	264	469	<nil>
220	443	23	466	<nil>
220	447	21	468	<nil>
220	445	23	468	<nil>
220	444	25	469	<nil>
220	445	24	469	<nil>
220	443	24	467	<nil>
220	450	23	473	<nil>
220	446	24	470	<nil>
220	445	23	468	<nil>
220	450	22	472	<nil>
220	240	228	468	<nil>
220	530	22	552	<nil>
220	276	275	551	<nil>
220	456	23	479	<nil>
220	443	17	460	<nil>
220	446	38	484	<nil>
220	472	14	486	<nil>
220	527	28	555	<nil>
220	481	11	492	<nil>
220	479	12	491	<nil>
220	443	16	459	<nil>
220	553	14	567	<nil>
220	476	15	491	<nil>
220	473	22	495	<nil>
220	476	20	496	<nil>
220	452	34	486	<nil>
220	557	18	575	<nil>
220	480	15	495	<nil>
220	448	33	481	<nil>
220	458	25	483	<nil>
220	452	28	480	<nil>
220	531	32	563	<nil>
220	450	29	479	<nil>
220	473	18	491	<nil>
220	478	12	490	<nil>
220	477	14	491	<nil>
220	472	19	491	<nil>
220	477	14	491	<nil>
220	454	27	481	<nil>
220	447	33	480	<nil>
220	453	28	481	<nil>
220	485	12	497	<nil>
220	478	8	486	<nil>
220	483	9	492	<nil>
220	528	32	560	<nil>
220	456	23	479	<nil>
220	451	29	480	<nil>
220	460	25	485	<nil>
220	447	34	481	<nil>
220	471	10	481	<nil>
220	454	25	479	<nil>
220	483	16	499	<nil>
220	448	34	482	<nil>
220	479	20	499	<nil>
220	540	33	573	<nil>
220	450	32	482	<nil>
220	462	34	496	<nil>
220	486	7	493	<nil>
220	469	25	494	<nil>
220	466	28	494	<nil>
220	481	16	497	<nil>
220	476	19	495	<nil>
220	525	34	559	<nil>
220	451	30	481	<nil>
220	476	10	486	<nil>
220	449	30	479	<nil>
220	482	9	491	<nil>
220	551	19	570	<nil>
220	451	30	481	<nil>
220	488	12	500	<nil>
220	469	31	500	<nil>
220	495	6	501	<nil>
220	475	27	502	<nil>
220	447	32	479	<nil>
220	471	29	500	<nil>
220	489	8	497	<nil>
220	474	27	501	<nil>
220	483	22	505	<nil>
220	477	23	500	<nil>
220	485	107	592	<nil>
220	486	106	592	<nil>
220	486	128	614	<nil>
220	475	242	717	<nil>
220	495	224	719	<nil>
220	563	236	799	<nil>
220	566	238	804	<nil>
220	481	253	734	<nil>
220	481	253	734	<nil>
220	479	257	736	<nil>
220	477	256	733	<nil>
220	478	258	736	<nil>
220	485	250	735	<nil>
220	480	255	735	<nil>
220	483	261	744	<nil>
220	480	257	737	<nil>
220	481	255	736	<nil>
220	484	252	736	<nil>
220	555	255	810	<nil>
220	485	252	737	<nil>
220	486	253	739	<nil>
220	554	255	809	<nil>
220	509	257	766	<nil>
220	479	263	742	<nil>
220	551	264	815	<nil>
220	480	263	743	<nil>
220	477	265	742	<nil>
220	491	250	741	<nil>
220	512	264	776	<nil>
220	482	260	742	<nil>
220	481	263	744	<nil>
220	523	257	780	<nil>
220	480	256	736	<nil>
220	482	258	740	<nil>
220	482	254	736	<nil>
220	804	25	829	<nil>
220	159	138	297	<nil>
220	809	19	828	<nil>
220	511	272	783	<nil>
220	763	33	796	<nil>
220	746	27	773	<nil>
220	549	266	815	<nil>
220	492	260	752	<nil>
220	798	36	834	<nil>
220	804	32	836	<nil>
220	233	49	282	<nil>
220	566	271	837	<nil>
220	30	256	286	<nil>
220	732	30	762	<nil>
220	732	34	766	<nil>
220	153	138	291	<nil>
220	529	246	775	<nil>
220	745	32	777	<nil>
220	801	31	832	<nil>
220	744	30	774	<nil>
220	804	32	836	<nil>
220	502	272	774	<nil>
220	735	33	768	<nil>
220	560	246	806	<nil>
220	733	35	768	<nil>
220	775	31	806	<nil>
220	778	34	812	<nil>
220	811	18	829	<nil>
220	762	19	781	<nil>
220	801	15	816	<nil>
220	728	40	768	<nil>
220	820	19	839	<nil>
220	482	267	749	<nil>
220	803	18	821	<nil>
220	36	264	300	<nil>
220	497	273	770	<nil>
220	794	15	809	<nil>
220	756	16	772	<nil>
220	568	249	817	<nil>
220	36	258	294	<nil>
220	534	249	783	<nil>
220	732	28	760	<nil>
220	726	41	767	<nil>
220	526	270	796	<nil>
220	128	175	303	<nil>
220	495	280	775	<nil>
220	560	248	808	<nil>
220	735	39	774	<nil>
220	780	26	806	<nil>
220	784	20	804	<nil>
220	767	25	792	<nil>
220	780	25	805	<nil>
220	761	24	785	<nil>
220	756	26	782	<nil>
220	779	21	800	<nil>
220	791	25	816	<nil>
220	795	26	821	<nil>
220	822	21	843	<nil>
220	786	14	800	<nil>
220	504	273	777	<nil>
220	505	263	768	<nil>
220	735	38	773	<nil>
220	756	26	782	<nil>
220	134	181	315	<nil>
220	761	27	788	<nil>
220	804	39	843	<nil>
220	755	27	782	<nil>
220	734	50	784	<nil>
220	823	20	843	<nil>
220	738	51	789	<nil>
220	762	31	793	<nil>
220	792	32	824	<nil>
220	843	188	1031	<nil>
220	795	191	986	<nil>
220	764	214	978	<nil>
220	825	220	1045	<nil>
220	790	224	1014	<nil>
220	781	206	987	<nil>
220	815	233	1048	<nil>
220	757	243	1000	<nil>
220	821	244	1065	<nil>
220	278	222	500	<nil>
220	760	251	1011	<nil>
220	245	238	483	<nil>
220	295	215	510	<nil>
220	284	224	508	<nil>
220	274	224	498	<nil>
220	279	220	499	<nil>
220	263	239	502	<nil>
220	275	223	498	<nil>
220	273	215	488	<nil>
220	275	223	498	<nil>
220	275	222	497	<nil>
220	208	68	276	<nil>
220	272	225	497	<nil>
220	287	215	502	<nil>
220	268	230	498	<nil>
220	272	225	497	<nil>
220	273	224	497	<nil>
220	274	224	498	<nil>
220	270	226	496	<nil>
220	272	223	495	<nil>
220	283	215	498	<nil>
220	277	230	507	<nil>
220	280	216	496	<nil>
220	282	214	496	<nil>
220	284	215	499	<nil>
220	286	216	502	<nil>
220	266	234	500	<nil>
220	268	230	498	<nil>
220	273	223	496	<nil>
220	756	248	1004	<nil>
220	811	249	1060	<nil>
220	281	214	495	<nil>
220	273	227	500	<nil>
220	286	212	498	<nil>
220	274	222	496	<nil>
220	272	232	504	<nil>
220	265	230	495	<nil>
220	275	225	500	<nil>
220	283	219	502	<nil>
220	266	226	492	<nil>
220	280	226	506	<nil>
220	274	232	506	<nil>
220	269	229	498	<nil>
220	261	237	498	<nil>
220	273	228	501	<nil>
220	273	227	500	<nil>
220	263	236	499	<nil>
220	391	39	430	<nil>
220	756	251	1007	<nil>
220	267	231	498	<nil>
220	287	214	501	<nil>
220	273	225	498	<nil>
220	280	219	499	<nil>
220	280	218	498	<nil>
220	790	253	1043	<nil>
220	281	217	498	<nil>
220	263	240	503	<nil>
220	262	236	498	<nil>
220	274	233	507	<nil>
220	274	229	503	<nil>
220	283	221	504	<nil>
220	151	128	279	<nil>
220	283	224	507	<nil>
220	284	211	495	<nil>
220	265	233	498	<nil>
220	70	221	291	<nil>
220	246	16	262	<nil>
220	170	102	272	<nil>
220	241	16	257	<nil>
220	236	16	252	<nil>
220	247	17	264	<nil>
220	200	68	268	<nil>
220	191	82	273	<nil>
220	227	16	243	<nil>
220	191	82	273	<nil>
220	288	216	504	<nil>
220	232	17	249	<nil>
220	274	230	504	<nil>
220	246	17	263	<nil>
220	170	102	272	<nil>
220	284	214	498	<nil>
220	70	204	274	<nil>
220	263	232	495	<nil>
220	272	225	497	<nil>
220	293	218	511	<nil>
220	255	237	492	<nil>
220	522	238	760	<nil>
220	520	239	759	<nil>
220	280	239	519	<nil>
220	281	238	519	<nil>
220	254	240	494	<nil>
220	522	237	759	<nil>
220	317	238	555	<nil>
220	282	239	521	<nil>
220	387	239	626	<nil>
220	522	256	778	<nil>
220	245	262	507	<nil>
220	251	263	514	<nil>
220	532	269	801	<nil>
220	523	270	793	<nil>
220	524	269	793	<nil>
220	528	273	801	<nil>
220	247	274	521	<nil>
220	256	270	526	<nil>
220	283	275	558	<nil>
220	523	271	794	<nil>
220	524	286	810	<nil>
220	259	289	548	<nil>
220	251	289	540	<nil>
220	526	289	815	<nil>
220	260	303	563	<nil>
220	285	318	603	<nil>
220	274	298	572	<nil>
220	277	299	576	<nil>
220	311	266	577	<nil>
220	287	316	603	<nil>
220	252	318	570	<nil>
220	524	318	842	<nil>
220	275	302	577	<nil>
220	563	312	875	<nil>
220	540	303	843	<nil>
220	543	300	843	<nil>
220	536	318	854	<nil>
220	260	319	579	<nil>
220	285	319	604	<nil>
220	536	319	855	<nil>
220	517	326	843	<nil>
220	251	317	568	<nil>
220	527	326	853	<nil>
220	607	258	865	<nil>
220	302	278	580	<nil>
220	244	336	580	<nil>
220	585	287	872	<nil>
220	279	313	592	<nil>
220	258	341	599	<nil>
220	542	324	866	<nil>
220	277	315	592	<nil>
220	286	342	628	<nil>
220	248	348	596	<nil>
220	553	301	854	<nil>
220	278	316	594	<nil>
220	274	328	602	<nil>
220	302	326	628	<nil>
220	286	316	602	<nil>
220	550	317	867	<nil>
220	331	272	603	<nil>
220	567	37	604	<nil>
220	441	342	783	<nil>
220	523	348	871	<nil>
220	259	347	606	<nil>
220	245	349	594	<nil>
220	277	327	604	<nil>
220	276	327	603	<nil>
220	357	269	626	<nil>
220	300	296	596	<nil>
220	300	293	593	<nil>
220	310	292	602	<nil>
220	257	347	604	<nil>
220	216	303	519	<nil>
220	552	319	871	<nil>
220	307	297	604	<nil>
220	616	265	881	<nil>
220	606	276	882	<nil>
220	248	355	603	<nil>
220	457	343	800	<nil>
220	586	296	882	<nil>
220	303	325	628	<nil>
220	298	299	597	<nil>
220	571	35	606	<nil>
220	597	271	868	<nil>
220	304	327	631	<nil>
220	274	329	603	<nil>
220	373	256	629	<nil>
220	285	346	631	<nil>
220	277	327	604	<nil>
220	270	333	603	<nil>
220	258	352	610	<nil>
220	264	337	601	<nil>
220	268	337	605	<nil>
220	275	329	604	<nil>
220	301	300	601	<nil>
220	268	337	605	<nil>
220	255	358	613	<nil>
220	255	356	611	<nil>
220	277	318	595	<nil>
220	258	345	603	<nil>
220	247	355	602	<nil>
220	257	337	594	<nil>
220	303	305	608	<nil>
220	278	327	605	<nil>
220	248	353	601	<nil>
220	275	338	613	<nil>
220	261	363	624	<nil>
220	551	321	872	<nil>
220	570	36	606	<nil>
220	257	354	611	<nil>
220	570	37	607	<nil>
220	570	36	606	<nil>
220	589	325	914	<nil>
220	335	339	674	<nil>
220	172	298	470	<nil>
220	258	432	690	<nil>
220	393	230	623	<nil>
220	456	344	800	<nil>
220	383	259	642	<nil>
220	377	291	668	<nil>
220	381	612	993	<nil>
220	399	301	700	<nil>
220	243	427	670	<nil>
220	247	634	881	<nil>
220	574	306	880	<nil>
220	345	308	653	<nil>
220	269	611	880	<nil>
220	373	309	682	<nil>
220	276	611	887	<nil>
220	399	302	701	<nil>
220	310	606	916	<nil>
220	275	615	890	<nil>
220	549	606	1155	<nil>
220	264	405	669	<nil>
220	312	348	660	<nil>
220	408	354	762	<nil>
220	352	370	722	<nil>
220	348	364	712	<nil>
220	356	376	732	<nil>
220	278	370	648	<nil>
220	362	370	732	<nil>
220	152	343	495	<nil>
220	277	380	657	<nil>
220	151	344	495	<nil>
220	316	344	660	<nil>
220	355	344	699	<nil>
220	602	141	743	<nil>
220	354	369	723	<nil>
220	544	143	687	<nil>
220	392	347	739	<nil>
220	151	345	496	<nil>
220	306	345	651	<nil>
220	280	373	653	<nil>
220	151	345	496	<nil>
220	282	372	654	<nil>
220	161	336	497	<nil>
220	361	370	731	<nil>
220	325	374	699	<nil>
220	309	348	657	<nil>
220	356	376	732	<nil>
220	160	335	495	<nil>
220	131	323	454	<nil>
220	313	347	660	<nil>
220	546	200	746	<nil>
220	601	145	746	<nil>
220	130	326	456	<nil>
220	579	166	745	<nil>
220	147	326	473	<nil>
220	570	142	712	<nil>
220	602	143	745	<nil>
220	168	339	507	<nil>
220	147	327	474	<nil>
220	528	144	672	<nil>
220	262	192	454	<nil>
220	570	144	714	<nil>
220	299	368	667	<nil>
220	254	192	446	<nil>
220	530	144	674	<nil>
220	601	142	743	<nil>
220	537	181	718	<nil>
220	158	326	484	<nil>
220	564	181	745	<nil>
220	161	343	504	<nil>
220	601	140	741	<nil>
220	603	144	747	<nil>
220	181	323	504	<nil>
220	546	201	747	<nil>
220	601	141	742	<nil>
220	577	165	742	<nil>
220	257	184	441	<nil>
220	159	363	522	<nil>
220	147	324	471	<nil>
220	539	130	669	<nil>
220	148	323	471	<nil>
220	262	197	459	<nil>
220	420	323	743	<nil>
220	554	189	743	<nil>
220	159	335	494	<nil>
220	548	137	685	<nil>
220	150	334	484	<nil>
220	438	336	774	<nil>
220	312	372	684	<nil>
220	388	374	762	<nil>
220	387	346	733	<nil>
220	554	135	689	<nil>
220	277	400	677	<nil>
220	555	136	691	<nil>
220	601	140	741	<nil>
220	135	359	494	<nil>
220	133	346	479	<nil>
220	571	144	715	<nil>
220	548	138	686	<nil>
220	119	328	447	<nil>
220	357	377	734	<nil>
220	559	145	704	<nil>
220	602	145	747	<nil>
220	561	145	706	<nil>
220	322	400	722	<nil>
220	549	153	702	<nil>
220	557	249	806	<nil>
220	599	330	929	<nil>
220	653	333	986	<nil>
220	383	269	652	<nil>
220	583	331	914	<nil>
220	619	340	959	<nil>
220	653	337	990	<nil>
220	568	342	910	<nil>
220	677	309	986	<nil>
220	567	345	912	<nil>
220	396	266	662	<nil>
220	631	308	939	<nil>
220	380	266	646	<nil>
220	679	308	987	<nil>
220	375	265	640	<nil>
220	649	308	957	<nil>
220	615	298	913	<nil>
220	601	309	910	<nil>
220	579	331	910	<nil>
220	656	333	989	<nil>
220	587	318	905	<nil>
220	621	337	958	<nil>
220	573	345	918	<nil>
220	566	346	912	<nil>
220	605	308	913	<nil>
220	575	336	911	<nil>
220	618	299	917	<nil>
220	656	335	991	<nil>
220	574	334	908	<nil>
220	608	295	903	<nil>
220	389	261	650	<nil>
220	391	262	653	<nil>
220	390	318	708	<nil>
220	450	323	773	<nil>
220	439	337	776	<nil>
220	427	338	765	<nil>
220	437	337	774	<nil>
220	440	335	775	<nil>
220	423	345	768	<nil>
220	437	347	784	<nil>
220	473	264	737	<nil>
220	426	350	776	<nil>
220	435	352	787	<nil>
220	426	348	774	<nil>
220	359	349	708	<nil>
220	453	332	785	<nil>
220	427	348	775	<nil>
220	378	347	725	<nil>
220	394	343	737	<nil>
220	398	348	746	<nil>
220	438	347	785	<nil>
220	397	349	746	<nil>
220	439	349	788	<nil>
220	436	350	786	<nil>
220	460	351	811	<nil>
220	444	332	776	<nil>
220	427	347	774	<nil>
220	423	352	775	<nil>
220	438	348	786	<nil>
220	437	359	796	<nil>
220	433	352	785	<nil>
220	384	358	742	<nil>
220	253	351	604	<nil>
220	300	276	576	<nil>
220	437	349	786	<nil>
220	518	269	787	<nil>
220	560	181	741	<nil>
220	655	216	871	<nil>
220	352	216	568	<nil>
220	459	277	736	<nil>
220	482	258	740	<nil>
220	466	275	741	<nil>
220	380	357	737	<nil>
220	381	357	738	<nil>
220	384	357	741	<nil>
220	455	332	787	<nil>
220	394	342	736	<nil>
220	464	275	739	<nil>
220	390	360	750	<nil>
220	438	359	797	<nil>
220	393	342	735	<nil>
220	462	274	736	<nil>
220	479	260	739	<nil>
220	393	343	736	<nil>
220	377	363	740	<nil>
220	426	359	785	<nil>
220	400	344	744	<nil>
220	463	359	822	<nil>
220	402	343	745	<nil>
220	394	346	740	<nil>
220	395	346	741	<nil>
220	443	344	787	<nil>
220	391	360	751	<nil>
220	426	361	787	<nil>
220	408	344	752	<nil>
220	460	362	822	<nil>
220	466	279	745	<nil>
220	462	278	740	<nil>
220	391	359	750	<nil>
220	440	347	787	<nil>
220	441	346	787	<nil>
220	377	365	742	<nil>
220	464	285	749	<nil>
220	303	284	587	<nil>
220	462	284	746	<nil>
220	426	361	787	<nil>
220	351	218	569	<nil>
220	424	362	786	<nil>
220	382	369	751	<nil>
220	384	368	752	<nil>
220	402	351	753	<nil>
220	423	362	785	<nil>
220	382	366	748	<nil>
220	461	287	748	<nil>
220	399	352	751	<nil>
220	451	359	810	<nil>
220	429	349	778	<nil>
220	335	181	516	<nil>
220	363	187	550	<nil>
220	525	236	761	<nil>
220	353	182	535	<nil>
220	351	171	522	<nil>
220	352	223	575	<nil>
220	350	223	573	<nil>
220	364	220	584	<nil>
220	348	225	573	<nil>
220	377	196	573	<nil>
220	458	276	734	<nil>
220	461	276	737	<nil>
220	217	352	569	<nil>
220	288	274	562	<nil>
220	364	166	530	<nil>
220	369	164	533	<nil>
220	369	164	533	<nil>
220	343	327	670	<nil>
220	346	325	671	<nil>
220	329	300	629	<nil>
220	364	246	610	<nil>
220	344	326	670	<nil>
220	345	366	711	<nil>
220	287	370	657	<nil>
220	373	229	602	<nil>
220	286	370	656	<nil>
220	373	267	640	<nil>
220	338	267	605	<nil>
220	375	265	640	<nil>
220	371	269	640	<nil>
220	353	298	651	<nil>
220	355	299	654	<nil>
220	351	300	651	<nil>
220	356	296	652	<nil>
220	369	299	668	<nil>
220	355	302	657	<nil>
220	353	299	652	<nil>
220	352	301	653	<nil>
220	351	300	651	<nil>
220	352	303	655	<nil>
220	367	291	658	<nil>
220	353	304	657	<nil>
220	371	288	659	<nil>
220	383	345	728	<nil>
220	385	345	730	<nil>
220	413	315	728	<nil>
220	382	346	728	<nil>
220	415	315	730	<nil>
220	426	305	731	<nil>
220	386	349	735	<nil>
220	385	350	735	<nil>
220	400	332	732	<nil>
220	434	298	732	<nil>
220	382	350	732	<nil>
220	415	320	735	<nil>
220	415	320	735	<nil>
220	433	300	733	<nil>
220	380	516	896	<nil>
220	382	519	901	<nil>
220	383	519	902	<nil>
220	431	472	903	<nil>
220	412	490	902	<nil>
220	444	460	904	<nil>
220	414	490	904	<nil>
220	385	520	905	<nil>
220	428	474	902	<nil>
220	430	472	902	<nil>
220	381	522	903	<nil>
220	385	521	906	<nil>
220	381	523	904	<nil>
220	424	476	900	<nil>
220	437	470	907	<nil>
220	379	526	905	<nil>
220	356	467	823	<nil>
220	453	466	919	<nil>
220	445	476	921	<nil>
220	450	467	917	<nil>
220	451	466	917	<nil>
220	445	475	920	<nil>
220	445	475	920	<nil>
220	442	475	917	<nil>
220	444	476	920	<nil>
220	444	476	920	<nil>
220	383	534	917	<nil>
220	462	459	921	<nil>
220	430	484	914	<nil>
220	452	468	920	<nil>
220	432	517	949	<nil>
220	431	518	949	<nil>
220	445	527	972	<nil>
220	447	513	960	<nil>
220	452	510	962	<nil>
220	444	543	987	<nil>
220	443	556	999	<nil>
220	444	557	1001	<nil>
220	453	548	1001	<nil>
220	443	561	1004	<nil>
220	452	549	1001	<nil>
220	441	558	999	<nil>
220	262	527	789	<nil>
220	245	545	790	<nil>
220	269	519	788	<nil>
220	269	516	785	<nil>
220	281	548	829	<nil>
220	245	543	788	<nil>
220	263	523	786	<nil>
220	452	554	1006	<nil>
220	451	552	1003	<nil>
220	340	448	788	<nil>
220	246	544	790	<nil>
220	376	413	789	<nil>
220	367	424	791	<nil>
220	353	413	766	<nil>
220	248	523	771	<nil>
220	266	523	789	<nil>
220	269	520	789	<nil>
220	257	534	791	<nil>
220	376	413	789	<nil>
220	266	523	789	<nil>
220	267	523	790	<nil>
220	270	521	791	<nil>
220	267	524	791	<nil>
220	248	550	798	<nil>
220	260	534	794	<nil>
220	377	413	790	<nil>
220	375	413	788	<nil>
220	332	459	791	<nil>
220	337	452	789	<nil>
220	266	523	789	<nil>
220	308	481	789	<nil>
220	445	558	1003	<nil>
220	376	414	790	<nil>
220	261	530	791	<nil>
220	257	533	790	<nil>
220	447	554	1001	<nil>
220	170	549	719	<nil>
220	304	488	792	<nil>
220	381	445	826	<nil>
220	386	443	829	<nil>
220	396	415	811	<nil>
220	377	444	821	<nil>
220	402	419	821	<nil>
220	394	421	815	<nil>
220	393	420	813	<nil>
220	377	420	797	<nil>
220	537	0	537	rpc error: code = Unavailable desc = transport is closing
220	536	281	817	<nil>
220	535	281	816	<nil>
220	477	278	755	<nil>
220	528	278	806	<nil>
220	527	281	808	<nil>
220	537	283	820	<nil>
220	527	306	833	<nil>
220	537	297	834	<nil>
220	550	297	847	<nil>
220	544	319	863	<nil>
220	524	344	868	<nil>
220	540	341	881	<nil>
220	536	332	868	<nil>
220	532	336	868	<nil>
220	499	307	806	<nil>
220	502	309	811	<nil>
220	501	309	810	<nil>
220	503	313	816	<nil>
220	602	279	881	<nil>
220	592	287	879	<nil>
220	563	300	863	<nil>
220	500	309	809	<nil>
220	501	308	809	<nil>
220	502	308	810	<nil>
220	530	0	530	rpc error: code = Unavailable desc = transport is closing
220	501	314	815	<nil>
220	532	0	532	rpc error: code = Unavailable desc = transport is closing
220	531	0	531	rpc error: code = Unavailable desc = transport is closing
220	544	280	824	<nil>
220	544	281	825	<nil>
220	532	0	532	rpc error: code = Unavailable desc = transport is closing
220	531	0	531	rpc error: code = Unavailable desc = transport is closing
220	545	281	826	<nil>
220	626	277	903	<nil>
220	545	280	825	<nil>
220	551	280	831	<nil>
220	546	281	827	<nil>
220	546	280	826	<nil>
220	545	280	825	<nil>
220	515	265	780	<nil>
220	530	297	827	<nil>
220	545	281	826	<nil>
220	562	277	839	<nil>
220	564	278	842	<nil>
220	544	281	825	<nil>
220	529	296	825	<nil>
220	543	283	826	<nil>
220	568	277	845	<nil>
220	562	276	838	<nil>
220	618	224	842	<nil>
220	549	275	824	<nil>
220	556	275	831	<nil>
220	560	276	836	<nil>
220	561	277	838	<nil>
220	626	277	903	<nil>
220	623	276	899	<nil>
220	640	207	847	<nil>
220	635	213	848	<nil>
220	493	205	698	<nil>
220	554	276	830	<nil>
220	545	281	826	<nil>
220	531	288	819	<nil>
220	561	278	839	<nil>
220	564	277	841	<nil>
220	545	281	826	<nil>
220	563	278	841	<nil>
220	629	278	907	<nil>
220	510	0	510	rpc error: code = Unavailable desc = transport is closing
220	620	223	843	<nil>
220	617	223	840	<nil>
220	619	223	842	<nil>
220	618	223	841	<nil>
220	610	232	842	<nil>
220	684	224	908	<nil>
220	634	208	842	<nil>
220	508	141	649	<nil>
220	528	288	816	<nil>
220	519	203	722	<nil>
220	448	135	583	<nil>
220	453	131	584	<nil>
220	646	201	847	<nil>
220	634	214	848	<nil>
220	640	208	848	<nil>
220	639	207	846	<nil>
220	476	192	668	<nil>
220	531	205	736	<nil>
220	640	207	847	<nil>
220	639	209	848	<nil>
220	493	177	670	<nil>
220	529	205	734	<nil>
220	628	276	904	<nil>
220	488	206	694	<nil>
220	506	191	697	<nil>
220	497	177	674	<nil>
220	489	209	698	<nil>
220	642	206	848	<nil>
220	520	177	697	<nil>
220	527	268	795	<nil>
220	495	203	698	<nil>
220	638	212	850	<nil>
220	673	179	852	<nil>
220	490	152	642	<nil>
220	494	152	646	<nil>
220	507	277	784	<nil>
220	506	144	650	<nil>
220	501	152	653	<nil>
220	461	145	606	<nil>
220	508	148	656	<nil>
220	461	148	609	<nil>
220	448	136	584	<nil>
220	561	277	838	<nil>
220	455	131	586	<nil>
220	640	208	848	<nil>
220	368	55	423	<nil>
220	359	44	403	<nil>
220	636	263	899	<nil>
220	278	54	332	<nil>
220	279	54	333	<nil>
220	346	100	446	<nil>
220	339	74	413	<nil>
220	308	139	447	<nil>
220	509	188	697	<nil>
220	415	169	584	<nil>
220	270	63	333	<nil>
220	507	191	698	<nil>
220	634	273	907	<nil>
220	532	236	768	<nil>
220	336	79	415	<nil>
220	454	132	586	<nil>
220	451	133	584	<nil>
220	508	191	699	<nil>
220	339	77	416	<nil>
220	415	171	586	<nil>
220	290	72	362	<nil>
220	340	78	418	<nil>
220	352	78	430	<nil>
220	339	78	417	<nil>
220	283	59	342	<nil>
220	508	195	703	<nil>
220	309	74	383	<nil>
220	417	173	590	<nil>
220	338	79	417	<nil>
220	340	78	418	<nil>
220	344	108	452	<nil>
220	361	56	417	<nil>
220	309	145	454	<nil>
220	415	175	590	<nil>
220	280	59	339	<nil>
220	499	204	703	<nil>
220	347	106	453	<nil>
220	301	71	372	<nil>
220	349	104	453	<nil>
220	336	106	442	<nil>
220	349	104	453	<nil>
220	338	82	420	<nil>
220	417	174	591	<nil>
220	415	176	591	<nil>
220	362	81	443	<nil>
220	361	82	443	<nil>
220	339	82	421	<nil>
220	450	175	625	<nil>
220	338	83	421	<nil>
220	331	125	456	<nil>
220	313	73	386	<nil>
220	284	66	350	<nil>
220	285	71	356	<nil>
220	283	67	350	<nil>
220	279	60	339	<nil>
220	279	60	339	<nil>
220	283	67	350	<nil>
220	272	67	339	<nil>
220	278	61	339	<nil>
220	282	66	348	<nil>
220	266	60	326	<nil>
220	278	59	337	<nil>
220	280	59	339	<nil>
220	349	104	453	<nil>
220	268	59	327	<nil>
220	266	60	326	<nil>
220	281	59	340	<nil>
220	279	59	338	<nil>
220	279	59	338	<nil>
220	215	57	272	<nil>
220	283	73	356	<nil>
220	217	57	274	<nil>
220	336	83	419	<nil>
220	279	43	322	<nil>
220	270	60	330	<nil>
220	299	73	372	<nil>
220	415	172	587	<nil>
220	300	72	372	<nil>
220	309	146	455	<nil>
220	349	105	454	<nil>
220	336	107	443	<nil>
220	215	297	512	<nil>
220	335	95	430	<nil>
220	268	320	588	<nil>
220	155	239	394	<nil>
220	269	241	510	<nil>
220	215	239	454	<nil>
220	282	238	520	<nil>
220	337	247	584	<nil>
220	99	245	344	<nil>
220	278	60	338	<nil>
220	270	308	578	<nil>
220	216	295	511	<nil>
220	167	242	409	<nil>
220	216	294	510	<nil>
220	166	243	409	<nil>
220	71	276	347	<nil>
220	140	250	390	<nil>
220	167	249	416	<nil>
220	166	243	409	<nil>
220	216	294	510	<nil>
220	120	245	365	<nil>
220	215	297	512	<nil>
220	140	249	389	<nil>
220	280	297	577	<nil>
220	85	276	361	<nil>
220	167	242	409	<nil>
220	179	243	422	<nil>
220	81	266	347	<nil>
220	170	249	419	<nil>
220	338	266	604	<nil>
220	268	241	509	<nil>
220	185	450	635	<nil>
220	216	375	591	<nil>
220	198	376	574	<nil>
220	169	410	579	<nil>
220	401	1306	1707	<nil>
220	404	1305	1709	<nil>
220	404	1306	1710	<nil>
220	414	1306	1720	<nil>
220	420	1296	1716	<nil>
220	421	1296	1717	<nil>
220	467	0	467	rpc error: code = Unavailable desc = transport is closing
220	525	0	525	rpc error: code = Unavailable desc = transport is closing
220	535	0	535	rpc error: code = Unavailable desc = transport is closing
220	513	0	513	rpc error: code = Unavailable desc = transport is closing
220	523	0	523	rpc error: code = Unavailable desc = transport is closing
220	558	0	558	rpc error: code = Unavailable desc = transport is closing
220	580	0	580	rpc error: code = Unavailable desc = transport is closing
220	585	0	585	rpc error: code = Unavailable desc = transport is closing
220	590	0	590	rpc error: code = Unavailable desc = transport is closing
220	601	0	601	rpc error: code = Unavailable desc = transport is closing
220	601	0	601	rpc error: code = Unavailable desc = transport is closing
220	1608	0	1608	rpc error: code = Unavailable desc = transport is closing
220	1626	0	1626	rpc error: code = Unavailable desc = transport is closing
220	1604	0	1604	rpc error: code = Unavailable desc = transport is closing
220	1540	0	1540	rpc error: code = Unavailable desc = transport is closing
220	1593	0	1593	rpc error: code = Unavailable desc = transport is closing
220	1605	0	1605	rpc error: code = Unavailable desc = transport is closing
220	1607	0	1607	rpc error: code = Unavailable desc = transport is closing
220	1540	0	1540	rpc error: code = Unavailable desc = transport is closing
220	1602	0	1602	rpc error: code = Unavailable desc = transport is closing
220	1594	0	1594	rpc error: code = Unavailable desc = transport is closing
220	1541	0	1541	rpc error: code = Unavailable desc = transport is closing
220	1629	0	1629	rpc error: code = Unavailable desc = transport is closing
220	1550	0	1550	rpc error: code = Unavailable desc = transport is closing
220	1608	0	1608	rpc error: code = Unavailable desc = transport is closing
220	1575	0	1575	rpc error: code = Unavailable desc = transport is closing
220	1538	0	1538	rpc error: code = Unavailable desc = transport is closing
220	1604	0	1604	rpc error: code = Unavailable desc = transport is closing
220	1552	0	1552	rpc error: code = Unavailable desc = transport is closing
220	1606	0	1606	rpc error: code = Unavailable desc = transport is closing
220	1606	0	1606	rpc error: code = Unavailable desc = transport is closing
220	1472	0	1472	rpc error: code = Unavailable desc = transport is closing
220	1617	0	1617	rpc error: code = Unavailable desc = transport is closing
220	1542	0	1542	rpc error: code = Unavailable desc = transport is closing
220	1538	0	1538	rpc error: code = Unavailable desc = transport is closing
220	1613	0	1613	rpc error: code = Unavailable desc = transport is closing
220	1538	0	1538	rpc error: code = Unavailable desc = transport is closing
220	1611	0	1611	rpc error: code = Unavailable desc = transport is closing
220	1621	0	1621	rpc error: code = Unavailable desc = transport is closing
220	1549	0	1549	rpc error: code = Unavailable desc = transport is closing
220	1553	0	1553	rpc error: code = Unavailable desc = transport is closing
220	1608	0	1608	rpc error: code = Unavailable desc = transport is closing
220	1551	0	1551	rpc error: code = Unavailable desc = transport is closing
220	1551	0	1551	rpc error: code = Unavailable desc = transport is closing
220	1622	0	1622	rpc error: code = Unavailable desc = transport is closing
220	1607	0	1607	rpc error: code = Unavailable desc = transport is closing
220	1554	0	1554	rpc error: code = Unavailable desc = transport is closing
220	1537	0	1537	rpc error: code = Unavailable desc = transport is closing
220	1610	0	1610	rpc error: code = Unavailable desc = transport is closing
220	1603	0	1603	rpc error: code = Unavailable desc = transport is closing
220	1610	0	1610	rpc error: code = Unavailable desc = transport is closing
220	1621	0	1621	rpc error: code = Unavailable desc = transport is closing
220	1549	0	1549	rpc error: code = Unavailable desc = transport is closing
220	1552	0	1552	rpc error: code = Unavailable desc = transport is closing
220	1601	0	1601	rpc error: code = Unavailable desc = transport is closing
220	1541	0	1541	rpc error: code = Unavailable desc = transport is closing
220	1621	0	1621	rpc error: code = Unavailable desc = transport is closing
220	1608	0	1608	rpc error: code = Unavailable desc = transport is closing
220	1610	0	1610	rpc error: code = Unavailable desc = transport is closing
220	1634	0	1634	rpc error: code = Unavailable desc = transport is closing
220	1609	0	1609	rpc error: code = Unavailable desc = transport is closing
220	1553	0	1553	rpc error: code = Unavailable desc = transport is closing
220	1630	0	1630	rpc error: code = Unavailable desc = transport is closing
220	1634	0	1634	rpc error: code = Unavailable desc = transport is closing
220	1551	0	1551	rpc error: code = Unavailable desc = transport is closing
220	1594	0	1594	rpc error: code = Unavailable desc = transport is closing
220	1609	0	1609	rpc error: code = Unavailable desc = transport is closing
220	1552	0	1552	rpc error: code = Unavailable desc = transport is closing
220	1599	0	1599	rpc error: code = Unavailable desc = transport is closing
220	1589	0	1589	rpc error: code = Unavailable desc = transport is closing
220	1564	0	1564	rpc error: code = Unavailable desc = transport is closing
220	189	69	258	<nil>
220	188	70	258	<nil>
220	189	70	259	<nil>
220	189	70	259	<nil>
220	189	69	258	<nil>
220	78	13	91	<nil>
220	72	2	74	<nil>
220	82	10	92	<nil>
220	69	2	71	<nil>
220	72	2	74	<nil>
220	73	2	75	<nil>
220	84	8	92	<nil>
220	74	9	83	<nil>
220	73	9	82	<nil>
220	73	9	82	<nil>
220	61	9	70	<nil>
220	74	9	83	<nil>
220	74	9	83	<nil>
220	74	9	83	<nil>
220	74	9	83	<nil>
220	73	9	82	<nil>
220	77	23	100	<nil>
220	77	23	100	<nil>
220	77	23	100	<nil>
220	76	24	100	<nil>
220	77	23	100	<nil>
220	86	24	110	<nil>
220	77	25	102	<nil>
220	77	23	100	<nil>
220	84	24	108	<nil>
220	77	24	101	<nil>
220	84	24	108	<nil>
220	76	25	101	<nil>
220	76	23	99	<nil>
220	86	26	112	<nil>
220	84	23	107	<nil>
220	76	26	102	<nil>
220	76	25	101	<nil>
220	77	25	102	<nil>
220	84	25	109	<nil>
220	36	4	40	<nil>
220	78	24	102	<nil>
220	78	29	107	<nil>
220	85	27	112	<nil>
220	36	5	41	<nil>
220	88	19	107	<nil>
220	77	27	104	<nil>
220	78	27	105	<nil>
220	78	27	105	<nil>
220	77	29	106	<nil>
220	77	29	106	<nil>
220	40	5	45	<nil>
220	75	32	107	<nil>
220	78	32	110	<nil>
220	84	24	108	<nil>
220	36	9	45	<nil>
220	28	10	38	<nil>
220	31	6	37	<nil>
220	60	34	94	<nil>
220	63	35	98	<nil>
220	63	34	97	<nil>
220	73	25	98	<nil>
220	62	35	97	<nil>
220	73	25	98	<nil>
220	59	38	97	<nil>
220	62	35	97	<nil>
220	62	35	97	<nil>
220	61	38	99	<nil>
220	87	13	100	<nil>
220	73	27	100	<nil>
220	70	5	75	<nil>
220	73	28	101	<nil>
220	93	7	100	<nil>
220	75	28	103	<nil>
220	69	7	76	<nil>
220	67	5	72	<nil>
220	69	8	77	<nil>
220	71	33	104	<nil>
220	73	35	108	<nil>
220	65	43	108	<nil>
220	98	13	111	<nil>
220	72	43	115	<nil>
220	72	45	117	<nil>
220	99	13	112	<nil>
220	71	43	114	<nil>
220	92	21	113	<nil>
220	101	10	111	<nil>
220	89	21	110	<nil>
220	89	21	110	<nil>
220	92	20	112	<nil>
220	91	19	110	<nil>
220	93	19	112	<nil>
220	70	46	116	<nil>
220	98	14	112	<nil>
220	98	14	112	<nil>
220	95	22	117	<nil>
220	66	32	98	<nil>
220	95	23	118	<nil>
220	90	22	112	<nil>
220	89	14	103	<nil>
220	99	13	112	<nil>
220	75	22	97	<nil>
220	90	24	114	<nil>
220	80	44	124	<nil>
220	87	0	87	rpc error: code = Unavailable desc = transport is closing
220	69	50	119	<nil>
220	74	39	113	<nil>
220	79	0	79	rpc error: code = Unavailable desc = transport is closing
220	82	0	82	rpc error: code = Unavailable desc = transport is closing
220	86	0	86	rpc error: code = Unavailable desc = transport is closing
220	95	34	129	<nil>
220	79	0	79	rpc error: code = Unavailable desc = transport is closing
220	44	20	64	<nil>
220	88	41	129	<nil>
220	87	0	87	rpc error: code = Unavailable desc = transport is closing
220	45	20	65	<nil>
220	65	48	113	<nil>
220	78	0	78	rpc error: code = Unavailable desc = transport is closing
220	44	20	64	<nil>
220	82	0	82	rpc error: code = Unavailable desc = transport is closing
220	42	21	63	<nil>
220	73	33	106	<nil>
220	72	0	72	rpc error: code = Unavailable desc = transport is closing
220	51	36	87	<nil>
220	75	0	75	rpc error: code = Unavailable desc = transport is closing
220	45	65	110	<nil>
220	74	0	74	rpc error: code = Unavailable desc = transport is closing
220	72	0	72	rpc error: code = Unavailable desc = transport is closing
220	73	0	73	rpc error: code = Unavailable desc = transport is closing
220	74	0	74	rpc error: code = Unavailable desc = transport is closing
220	60	82	142	<nil>
220	51	86	137	<nil>
220	56	83	139	<nil>
220	64	79	143	<nil>
220	61	89	150	<nil>
220	55	82	137	<nil>
220	56	83	139	<nil>
220	58	93	151	<nil>
220	75	0	75	rpc error: code = Unavailable desc = transport is closing
220	77	0	77	rpc error: code = Unavailable desc = transport is closing
220	86	0	86	rpc error: code = Unavailable desc = transport is closing
220	86	0	86	rpc error: code = Unavailable desc = transport is closing
220	56	109	165	<nil>
220	78	0	78	rpc error: code = Unavailable desc = transport is closing
220	88	0	88	rpc error: code = Unavailable desc = transport is closing
220	78	0	78	rpc error: code = Unavailable desc = transport is closing
220	78	0	78	rpc error: code = Unavailable desc = transport is closing
220	86	0	86	rpc error: code = Unavailable desc = transport is closing
220	55	112	167	<nil>
220	56	112	168	<nil>
220	77	0	77	rpc error: code = Unavailable desc = transport is closing
220	78	50	128	<nil>
220	31	108	139	<nil>
220	35	103	138	<nil>
220	63	103	166	<nil>
220	47	110	157	<nil>
220	98	81	179	<nil>
220	1543	0	1543	rpc error: code = Unavailable desc = transport is closing
220	1593	0	1593	rpc error: code = Unavailable desc = transport is closing
220	1556	0	1556	rpc error: code = Unavailable desc = transport is closing
220	1555	0	1555	rpc error: code = Unavailable desc = transport is closing
220	1549	0	1549	rpc error: code = Unavailable desc = transport is closing
220	110	71	181	<nil>
220	1567	0	1567	rpc error: code = Unavailable desc = transport is closing
220	1554	0	1554	rpc error: code = Unavailable desc = transport is closing
220	188	0	188	rpc error: code = Unavailable desc = transport is closing
220	1554	0	1554	rpc error: code = Unavailable desc = transport is closing
220	107	74	181	<nil>
220	1637	0	1637	rpc error: code = Unavailable desc = transport is closing
220	1465	0	1465	rpc error: code = Unavailable desc = transport is closing
220	1559	0	1559	rpc error: code = Unavailable desc = transport is closing
220	1610	0	1610	rpc error: code = Unavailable desc = transport is closing
220	1595	0	1595	rpc error: code = Unavailable desc = transport is closing
220	1553	0	1553	rpc error: code = Unavailable desc = transport is closing
220	1464	0	1464	rpc error: code = Unavailable desc = transport is closing
220	1598	0	1598	rpc error: code = Unavailable desc = transport is closing
220	110	60	170	<nil>
220	1389	0	1389	rpc error: code = Unavailable desc = transport is closing
220	124	73	197	<nil>
220	124	73	197	<nil>
220	1240	0	1240	rpc error: code = Unavailable desc = transport is closing
220	123	74	197	<nil>
220	127	74	201	<nil>
220	126	72	198	<nil>
220	126	72	198	<nil>
220	126	72	198	<nil>
220	127	72	199	<nil>
220	126	73	199	<nil>
220	1239	0	1239	rpc error: code = Unavailable desc = transport is closing
220	127	72	199	<nil>
220	126	73	199	<nil>
220	107	73	180	<nil>
220	1239	0	1239	rpc error: code = Unavailable desc = transport is closing
220	1230	0	1230	rpc error: code = Unavailable desc = transport is closing
220	130	60	190	<nil>
220	124	61	185	<nil>
220	130	61	191	<nil>
220	111	76	187	<nil>
220	159	43	202	<nil>
220	136	67	203	<nil>
220	143	47	190	<nil>
220	125	60	185	<nil>
220	117	96	213	<nil>
220	117	96	213	<nil>
220	117	96	213	<nil>
220	137	79	216	<nil>
220	118	96	214	<nil>
220	155	61	216	<nil>
220	117	99	216	<nil>
220	129	90	219	<nil>
220	162	61	223	<nil>
220	114	99	213	<nil>
220	156	63	219	<nil>
220	155	64	219	<nil>
220	156	61	217	<nil>
220	157	63	220	<nil>
220	156	95	251	<nil>
220	156	95	251	<nil>
220	158	93	251	<nil>
220	164	96	260	<nil>
220	105	92	197	<nil>
220	94	98	192	<nil>
220	77	93	170	<nil>
220	87	92	179	<nil>
220	96	92	188	<nil>
220	102	77	179	<nil>
220	75	92	167	<nil>
220	75	92	167	<nil>
220	94	77	171	<nil>
220	130	97	227	<nil>
220	75	95	170	<nil>
220	88	98	186	<nil>
220	82	97	179	<nil>
220	85	95	180	<nil>
220	92	88	180	<nil>
220	93	92	185	<nil>
220	88	94	182	<nil>
220	89	94	183	<nil>
220	75	94	169	<nil>
220	74	95	169	<nil>
220	84	95	179	<nil>
220	88	120	208	<nil>
220	83	120	203	<nil>
220	83	115	198	<nil>
220	77	120	197	<nil>
220	89	120	209	<nil>
220	87	121	208	<nil>
220	85	121	206	<nil>
220	77	121	198	<nil>
220	94	121	215	<nil>
220	93	121	214	<nil>
220	86	127	213	<nil>
220	108	106	214	<nil>
220	105	110	215	<nil>
220	64	95	159	<nil>
220	62	100	162	<nil>
220	68	112	180	<nil>
220	65	130	195	<nil>
220	83	114	197	<nil>
220	63	137	200	<nil>
220	83	119	202	<nil>
220	72	131	203	<nil>
220	65	136	201	<nil>
220	64	136	200	<nil>
220	84	116	200	<nil>
220	83	115	198	<nil>
220	68	138	206	<nil>
220	87	115	202	<nil>
220	90	118	208	<nil>
220	87	118	205	<nil>
220	83	122	205	<nil>
220	90	121	211	<nil>
220	87	123	210	<nil>
220	73	120	193	<nil>
220	76	117	193	<nil>
220	73	119	192	<nil>
220	65	118	183	<nil>
220	87	123	210	<nil>
220	90	123	213	<nil>
220	76	117	193	<nil>
220	67	117	184	<nil>
220	138	27	165	<nil>
220	75	117	192	<nil>
220	98	22	120	<nil>
220	130	32	162	<nil>
220	97	23	120	<nil>
220	95	79	174	<nil>
220	78	107	185	<nil>
220	100	25	125	<nil>
220	84	107	191	<nil>
220	95	90	185	<nil>
220	78	107	185	<nil>
220	84	108	192	<nil>
220	101	20	121	<nil>
220	114	80	194	<nil>
220	92	94	186	<nil>
220	118	68	186	<nil>
220	88	108	196	<nil>
220	128	68	196	<nil>
220	98	93	191	<nil>
220	100	22	122	<nil>
220	112	25	137	<nil>
220	114	25	139	<nil>
220	77	108	185	<nil>
220	111	53	164	<nil>
220	97	24	121	<nil>
220	108	27	135	<nil>
220	111	27	138	<nil>
220	75	121	196	<nil>
220	130	33	163	<nil>
220	131	32	163	<nil>
220	136	36	172	<nil>
220	99	24	123	<nil>
220	104	72	176	<nil>
220	98	23	121	<nil>
220	98	23	121	<nil>
220	79	107	186	<nil>
220	118	67	185	<nil>
220	79	108	187	<nil>
220	101	23	124	<nil>
220	74	120	194	<nil>
220	102	22	124	<nil>
220	88	107	195	<nil>
220	92	82	174	<nil>
220	119	52	171	<nil>
220	97	75	172	<nil>
220	99	75	174	<nil>
220	102	22	124	<nil>
220	98	23	121	<nil>
220	92	80	172	<nil>
220	97	76	173	<nil>
220	103	21	124	<nil>
220	104	20	124	<nil>
220	89	20	109	<nil>
220	65	22	87	<nil>
220	105	22	127	<nil>
220	74	13	87	<nil>
220	99	12	111	<nil>
220	100	10	110	<nil>
220	72	12	84	<nil>
220	68	13	81	<nil>
220	65	16	81	<nil>
220	74	13	87	<nil>
220	65	18	83	<nil>
220	74	15	89	<nil>
220	73	14	87	<nil>
220	59	14	73	<nil>
220	50	19	69	<nil>
220	74	16	90	<nil>
220	56	18	74	<nil>
220	57	16	73	<nil>
220	72	12	84	<nil>
220	54	16	70	<nil>
220	58	16	74	<nil>
220	170	606	776	<nil>
220	1261	0	1261	rpc error: code = Unavailable desc = transport is closing
220	1306	0	1306	rpc error: code = Unavailable desc = transport is closing
220	201	613	814	<nil>
220	1464	0	1464	rpc error: code = Unavailable desc = transport is closing
220	770	17	787	<nil>
220	1472	0	1472	rpc error: code = Unavailable desc = transport is closing
220	1465	0	1465	rpc error: code = Unavailable desc = transport is closing
220	1261	0	1261	rpc error: code = Unavailable desc = transport is closing
220	773	19	792	<nil>
220	1301	0	1301	rpc error: code = Unavailable desc = transport is closing
220	772	17	789	<nil>
220	796	19	815	<nil>
220	1300	0	1300	rpc error: code = Unavailable desc = transport is closing
220	1471	0	1471	rpc error: code = Unavailable desc = transport is closing
220	1221	0	1221	rpc error: code = Unavailable desc = transport is closing
220	1261	0	1261	rpc error: code = Unavailable desc = transport is closing
220	1221	0	1221	rpc error: code = Unavailable desc = transport is closing
220	1476	0	1476	rpc error: code = Unavailable desc = transport is closing
220	1472	0	1472	rpc error: code = Unavailable desc = transport is closing
220	1306	0	1306	rpc error: code = Unavailable desc = transport is closing
220	1477	0	1477	rpc error: code = Unavailable desc = transport is closing
220	1464	0	1464	rpc error: code = Unavailable desc = transport is closing
220	1266	0	1266	rpc error: code = Unavailable desc = transport is closing
220	1300	0	1300	rpc error: code = Unavailable desc = transport is closing
220	1228	0	1228	rpc error: code = Unavailable desc = transport is closing
220	1281	0	1281	rpc error: code = Unavailable desc = transport is closing
220	1265	0	1265	rpc error: code = Unavailable desc = transport is closing
220	1263	0	1263	rpc error: code = Unavailable desc = transport is closing
220	1637	0	1637	rpc error: code = Unavailable desc = transport is closing
220	1463	0	1463	rpc error: code = Unavailable desc = transport is closing
220	1643	0	1643	rpc error: code = Unavailable desc = transport is closing
220	1302	0	1302	rpc error: code = Unavailable desc = transport is closing
220	1376	0	1376	rpc error: code = Unavailable desc = transport is closing
220	1463	0	1463	rpc error: code = Unavailable desc = transport is closing
220	1466	0	1466	rpc error: code = Unavailable desc = transport is closing
220	1471	0	1471	rpc error: code = Unavailable desc = transport is closing
220	1464	0	1464	rpc error: code = Unavailable desc = transport is closing
220	1470	0	1470	rpc error: code = Unavailable desc = transport is closing
220	1375	0	1375	rpc error: code = Unavailable desc = transport is closing
220	1632	0	1632	rpc error: code = Unavailable desc = transport is closing
220	1465	0	1465	rpc error: code = Unavailable desc = transport is closing
220	1376	0	1376	rpc error: code = Unavailable desc = transport is closing
220	1271	0	1271	rpc error: code = Unavailable desc = transport is closing
220	1465	0	1465	rpc error: code = Unavailable desc = transport is closing
220	1311	0	1311	rpc error: code = Unavailable desc = transport is closing
220	1466	0	1466	rpc error: code = Unavailable desc = transport is closing
220	1268	0	1268	rpc error: code = Unavailable desc = transport is closing
220	1265	0	1265	rpc error: code = Unavailable desc = transport is closing
220	1228	0	1228	rpc error: code = Unavailable desc = transport is closing
220	1375	0	1375	rpc error: code = Unavailable desc = transport is closing
220	1463	0	1463	rpc error: code = Unavailable desc = transport is closing
220	1267	0	1267	rpc error: code = Unavailable desc = transport is closing
220	1638	0	1638	rpc error: code = Unavailable desc = transport is closing
220	1260	0	1260	rpc error: code = Unavailable desc = transport is closing
220	1376	0	1376	rpc error: code = Unavailable desc = transport is closing
220	1598	0	1598	rpc error: code = Unavailable desc = transport is closing
220	1266	0	1266	rpc error: code = Unavailable desc = transport is closing
220	1543	0	1543	rpc error: code = Unavailable desc = transport is closing
220	1465	0	1465	rpc error: code = Unavailable desc = transport is closing
220	1463	0	1463	rpc error: code = Unavailable desc = transport is closing
220	1479	0	1479	rpc error: code = Unavailable desc = transport is closing
220	205	612	817	<nil>
220	1228	0	1228	rpc error: code = Unavailable desc = transport is closing
220	1543	0	1543	rpc error: code = Unavailable desc = transport is closing
220	1464	0	1464	rpc error: code = Unavailable desc = transport is closing
220	1631	0	1631	rpc error: code = Unavailable desc = transport is closing
220	1464	0	1464	rpc error: code = Unavailable desc = transport is closing
220	170	612	782	<nil>
220	1227	0	1227	rpc error: code = Unavailable desc = transport is closing
220	1272	0	1272	rpc error: code = Unavailable desc = transport is closing
220	1478	0	1478	rpc error: code = Unavailable desc = transport is closing
220	1267	0	1267	rpc error: code = Unavailable desc = transport is closing
220	1264	0	1264	rpc error: code = Unavailable desc = transport is closing
220	1465	0	1465	rpc error: code = Unavailable desc = transport is closing
220	1260	0	1260	rpc error: code = Unavailable desc = transport is closing
220	201	613	814	<nil>
220	1470	0	1470	rpc error: code = Unavailable desc = transport is closing
220	1226	0	1226	rpc error: code = Unavailable desc = transport is closing
220	1261	0	1261	rpc error: code = Unavailable desc = transport is closing
220	1223	0	1223	rpc error: code = Unavailable desc = transport is closing
220	1464	0	1464	rpc error: code = Unavailable desc = transport is closing
220	1469	0	1469	rpc error: code = Unavailable desc = transport is closing
220	1478	0	1478	rpc error: code = Unavailable desc = transport is closing
220	1267	0	1267	rpc error: code = Unavailable desc = transport is closing
220	1221	0	1221	rpc error: code = Unavailable desc = transport is closing
220	1301	0	1301	rpc error: code = Unavailable desc = transport is closing
220	1597	0	1597	rpc error: code = Unavailable desc = transport is closing
220	1599	0	1599	rpc error: code = Unavailable desc = transport is closing
220	1265	0	1265	rpc error: code = Unavailable desc = transport is closing
220	1389	0	1389	rpc error: code = Unavailable desc = transport is closing
220	794	4	798	<nil>
220	1375	0	1375	rpc error: code = Unavailable desc = transport is closing
220	1633	0	1633	rpc error: code = Unavailable desc = transport is closing
220	800	16	816	<nil>
220	1633	0	1633	rpc error: code = Unavailable desc = transport is closing
220	1564	0	1564	rpc error: code = Unavailable desc = transport is closing
220	1543	0	1543	rpc error: code = Unavailable desc = transport is closing
220	1542	0	1542	rpc error: code = Unavailable desc = transport is closing
220	806	17	823	<nil>
220	1466	0	1466	rpc error: code = Unavailable desc = transport is closing
220	802	16	818	<nil>
220	773	16	789	<nil>
220	770	18	788	<nil>
220	1563	0	1563	rpc error: code = Unavailable desc = transport is closing
220	770	17	787	<nil>
220	761	19	780	<nil>
220	1332	0	1332	rpc error: code = Unavailable desc = transport is closing
220	1634	0	1634	rpc error: code = Unavailable desc = transport is closing
220	1303	0	1303	rpc error: code = Unavailable desc = transport is closing
220	772	17	789	<nil>
220	773	18	791	<nil>
220	774	17	791	<nil>
220	1559	0	1559	rpc error: code = Unavailable desc = transport is closing
220	770	18	788	<nil>
220	770	17	787	<nil>
220	771	18	789	<nil>
220	801	19	820	<nil>
220	771	19	790	<nil>
220	773	21	794	<nil>
220	1224	0	1224	rpc error: code = Unavailable desc = transport is closing
220	808	17	825	<nil>
220	776	18	794	<nil>
220	780	17	797	<nil>
220	793	18	811	<nil>
220	777	19	796	<nil>
220	778	18	796	<nil>
220	793	24	817	<nil>
220	776	17	793	<nil>
220	782	18	800	<nil>
220	798	17	815	<nil>
220	780	18	798	<nil>
220	779	18	797	<nil>
220	1261	0	1261	rpc error: code = Unavailable desc = transport is closing
220	779	18	797	<nil>
220	780	17	797	<nil>
220	813	20	833	<nil>
220	778	19	797	<nil>
220	774	24	798	<nil>
220	778	19	797	<nil>
220	773	23	796	<nil>
220	777	25	802	<nil>
220	790	25	815	<nil>
220	780	19	799	<nil>
220	786	18	804	<nil>
220	789	24	813	<nil>
220	811	19	830	<nil>
220	799	19	818	<nil>
220	782	19	801	<nil>
220	1631	0	1631	rpc error: code = Unavailable desc = transport is closing
220	1618	0	1618	rpc error: code = Unavailable desc = transport is closing
220	782	25	807	<nil>
220	799	53	852	<nil>
220	1584	0	1584	rpc error: code = Unavailable desc = transport is closing
220	1638	0	1638	rpc error: code = Unavailable desc = transport is closing
220	1464	0	1464	rpc error: code = Unavailable desc = transport is closing
220	792	61	853	<nil>
220	1464	0	1464	rpc error: code = Unavailable desc = transport is closing
220	1634	0	1634	rpc error: code = Unavailable desc = transport is closing
220	801	146	947	<nil>
220	794	145	939	<nil>
220	794	143	937	<nil>
220	799	147	946	<nil>
220	1572	0	1572	rpc error: code = Unavailable desc = transport is closing
220	1567	0	1567	rpc error: code = Unavailable desc = transport is closing
220	1389	0	1389	rpc error: code = Unavailable desc = transport is closing
220	1630	0	1630	rpc error: code = Unavailable desc = transport is closing
220	1577	0	1577	rpc error: code = Unavailable desc = transport is closing
220	1562	0	1562	rpc error: code = Unavailable desc = transport is closing
220	1561	0	1561	rpc error: code = Unavailable desc = transport is closing
220	827	229	1056	<nil>
220	1556	0	1556	rpc error: code = Unavailable desc = transport is closing
220	1615	0	1615	rpc error: code = Unavailable desc = transport is closing
220	1475	0	1475	rpc error: code = Unavailable desc = transport is closing
220	1561	0	1561	rpc error: code = Unavailable desc = transport is closing
220	1572	0	1572	rpc error: code = Unavailable desc = transport is closing
220	1561	0	1561	rpc error: code = Unavailable desc = transport is closing
220	1558	0	1558	rpc error: code = Unavailable desc = transport is closing
220	1584	0	1584	rpc error: code = Unavailable desc = transport is closing
220	1559	0	1559	rpc error: code = Unavailable desc = transport is closing
220	1561	0	1561	rpc error: code = Unavailable desc = transport is closing
220	1604	0	1604	rpc error: code = Unavailable desc = transport is closing
220	1559	0	1559	rpc error: code = Unavailable desc = transport is closing
220	799	232	1031	<nil>
220	793	273	1066	<nil>
220	805	277	1082	<nil>
220	790	278	1068	<nil>
220	161	147	308	<nil>
220	798	284	1082	<nil>
220	800	283	1083	<nil>
220	169	133	302	<nil>
220	250	50	300	<nil>
220	239	65	304	<nil>
220	279	21	300	<nil>
220	267	24	291	<nil>
220	276	21	297	<nil>
220	281	21	302	<nil>
220	242	50	292	<nil>
220	805	278	1083	<nil>
220	279	21	300	<nil>
220	274	30	304	<nil>
220	280	30	310	<nil>
220	270	29	299	<nil>
220	268	28	296	<nil>
220	271	26	297	<nil>
220	276	25	301	<nil>
220	269	28	297	<nil>
220	267	29	296	<nil>
220	272	25	297	<nil>
220	269	29	298	<nil>
220	270	26	296	<nil>
220	271	28	299	<nil>
220	270	29	299	<nil>
220	282	79	361	<nil>
220	282	83	365	<nil>
220	290	80	370	<nil>
220	295	78	373	<nil>
220	1117	84	1201	<nil>
220	1097	79	1176	<nil>
220	278	79	357	<nil>
220	1091	78	1169	<nil>
220	1096	84	1180	<nil>
220	291	83	374	<nil>
220	287	87	374	<nil>
220	1097	112	1209	<nil>
220	1087	113	1200	<nil>
220	1098	114	1212	<nil>
220	1088	128	1216	<nil>
220	297	127	424	<nil>
220	294	125	419	<nil>
220	1102	132	1234	<nil>
220	297	133	430	<nil>
220	313	115	428	<nil>
220	306	121	427	<nil>
220	297	129	426	<nil>
220	1115	118	1233	<nil>
220	1091	131	1222	<nil>
220	1097	136	1233	<nil>
220	295	133	428	<nil>
220	297	134	431	<nil>
220	362	76	438	<nil>
220	1123	112	1235	<nil>
220	1111	117	1228	<nil>
220	1110	120	1230	<nil>
220	1109	114	1223	<nil>
220	306	122	428	<nil>
220	293	135	428	<nil>
220	1135	121	1256	<nil>
220	295	126	421	<nil>
220	365	69	434	<nil>
220	360	69	429	<nil>
220	335	90	425	<nil>
220	1103	132	1235	<nil>
220	295	134	429	<nil>
220	342	92	434	<nil>
220	358	68	426	<nil>
220	362	68	430	<nil>
220	335	92	427	<nil>
220	1145	92	1237	<nil>
220	1145	93	1238	<nil>
220	1147	117	1264	<nil>
220	1138	99	1237	<nil>
220	1121	117	1238	<nil>
220	92	117	209	<nil>
220	1110	117	1227	<nil>
220	317	115	432	<nil>
220	359	68	427	<nil>
220	365	69	434	<nil>
220	294	130	424	<nil>
220	339	91	430	<nil>
220	66	92	158	<nil>
220	1091	134	1225	<nil>
220	297	130	427	<nil>
220	1123	139	1262	<nil>
220	308	117	425	<nil>
220	1141	113	1254	<nil>
220	1118	120	1238	<nil>
220	99	116	215	<nil>
220	1092	133	1225	<nil>
220	370	76	446	<nil>
220	364	74	438	<nil>
220	360	81	441	<nil>
220	1139	99	1238	<nil>
220	96	79	175	<nil>
220	361	79	440	<nil>
220	363	79	442	<nil>
220	369	83	452	<nil>
220	368	83	451	<nil>
220	371	83	454	<nil>
220	366	84	450	<nil>
220	362	69	431	<nil>
220	366	91	457	<nil>
220	377	137	514	<nil>
220	366	147	513	<nil>
220	374	178	552	<nil>
220	375	178	553	<nil>
220	375	180	555	<nil>
220	375	179	554	<nil>
220	373	180	553	<nil>
220	374	181	555	<nil>
220	374	179	553	<nil>
220	375	179	554	<nil>
220	376	203	579	<nil>
220	374	207	581	<nil>
220	376	211	587	<nil>
220	376	212	588	<nil>
220	376	211	587	<nil>
220	378	212	590	<nil>
220	411	178	589	<nil>
220	418	170	588	<nil>
220	420	174	594	<nil>
220	442	161	603	<nil>
220	434	170	604	<nil>
220	375	213	588	<nil>
220	373	215	588	<nil>
220	377	213	590	<nil>
220	374	215	589	<nil>
220	397	195	592	<nil>
220	396	195	591	<nil>
220	411	178	589	<nil>
220	402	193	595	<nil>
220	376	215	591	<nil>
220	410	182	592	<nil>
220	396	191	587	<nil>
220	423	184	607	<nil>
220	430	180	610	<nil>
220	419	184	603	<nil>
220	380	215	595	<nil>
220	376	215	591	<nil>
220	172	154	326	<nil>
220	534	80	614	<nil>
220	466	143	609	<nil>
220	426	182	608	<nil>
220	443	164	607	<nil>
220	524	102	626	<nil>
220	296	180	476	<nil>
220	465	144	609	<nil>
220	466	143	609	<nil>
220	518	96	614	<nil>
220	283	171	454	<nil>
220	160	160	320	<nil>
220	156	175	331	<nil>
220	512	111	623	<nil>
220	449	160	609	<nil>
220	466	159	625	<nil>
220	154	169	323	<nil>
220	306	161	467	<nil>
220	626	18	644	<nil>
220	295	123	418	<nil>
220	509	115	624	<nil>
220	509	116	625	<nil>
220	510	114	624	<nil>
220	510	115	625	<nil>
220	447	160	607	<nil>
220	537	88	625	<nil>
220	518	114	632	<nil>
220	529	99	628	<nil>
220	464	143	607	<nil>
220	461	153	614	<nil>
220	455	152	607	<nil>
220	162	113	275	<nil>
220	207	125	332	<nil>
220	428	182	610	<nil>
220	515	125	640	<nil>
220	514	126	640	<nil>
220	461	179	640	<nil>
220	481	26	507	<nil>
220	237	114	351	<nil>
220	226	114	340	<nil>
220	517	123	640	<nil>
220	216	124	340	<nil>
220	521	114	635	<nil>
220	216	124	340	<nil>
220	586	54	640	<nil>
220	524	107	631	<nil>
220	594	52	646	<nil>
220	587	53	640	<nil>
220	467	28	495	<nil>
220	467	28	495	<nil>
220	296	122	418	<nil>
220	191	39	230	<nil>
220	594	51	645	<nil>
220	302	116	418	<nil>
220	278	128	406	<nil>
220	485	15	500	<nil>
220	109	129	238	<nil>
220	289	129	418	<nil>
220	316	102	418	<nil>
220	312	106	418	<nil>
220	406	41	447	<nil>
220	469	156	625	<nil>
220	594	52	646	<nil>
220	290	128	418	<nil>
220	306	25	331	<nil>
220	306	49	355	<nil>
220	312	19	331	<nil>
220	481	25	506	<nil>
220	201	122	323	<nil>
220	41	32	73	<nil>
220	343	42	385	<nil>
220	586	54	640	<nil>
220	485	33	518	<nil>
220	454	27	481	<nil>
220	626	35	661	<nil>
220	481	35	516	<nil>
220	197	38	235	<nil>
220	592	54	646	<nil>
220	629	28	657	<nil>
220	626	35	661	<nil>
220	621	37	658	<nil>
220	178	34	212	<nil>
220	415	44	459	<nil>
220	306	44	350	<nil>
220	202	35	237	<nil>
220	422	36	458	<nil>
220	202	36	238	<nil>
220	315	41	356	<nil>
220	311	41	352	<nil>
220	402	46	448	<nil>
220	328	45	373	<nil>
220	192	43	235	<nil>
220	311	45	356	<nil>
220	326	46	372	<nil>
220	399	49	448	<nil>
220	255	35	290	<nil>
220	319	94	413	<nil>
220	262	44	306	<nil>
220	589	58	647	<nil>
220	77	41	118	<nil>
220	77	43	120	<nil>
220	54	40	94	<nil>
220	186	45	231	<nil>
220	79	39	118	<nil>
220	76	44	120	<nil>
220	310	51	361	<nil>
220	80	40	120	<nil>
220	211	45	256	<nil>
220	77	42	119	<nil>
220	78	42	120	<nil>
220	395	60	455	<nil>
220	255	45	300	<nil>
220	190	41	231	<nil>
220	39	33	72	<nil>
220	203	45	248	<nil>
220	190	42	232	<nil>
220	79	41	120	<nil>
220	176	45	221	<nil>
220	179	48	227	<nil>
220	183	48	231	<nil>
220	587	53	640	<nil>
220	254	49	303	<nil>
220	417	38	455	<nil>
220	183	47	230	<nil>
220	189	43	232	<nil>
220	34	40	74	<nil>
220	50	40	90	<nil>
220	268	33	301	<nil>
220	267	35	302	<nil>
220	203	30	233	<nil>
220	416	40	456	<nil>
220	49	39	88	<nil>
220	51	39	90	<nil>
220	271	34	305	<nil>
220	344	41	385	<nil>
220	202	30	232	<nil>
220	341	42	383	<nil>
220	345	41	386	<nil>
220	345	41	386	<nil>
220	327	42	369	<nil>
220	593	65	658	<nil>
220	272	35	307	<nil>
220	50	41	91	<nil>
220	222	31	253	<nil>
220	219	43	262	<nil>
220	215	28	243	<nil>
220	215	30	245	<nil>
220	211	32	243	<nil>
220	223	29	252	<nil>
220	173	155	328	<nil>
220	453	234	687	<nil>
220	52	43	95	<nil>
220	259	135	394	<nil>
220	217	156	373	<nil>
220	217	155	372	<nil>
220	217	156	373	<nil>
220	226	175	401	<nil>
220	244	157	401	<nil>
220	221	157	378	<nil>
220	246	157	403	<nil>
220	243	156	399	<nil>
220	217	184	401	<nil>
220	243	158	401	<nil>
220	226	174	400	<nil>
220	242	156	398	<nil>
220	223	159	382	<nil>
220	217	184	401	<nil>
220	159	174	333	<nil>
220	227	174	401	<nil>
220	226	174	400	<nil>
220	216	185	401	<nil>
220	261	185	446	<nil>
220	243	160	403	<nil>
220	217	185	402	<nil>
220	247	156	403	<nil>
220	627	226	853	<nil>
220	243	163	406	<nil>
220	243	157	400	<nil>
220	217	198	415	<nil>
220	246	171	417	<nil>
220	245	167	412	<nil>
220	243	173	416	<nil>
220	230	189	419	<nil>
220	269	798	1067	<nil>
220	244	752	996	<nil>
220	244	752	996	<nil>
220	245	752	997	<nil>
220	373	624	997	<nil>
220	293	625	918	<nil>
220	354	625	979	<nil>
220	352	625	977	<nil>
220	296	625	921	<nil>
220	356	625	981	<nil>
220	245	753	998	<nil>
220	690	613	1303	<nil>
220	245	754	999	<nil>
220	362	626	988	<nil>
220	232	756	988	<nil>
220	248	754	1002	<nil>
220	165	755	920	<nil>
220	206	570	776	<nil>
220	1072	40	1112	<nil>
220	1203	52	1255	<nil>
220	793	41	834	<nil>
220	796	38	834	<nil>
220	831	40	871	<nil>
220	795	39	834	<nil>
220	800	41	841	<nil>
220	793	41	834	<nil>
220	799	42	841	<nil>
220	830	41	871	<nil>
220	795	38	833	<nil>
220	792	41	833	<nil>
220	794	42	836	<nil>
220	809	50	859	<nil>
220	793	41	834	<nil>
220	818	42	860	<nil>
220	796	52	848	<nil>
220	806	46	852	<nil>
220	832	52	884	<nil>
220	811	37	848	<nil>
220	795	51	846	<nil>
220	808	50	858	<nil>
220	811	34	845	<nil>
220	797	51	848	<nil>
220	808	49	857	<nil>
220	849	35	884	<nil>
220	797	51	848	<nil>
220	834	54	888	<nil>
220	802	53	855	<nil>
220	831	51	882	<nil>
220	848	39	887	<nil>
220	803	53	856	<nil>
220	834	52	886	<nil>
220	795	53	848	<nil>
220	837	52	889	<nil>
220	805	54	859	<nil>
220	833	52	885	<nil>
220	831	42	873	<nil>
220	838	54	892	<nil>
220	810	57	867	<nil>
220	819	59	878	<nil>
220	777	57	834	<nil>
220	808	59	867	<nil>
220	777	118	895	<nil>
220	848	99	947	<nil>
220	803	133	936	<nil>
220	830	113	943	<nil>
220	830	115	945	<nil>
220	865	125	990	<nil>
220	842	125	967	<nil>
220	865	126	991	<nil>
220	853	127	980	<nil>
220	866	132	998	<nil>
220	847	130	977	<nil>
220	801	131	932	<nil>
220	829	129	958	<nil>
220	793	132	925	<nil>
220	829	129	958	<nil>
220	830	135	965	<nil>
220	871	79	950	<nil>
220	795	136	931	<nil>
220	662	138	800	<nil>
220	801	133	934	<nil>
220	830	138	968	<nil>
220	831	131	962	<nil>
220	804	146	950	<nil>
220	835	138	973	<nil>
220	796	138	934	<nil>
220	819	131	950	<nil>
220	107	73	180	<nil>
220	114	66	180	<nil>
220	804	127	931	<nil>
220	844	153	997	<nil>
220	114	64	178	<nil>
220	679	122	801	<nil>
220	658	145	803	<nil>
220	116	66	182	<nil>
220	114	65	179	<nil>
220	122	58	180	<nil>
220	683	118	801	<nil>
220	864	154	1018	<nil>
220	806	149	955	<nil>
220	803	133	936	<nil>
220	118	51	169	<nil>
220	100	88	188	<nil>
220	108	79	187	<nil>
220	130	55	185	<nil>
220	908	32	940	<nil>
220	97	89	186	<nil>
220	132	54	186	<nil>
220	112	32	144	<nil>
220	118	52	170	<nil>
220	132	54	186	<nil>
220	104	82	186	<nil>
220	830	143	973	<nil>
220	830	160	990	<nil>
220	115	77	192	<nil>
220	866	160	1026	<nil>
220	829	159	988	<nil>
220	846	229	1075	<nil>
220	834	231	1065	<nil>
220	802	242	1044	<nil>
220	812	251	1063	<nil>
220	825	239	1064	<nil>
220	831	235	1066	<nil>
220	865	242	1107	<nil>
220	665	243	908	<nil>
220	671	237	908	<nil>
220	801	242	1043	<nil>
220	841	231	1072	<nil>
220	664	242	906	<nil>
220	809	242	1051	<nil>
220	825	254	1079	<nil>
220	825	245	1070	<nil>
220	648	231	879	<nil>
220	823	246	1069	<nil>
220	834	243	1077	<nil>
220	638	235	873	<nil>
220	670	240	910	<nil>
220	675	235	910	<nil>
220	667	229	896	<nil>
220	853	28	881	<nil>
220	809	239	1048	<nil>
220	867	30	897	<nil>
220	44	132	176	<nil>
220	1038	33	1071	<nil>
220	674	237	911	<nil>
220	843	242	1085	<nil>
220	705	207	912	<nil>
220	662	250	912	<nil>
220	115	176	291	<nil>
220	122	170	292	<nil>
220	850	72	922	<nil>
220	814	110	924	<nil>
220	849	74	923	<nil>
220	908	16	924	<nil>
220	990	63	1053	<nil>
220	908	16	924	<nil>
220	805	110	915	<nil>
220	831	93	924	<nil>
220	790	133	923	<nil>
220	721	134	855	<nil>
220	770	108	878	<nil>
220	170	93	263	<nil>
220	792	109	901	<nil>
220	801	123	924	<nil>
220	941	114	1055	<nil>
220	843	79	922	<nil>
220	814	111	925	<nil>
220	663	122	785	<nil>
220	863	15	878	<nil>
220	895	29	924	<nil>
220	813	111	924	<nil>
220	824	75	899	<nil>
220	862	18	880	<nil>
220	803	124	927	<nil>
220	1009	44	1053	<nil>
220	933	123	1056	<nil>
220	830	235	1065	<nil>
220	770	111	881	<nil>
220	776	124	900	<nil>
220	850	76	926	<nil>
220	915	15	930	<nil>
220	151	121	272	<nil>
220	830	241	1071	<nil>
220	247	19	266	<nil>
220	150	123	273	<nil>
220	913	27	940	<nil>
220	911	30	941	<nil>
220	912	29	941	<nil>
220	912	33	945	<nil>
220	240	25	265	<nil>
220	794	145	939	<nil>
220	815	129	944	<nil>
220	245	31	276	<nil>
220	608	241	849	<nil>
220	147	27	174	<nil>
220	150	131	281	<nil>
220	232	36	268	<nil>
220	53	134	187	<nil>
220	58	130	188	<nil>
220	131	130	261	<nil>
220	150	130	280	<nil>
220	869	40	909	<nil>
220	873	28	901	<nil>
220	682	229	911	<nil>
220	665	247	912	<nil>
220	765	143	908	<nil>
220	814	140	954	<nil>
220	863	47	910	<nil>
220	884	71	955	<nil>
220	906	50	956	<nil>
220	241	38	279	<nil>
220	915	44	959	<nil>
220	138	152	290	<nil>
220	906	47	953	<nil>
220	234	52	286	<nil>
220	947	27	974	<nil>
220	193	57	250	<nil>
220	141	27	168	<nil>
220	945	28	973	<nil>
220	228	60	288	<nil>
220	248	45	293	<nil>
220	904	50	954	<nil>
220	56	142	198	<nil>
220	233	58	291	<nil>
220	120	65	185	<nil>
220	235	62	297	<nil>
220	948	31	979	<nil>
220	946	31	977	<nil>
220	900	30	930	<nil>
220	913	41	954	<nil>
220	864	44	908	<nil>
220	237	56	293	<nil>
220	99	89	188	<nil>
220	228	59	287	<nil>
220	95	161	256	<nil>
220	81	115	196	<nil>
220	946	27	973	<nil>
220	131	159	290	<nil>
220	233	55	288	<nil>
220	900	27	927	<nil>
220	234	56	290	<nil>
220	945	31	976	<nil>
220	225	80	305	<nil>
220	225	80	305	<nil>
220	947	67	1014	<nil>
220	947	82	1029	<nil>
220	278	73	351	<nil>
220	956	76	1032	<nil>
220	909	78	987	<nil>
220	956	77	1033	<nil>
220	954	78	1032	<nil>
220	958	76	1034	<nil>
220	292	78	370	<nil>
220	279	78	357	<nil>
220	961	75	1036	<nil>
220	960	76	1036	<nil>
220	281	76	357	<nil>
220	904	76	980	<nil>
220	181	218	399	<nil>
220	969	229	1198	<nil>
220	1100	217	1317	<nil>
220	958	262	1220	<nil>
220	968	250	1218	<nil>
220	290	264	554	<nil>
220	914	252	1166	<nil>
220	162	248	410	<nil>
220	968	252	1220	<nil>
220	968	251	1219	<nil>
220	925	249	1174	<nil>
220	969	251	1220	<nil>
220	972	249	1221	<nil>
220	926	249	1175	<nil>
220	262	254	516	<nil>
220	152	264	416	<nil>
220	927	248	1175	<nil>
220	331	227	558	<nil>
220	296	250	546	<nil>
220	306	239	545	<nil>
220	928	248	1176	<nil>
220	169	249	418	<nil>
220	974	249	1223	<nil>
220	307	238	545	<nil>
220	930	246	1176	<nil>
220	974	249	1223	<nil>
220	948	229	1177	<nil>
220	312	246	558	<nil>
220	1125	228	1353	<nil>
220	1099	249	1348	<nil>
220	911	250	1161	<nil>
220	297	250	547	<nil>
220	169	250	419	<nil>
220	289	252	541	<nil>
220	274	293	567	<nil>
240	169	290	459	<nil>
240	286	296	582	<nil>
240	259	318	577	<nil>
240	141	319	460	<nil>
240	133	341	474	<nil>
240	311	69	380	<nil>
240	219	121	340	<nil>
240	151	319	470	<nil>
240	162	320	482	<nil>
240	153	319	472	<nil>
240	409	68	477	<nil>
240	350	30	380	<nil>
240	314	67	381	<nil>
240	409	67	476	<nil>
240	403	68	471	<nil>
240	319	10	329	<nil>
240	411	70	481	<nil>
240	79	4	83	<nil>
240	329	2	331	<nil>
240	325	8	333	<nil>
240	417	89	506	<nil>
240	345	29	374	<nil>
240	407	71	478	<nil>
240	349	31	380	<nil>
240	78	7	85	<nil>
240	399	88	487	<nil>
240	348	31	379	<nil>
240	348	27	375	<nil>
240	466	32	498	<nil>
240	330	28	358	<nil>
240	299	2	301	<nil>
240	409	68	477	<nil>
240	349	34	383	<nil>
240	412	68	480	<nil>
240	466	33	499	<nil>
240	412	69	481	<nil>
240	412	70	482	<nil>
240	393	69	462	<nil>
240	353	34	387	<nil>
240	411	72	483	<nil>
240	392	67	459	<nil>
240	347	34	381	<nil>
240	215	259	474	<nil>
240	407	72	479	<nil>
240	374	3	377	<nil>
240	319	4	323	<nil>
240	418	76	494	<nil>
240	410	67	477	<nil>
240	413	67	480	<nil>
240	355	31	386	<nil>
240	412	77	489	<nil>
240	409	68	477	<nil>
240	173	322	495	<nil>
240	80	5	85	<nil>
240	81	4	85	<nil>
240	402	68	470	<nil>
240	89	7	96	<nil>
240	82	6	88	<nil>
240	79	6	85	<nil>
240	77	5	82	<nil>
240	82	7	89	<nil>
240	78	5	83	<nil>
240	79	5	84	<nil>
240	327	5	332	<nil>
240	81	5	86	<nil>
240	79	7	86	<nil>
240	86	4	90	<nil>
240	81	6	87	<nil>
240	287	6	293	<nil>
240	413	68	481	<nil>
240	84	5	89	<nil>
240	77	6	83	<nil>
240	409	68	477	<nil>
240	347	6	353	<nil>
240	469	29	498	<nil>
240	417	89	506	<nil>
240	294	1	295	<nil>
240	283	90	373	<nil>
240	407	70	477	<nil>
240	86	2	88	<nil>
240	418	71	489	<nil>
240	78	9	87	<nil>
240	320	90	410	<nil>
240	334	4	338	<nil>
240	339	2	341	<nil>
240	335	5	340	<nil>
240	294	8	302	<nil>
240	298	4	302	<nil>
240	351	8	359	<nil>
240	318	25	343	<nil>
240	292	9	301	<nil>
240	343	31	374	<nil>
240	303	8	311	<nil>
240	279	5	284	<nil>
240	298	4	302	<nil>
240	285	21	306	<nil>
240	307	9	316	<nil>
240	328	4	332	<nil>
240	87	5	92	<nil>
240	279	2	281	<nil>
240	87	10	97	<nil>
240	278	24	302	<nil>
240	82	10	92	<nil>
240	364	25	389	<nil>
240	277	24	301	<nil>
240	384	18	402	<nil>
240	320	24	344	<nil>
240	497	25	522	<nil>
240	329	10	339	<nil>
240	335	6	341	<nil>
240	315	26	341	<nil>
240	300	8	308	<nil>
240	255	10	265	<nil>
240	142	469	611	<nil>
240	355	10	365	<nil>
240	299	8	307	<nil>
240	315	145	460	<nil>
240	223	405	628	<nil>
240	343	128	471	<nil>
240	340	130	470	<nil>
240	300	10	310	<nil>
240	406	211	617	<nil>
240	305	148	453	<nil>
240	344	127	471	<nil>
240	343	148	491	<nil>
240	345	149	494	<nil>
240	343	151	494	<nil>
240	299	131	430	<nil>
240	339	11	350	<nil>
240	344	147	491	<nil>
240	338	144	482	<nil>
240	369	463	832	<nil>
240	415	464	879	<nil>
240	353	464	817	<nil>
240	312	464	776	<nil>
240	384	436	820	<nil>
240	311	464	775	<nil>
240	408	372	780	<nil>
240	312	469	781	<nil>
240	362	509	871	<nil>
240	294	535	829	<nil>
240	290	510	800	<nil>
240	512	367	879	<nil>
240	448	371	819	<nil>
240	470	354	824	<nil>
240	311	512	823	<nil>
240	505	357	862	<nil>
240	672	372	1044	<nil>
240	518	355	873	<nil>
240	309	518	827	<nil>
240	473	350	823	<nil>
240	352	513	865	<nil>
240	578	356	934	<nil>
240	473	351	824	<nil>
240	555	377	932	<nil>
240	310	518	828	<nil>
240	474	355	829	<nil>
240	571	302	873	<nil>
240	492	372	864	<nil>
240	532	355	887	<nil>
240	567	301	868	<nil>
240	490	338	828	<nil>
240	480	351	831	<nil>
240	536	346	882	<nil>
240	438	276	714	<nil>
240	429	276	705	<nil>
240	558	275	833	<nil>
240	558	275	833	<nil>
240	597	276	873	<nil>
240	546	276	822	<nil>
240	554	276	830	<nil>
240	482	351	833	<nil>
240	545	276	821	<nil>
240	558	277	835	<nil>
240	597	276	873	<nil>
240	559	277	836	<nil>
240	553	351	904	<nil>
240	548	276	824	<nil>
240	483	350	833	<nil>
240	571	363	934	<nil>
240	558	275	833	<nil>
240	370	362	732	<nil>
240	818	0	818	rpc error: code = Unavailable desc = transport is closing
240	554	0	554	rpc error: code = Unavailable desc = transport is closing
240	584	0	584	rpc error: code = Unavailable desc = transport is closing
240	677	0	677	rpc error: code = Unavailable desc = transport is closing
240	644	0	644	rpc error: code = Unavailable desc = transport is closing
240	546	0	546	rpc error: code = Unavailable desc = transport is closing
240	544	0	544	rpc error: code = Unavailable desc = transport is closing
240	775	83	858	<nil>
240	813	84	897	<nil>
240	545	0	545	rpc error: code = Unavailable desc = transport is closing
240	813	83	896	<nil>
240	643	84	727	<nil>
240	817	83	900	<nil>
240	813	84	897	<nil>
240	813	83	896	<nil>
240	775	83	858	<nil>
240	653	84	737	<nil>
240	780	0	780	rpc error: code = Unavailable desc = transport is closing
240	777	0	777	rpc error: code = Unavailable desc = transport is closing
240	555	0	555	rpc error: code = Unavailable desc = transport is closing
240	775	122	897	<nil>
240	813	83	896	<nil>
240	586	0	586	rpc error: code = Unavailable desc = transport is closing
240	778	121	899	<nil>
240	815	123	938	<nil>
240	815	123	938	<nil>
240	774	83	857	<nil>
240	544	173	717	<nil>
240	582	173	755	<nil>
240	492	175	667	<nil>
240	582	175	757	<nil>
240	502	168	670	<nil>
240	528	0	528	rpc error: code = Unavailable desc = transport is closing
240	595	164	759	<nil>
240	478	0	478	rpc error: code = Unavailable desc = transport is closing
240	526	0	526	rpc error: code = Unavailable desc = transport is closing
240	546	172	718	<nil>
240	382	0	382	rpc error: code = Unavailable desc = transport is closing
240	377	0	377	rpc error: code = Unavailable desc = transport is closing
240	586	173	759	<nil>
240	505	165	670	<nil>
240	587	175	762	<nil>
240	546	175	721	<nil>
240	517	167	684	<nil>
240	509	164	673	<nil>
240	513	168	681	<nil>
240	499	170	669	<nil>
240	553	165	718	<nil>
240	545	173	718	<nil>
240	482	173	655	<nil>
240	544	175	719	<nil>
240	509	173	682	<nil>
240	555	165	720	<nil>
240	594	173	767	<nil>
240	520	166	686	<nil>
240	567	168	735	<nil>
240	517	173	690	<nil>
240	510	0	510	rpc error: code = Unavailable desc = transport is closing
240	587	173	760	<nil>
240	571	165	736	<nil>
240	574	0	574	rpc error: code = Unavailable desc = transport is closing
240	503	166	669	<nil>
240	418	0	418	rpc error: code = Unavailable desc = transport is closing
240	557	0	557	rpc error: code = Unavailable desc = transport is closing
240	645	0	645	rpc error: code = Unavailable desc = transport is closing
240	519	0	519	rpc error: code = Unavailable desc = transport is closing
240	538	0	538	rpc error: code = Unavailable desc = transport is closing
240	523	0	523	rpc error: code = Unavailable desc = transport is closing
240	567	0	567	rpc error: code = Unavailable desc = transport is closing
240	566	0	566	rpc error: code = Unavailable desc = transport is closing
240	533	0	533	rpc error: code = Unavailable desc = transport is closing
240	513	0	513	rpc error: code = Unavailable desc = transport is closing
240	534	0	534	rpc error: code = Unavailable desc = transport is closing
240	540	0	540	rpc error: code = Unavailable desc = transport is closing
240	528	0	528	rpc error: code = Unavailable desc = transport is closing
240	510	0	510	rpc error: code = Unavailable desc = transport is closing
240	571	0	571	rpc error: code = Unavailable desc = transport is closing
240	520	0	520	rpc error: code = Unavailable desc = transport is closing
240	497	0	497	rpc error: code = Unavailable desc = transport is closing
240	586	173	759	<nil>
240	495	0	495	rpc error: code = Unavailable desc = transport is closing
240	587	175	762	<nil>
240	386	0	386	rpc error: code = Unavailable desc = transport is closing
240	515	166	681	<nil>
240	555	181	736	<nil>
240	555	164	719	<nil>
240	507	167	674	<nil>
240	570	166	736	<nil>
240	507	167	674	<nil>
240	508	180	688	<nil>
240	511	175	686	<nil>
240	536	0	536	rpc error: code = Unavailable desc = transport is closing
240	385	0	385	rpc error: code = Unavailable desc = transport is closing
240	462	0	462	rpc error: code = Unavailable desc = transport is closing
240	544	174	718	<nil>
240	507	168	675	<nil>
240	583	175	758	<nil>
240	482	506	988	<nil>
240	529	501	1030	<nil>
240	559	430	989	<nil>
240	478	517	995	<nil>
240	529	526	1055	<nil>
240	387	0	387	rpc error: code = Unavailable desc = transport is closing
240	381	0	381	rpc error: code = Unavailable desc = transport is closing
240	538	0	538	rpc error: code = Unavailable desc = transport is closing
240	572	321	893	<nil>
240	521	0	521	rpc error: code = Unavailable desc = transport is closing
240	678	0	678	rpc error: code = Unavailable desc = transport is closing
240	627	0	627	rpc error: code = Unavailable desc = transport is closing
240	564	0	564	rpc error: code = Unavailable desc = transport is closing
240	588	0	588	rpc error: code = Unavailable desc = transport is closing
240	654	0	654	rpc error: code = Unavailable desc = transport is closing
240	431	0	431	rpc error: code = Unavailable desc = transport is closing
240	528	347	875	<nil>
240	513	354	867	<nil>
240	574	356	930	<nil>
240	544	330	874	<nil>
240	541	328	869	<nil>
240	537	348	885	<nil>
240	597	373	970	<nil>
240	257	0	257	rpc error: code = Unavailable desc = transport is closing
240	526	380	906	<nil>
240	275	0	275	rpc error: code = Unavailable desc = transport is closing
240	427	361	788	<nil>
240	542	372	914	<nil>
240	551	369	920	<nil>
240	523	384	907	<nil>
240	404	384	788	<nil>
240	566	381	947	<nil>
240	280	0	280	rpc error: code = Unavailable desc = transport is closing
240	597	375	972	<nil>
240	526	380	906	<nil>
240	536	371	907	<nil>
240	531	375	906	<nil>
240	535	372	907	<nil>
240	575	397	972	<nil>
240	418	415	833	<nil>
240	531	421	952	<nil>
240	386	415	801	<nil>
240	419	415	834	<nil>
240	397	422	819	<nil>
240	404	429	833	<nil>
240	384	424	808	<nil>
240	458	361	819	<nil>
240	428	391	819	<nil>
240	462	382	844	<nil>
240	385	438	823	<nil>
240	384	437	821	<nil>
240	384	438	822	<nil>
240	384	438	822	<nil>
240	531	314	845	<nil>
240	674	303	977	<nil>
240	520	304	824	<nil>
240	522	301	823	<nil>
240	525	300	825	<nil>
240	573	272	845	<nil>
240	564	259	823	<nil>
240	539	438	977	<nil>
240	523	300	823	<nil>
240	523	300	823	<nil>
240	629	199	828	<nil>
240	649	176	825	<nil>
240	564	263	827	<nil>
240	405	431	836	<nil>
240	391	436	827	<nil>
240	500	327	827	<nil>
240	394	434	828	<nil>
240	450	387	837	<nil>
240	502	327	829	<nil>
240	238	267	505	<nil>
240	282	227	509	<nil>
240	510	317	827	<nil>
240	305	204	509	<nil>
240	627	199	826	<nil>
240	389	437	826	<nil>
240	500	328	828	<nil>
240	517	315	832	<nil>
240	322	0	322	rpc error: code = Unavailable desc = transport is closing
240	312	0	312	rpc error: code = Unavailable desc = transport is closing
240	503	325	828	<nil>
240	583	398	981	<nil>
240	522	303	825	<nil>
240	456	383	839	<nil>
240	805	177	982	<nil>
240	673	165	838	<nil>
240	519	310	829	<nil>
240	658	167	825	<nil>
240	500	327	827	<nil>
240	648	177	825	<nil>
240	391	432	823	<nil>
240	572	256	828	<nil>
240	242	267	509	<nil>
240	392	433	825	<nil>
240	521	306	827	<nil>
240	308	204	512	<nil>
240	266	243	509	<nil>
240	277	242	519	<nil>
240	440	387	827	<nil>
240	334	0	334	rpc error: code = Unavailable desc = transport is closing
240	640	188	828	<nil>
240	625	200	825	<nil>
240	313	0	313	rpc error: code = Unavailable desc = transport is closing
240	310	0	310	rpc error: code = Unavailable desc = transport is closing
240	312	0	312	rpc error: code = Unavailable desc = transport is closing
240	319	0	319	rpc error: code = Unavailable desc = transport is closing
240	320	0	320	rpc error: code = Unavailable desc = transport is closing
240	310	0	310	rpc error: code = Unavailable desc = transport is closing
240	691	0	691	rpc error: code = Unavailable desc = transport is closing
240	341	0	341	rpc error: code = Unavailable desc = transport is closing
240	276	126	402	<nil>
240	277	126	403	<nil>
240	276	127	403	<nil>
240	276	127	403	<nil>
240	276	127	403	<nil>
240	290	125	415	<nil>
240	285	127	412	<nil>
240	278	125	403	<nil>
240	278	125	403	<nil>
240	277	128	405	<nil>
240	280	126	406	<nil>
240	285	128	413	<nil>
240	288	126	414	<nil>
240	288	126	414	<nil>
240	280	126	406	<nil>
240	279	126	405	<nil>
240	278	126	404	<nil>
240	279	126	405	<nil>
240	279	126	405	<nil>
240	290	126	416	<nil>
240	288	117	405	<nil>
240	278	127	405	<nil>
240	280	127	407	<nil>
240	279	127	406	<nil>
240	292	117	409	<nil>
240	292	116	408	<nil>
240	280	117	397	<nil>
240	294	124	418	<nil>
240	301	117	418	<nil>
240	297	117	414	<nil>
240	278	117	395	<nil>
240	293	118	411	<nil>
240	289	119	408	<nil>
240	292	123	415	<nil>
240	301	171	472	<nil>
240	301	171	472	<nil>
240	284	178	462	<nil>
240	233	81	314	<nil>
240	278	180	458	<nil>
240	285	177	462	<nil>
240	265	91	356	<nil>
240	248	96	344	<nil>
240	244	86	330	<nil>
240	249	86	335	<nil>
240	250	85	335	<nil>
240	251	85	336	<nil>
240	250	86	336	<nil>
240	183	17	200	<nil>
240	159	51	210	<nil>
240	159	188	347	<nil>
240	290	182	472	<nil>
240	187	18	205	<nil>
240	294	185	479	<nil>
240	300	181	481	<nil>
240	243	103	346	<nil>
240	294	188	482	<nil>
240	291	187	478	<nil>
240	297	181	478	<nil>
240	301	182	483	<nil>
240	229	80	309	<nil>
240	88	4	92	<nil>
240	153	76	229	<nil>
240	196	78	274	<nil>
240	241	74	315	<nil>
240	161	46	207	<nil>
240	197	78	275	<nil>
240	157	77	234	<nil>
240	146	77	223	<nil>
240	194	81	275	<nil>
240	196	80	276	<nil>
240	196	79	275	<nil>
240	197	77	274	<nil>
240	174	31	205	<nil>
240	291	210	501	<nil>
240	154	76	230	<nil>
240	153	77	230	<nil>
240	294	217	511	<nil>
240	197	78	275	<nil>
240	196	80	276	<nil>
240	231	81	312	<nil>
240	196	80	276	<nil>
240	194	81	275	<nil>
240	196	79	275	<nil>
240	197	78	275	<nil>
240	195	81	276	<nil>
240	219	0	219	<nil>
240	230	1	231	<nil>
240	153	76	229	<nil>
240	186	17	203	<nil>
240	188	18	206	<nil>
240	193	16	209	<nil>
240	176	35	211	<nil>
240	190	12	202	<nil>
240	99	0	99	<nil>
240	223	0	223	<nil>
240	171	38	209	<nil>
240	191	16	207	<nil>
240	167	38	205	<nil>
240	289	183	472	<nil>
240	189	16	205	<nil>
240	192	12	204	<nil>
240	192	13	205	<nil>
240	188	17	205	<nil>
240	193	10	203	<nil>
240	201	11	212	<nil>
240	195	15	210	<nil>
240	193	11	204	<nil>
240	188	21	209	<nil>
240	188	16	204	<nil>
240	198	19	217	<nil>
240	187	23	210	<nil>
240	184	25	209	<nil>
240	185	28	213	<nil>
240	191	21	212	<nil>
240	188	24	212	<nil>
240	189	16	205	<nil>
240	202	18	220	<nil>
240	185	20	205	<nil>
240	188	18	206	<nil>
240	162	175	337	<nil>
240	187	26	213	<nil>
240	189	16	205	<nil>
240	200	18	218	<nil>
240	186	21	207	<nil>
240	193	20	213	<nil>
240	187	19	206	<nil>
240	191	16	207	<nil>
240	194	18	212	<nil>
240	85	4	89	<nil>
240	86	4	90	<nil>
240	88	3	91	<nil>
240	88	4	92	<nil>
240	89	3	92	<nil>
240	101	0	101	<nil>
240	103	20	123	<nil>
240	90	3	93	<nil>
240	89	4	93	<nil>
240	144	76	220	<nil>
240	192	22	214	<nil>
240	76	16	92	<nil>
240	108	22	130	<nil>
240	217	3	220	<nil>
240	89	4	93	<nil>
240	61	5	66	<nil>
240	88	5	93	<nil>
240	89	5	94	<nil>
240	89	6	95	<nil>
240	88	5	93	<nil>
240	85	6	91	<nil>
240	90	5	95	<nil>
240	211	4	215	<nil>
240	85	7	92	<nil>
240	215	2	217	<nil>
240	227	0	227	<nil>
240	237	81	318	<nil>
240	174	35	209	<nil>
240	196	80	276	<nil>
240	301	211	512	<nil>
240	219	1	220	<nil>
240	230	0	230	<nil>
240	222	1	223	<nil>
240	226	0	226	<nil>
240	143	76	219	<nil>
240	246	97	343	<nil>
240	217	1	218	<nil>
240	192	20	212	<nil>
240	77	17	94	<nil>
240	219	1	220	<nil>
240	223	2	225	<nil>
240	219	1	220	<nil>
240	103	1	104	<nil>
240	180	19	199	<nil>
240	101	6	107	<nil>
240	77	0	77	<nil>
240	220	253	473	<nil>
240	211	259	470	<nil>
240	223	255	478	<nil>
240	214	258	472	<nil>
240	219	257	476	<nil>
240	216	256	472	<nil>
240	215	257	472	<nil>
240	216	257	473	<nil>
240	230	248	478	<nil>
240	223	259	482	<nil>
240	213	259	472	<nil>
240	215	260	475	<nil>
240	219	258	477	<nil>
240	220	259	479	<nil>
240	214	259	473	<nil>
240	213	258	471	<nil>
240	228	249	477	<nil>
240	238	245	483	<nil>
240	237	251	488	<nil>
240	295	251	546	<nil>
240	237	251	488	<nil>
240	291	257	548	<nil>
240	243	254	497	<nil>
240	296	251	547	<nil>
240	235	262	497	<nil>
240	237	255	492	<nil>
240	238	248	486	<nil>
240	235	247	482	<nil>
240	238	249	487	<nil>
240	290	250	540	<nil>
240	238	249	487	<nil>
240	241	246	487	<nil>
240	295	252	547	<nil>
240	237	252	489	<nil>
240	237	252	489	<nil>
240	237	252	489	<nil>
240	236	253	489	<nil>
240	236	252	488	<nil>
240	238	252	490	<nil>
240	240	255	495	<nil>
240	250	251	501	<nil>
240	241	251	492	<nil>
240	226	267	493	<nil>
240	240	262	502	<nil>
240	294	256	550	<nil>
240	234	267	501	<nil>
240	240	262	502	<nil>
240	243	262	505	<nil>
240	295	262	557	<nil>
240	229	261	490	<nil>
240	237	262	499	<nil>
240	244	265	509	<nil>
240	237	265	502	<nil>
240	241	256	497	<nil>
240	295	265	560	<nil>
240	242	261	503	<nil>
240	239	265	504	<nil>
240	299	266	565	<nil>
240	299	267	566	<nil>
240	243	267	510	<nil>
240	241	267	508	<nil>
240	242	268	510	<nil>
240	240	304	544	<nil>
240	242	304	546	<nil>
240	242	378	620	<nil>
240	241	380	621	<nil>
240	241	389	630	<nil>
240	242	388	630	<nil>
240	273	393	666	<nil>
240	242	396	638	<nil>
240	490	174	664	<nil>
240	486	188	674	<nil>
240	488	190	678	<nil>
240	487	187	674	<nil>
240	239	393	632	<nil>
240	389	159	548	<nil>
240	242	394	636	<nil>
240	232	397	629	<nil>
240	279	396	675	<nil>
240	242	396	638	<nil>
240	241	397	638	<nil>
240	241	397	638	<nil>
240	232	396	628	<nil>
240	243	394	637	<nil>
240	282	397	679	<nil>
240	232	393	625	<nil>
240	242	395	637	<nil>
240	469	185	654	<nil>
240	494	182	676	<nil>
240	243	411	654	<nil>
240	511	174	685	<nil>
240	505	182	687	<nil>
240	496	182	678	<nil>
240	479	177	656	<nil>
240	461	181	642	<nil>
240	483	187	670	<nil>
240	242	410	652	<nil>
240	472	188	660	<nil>
240	482	184	666	<nil>
240	485	189	674	<nil>
240	496	182	678	<nil>
240	232	416	648	<nil>
240	242	411	653	<nil>
240	498	187	685	<nil>
240	242	395	637	<nil>
240	482	181	663	<nil>
240	509	184	693	<nil>
240	238	393	631	<nil>
240	488	187	675	<nil>
240	480	185	665	<nil>
240	243	396	639	<nil>
240	242	410	652	<nil>
240	467	190	657	<nil>
240	513	163	676	<nil>
240	504	190	694	<nil>
240	489	188	677	<nil>
240	17	188	205	<nil>
240	16	188	204	<nil>
240	15	190	205	<nil>
240	13	190	203	<nil>
240	44	211	255	<nil>
240	40	214	254	<nil>
240	44	211	255	<nil>
240	16	275	291	<nil>
240	127	210	337	<nil>
240	117	221	338	<nil>
240	116	221	337	<nil>
240	112	212	324	<nil>
240	126	202	328	<nil>
240	125	202	327	<nil>
240	125	215	340	<nil>
240	117	210	327	<nil>
240	119	211	330	<nil>
240	114	211	325	<nil>
240	118	209	327	<nil>
240	151	176	327	<nil>
240	146	180	326	<nil>
240	177	172	349	<nil>
240	162	169	331	<nil>
240	148	203	351	<nil>
240	149	176	325	<nil>
240	130	203	333	<nil>
240	123	205	328	<nil>
240	122	205	327	<nil>
240	177	172	349	<nil>
240	123	205	328	<nil>
240	161	186	347	<nil>
240	160	188	348	<nil>
240	154	190	344	<nil>
240	157	217	374	<nil>
240	159	216	375	<nil>
240	150	201	351	<nil>
240	158	192	350	<nil>
240	149	195	344	<nil>
240	158	190	348	<nil>
240	159	190	349	<nil>
240	155	190	345	<nil>
240	150	195	345	<nil>
240	148	196	344	<nil>
240	177	190	367	<nil>
240	156	195	351	<nil>
240	155	219	374	<nil>
240	155	216	371	<nil>
240	152	299	451	<nil>
240	144	311	455	<nil>
240	162	300	462	<nil>
240	156	305	461	<nil>
240	153	305	458	<nil>
240	153	317	470	<nil>
240	138	354	492	<nil>
240	175	342	517	<nil>
240	155	344	499	<nil>
240	147	352	499	<nil>
240	159	340	499	<nil>
240	102	346	448	<nil>
240	87	341	428	<nil>
240	143	356	499	<nil>
240	150	345	495	<nil>
240	146	354	500	<nil>
240	89	344	433	<nil>
240	116	232	348	<nil>
240	160	185	345	<nil>
240	40	333	373	<nil>
240	157	186	343	<nil>
240	35	333	368	<nil>
240	38	333	371	<nil>
240	38	308	346	<nil>
240	44	346	390	<nil>
240	46	347	393	<nil>
240	39	343	382	<nil>
240	82	265	347	<nil>
240	18	345	363	<nil>
240	161	198	359	<nil>
240	165	198	363	<nil>
240	180	187	367	<nil>
240	153	197	350	<nil>
240	167	195	362	<nil>
240	157	201	358	<nil>
240	180	203	383	<nil>
240	179	207	386	<nil>
240	177	226	403	<nil>
240	178	271	449	<nil>
240	179	273	452	<nil>
240	177	276	453	<nil>
240	176	275	451	<nil>
240	180	276	456	<nil>
240	177	294	471	<nil>
240	206	276	482	<nil>
240	178	316	494	<nil>
240	207	286	493	<nil>
240	179	315	494	<nil>
240	213	287	500	<nil>
240	180	315	495	<nil>
240	171	286	457	<nil>
240	209	298	507	<nil>
240	197	284	481	<nil>
240	207	287	494	<nil>
240	207	286	493	<nil>
240	212	282	494	<nil>
240	159	285	444	<nil>
240	215	276	491	<nil>
240	209	285	494	<nil>
240	209	286	495	<nil>
240	208	286	494	<nil>
240	209	284	493	<nil>
240	207	292	499	<nil>
240	209	291	500	<nil>
240	209	293	502	<nil>
240	210	284	494	<nil>
240	209	302	511	<nil>
240	210	309	519	<nil>
240	208	307	515	<nil>
240	209	322	531	<nil>
240	64	325	389	<nil>
240	209	323	532	<nil>
240	208	323	531	<nil>
240	87	321	408	<nil>
240	84	318	402	<nil>
240	128	256	384	<nil>
240	132	257	389	<nil>
240	110	274	384	<nil>
240	103	322	425	<nil>
240	130	256	386	<nil>
240	210	321	531	<nil>
240	115	259	374	<nil>
240	128	258	386	<nil>
240	141	344	485	<nil>
240	140	346	486	<nil>
240	141	355	496	<nil>
240	142	354	496	<nil>
240	151	336	487	<nil>
240	142	358	500	<nil>
240	163	325	488	<nil>
240	173	312	485	<nil>
240	152	338	490	<nil>
240	177	312	489	<nil>
240	177	311	488	<nil>
240	178	312	490	<nil>
240	144	311	455	<nil>
240	79	293	372	<nil>
240	173	294	467	<nil>
240	122	340	462	<nil>
240	150	340	490	<nil>
240	152	338	490	<nil>
240	143	360	503	<nil>
240	130	294	424	<nil>
240	144	321	465	<nil>
240	123	215	338	<nil>
240	178	312	490	<nil>
240	173	293	466	<nil>
240	177	293	470	<nil>
240	108	225	333	<nil>
240	133	192	325	<nil>
240	78	293	371	<nil>
240	103	240	343	<nil>
240	121	225	346	<nil>
240	91	293	384	<nil>
240	172	294	466	<nil>
240	144	293	437	<nil>
240	79	293	372	<nil>
240	101	240	341	<nil>
240	55	318	373	<nil>
240	81	288	369	<nil>
240	136	189	325	<nil>
240	144	322	466	<nil>
240	81	263	344	<nil>
240	144	322	466	<nil>
240	144	322	466	<nil>
240	172	294	466	<nil>
240	108	227	335	<nil>
240	154	335	489	<nil>
240	96	226	322	<nil>
240	155	189	344	<nil>
240	122	215	337	<nil>
240	122	215	337	<nil>
240	112	185	297	<nil>
240	123	215	338	<nil>
240	138	184	322	<nil>
240	139	185	324	<nil>
240	139	185	324	<nil>
240	134	190	324	<nil>
240	130	336	466	<nil>
240	139	186	325	<nil>
240	139	186	325	<nil>
240	112	189	301	<nil>
240	145	320	465	<nil>
240	133	192	325	<nil>
240	135	190	325	<nil>
240	81	188	269	<nil>
240	139	188	327	<nil>
240	136	189	325	<nil>
240	145	321	466	<nil>
240	114	188	302	<nil>
240	133	170	303	<nil>
240	127	170	297	<nil>
240	126	171	297	<nil>
240	92	172	264	<nil>
240	57	180	237	<nil>
240	49	173	222	<nil>
240	64	174	238	<nil>
240	64	143	207	<nil>
240	54	184	238	<nil>
240	53	184	237	<nil>
240	59	142	201	<nil>
240	50	141	191	<nil>
240	42	141	183	<nil>
240	73	121	194	<nil>
240	88	106	194	<nil>
240	117	29	146	<nil>
240	51	143	194	<nil>
240	96	101	197	<nil>
240	114	29	143	<nil>
240	135	28	163	<nil>
240	120	27	147	<nil>
240	137	28	165	<nil>
240	125	21	146	<nil>
240	126	21	147	<nil>
240	125	21	146	<nil>
240	142	21	163	<nil>
240	128	22	150	<nil>
240	145	27	172	<nil>
240	146	26	172	<nil>
240	125	28	153	<nil>
240	145	27	172	<nil>
240	156	27	183	<nil>
240	144	28	172	<nil>
240	156	27	183	<nil>
240	126	28	154	<nil>
240	125	28	153	<nil>
240	145	27	172	<nil>
240	150	24	174	<nil>
240	144	29	173	<nil>
240	157	28	185	<nil>
240	150	23	173	<nil>
240	150	24	174	<nil>
240	150	24	174	<nil>
240	161	24	185	<nil>
240	131	24	155	<nil>
240	145	27	172	<nil>
240	145	26	171	<nil>
240	126	29	155	<nil>
240	129	23	152	<nil>
240	343	0	343	rpc error: code = Unavailable desc = transport is closing
240	472	0	472	rpc error: code = Unavailable desc = transport is closing
240	471	0	471	rpc error: code = Unavailable desc = transport is closing
240	380	0	380	rpc error: code = Unavailable desc = transport is closing
240	502	0	502	rpc error: code = Unavailable desc = transport is closing
240	495	0	495	rpc error: code = Unavailable desc = transport is closing
240	470	0	470	rpc error: code = Unavailable desc = transport is closing
240	384	0	384	rpc error: code = Unavailable desc = transport is closing
240	388	0	388	rpc error: code = Unavailable desc = transport is closing
240	388	0	388	rpc error: code = Unavailable desc = transport is closing
240	382	0	382	rpc error: code = Unavailable desc = transport is closing
240	193	0	193	rpc error: code = Unavailable desc = transport is closing
240	388	0	388	rpc error: code = Unavailable desc = transport is closing
240	388	0	388	rpc error: code = Unavailable desc = transport is closing
240	378	0	378	rpc error: code = Unavailable desc = transport is closing
240	445	0	445	rpc error: code = Unavailable desc = transport is closing
240	387	0	387	rpc error: code = Unavailable desc = transport is closing
240	197	0	197	rpc error: code = Unavailable desc = transport is closing
240	380	0	380	rpc error: code = Unavailable desc = transport is closing
240	380	0	380	rpc error: code = Unavailable desc = transport is closing
240	363	0	363	rpc error: code = Unavailable desc = transport is closing
240	381	0	381	rpc error: code = Unavailable desc = transport is closing
240	381	0	381	rpc error: code = Unavailable desc = transport is closing
240	381	0	381	rpc error: code = Unavailable desc = transport is closing
240	196	0	196	rpc error: code = Unavailable desc = transport is closing
240	380	0	380	rpc error: code = Unavailable desc = transport is closing
240	188	0	188	rpc error: code = Unavailable desc = transport is closing
240	387	0	387	rpc error: code = Unavailable desc = transport is closing
240	380	0	380	rpc error: code = Unavailable desc = transport is closing
240	427	0	427	rpc error: code = Unavailable desc = transport is closing
240	381	0	381	rpc error: code = Unavailable desc = transport is closing
240	379	0	379	rpc error: code = Unavailable desc = transport is closing
240	381	0	381	rpc error: code = Unavailable desc = transport is closing
240	387	0	387	rpc error: code = Unavailable desc = transport is closing
240	382	0	382	rpc error: code = Unavailable desc = transport is closing
240	382	0	382	rpc error: code = Unavailable desc = transport is closing
240	215	0	215	rpc error: code = Unavailable desc = transport is closing
240	215	0	215	rpc error: code = Unavailable desc = transport is closing
240	245	0	245	rpc error: code = Unavailable desc = transport is closing
240	218	0	218	rpc error: code = Unavailable desc = transport is closing
240	240	0	240	rpc error: code = Unavailable desc = transport is closing
240	243	0	243	rpc error: code = Unavailable desc = transport is closing
240	226	0	226	rpc error: code = Unavailable desc = transport is closing
240	240	0	240	rpc error: code = Unavailable desc = transport is closing
240	242	0	242	rpc error: code = Unavailable desc = transport is closing
240	342	0	342	rpc error: code = Unavailable desc = transport is closing
240	332	0	332	rpc error: code = Unavailable desc = transport is closing
240	237	0	237	rpc error: code = Unavailable desc = transport is closing
240	244	0	244	rpc error: code = Unavailable desc = transport is closing
240	239	0	239	rpc error: code = Unavailable desc = transport is closing
240	239	0	239	rpc error: code = Unavailable desc = transport is closing
240	281	0	281	rpc error: code = Unavailable desc = transport is closing
240	331	0	331	rpc error: code = Unavailable desc = transport is closing
240	331	0	331	rpc error: code = Unavailable desc = transport is closing
240	238	0	238	rpc error: code = Unavailable desc = transport is closing
240	243	0	243	rpc error: code = Unavailable desc = transport is closing
240	237	0	237	rpc error: code = Unavailable desc = transport is closing
240	197	0	197	rpc error: code = Unavailable desc = transport is closing
240	239	0	239	rpc error: code = Unavailable desc = transport is closing
240	233	0	233	rpc error: code = Unavailable desc = transport is closing
240	242	0	242	rpc error: code = Unavailable desc = transport is closing
240	239	0	239	rpc error: code = Unavailable desc = transport is closing
240	243	0	243	rpc error: code = Unavailable desc = transport is closing
240	110	0	110	rpc error: code = Unavailable desc = transport is closing
240	243	0	243	rpc error: code = Unavailable desc = transport is closing
240	243	0	243	rpc error: code = Unavailable desc = transport is closing
240	528	64	592	<nil>
240	242	0	242	rpc error: code = Unavailable desc = transport is closing
240	239	0	239	rpc error: code = Unavailable desc = transport is closing
240	243	0	243	rpc error: code = Unavailable desc = transport is closing
240	329	0	329	rpc error: code = Unavailable desc = transport is closing
240	237	0	237	rpc error: code = Unavailable desc = transport is closing
240	538	64	602	<nil>
240	574	64	638	<nil>
240	547	64	611	<nil>
240	531	64	595	<nil>
240	545	65	610	<nil>
240	529	64	593	<nil>
240	530	64	594	<nil>
240	531	64	595	<nil>
240	218	0	218	rpc error: code = Unavailable desc = transport is closing
240	586	24	610	<nil>
240	587	33	620	<nil>
240	539	71	610	<nil>
240	531	71	602	<nil>
240	591	23	614	<nil>
240	595	23	618	<nil>
240	532	70	602	<nil>
240	548	70	618	<nil>
240	591	23	614	<nil>
240	572	41	613	<nil>
240	587	24	611	<nil>
240	530	71	601	<nil>
240	531	71	602	<nil>
240	532	71	603	<nil>
240	538	71	609	<nil>
240	589	48	637	<nil>
240	538	71	609	<nil>
240	535	69	604	<nil>
240	591	74	665	<nil>
240	591	48	639	<nil>
240	578	74	652	<nil>
240	530	71	601	<nil>
240	595	49	644	<nil>
240	622	141	763	<nil>
240	621	141	762	<nil>
240	581	144	725	<nil>
240	587	147	734	<nil>
240	587	142	729	<nil>
240	598	145	743	<nil>
240	591	145	736	<nil>
240	594	142	736	<nil>
240	586	147	733	<nil>
240	593	143	736	<nil>
240	581	163	744	<nil>
240	609	166	775	<nil>
240	626	182	808	<nil>
240	197	0	197	rpc error: code = Unavailable desc = transport is closing
240	582	182	764	<nil>
240	600	182	782	<nil>
240	286	0	286	rpc error: code = Unavailable desc = transport is closing
240	616	169	785	<nil>
240	276	0	276	rpc error: code = Unavailable desc = transport is closing
240	522	172	694	<nil>
240	627	170	797	<nil>
240	624	171	795	<nil>
240	616	173	789	<nil>
240	614	173	787	<nil>
240	621	172	793	<nil>
240	592	178	770	<nil>
240	597	173	770	<nil>
240	595	176	771	<nil>
240	617	173	790	<nil>
240	640	144	784	<nil>
240	616	171	787	<nil>
240	614	175	789	<nil>
240	582	185	767	<nil>
240	598	173	771	<nil>
240	610	173	783	<nil>
240	637	173	810	<nil>
240	597	174	771	<nil>
240	612	174	786	<nil>
240	636	173	809	<nil>
240	622	172	794	<nil>
240	615	174	789	<nil>
240	593	189	782	<nil>
240	599	189	788	<nil>
240	597	174	771	<nil>
240	286	0	286	rpc error: code = Unavailable desc = transport is closing
240	277	0	277	rpc error: code = Unavailable desc = transport is closing
240	619	192	811	<nil>
240	289	0	289	rpc error: code = Unavailable desc = transport is closing
240	647	161	808	<nil>
240	630	187	817	<nil>
240	618	189	807	<nil>
240	618	189	807	<nil>
240	616	192	808	<nil>
240	651	161	812	<nil>
240	616	190	806	<nil>
240	613	191	804	<nil>
240	622	188	810	<nil>
240	631	208	839	<nil>
240	631	190	821	<nil>
240	628	224	852	<nil>
240	305	0	305	rpc error: code = Unavailable desc = transport is closing
240	645	198	843	<nil>
240	619	229	848	<nil>
240	682	163	845	<nil>
240	620	228	848	<nil>
240	620	227	847	<nil>
240	615	228	843	<nil>
240	616	228	844	<nil>
240	616	228	844	<nil>
240	614	230	844	<nil>
240	142	0	142	rpc error: code = Unavailable desc = transport is closing
240	306	0	306	rpc error: code = Unavailable desc = transport is closing
240	697	157	854	<nil>
240	682	243	925	<nil>
240	676	264	940	<nil>
240	671	275	946	<nil>
240	650	313	963	<nil>
240	669	293	962	<nil>
240	650	314	964	<nil>
240	676	288	964	<nil>
240	647	316	963	<nil>
240	691	275	966	<nil>
240	669	295	964	<nil>
240	650	315	965	<nil>
240	673	296	969	<nil>
240	651	317	968	<nil>
240	649	323	972	<nil>
240	175	0	175	rpc error: code = Unavailable desc = transport is closing
240	650	324	974	<nil>
240	670	310	980	<nil>
240	669	326	995	<nil>
240	651	345	996	<nil>
240	185	276	461	<nil>
240	669	342	1011	<nil>
240	185	276	461	<nil>
240	669	342	1011	<nil>
240	670	342	1012	<nil>
240	184	278	462	<nil>
240	162	304	466	<nil>
240	151	360	511	<nil>
240	163	351	514	<nil>
240	186	327	513	<nil>
240	185	329	514	<nil>
240	192	324	516	<nil>
240	185	330	515	<nil>
240	162	354	516	<nil>
240	184	331	515	<nil>
240	188	326	514	<nil>
240	183	331	514	<nil>
240	278	0	278	rpc error: code = Unavailable desc = transport is closing
240	298	0	298	rpc error: code = Unavailable desc = transport is closing
240	304	0	304	rpc error: code = Unavailable desc = transport is closing
240	309	0	309	rpc error: code = Unavailable desc = transport is closing
240	387	0	387	rpc error: code = Unavailable desc = transport is closing
240	303	0	303	rpc error: code = Unavailable desc = transport is closing
240	312	0	312	rpc error: code = Unavailable desc = transport is closing
240	303	0	303	rpc error: code = Unavailable desc = transport is closing
240	303	0	303	rpc error: code = Unavailable desc = transport is closing
240	303	0	303	rpc error: code = Unavailable desc = transport is closing
240	303	0	303	rpc error: code = Unavailable desc = transport is closing
240	149	404	553	<nil>
240	175	377	552	<nil>
240	161	391	552	<nil>
240	177	378	555	<nil>
240	307	0	307	rpc error: code = Unavailable desc = transport is closing
240	186	367	553	<nil>
240	160	393	553	<nil>
240	184	369	553	<nil>
240	160	410	570	<nil>
240	211	0	211	rpc error: code = Unavailable desc = transport is closing
240	302	0	302	rpc error: code = Unavailable desc = transport is closing
240	193	321	514	<nil>
240	160	413	573	<nil>
240	148	424	572	<nil>
240	195	317	512	<nil>
240	160	413	573	<nil>
240	160	413	573	<nil>
240	136	438	574	<nil>
240	160	413	573	<nil>
240	178	339	517	<nil>
240	136	437	573	<nil>
240	183	390	573	<nil>
240	160	413	573	<nil>
240	135	438	573	<nil>
240	160	414	574	<nil>
240	149	425	574	<nil>
240	192	320	512	<nil>
240	135	438	573	<nil>
240	191	347	538	<nil>
240	192	323	515	<nil>
240	191	346	537	<nil>
240	212	326	538	<nil>
240	228	318	546	<nil>
240	195	352	547	<nil>
240	190	356	546	<nil>
240	231	315	546	<nil>
240	187	355	542	<nil>
240	186	355	541	<nil>
240	228	318	546	<nil>
240	198	349	547	<nil>
240	186	352	538	<nil>
240	191	355	546	<nil>
240	218	323	541	<nil>
240	305	0	305	rpc error: code = Unavailable desc = transport is closing
240	186	356	542	<nil>
240	192	355	547	<nil>
240	306	0	306	rpc error: code = Unavailable desc = transport is closing
240	192	355	547	<nil>
240	307	0	307	rpc error: code = Unavailable desc = transport is closing
240	272	0	272	rpc error: code = Unavailable desc = transport is closing
240	231	0	231	rpc error: code = Unavailable desc = transport is closing
240	303	0	303	rpc error: code = Unavailable desc = transport is closing
240	191	459	650	<nil>
240	224	428	652	<nil>
240	224	450	674	<nil>
240	184	455	639	<nil>
240	237	435	672	<nil>
240	221	456	677	<nil>
240	192	453	645	<nil>
240	231	446	677	<nil>
240	232	445	677	<nil>
240	223	454	677	<nil>
240	225	451	676	<nil>
240	223	449	672	<nil>
240	226	446	672	<nil>
240	218	454	672	<nil>
240	220	453	673	<nil>
240	225	452	677	<nil>
240	224	452	676	<nil>
240	294	356	650	<nil>
240	225	439	664	<nil>
240	295	370	665	<nil>
240	246	427	673	<nil>
240	246	426	672	<nil>
240	326	377	703	<nil>
240	277	426	703	<nil>
240	243	400	643	<nil>
240	179	465	644	<nil>
240	302	401	703	<nil>
240	277	427	704	<nil>
240	217	428	645	<nil>
240	225	447	672	<nil>
240	248	402	650	<nil>
240	271	400	671	<nil>
240	231	401	632	<nil>
240	257	446	703	<nil>
240	231	401	632	<nil>
240	271	402	673	<nil>
240	302	401	703	<nil>
240	245	444	689	<nil>
240	281	505	786	<nil>
240	312	474	786	<nil>
240	271	516	787	<nil>
240	271	473	744	<nil>
240	296	493	789	<nil>
240	246	542	788	<nil>
240	384	0	384	rpc error: code = Unavailable desc = transport is closing
240	205	475	680	<nil>
240	381	0	381	rpc error: code = Unavailable desc = transport is closing
240	210	468	678	<nil>
240	223	475	698	<nil>
240	218	477	695	<nil>
240	218	475	693	<nil>
240	201	476	677	<nil>
240	214	480	694	<nil>
240	227	468	695	<nil>
240	384	0	384	rpc error: code = Unavailable desc = transport is closing
240	211	481	692	<nil>
240	211	490	701	<nil>
240	276	402	678	<nil>
240	196	489	685	<nil>
240	276	402	678	<nil>
240	334	0	334	rpc error: code = Unavailable desc = transport is closing
240	326	0	326	rpc error: code = Unavailable desc = transport is closing
240	329	0	329	rpc error: code = Unavailable desc = transport is closing
240	332	0	332	rpc error: code = Unavailable desc = transport is closing
240	377	0	377	rpc error: code = Unavailable desc = transport is closing
240	379	0	379	rpc error: code = Unavailable desc = transport is closing
240	329	0	329	rpc error: code = Unavailable desc = transport is closing
240	331	0	331	rpc error: code = Unavailable desc = transport is closing
240	324	0	324	rpc error: code = Unavailable desc = transport is closing
240	302	0	302	rpc error: code = Unavailable desc = transport is closing
240	278	401	679	<nil>
240	270	1014	1284	<nil>
240	285	1009	1294	<nil>
240	382	0	382	rpc error: code = Unavailable desc = transport is closing
240	286	1015	1301	<nil>
240	284	1010	1294	<nil>
240	279	1026	1305	<nil>
240	300	976	1276	<nil>
240	290	1010	1300	<nil>
240	290	986	1276	<nil>
240	321	961	1282	<nil>
240	271	1001	1272	<nil>
240	350	947	1297	<nil>
240	314	976	1290	<nil>
240	315	1000	1315	<nil>
240	284	1022	1306	<nil>
240	325	0	325	rpc error: code = Unavailable desc = transport is closing
240	297	1008	1305	<nil>
240	293	1021	1314	<nil>
240	331	0	331	rpc error: code = Unavailable desc = transport is closing
240	297	988	1285	<nil>
240	347	957	1304	<nil>
240	297	1001	1298	<nil>
240	284	1022	1306	<nil>
240	330	955	1285	<nil>
240	316	953	1269	<nil>
240	318	957	1275	<nil>
240	310	955	1265	<nil>
240	299	985	1284	<nil>
240	291	985	1276	<nil>
240	320	964	1284	<nil>
240	288	988	1276	<nil>
240	280	956	1236	<nil>
240	319	966	1285	<nil>
240	351	969	1320	<nil>
240	298	0	298	rpc error: code = Unavailable desc = transport is closing
240	301	969	1270	<nil>
240	304	0	304	rpc error: code = Unavailable desc = transport is closing
240	318	0	318	rpc error: code = Unavailable desc = transport is closing
240	327	977	1304	<nil>
240	329	975	1304	<nil>
240	445	940	1385	<nil>
240	333	1056	1389	<nil>
240	391	998	1389	<nil>
240	417	991	1408	<nil>
240	388	991	1379	<nil>
240	383	998	1381	<nil>
240	410	998	1408	<nil>
240	398	991	1389	<nil>
240	335	0	335	rpc error: code = Unavailable desc = transport is closing
240	360	1001	1361	<nil>
240	391	1001	1392	<nil>
240	391	1027	1418	<nil>
240	367	1021	1388	<nil>
240	417	1022	1439	<nil>
240	390	1030	1420	<nil>
240	410	964	1374	<nil>
240	431	961	1392	<nil>
240	457	966	1423	<nil>
240	368	1024	1392	<nil>
240	380	1024	1404	<nil>
240	431	960	1391	<nil>
240	348	1024	1372	<nil>
240	319	962	1281	<nil>
240	314	962	1276	<nil>
240	319	962	1281	<nil>
240	325	953	1278	<nil>
240	319	963	1282	<nil>
240	325	953	1278	<nil>
240	341	940	1281	<nil>
240	335	963	1298	<nil>
240	430	963	1393	<nil>
240	298	944	1242	<nil>
240	320	963	1283	<nil>
240	345	965	1310	<nil>
240	430	962	1392	<nil>
240	328	952	1280	<nil>
240	349	1024	1373	<nil>
240	338	0	338	rpc error: code = Unavailable desc = transport is closing
240	298	1014	1312	<nil>
240	335	0	335	rpc error: code = Unavailable desc = transport is closing
240	335	0	335	rpc error: code = Unavailable desc = transport is closing
240	319	1017	1336	<nil>
240	337	0	337	rpc error: code = Unavailable desc = transport is closing
240	324	0	324	rpc error: code = Unavailable desc = transport is closing
240	341	0	341	rpc error: code = Unavailable desc = transport is closing
240	338	0	338	rpc error: code = Unavailable desc = transport is closing
240	340	0	340	rpc error: code = Unavailable desc = transport is closing
240	275	1031	1306	<nil>
240	345	0	345	rpc error: code = Unavailable desc = transport is closing
240	353	1034	1387	<nil>
240	276	1021	1297	<nil>
240	355	927	1282	<nil>
240	304	1042	1346	<nil>
240	343	1045	1388	<nil>
240	279	1019	1298	<nil>
240	279	1019	1298	<nil>
240	347	951	1298	<nil>
240	304	1046	1350	<nil>
240	344	1042	1386	<nil>
240	303	1044	1347	<nil>
240	359	930	1289	<nil>
240	306	1042	1348	<nil>
240	369	945	1314	<nil>
240	360	972	1332	<nil>
240	359	971	1330	<nil>
240	372	978	1350	<nil>
240	368	976	1344	<nil>
240	367	977	1344	<nil>
240	369	977	1346	<nil>
240	360	977	1337	<nil>
240	344	977	1321	<nil>
240	393	944	1337	<nil>
240	377	957	1334	<nil>
240	380	944	1324	<nil>
240	405	944	1349	<nil>
240	394	944	1338	<nil>
240	393	961	1354	<nil>
240	396	959	1355	<nil>
240	380	961	1341	<nil>
240	394	962	1356	<nil>
240	397	961	1358	<nil>
240	382	961	1343	<nil>
240	382	961	1343	<nil>
240	345	961	1306	<nil>
240	351	989	1340	<nil>
240	938	442	1380	<nil>
240	937	443	1380	<nil>
240	937	444	1381	<nil>
240	965	444	1409	<nil>
240	951	431	1382	<nil>
240	957	428	1385	<nil>
240	952	436	1388	<nil>
240	956	428	1384	<nil>
240	957	450	1407	<nil>
240	963	450	1413	<nil>
240	958	455	1413	<nil>
240	962	449	1411	<nil>
240	964	449	1413	<nil>
240	913	435	1348	<nil>
240	962	440	1402	<nil>
240	912	436	1348	<nil>
240	971	441	1412	<nil>
240	963	440	1403	<nil>
240	912	435	1347	<nil>
240	976	436	1412	<nil>
240	896	453	1349	<nil>
240	906	436	1342	<nil>
240	1001	435	1436	<nil>
240	933	437	1370	<nil>
240	907	436	1343	<nil>
240	971	442	1413	<nil>
240	960	453	1413	<nil>
240	908	436	1344	<nil>
240	964	451	1415	<nil>
240	912	434	1346	<nil>
240	952	450	1402	<nil>
240	962	450	1412	<nil>
240	912	434	1346	<nil>
240	980	435	1415	<nil>
240	932	420	1352	<nil>
240	964	481	1445	<nil>
240	982	466	1448	<nil>
240	967	482	1449	<nil>
240	959	487	1446	<nil>
240	993	454	1447	<nil>
240	998	454	1452	<nil>
240	919	529	1448	<nil>
240	948	504	1452	<nil>
240	927	470	1397	<nil>
240	929	470	1399	<nil>
240	946	470	1416	<nil>
240	1034	0	1034	rpc error: code = Unavailable desc = transport is closing
240	1028	0	1028	rpc error: code = Unavailable desc = transport is closing
240	1023	0	1023	rpc error: code = Unavailable desc = transport is closing
240	1033	0	1033	rpc error: code = Unavailable desc = transport is closing
240	1034	0	1034	rpc error: code = Unavailable desc = transport is closing
240	1041	0	1041	rpc error: code = Unavailable desc = transport is closing
240	1033	0	1033	rpc error: code = Unavailable desc = transport is closing
240	1037	0	1037	rpc error: code = Unavailable desc = transport is closing
240	1078	0	1078	rpc error: code = Unavailable desc = transport is closing
240	1044	0	1044	rpc error: code = Unavailable desc = transport is closing
240	1058	0	1058	rpc error: code = Unavailable desc = transport is closing
240	1029	0	1029	rpc error: code = Unavailable desc = transport is closing
240	1062	0	1062	rpc error: code = Unavailable desc = transport is closing
240	1043	0	1043	rpc error: code = Unavailable desc = transport is closing
240	1053	0	1053	rpc error: code = Unavailable desc = transport is closing
240	1078	0	1078	rpc error: code = Unavailable desc = transport is closing
240	1093	0	1093	rpc error: code = Unavailable desc = transport is closing
240	1066	0	1066	rpc error: code = Unavailable desc = transport is closing
240	1077	0	1077	rpc error: code = Unavailable desc = transport is closing
240	1093	0	1093	rpc error: code = Unavailable desc = transport is closing
240	1054	0	1054	rpc error: code = Unavailable desc = transport is closing
240	1077	0	1077	rpc error: code = Unavailable desc = transport is closing
240	1051	0	1051	rpc error: code = Unavailable desc = transport is closing
240	1084	0	1084	rpc error: code = Unavailable desc = transport is closing
240	1050	422	1472	<nil>
240	1050	422	1472	<nil>
240	1068	411	1479	<nil>
240	1078	396	1474	<nil>
240	1057	417	1474	<nil>
240	1084	415	1499	<nil>
240	1084	415	1499	<nil>
240	1079	415	1494	<nil>
240	1093	415	1508	<nil>
240	1084	415	1499	<nil>
240	1084	415	1499	<nil>
240	1093	418	1511	<nil>
240	998	0	998	rpc error: code = Unavailable desc = transport is closing
240	1001	0	1001	rpc error: code = Unavailable desc = transport is closing
240	1005	0	1005	rpc error: code = Unavailable desc = transport is closing
240	1006	0	1006	rpc error: code = Unavailable desc = transport is closing
240	1001	0	1001	rpc error: code = Unavailable desc = transport is closing
240	1004	0	1004	rpc error: code = Unavailable desc = transport is closing
240	467	182	649	<nil>
240	401	179	580	<nil>
240	466	190	656	<nil>
240	468	183	651	<nil>
240	354	35	389	<nil>
240	393	38	431	<nil>
240	467	186	653	<nil>
240	397	178	575	<nil>
240	465	185	650	<nil>
240	248	6	254	<nil>
240	261	7	268	<nil>
240	339	43	382	<nil>
240	461	187	648	<nil>
240	395	178	573	<nil>
240	452	188	640	<nil>
240	464	188	652	<nil>
240	114	4	118	<nil>
240	203	20	223	<nil>
240	207	20	227	<nil>
240	466	187	653	<nil>
240	454	187	641	<nil>
240	457	184	641	<nil>
240	135	7	142	<nil>
240	466	187	653	<nil>
240	460	188	648	<nil>
240	454	189	643	<nil>
240	398	178	576	<nil>
240	456	188	644	<nil>
240	450	109	559	<nil>
240	219	10	229	<nil>
240	451	117	568	<nil>
240	432	110	542	<nil>
240	459	88	547	<nil>
240	442	102	544	<nil>
240	432	110	542	<nil>
240	40	3	43	<nil>
240	416	86	502	<nil>
240	435	109	544	<nil>
240	447	109	556	<nil>
240	442	87	529	<nil>
240	435	109	544	<nil>
240	457	87	544	<nil>
240	282	1	283	<nil>
240	451	116	567	<nil>
240	451	117	568	<nil>
240	454	90	544	<nil>
240	451	92	543	<nil>
240	416	87	503	<nil>
240	394	37	431	<nil>
240	454	89	543	<nil>
240	449	111	560	<nil>
240	427	36	463	<nil>
240	394	37	431	<nil>
240	424	39	463	<nil>
240	412	38	450	<nil>
240	470	183	653	<nil>
240	424	40	464	<nil>
240	441	42	483	<nil>
240	422	38	460	<nil>
240	441	38	479	<nil>
240	425	62	487	<nil>
240	429	33	462	<nil>
240	423	38	461	<nil>
240	396	36	432	<nil>
240	424	39	463	<nil>
240	422	62	484	<nil>
240	423	39	462	<nil>
240	422	65	487	<nil>
240	431	69	500	<nil>
240	472	177	649	<nil>
240	425	59	484	<nil>
240	337	32	369	<nil>
240	357	43	400	<nil>
240	336	33	369	<nil>
240	335	32	367	<nil>
240	328	41	369	<nil>
240	356	44	400	<nil>
240	343	33	376	<nil>
240	339	33	372	<nil>
240	397	180	577	<nil>
240	206	8	214	<nil>
240	466	186	652	<nil>
240	257	9	266	<nil>
240	265	7	272	<nil>
240	337	39	376	<nil>
240	249	5	254	<nil>
240	337	39	376	<nil>
240	265	11	276	<nil>
240	338	39	377	<nil>
240	339	41	380	<nil>
240	210	9	219	<nil>
240	336	41	377	<nil>
240	271	7	278	<nil>
240	337	40	377	<nil>
240	338	43	381	<nil>
240	342	41	383	<nil>
240	335	43	378	<nil>
240	463	188	651	<nil>
240	337	43	380	<nil>
240	337	42	379	<nil>
240	269	9	278	<nil>
240	338	41	379	<nil>
240	337	41	378	<nil>
240	341	42	383	<nil>
240	339	42	381	<nil>
240	336	42	378	<nil>
240	100	0	100	<nil>
240	335	43	378	<nil>
240	337	41	378	<nil>
240	340	44	384	<nil>
240	371	7	378	<nil>
240	466	186	652	<nil>
240	133	5	138	<nil>
240	206	17	223	<nil>
240	205	16	221	<nil>
240	206	15	221	<nil>
240	212	14	226	<nil>
240	205	16	221	<nil>
240	208	13	221	<nil>
240	465	188	653	<nil>
240	207	15	222	<nil>
240	134	5	139	<nil>
240	205	16	221	<nil>
240	209	16	225	<nil>
240	205	16	221	<nil>
240	217	6	223	<nil>
240	249	24	273	<nil>
240	204	18	222	<nil>
240	206	17	223	<nil>
240	205	17	222	<nil>
240	205	19	224	<nil>
240	280	5	285	<nil>
240	448	191	639	<nil>
240	114	5	119	<nil>
240	207	24	231	<nil>
240	381	7	388	<nil>
240	400	183	583	<nil>
240	467	186	653	<nil>
240	142	6	148	<nil>
240	86	10	96	<nil>
240	85	9	94	<nil>
240	218	9	227	<nil>
240	109	13	122	<nil>
240	85	9	94	<nil>
240	111	10	121	<nil>
240	113	9	122	<nil>
240	87	8	95	<nil>
240	85	10	95	<nil>
240	219	7	226	<nil>
240	432	109	541	<nil>
240	112	9	121	<nil>
240	39	2	41	<nil>
240	432	88	520	<nil>
240	391	0	391	<nil>
240	354	35	389	<nil>
240	137	7	144	<nil>
240	204	19	223	<nil>
240	355	35	390	<nil>
240	400	2	402	<nil>
240	131	346	477	<nil>
240	489	20	509	<nil>
240	498	12	510	<nil>
240	491	16	507	<nil>
240	507	43	550	<nil>
240	499	12	511	<nil>
240	492	18	510	<nil>
240	490	19	509	<nil>
240	492	18	510	<nil>
240	497	13	510	<nil>
240	488	20	508	<nil>
240	495	13	508	<nil>
240	493	16	509	<nil>
240	490	17	507	<nil>
240	495	14	509	<nil>
240	506	29	535	<nil>
240	515	15	530	<nil>
240	497	13	510	<nil>
240	488	20	508	<nil>
240	494	17	511	<nil>
240	498	14	512	<nil>
240	504	15	519	<nil>
240	506	13	519	<nil>
240	505	20	525	<nil>
240	528	3	531	<nil>
240	519	15	534	<nil>
240	508	11	519	<nil>
240	505	15	520	<nil>
240	506	14	520	<nil>
240	509	9	518	<nil>
240	507	15	522	<nil>
240	526	11	537	<nil>
240	506	15	521	<nil>
240	513	6	519	<nil>
240	481	32	513	<nil>
240	506	15	521	<nil>
240	504	15	519	<nil>
240	506	20	526	<nil>
240	505	20	525	<nil>
240	505	20	525	<nil>
240	495	17	512	<nil>
240	506	20	526	<nil>
240	521	6	527	<nil>
240	505	20	525	<nil>
240	522	24	546	<nil>
240	536	96	632	<nil>
240	520	99	619	<nil>
240	523	105	628	<nil>
240	525	102	627	<nil>
240	524	104	628	<nil>
240	518	107	625	<nil>
240	521	107	628	<nil>
240	526	103	629	<nil>
240	527	102	629	<nil>
240	526	102	628	<nil>
240	524	103	627	<nil>
240	526	118	644	<nil>
240	527	118	645	<nil>
240	538	118	656	<nil>
240	526	118	644	<nil>
240	527	118	645	<nil>
240	538	118	656	<nil>
240	527	133	660	<nil>
240	527	133	660	<nil>
240	529	132	661	<nil>
240	549	150	699	<nil>
240	539	152	691	<nil>
240	528	158	686	<nil>
240	521	175	696	<nil>
240	525	169	694	<nil>
240	536	156	692	<nil>
240	521	173	694	<nil>
240	571	123	694	<nil>
240	510	180	690	<nil>
240	181	139	320	<nil>
240	539	155	694	<nil>
240	539	155	694	<nil>
240	546	147	693	<nil>
240	526	173	699	<nil>
240	528	163	691	<nil>
240	531	163	694	<nil>
240	532	162	694	<nil>
240	536	163	699	<nil>
240	538	156	694	<nil>
240	513	205	718	<nil>
240	538	156	694	<nil>
240	522	180	702	<nil>
240	529	175	704	<nil>
240	523	176	699	<nil>
240	529	173	702	<nil>
240	523	187	710	<nil>
240	531	178	709	<nil>
240	520	204	724	<nil>
240	523	203	726	<nil>
240	522	205	727	<nil>
240	172	35	207	<nil>
240	515	179	694	<nil>
240	525	207	732	<nil>
240	524	201	725	<nil>
240	181	24	205	<nil>
240	519	205	724	<nil>
240	518	207	725	<nil>
240	518	206	724	<nil>
240	519	190	709	<nil>
240	518	206	724	<nil>
240	179	22	201	<nil>
240	520	206	726	<nil>
240	522	207	729	<nil>
240	530	209	739	<nil>
240	536	198	734	<nil>
240	529	168	697	<nil>
240	517	209	726	<nil>
240	518	208	726	<nil>
240	523	203	726	<nil>
240	527	205	732	<nil>
240	524	204	728	<nil>
240	524	208	732	<nil>
240	523	205	728	<nil>
240	524	210	734	<nil>
240	519	210	729	<nil>
240	523	207	730	<nil>
240	523	213	736	<nil>
240	181	24	205	<nil>
240	180	35	215	<nil>
240	181	32	213	<nil>
240	181	33	214	<nil>
240	182	23	205	<nil>
240	520	214	734	<nil>
240	182	32	214	<nil>
240	520	214	734	<nil>
240	191	23	214	<nil>
240	520	217	737	<nil>
240	194	25	219	<nil>
240	522	214	736	<nil>
240	184	24	208	<nil>
240	518	220	738	<nil>
240	190	36	226	<nil>
240	519	220	739	<nil>
240	179	38	217	<nil>
240	179	38	217	<nil>
240	523	221	744	<nil>
240	183	26	209	<nil>
240	192	26	218	<nil>
240	518	222	740	<nil>
240	176	27	203	<nil>
240	520	220	740	<nil>
240	520	220	740	<nil>
240	519	222	741	<nil>
240	519	223	742	<nil>
240	193	26	219	<nil>
240	522	219	741	<nil>
240	193	28	221	<nil>
240	194	28	222	<nil>
240	193	28	221	<nil>
240	191	29	220	<nil>
240	185	29	214	<nil>
240	201	20	221	<nil>
240	183	29	212	<nil>
240	191	30	221	<nil>
240	191	21	212	<nil>
240	183	29	212	<nil>
240	184	31	215	<nil>
240	191	30	221	<nil>
240	185	30	215	<nil>
240	184	30	214	<nil>
240	189	28	217	<nil>
240	185	32	217	<nil>
240	191	28	219	<nil>
240	188	32	220	<nil>
240	187	33	220	<nil>
240	192	28	220	<nil>
240	181	33	214	<nil>
240	151	33	184	<nil>
240	193	28	221	<nil>
240	191	30	221	<nil>
240	179	36	215	<nil>
240	99	30	129	<nil>
240	96	31	127	<nil>
240	95	33	128	<nil>
240	94	36	130	<nil>
240	97	32	129	<nil>
240	95	32	127	<nil>
240	99	29	128	<nil>
240	101	27	128	<nil>
240	111	17	128	<nil>
240	103	23	126	<nil>
240	101	28	129	<nil>
240	75	24	99	<nil>
240	86	28	114	<nil>
240	71	28	99	<nil>
240	71	29	100	<nil>
240	78	22	100	<nil>
240	84	30	114	<nil>
240	76	25	101	<nil>
240	77	24	101	<nil>
240	50	17	67	<nil>
240	43	29	72	<nil>
240	40	29	69	<nil>
240	40	30	70	<nil>
240	39	30	69	<nil>
240	255	14	269	<nil>
240	271	13	284	<nil>
240	270	14	284	<nil>
240	270	14	284	<nil>
240	216	13	229	<nil>
240	271	13	284	<nil>
240	241	13	254	<nil>
240	270	14	284	<nil>
240	271	14	285	<nil>
240	263	13	276	<nil>
240	217	14	231	<nil>
240	231	15	246	<nil>
240	242	14	256	<nil>
240	248	14	262	<nil>
240	213	15	228	<nil>
240	271	15	286	<nil>
240	221	14	235	<nil>
240	222	15	237	<nil>
240	256	13	269	<nil>
240	242	23	265	<nil>
240	274	20	294	<nil>
240	244	21	265	<nil>
240	255	13	268	<nil>
240	225	20	245	<nil>
240	226	15	241	<nil>
240	224	18	242	<nil>
240	253	21	274	<nil>
240	265	20	285	<nil>
240	273	22	295	<nil>
240	241	20	261	<nil>
240	242	15	257	<nil>
240	274	21	295	<nil>
240	255	20	275	<nil>
240	235	21	256	<nil>
240	223	20	243	<nil>
240	219	22	241	<nil>
240	272	24	296	<nil>
240	224	21	245	<nil>
240	249	17	266	<nil>
240	227	18	245	<nil>
240	261	23	284	<nil>
240	252	20	272	<nil>
240	231	17	248	<nil>
240	241	21	262	<nil>
240	225	18	243	<nil>
240	238	24	262	<nil>
240	224	18	242	<nil>
240	255	6	261	<nil>
240	266	1	267	<nil>
240	241	18	259	<nil>
240	257	18	275	<nil>
240	243	18	261	<nil>
240	248	18	266	<nil>
240	228	18	246	<nil>
240	264	5	269	<nil>
240	242	18	260	<nil>
240	238	5	243	<nil>
240	254	5	259	<nil>
240	257	4	261	<nil>
240	224	18	242	<nil>
240	246	18	264	<nil>
240	253	18	271	<nil>
240	263	6	269	<nil>
240	241	19	260	<nil>
240	227	18	245	<nil>
240	268	4	272	<nil>
240	262	2	264	<nil>
240	243	4	247	<nil>
240	240	7	247	<nil>
240	241	3	244	<nil>
240	267	3	270	<nil>
240	255	8	263	<nil>
240	241	3	244	<nil>
240	248	20	268	<nil>
240	248	19	267	<nil>
240	240	6	246	<nil>
240	263	4	267	<nil>
240	270	5	275	<nil>
240	246	3	249	<nil>
240	262	4	266	<nil>
240	258	8	266	<nil>
240	266	5	271	<nil>
240	236	9	245	<nil>
240	252	10	262	<nil>
240	243	19	262	<nil>
240	256	6	262	<nil>
240	268	7	275	<nil>
240	269	7	276	<nil>
240	260	9	269	<nil>
240	250	11	261	<nil>
240	250	11	261	<nil>
240	269	12	281	<nil>
240	262	10	272	<nil>
240	251	16	267	<nil>
240	263	10	273	<nil>
240	263	8	271	<nil>
240	252	9	261	<nil>
240	260	9	269	<nil>
240	259	7	266	<nil>
240	251	13	264	<nil>
240	259	14	273	<nil>
240	265	12	277	<nil>
240	256	7	263	<nil>
240	258	12	270	<nil>
240	260	13	273	<nil>
240	255	13	268	<nil>
240	238	14	252	<nil>
240	262	13	275	<nil>
240	258	13	271	<nil>
240	276	12	288	<nil>
240	250	15	265	<nil>
240	254	11	265	<nil>
240	254	18	272	<nil>
240	237	14	251	<nil>
240	255	14	269	<nil>
240	276	13	289	<nil>
240	260	16	276	<nil>
240	244	18	262	<nil>
240	252	16	268	<nil>
240	248	13	261	<nil>
240	251	17	268	<nil>
240	254	17	271	<nil>
240	256	17	273	<nil>
240	265	17	282	<nil>
240	247	17	264	<nil>
240	255	16	271	<nil>
240	246	18	264	<nil>
240	260	23	283	<nil>
240	259	9	268	<nil>
240	261	11	272	<nil>
240	237	12	249	<nil>
240	542	0	542	rpc error: code = Unavailable desc = transport is closing
240	551	0	551	rpc error: code = Unavailable desc = transport is closing
240	487	0	487	rpc error: code = Unavailable desc = transport is closing
240	552	0	552	rpc error: code = Unavailable desc = transport is closing
240	459	0	459	rpc error: code = Unavailable desc = transport is closing
240	474	0	474	rpc error: code = Unavailable desc = transport is closing
240	552	0	552	rpc error: code = Unavailable desc = transport is closing
240	509	0	509	rpc error: code = Unavailable desc = transport is closing
240	440	0	440	rpc error: code = Unavailable desc = transport is closing
240	551	0	551	rpc error: code = Unavailable desc = transport is closing
240	529	0	529	rpc error: code = Unavailable desc = transport is closing
240	551	0	551	rpc error: code = Unavailable desc = transport is closing
240	561	0	561	rpc error: code = Unavailable desc = transport is closing
240	538	0	538	rpc error: code = Unavailable desc = transport is closing
240	554	0	554	rpc error: code = Unavailable desc = transport is closing
240	557	0	557	rpc error: code = Unavailable desc = transport is closing
240	563	0	563	rpc error: code = Unavailable desc = transport is closing
240	478	0	478	rpc error: code = Unavailable desc = transport is closing
240	467	0	467	rpc error: code = Unavailable desc = transport is closing
240	543	0	543	rpc error: code = Unavailable desc = transport is closing
240	184	9	193	<nil>
240	190	0	190	rpc error: code = Unavailable desc = transport is closing
240	553	0	553	rpc error: code = Unavailable desc = transport is closing
240	190	0	190	rpc error: code = Unavailable desc = transport is closing
240	190	20	210	<nil>
240	189	20	209	<nil>
240	189	21	210	<nil>
240	190	20	210	<nil>
240	479	0	479	rpc error: code = Unavailable desc = transport is closing
240	561	0	561	rpc error: code = Unavailable desc = transport is closing
240	480	0	480	rpc error: code = Unavailable desc = transport is closing
240	542	0	542	rpc error: code = Unavailable desc = transport is closing
240	552	0	552	rpc error: code = Unavailable desc = transport is closing
240	480	0	480	rpc error: code = Unavailable desc = transport is closing
240	528	0	528	rpc error: code = Unavailable desc = transport is closing
240	479	0	479	rpc error: code = Unavailable desc = transport is closing
240	483	0	483	rpc error: code = Unavailable desc = transport is closing
240	209	9	218	<nil>
240	542	0	542	rpc error: code = Unavailable desc = transport is closing
240	562	0	562	rpc error: code = Unavailable desc = transport is closing
240	189	0	189	rpc error: code = Unavailable desc = transport is closing
240	191	26	217	<nil>
240	194	49	243	<nil>
240	167	49	216	<nil>
240	196	49	245	<nil>
240	196	49	245	<nil>
240	200	43	243	<nil>
240	195	49	244	<nil>
240	192	53	245	<nil>
240	194	50	244	<nil>
240	193	53	246	<nil>
240	194	50	244	<nil>
240	194	50	244	<nil>
240	191	55	246	<nil>
240	194	50	244	<nil>
240	481	0	481	rpc error: code = Unavailable desc = transport is closing
240	193	28	221	<nil>
240	214	29	243	<nil>
240	196	27	223	<nil>
240	214	29	243	<nil>
240	190	31	221	<nil>
240	195	31	226	<nil>
240	196	32	228	<nil>
240	195	37	232	<nil>
240	195	37	232	<nil>
240	193	97	290	<nil>
240	197	661	858	<nil>
240	196	659	855	<nil>
240	200	659	859	<nil>
240	223	657	880	<nil>
240	204	658	862	<nil>
240	211	659	870	<nil>
240	207	662	869	<nil>
240	195	700	895	<nil>
240	207	660	867	<nil>
240	212	675	887	<nil>
240	214	671	885	<nil>
240	208	676	884	<nil>
240	217	671	888	<nil>
240	215	669	884	<nil>
240	213	675	888	<nil>
240	208	676	884	<nil>
240	208	675	883	<nil>
240	1052	0	1052	rpc error: code = Unavailable desc = transport is closing
240	215	670	885	<nil>
240	218	670	888	<nil>
240	208	676	884	<nil>
240	214	676	890	<nil>
240	219	671	890	<nil>
240	188	682	870	<nil>
240	213	671	884	<nil>
240	212	670	882	<nil>
240	214	677	891	<nil>
240	220	673	893	<nil>
240	208	671	879	<nil>
240	1054	0	1054	rpc error: code = Unavailable desc = transport is closing
240	211	677	888	<nil>
240	210	668	878	<nil>
240	1048	0	1048	rpc error: code = Unavailable desc = transport is closing
240	222	671	893	<nil>
240	207	671	878	<nil>
240	201	680	881	<nil>
240	213	671	884	<nil>
240	221	672	893	<nil>
240	210	679	889	<nil>
240	210	677	887	<nil>
240	217	673	890	<nil>
240	203	677	880	<nil>
240	234	682	916	<nil>
240	221	674	895	<nil>
240	215	678	893	<nil>
240	219	674	893	<nil>
240	220	676	896	<nil>
240	200	683	883	<nil>
240	211	682	893	<nil>
240	1046	0	1046	rpc error: code = Unavailable desc = transport is closing
240	1048	0	1048	rpc error: code = Unavailable desc = transport is closing
240	1078	0	1078	rpc error: code = Unavailable desc = transport is closing
240	1047	0	1047	rpc error: code = Unavailable desc = transport is closing
240	1047	0	1047	rpc error: code = Unavailable desc = transport is closing
240	480	0	480	rpc error: code = Unavailable desc = transport is closing
240	209	677	886	<nil>
240	219	671	890	<nil>
240	1054	0	1054	rpc error: code = Unavailable desc = transport is closing
240	210	669	879	<nil>
240	1045	0	1045	rpc error: code = Unavailable desc = transport is closing
240	201	677	878	<nil>
240	217	671	888	<nil>
240	1064	0	1064	rpc error: code = Unavailable desc = transport is closing
240	221	681	902	<nil>
240	507	0	507	rpc error: code = Unavailable desc = transport is closing
240	208	680	888	<nil>
240	484	0	484	rpc error: code = Unavailable desc = transport is closing
240	510	0	510	rpc error: code = Unavailable desc = transport is closing
240	849	75	924	<nil>
240	841	69	910	<nil>
240	486	0	486	rpc error: code = Unavailable desc = transport is closing
240	485	0	485	rpc error: code = Unavailable desc = transport is closing
240	483	0	483	rpc error: code = Unavailable desc = transport is closing
240	484	0	484	rpc error: code = Unavailable desc = transport is closing
240	480	0	480	rpc error: code = Unavailable desc = transport is closing
240	483	0	483	rpc error: code = Unavailable desc = transport is closing
240	482	0	482	rpc error: code = Unavailable desc = transport is closing
240	487	0	487	rpc error: code = Unavailable desc = transport is closing
240	216	685	901	<nil>
240	290	606	896	<nil>
240	209	676	885	<nil>
240	190	709	899	<nil>
240	220	679	899	<nil>
240	203	684	887	<nil>
240	210	676	886	<nil>
240	271	650	921	<nil>
240	217	704	921	<nil>
240	484	0	484	rpc error: code = Unavailable desc = transport is closing
240	220	681	901	<nil>
240	210	675	885	<nil>
240	483	0	483	rpc error: code = Unavailable desc = transport is closing
240	220	680	900	<nil>
240	220	677	897	<nil>
240	222	679	901	<nil>
240	227	675	902	<nil>
240	258	628	886	<nil>
240	485	0	485	rpc error: code = Unavailable desc = transport is closing
240	208	679	887	<nil>
240	216	671	887	<nil>
240	224	677	901	<nil>
240	1041	0	1041	rpc error: code = Unavailable desc = transport is closing
240	485	0	485	rpc error: code = Unavailable desc = transport is closing
240	295	607	902	<nil>
240	235	667	902	<nil>
240	219	668	887	<nil>
240	209	677	886	<nil>
240	250	650	900	<nil>
240	484	0	484	rpc error: code = Unavailable desc = transport is closing
240	485	0	485	rpc error: code = Unavailable desc = transport is closing
240	482	0	482	rpc error: code = Unavailable desc = transport is closing
240	483	0	483	rpc error: code = Unavailable desc = transport is closing
240	484	0	484	rpc error: code = Unavailable desc = transport is closing
240	483	0	483	rpc error: code = Unavailable desc = transport is closing
240	238	647	885	<nil>
240	204	677	881	<nil>
240	543	0	543	rpc error: code = Unavailable desc = transport is closing
240	481	0	481	rpc error: code = Unavailable desc = transport is closing
240	544	0	544	rpc error: code = Unavailable desc = transport is closing
240	561	0	561	rpc error: code = Unavailable desc = transport is closing
240	552	0	552	rpc error: code = Unavailable desc = transport is closing
240	561	0	561	rpc error: code = Unavailable desc = transport is closing
240	544	0	544	rpc error: code = Unavailable desc = transport is closing
240	562	0	562	rpc error: code = Unavailable desc = transport is closing
240	551	0	551	rpc error: code = Unavailable desc = transport is closing
240	562	0	562	rpc error: code = Unavailable desc = transport is closing
240	553	0	553	rpc error: code = Unavailable desc = transport is closing
240	542	0	542	rpc error: code = Unavailable desc = transport is closing
240	456	0	456	rpc error: code = Unavailable desc = transport is closing
240	220	668	888	<nil>
240	219	669	888	<nil>
240	218	669	887	<nil>
240	218	685	903	<nil>
240	218	683	901	<nil>
240	215	677	892	<nil>
240	553	0	553	rpc error: code = Unavailable desc = transport is closing
240	1043	0	1043	rpc error: code = Unavailable desc = transport is closing
240	209	669	878	<nil>
240	484	0	484	rpc error: code = Unavailable desc = transport is closing
240	458	0	458	rpc error: code = Unavailable desc = transport is closing
240	485	0	485	rpc error: code = Unavailable desc = transport is closing
240	1054	0	1054	rpc error: code = Unavailable desc = transport is closing
240	482	0	482	rpc error: code = Unavailable desc = transport is closing
240	1064	0	1064	rpc error: code = Unavailable desc = transport is closing
240	486	0	486	rpc error: code = Unavailable desc = transport is closing
240	483	0	483	rpc error: code = Unavailable desc = transport is closing
240	485	0	485	rpc error: code = Unavailable desc = transport is closing
240	845	66	911	<nil>
240	844	66	910	<nil>
240	850	75	925	<nil>
240	842	70	912	<nil>
240	856	70	926	<nil>
240	852	70	922	<nil>
240	836	75	911	<nil>
240	697	54	751	<nil>
240	842	69	911	<nil>
240	860	67	927	<nil>
240	228	665	893	<nil>
240	716	39	755	<nil>
240	717	39	756	<nil>
240	717	57	774	<nil>
240	730	13	743	<nil>
240	729	28	757	<nil>
240	707	30	737	<nil>
240	735	27	762	<nil>
240	723	22	745	<nil>
240	704	28	732	<nil>
240	715	29	744	<nil>
240	699	28	727	<nil>
240	726	30	756	<nil>
240	716	28	744	<nil>
240	755	5	760	<nil>
240	700	32	732	<nil>
240	714	35	749	<nil>
240	727	30	757	<nil>
240	742	93	835	<nil>
240	787	102	889	<nil>
240	685	105	790	<nil>
240	735	101	836	<nil>
240	743	128	871	<nil>
240	724	162	886	<nil>
240	743	127	870	<nil>
240	764	102	866	<nil>
240	715	211	926	<nil>
240	730	153	883	<nil>
240	757	178	935	<nil>
240	780	177	957	<nil>
240	744	291	1035	<nil>
240	772	291	1063	<nil>
240	774	293	1067	<nil>
240	699	329	1028	<nil>
240	699	335	1034	<nil>
240	729	311	1040	<nil>
240	750	317	1067	<nil>
240	715	369	1084	<nil>
240	726	342	1068	<nil>
240	723	342	1065	<nil>
240	735	365	1100	<nil>
240	728	371	1099	<nil>
240	714	373	1087	<nil>
240	729	341	1070	<nil>
240	635	375	1010	<nil>
240	827	246	1073	<nil>
240	680	374	1054	<nil>
240	715	374	1089	<nil>
240	699	373	1072	<nil>
240	364	0	364	rpc error: code = Unavailable desc = transport is closing
240	366	0	366	rpc error: code = Unavailable desc = transport is closing
240	1067	0	1067	rpc error: code = Unavailable desc = transport is closing
240	366	0	366	rpc error: code = Unavailable desc = transport is closing
240	380	0	380	rpc error: code = Unavailable desc = transport is closing
240	364	0	364	rpc error: code = Unavailable desc = transport is closing
240	341	0	341	rpc error: code = Unavailable desc = transport is closing
240	364	0	364	rpc error: code = Unavailable desc = transport is closing
240	366	0	366	rpc error: code = Unavailable desc = transport is closing
240	338	0	338	rpc error: code = Unavailable desc = transport is closing
240	176	254	430	<nil>
240	237	192	429	<nil>
240	320	0	320	rpc error: code = Unavailable desc = transport is closing
240	343	0	343	rpc error: code = Unavailable desc = transport is closing
240	345	0	345	rpc error: code = Unavailable desc = transport is closing
240	349	0	349	rpc error: code = Unavailable desc = transport is closing
240	348	0	348	rpc error: code = Unavailable desc = transport is closing
240	342	0	342	rpc error: code = Unavailable desc = transport is closing
240	698	406	1104	<nil>
240	1015	116	1131	<nil>
240	236	196	432	<nil>
240	342	0	342	rpc error: code = Unavailable desc = transport is closing
240	340	0	340	rpc error: code = Unavailable desc = transport is closing
240	355	0	355	rpc error: code = Unavailable desc = transport is closing
240	370	0	370	rpc error: code = Unavailable desc = transport is closing
240	178	252	430	<nil>
240	348	0	348	rpc error: code = Unavailable desc = transport is closing
240	387	0	387	rpc error: code = Unavailable desc = transport is closing
240	695	415	1110	<nil>
240	1083	0	1083	rpc error: code = Unavailable desc = transport is closing
240	134	304	438	<nil>
240	167	288	455	<nil>
240	699	415	1114	<nil>
240	735	380	1115	<nil>
240	726	418	1144	<nil>
240	699	416	1115	<nil>
240	187	268	455	<nil>
240	84	385	469	<nil>
240	398	0	398	rpc error: code = Unavailable desc = transport is closing
240	1025	79	1104	<nil>
240	80	390	470	<nil>
240	97	389	486	<nil>
240	718	402	1120	<nil>
240	699	417	1116	<nil>
240	460	0	460	rpc error: code = Unavailable desc = transport is closing
240	749	290	1039	<nil>
240	1081	0	1081	rpc error: code = Unavailable desc = transport is closing
240	687	414	1101	<nil>
240	440	0	440	rpc error: code = Unavailable desc = transport is closing
240	1066	0	1066	rpc error: code = Unavailable desc = transport is closing
240	1068	0	1068	rpc error: code = Unavailable desc = transport is closing
240	578	0	578	rpc error: code = Unavailable desc = transport is closing
240	85	534	619	<nil>
240	92	529	621	<nil>
240	97	534	631	<nil>
240	154	433	587	<nil>
240	461	0	461	rpc error: code = Unavailable desc = transport is closing
240	408	149	557	<nil>
240	427	154	581	<nil>
240	695	561	1256	<nil>
240	770	501	1271	<nil>
240	845	411	1256	<nil>
240	97	535	632	<nil>
240	195	394	589	<nil>
240	447	0	447	rpc error: code = Unavailable desc = transport is closing
240	406	153	559	<nil>
240	742	536	1278	<nil>
240	108	530	638	<nil>
240	80	534	614	<nil>
240	182	410	592	<nil>
240	1050	0	1050	rpc error: code = Unavailable desc = transport is closing
240	1083	0	1083	rpc error: code = Unavailable desc = transport is closing
240	461	0	461	rpc error: code = Unavailable desc = transport is closing
240	463	0	463	rpc error: code = Unavailable desc = transport is closing
240	1081	0	1081	rpc error: code = Unavailable desc = transport is closing
240	529	39	568	<nil>
240	563	10	573	<nil>
240	1067	0	1067	rpc error: code = Unavailable desc = transport is closing
240	145	462	607	<nil>
240	313	304	617	<nil>
240	97	542	639	<nil>
240	458	159	617	<nil>
240	190	87	277	<nil>
240	196	14	210	<nil>
240	565	55	620	<nil>
240	199	16	215	<nil>
240	496	71	567	<nil>
240	286	314	600	<nil>
240	191	18	209	<nil>
240	174	18	192	<nil>
240	554	15	569	<nil>
240	541	28	569	<nil>
240	578	13	591	<nil>
240	363	297	660	<nil>
240	142	3	145	<nil>
240	624	3	627	<nil>
240	182	32	214	<nil>
240	633	13	646	<nil>
240	309	0	309	rpc error: code = Unavailable desc = transport is closing
240	545	29	574	<nil>
240	1083	0	1083	rpc error: code = Unavailable desc = transport is closing
240	523	15	538	<nil>
240	353	248	601	<nil>
240	195	2	197	<nil>
240	646	2	648	<nil>
240	515	58	573	<nil>
240	646	3	649	<nil>
240	178	425	603	<nil>
240	212	391	603	<nil>
240	560	16	576	<nil>
240	154	449	603	<nil>
240	560	15	575	<nil>
240	218	2	220	<nil>
240	175	432	607	<nil>
240	155	449	604	<nil>
240	165	443	608	<nil>
240	326	280	606	<nil>
240	366	198	564	<nil>
240	573	57	630	<nil>
240	399	197	596	<nil>
240	478	120	598	<nil>
240	564	34	598	<nil>
240	465	138	603	<nil>
240	150	122	272	<nil>
240	433	183	616	<nil>
240	171	55	226	<nil>
240	400	198	598	<nil>
240	241	120	361	<nil>
240	365	199	564	<nil>
240	475	122	597	<nil>
240	143	121	264	<nil>
240	566	75	641	<nil>
240	183	38	221	<nil>
240	565	31	596	<nil>
240	559	73	632	<nil>
240	314	122	436	<nil>
240	316	346	662	<nil>
240	186	37	223	<nil>
240	291	142	433	<nil>
240	428	172	600	<nil>
240	558	39	597	<nil>
240	398	201	599	<nil>
240	365	200	565	<nil>
240	133	530	663	<nil>
240	478	142	620	<nil>
240	229	1	230	<nil>
240	446	172	618	<nil>
240	125	124	249	<nil>
240	423	185	608	<nil>
240	584	38	622	<nil>
240	478	124	602	<nil>
240	530	36	566	<nil>
240	561	43	604	<nil>
240	152	123	275	<nil>
240	569	37	606	<nil>
240	168	108	276	<nil>
240	568	36	604	<nil>
240	499	108	607	<nil>
240	366	205	571	<nil>
240	397	205	602	<nil>
240	491	125	616	<nil>
240	134	468	602	<nil>
240	557	45	602	<nil>
240	420	236	656	<nil>
240	565	34	599	<nil>
240	560	46	606	<nil>
240	580	45	625	<nil>
240	549	58	607	<nil>
240	558	47	605	<nil>
240	524	48	572	<nil>
240	526	48	574	<nil>
240	155	12	167	<nil>
240	185	12	197	<nil>
240	558	50	608	<nil>
240	196	13	209	<nil>
240	554	13	567	<nil>
240	160	12	172	<nil>
240	598	16	614	<nil>
240	185	16	201	<nil>
240	171	11	182	<nil>
240	566	50	616	<nil>
240	187	15	202	<nil>
240	580	55	635	<nil>
240	583	50	633	<nil>
240	603	15	618	<nil>
240	184	17	201	<nil>
240	559	57	616	<nil>
240	194	14	208	<nil>
240	185	16	201	<nil>
240	560	56	616	<nil>
240	1041	0	1041	rpc error: code = Unavailable desc = transport is closing
240	189	16	205	<nil>
240	456	158	614	<nil>
240	179	19	198	<nil>
240	562	56	618	<nil>
240	353	32	385	<nil>
240	192	15	207	<nil>
240	224	15	239	<nil>
240	173	18	191	<nil>
240	342	18	360	<nil>
240	175	15	190	<nil>
240	191	18	209	<nil>
240	191	19	210	<nil>
240	194	15	209	<nil>
240	602	17	619	<nil>
240	196	19	215	<nil>
240	194	15	209	<nil>
240	177	14	191	<nil>
240	191	18	209	<nil>
240	188	21	209	<nil>
240	193	16	209	<nil>
240	185	7	192	<nil>
240	204	12	216	<nil>
240	165	15	180	<nil>
240	397	221	618	<nil>
240	169	22	191	<nil>
240	163	18	181	<nil>
240	602	18	620	<nil>
240	467	109	576	<nil>
240	116	24	140	<nil>
240	547	25	572	<nil>
240	456	0	456	rpc error: code = Unavailable desc = transport is closing
240	620	4	624	<nil>
240	213	4	217	<nil>
240	451	8	459	<nil>
240	208	3	211	<nil>
240	477	93	570	<nil>
240	614	8	622	<nil>
240	433	6	439	<nil>
240	621	4	625	<nil>
240	621	4	625	<nil>
240	613	9	622	<nil>
240	206	5	211	<nil>
240	617	5	622	<nil>
240	616	5	621	<nil>
240	618	5	623	<nil>
240	543	23	566	<nil>
240	632	8	640	<nil>
240	611	13	624	<nil>
240	612	12	624	<nil>
240	199	12	211	<nil>
240	619	6	625	<nil>
240	389	7	396	<nil>
240	450	6	456	<nil>
240	562	13	575	<nil>
240	611	15	626	<nil>
240	551	18	569	<nil>
240	185	29	214	<nil>
240	611	15	626	<nil>
240	551	20	571	<nil>
240	533	42	575	<nil>
240	186	2	188	<nil>
240	196	4	200	<nil>
240	186	2	188	<nil>
240	186	3	189	<nil>
240	414	159	573	<nil>
240	593	34	627	<nil>
240	247	3	250	<nil>
240	186	31	217	<nil>
240	368	2	370	<nil>
240	216	3	219	<nil>
240	218	2	220	<nil>
240	465	1	466	<nil>
240	237	365	602	<nil>
240	630	2	632	<nil>
240	216	3	219	<nil>
240	477	3	480	<nil>
240	218	1	219	<nil>
240	625	4	629	<nil>
240	181	423	604	<nil>
240	154	450	604	<nil>
240	324	283	607	<nil>
240	218	1	219	<nil>
240	419	232	651	<nil>
240	532	66	598	<nil>
240	526	38	564	<nil>
240	605	1	606	<nil>
240	203	0	203	<nil>
240	225	449	674	<nil>
240	141	123	264	<nil>
240	459	110	569	<nil>
240	419	202	621	<nil>
240	354	235	589	<nil>
240	398	204	602	<nil>
240	579	40	619	<nil>
240	447	155	602	<nil>
240	559	59	618	<nil>
240	339	208	547	<nil>
240	332	201	533	<nil>
240	270	201	471	<nil>
240	349	202	551	<nil>
240	437	0	437	rpc error: code = Unavailable desc = transport is closing
240	282	213	495	<nil>
240	288	201	489	<nil>
240	330	201	531	<nil>
240	346	201	547	<nil>
240	287	202	489	<nil>
240	282	205	487	<nil>
240	343	204	547	<nil>
240	340	209	549	<nil>
240	436	0	436	rpc error: code = Unavailable desc = transport is closing
240	346	202	548	<nil>
240	439	0	439	rpc error: code = Unavailable desc = transport is closing
240	441	0	441	rpc error: code = Unavailable desc = transport is closing
240	348	211	559	<nil>
240	283	0	283	rpc error: code = Unavailable desc = transport is closing
240	428	0	428	rpc error: code = Unavailable desc = transport is closing
240	454	0	454	rpc error: code = Unavailable desc = transport is closing
240	431	0	431	rpc error: code = Unavailable desc = transport is closing
240	284	0	284	rpc error: code = Unavailable desc = transport is closing
240	349	212	561	<nil>
240	442	0	442	rpc error: code = Unavailable desc = transport is closing
240	430	0	430	rpc error: code = Unavailable desc = transport is closing
240	425	0	425	rpc error: code = Unavailable desc = transport is closing
240	288	212	500	<nil>
240	346	203	549	<nil>
240	451	0	451	rpc error: code = Unavailable desc = transport is closing
240	285	214	499	<nil>
240	493	0	493	rpc error: code = Unavailable desc = transport is closing
240	420	0	420	rpc error: code = Unavailable desc = transport is closing
240	461	0	461	rpc error: code = Unavailable desc = transport is closing
240	434	0	434	rpc error: code = Unavailable desc = transport is closing
240	420	0	420	rpc error: code = Unavailable desc = transport is closing
240	436	0	436	rpc error: code = Unavailable desc = transport is closing
240	288	215	503	<nil>
240	346	214	560	<nil>
240	432	0	432	rpc error: code = Unavailable desc = transport is closing
240	430	0	430	rpc error: code = Unavailable desc = transport is closing
240	456	0	456	rpc error: code = Unavailable desc = transport is closing
240	284	213	497	<nil>
240	349	0	349	rpc error: code = Unavailable desc = transport is closing
240	433	0	433	rpc error: code = Unavailable desc = transport is closing
240	288	214	502	<nil>
240	350	0	350	rpc error: code = Unavailable desc = transport is closing
240	313	213	526	<nil>
240	419	0	419	rpc error: code = Unavailable desc = transport is closing
240	286	214	500	<nil>
240	435	0	435	rpc error: code = Unavailable desc = transport is closing
240	280	203	483	<nil>
240	283	0	283	rpc error: code = Unavailable desc = transport is closing
240	348	216	564	<nil>
240	346	214	560	<nil>
240	418	0	418	rpc error: code = Unavailable desc = transport is closing
240	347	214	561	<nil>
240	348	214	562	<nil>
240	348	214	562	<nil>
240	495	0	495	rpc error: code = Unavailable desc = transport is closing
240	437	0	437	rpc error: code = Unavailable desc = transport is closing
240	512	0	512	rpc error: code = Unavailable desc = transport is closing
240	434	0	434	rpc error: code = Unavailable desc = transport is closing
240	436	0	436	rpc error: code = Unavailable desc = transport is closing
240	440	0	440	rpc error: code = Unavailable desc = transport is closing
240	440	0	440	rpc error: code = Unavailable desc = transport is closing
240	461	0	461	rpc error: code = Unavailable desc = transport is closing
240	445	0	445	rpc error: code = Unavailable desc = transport is closing
240	439	0	439	rpc error: code = Unavailable desc = transport is closing
240	446	0	446	rpc error: code = Unavailable desc = transport is closing
240	437	0	437	rpc error: code = Unavailable desc = transport is closing
240	438	0	438	rpc error: code = Unavailable desc = transport is closing
240	440	0	440	rpc error: code = Unavailable desc = transport is closing
240	437	0	437	rpc error: code = Unavailable desc = transport is closing
240	439	0	439	rpc error: code = Unavailable desc = transport is closing
240	439	0	439	rpc error: code = Unavailable desc = transport is closing
240	440	0	440	rpc error: code = Unavailable desc = transport is closing
240	437	0	437	rpc error: code = Unavailable desc = transport is closing
240	508	0	508	rpc error: code = Unavailable desc = transport is closing
240	445	0	445	rpc error: code = Unavailable desc = transport is closing
240	438	0	438	rpc error: code = Unavailable desc = transport is closing
240	443	0	443	rpc error: code = Unavailable desc = transport is closing
240	446	0	446	rpc error: code = Unavailable desc = transport is closing
240	446	0	446	rpc error: code = Unavailable desc = transport is closing
240	511	0	511	rpc error: code = Unavailable desc = transport is closing
240	438	0	438	rpc error: code = Unavailable desc = transport is closing
240	443	0	443	rpc error: code = Unavailable desc = transport is closing
240	441	0	441	rpc error: code = Unavailable desc = transport is closing
240	437	0	437	rpc error: code = Unavailable desc = transport is closing
240	456	0	456	rpc error: code = Unavailable desc = transport is closing
240	435	0	435	rpc error: code = Unavailable desc = transport is closing
240	441	0	441	rpc error: code = Unavailable desc = transport is closing
240	347	0	347	rpc error: code = Unavailable desc = transport is closing
240	443	0	443	rpc error: code = Unavailable desc = transport is closing
240	496	10	506	<nil>
240	484	0	484	rpc error: code = Unavailable desc = transport is closing
240	482	19	501	<nil>
240	491	13	504	<nil>
240	446	0	446	rpc error: code = Unavailable desc = transport is closing
240	490	13	503	<nil>
240	439	0	439	rpc error: code = Unavailable desc = transport is closing
240	441	0	441	rpc error: code = Unavailable desc = transport is closing
240	483	17	500	<nil>
240	494	11	505	<nil>
240	492	12	504	<nil>
240	439	0	439	rpc error: code = Unavailable desc = transport is closing
240	438	0	438	rpc error: code = Unavailable desc = transport is closing
240	502	14	516	<nil>
240	440	0	440	rpc error: code = Unavailable desc = transport is closing
240	273	0	273	rpc error: code = Unavailable desc = transport is closing
240	507	14	521	<nil>
240	496	19	515	<nil>
240	495	19	514	<nil>
240	501	19	520	<nil>
240	495	20	515	<nil>
240	492	20	512	<nil>
240	499	17	516	<nil>
240	500	18	518	<nil>
240	501	17	518	<nil>
240	439	0	439	rpc error: code = Unavailable desc = transport is closing
240	494	20	514	<nil>
240	508	12	520	<nil>
240	500	19	519	<nil>
240	496	19	515	<nil>
240	502	76	578	<nil>
240	508	138	646	<nil>
240	513	138	651	<nil>
240	508	138	646	<nil>
240	509	138	647	<nil>
240	509	139	648	<nil>
240	518	138	656	<nil>
240	1131	277	1408	<nil>
240	216	130	346	<nil>
240	329	17	346	<nil>
240	328	17	345	<nil>
240	329	25	354	<nil>
240	328	19	347	<nil>
240	322	55	377	<nil>
240	359	17	376	<nil>
240	327	20	347	<nil>
240	317	50	367	<nil>
240	335	29	364	<nil>
240	325	21	346	<nil>
240	327	26	353	<nil>
240	327	18	345	<nil>
240	288	82	370	<nil>
240	326	28	354	<nil>
240	328	32	360	<nil>
240	363	20	383	<nil>
240	328	20	348	<nil>
240	318	45	363	<nil>
240	352	20	372	<nil>
240	335	36	371	<nil>
240	355	22	377	<nil>
240	344	33	377	<nil>
240	364	18	382	<nil>
240	369	16	385	<nil>
240	374	14	388	<nil>
240	362	20	382	<nil>
240	359	19	378	<nil>
240	361	21	382	<nil>
240	260	19	279	<nil>
240	359	20	379	<nil>
240	379	12	391	<nil>
240	368	11	379	<nil>
240	370	19	389	<nil>
240	326	47	373	<nil>
240	386	8	394	<nil>
240	388	6	394	<nil>
240	382	12	394	<nil>
240	389	6	395	<nil>
240	371	25	396	<nil>
240	387	14	401	<nil>
240	387	15	402	<nil>
240	153	13	166	<nil>
240	376	19	395	<nil>
240	235	15	250	<nil>
240	381	43	424	<nil>
240	369	15	384	<nil>
240	294	15	309	<nil>
240	371	46	417	<nil>
240	179	44	223	<nil>
240	222	48	270	<nil>
240	238	45	283	<nil>
240	388	41	429	<nil>
240	381	56	437	<nil>
240	382	55	437	<nil>
240	390	47	437	<nil>
240	388	51	439	<nil>
240	386	52	438	<nil>
240	373	51	424	<nil>
240	387	57	444	<nil>
240	380	58	438	<nil>
240	383	62	445	<nil>
240	388	134	522	<nil>
240	179	141	320	<nil>
240	388	137	525	<nil>
240	387	136	523	<nil>
240	233	146	379	<nil>
240	388	137	525	<nil>
240	367	143	510	<nil>
240	387	138	525	<nil>
240	387	137	524	<nil>
240	386	138	524	<nil>
240	387	162	549	<nil>
240	189	164	353	<nil>
240	179	173	352	<nil>
240	194	174	368	<nil>
240	229	168	397	<nil>
240	187	166	353	<nil>
240	88	174	262	<nil>
240	397	33	430	<nil>
240	162	33	195	<nil>
240	152	176	328	<nil>
240	149	37	186	<nil>
240	98	119	217	<nil>
240	170	31	201	<nil>
240	117	1	118	<nil>
240	170	20	190	<nil>
240	160	1	161	<nil>
240	133	4	137	<nil>
240	59	1	60	<nil>
240	60	1	61	<nil>
240	170	34	204	<nil>
240	191	5	196	<nil>
240	32	0	32	<nil>
240	133	5	138	<nil>
240	115	5	120	<nil>
240	145	6	151	<nil>
240	148	6	154	<nil>
240	149	6	155	<nil>
240	173	31	204	<nil>
240	187	6	193	<nil>
240	153	6	159	<nil>
240	171	34	205	<nil>
240	171	34	205	<nil>
240	164	34	198	<nil>
240	180	25	205	<nil>
240	172	34	206	<nil>
240	183	23	206	<nil>
240	64	1	65	<nil>
240	172	34	206	<nil>
240	171	35	206	<nil>
240	171	27	198	<nil>
240	171	37	208	<nil>
240	179	28	207	<nil>
240	163	37	200	<nil>
240	180	27	207	<nil>
240	160	35	195	<nil>
240	181	26	207	<nil>
240	175	38	213	<nil>
240	177	38	215	<nil>
240	170	38	208	<nil>
240	165	39	204	<nil>
240	152	39	191	<nil>
240	174	40	214	<nil>
240	43	1	44	<nil>
240	167	45	212	<nil>
240	69	2	71	<nil>
240	144	13	157	<nil>
240	168	46	214	<nil>
240	148	14	162	<nil>
240	70	1	71	<nil>
240	156	1	157	<nil>
240	69	3	72	<nil>
240	43	1	44	<nil>
240	73	1	74	<nil>
240	192	15	207	<nil>
240	164	42	206	<nil>
240	188	15	203	<nil>
240	150	15	165	<nil>
240	145	16	161	<nil>
240	73	1	74	<nil>
240	155	15	170	<nil>
240	75	1	76	<nil>
240	149	17	166	<nil>
240	150	16	166	<nil>
240	101	17	118	<nil>
240	148	16	164	<nil>
240	153	17	170	<nil>
240	150	17	167	<nil>
240	146	16	162	<nil>
240	114	18	132	<nil>
240	74	0	74	<nil>
240	132	0	132	<nil>
240	133	0	133	<nil>
240	29	17	46	<nil>
240	137	17	154	<nil>
240	143	18	161	<nil>
240	149	7	156	<nil>
240	184	7	191	<nil>
240	151	13	164	<nil>
240	175	18	193	<nil>
240	152	15	167	<nil>
240	162	8	170	<nil>
240	150	17	167	<nil>
240	149	16	165	<nil>
240	148	17	165	<nil>
240	152	15	167	<nil>
240	184	17	201	<nil>
240	153	14	167	<nil>
240	150	17	167	<nil>
240	151	15	166	<nil>
240	171	16	187	<nil>
240	159	13	172	<nil>
240	167	3	170	<nil>
240	168	6	174	<nil>
240	138	18	156	<nil>
240	171	20	191	<nil>
240	152	9	161	<nil>
240	173	1	174	<nil>
240	175	2	177	<nil>
240	156	8	164	<nil>
240	163	1	164	<nil>
240	165	7	172	<nil>
240	164	8	172	<nil>
240	173	1	174	<nil>
240	164	2	166	<nil>
240	166	6	172	<nil>
240	174	3	177	<nil>
240	164	2	166	<nil>
240	167	5	172	<nil>
240	160	12	172	<nil>
240	161	3	164	<nil>
240	157	6	163	<nil>
240	162	3	165	<nil>
240	154	12	166	<nil>
240	159	6	165	<nil>
240	167	6	173	<nil>
240	172	6	178	<nil>
240	152	15	167	<nil>
240	160	8	168	<nil>
240	168	6	174	<nil>
240	160	6	166	<nil>
240	163	1	164	<nil>
240	141	17	158	<nil>
240	183	6	189	<nil>
240	161	2	163	<nil>
240	169	5	174	<nil>
240	169	85	254	<nil>
240	163	101	264	<nil>
240	165	98	263	<nil>
240	167	98	265	<nil>
240	165	99	264	<nil>
240	179	98	277	<nil>
240	179	98	277	<nil>
240	165	100	265	<nil>
240	166	100	266	<nil>
240	167	98	265	<nil>
240	171	101	272	<nil>
240	167	99	266	<nil>
240	164	88	252	<nil>
240	171	102	273	<nil>
240	170	97	267	<nil>
240	179	100	279	<nil>
240	179	98	277	<nil>
240	168	98	266	<nil>
240	181	98	279	<nil>
240	170	99	269	<nil>
240	166	99	265	<nil>
240	170	98	268	<nil>
240	177	102	279	<nil>
240	182	99	281	<nil>
240	182	98	280	<nil>
260	47	562	609	<nil>
260	180	580	760	<nil>
260	191	581	772	<nil>
260	216	542	758	<nil>
260	189	580	769	<nil>
260	202	568	770	<nil>
260	71	535	606	<nil>
260	228	542	770	<nil>
260	103	515	618	<nil>
260	594	30	624	<nil>
260	597	28	625	<nil>
260	592	33	625	<nil>
260	596	33	629	<nil>
260	600	22	622	<nil>
260	605	21	626	<nil>
260	594	33	627	<nil>
260	606	21	627	<nil>
260	599	29	628	<nil>
260	605	21	626	<nil>
260	607	21	628	<nil>
260	604	21	625	<nil>
260	596	32	628	<nil>
260	594	34	628	<nil>
260	598	28	626	<nil>
260	596	30	626	<nil>
260	607	19	626	<nil>
260	603	24	627	<nil>
260	605	20	625	<nil>
260	593	32	625	<nil>
260	607	19	626	<nil>
260	593	33	626	<nil>
260	607	20	627	<nil>
260	607	21	628	<nil>
260	593	33	626	<nil>
260	605	23	628	<nil>
260	594	34	628	<nil>
260	597	34	631	<nil>
260	592	30	622	<nil>
260	597	29	626	<nil>
260	593	33	626	<nil>
260	596	31	627	<nil>
260	605	22	627	<nil>
260	598	30	628	<nil>
260	613	28	641	<nil>
260	613	28	641	<nil>
260	513	19	532	<nil>
260	613	29	642	<nil>
260	613	30	643	<nil>
260	614	27	641	<nil>
260	515	29	544	<nil>
260	515	26	541	<nil>
260	516	27	543	<nil>
260	613	28	641	<nil>
260	521	27	548	<nil>
260	515	27	542	<nil>
260	516	18	534	<nil>
260	515	25	540	<nil>
260	523	17	540	<nil>
260	613	28	641	<nil>
260	502	26	528	<nil>
260	518	17	535	<nil>
260	519	19	538	<nil>
260	135	19	154	<nil>
260	511	19	530	<nil>
260	509	20	529	<nil>
260	613	58	671	<nil>
260	510	47	557	<nil>
260	515	55	570	<nil>
260	510	47	557	<nil>
260	521	48	569	<nil>
260	522	48	570	<nil>
260	613	58	671	<nil>
260	613	58	671	<nil>
260	518	47	565	<nil>
260	523	48	571	<nil>
260	613	58	671	<nil>
260	613	58	671	<nil>
260	136	64	200	<nil>
260	136	48	184	<nil>
260	509	59	568	<nil>
260	135	59	194	<nil>
260	137	63	200	<nil>
260	523	69	592	<nil>
260	135	64	199	<nil>
260	135	71	206	<nil>
260	137	154	291	<nil>
260	137	173	310	<nil>
260	137	175	312	<nil>
260	46	170	216	<nil>
260	46	170	216	<nil>
260	137	184	321	<nil>
260	46	171	217	<nil>
260	47	171	218	<nil>
260	46	172	218	<nil>
260	46	170	216	<nil>
260	40	177	217	<nil>
260	42	176	218	<nil>
260	13	169	182	<nil>
260	24	174	198	<nil>
260	155	15	170	<nil>
260	174	35	209	<nil>
260	154	35	189	<nil>
260	155	34	189	<nil>
260	155	34	189	<nil>
260	155	33	188	<nil>
260	179	25	204	<nil>
260	165	24	189	<nil>
260	165	26	191	<nil>
260	166	25	191	<nil>
260	155	35	190	<nil>
260	163	26	189	<nil>
260	156	34	190	<nil>
260	166	37	203	<nil>
260	182	37	219	<nil>
260	167	46	213	<nil>
260	167	45	212	<nil>
260	168	46	214	<nil>
260	178	45	223	<nil>
260	173	41	214	<nil>
260	172	74	246	<nil>
260	209	48	257	<nil>
260	204	52	256	<nil>
260	207	50	257	<nil>
260	207	62	269	<nil>
260	208	63	271	<nil>
260	208	63	271	<nil>
260	208	63	271	<nil>
260	207	64	271	<nil>
260	208	85	293	<nil>
260	208	85	293	<nil>
260	207	86	293	<nil>
260	206	87	293	<nil>
260	213	81	294	<nil>
260	208	86	294	<nil>
260	207	87	294	<nil>
260	206	88	294	<nil>
260	208	86	294	<nil>
260	208	85	293	<nil>
260	206	65	271	<nil>
260	207	88	295	<nil>
260	208	86	294	<nil>
260	213	85	298	<nil>
260	207	89	296	<nil>
260	167	87	254	<nil>
260	209	89	298	<nil>
260	207	90	297	<nil>
260	208	88	296	<nil>
260	137	90	227	<nil>
260	208	90	298	<nil>
260	208	106	314	<nil>
260	155	109	264	<nil>
260	155	109	264	<nil>
260	232	85	317	<nil>
260	209	109	318	<nil>
260	213	105	318	<nil>
260	139	113	252	<nil>
260	209	154	363	<nil>
260	122	185	307	<nil>
260	143	190	333	<nil>
260	157	194	351	<nil>
260	155	196	351	<nil>
260	153	199	352	<nil>
260	209	191	400	<nil>
260	121	197	318	<nil>
260	207	193	400	<nil>
260	159	191	350	<nil>
260	158	193	351	<nil>
260	157	198	355	<nil>
260	121	193	314	<nil>
260	156	199	355	<nil>
260	159	193	352	<nil>
260	78	145	223	<nil>
260	92	159	251	<nil>
260	91	160	251	<nil>
260	73	155	228	<nil>
260	91	160	251	<nil>
260	81	180	261	<nil>
260	93	170	263	<nil>
260	143	207	350	<nil>
260	89	180	269	<nil>
260	89	159	248	<nil>
260	99	148	247	<nil>
260	159	208	367	<nil>
260	127	208	335	<nil>
260	88	161	249	<nil>
260	99	148	247	<nil>
260	99	147	246	<nil>
260	93	157	250	<nil>
260	78	146	224	<nil>
260	77	151	228	<nil>
260	36	151	187	<nil>
260	59	130	189	<nil>
260	100	130	230	<nil>
260	121	112	233	<nil>
260	99	179	278	<nil>
260	106	175	281	<nil>
260	100	180	280	<nil>
260	103	180	283	<nil>
260	124	166	290	<nil>
260	101	186	287	<nil>
260	101	186	287	<nil>
260	102	185	287	<nil>
260	101	217	318	<nil>
260	36	249	285	<nil>
260	56	249	305	<nil>
260	83	249	332	<nil>
260	512	0	512	rpc error: code = Unavailable desc = transport is closing
260	76	233	309	<nil>
260	516	0	516	rpc error: code = Unavailable desc = transport is closing
260	59	251	310	<nil>
260	37	251	288	<nil>
260	42	231	273	<nil>
260	45	231	276	<nil>
260	96	164	260	<nil>
260	44	250	294	<nil>
260	88	188	276	<nil>
260	100	171	271	<nil>
260	101	165	266	<nil>
260	102	170	272	<nil>
260	87	188	275	<nil>
260	95	168	263	<nil>
260	84	167	251	<nil>
260	43	251	294	<nil>
260	112	162	274	<nil>
260	111	163	274	<nil>
260	101	172	273	<nil>
260	117	185	302	<nil>
260	115	204	319	<nil>
260	118	202	320	<nil>
260	115	206	321	<nil>
260	116	232	348	<nil>
260	104	241	345	<nil>
260	115	229	344	<nil>
260	108	237	345	<nil>
260	110	226	336	<nil>
260	95	250	345	<nil>
260	327	0	327	rpc error: code = Unavailable desc = transport is closing
260	337	0	337	rpc error: code = Unavailable desc = transport is closing
260	358	0	358	rpc error: code = Unavailable desc = transport is closing
260	59	249	308	<nil>
260	108	247	355	<nil>
260	42	249	291	<nil>
260	117	228	345	<nil>
260	103	243	346	<nil>
260	330	0	330	rpc error: code = Unavailable desc = transport is closing
260	335	0	335	rpc error: code = Unavailable desc = transport is closing
260	332	0	332	rpc error: code = Unavailable desc = transport is closing
260	65	244	309	<nil>
260	304	0	304	rpc error: code = Unavailable desc = transport is closing
260	338	0	338	rpc error: code = Unavailable desc = transport is closing
260	28	238	266	<nil>
260	127	119	246	<nil>
260	41	251	292	<nil>
260	342	0	342	rpc error: code = Unavailable desc = transport is closing
260	70	240	310	<nil>
260	66	187	253	<nil>
260	48	241	289	<nil>
260	134	120	254	<nil>
260	118	121	239	<nil>
260	80	188	268	<nil>
260	103	253	356	<nil>
260	354	0	354	rpc error: code = Unavailable desc = transport is closing
260	387	0	387	rpc error: code = Unavailable desc = transport is closing
260	360	0	360	rpc error: code = Unavailable desc = transport is closing
260	376	0	376	rpc error: code = Unavailable desc = transport is closing
260	366	0	366	rpc error: code = Unavailable desc = transport is closing
260	385	0	385	rpc error: code = Unavailable desc = transport is closing
260	68	190	258	<nil>
260	221	0	221	rpc error: code = Unavailable desc = transport is closing
260	387	0	387	rpc error: code = Unavailable desc = transport is closing
260	382	0	382	rpc error: code = Unavailable desc = transport is closing
260	381	0	381	rpc error: code = Unavailable desc = transport is closing
260	377	0	377	rpc error: code = Unavailable desc = transport is closing
260	340	0	340	rpc error: code = Unavailable desc = transport is closing
260	382	0	382	rpc error: code = Unavailable desc = transport is closing
260	389	0	389	rpc error: code = Unavailable desc = transport is closing
260	123	130	253	<nil>
260	386	0	386	rpc error: code = Unavailable desc = transport is closing
260	239	0	239	rpc error: code = Unavailable desc = transport is closing
260	235	0	235	rpc error: code = Unavailable desc = transport is closing
260	117	132	249	<nil>
260	327	0	327	rpc error: code = Unavailable desc = transport is closing
260	379	0	379	rpc error: code = Unavailable desc = transport is closing
260	388	0	388	rpc error: code = Unavailable desc = transport is closing
260	385	0	385	rpc error: code = Unavailable desc = transport is closing
260	65	203	268	<nil>
260	375	0	375	rpc error: code = Unavailable desc = transport is closing
260	120	134	254	<nil>
260	99	261	360	<nil>
260	121	138	259	<nil>
260	122	198	320	<nil>
260	126	246	372	<nil>
260	126	222	348	<nil>
260	363	0	363	rpc error: code = Unavailable desc = transport is closing
260	296	0	296	rpc error: code = Unavailable desc = transport is closing
260	383	0	383	rpc error: code = Unavailable desc = transport is closing
260	125	287	412	<nil>
260	381	0	381	rpc error: code = Unavailable desc = transport is closing
260	382	0	382	rpc error: code = Unavailable desc = transport is closing
260	120	318	438	<nil>
260	125	329	454	<nil>
260	101	296	397	<nil>
260	126	328	454	<nil>
260	147	298	445	<nil>
260	126	329	455	<nil>
260	596	0	596	rpc error: code = Unavailable desc = transport is closing
260	141	316	457	<nil>
260	131	309	440	<nil>
260	147	308	455	<nil>
260	154	309	463	<nil>
260	82	262	344	<nil>
260	109	256	365	<nil>
260	149	264	413	<nil>
260	197	264	461	<nil>
260	124	309	433	<nil>
260	149	311	460	<nil>
260	136	311	447	<nil>
260	148	313	461	<nil>
260	151	309	460	<nil>
260	195	264	459	<nil>
260	102	309	411	<nil>
260	148	312	460	<nil>
260	149	311	460	<nil>
260	77	265	342	<nil>
260	149	264	413	<nil>
260	149	311	460	<nil>
260	195	265	460	<nil>
260	150	310	460	<nil>
260	80	283	363	<nil>
260	82	262	344	<nil>
260	94	246	340	<nil>
260	86	284	370	<nil>
260	168	175	343	<nil>
260	86	281	367	<nil>
260	89	247	336	<nil>
260	90	281	371	<nil>
260	107	256	363	<nil>
260	84	247	331	<nil>
260	105	264	369	<nil>
260	150	309	459	<nil>
260	91	255	346	<nil>
260	104	243	347	<nil>
260	94	262	356	<nil>
260	94	291	385	<nil>
260	125	810	935	<nil>
260	122	829	951	<nil>
260	121	828	949	<nil>
260	167	788	955	<nil>
260	46	849	895	<nil>
260	99	844	943	<nil>
260	51	843	894	<nil>
260	218	722	940	<nil>
260	155	788	943	<nil>
260	117	788	905	<nil>
260	70	850	920	<nil>
260	109	799	908	<nil>
260	64	861	925	<nil>
260	202	694	896	<nil>
260	195	673	868	<nil>
260	216	663	879	<nil>
260	210	673	883	<nil>
260	217	662	879	<nil>
260	213	666	879	<nil>
260	220	674	894	<nil>
260	197	682	879	<nil>
260	208	663	871	<nil>
260	225	690	915	<nil>
260	228	692	920	<nil>
260	212	692	904	<nil>
260	232	676	908	<nil>
260	223	693	916	<nil>
260	245	659	904	<nil>
260	219	696	915	<nil>
260	212	696	908	<nil>
260	249	654	903	<nil>
260	187	660	847	<nil>
260	212	697	909	<nil>
260	222	693	915	<nil>
260	263	659	922	<nil>
260	330	0	330	rpc error: code = Unavailable desc = transport is closing
260	330	0	330	rpc error: code = Unavailable desc = transport is closing
260	255	659	914	<nil>
260	272	623	895	<nil>
260	249	660	909	<nil>
260	250	660	910	<nil>
260	328	0	328	rpc error: code = Unavailable desc = transport is closing
260	330	0	330	rpc error: code = Unavailable desc = transport is closing
260	260	656	916	<nil>
260	305	0	305	rpc error: code = Unavailable desc = transport is closing
260	319	0	319	rpc error: code = Unavailable desc = transport is closing
260	334	0	334	rpc error: code = Unavailable desc = transport is closing
260	324	0	324	rpc error: code = Unavailable desc = transport is closing
260	327	0	327	rpc error: code = Unavailable desc = transport is closing
260	335	0	335	rpc error: code = Unavailable desc = transport is closing
260	491	0	491	rpc error: code = Unavailable desc = transport is closing
260	497	0	497	rpc error: code = Unavailable desc = transport is closing
260	483	0	483	rpc error: code = Unavailable desc = transport is closing
260	493	0	493	rpc error: code = Unavailable desc = transport is closing
260	565	0	565	rpc error: code = Unavailable desc = transport is closing
260	495	0	495	rpc error: code = Unavailable desc = transport is closing
260	489	0	489	rpc error: code = Unavailable desc = transport is closing
260	485	0	485	rpc error: code = Unavailable desc = transport is closing
260	273	0	273	rpc error: code = Unavailable desc = transport is closing
260	489	0	489	rpc error: code = Unavailable desc = transport is closing
260	491	0	491	rpc error: code = Unavailable desc = transport is closing
260	486	0	486	rpc error: code = Unavailable desc = transport is closing
260	486	0	486	rpc error: code = Unavailable desc = transport is closing
260	492	0	492	rpc error: code = Unavailable desc = transport is closing
260	485	0	485	rpc error: code = Unavailable desc = transport is closing
260	491	0	491	rpc error: code = Unavailable desc = transport is closing
260	488	0	488	rpc error: code = Unavailable desc = transport is closing
260	486	0	486	rpc error: code = Unavailable desc = transport is closing
260	484	0	484	rpc error: code = Unavailable desc = transport is closing
260	488	0	488	rpc error: code = Unavailable desc = transport is closing
260	486	0	486	rpc error: code = Unavailable desc = transport is closing
260	490	0	490	rpc error: code = Unavailable desc = transport is closing
260	249	672	921	<nil>
260	486	0	486	rpc error: code = Unavailable desc = transport is closing
260	489	0	489	rpc error: code = Unavailable desc = transport is closing
260	495	0	495	rpc error: code = Unavailable desc = transport is closing
260	493	0	493	rpc error: code = Unavailable desc = transport is closing
260	490	0	490	rpc error: code = Unavailable desc = transport is closing
260	496	0	496	rpc error: code = Unavailable desc = transport is closing
260	496	0	496	rpc error: code = Unavailable desc = transport is closing
260	495	0	495	rpc error: code = Unavailable desc = transport is closing
260	501	0	501	rpc error: code = Unavailable desc = transport is closing
260	512	0	512	rpc error: code = Unavailable desc = transport is closing
260	501	0	501	rpc error: code = Unavailable desc = transport is closing
260	508	0	508	rpc error: code = Unavailable desc = transport is closing
260	501	0	501	rpc error: code = Unavailable desc = transport is closing
260	494	0	494	rpc error: code = Unavailable desc = transport is closing
260	493	0	493	rpc error: code = Unavailable desc = transport is closing
260	505	0	505	rpc error: code = Unavailable desc = transport is closing
260	499	0	499	rpc error: code = Unavailable desc = transport is closing
260	493	0	493	rpc error: code = Unavailable desc = transport is closing
260	490	0	490	rpc error: code = Unavailable desc = transport is closing
260	497	0	497	rpc error: code = Unavailable desc = transport is closing
260	490	0	490	rpc error: code = Unavailable desc = transport is closing
260	506	0	506	rpc error: code = Unavailable desc = transport is closing
260	491	0	491	rpc error: code = Unavailable desc = transport is closing
260	509	0	509	rpc error: code = Unavailable desc = transport is closing
260	508	0	508	rpc error: code = Unavailable desc = transport is closing
260	509	0	509	rpc error: code = Unavailable desc = transport is closing
260	509	0	509	rpc error: code = Unavailable desc = transport is closing
260	495	0	495	rpc error: code = Unavailable desc = transport is closing
260	488	0	488	rpc error: code = Unavailable desc = transport is closing
260	550	0	550	rpc error: code = Unavailable desc = transport is closing
260	487	0	487	rpc error: code = Unavailable desc = transport is closing
260	509	0	509	rpc error: code = Unavailable desc = transport is closing
260	502	0	502	rpc error: code = Unavailable desc = transport is closing
260	493	0	493	rpc error: code = Unavailable desc = transport is closing
260	277	766	1043	<nil>
260	487	0	487	rpc error: code = Unavailable desc = transport is closing
260	488	0	488	rpc error: code = Unavailable desc = transport is closing
260	245	794	1039	<nil>
260	499	0	499	rpc error: code = Unavailable desc = transport is closing
260	248	791	1039	<nil>
260	308	0	308	rpc error: code = Unavailable desc = transport is closing
260	277	766	1043	<nil>
260	286	754	1040	<nil>
260	693	213	906	<nil>
260	248	790	1038	<nil>
260	260	790	1050	<nil>
260	212	794	1006	<nil>
260	248	790	1038	<nil>
260	493	0	493	rpc error: code = Unavailable desc = transport is closing
260	469	0	469	rpc error: code = Unavailable desc = transport is closing
260	487	0	487	rpc error: code = Unavailable desc = transport is closing
260	299	752	1051	<nil>
260	676	219	895	<nil>
260	316	0	316	rpc error: code = Unavailable desc = transport is closing
260	284	767	1051	<nil>
260	235	789	1024	<nil>
260	286	752	1038	<nil>
260	234	790	1024	<nil>
260	290	749	1039	<nil>
260	262	789	1051	<nil>
260	262	795	1057	<nil>
260	252	791	1043	<nil>
260	249	790	1039	<nil>
260	513	0	513	rpc error: code = Unavailable desc = transport is closing
260	505	0	505	rpc error: code = Unavailable desc = transport is closing
260	208	790	998	<nil>
260	492	0	492	rpc error: code = Unavailable desc = transport is closing
260	491	0	491	rpc error: code = Unavailable desc = transport is closing
260	493	0	493	rpc error: code = Unavailable desc = transport is closing
260	470	0	470	rpc error: code = Unavailable desc = transport is closing
260	289	735	1024	<nil>
260	469	0	469	rpc error: code = Unavailable desc = transport is closing
260	498	0	498	rpc error: code = Unavailable desc = transport is closing
260	489	0	489	rpc error: code = Unavailable desc = transport is closing
260	480	0	480	rpc error: code = Unavailable desc = transport is closing
260	487	0	487	rpc error: code = Unavailable desc = transport is closing
260	493	0	493	rpc error: code = Unavailable desc = transport is closing
260	248	791	1039	<nil>
260	201	735	936	<nil>
260	244	796	1040	<nil>
260	136	750	886	<nil>
260	310	0	310	rpc error: code = Unavailable desc = transport is closing
260	226	792	1018	<nil>
260	262	791	1053	<nil>
260	154	751	905	<nil>
260	244	797	1041	<nil>
260	230	796	1026	<nil>
260	248	789	1037	<nil>
260	248	790	1038	<nil>
260	676	214	890	<nil>
260	469	0	469	rpc error: code = Unavailable desc = transport is closing
260	471	0	471	rpc error: code = Unavailable desc = transport is closing
260	470	0	470	rpc error: code = Unavailable desc = transport is closing
260	469	0	469	rpc error: code = Unavailable desc = transport is closing
260	468	0	468	rpc error: code = Unavailable desc = transport is closing
260	470	0	470	rpc error: code = Unavailable desc = transport is closing
260	475	0	475	rpc error: code = Unavailable desc = transport is closing
260	468	0	468	rpc error: code = Unavailable desc = transport is closing
260	469	0	469	rpc error: code = Unavailable desc = transport is closing
260	472	0	472	rpc error: code = Unavailable desc = transport is closing
260	475	0	475	rpc error: code = Unavailable desc = transport is closing
260	476	0	476	rpc error: code = Unavailable desc = transport is closing
260	472	0	472	rpc error: code = Unavailable desc = transport is closing
260	471	0	471	rpc error: code = Unavailable desc = transport is closing
260	470	0	470	rpc error: code = Unavailable desc = transport is closing
260	294	748	1042	<nil>
260	467	0	467	rpc error: code = Unavailable desc = transport is closing
260	494	0	494	rpc error: code = Unavailable desc = transport is closing
260	469	0	469	rpc error: code = Unavailable desc = transport is closing
260	493	0	493	rpc error: code = Unavailable desc = transport is closing
260	471	0	471	rpc error: code = Unavailable desc = transport is closing
260	470	0	470	rpc error: code = Unavailable desc = transport is closing
260	491	0	491	rpc error: code = Unavailable desc = transport is closing
260	832	227	1059	<nil>
260	490	0	490	rpc error: code = Unavailable desc = transport is closing
260	533	0	533	rpc error: code = Unavailable desc = transport is closing
260	469	0	469	rpc error: code = Unavailable desc = transport is closing
260	474	0	474	rpc error: code = Unavailable desc = transport is closing
260	471	0	471	rpc error: code = Unavailable desc = transport is closing
260	305	0	305	rpc error: code = Unavailable desc = transport is closing
260	248	790	1038	<nil>
260	487	0	487	rpc error: code = Unavailable desc = transport is closing
260	683	210	893	<nil>
260	663	201	864	<nil>
260	683	210	893	<nil>
260	667	210	877	<nil>
260	511	0	511	rpc error: code = Unavailable desc = transport is closing
260	467	0	467	rpc error: code = Unavailable desc = transport is closing
260	299	750	1049	<nil>
260	310	0	310	rpc error: code = Unavailable desc = transport is closing
260	499	0	499	rpc error: code = Unavailable desc = transport is closing
260	495	0	495	rpc error: code = Unavailable desc = transport is closing
260	582	0	582	rpc error: code = Unavailable desc = transport is closing
260	509	0	509	rpc error: code = Unavailable desc = transport is closing
260	701	389	1090	<nil>
260	704	390	1094	<nil>
260	697	388	1085	<nil>
260	707	377	1084	<nil>
260	706	376	1082	<nil>
260	716	382	1098	<nil>
260	707	382	1089	<nil>
260	717	382	1099	<nil>
260	817	348	1165	<nil>
260	805	347	1152	<nil>
260	806	348	1154	<nil>
260	806	347	1153	<nil>
260	806	348	1154	<nil>
260	808	347	1155	<nil>
260	807	348	1155	<nil>
260	809	347	1156	<nil>
260	806	349	1155	<nil>
260	804	350	1154	<nil>
260	806	349	1155	<nil>
260	808	349	1157	<nil>
260	806	350	1156	<nil>
260	809	358	1167	<nil>
260	808	358	1166	<nil>
260	813	358	1171	<nil>
260	815	358	1173	<nil>
260	808	359	1167	<nil>
260	844	358	1202	<nil>
260	814	363	1177	<nil>
260	808	363	1171	<nil>
260	818	363	1181	<nil>
260	812	364	1176	<nil>
260	808	362	1170	<nil>
260	816	363	1179	<nil>
260	746	374	1120	<nil>
260	809	377	1186	<nil>
260	814	375	1189	<nil>
260	813	376	1189	<nil>
260	813	375	1188	<nil>
260	809	396	1205	<nil>
260	807	399	1206	<nil>
260	814	398	1212	<nil>
260	813	398	1211	<nil>
260	211	411	622	<nil>
260	205	414	619	<nil>
260	207	413	620	<nil>
260	207	413	620	<nil>
260	207	413	620	<nil>
260	207	413	620	<nil>
260	214	412	626	<nil>
260	211	412	623	<nil>
260	232	414	646	<nil>
260	205	414	619	<nil>
260	206	417	623	<nil>
260	411	0	411	rpc error: code = Unavailable desc = transport is closing
260	400	0	400	rpc error: code = Unavailable desc = transport is closing
260	403	0	403	rpc error: code = Unavailable desc = transport is closing
260	406	0	406	rpc error: code = Unavailable desc = transport is closing
260	410	0	410	rpc error: code = Unavailable desc = transport is closing
260	413	0	413	rpc error: code = Unavailable desc = transport is closing
260	403	0	403	rpc error: code = Unavailable desc = transport is closing
260	405	0	405	rpc error: code = Unavailable desc = transport is closing
260	411	0	411	rpc error: code = Unavailable desc = transport is closing
260	400	0	400	rpc error: code = Unavailable desc = transport is closing
260	411	0	411	rpc error: code = Unavailable desc = transport is closing
260	409	0	409	rpc error: code = Unavailable desc = transport is closing
260	364	173	537	<nil>
260	375	163	538	<nil>
260	378	158	536	<nil>
260	390	164	554	<nil>
260	402	164	566	<nil>
260	392	164	556	<nil>
260	390	164	554	<nil>
260	386	141	527	<nil>
260	441	113	554	<nil>
260	409	130	539	<nil>
260	465	86	551	<nil>
260	426	113	539	<nil>
260	444	114	558	<nil>
260	453	86	539	<nil>
260	426	113	539	<nil>
260	411	129	540	<nil>
260	426	129	555	<nil>
260	478	72	550	<nil>
260	452	75	527	<nil>
260	456	72	528	<nil>
260	456	72	528	<nil>
260	477	72	549	<nil>
260	450	76	526	<nil>
260	448	79	527	<nil>
260	452	75	527	<nil>
260	462	80	542	<nil>
260	453	77	530	<nil>
260	462	80	542	<nil>
260	252	71	323	<nil>
260	449	83	532	<nil>
260	471	81	552	<nil>
260	461	81	542	<nil>
260	458	83	541	<nil>
260	452	80	532	<nil>
260	449	83	532	<nil>
260	457	82	539	<nil>
260	261	65	326	<nil>
260	269	68	337	<nil>
260	194	105	299	<nil>
260	197	105	302	<nil>
260	193	107	300	<nil>
260	195	107	302	<nil>
260	196	106	302	<nil>
260	166	136	302	<nil>
260	181	137	318	<nil>
260	167	136	303	<nil>
260	177	101	278	<nil>
260	178	102	280	<nil>
260	186	98	284	<nil>
260	182	136	318	<nil>
260	163	99	262	<nil>
260	166	136	302	<nil>
260	167	136	303	<nil>
260	181	137	318	<nil>
260	176	104	280	<nil>
260	179	100	279	<nil>
260	166	136	302	<nil>
260	179	140	319	<nil>
260	195	153	348	<nil>
260	159	60	219	<nil>
260	161	58	219	<nil>
260	157	117	274	<nil>
260	152	67	219	<nil>
260	152	67	219	<nil>
260	135	84	219	<nil>
260	156	118	274	<nil>
260	158	116	274	<nil>
260	157	116	273	<nil>
260	164	115	279	<nil>
260	135	84	219	<nil>
260	168	115	283	<nil>
260	157	114	271	<nil>
260	158	116	274	<nil>
260	163	57	220	<nil>
260	148	71	219	<nil>
260	159	59	218	<nil>
260	135	84	219	<nil>
260	158	116	274	<nil>
260	157	114	271	<nil>
260	160	60	220	<nil>
260	159	60	219	<nil>
260	141	16	157	<nil>
260	159	114	273	<nil>
260	154	83	237	<nil>
260	141	90	231	<nil>
260	150	83	233	<nil>
260	158	484	642	<nil>
260	124	502	626	<nil>
260	144	501	645	<nil>
260	142	502	644	<nil>
260	150	495	645	<nil>
260	104	506	610	<nil>
260	140	505	645	<nil>
260	121	506	627	<nil>
260	114	504	618	<nil>
260	140	505	645	<nil>
260	140	488	628	<nil>
260	92	489	581	<nil>
260	54	491	545	<nil>
260	139	508	647	<nil>
260	147	500	647	<nil>
260	122	508	630	<nil>
260	123	508	631	<nil>
260	129	501	630	<nil>
260	378	0	378	rpc error: code = Unavailable desc = transport is closing
260	377	0	377	rpc error: code = Unavailable desc = transport is closing
260	380	0	380	rpc error: code = Unavailable desc = transport is closing
260	395	0	395	rpc error: code = Unavailable desc = transport is closing
260	373	0	373	rpc error: code = Unavailable desc = transport is closing
260	387	0	387	rpc error: code = Unavailable desc = transport is closing
260	403	0	403	rpc error: code = Unavailable desc = transport is closing
260	401	0	401	rpc error: code = Unavailable desc = transport is closing
260	381	0	381	rpc error: code = Unavailable desc = transport is closing
260	365	0	365	rpc error: code = Unavailable desc = transport is closing
260	397	0	397	rpc error: code = Unavailable desc = transport is closing
260	377	0	377	rpc error: code = Unavailable desc = transport is closing
260	379	0	379	rpc error: code = Unavailable desc = transport is closing
260	346	0	346	rpc error: code = Unavailable desc = transport is closing
260	390	0	390	rpc error: code = Unavailable desc = transport is closing
260	374	0	374	rpc error: code = Unavailable desc = transport is closing
260	410	0	410	rpc error: code = Unavailable desc = transport is closing
260	371	0	371	rpc error: code = Unavailable desc = transport is closing
260	377	0	377	rpc error: code = Unavailable desc = transport is closing
260	368	0	368	rpc error: code = Unavailable desc = transport is closing
260	387	0	387	rpc error: code = Unavailable desc = transport is closing
260	371	0	371	rpc error: code = Unavailable desc = transport is closing
260	417	0	417	rpc error: code = Unavailable desc = transport is closing
260	386	0	386	rpc error: code = Unavailable desc = transport is closing
260	346	0	346	rpc error: code = Unavailable desc = transport is closing
260	379	0	379	rpc error: code = Unavailable desc = transport is closing
260	362	0	362	rpc error: code = Unavailable desc = transport is closing
260	412	0	412	rpc error: code = Unavailable desc = transport is closing
260	375	0	375	rpc error: code = Unavailable desc = transport is closing
260	416	0	416	rpc error: code = Unavailable desc = transport is closing
260	402	0	402	rpc error: code = Unavailable desc = transport is closing
260	401	0	401	rpc error: code = Unavailable desc = transport is closing
260	416	0	416	rpc error: code = Unavailable desc = transport is closing
260	387	0	387	rpc error: code = Unavailable desc = transport is closing
260	415	0	415	rpc error: code = Unavailable desc = transport is closing
260	166	0	166	rpc error: code = Unavailable desc = transport is closing
260	400	0	400	rpc error: code = Unavailable desc = transport is closing
260	339	0	339	rpc error: code = Unavailable desc = transport is closing
260	402	0	402	rpc error: code = Unavailable desc = transport is closing
260	400	0	400	rpc error: code = Unavailable desc = transport is closing
260	384	0	384	rpc error: code = Unavailable desc = transport is closing
260	383	0	383	rpc error: code = Unavailable desc = transport is closing
260	384	0	384	rpc error: code = Unavailable desc = transport is closing
260	406	0	406	rpc error: code = Unavailable desc = transport is closing
260	391	0	391	rpc error: code = Unavailable desc = transport is closing
260	389	0	389	rpc error: code = Unavailable desc = transport is closing
260	420	0	420	rpc error: code = Unavailable desc = transport is closing
260	399	0	399	rpc error: code = Unavailable desc = transport is closing
260	383	0	383	rpc error: code = Unavailable desc = transport is closing
260	408	0	408	rpc error: code = Unavailable desc = transport is closing
260	421	0	421	rpc error: code = Unavailable desc = transport is closing
260	405	0	405	rpc error: code = Unavailable desc = transport is closing
260	402	0	402	rpc error: code = Unavailable desc = transport is closing
260	390	0	390	rpc error: code = Unavailable desc = transport is closing
260	175	490	665	<nil>
260	91	489	580	<nil>
260	172	489	661	<nil>
260	91	490	581	<nil>
260	377	0	377	rpc error: code = Unavailable desc = transport is closing
260	164	0	164	rpc error: code = Unavailable desc = transport is closing
260	399	0	399	rpc error: code = Unavailable desc = transport is closing
260	156	0	156	rpc error: code = Unavailable desc = transport is closing
260	416	0	416	rpc error: code = Unavailable desc = transport is closing
260	383	0	383	rpc error: code = Unavailable desc = transport is closing
260	416	0	416	rpc error: code = Unavailable desc = transport is closing
260	395	0	395	rpc error: code = Unavailable desc = transport is closing
260	428	0	428	rpc error: code = Unavailable desc = transport is closing
260	165	0	165	rpc error: code = Unavailable desc = transport is closing
260	426	0	426	rpc error: code = Unavailable desc = transport is closing
260	104	492	596	<nil>
260	427	0	427	rpc error: code = Unavailable desc = transport is closing
260	423	0	423	rpc error: code = Unavailable desc = transport is closing
260	425	0	425	rpc error: code = Unavailable desc = transport is closing
260	379	0	379	rpc error: code = Unavailable desc = transport is closing
260	412	0	412	rpc error: code = Unavailable desc = transport is closing
260	429	0	429	rpc error: code = Unavailable desc = transport is closing
260	392	0	392	rpc error: code = Unavailable desc = transport is closing
260	182	0	182	rpc error: code = Unavailable desc = transport is closing
260	426	0	426	rpc error: code = Unavailable desc = transport is closing
260	411	0	411	rpc error: code = Unavailable desc = transport is closing
260	425	0	425	rpc error: code = Unavailable desc = transport is closing
260	195	0	195	rpc error: code = Unavailable desc = transport is closing
260	412	0	412	rpc error: code = Unavailable desc = transport is closing
260	195	0	195	rpc error: code = Unavailable desc = transport is closing
260	193	0	193	rpc error: code = Unavailable desc = transport is closing
260	180	0	180	rpc error: code = Unavailable desc = transport is closing
260	427	0	427	rpc error: code = Unavailable desc = transport is closing
260	194	0	194	rpc error: code = Unavailable desc = transport is closing
260	195	0	195	rpc error: code = Unavailable desc = transport is closing
260	440	0	440	rpc error: code = Unavailable desc = transport is closing
260	194	0	194	rpc error: code = Unavailable desc = transport is closing
260	426	0	426	rpc error: code = Unavailable desc = transport is closing
260	427	0	427	rpc error: code = Unavailable desc = transport is closing
260	426	0	426	rpc error: code = Unavailable desc = transport is closing
260	427	0	427	rpc error: code = Unavailable desc = transport is closing
260	444	0	444	rpc error: code = Unavailable desc = transport is closing
260	427	0	427	rpc error: code = Unavailable desc = transport is closing
260	426	0	426	rpc error: code = Unavailable desc = transport is closing
260	182	0	182	rpc error: code = Unavailable desc = transport is closing
260	445	0	445	rpc error: code = Unavailable desc = transport is closing
260	444	0	444	rpc error: code = Unavailable desc = transport is closing
260	417	0	417	rpc error: code = Unavailable desc = transport is closing
260	427	0	427	rpc error: code = Unavailable desc = transport is closing
260	390	0	390	rpc error: code = Unavailable desc = transport is closing
260	392	0	392	rpc error: code = Unavailable desc = transport is closing
260	463	0	463	rpc error: code = Unavailable desc = transport is closing
260	452	0	452	rpc error: code = Unavailable desc = transport is closing
260	249	0	249	rpc error: code = Unavailable desc = transport is closing
260	463	0	463	rpc error: code = Unavailable desc = transport is closing
260	463	0	463	rpc error: code = Unavailable desc = transport is closing
260	463	0	463	rpc error: code = Unavailable desc = transport is closing
260	451	0	451	rpc error: code = Unavailable desc = transport is closing
260	215	467	682	<nil>
260	453	0	453	rpc error: code = Unavailable desc = transport is closing
260	467	0	467	rpc error: code = Unavailable desc = transport is closing
260	467	0	467	rpc error: code = Unavailable desc = transport is closing
260	473	0	473	rpc error: code = Unavailable desc = transport is closing
260	451	0	451	rpc error: code = Unavailable desc = transport is closing
260	450	0	450	rpc error: code = Unavailable desc = transport is closing
260	450	0	450	rpc error: code = Unavailable desc = transport is closing
260	449	0	449	rpc error: code = Unavailable desc = transport is closing
260	456	0	456	rpc error: code = Unavailable desc = transport is closing
260	449	0	449	rpc error: code = Unavailable desc = transport is closing
260	467	0	467	rpc error: code = Unavailable desc = transport is closing
260	454	0	454	rpc error: code = Unavailable desc = transport is closing
260	462	0	462	rpc error: code = Unavailable desc = transport is closing
260	465	0	465	rpc error: code = Unavailable desc = transport is closing
260	162	573	735	<nil>
260	462	0	462	rpc error: code = Unavailable desc = transport is closing
260	458	0	458	rpc error: code = Unavailable desc = transport is closing
260	470	0	470	rpc error: code = Unavailable desc = transport is closing
260	478	0	478	rpc error: code = Unavailable desc = transport is closing
260	470	0	470	rpc error: code = Unavailable desc = transport is closing
260	454	0	454	rpc error: code = Unavailable desc = transport is closing
260	455	0	455	rpc error: code = Unavailable desc = transport is closing
260	444	0	444	rpc error: code = Unavailable desc = transport is closing
260	458	0	458	rpc error: code = Unavailable desc = transport is closing
260	458	0	458	rpc error: code = Unavailable desc = transport is closing
260	471	0	471	rpc error: code = Unavailable desc = transport is closing
260	274	0	274	rpc error: code = Unavailable desc = transport is closing
260	460	0	460	rpc error: code = Unavailable desc = transport is closing
260	444	0	444	rpc error: code = Unavailable desc = transport is closing
260	266	0	266	rpc error: code = Unavailable desc = transport is closing
260	446	0	446	rpc error: code = Unavailable desc = transport is closing
260	267	0	267	rpc error: code = Unavailable desc = transport is closing
260	459	0	459	rpc error: code = Unavailable desc = transport is closing
260	261	0	261	rpc error: code = Unavailable desc = transport is closing
260	260	0	260	rpc error: code = Unavailable desc = transport is closing
260	275	0	275	rpc error: code = Unavailable desc = transport is closing
260	266	0	266	rpc error: code = Unavailable desc = transport is closing
260	276	0	276	rpc error: code = Unavailable desc = transport is closing
260	1309	0	1309	rpc error: code = Unavailable desc = transport is closing
260	272	0	272	rpc error: code = Unavailable desc = transport is closing
260	231	489	720	<nil>
260	448	0	448	rpc error: code = Unavailable desc = transport is closing
260	230	590	820	<nil>
260	129	591	720	<nil>
260	235	584	819	<nil>
260	458	0	458	rpc error: code = Unavailable desc = transport is closing
260	478	0	478	rpc error: code = Unavailable desc = transport is closing
260	458	0	458	rpc error: code = Unavailable desc = transport is closing
260	214	609	823	<nil>
260	211	591	802	<nil>
260	190	609	799	<nil>
260	192	625	817	<nil>
260	230	605	835	<nil>
260	193	630	823	<nil>
260	184	625	809	<nil>
260	232	602	834	<nil>
260	373	0	373	rpc error: code = Unavailable desc = transport is closing
260	400	0	400	rpc error: code = Unavailable desc = transport is closing
260	355	0	355	rpc error: code = Unavailable desc = transport is closing
260	364	0	364	rpc error: code = Unavailable desc = transport is closing
260	368	0	368	rpc error: code = Unavailable desc = transport is closing
260	393	0	393	rpc error: code = Unavailable desc = transport is closing
260	224	611	835	<nil>
260	349	0	349	rpc error: code = Unavailable desc = transport is closing
260	352	0	352	rpc error: code = Unavailable desc = transport is closing
260	376	0	376	rpc error: code = Unavailable desc = transport is closing
260	395	0	395	rpc error: code = Unavailable desc = transport is closing
260	374	0	374	rpc error: code = Unavailable desc = transport is closing
260	367	0	367	rpc error: code = Unavailable desc = transport is closing
260	214	637	851	<nil>
260	371	0	371	rpc error: code = Unavailable desc = transport is closing
260	360	0	360	rpc error: code = Unavailable desc = transport is closing
260	356	0	356	rpc error: code = Unavailable desc = transport is closing
260	507	300	807	<nil>
260	351	0	351	rpc error: code = Unavailable desc = transport is closing
260	395	0	395	rpc error: code = Unavailable desc = transport is closing
260	399	0	399	rpc error: code = Unavailable desc = transport is closing
260	3126	262	3388	<nil>
260	530	277	807	<nil>
260	555	262	817	<nil>
260	541	277	818	<nil>
260	545	265	810	<nil>
260	704	32	736	<nil>
260	802	34	836	<nil>
260	810	33	843	<nil>
260	794	37	831	<nil>
260	317	34	351	<nil>
260	797	33	830	<nil>
260	788	38	826	<nil>
260	806	40	846	<nil>
260	795	34	829	<nil>
260	3391	39	3430	<nil>
260	803	46	849	<nil>
260	806	43	849	<nil>
260	317	34	351	<nil>
260	788	43	831	<nil>
260	311	24	335	<nil>
260	323	39	362	<nil>
260	102	23	125	<nil>
260	118	24	142	<nil>
260	804	45	849	<nil>
260	787	43	830	<nil>
260	118	23	141	<nil>
260	134	20	154	<nil>
260	793	50	843	<nil>
260	311	23	334	<nil>
260	791	45	836	<nil>
260	797	45	842	<nil>
260	810	44	854	<nil>
260	323	24	347	<nil>
260	796	58	854	<nil>
260	130	22	152	<nil>
260	804	50	854	<nil>
260	797	39	836	<nil>
260	809	46	855	<nil>
260	797	45	842	<nil>
260	793	48	841	<nil>
260	314	38	352	<nil>
260	790	46	836	<nil>
260	786	62	848	<nil>
260	317	39	356	<nil>
260	809	46	855	<nil>
260	788	48	836	<nil>
260	802	45	847	<nil>
260	285	51	336	<nil>
260	284	51	335	<nil>
260	801	45	846	<nil>
260	787	44	831	<nil>
260	285	49	334	<nil>
260	119	35	154	<nil>
260	118	36	154	<nil>
260	84	33	117	<nil>
260	792	62	854	<nil>
260	102	36	138	<nil>
260	796	58	854	<nil>
260	790	64	854	<nil>
260	313	59	372	<nil>
260	795	56	851	<nil>
260	792	62	854	<nil>
260	286	51	337	<nil>
260	285	52	337	<nil>
260	318	70	388	<nil>
260	792	45	837	<nil>
260	318	85	403	<nil>
260	307	155	462	<nil>
260	321	156	477	<nil>
260	135	145	280	<nil>
260	339	158	497	<nil>
260	138	190	328	<nil>
260	309	178	487	<nil>
260	97	143	240	<nil>
260	164	132	296	<nil>
260	359	143	502	<nil>
260	428	73	501	<nil>
260	334	168	502	<nil>
260	359	138	497	<nil>
260	158	138	296	<nil>
260	359	138	497	<nil>
260	366	132	498	<nil>
260	393	113	506	<nil>
260	308	184	492	<nil>
260	302	184	486	<nil>
260	41	190	231	<nil>
260	186	113	299	<nil>
260	318	184	502	<nil>
260	44	184	228	<nil>
260	304	189	493	<nil>
260	404	104	508	<nil>
260	32	189	221	<nil>
260	188	143	331	<nil>
260	316	186	502	<nil>
260	302	189	491	<nil>
260	312	189	501	<nil>
260	348	141	489	<nil>
260	458	72	530	<nil>
260	60	170	230	<nil>
260	383	122	505	<nil>
260	346	138	484	<nil>
260	364	122	486	<nil>
260	363	121	484	<nil>
260	351	134	485	<nil>
260	351	135	486	<nil>
260	164	135	299	<nil>
260	39	188	227	<nil>
260	367	131	498	<nil>
260	364	138	502	<nil>
260	345	143	488	<nil>
260	366	136	502	<nil>
260	350	138	488	<nil>
260	405	98	503	<nil>
260	425	101	526	<nil>
260	189	29	218	<nil>
260	253	126	379	<nil>
260	322	75	397	<nil>
260	59	174	233	<nil>
260	303	188	491	<nil>
260	443	60	503	<nil>
260	443	88	531	<nil>
260	347	35	382	<nil>
260	167	58	225	<nil>
260	482	31	513	<nil>
260	380	13	393	<nil>
260	351	29	380	<nil>
260	355	19	374	<nil>
260	435	32	467	<nil>
260	556	24	580	<nil>
260	314	25	339	<nil>
260	387	136	523	<nil>
260	422	100	522	<nil>
260	404	108	512	<nil>
260	347	34	381	<nil>
260	338	16	354	<nil>
260	203	10	213	<nil>
260	531	10	541	<nil>
260	329	61	390	<nil>
260	205	109	314	<nil>
260	536	120	656	<nil>
260	559	135	694	<nil>
260	382	131	513	<nil>
260	574	12	586	<nil>
260	210	29	239	<nil>
260	547	26	573	<nil>
260	543	26	569	<nil>
260	492	26	518	<nil>
260	540	30	570	<nil>
260	544	140	684	<nil>
260	521	131	652	<nil>
260	190	171	361	<nil>
260	544	154	698	<nil>
260	563	147	710	<nil>
260	231	153	384	<nil>
260	330	152	482	<nil>
260	563	148	711	<nil>
260	395	150	545	<nil>
260	560	151	711	<nil>
260	367	152	519	<nil>
260	378	152	530	<nil>
260	399	149	548	<nil>
260	374	172	546	<nil>
260	333	149	482	<nil>
260	379	151	530	<nil>
260	361	148	509	<nil>
260	524	154	678	<nil>
260	209	153	362	<nil>
260	188	146	334	<nil>
260	350	153	503	<nil>
260	507	172	679	<nil>
260	310	150	460	<nil>
260	351	151	502	<nil>
260	221	155	376	<nil>
260	230	150	380	<nil>
260	395	152	547	<nil>
260	572	191	763	<nil>
260	561	217	778	<nil>
260	561	195	756	<nil>
260	424	211	635	<nil>
260	44	233	277	<nil>
260	520	219	739	<nil>
260	544	235	779	<nil>
260	227	235	462	<nil>
260	556	208	764	<nil>
260	413	264	677	<nil>
260	740	85	825	<nil>
260	548	262	810	<nil>
260	369	123	492	<nil>
260	435	196	631	<nil>
260	560	265	825	<nil>
260	685	123	808	<nil>
260	261	196	457	<nil>
260	264	230	494	<nil>
260	295	216	511	<nil>
260	691	124	815	<nil>
260	546	263	809	<nil>
260	715	99	814	<nil>
260	763	62	825	<nil>
260	315	197	512	<nil>
260	481	197	678	<nil>
260	771	55	826	<nil>
260	561	264	825	<nil>
260	609	216	825	<nil>
260	715	114	829	<nil>
260	71	262	333	<nil>
260	689	126	815	<nil>
260	551	265	816	<nil>
260	740	34	774	<nil>
260	704	125	829	<nil>
260	690	125	815	<nil>
260	711	114	825	<nil>
260	684	126	810	<nil>
260	701	124	825	<nil>
260	563	265	828	<nil>
260	429	35	464	<nil>
260	747	63	810	<nil>
260	237	83	320	<nil>
260	354	197	551	<nil>
260	654	198	852	<nil>
260	766	64	830	<nil>
260	347	146	493	<nil>
260	742	84	826	<nil>
260	560	266	826	<nil>
260	287	265	552	<nil>
260	388	106	494	<nil>
260	366	266	632	<nil>
260	227	267	494	<nil>
260	482	42	524	<nil>
260	424	240	664	<nil>
260	431	37	468	<nil>
260	431	46	477	<nil>
260	461	46	507	<nil>
260	412	46	458	<nil>
260	432	45	477	<nil>
260	777	49	826	<nil>
260	676	536	1212	<nil>
260	442	537	979	<nil>
260	797	537	1334	<nil>
260	798	537	1335	<nil>
260	441	540	981	<nil>
260	676	539	1215	<nil>
260	639	539	1178	<nil>
260	675	539	1214	<nil>
260	675	539	1214	<nil>
260	442	540	982	<nil>
260	805	539	1344	<nil>
260	679	537	1216	<nil>
260	454	541	995	<nil>
260	459	537	996	<nil>
260	460	541	1001	<nil>
260	442	539	981	<nil>
260	765	537	1302	<nil>
260	769	538	1307	<nil>
260	679	536	1215	<nil>
260	674	548	1222	<nil>
260	455	549	1004	<nil>
260	442	549	991	<nil>
260	807	549	1356	<nil>
260	461	549	1010	<nil>
260	442	551	993	<nil>
260	442	551	993	<nil>
260	823	551	1374	<nil>
260	657	551	1208	<nil>
260	461	551	1012	<nil>
260	770	552	1322	<nil>
260	454	551	1005	<nil>
260	807	551	1358	<nil>
260	667	553	1220	<nil>
260	457	603	1060	<nil>
260	457	601	1058	<nil>
260	140	602	742	<nil>
260	785	602	1387	<nil>
260	457	607	1064	<nil>
260	135	601	736	<nil>
260	456	618	1074	<nil>
260	131	607	738	<nil>
260	877	582	1459	<nil>
260	905	554	1459	<nil>
260	888	546	1434	<nil>
260	857	577	1434	<nil>
260	130	607	737	<nil>
260	857	577	1434	<nil>
260	135	602	737	<nil>
260	906	547	1453	<nil>
260	872	577	1449	<nil>
260	876	576	1452	<nil>
260	903	547	1450	<nil>
260	861	578	1439	<nil>
260	126	611	737	<nil>
260	839	577	1416	<nil>
260	811	577	1388	<nil>
260	857	582	1439	<nil>
260	905	553	1458	<nil>
260	902	554	1456	<nil>
260	849	559	1408	<nil>
260	476	621	1097	<nil>
260	359	542	901	<nil>
260	328	554	882	<nil>
260	850	555	1405	<nil>
260	936	546	1482	<nil>
260	1391	519	1910	<nil>
260	415	519	934	<nil>
260	410	521	931	<nil>
260	165	521	686	<nil>
260	407	531	938	<nil>
260	952	530	1482	<nil>
260	374	531	905	<nil>
260	435	522	957	<nil>
260	402	531	933	<nil>
260	386	520	906	<nil>
260	403	531	934	<nil>
260	385	522	907	<nil>
260	398	535	933	<nil>
260	403	531	934	<nil>
260	437	520	957	<nil>
260	376	530	906	<nil>
260	169	522	691	<nil>
260	386	520	906	<nil>
260	386	522	908	<nil>
260	402	540	942	<nil>
260	374	539	913	<nil>
260	838	217	1055	<nil>
260	788	220	1008	<nil>
260	789	222	1011	<nil>
260	990	215	1205	<nil>
260	990	215	1205	<nil>
260	606	204	810	<nil>
260	627	175	802	<nil>
260	615	176	791	<nil>
260	894	174	1068	<nil>
260	968	172	1140	<nil>
260	1294	172	1466	<nil>
260	1490	169	1659	<nil>
260	1300	167	1467	<nil>
260	1488	168	1656	<nil>
260	975	170	1145	<nil>
260	1299	170	1469	<nil>
260	1479	177	1656	<nil>
260	971	190	1161	<nil>
260	888	71	959	<nil>
260	666	178	844	<nil>
260	651	176	827	<nil>
260	1492	204	1696	<nil>
260	1152	176	1328	<nil>
260	650	177	827	<nil>
260	1158	177	1335	<nil>
260	647	177	824	<nil>
260	1144	193	1337	<nil>
260	1147	196	1343	<nil>
260	884	77	961	<nil>
260	883	71	954	<nil>
260	1496	196	1692	<nil>
260	873	71	944	<nil>
260	944	178	1122	<nil>
260	1329	182	1511	<nil>
260	887	72	959	<nil>
260	1480	207	1687	<nil>
260	1194	97	1291	<nil>
260	1038	74	1112	<nil>
260	780	180	960	<nil>
260	797	180	977	<nil>
260	1145	177	1322	<nil>
260	1160	117	1277	<nil>
260	872	72	944	<nil>
260	1220	75	1295	<nil>
260	641	177	818	<nil>
260	1160	116	1276	<nil>
260	1037	75	1112	<nil>
260	780	182	962	<nil>
260	638	181	819	<nil>
260	1145	131	1276	<nil>
260	1160	117	1277	<nil>
260	785	182	967	<nil>
260	957	183	1140	<nil>
260	1013	212	1225	<nil>
260	1077	65	1142	<nil>
260	1058	77	1135	<nil>
260	756	77	833	<nil>
260	1091	77	1168	<nil>
260	225	77	302	<nil>
260	1492	206	1698	<nil>
260	1158	177	1335	<nil>
260	804	101	905	<nil>
260	808	101	909	<nil>
260	760	75	835	<nil>
260	1088	150	1238	<nil>
260	768	164	932	<nil>
260	817	160	977	<nil>
260	821	158	979	<nil>
260	824	159	983	<nil>
260	1191	134	1325	<nil>
260	842	151	993	<nil>
260	806	168	974	<nil>
260	860	132	992	<nil>
260	229	136	365	<nil>
260	825	169	994	<nil>
260	797	162	959	<nil>
260	816	158	974	<nil>
260	829	174	1003	<nil>
260	1232	61	1293	<nil>
260	836	187	1023	<nil>
260	1233	75	1308	<nil>
260	1093	59	1152	<nil>
260	361	32	393	<nil>
260	250	120	370	<nil>
260	440	25	465	<nil>
260	874	149	1023	<nil>
260	368	25	393	<nil>
260	1248	60	1308	<nil>
260	231	163	394	<nil>
260	1082	58	1140	<nil>
260	348	28	376	<nil>
260	189	44	233	<nil>
260	1127	62	1189	<nil>
260	248	164	412	<nil>
260	825	199	1024	<nil>
260	207	63	270	<nil>
260	225	146	371	<nil>
260	317	84	401	<nil>
260	435	34	469	<nil>
260	210	62	272	<nil>
260	183	56	239	<nil>
260	206	61	267	<nil>
260	1243	67	1310	<nil>
260	874	149	1023	<nil>
260	355	39	394	<nil>
260	818	187	1005	<nil>
260	362	34	396	<nil>
260	192	50	242	<nil>
260	332	42	374	<nil>
260	433	57	490	<nil>
260	1150	160	1310	<nil>
260	293	78	371	<nil>
260	859	164	1023	<nil>
260	117	151	268	<nil>
260	829	195	1024	<nil>
260	832	192	1024	<nil>
260	332	62	394	<nil>
260	817	188	1005	<nil>
260	824	200	1024	<nil>
260	336	159	495	<nil>
260	209	64	273	<nil>
260	1099	63	1162	<nil>
260	230	170	400	<nil>
260	430	59	489	<nil>
260	961	65	1026	<nil>
260	182	59	241	<nil>
260	1249	61	1310	<nil>
260	242	163	405	<nil>
260	248	159	407	<nil>
260	434	60	494	<nil>
260	1155	156	1311	<nil>
260	355	40	395	<nil>
260	337	40	377	<nil>
260	1081	62	1143	<nil>
260	962	63	1025	<nil>
260	805	199	1004	<nil>
260	1008	57	1065	<nil>
260	255	162	417	<nil>
260	425	60	485	<nil>
260	193	49	242	<nil>
260	433	62	495	<nil>
260	191	48	239	<nil>
260	352	23	375	<nil>
260	225	151	376	<nil>
260	355	44	399	<nil>
260	442	32	474	<nil>
260	429	64	493	<nil>
260	338	56	394	<nil>
260	440	33	473	<nil>
260	877	155	1032	<nil>
260	354	13	367	<nil>
260	405	12	417	<nil>
260	369	33	402	<nil>
260	199	13	212	<nil>
260	889	141	1030	<nil>
260	257	7	264	<nil>
260	162	38	200	<nil>
260	188	10	198	<nil>
260	407	17	424	<nil>
260	355	12	367	<nil>
260	435	34	469	<nil>
260	379	14	393	<nil>
260	382	11	393	<nil>
260	378	16	394	<nil>
260	404	13	417	<nil>
260	381	12	393	<nil>
260	354	14	368	<nil>
260	1037	11	1048	<nil>
260	189	45	234	<nil>
260	201	12	213	<nil>
260	400	12	412	<nil>
260	1154	156	1310	<nil>
260	383	15	398	<nil>
260	200	17	217	<nil>
260	208	10	218	<nil>
260	191	17	208	<nil>
260	163	15	178	<nil>
260	176	15	191	<nil>
260	385	15	400	<nil>
260	1035	17	1052	<nil>
260	405	17	422	<nil>
260	494	11	505	<nil>
260	57	12	69	<nil>
260	388	12	400	<nil>
260	203	16	219	<nil>
260	199	10	209	<nil>
260	384	16	400	<nil>
260	4983	20	5003	<nil>
260	390	13	403	<nil>
260	47	11	58	<nil>
260	414	11	425	<nil>
260	4986	18	5004	<nil>
260	1154	17	1171	<nil>
260	208	9	217	<nil>
260	347	17	364	<nil>
260	384	17	401	<nil>
260	218	11	229	<nil>
260	395	11	406	<nil>
260	186	12	198	<nil>
260	195	16	211	<nil>
260	416	187	603	<nil>
260	1047	187	1234	<nil>
260	1047	188	1235	<nil>
260	206	189	395	<nil>
260	523	185	708	<nil>
260	521	188	709	<nil>
260	517	188	705	<nil>
260	523	193	716	<nil>
260	212	193	405	<nil>
260	1061	196	1257	<nil>
260	214	198	412	<nil>
260	214	198	412	<nil>
260	215	201	416	<nil>
260	232	192	424	<nil>
260	257	199	456	<nil>
260	1041	195	1236	<nil>
260	516	179	695	<nil>
260	1046	189	1235	<nil>
260	71	186	257	<nil>
260	1047	188	1235	<nil>
260	1044	191	1235	<nil>
260	1048	188	1236	<nil>
260	206	188	394	<nil>
260	206	186	392	<nil>
260	516	180	696	<nil>
260	236	191	427	<nil>
260	1048	188	1236	<nil>
260	205	186	391	<nil>
260	1048	189	1237	<nil>
260	523	180	703	<nil>
260	205	185	390	<nil>
260	517	183	700	<nil>
260	270	188	458	<nil>
260	1046	189	1235	<nil>
260	524	189	713	<nil>
260	521	189	710	<nil>
260	206	196	402	<nil>
260	513	189	702	<nil>
260	212	189	401	<nil>
260	215	186	401	<nil>
260	524	200	724	<nil>
260	78	200	278	<nil>
260	373	194	567	<nil>
260	257	348	605	<nil>
260	435	352	787	<nil>
260	416	352	768	<nil>
260	221	366	587	<nil>
260	5315	67	5382	<nil>
260	522	73	595	<nil>
260	531	71	602	<nil>
260	375	0	375	rpc error: code = Unavailable desc = transport is closing
260	566	30	596	<nil>
260	852	29	881	<nil>
260	521	73	594	<nil>
260	565	30	595	<nil>
260	424	184	608	<nil>
260	544	51	595	<nil>
260	843	30	873	<nil>
260	851	30	881	<nil>
260	521	75	596	<nil>
260	564	31	595	<nil>
260	520	76	596	<nil>
260	564	31	595	<nil>
260	391	206	597	<nil>
260	521	76	597	<nil>
260	847	32	879	<nil>
260	462	76	538	<nil>
260	785	29	814	<nil>
260	735	31	766	<nil>
260	851	33	884	<nil>
260	1700	28	1728	<nil>
260	512	78	590	<nil>
260	391	203	594	<nil>
260	844	33	877	<nil>
260	761	29	790	<nil>
260	852	33	885	<nil>
260	1671	39	1710	<nil>
260	1708	15	1723	<nil>
260	1701	39	1740	<nil>
260	1699	14	1713	<nil>
260	1686	39	1725	<nil>
260	1735	634	2369	<nil>
260	1695	648	2343	<nil>
260	1702	642	2344	<nil>
260	1717	653	2370	<nil>
260	1729	644	2373	<nil>
260	1711	634	2345	<nil>
260	1729	644	2373	<nil>
260	1690	671	2361	<nil>
260	1695	667	2362	<nil>
260	1688	673	2361	<nil>
260	2706	661	3367	<nil>
260	1700	675	2375	<nil>
260	376	670	1046	<nil>
260	457	649	1106	<nil>
260	399	667	1066	<nil>
260	371	683	1054	<nil>
260	416	649	1065	<nil>
260	417	649	1066	<nil>
260	398	666	1064	<nil>
260	1725	666	2391	<nil>
260	1721	669	2390	<nil>
260	1694	668	2362	<nil>
260	1721	669	2390	<nil>
260	388	656	1044	<nil>
260	1693	669	2362	<nil>
260	393	665	1058	<nil>
260	382	669	1051	<nil>
260	1729	662	2391	<nil>
260	390	657	1047	<nil>
260	417	650	1067	<nil>
260	1728	662	2390	<nil>
260	418	743	1161	<nil>
260	432	744	1176	<nil>
260	459	744	1203	<nil>
260	432	744	1176	<nil>
260	402	740	1142	<nil>
260	437	741	1178	<nil>
260	436	741	1177	<nil>
260	438	741	1179	<nil>
260	429	741	1170	<nil>
260	423	741	1164	<nil>
260	431	747	1178	<nil>
260	457	751	1208	<nil>
260	452	725	1177	<nil>
260	442	728	1170	<nil>
260	457	732	1189	<nil>
260	471	721	1192	<nil>
260	105	683	788	<nil>
260	124	685	809	<nil>
260	448	723	1171	<nil>
260	1062	0	1062	rpc error: code = Unavailable desc = transport is closing
260	674	0	674	rpc error: code = Unavailable desc = transport is closing
260	1157	0	1157	rpc error: code = Unavailable desc = transport is closing
260	927	0	927	rpc error: code = Unavailable desc = transport is closing
260	763	0	763	rpc error: code = Unavailable desc = transport is closing
260	1158	0	1158	rpc error: code = Unavailable desc = transport is closing
260	1145	0	1145	rpc error: code = Unavailable desc = transport is closing
260	1149	0	1149	rpc error: code = Unavailable desc = transport is closing
260	1180	0	1180	rpc error: code = Unavailable desc = transport is closing
260	1162	0	1162	rpc error: code = Unavailable desc = transport is closing
260	1173	0	1173	rpc error: code = Unavailable desc = transport is closing
260	1162	0	1162	rpc error: code = Unavailable desc = transport is closing
260	1179	0	1179	rpc error: code = Unavailable desc = transport is closing
260	1163	0	1163	rpc error: code = Unavailable desc = transport is closing
260	1214	0	1214	rpc error: code = Unavailable desc = transport is closing
260	1218	0	1218	rpc error: code = Unavailable desc = transport is closing
260	2230	0	2230	rpc error: code = Unavailable desc = transport is closing
260	1195	0	1195	rpc error: code = Unavailable desc = transport is closing
260	1162	0	1162	rpc error: code = Unavailable desc = transport is closing
260	1173	0	1173	rpc error: code = Unavailable desc = transport is closing
260	1182	0	1182	rpc error: code = Unavailable desc = transport is closing
260	1216	0	1216	rpc error: code = Unavailable desc = transport is closing
260	1184	0	1184	rpc error: code = Unavailable desc = transport is closing
260	1164	0	1164	rpc error: code = Unavailable desc = transport is closing
260	974	0	974	rpc error: code = Unavailable desc = transport is closing
260	1163	0	1163	rpc error: code = Unavailable desc = transport is closing
260	1188	0	1188	rpc error: code = Unavailable desc = transport is closing
260	1205	0	1205	rpc error: code = Unavailable desc = transport is closing
260	1163	0	1163	rpc error: code = Unavailable desc = transport is closing
260	1190	0	1190	rpc error: code = Unavailable desc = transport is closing
260	1253	0	1253	rpc error: code = Unavailable desc = transport is closing
260	1163	0	1163	rpc error: code = Unavailable desc = transport is closing
260	1201	0	1201	rpc error: code = Unavailable desc = transport is closing
260	1185	0	1185	rpc error: code = Unavailable desc = transport is closing
260	1186	0	1186	rpc error: code = Unavailable desc = transport is closing
260	1204	0	1204	rpc error: code = Unavailable desc = transport is closing
260	1189	0	1189	rpc error: code = Unavailable desc = transport is closing
260	1166	0	1166	rpc error: code = Unavailable desc = transport is closing
260	1144	0	1144	rpc error: code = Unavailable desc = transport is closing
260	1165	0	1165	rpc error: code = Unavailable desc = transport is closing
260	1188	0	1188	rpc error: code = Unavailable desc = transport is closing
260	1192	0	1192	rpc error: code = Unavailable desc = transport is closing
260	950	0	950	rpc error: code = Unavailable desc = transport is closing
260	942	0	942	rpc error: code = Unavailable desc = transport is closing
260	1170	0	1170	rpc error: code = Unavailable desc = transport is closing
260	960	0	960	rpc error: code = Unavailable desc = transport is closing
260	1189	0	1189	rpc error: code = Unavailable desc = transport is closing
260	974	0	974	rpc error: code = Unavailable desc = transport is closing
260	1145	0	1145	rpc error: code = Unavailable desc = transport is closing
260	829	41	870	<nil>
260	1160	0	1160	rpc error: code = Unavailable desc = transport is closing
260	1170	0	1170	rpc error: code = Unavailable desc = transport is closing
260	1154	0	1154	rpc error: code = Unavailable desc = transport is closing
260	1193	0	1193	rpc error: code = Unavailable desc = transport is closing
260	1216	0	1216	rpc error: code = Unavailable desc = transport is closing
260	1186	0	1186	rpc error: code = Unavailable desc = transport is closing
260	6184	0	6184	rpc error: code = Unavailable desc = transport is closing
260	1185	0	1185	rpc error: code = Unavailable desc = transport is closing
260	1185	0	1185	rpc error: code = Unavailable desc = transport is closing
260	947	0	947	rpc error: code = Unavailable desc = transport is closing
260	1189	0	1189	rpc error: code = Unavailable desc = transport is closing
260	1144	0	1144	rpc error: code = Unavailable desc = transport is closing
260	1229	0	1229	rpc error: code = Unavailable desc = transport is closing
260	190	30	220	<nil>
260	201	35	236	<nil>
260	1185	0	1185	rpc error: code = Unavailable desc = transport is closing
260	1190	0	1190	rpc error: code = Unavailable desc = transport is closing
260	880	0	880	rpc error: code = Unavailable desc = transport is closing
260	1204	0	1204	rpc error: code = Unavailable desc = transport is closing
260	1185	0	1185	rpc error: code = Unavailable desc = transport is closing
260	1189	0	1189	rpc error: code = Unavailable desc = transport is closing
260	1233	0	1233	rpc error: code = Unavailable desc = transport is closing
260	834	37	871	<nil>
260	183	38	221	<nil>
260	190	31	221	<nil>
260	193	30	223	<nil>
260	191	30	221	<nil>
260	183	38	221	<nil>
260	190	31	221	<nil>
260	191	30	221	<nil>
260	183	39	222	<nil>
260	1169	0	1169	rpc error: code = Unavailable desc = transport is closing
260	192	30	222	<nil>
260	949	0	949	rpc error: code = Unavailable desc = transport is closing
260	1190	0	1190	rpc error: code = Unavailable desc = transport is closing
260	947	0	947	rpc error: code = Unavailable desc = transport is closing
260	965	0	965	rpc error: code = Unavailable desc = transport is closing
260	930	0	930	rpc error: code = Unavailable desc = transport is closing
260	183	32	215	<nil>
260	1249	0	1249	rpc error: code = Unavailable desc = transport is closing
260	1181	0	1181	rpc error: code = Unavailable desc = transport is closing
260	1161	0	1161	rpc error: code = Unavailable desc = transport is closing
260	1168	0	1168	rpc error: code = Unavailable desc = transport is closing
260	948	0	948	rpc error: code = Unavailable desc = transport is closing
260	1190	0	1190	rpc error: code = Unavailable desc = transport is closing
260	1254	0	1254	rpc error: code = Unavailable desc = transport is closing
260	966	0	966	rpc error: code = Unavailable desc = transport is closing
260	939	0	939	rpc error: code = Unavailable desc = transport is closing
260	1189	0	1189	rpc error: code = Unavailable desc = transport is closing
260	1189	0	1189	rpc error: code = Unavailable desc = transport is closing
260	1207	0	1207	rpc error: code = Unavailable desc = transport is closing
260	1218	0	1218	rpc error: code = Unavailable desc = transport is closing
260	1208	0	1208	rpc error: code = Unavailable desc = transport is closing
260	1210	0	1210	rpc error: code = Unavailable desc = transport is closing
260	883	110	993	<nil>
260	1195	111	1306	<nil>
260	883	111	994	<nil>
260	971	0	971	rpc error: code = Unavailable desc = transport is closing
260	1211	0	1211	rpc error: code = Unavailable desc = transport is closing
260	176	52	228	<nil>
260	2442	59	2501	<nil>
260	1234	0	1234	rpc error: code = Unavailable desc = transport is closing
260	1170	0	1170	rpc error: code = Unavailable desc = transport is closing
260	1200	0	1200	rpc error: code = Unavailable desc = transport is closing
260	6207	0	6207	rpc error: code = Unavailable desc = transport is closing
260	1220	0	1220	rpc error: code = Unavailable desc = transport is closing
260	1205	0	1205	rpc error: code = Unavailable desc = transport is closing
260	825	73	898	<nil>
260	1197	0	1197	rpc error: code = Unavailable desc = transport is closing
260	1184	0	1184	rpc error: code = Unavailable desc = transport is closing
260	1217	0	1217	rpc error: code = Unavailable desc = transport is closing
260	833	73	906	<nil>
260	836	71	907	<nil>
260	830	71	901	<nil>
260	836	71	907	<nil>
260	1177	0	1177	rpc error: code = Unavailable desc = transport is closing
260	2437	51	2488	<nil>
260	832	72	904	<nil>
260	842	72	914	<nil>
260	883	0	883	rpc error: code = Unavailable desc = transport is closing
260	836	71	907	<nil>
260	1180	0	1180	rpc error: code = Unavailable desc = transport is closing
260	2430	59	2489	<nil>
260	1166	0	1166	rpc error: code = Unavailable desc = transport is closing
260	836	79	915	<nil>
260	835	79	914	<nil>
260	201	36	237	<nil>
260	828	85	913	<nil>
260	2423	67	2490	<nil>
260	2436	96	2532	<nil>
260	2437	210	2647	<nil>
260	2437	226	2663	<nil>
260	2437	241	2678	<nil>
260	2458	256	2714	<nil>
260	171	198	369	<nil>
260	170	212	382	<nil>
260	123	255	378	<nil>
260	189	187	376	<nil>
260	90	255	345	<nil>
260	245	139	384	<nil>
260	65	217	282	<nil>
260	172	210	382	<nil>
260	178	125	303	<nil>
260	52	250	302	<nil>
260	2450	140	2590	<nil>
260	255	125	380	<nil>
260	2476	117	2593	<nil>
260	2335	259	2594	<nil>
260	201	179	380	<nil>
260	104	252	356	<nil>
260	149	210	359	<nil>
260	90	252	342	<nil>
260	247	142	389	<nil>
260	2343	252	2595	<nil>
260	103	253	356	<nil>
260	113	251	364	<nil>
260	224	125	349	<nil>
260	224	127	351	<nil>
260	233	124	357	<nil>
260	287	29	316	<nil>
260	284	40	324	<nil>
260	246	117	363	<nil>
260	248	115	363	<nil>
260	230	122	352	<nil>
260	211	137	348	<nil>
260	262	86	348	<nil>
260	270	83	353	<nil>
260	263	100	363	<nil>
260	230	129	359	<nil>
260	278	84	362	<nil>
260	251	97	348	<nil>
260	302	50	352	<nil>
260	218	137	355	<nil>
260	242	118	360	<nil>
260	265	91	356	<nil>
260	298	18	316	<nil>
260	322	29	351	<nil>
260	232	38	270	<nil>
260	257	68	325	<nil>
260	252	65	317	<nil>
260	316	43	359	<nil>
260	297	62	359	<nil>
260	234	114	348	<nil>
260	296	23	319	<nil>
260	291	68	359	<nil>
260	297	64	361	<nil>
260	307	22	329	<nil>
260	316	42	358	<nil>
260	1279	42	1321	<nil>
260	327	25	352	<nil>
260	296	25	321	<nil>
260	297	64	361	<nil>
260	257	64	321	<nil>
260	270	83	353	<nil>
260	320	40	360	<nil>
260	331	23	354	<nil>
260	319	37	356	<nil>
260	289	21	310	<nil>
260	322	25	347	<nil>
260	267	43	310	<nil>
260	270	23	293	<nil>
260	284	41	325	<nil>
260	329	24	353	<nil>
260	323	30	353	<nil>
260	296	66	362	<nil>
260	246	41	287	<nil>
260	1280	45	1325	<nil>
260	296	31	327	<nil>
260	292	20	312	<nil>
260	239	74	313	<nil>
260	297	24	321	<nil>
260	297	65	362	<nil>
260	299	21	320	<nil>
260	307	11	318	<nil>
260	289	30	319	<nil>
260	297	21	318	<nil>
260	332	30	362	<nil>
260	305	16	321	<nil>
260	322	16	338	<nil>
260	298	21	319	<nil>
260	289	21	310	<nil>
260	299	22	321	<nil>
260	330	22	352	<nil>
260	308	59	367	<nil>
260	359	53	412	<nil>
260	274	32	306	<nil>
260	363	53	416	<nil>
260	363	37	400	<nil>
260	305	51	356	<nil>
260	305	69	374	<nil>
260	299	59	358	<nil>
260	308	72	380	<nil>
260	297	81	378	<nil>
260	303	78	381	<nil>
260	106	59	165	<nil>
260	146	56	202	<nil>
260	120	58	178	<nil>
260	36	39	75	<nil>
260	102	71	173	<nil>
260	103	59	162	<nil>
260	102	65	167	<nil>
260	322	8	330	<nil>
260	310	53	363	<nil>
260	353	59	412	<nil>
260	299	59	358	<nil>
260	92	36	128	<nil>
260	316	51	367	<nil>
260	316	68	384	<nil>
260	291	82	373	<nil>
260	303	77	380	<nil>
260	355	78	433	<nil>
260	106	58	164	<nil>
260	94	52	146	<nil>
260	102	45	147	<nil>
260	102	45	147	<nil>
260	303	73	376	<nil>
260	102	45	147	<nil>
260	116	44	160	<nil>
260	297	80	377	<nil>
260	108	56	164	<nil>
260	297	86	383	<nil>
260	103	59	162	<nil>
260	103	44	147	<nil>
260	121	78	199	<nil>
260	170	84	254	<nil>
260	122	78	200	<nil>
260	377	65	442	<nil>
260	355	146	501	<nil>
260	350	137	487	<nil>
260	303	140	443	<nil>
260	327	126	453	<nil>
260	360	145	505	<nil>
260	314	146	460	<nil>
260	214	0	214	rpc error: code = Unavailable desc = transport is closing
260	325	0	325	rpc error: code = Unavailable desc = transport is closing
260	257	0	257	rpc error: code = Unavailable desc = transport is closing
260	1255	0	1255	rpc error: code = Unavailable desc = transport is closing
260	223	0	223	rpc error: code = Unavailable desc = transport is closing
260	292	0	292	rpc error: code = Unavailable desc = transport is closing
260	233	0	233	rpc error: code = Unavailable desc = transport is closing
260	292	0	292	rpc error: code = Unavailable desc = transport is closing
260	292	0	292	rpc error: code = Unavailable desc = transport is closing
260	245	0	245	rpc error: code = Unavailable desc = transport is closing
260	232	0	232	rpc error: code = Unavailable desc = transport is closing
260	154	212	366	<nil>
260	248	0	248	rpc error: code = Unavailable desc = transport is closing
260	332	0	332	rpc error: code = Unavailable desc = transport is closing
260	230	0	230	rpc error: code = Unavailable desc = transport is closing
260	335	0	335	rpc error: code = Unavailable desc = transport is closing
260	299	0	299	rpc error: code = Unavailable desc = transport is closing
260	335	0	335	rpc error: code = Unavailable desc = transport is closing
260	293	0	293	rpc error: code = Unavailable desc = transport is closing
260	296	0	296	rpc error: code = Unavailable desc = transport is closing
260	299	0	299	rpc error: code = Unavailable desc = transport is closing
260	163	125	288	<nil>
260	296	0	296	rpc error: code = Unavailable desc = transport is closing
260	332	0	332	rpc error: code = Unavailable desc = transport is closing
260	289	0	289	rpc error: code = Unavailable desc = transport is closing
260	293	0	293	rpc error: code = Unavailable desc = transport is closing
260	320	0	320	rpc error: code = Unavailable desc = transport is closing
260	348	0	348	rpc error: code = Unavailable desc = transport is closing
260	144	221	365	<nil>
260	152	213	365	<nil>
260	189	177	366	<nil>
260	102	264	366	<nil>
260	249	0	249	rpc error: code = Unavailable desc = transport is closing
260	165	143	308	<nil>
260	439	214	653	<nil>
260	156	253	409	<nil>
260	315	0	315	rpc error: code = Unavailable desc = transport is closing
260	162	125	287	<nil>
260	231	0	231	rpc error: code = Unavailable desc = transport is closing
260	298	0	298	rpc error: code = Unavailable desc = transport is closing
260	264	0	264	rpc error: code = Unavailable desc = transport is closing
260	266	0	266	rpc error: code = Unavailable desc = transport is closing
260	331	0	331	rpc error: code = Unavailable desc = transport is closing
260	341	0	341	rpc error: code = Unavailable desc = transport is closing
260	270	0	270	rpc error: code = Unavailable desc = transport is closing
260	163	0	163	rpc error: code = Unavailable desc = transport is closing
260	266	0	266	rpc error: code = Unavailable desc = transport is closing
260	300	0	300	rpc error: code = Unavailable desc = transport is closing
260	316	0	316	rpc error: code = Unavailable desc = transport is closing
260	131	0	131	rpc error: code = Unavailable desc = transport is closing
260	315	0	315	rpc error: code = Unavailable desc = transport is closing
260	298	0	298	rpc error: code = Unavailable desc = transport is closing
260	316	0	316	rpc error: code = Unavailable desc = transport is closing
260	162	211	373	<nil>
260	281	0	281	rpc error: code = Unavailable desc = transport is closing
260	279	343	622	<nil>
260	276	0	276	rpc error: code = Unavailable desc = transport is closing
260	286	0	286	rpc error: code = Unavailable desc = transport is closing
260	281	343	624	<nil>
260	283	342	625	<nil>
260	256	0	256	rpc error: code = Unavailable desc = transport is closing
260	251	0	251	rpc error: code = Unavailable desc = transport is closing
260	282	342	624	<nil>
260	280	343	623	<nil>
260	283	342	625	<nil>
260	285	0	285	rpc error: code = Unavailable desc = transport is closing
260	287	340	627	<nil>
260	285	340	625	<nil>
260	190	0	190	rpc error: code = Unavailable desc = transport is closing
260	285	342	627	<nil>
260	191	0	191	rpc error: code = Unavailable desc = transport is closing
260	2441	0	2441	rpc error: code = Unavailable desc = transport is closing
260	183	0	183	rpc error: code = Unavailable desc = transport is closing
260	190	0	190	rpc error: code = Unavailable desc = transport is closing
260	177	0	177	rpc error: code = Unavailable desc = transport is closing
260	2426	0	2426	rpc error: code = Unavailable desc = transport is closing
260	191	0	191	rpc error: code = Unavailable desc = transport is closing
260	281	341	622	<nil>
260	2427	0	2427	rpc error: code = Unavailable desc = transport is closing
260	192	0	192	rpc error: code = Unavailable desc = transport is closing
260	273	0	273	rpc error: code = Unavailable desc = transport is closing
260	2433	0	2433	rpc error: code = Unavailable desc = transport is closing
260	2426	0	2426	rpc error: code = Unavailable desc = transport is closing
260	192	0	192	rpc error: code = Unavailable desc = transport is closing
260	191	0	191	rpc error: code = Unavailable desc = transport is closing
260	171	0	171	rpc error: code = Unavailable desc = transport is closing
260	184	0	184	rpc error: code = Unavailable desc = transport is closing
260	285	0	285	rpc error: code = Unavailable desc = transport is closing
260	190	0	190	rpc error: code = Unavailable desc = transport is closing
260	266	344	610	<nil>
260	2436	0	2436	rpc error: code = Unavailable desc = transport is closing
260	288	342	630	<nil>
260	286	345	631	<nil>
260	289	342	631	<nil>
260	203	342	545	<nil>
260	206	345	551	<nil>
260	219	344	563	<nil>
260	207	357	564	<nil>
260	212	359	571	<nil>
260	262	342	604	<nil>
260	2742	0	2742	rpc error: code = Unavailable desc = transport is closing
260	286	344	630	<nil>
260	161	356	517	<nil>
260	194	357	551	<nil>
260	221	358	579	<nil>
260	189	355	544	<nil>
260	266	358	624	<nil>
260	288	358	646	<nil>
260	286	359	645	<nil>
260	207	358	565	<nil>
260	287	345	632	<nil>
260	286	359	645	<nil>
260	287	344	631	<nil>
260	268	356	624	<nil>
260	222	358	580	<nil>
260	286	359	645	<nil>
260	216	382	598	<nil>
260	257	386	643	<nil>
260	172	391	563	<nil>
260	208	452	660	<nil>
260	172	453	625	<nil>
260	253	376	629	<nil>
260	268	382	650	<nil>
260	215	0	215	rpc error: code = Unavailable desc = transport is closing
260	242	0	242	rpc error: code = Unavailable desc = transport is closing
260	244	0	244	rpc error: code = Unavailable desc = transport is closing
260	259	0	259	rpc error: code = Unavailable desc = transport is closing
260	262	0	262	rpc error: code = Unavailable desc = transport is closing
260	244	0	244	rpc error: code = Unavailable desc = transport is closing
260	247	0	247	rpc error: code = Unavailable desc = transport is closing
260	262	0	262	rpc error: code = Unavailable desc = transport is closing
260	1229	0	1229	rpc error: code = Unavailable desc = transport is closing
260	262	0	262	rpc error: code = Unavailable desc = transport is closing
260	234	378	612	<nil>
260	244	380	624	<nil>
260	245	380	625	<nil>
260	244	380	624	<nil>
260	244	382	626	<nil>
260	243	381	624	<nil>
260	241	382	623	<nil>
260	243	380	623	<nil>
260	245	385	630	<nil>
260	245	393	638	<nil>
260	362	393	755	<nil>
260	242	393	635	<nil>
260	246	394	640	<nil>
260	243	394	637	<nil>
260	243	394	637	<nil>
260	259	388	647	<nil>
260	264	0	264	rpc error: code = Unavailable desc = transport is closing
260	257	389	646	<nil>
260	200	0	200	rpc error: code = Unavailable desc = transport is closing
260	199	0	199	rpc error: code = Unavailable desc = transport is closing
260	199	0	199	rpc error: code = Unavailable desc = transport is closing
260	200	0	200	rpc error: code = Unavailable desc = transport is closing
260	833	0	833	rpc error: code = Unavailable desc = transport is closing
260	831	0	831	rpc error: code = Unavailable desc = transport is closing
260	826	0	826	rpc error: code = Unavailable desc = transport is closing
260	830	0	830	rpc error: code = Unavailable desc = transport is closing
260	826	0	826	rpc error: code = Unavailable desc = transport is closing
260	834	0	834	rpc error: code = Unavailable desc = transport is closing
260	834	0	834	rpc error: code = Unavailable desc = transport is closing
260	830	0	830	rpc error: code = Unavailable desc = transport is closing
260	259	395	654	<nil>
260	884	0	884	rpc error: code = Unavailable desc = transport is closing
260	391	122	513	<nil>
260	830	0	830	rpc error: code = Unavailable desc = transport is closing
260	829	0	829	rpc error: code = Unavailable desc = transport is closing
260	261	388	649	<nil>
260	830	0	830	rpc error: code = Unavailable desc = transport is closing
260	262	390	652	<nil>
260	263	391	654	<nil>
260	250	390	640	<nil>
260	259	395	654	<nil>
260	263	391	654	<nil>
260	245	395	640	<nil>
260	263	390	653	<nil>
260	259	393	652	<nil>
260	834	0	834	rpc error: code = Unavailable desc = transport is closing
260	816	0	816	rpc error: code = Unavailable desc = transport is closing
260	826	0	826	rpc error: code = Unavailable desc = transport is closing
260	834	0	834	rpc error: code = Unavailable desc = transport is closing
260	830	0	830	rpc error: code = Unavailable desc = transport is closing
260	830	0	830	rpc error: code = Unavailable desc = transport is closing
260	834	0	834	rpc error: code = Unavailable desc = transport is closing
260	896	0	896	rpc error: code = Unavailable desc = transport is closing
260	259	397	656	<nil>
260	889	0	889	rpc error: code = Unavailable desc = transport is closing
260	453	64	517	<nil>
260	395	128	523	<nil>
260	260	396	656	<nil>
260	895	0	895	rpc error: code = Unavailable desc = transport is closing
260	826	0	826	rpc error: code = Unavailable desc = transport is closing
260	895	0	895	rpc error: code = Unavailable desc = transport is closing
260	883	0	883	rpc error: code = Unavailable desc = transport is closing
260	883	0	883	rpc error: code = Unavailable desc = transport is closing
260	1220	0	1220	rpc error: code = Unavailable desc = transport is closing
260	882	0	882	rpc error: code = Unavailable desc = transport is closing
260	881	0	881	rpc error: code = Unavailable desc = transport is closing
260	882	0	882	rpc error: code = Unavailable desc = transport is closing
260	882	0	882	rpc error: code = Unavailable desc = transport is closing
260	883	0	883	rpc error: code = Unavailable desc = transport is closing
260	882	0	882	rpc error: code = Unavailable desc = transport is closing
260	405	55	460	<nil>
260	883	0	883	rpc error: code = Unavailable desc = transport is closing
260	807	0	807	rpc error: code = Unavailable desc = transport is closing
260	1188	0	1188	rpc error: code = Unavailable desc = transport is closing
260	882	0	882	rpc error: code = Unavailable desc = transport is closing
260	487	171	658	<nil>
260	1226	0	1226	rpc error: code = Unavailable desc = transport is closing
260	260	397	657	<nil>
260	1252	0	1252	rpc error: code = Unavailable desc = transport is closing
260	249	396	645	<nil>
260	472	170	642	<nil>
260	882	0	882	rpc error: code = Unavailable desc = transport is closing
260	830	0	830	rpc error: code = Unavailable desc = transport is closing
260	883	0	883	rpc error: code = Unavailable desc = transport is closing
260	886	0	886	rpc error: code = Unavailable desc = transport is closing
260	1191	0	1191	rpc error: code = Unavailable desc = transport is closing
260	260	396	656	<nil>
260	261	396	657	<nil>
260	263	396	659	<nil>
260	1194	0	1194	rpc error: code = Unavailable desc = transport is closing
260	895	0	895	rpc error: code = Unavailable desc = transport is closing
260	880	0	880	rpc error: code = Unavailable desc = transport is closing
260	889	0	889	rpc error: code = Unavailable desc = transport is closing
260	488	170	658	<nil>
260	882	0	882	rpc error: code = Unavailable desc = transport is closing
260	886	0	886	rpc error: code = Unavailable desc = transport is closing
260	264	395	659	<nil>
260	259	398	657	<nil>
260	263	397	660	<nil>
260	261	394	655	<nil>
260	264	395	659	<nil>
260	262	395	657	<nil>
260	264	395	659	<nil>
260	262	397	659	<nil>
260	454	88	542	<nil>
260	884	0	884	rpc error: code = Unavailable desc = transport is closing
260	1211	0	1211	rpc error: code = Unavailable desc = transport is closing
260	488	173	661	<nil>
260	199	0	199	rpc error: code = Unavailable desc = transport is closing
260	387	123	510	<nil>
260	260	402	662	<nil>
260	261	400	661	<nil>
260	265	399	664	<nil>
260	380	138	518	<nil>
260	391	119	510	<nil>
260	448	71	519	<nil>
260	386	127	513	<nil>
260	385	128	513	<nil>
260	388	129	517	<nil>
260	404	116	520	<nil>
260	398	123	521	<nil>
260	397	123	520	<nil>
260	487	171	658	<nil>
260	389	127	516	<nil>
260	392	130	522	<nil>
260	880	0	880	rpc error: code = Unavailable desc = transport is closing
260	393	127	520	<nil>
260	882	0	882	rpc error: code = Unavailable desc = transport is closing
260	488	180	668	<nil>
260	451	66	517	<nil>
260	428	90	518	<nil>
260	451	66	517	<nil>
260	448	70	518	<nil>
260	452	66	518	<nil>
260	405	47	452	<nil>
260	443	78	521	<nil>
260	386	134	520	<nil>
260	453	69	522	<nil>
260	895	0	895	rpc error: code = Unavailable desc = transport is closing
260	383	0	383	rpc error: code = Unavailable desc = transport is closing
260	448	70	518	<nil>
260	453	64	517	<nil>
260	454	63	517	<nil>
260	428	89	517	<nil>
260	453	66	519	<nil>
260	413	105	518	<nil>
260	413	101	514	<nil>
260	1191	0	1191	rpc error: code = Unavailable desc = transport is closing
260	388	128	516	<nil>
260	258	407	665	<nil>
260	391	132	523	<nil>
260	428	90	518	<nil>
260	407	46	453	<nil>
260	406	49	455	<nil>
260	404	46	450	<nil>
260	407	48	455	<nil>
260	405	47	452	<nil>
260	403	48	451	<nil>
260	409	48	457	<nil>
260	456	88	544	<nil>
260	461	88	549	<nil>
260	883	0	883	rpc error: code = Unavailable desc = transport is closing
260	455	89	544	<nil>
260	403	48	451	<nil>
260	262	397	659	<nil>
260	405	52	457	<nil>
260	409	48	457	<nil>
260	1176	0	1176	rpc error: code = Unavailable desc = transport is closing
260	442	75	517	<nil>
260	213	260	473	<nil>
260	463	266	729	<nil>
260	213	260	473	<nil>
260	214	261	475	<nil>
260	437	261	698	<nil>
260	457	263	720	<nil>
260	216	262	478	<nil>
260	210	263	473	<nil>
260	210	263	473	<nil>
260	217	264	481	<nil>
260	210	292	502	<nil>
260	211	292	503	<nil>
260	209	292	501	<nil>
260	210	292	502	<nil>
260	199	292	491	<nil>
260	210	292	502	<nil>
260	198	312	510	<nil>
260	212	310	522	<nil>
260	210	312	522	<nil>
260	210	312	522	<nil>
260	217	327	544	<nil>
260	218	327	545	<nil>
260	217	341	558	<nil>
260	212	350	562	<nil>
260	218	350	568	<nil>
260	212	350	562	<nil>
260	220	351	571	<nil>
260	296	289	585	<nil>
260	233	358	591	<nil>
260	204	359	563	<nil>
260	276	290	566	<nil>
260	234	357	591	<nil>
260	229	361	590	<nil>
260	231	342	573	<nil>
260	228	359	587	<nil>
260	225	361	586	<nil>
260	226	349	575	<nil>
260	206	339	545	<nil>
260	194	340	534	<nil>
260	327	261	588	<nil>
260	302	276	578	<nil>
260	187	361	548	<nil>
260	208	339	547	<nil>
260	247	341	588	<nil>
260	314	264	578	<nil>
260	226	370	596	<nil>
260	1268	301	1569	<nil>
260	208	369	577	<nil>
260	185	390	575	<nil>
260	200	354	554	<nil>
260	279	303	582	<nil>
260	275	315	590	<nil>
260	1251	382	1633	<nil>
260	268	314	582	<nil>
260	203	316	519	<nil>
260	273	318	591	<nil>
260	237	394	631	<nil>
260	275	348	623	<nil>
260	303	360	663	<nil>
260	178	437	615	<nil>
260	390	278	668	<nil>
260	186	441	627	<nil>
260	338	300	638	<nil>
260	178	452	630	<nil>
260	255	382	637	<nil>
260	274	369	643	<nil>
260	185	453	638	<nil>
260	245	344	589	<nil>
260	218	394	612	<nil>
260	191	406	597	<nil>
260	142	460	602	<nil>
260	208	394	602	<nil>
260	259	343	602	<nil>
260	264	339	603	<nil>
260	208	394	602	<nil>
260	204	408	612	<nil>
260	124	477	601	<nil>
260	129	474	603	<nil>
260	191	408	599	<nil>
260	125	474	599	<nil>
260	196	407	603	<nil>
260	126	476	602	<nil>
260	488	112	600	<nil>
260	342	36	378	<nil>
260	529	68	597	<nil>
260	526	76	602	<nil>
260	526	73	599	<nil>
260	539	76	615	<nil>
260	526	73	599	<nil>
260	530	78	608	<nil>
260	236	14	250	<nil>
260	538	69	607	<nil>
260	524	76	600	<nil>
260	205	14	219	<nil>
260	236	14	250	<nil>
260	277	17	294	<nil>
260	247	14	261	<nil>
260	270	16	286	<nil>
260	218	14	232	<nil>
260	306	19	325	<nil>
260	205	14	219	<nil>
260	539	67	606	<nil>
260	526	75	601	<nil>
260	236	13	249	<nil>
260	174	13	187	<nil>
260	164	72	236	<nil>
260	162	72	234	<nil>
260	154	89	243	<nil>
260	178	89	267	<nil>
260	150	90	240	<nil>
260	143	91	234	<nil>
260	154	90	244	<nil>
260	143	91	234	<nil>
260	154	92	246	<nil>
260	122	98	220	<nil>
260	121	97	218	<nil>
260	117	99	216	<nil>
260	149	97	246	<nil>
260	117	101	218	<nil>
260	154	103	257	<nil>
260	187	30	217	<nil>
260	120	97	217	<nil>
260	119	99	218	<nil>
260	120	98	218	<nil>
260	118	100	218	<nil>
260	160	104	264	<nil>
260	154	104	258	<nil>
260	118	100	218	<nil>
260	118	100	218	<nil>
260	120	96	216	<nil>
260	119	99	218	<nil>
260	121	97	218	<nil>
260	75	21	96	<nil>
260	76	21	97	<nil>
260	74	23	97	<nil>
260	75	45	120	<nil>
260	84	705	789	<nil>
260	90	708	798	<nil>
260	90	708	798	<nil>
260	80	718	798	<nil>
260	86	712	798	<nil>
260	80	718	798	<nil>
260	122	678	800	<nil>
260	36	702	738	<nil>
260	85	714	799	<nil>
260	90	707	797	<nil>
260	89	712	801	<nil>
260	86	713	799	<nil>
260	82	716	798	<nil>
260	99	708	807	<nil>
260	120	678	798	<nil>
260	35	678	713	<nil>
260	84	679	763	<nil>
260	86	713	799	<nil>
260	86	713	799	<nil>
260	89	712	801	<nil>
260	36	702	738	<nil>
260	120	710	830	<nil>
260	408	0	408	rpc error: code = Unavailable desc = transport is closing
260	525	0	525	rpc error: code = Unavailable desc = transport is closing
260	441	0	441	rpc error: code = Unavailable desc = transport is closing
260	417	0	417	rpc error: code = Unavailable desc = transport is closing
260	439	0	439	rpc error: code = Unavailable desc = transport is closing
260	440	0	440	rpc error: code = Unavailable desc = transport is closing
260	415	0	415	rpc error: code = Unavailable desc = transport is closing
260	4295	0	4295	rpc error: code = Unavailable desc = transport is closing
260	428	0	428	rpc error: code = Unavailable desc = transport is closing
260	417	0	417	rpc error: code = Unavailable desc = transport is closing
260	41	712	753	<nil>
260	439	0	439	rpc error: code = Unavailable desc = transport is closing
260	462	0	462	rpc error: code = Unavailable desc = transport is closing
260	44	712	756	<nil>
260	463	0	463	rpc error: code = Unavailable desc = transport is closing
260	38	713	751	<nil>
260	499	0	499	rpc error: code = Unavailable desc = transport is closing
260	440	0	440	rpc error: code = Unavailable desc = transport is closing
260	431	0	431	rpc error: code = Unavailable desc = transport is closing
260	469	0	469	rpc error: code = Unavailable desc = transport is closing
260	506	0	506	rpc error: code = Unavailable desc = transport is closing
260	437	0	437	rpc error: code = Unavailable desc = transport is closing
260	390	0	390	rpc error: code = Unavailable desc = transport is closing
260	466	0	466	rpc error: code = Unavailable desc = transport is closing
260	462	0	462	rpc error: code = Unavailable desc = transport is closing
260	455	0	455	rpc error: code = Unavailable desc = transport is closing
260	518	0	518	rpc error: code = Unavailable desc = transport is closing
260	459	0	459	rpc error: code = Unavailable desc = transport is closing
260	471	0	471	rpc error: code = Unavailable desc = transport is closing
260	410	0	410	rpc error: code = Unavailable desc = transport is closing
260	471	0	471	rpc error: code = Unavailable desc = transport is closing
260	408	0	408	rpc error: code = Unavailable desc = transport is closing
260	379	0	379	rpc error: code = Unavailable desc = transport is closing
260	416	0	416	rpc error: code = Unavailable desc = transport is closing
260	468	0	468	rpc error: code = Unavailable desc = transport is closing
260	442	0	442	rpc error: code = Unavailable desc = transport is closing
260	471	0	471	rpc error: code = Unavailable desc = transport is closing
260	379	0	379	rpc error: code = Unavailable desc = transport is closing
260	392	0	392	rpc error: code = Unavailable desc = transport is closing
260	440	0	440	rpc error: code = Unavailable desc = transport is closing
260	421	0	421	rpc error: code = Unavailable desc = transport is closing
260	1412	0	1412	rpc error: code = Unavailable desc = transport is closing
260	440	0	440	rpc error: code = Unavailable desc = transport is closing
260	473	0	473	rpc error: code = Unavailable desc = transport is closing
260	487	0	487	rpc error: code = Unavailable desc = transport is closing
260	484	0	484	rpc error: code = Unavailable desc = transport is closing
260	542	0	542	rpc error: code = Unavailable desc = transport is closing
260	413	0	413	rpc error: code = Unavailable desc = transport is closing
260	370	0	370	rpc error: code = Unavailable desc = transport is closing
260	238	0	238	rpc error: code = Unavailable desc = transport is closing
260	364	0	364	rpc error: code = Unavailable desc = transport is closing
260	447	0	447	rpc error: code = Unavailable desc = transport is closing
260	703	65	768	<nil>
260	405	0	405	rpc error: code = Unavailable desc = transport is closing
260	409	0	409	rpc error: code = Unavailable desc = transport is closing
260	542	0	542	rpc error: code = Unavailable desc = transport is closing
260	422	0	422	rpc error: code = Unavailable desc = transport is closing
260	536	0	536	rpc error: code = Unavailable desc = transport is closing
260	467	0	467	rpc error: code = Unavailable desc = transport is closing
260	408	0	408	rpc error: code = Unavailable desc = transport is closing
260	431	0	431	rpc error: code = Unavailable desc = transport is closing
260	208	0	208	rpc error: code = Unavailable desc = transport is closing
260	522	0	522	rpc error: code = Unavailable desc = transport is closing
260	542	0	542	rpc error: code = Unavailable desc = transport is closing
260	517	0	517	rpc error: code = Unavailable desc = transport is closing
260	434	0	434	rpc error: code = Unavailable desc = transport is closing
260	519	0	519	rpc error: code = Unavailable desc = transport is closing
260	174	0	174	rpc error: code = Unavailable desc = transport is closing
260	491	0	491	rpc error: code = Unavailable desc = transport is closing
260	485	0	485	rpc error: code = Unavailable desc = transport is closing
260	525	0	525	rpc error: code = Unavailable desc = transport is closing
260	536	0	536	rpc error: code = Unavailable desc = transport is closing
260	506	0	506	rpc error: code = Unavailable desc = transport is closing
260	536	0	536	rpc error: code = Unavailable desc = transport is closing
260	494	0	494	rpc error: code = Unavailable desc = transport is closing
260	493	0	493	rpc error: code = Unavailable desc = transport is closing
260	533	0	533	rpc error: code = Unavailable desc = transport is closing
260	237	0	237	rpc error: code = Unavailable desc = transport is closing
260	494	0	494	rpc error: code = Unavailable desc = transport is closing
260	223	0	223	rpc error: code = Unavailable desc = transport is closing
260	450	0	450	rpc error: code = Unavailable desc = transport is closing
260	497	0	497	rpc error: code = Unavailable desc = transport is closing
260	410	0	410	rpc error: code = Unavailable desc = transport is closing
260	232	0	232	rpc error: code = Unavailable desc = transport is closing
260	3149	0	3149	rpc error: code = Unavailable desc = transport is closing
260	532	0	532	rpc error: code = Unavailable desc = transport is closing
260	483	0	483	rpc error: code = Unavailable desc = transport is closing
260	491	0	491	rpc error: code = Unavailable desc = transport is closing
260	483	0	483	rpc error: code = Unavailable desc = transport is closing
260	542	0	542	rpc error: code = Unavailable desc = transport is closing
260	530	0	530	rpc error: code = Unavailable desc = transport is closing
260	531	0	531	rpc error: code = Unavailable desc = transport is closing
260	484	0	484	rpc error: code = Unavailable desc = transport is closing
260	248	0	248	rpc error: code = Unavailable desc = transport is closing
260	247	0	247	rpc error: code = Unavailable desc = transport is closing
260	525	0	525	rpc error: code = Unavailable desc = transport is closing
260	485	0	485	rpc error: code = Unavailable desc = transport is closing
260	481	0	481	rpc error: code = Unavailable desc = transport is closing
260	247	0	247	rpc error: code = Unavailable desc = transport is closing
260	501	0	501	rpc error: code = Unavailable desc = transport is closing
260	527	0	527	rpc error: code = Unavailable desc = transport is closing
260	248	0	248	rpc error: code = Unavailable desc = transport is closing
260	533	0	533	rpc error: code = Unavailable desc = transport is closing
260	270	0	270	rpc error: code = Unavailable desc = transport is closing
260	247	0	247	rpc error: code = Unavailable desc = transport is closing
260	515	0	515	rpc error: code = Unavailable desc = transport is closing
260	372	0	372	rpc error: code = Unavailable desc = transport is closing
260	244	0	244	rpc error: code = Unavailable desc = transport is closing
260	408	0	408	rpc error: code = Unavailable desc = transport is closing
260	248	0	248	rpc error: code = Unavailable desc = transport is closing
260	483	0	483	rpc error: code = Unavailable desc = transport is closing
260	408	0	408	rpc error: code = Unavailable desc = transport is closing
260	487	0	487	rpc error: code = Unavailable desc = transport is closing
260	483	0	483	rpc error: code = Unavailable desc = transport is closing
260	524	0	524	rpc error: code = Unavailable desc = transport is closing
260	389	0	389	rpc error: code = Unavailable desc = transport is closing
260	535	0	535	rpc error: code = Unavailable desc = transport is closing
260	497	0	497	rpc error: code = Unavailable desc = transport is closing
260	531	0	531	rpc error: code = Unavailable desc = transport is closing
260	536	0	536	rpc error: code = Unavailable desc = transport is closing
260	537	0	537	rpc error: code = Unavailable desc = transport is closing
260	534	0	534	rpc error: code = Unavailable desc = transport is closing
260	270	0	270	rpc error: code = Unavailable desc = transport is closing
260	539	0	539	rpc error: code = Unavailable desc = transport is closing
260	526	0	526	rpc error: code = Unavailable desc = transport is closing
260	206	0	206	rpc error: code = Unavailable desc = transport is closing
260	528	0	528	rpc error: code = Unavailable desc = transport is closing
260	247	0	247	rpc error: code = Unavailable desc = transport is closing
260	531	0	531	rpc error: code = Unavailable desc = transport is closing
260	188	0	188	rpc error: code = Unavailable desc = transport is closing
260	353	0	353	rpc error: code = Unavailable desc = transport is closing
260	542	0	542	rpc error: code = Unavailable desc = transport is closing
260	437	0	437	rpc error: code = Unavailable desc = transport is closing
260	269	0	269	rpc error: code = Unavailable desc = transport is closing
260	532	0	532	rpc error: code = Unavailable desc = transport is closing
260	529	0	529	rpc error: code = Unavailable desc = transport is closing
260	246	0	246	rpc error: code = Unavailable desc = transport is closing
260	492	0	492	rpc error: code = Unavailable desc = transport is closing
260	3233	0	3233	rpc error: code = Unavailable desc = transport is closing
260	518	0	518	rpc error: code = Unavailable desc = transport is closing
260	174	0	174	rpc error: code = Unavailable desc = transport is closing
260	494	0	494	rpc error: code = Unavailable desc = transport is closing
260	485	0	485	rpc error: code = Unavailable desc = transport is closing
260	533	0	533	rpc error: code = Unavailable desc = transport is closing
260	484	0	484	rpc error: code = Unavailable desc = transport is closing
260	208	0	208	rpc error: code = Unavailable desc = transport is closing
260	491	0	491	rpc error: code = Unavailable desc = transport is closing
260	509	0	509	rpc error: code = Unavailable desc = transport is closing
260	438	0	438	rpc error: code = Unavailable desc = transport is closing
260	509	0	509	rpc error: code = Unavailable desc = transport is closing
260	465	0	465	rpc error: code = Unavailable desc = transport is closing
260	539	0	539	rpc error: code = Unavailable desc = transport is closing
260	525	0	525	rpc error: code = Unavailable desc = transport is closing
260	540	0	540	rpc error: code = Unavailable desc = transport is closing
260	245	0	245	rpc error: code = Unavailable desc = transport is closing
260	487	0	487	rpc error: code = Unavailable desc = transport is closing
260	538	0	538	rpc error: code = Unavailable desc = transport is closing
260	492	0	492	rpc error: code = Unavailable desc = transport is closing
260	497	0	497	rpc error: code = Unavailable desc = transport is closing
260	391	0	391	rpc error: code = Unavailable desc = transport is closing
260	537	0	537	rpc error: code = Unavailable desc = transport is closing
260	495	0	495	rpc error: code = Unavailable desc = transport is closing
260	527	0	527	rpc error: code = Unavailable desc = transport is closing
260	524	0	524	rpc error: code = Unavailable desc = transport is closing
260	542	0	542	rpc error: code = Unavailable desc = transport is closing
260	530	0	530	rpc error: code = Unavailable desc = transport is closing
260	527	0	527	rpc error: code = Unavailable desc = transport is closing
260	333	0	333	rpc error: code = Unavailable desc = transport is closing
260	306	0	306	rpc error: code = Unavailable desc = transport is closing
260	537	0	537	rpc error: code = Unavailable desc = transport is closing
260	351	0	351	rpc error: code = Unavailable desc = transport is closing
260	351	0	351	rpc error: code = Unavailable desc = transport is closing
260	457	0	457	rpc error: code = Unavailable desc = transport is closing
260	290	0	290	rpc error: code = Unavailable desc = transport is closing
260	326	0	326	rpc error: code = Unavailable desc = transport is closing
260	334	0	334	rpc error: code = Unavailable desc = transport is closing
260	391	0	391	rpc error: code = Unavailable desc = transport is closing
260	545	0	545	rpc error: code = Unavailable desc = transport is closing
260	533	0	533	rpc error: code = Unavailable desc = transport is closing
260	326	0	326	rpc error: code = Unavailable desc = transport is closing
260	306	0	306	rpc error: code = Unavailable desc = transport is closing
260	543	0	543	rpc error: code = Unavailable desc = transport is closing
260	326	0	326	rpc error: code = Unavailable desc = transport is closing
260	290	0	290	rpc error: code = Unavailable desc = transport is closing
260	346	0	346	rpc error: code = Unavailable desc = transport is closing
260	538	0	538	rpc error: code = Unavailable desc = transport is closing
260	326	0	326	rpc error: code = Unavailable desc = transport is closing
260	326	0	326	rpc error: code = Unavailable desc = transport is closing
260	465	0	465	rpc error: code = Unavailable desc = transport is closing
260	439	0	439	rpc error: code = Unavailable desc = transport is closing
260	343	0	343	rpc error: code = Unavailable desc = transport is closing
260	3214	0	3214	rpc error: code = Unavailable desc = transport is closing
260	520	0	520	rpc error: code = Unavailable desc = transport is closing
260	347	0	347	rpc error: code = Unavailable desc = transport is closing
260	523	0	523	rpc error: code = Unavailable desc = transport is closing
260	326	0	326	rpc error: code = Unavailable desc = transport is closing
260	334	0	334	rpc error: code = Unavailable desc = transport is closing
260	465	0	465	rpc error: code = Unavailable desc = transport is closing
260	712	110	822	<nil>
260	439	0	439	rpc error: code = Unavailable desc = transport is closing
260	530	0	530	rpc error: code = Unavailable desc = transport is closing
260	408	0	408	rpc error: code = Unavailable desc = transport is closing
260	529	0	529	rpc error: code = Unavailable desc = transport is closing
260	421	0	421	rpc error: code = Unavailable desc = transport is closing
260	706	64	770	<nil>
260	705	64	769	<nil>
260	511	0	511	rpc error: code = Unavailable desc = transport is closing
260	700	66	766	<nil>
260	733	56	789	<nil>
260	354	0	354	rpc error: code = Unavailable desc = transport is closing
260	704	79	783	<nil>
260	156	53	209	<nil>
260	833	53	886	<nil>
260	155	53	208	<nil>
260	154	55	209	<nil>
260	131	225	356	<nil>
260	776	273	1049	<nil>
260	777	273	1050	<nil>
260	832	265	1097	<nil>
260	779	344	1123	<nil>
260	759	353	1112	<nil>
260	134	265	399	<nil>
260	170	265	435	<nil>
260	135	265	400	<nil>
260	121	279	400	<nil>
260	138	283	421	<nil>
260	872	265	1137	<nil>
260	188	311	499	<nil>
260	144	333	477	<nil>
260	210	349	559	<nil>
260	157	354	511	<nil>
260	779	485	1264	<nil>
260	779	485	1264	<nil>
260	780	485	1265	<nil>
260	189	374	563	<nil>
260	779	494	1273	<nil>
260	933	362	1295	<nil>
260	779	517	1296	<nil>
260	779	535	1314	<nil>
260	757	535	1292	<nil>
260	757	535	1292	<nil>
260	179	367	546	<nil>
260	968	378	1346	<nil>
260	201	370	571	<nil>
260	279	327	606	<nil>
260	341	326	667	<nil>
260	348	323	671	<nil>
260	155	479	634	<nil>
260	297	324	621	<nil>
260	195	499	694	<nil>
260	405	314	719	<nil>
260	348	314	662	<nil>
260	189	530	719	<nil>
260	342	322	664	<nil>
260	202	536	738	<nil>
260	167	536	703	<nil>
260	1126	314	1440	<nil>
260	202	536	738	<nil>
260	203	536	739	<nil>
260	199	542	741	<nil>
260	201	564	765	<nil>
260	164	569	733	<nil>
260	434	362	796	<nil>
260	436	363	799	<nil>
260	207	591	798	<nil>
260	390	360	750	<nil>
260	382	365	747	<nil>
260	385	360	745	<nil>
260	398	397	795	<nil>
260	367	386	753	<nil>
260	393	397	790	<nil>
260	390	397	787	<nil>
260	390	397	787	<nil>
260	379	407	786	<nil>
260	373	407	780	<nil>
260	376	407	783	<nil>
260	414	408	822	<nil>
260	434	415	849	<nil>
260	432	417	849	<nil>
260	399	411	810	<nil>
260	432	412	844	<nil>
260	464	409	873	<nil>
260	498	395	893	<nil>
280	597	765	1362	<nil>
280	593	763	1356	<nil>
280	568	745	1313	<nil>
280	569	750	1319	<nil>
280	589	729	1318	<nil>
280	573	745	1318	<nil>
280	611	707	1318	<nil>
280	639	688	1327	<nil>
280	527	689	1216	<nil>
280	529	686	1215	<nil>
280	556	662	1218	<nil>
280	453	570	1023	<nil>
280	411	565	976	<nil>
280	809	54	863	<nil>
280	831	55	886	<nil>
280	831	55	886	<nil>
280	791	52	843	<nil>
280	791	53	844	<nil>
280	686	34	720	<nil>
280	705	37	742	<nil>
280	686	36	722	<nil>
280	748	45	793	<nil>
280	731	45	776	<nil>
280	812	36	848	<nil>
280	10342	44	10386	<nil>
280	640	21	661	<nil>
280	665	30	695	<nil>
280	634	28	662	<nil>
280	642	21	663	<nil>
280	635	28	663	<nil>
280	646	21	667	<nil>
280	667	30	697	<nil>
280	596	34	630	<nil>
280	567	34	601	<nil>
280	567	34	601	<nil>
280	570	34	604	<nil>
280	597	35	632	<nil>
280	596	35	631	<nil>
280	570	34	604	<nil>
280	510	57	567	<nil>
280	539	61	600	<nil>
280	539	65	604	<nil>
280	489	54	543	<nil>
280	59	50	109	<nil>
280	60	48	108	<nil>
280	59	49	108	<nil>
280	53	63	116	<nil>
280	64	16	80	<nil>
280	62	38	100	<nil>
280	53	48	101	<nil>
280	487	69	556	<nil>
280	60	49	109	<nil>
280	56	62	118	<nil>
280	53	65	118	<nil>
280	62	33	95	<nil>
280	61	53	114	<nil>
280	3126	20	3146	<nil>
280	62	19	81	<nil>
280	66	17	83	<nil>
280	65	19	84	<nil>
280	44	65	109	<nil>
280	65	19	84	<nil>
280	68	52	120	<nil>
280	81	58	139	<nil>
280	76	58	134	<nil>
280	61	58	119	<nil>
280	67	56	123	<nil>
280	79	57	136	<nil>
280	72	57	129	<nil>
280	83	54	137	<nil>
280	89	50	139	<nil>
280	88	49	137	<nil>
280	72	53	125	<nil>
280	85	53	138	<nil>
280	72	59	131	<nil>
280	86	56	142	<nil>
280	75	44	119	<nil>
280	76	81	157	<nil>
280	72	46	118	<nil>
280	108	32	140	<nil>
280	80	31	111	<nil>
280	109	34	143	<nil>
280	72	33	105	<nil>
280	77	74	151	<nil>
280	109	32	141	<nil>
280	60	46	106	<nil>
280	2724	34	2758	<nil>
280	85	19	104	<nil>
280	74	32	106	<nil>
280	60	46	106	<nil>
280	49	46	95	<nil>
280	75	24	99	<nil>
280	100	33	133	<nil>
280	64	47	111	<nil>
280	84	20	104	<nil>
280	80	20	100	<nil>
280	60	47	107	<nil>
280	88	23	111	<nil>
280	85	22	107	<nil>
280	87	23	110	<nil>
280	103	7	110	<nil>
280	88	39	127	<nil>
280	80	42	122	<nil>
280	85	84	169	<nil>
280	90	72	162	<nil>
280	48	90	138	<nil>
280	48	91	139	<nil>
280	74	110	184	<nil>
280	48	93	141	<nil>
280	49	93	142	<nil>
280	47	93	140	<nil>
280	45	90	135	<nil>
280	50	68	118	<nil>
280	80	59	139	<nil>
280	87	34	121	<nil>
280	92	7	99	<nil>
280	91	7	98	<nil>
280	57	65	122	<nil>
280	93	7	100	<nil>
280	60	66	126	<nil>
280	89	36	125	<nil>
280	75	51	126	<nil>
280	71	21	92	<nil>
280	704	0	704	rpc error: code = Unavailable desc = transport is closing
280	563	0	563	rpc error: code = Unavailable desc = transport is closing
280	616	0	616	rpc error: code = Unavailable desc = transport is closing
280	101	23	124	<nil>
280	509	0	509	rpc error: code = Unavailable desc = transport is closing
280	705	0	705	rpc error: code = Unavailable desc = transport is closing
280	704	0	704	rpc error: code = Unavailable desc = transport is closing
280	101	23	124	<nil>
280	112	10	122	<nil>
280	767	0	767	rpc error: code = Unavailable desc = transport is closing
280	593	0	593	rpc error: code = Unavailable desc = transport is closing
280	95	36	131	<nil>
280	107	32	139	<nil>
280	704	0	704	rpc error: code = Unavailable desc = transport is closing
280	571	0	571	rpc error: code = Unavailable desc = transport is closing
280	98	29	127	<nil>
280	96	42	138	<nil>
280	114	27	141	<nil>
280	100	23	123	<nil>
280	113	29	142	<nil>
280	572	0	572	rpc error: code = Unavailable desc = transport is closing
280	575	0	575	rpc error: code = Unavailable desc = transport is closing
280	584	0	584	rpc error: code = Unavailable desc = transport is closing
280	708	0	708	rpc error: code = Unavailable desc = transport is closing
280	571	0	571	rpc error: code = Unavailable desc = transport is closing
280	595	0	595	rpc error: code = Unavailable desc = transport is closing
280	594	0	594	rpc error: code = Unavailable desc = transport is closing
280	99	42	141	<nil>
280	564	0	564	rpc error: code = Unavailable desc = transport is closing
280	699	0	699	rpc error: code = Unavailable desc = transport is closing
280	699	0	699	rpc error: code = Unavailable desc = transport is closing
280	699	0	699	rpc error: code = Unavailable desc = transport is closing
280	701	0	701	rpc error: code = Unavailable desc = transport is closing
280	584	0	584	rpc error: code = Unavailable desc = transport is closing
280	588	0	588	rpc error: code = Unavailable desc = transport is closing
280	699	0	699	rpc error: code = Unavailable desc = transport is closing
280	589	0	589	rpc error: code = Unavailable desc = transport is closing
280	576	0	576	rpc error: code = Unavailable desc = transport is closing
280	571	0	571	rpc error: code = Unavailable desc = transport is closing
280	574	0	574	rpc error: code = Unavailable desc = transport is closing
280	595	0	595	rpc error: code = Unavailable desc = transport is closing
280	572	0	572	rpc error: code = Unavailable desc = transport is closing
280	571	0	571	rpc error: code = Unavailable desc = transport is closing
280	572	0	572	rpc error: code = Unavailable desc = transport is closing
280	97	186	283	<nil>
280	478	0	478	rpc error: code = Unavailable desc = transport is closing
280	405	0	405	rpc error: code = Unavailable desc = transport is closing
280	440	0	440	rpc error: code = Unavailable desc = transport is closing
280	450	0	450	rpc error: code = Unavailable desc = transport is closing
280	704	0	704	rpc error: code = Unavailable desc = transport is closing
280	479	0	479	rpc error: code = Unavailable desc = transport is closing
280	440	0	440	rpc error: code = Unavailable desc = transport is closing
280	706	0	706	rpc error: code = Unavailable desc = transport is closing
280	450	0	450	rpc error: code = Unavailable desc = transport is closing
280	108	165	273	<nil>
280	412	0	412	rpc error: code = Unavailable desc = transport is closing
280	132	154	286	<nil>
280	479	0	479	rpc error: code = Unavailable desc = transport is closing
280	479	0	479	rpc error: code = Unavailable desc = transport is closing
280	706	0	706	rpc error: code = Unavailable desc = transport is closing
280	478	0	478	rpc error: code = Unavailable desc = transport is closing
280	88	182	270	<nil>
280	616	0	616	rpc error: code = Unavailable desc = transport is closing
280	121	159	280	<nil>
280	625	0	625	rpc error: code = Unavailable desc = transport is closing
280	136	156	292	<nil>
280	621	0	621	rpc error: code = Unavailable desc = transport is closing
280	132	157	289	<nil>
280	106	175	281	<nil>
280	641	0	641	rpc error: code = Unavailable desc = transport is closing
280	136	156	292	<nil>
280	571	0	571	rpc error: code = Unavailable desc = transport is closing
280	608	0	608	rpc error: code = Unavailable desc = transport is closing
280	609	0	609	rpc error: code = Unavailable desc = transport is closing
280	593	0	593	rpc error: code = Unavailable desc = transport is closing
280	101	241	342	<nil>
280	572	0	572	rpc error: code = Unavailable desc = transport is closing
280	572	0	572	rpc error: code = Unavailable desc = transport is closing
280	508	0	508	rpc error: code = Unavailable desc = transport is closing
280	572	0	572	rpc error: code = Unavailable desc = transport is closing
280	509	0	509	rpc error: code = Unavailable desc = transport is closing
280	508	0	508	rpc error: code = Unavailable desc = transport is closing
280	561	0	561	rpc error: code = Unavailable desc = transport is closing
280	508	0	508	rpc error: code = Unavailable desc = transport is closing
280	549	0	549	rpc error: code = Unavailable desc = transport is closing
280	621	0	621	rpc error: code = Unavailable desc = transport is closing
280	660	0	660	rpc error: code = Unavailable desc = transport is closing
280	595	0	595	rpc error: code = Unavailable desc = transport is closing
280	619	0	619	rpc error: code = Unavailable desc = transport is closing
280	647	0	647	rpc error: code = Unavailable desc = transport is closing
280	600	0	600	rpc error: code = Unavailable desc = transport is closing
280	618	0	618	rpc error: code = Unavailable desc = transport is closing
280	570	0	570	rpc error: code = Unavailable desc = transport is closing
280	609	0	609	rpc error: code = Unavailable desc = transport is closing
280	617	0	617	rpc error: code = Unavailable desc = transport is closing
280	532	0	532	rpc error: code = Unavailable desc = transport is closing
280	527	0	527	rpc error: code = Unavailable desc = transport is closing
280	672	0	672	rpc error: code = Unavailable desc = transport is closing
280	527	0	527	rpc error: code = Unavailable desc = transport is closing
280	674	0	674	rpc error: code = Unavailable desc = transport is closing
280	56	283	339	<nil>
280	614	0	614	rpc error: code = Unavailable desc = transport is closing
280	590	0	590	rpc error: code = Unavailable desc = transport is closing
280	528	0	528	rpc error: code = Unavailable desc = transport is closing
280	581	0	581	rpc error: code = Unavailable desc = transport is closing
280	508	0	508	rpc error: code = Unavailable desc = transport is closing
280	686	0	686	rpc error: code = Unavailable desc = transport is closing
280	527	0	527	rpc error: code = Unavailable desc = transport is closing
280	545	0	545	rpc error: code = Unavailable desc = transport is closing
280	527	0	527	rpc error: code = Unavailable desc = transport is closing
280	581	0	581	rpc error: code = Unavailable desc = transport is closing
280	581	0	581	rpc error: code = Unavailable desc = transport is closing
280	527	0	527	rpc error: code = Unavailable desc = transport is closing
280	543	0	543	rpc error: code = Unavailable desc = transport is closing
280	701	0	701	rpc error: code = Unavailable desc = transport is closing
280	682	0	682	rpc error: code = Unavailable desc = transport is closing
280	562	0	562	rpc error: code = Unavailable desc = transport is closing
280	616	0	616	rpc error: code = Unavailable desc = transport is closing
280	48	276	324	<nil>
280	610	0	610	rpc error: code = Unavailable desc = transport is closing
280	569	0	569	rpc error: code = Unavailable desc = transport is closing
280	595	0	595	rpc error: code = Unavailable desc = transport is closing
280	565	0	565	rpc error: code = Unavailable desc = transport is closing
280	587	0	587	rpc error: code = Unavailable desc = transport is closing
280	613	0	613	rpc error: code = Unavailable desc = transport is closing
280	550	0	550	rpc error: code = Unavailable desc = transport is closing
280	567	0	567	rpc error: code = Unavailable desc = transport is closing
280	611	0	611	rpc error: code = Unavailable desc = transport is closing
280	533	0	533	rpc error: code = Unavailable desc = transport is closing
280	608	0	608	rpc error: code = Unavailable desc = transport is closing
280	616	0	616	rpc error: code = Unavailable desc = transport is closing
280	664	0	664	rpc error: code = Unavailable desc = transport is closing
280	611	0	611	rpc error: code = Unavailable desc = transport is closing
280	552	0	552	rpc error: code = Unavailable desc = transport is closing
280	568	0	568	rpc error: code = Unavailable desc = transport is closing
280	550	0	550	rpc error: code = Unavailable desc = transport is closing
280	617	0	617	rpc error: code = Unavailable desc = transport is closing
280	533	0	533	rpc error: code = Unavailable desc = transport is closing
280	613	0	613	rpc error: code = Unavailable desc = transport is closing
280	611	0	611	rpc error: code = Unavailable desc = transport is closing
280	569	0	569	rpc error: code = Unavailable desc = transport is closing
280	701	0	701	rpc error: code = Unavailable desc = transport is closing
280	550	0	550	rpc error: code = Unavailable desc = transport is closing
280	570	0	570	rpc error: code = Unavailable desc = transport is closing
280	507	0	507	rpc error: code = Unavailable desc = transport is closing
280	685	0	685	rpc error: code = Unavailable desc = transport is closing
280	571	0	571	rpc error: code = Unavailable desc = transport is closing
280	559	0	559	rpc error: code = Unavailable desc = transport is closing
280	674	0	674	rpc error: code = Unavailable desc = transport is closing
280	666	0	666	rpc error: code = Unavailable desc = transport is closing
280	569	0	569	rpc error: code = Unavailable desc = transport is closing
280	131	190	321	<nil>
280	45	275	320	<nil>
280	681	0	681	rpc error: code = Unavailable desc = transport is closing
280	556	0	556	rpc error: code = Unavailable desc = transport is closing
280	529	0	529	rpc error: code = Unavailable desc = transport is closing
280	670	0	670	rpc error: code = Unavailable desc = transport is closing
280	1099	267	1366	<nil>
280	88	283	371	<nil>
280	90	266	356	<nil>
280	654	0	654	rpc error: code = Unavailable desc = transport is closing
280	85	271	356	<nil>
280	98	225	323	<nil>
280	603	0	603	rpc error: code = Unavailable desc = transport is closing
280	146	176	322	<nil>
280	672	0	672	rpc error: code = Unavailable desc = transport is closing
280	527	0	527	rpc error: code = Unavailable desc = transport is closing
280	572	0	572	rpc error: code = Unavailable desc = transport is closing
280	559	0	559	rpc error: code = Unavailable desc = transport is closing
280	763	0	763	rpc error: code = Unavailable desc = transport is closing
280	747	0	747	rpc error: code = Unavailable desc = transport is closing
280	687	0	687	rpc error: code = Unavailable desc = transport is closing
280	539	0	539	rpc error: code = Unavailable desc = transport is closing
280	724	0	724	rpc error: code = Unavailable desc = transport is closing
280	706	0	706	rpc error: code = Unavailable desc = transport is closing
280	596	0	596	rpc error: code = Unavailable desc = transport is closing
280	705	0	705	rpc error: code = Unavailable desc = transport is closing
280	831	0	831	rpc error: code = Unavailable desc = transport is closing
280	596	0	596	rpc error: code = Unavailable desc = transport is closing
280	732	0	732	rpc error: code = Unavailable desc = transport is closing
280	831	0	831	rpc error: code = Unavailable desc = transport is closing
280	688	0	688	rpc error: code = Unavailable desc = transport is closing
280	687	0	687	rpc error: code = Unavailable desc = transport is closing
280	687	0	687	rpc error: code = Unavailable desc = transport is closing
280	757	0	757	rpc error: code = Unavailable desc = transport is closing
280	705	0	705	rpc error: code = Unavailable desc = transport is closing
280	640	0	640	rpc error: code = Unavailable desc = transport is closing
280	200	333	533	<nil>
280	193	335	528	<nil>
280	180	335	515	<nil>
280	258	256	514	<nil>
280	273	256	529	<nil>
280	267	262	529	<nil>
280	698	0	698	rpc error: code = Unavailable desc = transport is closing
280	699	0	699	rpc error: code = Unavailable desc = transport is closing
280	699	0	699	rpc error: code = Unavailable desc = transport is closing
280	701	0	701	rpc error: code = Unavailable desc = transport is closing
280	701	0	701	rpc error: code = Unavailable desc = transport is closing
280	374	0	374	rpc error: code = Unavailable desc = transport is closing
280	704	0	704	rpc error: code = Unavailable desc = transport is closing
280	704	0	704	rpc error: code = Unavailable desc = transport is closing
280	3674	0	3674	rpc error: code = Unavailable desc = transport is closing
280	297	0	297	rpc error: code = Unavailable desc = transport is closing
280	276	0	276	rpc error: code = Unavailable desc = transport is closing
280	261	0	261	rpc error: code = Unavailable desc = transport is closing
280	295	0	295	rpc error: code = Unavailable desc = transport is closing
280	266	0	266	rpc error: code = Unavailable desc = transport is closing
280	261	0	261	rpc error: code = Unavailable desc = transport is closing
280	412	0	412	rpc error: code = Unavailable desc = transport is closing
280	266	338	604	<nil>
280	427	0	427	rpc error: code = Unavailable desc = transport is closing
280	367	0	367	rpc error: code = Unavailable desc = transport is closing
280	375	0	375	rpc error: code = Unavailable desc = transport is closing
280	414	0	414	rpc error: code = Unavailable desc = transport is closing
280	373	0	373	rpc error: code = Unavailable desc = transport is closing
280	389	0	389	rpc error: code = Unavailable desc = transport is closing
280	265	333	598	<nil>
280	295	334	629	<nil>
280	277	334	611	<nil>
280	278	334	612	<nil>
280	278	334	612	<nil>
280	653	0	653	rpc error: code = Unavailable desc = transport is closing
280	295	334	629	<nil>
280	277	334	611	<nil>
280	281	331	612	<nil>
280	295	335	630	<nil>
280	290	335	625	<nil>
280	451	0	451	rpc error: code = Unavailable desc = transport is closing
280	280	333	613	<nil>
280	298	333	631	<nil>
280	276	336	612	<nil>
280	262	334	596	<nil>
280	271	334	605	<nil>
280	270	330	600	<nil>
280	276	336	612	<nil>
280	429	0	429	rpc error: code = Unavailable desc = transport is closing
280	415	0	415	rpc error: code = Unavailable desc = transport is closing
280	416	0	416	rpc error: code = Unavailable desc = transport is closing
280	420	0	420	rpc error: code = Unavailable desc = transport is closing
280	415	0	415	rpc error: code = Unavailable desc = transport is closing
280	428	0	428	rpc error: code = Unavailable desc = transport is closing
280	448	0	448	rpc error: code = Unavailable desc = transport is closing
280	452	0	452	rpc error: code = Unavailable desc = transport is closing
280	453	0	453	rpc error: code = Unavailable desc = transport is closing
280	450	0	450	rpc error: code = Unavailable desc = transport is closing
280	449	0	449	rpc error: code = Unavailable desc = transport is closing
280	450	0	450	rpc error: code = Unavailable desc = transport is closing
280	3655	370	4025	<nil>
280	450	0	450	rpc error: code = Unavailable desc = transport is closing
280	449	0	449	rpc error: code = Unavailable desc = transport is closing
280	449	373	822	<nil>
280	450	372	822	<nil>
280	452	374	826	<nil>
280	453	373	826	<nil>
280	448	374	822	<nil>
280	448	374	822	<nil>
280	449	374	823	<nil>
280	449	374	823	<nil>
280	391	0	391	rpc error: code = Unavailable desc = transport is closing
280	453	0	453	rpc error: code = Unavailable desc = transport is closing
280	423	368	791	<nil>
280	453	369	822	<nil>
280	452	0	452	rpc error: code = Unavailable desc = transport is closing
280	411	0	411	rpc error: code = Unavailable desc = transport is closing
280	448	0	448	rpc error: code = Unavailable desc = transport is closing
280	448	0	448	rpc error: code = Unavailable desc = transport is closing
280	334	421	755	<nil>
280	340	422	762	<nil>
280	348	416	764	<nil>
280	341	416	757	<nil>
280	345	411	756	<nil>
280	358	414	772	<nil>
280	352	411	763	<nil>
280	347	415	762	<nil>
280	348	416	764	<nil>
280	348	365	713	<nil>
280	331	364	695	<nil>
280	553	184	737	<nil>
280	551	184	735	<nil>
280	554	184	738	<nil>
280	567	169	736	<nil>
280	612	120	732	<nil>
280	1539	179	1718	<nil>
280	583	151	734	<nil>
280	569	173	742	<nil>
280	583	150	733	<nil>
280	552	180	732	<nil>
280	585	150	735	<nil>
280	1585	132	1717	<nil>
280	1592	126	1718	<nil>
280	552	179	731	<nil>
280	447	99	546	<nil>
280	448	100	548	<nil>
280	585	160	745	<nil>
280	576	158	734	<nil>
280	1569	151	1720	<nil>
280	554	180	734	<nil>
280	552	180	732	<nil>
280	553	181	734	<nil>
280	600	131	731	<nil>
280	430	92	522	<nil>
280	430	92	522	<nil>
280	429	54	483	<nil>
280	198	4	202	<nil>
280	197	5	202	<nil>
280	121	8	129	<nil>
280	417	77	494	<nil>
280	198	5	203	<nil>
280	200	3	203	<nil>
280	394	39	433	<nil>
280	122	7	129	<nil>
280	419	76	495	<nil>
280	396	47	443	<nil>
280	375	76	451	<nil>
280	419	78	497	<nil>
280	122	8	130	<nil>
280	394	47	441	<nil>
280	197	4	201	<nil>
280	198	4	202	<nil>
280	393	40	433	<nil>
280	417	78	495	<nil>
280	391	58	449	<nil>
280	402	48	450	<nil>
280	1305	51	1356	<nil>
280	388	57	445	<nil>
280	394	52	446	<nil>
280	397	53	450	<nil>
280	394	54	448	<nil>
280	397	52	449	<nil>
280	392	58	450	<nil>
280	393	54	447	<nil>
280	394	58	452	<nil>
280	122	9	131	<nil>
280	228	25	253	<nil>
280	201	36	237	<nil>
280	204	49	253	<nil>
280	389	127	516	<nil>
280	420	171	591	<nil>
280	452	164	616	<nil>
280	395	141	536	<nil>
280	399	140	539	<nil>
280	229	166	395	<nil>
280	220	196	416	<nil>
280	148	167	315	<nil>
280	196	197	393	<nil>
280	63	167	230	<nil>
280	217	199	416	<nil>
280	221	219	440	<nil>
280	124	117	241	<nil>
280	198	220	418	<nil>
280	280	136	416	<nil>
280	198	220	418	<nil>
280	197	220	417	<nil>
280	197	220	417	<nil>
280	202	221	423	<nil>
280	222	221	443	<nil>
280	251	163	414	<nil>
280	195	221	416	<nil>
280	153	105	258	<nil>
280	1383	221	1604	<nil>
280	198	221	419	<nil>
280	257	91	348	<nil>
280	199	93	292	<nil>
280	1241	91	1332	<nil>
280	257	92	349	<nil>
280	565	91	656	<nil>
280	263	92	355	<nil>
280	221	71	292	<nil>
280	218	228	446	<nil>
280	333	92	425	<nil>
280	186	71	257	<nil>
280	1197	100	1297	<nil>
280	246	81	327	<nil>
280	216	79	295	<nil>
280	217	84	301	<nil>
280	217	94	311	<nil>
280	258	95	353	<nil>
280	216	96	312	<nil>
280	216	99	315	<nil>
280	217	98	315	<nil>
280	218	97	315	<nil>
280	218	104	322	<nil>
280	217	104	321	<nil>
280	288	67	355	<nil>
280	283	67	350	<nil>
280	255	58	313	<nil>
280	215	106	321	<nil>
280	299	56	355	<nil>
280	255	58	313	<nil>
280	255	58	313	<nil>
280	246	67	313	<nil>
280	254	66	320	<nil>
280	263	57	320	<nil>
280	238	58	296	<nil>
280	230	67	297	<nil>
280	249	68	317	<nil>
280	252	69	321	<nil>
280	266	57	323	<nil>
280	256	57	313	<nil>
280	243	70	313	<nil>
280	266	55	321	<nil>
280	277	43	320	<nil>
280	299	56	355	<nil>
280	185	66	251	<nil>
280	244	70	314	<nil>
280	211	77	288	<nil>
280	245	67	312	<nil>
280	277	44	321	<nil>
280	212	113	325	<nil>
280	231	104	335	<nil>
280	229	112	341	<nil>
280	245	100	345	<nil>
280	210	120	330	<nil>
280	245	113	358	<nil>
280	231	202	433	<nil>
280	213	202	415	<nil>
280	223	192	415	<nil>
280	254	194	448	<nil>
280	157	202	359	<nil>
280	245	202	447	<nil>
280	136	209	345	<nil>
280	204	209	413	<nil>
280	174	212	386	<nil>
280	211	210	421	<nil>
280	212	212	424	<nil>
280	101	149	250	<nil>
280	153	97	250	<nil>
280	210	217	427	<nil>
280	1136	100	1236	<nil>
280	103	149	252	<nil>
280	101	148	249	<nil>
280	149	204	353	<nil>
280	101	149	250	<nil>
280	101	177	278	<nil>
280	103	148	251	<nil>
280	143	108	251	<nil>
280	119	107	226	<nil>
280	102	175	277	<nil>
280	160	95	255	<nil>
280	102	175	277	<nil>
280	101	149	250	<nil>
280	101	178	279	<nil>
280	100	175	275	<nil>
280	139	214	353	<nil>
280	148	97	245	<nil>
280	1132	106	1238	<nil>
280	212	215	427	<nil>
280	211	215	426	<nil>
280	102	175	277	<nil>
280	148	214	362	<nil>
280	101	150	251	<nil>
280	1137	100	1237	<nil>
280	187	43	230	<nil>
280	143	107	250	<nil>
280	1139	108	1247	<nil>
280	122	109	231	<nil>
280	146	85	231	<nil>
280	214	43	257	<nil>
280	1143	107	1250	<nil>
280	119	22	141	<nil>
280	128	22	150	<nil>
280	1131	118	1249	<nil>
280	144	114	258	<nil>
280	116	16	132	<nil>
280	67	120	187	<nil>
280	121	17	138	<nil>
280	72	120	192	<nil>
280	146	27	173	<nil>
280	117	19	136	<nil>
280	137	30	167	<nil>
280	139	30	169	<nil>
280	138	31	169	<nil>
280	136	31	167	<nil>
280	140	32	172	<nil>
280	118	21	139	<nil>
280	124	32	156	<nil>
280	138	33	171	<nil>
280	127	31	158	<nil>
280	124	35	159	<nil>
280	104	90	194	<nil>
280	117	26	143	<nil>
280	118	25	143	<nil>
280	120	24	144	<nil>
280	120	25	145	<nil>
280	96	25	121	<nil>
280	120	24	144	<nil>
280	119	26	145	<nil>
280	118	26	144	<nil>
280	118	26	144	<nil>
280	117	27	144	<nil>
280	98	21	119	<nil>
280	125	23	148	<nil>
280	124	23	147	<nil>
280	123	24	147	<nil>
280	123	24	147	<nil>
280	126	24	150	<nil>
280	126	25	151	<nil>
280	100	24	124	<nil>
280	123	24	147	<nil>
280	124	25	149	<nil>
280	123	26	149	<nil>
280	100	26	126	<nil>
280	207	21	228	<nil>
280	215	25	240	<nil>
280	202	13	215	<nil>
280	211	25	236	<nil>
280	202	13	215	<nil>
280	217	7	224	<nil>
280	212	11	223	<nil>
280	219	14	233	<nil>
280	198	14	212	<nil>
280	223	13	236	<nil>
280	204	19	223	<nil>
280	215	27	242	<nil>
280	189	23	212	<nil>
280	196	27	223	<nil>
280	216	8	224	<nil>
280	201	29	230	<nil>
280	211	17	228	<nil>
280	217	26	243	<nil>
280	233	18	251	<nil>
280	220	11	231	<nil>
280	187	27	214	<nil>
280	213	5	218	<nil>
280	212	14	226	<nil>
280	226	14	240	<nil>
280	232	16	248	<nil>
280	230	15	245	<nil>
280	247	25	272	<nil>
280	219	15	234	<nil>
280	209	13	222	<nil>
280	219	5	224	<nil>
280	1194	19	1213	<nil>
280	261	5	266	<nil>
280	225	439	664	<nil>
280	251	445	696	<nil>
280	223	463	686	<nil>
280	262	447	709	<nil>
280	574	0	574	rpc error: code = Unavailable desc = transport is closing
280	593	0	593	rpc error: code = Unavailable desc = transport is closing
280	583	0	583	rpc error: code = Unavailable desc = transport is closing
280	566	0	566	rpc error: code = Unavailable desc = transport is closing
280	513	0	513	rpc error: code = Unavailable desc = transport is closing
280	576	0	576	rpc error: code = Unavailable desc = transport is closing
280	577	0	577	rpc error: code = Unavailable desc = transport is closing
280	576	0	576	rpc error: code = Unavailable desc = transport is closing
280	575	0	575	rpc error: code = Unavailable desc = transport is closing
280	574	0	574	rpc error: code = Unavailable desc = transport is closing
280	574	0	574	rpc error: code = Unavailable desc = transport is closing
280	244	449	693	<nil>
280	242	450	692	<nil>
280	242	449	691	<nil>
280	234	458	692	<nil>
280	583	0	583	rpc error: code = Unavailable desc = transport is closing
280	1605	0	1605	rpc error: code = Unavailable desc = transport is closing
280	1538	0	1538	rpc error: code = Unavailable desc = transport is closing
280	567	0	567	rpc error: code = Unavailable desc = transport is closing
280	222	450	672	<nil>
280	241	452	693	<nil>
280	247	452	699	<nil>
280	240	452	692	<nil>
280	260	451	711	<nil>
280	234	451	685	<nil>
280	243	450	693	<nil>
280	241	450	691	<nil>
280	226	452	678	<nil>
280	240	452	692	<nil>
280	242	451	693	<nil>
280	237	452	689	<nil>
280	394	0	394	rpc error: code = Unavailable desc = transport is closing
280	242	451	693	<nil>
280	391	0	391	rpc error: code = Unavailable desc = transport is closing
280	390	0	390	rpc error: code = Unavailable desc = transport is closing
280	393	0	393	rpc error: code = Unavailable desc = transport is closing
280	234	516	750	<nil>
280	226	514	740	<nil>
280	394	0	394	rpc error: code = Unavailable desc = transport is closing
280	266	0	266	rpc error: code = Unavailable desc = transport is closing
280	399	0	399	rpc error: code = Unavailable desc = transport is closing
280	394	0	394	rpc error: code = Unavailable desc = transport is closing
280	394	0	394	rpc error: code = Unavailable desc = transport is closing
280	272	0	272	rpc error: code = Unavailable desc = transport is closing
280	242	516	758	<nil>
280	208	0	208	rpc error: code = Unavailable desc = transport is closing
280	241	508	749	<nil>
280	207	0	207	rpc error: code = Unavailable desc = transport is closing
280	228	0	228	rpc error: code = Unavailable desc = transport is closing
280	264	0	264	rpc error: code = Unavailable desc = transport is closing
280	230	0	230	rpc error: code = Unavailable desc = transport is closing
280	232	0	232	rpc error: code = Unavailable desc = transport is closing
280	211	0	211	rpc error: code = Unavailable desc = transport is closing
280	223	0	223	rpc error: code = Unavailable desc = transport is closing
280	807	0	807	rpc error: code = Unavailable desc = transport is closing
280	831	0	831	rpc error: code = Unavailable desc = transport is closing
280	202	0	202	rpc error: code = Unavailable desc = transport is closing
280	393	0	393	rpc error: code = Unavailable desc = transport is closing
280	420	0	420	rpc error: code = Unavailable desc = transport is closing
280	202	0	202	rpc error: code = Unavailable desc = transport is closing
280	553	0	553	rpc error: code = Unavailable desc = transport is closing
280	570	0	570	rpc error: code = Unavailable desc = transport is closing
280	1538	0	1538	rpc error: code = Unavailable desc = transport is closing
280	432	0	432	rpc error: code = Unavailable desc = transport is closing
280	408	0	408	rpc error: code = Unavailable desc = transport is closing
280	550	0	550	rpc error: code = Unavailable desc = transport is closing
280	551	0	551	rpc error: code = Unavailable desc = transport is closing
280	435	0	435	rpc error: code = Unavailable desc = transport is closing
280	347	0	347	rpc error: code = Unavailable desc = transport is closing
280	563	0	563	rpc error: code = Unavailable desc = transport is closing
280	552	0	552	rpc error: code = Unavailable desc = transport is closing
280	1538	0	1538	rpc error: code = Unavailable desc = transport is closing
280	332	0	332	rpc error: code = Unavailable desc = transport is closing
280	349	0	349	rpc error: code = Unavailable desc = transport is closing
280	428	0	428	rpc error: code = Unavailable desc = transport is closing
280	1213	518	1731	<nil>
280	552	0	552	rpc error: code = Unavailable desc = transport is closing
280	579	0	579	rpc error: code = Unavailable desc = transport is closing
280	565	0	565	rpc error: code = Unavailable desc = transport is closing
280	579	0	579	rpc error: code = Unavailable desc = transport is closing
280	554	0	554	rpc error: code = Unavailable desc = transport is closing
280	572	0	572	rpc error: code = Unavailable desc = transport is closing
280	575	0	575	rpc error: code = Unavailable desc = transport is closing
280	1560	0	1560	rpc error: code = Unavailable desc = transport is closing
280	551	0	551	rpc error: code = Unavailable desc = transport is closing
280	565	0	565	rpc error: code = Unavailable desc = transport is closing
280	570	0	570	rpc error: code = Unavailable desc = transport is closing
280	553	0	553	rpc error: code = Unavailable desc = transport is closing
280	566	0	566	rpc error: code = Unavailable desc = transport is closing
280	553	0	553	rpc error: code = Unavailable desc = transport is closing
280	552	0	552	rpc error: code = Unavailable desc = transport is closing
280	552	0	552	rpc error: code = Unavailable desc = transport is closing
280	549	0	549	rpc error: code = Unavailable desc = transport is closing
280	559	0	559	rpc error: code = Unavailable desc = transport is closing
280	553	0	553	rpc error: code = Unavailable desc = transport is closing
280	541	0	541	rpc error: code = Unavailable desc = transport is closing
280	554	0	554	rpc error: code = Unavailable desc = transport is closing
280	619	0	619	rpc error: code = Unavailable desc = transport is closing
280	1579	0	1579	rpc error: code = Unavailable desc = transport is closing
280	1565	0	1565	rpc error: code = Unavailable desc = transport is closing
280	594	0	594	rpc error: code = Unavailable desc = transport is closing
280	538	0	538	rpc error: code = Unavailable desc = transport is closing
280	540	0	540	rpc error: code = Unavailable desc = transport is closing
280	422	0	422	rpc error: code = Unavailable desc = transport is closing
280	621	0	621	rpc error: code = Unavailable desc = transport is closing
280	619	0	619	rpc error: code = Unavailable desc = transport is closing
280	584	0	584	rpc error: code = Unavailable desc = transport is closing
280	413	0	413	rpc error: code = Unavailable desc = transport is closing
280	595	0	595	rpc error: code = Unavailable desc = transport is closing
280	1567	0	1567	rpc error: code = Unavailable desc = transport is closing
280	1580	0	1580	rpc error: code = Unavailable desc = transport is closing
280	606	0	606	rpc error: code = Unavailable desc = transport is closing
280	349	0	349	rpc error: code = Unavailable desc = transport is closing
280	583	0	583	rpc error: code = Unavailable desc = transport is closing
280	271	532	803	<nil>
280	337	0	337	rpc error: code = Unavailable desc = transport is closing
280	348	0	348	rpc error: code = Unavailable desc = transport is closing
280	417	0	417	rpc error: code = Unavailable desc = transport is closing
280	199	0	199	rpc error: code = Unavailable desc = transport is closing
280	338	0	338	rpc error: code = Unavailable desc = transport is closing
280	197	0	197	rpc error: code = Unavailable desc = transport is closing
280	348	0	348	rpc error: code = Unavailable desc = transport is closing
280	200	0	200	rpc error: code = Unavailable desc = transport is closing
280	333	0	333	rpc error: code = Unavailable desc = transport is closing
280	265	0	265	rpc error: code = Unavailable desc = transport is closing
280	346	0	346	rpc error: code = Unavailable desc = transport is closing
280	379	0	379	rpc error: code = Unavailable desc = transport is closing
280	350	0	350	rpc error: code = Unavailable desc = transport is closing
280	341	0	341	rpc error: code = Unavailable desc = transport is closing
280	341	0	341	rpc error: code = Unavailable desc = transport is closing
280	355	0	355	rpc error: code = Unavailable desc = transport is closing
280	305	0	305	rpc error: code = Unavailable desc = transport is closing
280	345	0	345	rpc error: code = Unavailable desc = transport is closing
280	610	0	610	rpc error: code = Unavailable desc = transport is closing
280	277	553	830	<nil>
280	341	0	341	rpc error: code = Unavailable desc = transport is closing
280	256	568	824	<nil>
280	272	567	839	<nil>
280	1244	558	1802	<nil>
280	275	571	846	<nil>
280	234	583	817	<nil>
280	282	567	849	<nil>
280	252	585	837	<nil>
280	267	586	853	<nil>
280	266	598	864	<nil>
280	251	585	836	<nil>
280	226	606	832	<nil>
280	279	575	854	<nil>
280	228	605	833	<nil>
280	268	599	867	<nil>
280	262	574	836	<nil>
280	243	616	859	<nil>
280	272	585	857	<nil>
280	242	610	852	<nil>
280	240	610	850	<nil>
280	221	0	221	rpc error: code = Unavailable desc = transport is closing
280	459	0	459	rpc error: code = Unavailable desc = transport is closing
280	418	0	418	rpc error: code = Unavailable desc = transport is closing
280	448	0	448	rpc error: code = Unavailable desc = transport is closing
280	429	0	429	rpc error: code = Unavailable desc = transport is closing
280	446	0	446	rpc error: code = Unavailable desc = transport is closing
280	446	0	446	rpc error: code = Unavailable desc = transport is closing
280	446	0	446	rpc error: code = Unavailable desc = transport is closing
280	448	0	448	rpc error: code = Unavailable desc = transport is closing
280	447	0	447	rpc error: code = Unavailable desc = transport is closing
280	447	0	447	rpc error: code = Unavailable desc = transport is closing
280	447	0	447	rpc error: code = Unavailable desc = transport is closing
280	384	0	384	rpc error: code = Unavailable desc = transport is closing
280	338	0	338	rpc error: code = Unavailable desc = transport is closing
280	352	0	352	rpc error: code = Unavailable desc = transport is closing
280	352	0	352	rpc error: code = Unavailable desc = transport is closing
280	336	0	336	rpc error: code = Unavailable desc = transport is closing
280	485	0	485	rpc error: code = Unavailable desc = transport is closing
280	435	0	435	rpc error: code = Unavailable desc = transport is closing
280	418	0	418	rpc error: code = Unavailable desc = transport is closing
280	448	0	448	rpc error: code = Unavailable desc = transport is closing
280	427	0	427	rpc error: code = Unavailable desc = transport is closing
280	448	0	448	rpc error: code = Unavailable desc = transport is closing
280	345	0	345	rpc error: code = Unavailable desc = transport is closing
280	385	0	385	rpc error: code = Unavailable desc = transport is closing
280	417	0	417	rpc error: code = Unavailable desc = transport is closing
280	356	0	356	rpc error: code = Unavailable desc = transport is closing
280	486	0	486	rpc error: code = Unavailable desc = transport is closing
280	489	0	489	rpc error: code = Unavailable desc = transport is closing
280	453	0	453	rpc error: code = Unavailable desc = transport is closing
280	454	0	454	rpc error: code = Unavailable desc = transport is closing
280	465	0	465	rpc error: code = Unavailable desc = transport is closing
280	699	0	699	rpc error: code = Unavailable desc = transport is closing
280	303	0	303	rpc error: code = Unavailable desc = transport is closing
280	302	0	302	rpc error: code = Unavailable desc = transport is closing
280	699	0	699	rpc error: code = Unavailable desc = transport is closing
280	472	0	472	rpc error: code = Unavailable desc = transport is closing
280	498	0	498	rpc error: code = Unavailable desc = transport is closing
280	594	0	594	rpc error: code = Unavailable desc = transport is closing
280	703	142	845	<nil>
280	695	138	833	<nil>
280	711	146	857	<nil>
280	699	148	847	<nil>
280	683	0	683	rpc error: code = Unavailable desc = transport is closing
280	701	0	701	rpc error: code = Unavailable desc = transport is closing
280	682	0	682	rpc error: code = Unavailable desc = transport is closing
280	703	0	703	rpc error: code = Unavailable desc = transport is closing
280	716	148	864	<nil>
280	699	148	847	<nil>
280	699	148	847	<nil>
280	703	0	703	rpc error: code = Unavailable desc = transport is closing
280	702	0	702	rpc error: code = Unavailable desc = transport is closing
280	699	0	699	rpc error: code = Unavailable desc = transport is closing
280	703	0	703	rpc error: code = Unavailable desc = transport is closing
280	701	0	701	rpc error: code = Unavailable desc = transport is closing
280	705	0	705	rpc error: code = Unavailable desc = transport is closing
280	678	0	678	rpc error: code = Unavailable desc = transport is closing
280	699	148	847	<nil>
280	699	0	699	rpc error: code = Unavailable desc = transport is closing
280	711	148	859	<nil>
280	682	0	682	rpc error: code = Unavailable desc = transport is closing
280	712	148	860	<nil>
280	699	148	847	<nil>
280	702	0	702	rpc error: code = Unavailable desc = transport is closing
280	702	0	702	rpc error: code = Unavailable desc = transport is closing
280	704	0	704	rpc error: code = Unavailable desc = transport is closing
280	699	0	699	rpc error: code = Unavailable desc = transport is closing
280	701	0	701	rpc error: code = Unavailable desc = transport is closing
280	290	108	398	<nil>
280	291	111	402	<nil>
280	288	112	400	<nil>
280	304	98	402	<nil>
280	298	107	405	<nil>
280	287	118	405	<nil>
280	290	108	398	<nil>
280	290	119	409	<nil>
280	295	118	413	<nil>
280	257	100	357	<nil>
280	263	94	357	<nil>
280	300	103	403	<nil>
280	260	95	355	<nil>
280	242	104	346	<nil>
280	287	118	405	<nil>
280	258	99	357	<nil>
280	288	113	401	<nil>
280	263	119	382	<nil>
280	254	103	357	<nil>
280	290	109	399	<nil>
280	257	94	351	<nil>
280	301	107	408	<nil>
280	298	108	406	<nil>
280	287	119	406	<nil>
280	254	102	356	<nil>
280	298	109	407	<nil>
280	272	80	352	<nil>
280	230	80	310	<nil>
280	273	80	353	<nil>
280	240	80	320	<nil>
280	229	80	309	<nil>
280	271	84	355	<nil>
280	326	81	407	<nil>
280	261	94	355	<nil>
280	313	97	410	<nil>
280	258	81	339	<nil>
280	277	86	363	<nil>
280	272	84	356	<nil>
280	300	111	411	<nil>
280	292	113	405	<nil>
280	258	100	358	<nil>
280	258	81	339	<nil>
280	266	100	366	<nil>
280	277	90	367	<nil>
280	254	102	356	<nil>
280	311	100	411	<nil>
280	264	103	367	<nil>
280	214	103	317	<nil>
280	260	102	362	<nil>
280	257	104	361	<nil>
280	229	90	319	<nil>
280	188	89	277	<nil>
280	281	118	399	<nil>
280	164	74	238	<nil>
280	273	86	359	<nil>
280	140	16	156	<nil>
280	140	16	156	<nil>
280	95	12	107	<nil>
280	214	74	288	<nil>
280	199	35	234	<nil>
280	140	16	156	<nil>
280	140	16	156	<nil>
280	159	75	234	<nil>
280	199	35	234	<nil>
280	190	90	280	<nil>
280	194	73	267	<nil>
280	135	22	157	<nil>
280	140	16	156	<nil>
280	132	24	156	<nil>
280	160	74	234	<nil>
280	137	19	156	<nil>
280	175	17	192	<nil>
280	187	73	260	<nil>
280	165	74	239	<nil>
280	160	74	234	<nil>
280	200	76	276	<nil>
280	133	22	155	<nil>
280	119	13	132	<nil>
280	121	14	135	<nil>
280	183	88	271	<nil>
280	139	17	156	<nil>
280	324	92	416	<nil>
280	87	174	261	<nil>
280	90	174	264	<nil>
280	94	161	255	<nil>
280	89	162	251	<nil>
280	111	163	274	<nil>
280	111	164	275	<nil>
280	113	164	277	<nil>
280	2453	164	2617	<nil>
280	117	158	275	<nil>
280	95	164	259	<nil>
280	111	164	275	<nil>
280	101	158	259	<nil>
280	130	161	291	<nil>
280	133	158	291	<nil>
280	120	157	277	<nil>
280	96	165	261	<nil>
280	133	166	299	<nil>
280	97	165	262	<nil>
280	100	169	269	<nil>
280	87	179	266	<nil>
280	118	165	283	<nil>
280	106	195	301	<nil>
280	106	195	301	<nil>
280	106	225	331	<nil>
280	127	225	352	<nil>
280	143	227	370	<nil>
280	140	227	367	<nil>
280	103	228	331	<nil>
280	102	229	331	<nil>
280	173	198	371	<nil>
280	172	198	370	<nil>
280	173	198	371	<nil>
280	2569	166	2735	<nil>
280	205	165	370	<nil>
280	226	149	375	<nil>
280	190	180	370	<nil>
280	226	149	375	<nil>
280	209	165	374	<nil>
280	263	107	370	<nil>
280	292	81	373	<nil>
280	278	98	376	<nil>
280	293	81	374	<nil>
280	271	98	369	<nil>
280	292	81	373	<nil>
280	313	52	365	<nil>
280	282	61	343	<nil>
280	298	68	366	<nil>
280	265	69	334	<nil>
280	292	90	382	<nil>
280	280	62	342	<nil>
280	298	68	366	<nil>
280	2741	62	2803	<nil>
280	305	70	375	<nil>
280	299	69	368	<nil>
280	305	63	368	<nil>
280	305	62	367	<nil>
280	299	68	367	<nil>
280	313	71	384	<nil>
280	305	64	369	<nil>
280	301	70	371	<nil>
280	303	71	374	<nil>
280	305	63	368	<nil>
280	305	72	377	<nil>
280	302	74	376	<nil>
280	274	72	346	<nil>
280	274	72	346	<nil>
280	314	63	377	<nil>
280	304	73	377	<nil>
280	313	68	381	<nil>
280	303	78	381	<nil>
280	302	74	376	<nil>
280	313	68	381	<nil>
280	304	74	378	<nil>
280	2741	77	2818	<nil>
280	273	78	351	<nil>
280	313	77	390	<nil>
280	287	164	451	<nil>
280	281	165	446	<nil>
280	282	164	446	<nil>
280	333	628	961	<nil>
280	311	624	935	<nil>
280	311	624	935	<nil>
280	302	627	929	<nil>
280	334	627	961	<nil>
280	336	624	960	<nil>
280	309	621	930	<nil>
280	302	628	930	<nil>
280	162	610	772	<nil>
280	2799	601	3400	<nil>
280	160	589	749	<nil>
280	316	621	937	<nil>
280	163	609	772	<nil>
280	170	607	777	<nil>
280	171	609	780	<nil>
280	317	621	938	<nil>
280	316	621	937	<nil>
280	169	608	777	<nil>
280	310	624	934	<nil>
280	310	621	931	<nil>
280	163	610	773	<nil>
280	163	610	773	<nil>
280	169	608	777	<nil>
280	165	608	773	<nil>
280	2870	608	3478	<nil>
280	170	608	778	<nil>
280	308	623	931	<nil>
280	82	575	657	<nil>
280	160	496	656	<nil>
280	83	573	656	<nil>
280	88	574	662	<nil>
280	83	574	657	<nil>
280	159	497	656	<nil>
280	113	573	686	<nil>
280	105	599	704	<nil>
280	114	573	687	<nil>
280	134	573	707	<nil>
280	114	573	687	<nil>
280	2866	535	3401	<nil>
280	146	540	686	<nil>
280	107	597	704	<nil>
280	2801	600	3401	<nil>
280	113	487	600	<nil>
280	111	597	708	<nil>
280	174	612	786	<nil>
280	313	622	935	<nil>
280	1278	619	1897	<nil>
280	150	598	748	<nil>
280	167	587	754	<nil>
280	126	506	632	<nil>
280	599	26	625	<nil>
280	115	511	626	<nil>
280	585	29	614	<nil>
280	572	30	602	<nil>
280	612	2	614	<nil>
280	584	30	614	<nil>
280	584	30	614	<nil>
280	589	13	602	<nil>
280	606	5	611	<nil>
280	494	0	494	rpc error: code = DeadlineExceeded desc = context deadline exceeded
280	607	83	690	<nil>
280	580	83	663	<nil>
280	607	93	700	<nil>
280	602	119	721	<nil>
280	604	124	728	<nil>
280	608	124	732	<nil>
280	601	124	725	<nil>
280	617	126	743	<nil>
280	595	125	720	<nil>
280	611	122	733	<nil>
280	604	125	729	<nil>
280	607	125	732	<nil>
280	604	129	733	<nil>
280	602	125	727	<nil>
280	607	126	733	<nil>
280	608	124	732	<nil>
280	602	125	727	<nil>
280	607	125	732	<nil>
280	604	126	730	<nil>
280	513	126	639	<nil>
280	617	125	742	<nil>
280	595	125	720	<nil>
280	594	124	718	<nil>
280	27	128	155	<nil>
280	606	129	735	<nil>
280	512	126	638	<nil>
280	31	123	154	<nil>
280	28	127	155	<nil>
280	132	16	148	<nil>
280	28	126	154	<nil>
280	602	132	734	<nil>
280	29	126	155	<nil>
280	26	128	154	<nil>
280	512	126	638	<nil>
280	635	91	726	<nil>
280	612	128	740	<nil>
280	709	12	721	<nil>
280	130	52	182	<nil>
280	139	45	184	<nil>
280	136	56	192	<nil>
280	112	52	164	<nil>
280	140	45	185	<nil>
280	140	45	185	<nil>
280	140	45	185	<nil>
280	130	54	184	<nil>
280	133	52	185	<nil>
280	111	49	160	<nil>
280	135	50	185	<nil>
280	135	51	186	<nil>
280	148	41	189	<nil>
280	130	51	181	<nil>
280	113	46	159	<nil>
280	147	46	193	<nil>
280	134	51	185	<nil>
280	148	41	189	<nil>
280	148	41	189	<nil>
280	139	51	190	<nil>
280	150	40	190	<nil>
280	154	40	194	<nil>
280	137	49	186	<nil>
280	152	41	193	<nil>
280	146	43	189	<nil>
280	140	46	186	<nil>
280	123	44	167	<nil>
280	126	36	162	<nil>
280	151	42	193	<nil>
280	149	44	193	<nil>
280	118	46	164	<nil>
280	151	42	193	<nil>
280	148	40	188	<nil>
280	149	49	198	<nil>
280	149	49	198	<nil>
280	149	77	226	<nil>
280	149	125	274	<nil>
280	150	123	273	<nil>
280	151	124	275	<nil>
280	151	125	276	<nil>
280	149	128	277	<nil>
280	1070	127	1197	<nil>
280	124	129	253	<nil>
280	1087	128	1215	<nil>
280	149	130	279	<nil>
280	151	128	279	<nil>
280	150	128	278	<nil>
280	126	130	256	<nil>
280	125	128	253	<nil>
280	147	148	295	<nil>
280	73	78	151	<nil>
280	73	78	151	<nil>
280	151	151	302	<nil>
280	76	75	151	<nil>
280	37	114	151	<nil>
280	149	153	302	<nil>
280	73	78	151	<nil>
280	2344	115	2459	<nil>
280	38	132	170	<nil>
280	266	0	266	rpc error: code = Unavailable desc = transport is closing
280	1088	153	1241	<nil>
280	38	114	152	<nil>
280	37	114	151	<nil>
280	149	153	302	<nil>
280	47	132	179	<nil>
280	82	153	235	<nil>
280	74	78	152	<nil>
280	39	118	157	<nil>
280	74	107	181	<nil>
280	72	111	183	<nil>
280	74	109	183	<nil>
280	77	109	186	<nil>
280	73	116	189	<nil>
280	302	0	302	rpc error: code = Unavailable desc = transport is closing
280	75	120	195	<nil>
280	73	120	193	<nil>
280	73	121	194	<nil>
280	74	125	199	<nil>
280	72	132	204	<nil>
280	317	0	317	rpc error: code = Unavailable desc = transport is closing
280	73	139	212	<nil>
280	313	0	313	rpc error: code = Unavailable desc = transport is closing
280	296	0	296	rpc error: code = Unavailable desc = transport is closing
280	72	153	225	<nil>
280	72	159	231	<nil>
280	72	166	238	<nil>
280	72	185	257	<nil>
280	298	0	298	rpc error: code = Unavailable desc = transport is closing
280	478	0	478	rpc error: code = DeadlineExceeded desc = context deadline exceeded
280	480	0	480	rpc error: code = DeadlineExceeded desc = context deadline exceeded
280	479	0	479	rpc error: code = DeadlineExceeded desc = context deadline exceeded
280	478	0	478	rpc error: code = DeadlineExceeded desc = context deadline exceeded
280	71	188	259	<nil>
280	287	0	287	rpc error: code = Unavailable desc = transport is closing
280	291	0	291	rpc error: code = Unavailable desc = transport is closing
280	291	0	291	rpc error: code = Unavailable desc = transport is closing
280	297	0	297	rpc error: code = Unavailable desc = transport is closing
280	299	0	299	rpc error: code = Unavailable desc = transport is closing
280	73	213	286	<nil>
280	73	216	289	<nil>
280	257	0	257	rpc error: code = Unavailable desc = transport is closing
280	264	0	264	rpc error: code = Unavailable desc = transport is closing
280	72	217	289	<nil>
280	73	219	292	<nil>
280	266	0	266	rpc error: code = Unavailable desc = transport is closing
280	272	0	272	rpc error: code = Unavailable desc = transport is closing
280	151	0	151	rpc error: code = Unavailable desc = transport is closing
280	294	0	294	rpc error: code = Unavailable desc = transport is closing
280	82	175	257	<nil>
280	87	174	261	<nil>
280	72	224	296	<nil>
280	86	174	260	<nil>
280	89	168	257	<nil>
280	74	222	296	<nil>
280	87	173	260	<nil>
280	87	177	264	<nil>
280	85	174	259	<nil>
280	261	0	261	rpc error: code = Unavailable desc = transport is closing
280	76	177	253	<nil>
280	87	178	265	<nil>
280	87	178	265	<nil>
280	86	178	264	<nil>
280	160	0	160	rpc error: code = Unavailable desc = transport is closing
280	74	223	297	<nil>
280	279	0	279	rpc error: code = Unavailable desc = transport is closing
280	304	0	304	rpc error: code = Unavailable desc = transport is closing
280	422	0	422	rpc error: code = DeadlineExceeded desc = context deadline exceeded
280	429	0	429	rpc error: code = DeadlineExceeded desc = context deadline exceeded
280	84	207	291	<nil>
280	130	162	292	<nil>
280	305	0	305	rpc error: code = Unavailable desc = transport is closing
280	87	234	321	<nil>
280	281	0	281	rpc error: code = Unavailable desc = transport is closing
280	3227	0	3227	rpc error: code = Unavailable desc = transport is closing
280	65	166	231	<nil>
280	279	0	279	rpc error: code = Unavailable desc = transport is closing
280	53	178	231	<nil>
280	54	175	229	<nil>
280	283	0	283	rpc error: code = Unavailable desc = transport is closing
280	81	212	293	<nil>
280	65	167	232	<nil>
280	63	168	231	<nil>
280	103	175	278	<nil>
280	63	231	294	<nil>
280	282	0	282	rpc error: code = Unavailable desc = transport is closing
280	286	0	286	rpc error: code = Unavailable desc = transport is closing
280	290	0	290	rpc error: code = Unavailable desc = transport is closing
280	74	230	304	<nil>
280	71	142	213	<nil>
280	1103	126	1229	<nil>
280	280	0	280	rpc error: code = Unavailable desc = transport is closing
280	287	0	287	rpc error: code = Unavailable desc = transport is closing
280	1051	213	1264	<nil>
280	283	0	283	rpc error: code = Unavailable desc = transport is closing
280	289	0	289	rpc error: code = Unavailable desc = transport is closing
280	300	0	300	rpc error: code = Unavailable desc = transport is closing
280	295	0	295	rpc error: code = Unavailable desc = transport is closing
280	108	185	293	<nil>
280	288	0	288	rpc error: code = Unavailable desc = transport is closing
280	290	0	290	rpc error: code = Unavailable desc = transport is closing
280	298	0	298	rpc error: code = Unavailable desc = transport is closing
280	84	213	297	<nil>
280	76	217	293	<nil>
280	88	210	298	<nil>
280	118	186	304	<nil>
280	285	0	285	rpc error: code = Unavailable desc = transport is closing
280	287	0	287	rpc error: code = Unavailable desc = transport is closing
280	86	217	303	<nil>
280	312	0	312	rpc error: code = Unavailable desc = transport is closing
280	287	0	287	rpc error: code = Unavailable desc = transport is closing
280	87	237	324	<nil>
280	303	0	303	rpc error: code = Unavailable desc = transport is closing
280	94	136	230	<nil>
280	312	0	312	rpc error: code = Unavailable desc = transport is closing
280	89	213	302	<nil>
280	78	215	293	<nil>
280	85	214	299	<nil>
280	78	236	314	<nil>
280	80	217	297	<nil>
280	84	215	299	<nil>
280	86	214	300	<nil>
280	84	215	299	<nil>
280	84	213	297	<nil>
280	90	142	232	<nil>
280	1371	0	1371	rpc error: code = Unavailable desc = transport is closing
280	1277	0	1277	rpc error: code = Unavailable desc = transport is closing
280	272	0	272	rpc error: code = Unavailable desc = transport is closing
280	303	0	303	rpc error: code = Unavailable desc = transport is closing
280	305	0	305	rpc error: code = Unavailable desc = transport is closing
280	88	316	404	<nil>
280	91	290	381	<nil>
280	5724	0	5724	rpc error: code = Unavailable desc = transport is closing
280	84	326	410	<nil>
280	73	339	412	<nil>
280	80	338	418	<nil>
280	163	0	163	rpc error: code = Unavailable desc = transport is closing
280	1297	0	1297	rpc error: code = Unavailable desc = transport is closing
280	261	0	261	rpc error: code = Unavailable desc = transport is closing
280	3235	0	3235	rpc error: code = Unavailable desc = transport is closing
280	3240	0	3240	rpc error: code = Unavailable desc = transport is closing
280	1296	0	1296	rpc error: code = Unavailable desc = transport is closing
280	1276	0	1276	rpc error: code = Unavailable desc = transport is closing
280	3237	0	3237	rpc error: code = Unavailable desc = transport is closing
280	5721	0	5721	rpc error: code = Unavailable desc = transport is closing
280	305	0	305	rpc error: code = Unavailable desc = transport is closing
280	319	0	319	rpc error: code = Unavailable desc = transport is closing
280	305	0	305	rpc error: code = Unavailable desc = transport is closing
280	3243	0	3243	rpc error: code = Unavailable desc = transport is closing
280	319	0	319	rpc error: code = Unavailable desc = transport is closing
280	311	0	311	rpc error: code = Unavailable desc = transport is closing
280	277	0	277	rpc error: code = Unavailable desc = transport is closing
280	323	0	323	rpc error: code = Unavailable desc = transport is closing
280	321	0	321	rpc error: code = Unavailable desc = transport is closing
280	309	0	309	rpc error: code = Unavailable desc = transport is closing
280	319	0	319	rpc error: code = Unavailable desc = transport is closing
280	321	0	321	rpc error: code = Unavailable desc = transport is closing
280	324	0	324	rpc error: code = Unavailable desc = transport is closing
280	323	0	323	rpc error: code = Unavailable desc = transport is closing
280	323	0	323	rpc error: code = Unavailable desc = transport is closing
280	319	0	319	rpc error: code = Unavailable desc = transport is closing
280	322	0	322	rpc error: code = Unavailable desc = transport is closing
280	321	0	321	rpc error: code = Unavailable desc = transport is closing
280	322	0	322	rpc error: code = Unavailable desc = transport is closing
280	84	408	492	<nil>
280	308	0	308	rpc error: code = Unavailable desc = transport is closing
280	323	0	323	rpc error: code = Unavailable desc = transport is closing
280	316	0	316	rpc error: code = Unavailable desc = transport is closing
280	321	0	321	rpc error: code = Unavailable desc = transport is closing
280	313	0	313	rpc error: code = Unavailable desc = transport is closing
280	304	0	304	rpc error: code = Unavailable desc = transport is closing
280	320	0	320	rpc error: code = Unavailable desc = transport is closing
280	171	0	171	rpc error: code = Unavailable desc = transport is closing
280	172	0	172	rpc error: code = Unavailable desc = transport is closing
280	324	0	324	rpc error: code = Unavailable desc = transport is closing
280	3257	0	3257	rpc error: code = Unavailable desc = transport is closing
280	303	0	303	rpc error: code = Unavailable desc = transport is closing
280	106	414	520	<nil>
280	293	0	293	rpc error: code = Unavailable desc = transport is closing
280	327	0	327	rpc error: code = Unavailable desc = transport is closing
280	324	0	324	rpc error: code = Unavailable desc = transport is closing
280	324	0	324	rpc error: code = Unavailable desc = transport is closing
280	322	0	322	rpc error: code = Unavailable desc = transport is closing
280	305	0	305	rpc error: code = Unavailable desc = transport is closing
280	323	0	323	rpc error: code = Unavailable desc = transport is closing
280	171	0	171	rpc error: code = Unavailable desc = transport is closing
280	323	0	323	rpc error: code = Unavailable desc = transport is closing
280	319	0	319	rpc error: code = Unavailable desc = transport is closing
280	312	0	312	rpc error: code = Unavailable desc = transport is closing
280	281	0	281	rpc error: code = Unavailable desc = transport is closing
280	82	414	496	<nil>
280	81	414	495	<nil>
280	81	419	500	<nil>
280	1099	421	1520	<nil>
280	82	421	503	<nil>
280	110	391	501	<nil>
280	305	0	305	rpc error: code = Unavailable desc = transport is closing
280	109	468	577	<nil>
280	104	472	576	<nil>
280	104	472	576	<nil>
280	107	468	575	<nil>
280	166	453	619	<nil>
280	113	511	624	<nil>
280	168	451	619	<nil>
280	108	511	619	<nil>
280	166	453	619	<nil>
280	158	462	620	<nil>
280	144	453	597	<nil>
280	127	463	590	<nil>
280	130	451	581	<nil>
280	186	404	590	<nil>
280	134	462	596	<nil>
280	133	453	586	<nil>
280	275	296	571	<nil>
280	124	463	587	<nil>
280	100	453	553	<nil>
280	62	454	516	<nil>
280	157	463	620	<nil>
280	122	462	584	<nil>
280	157	463	620	<nil>
280	167	453	620	<nil>
280	131	463	594	<nil>
280	303	0	303	rpc error: code = Unavailable desc = transport is closing
280	313	0	313	rpc error: code = Unavailable desc = transport is closing
280	49	418	467	<nil>
280	157	453	610	<nil>
280	298	0	298	rpc error: code = Unavailable desc = transport is closing
280	98	419	517	<nil>
280	157	360	517	<nil>
280	295	0	295	rpc error: code = Unavailable desc = transport is closing
280	298	0	298	rpc error: code = Unavailable desc = transport is closing
280	88	418	506	<nil>
280	96	408	504	<nil>
280	2662	455	3117	<nil>
280	263	0	263	rpc error: code = Unavailable desc = transport is closing
280	98	409	507	<nil>
280	294	252	546	<nil>
280	299	0	299	rpc error: code = Unavailable desc = transport is closing
280	275	244	519	<nil>
280	87	418	505	<nil>
280	101	454	555	<nil>
280	299	252	551	<nil>
280	127	462	589	<nil>
280	245	321	566	<nil>
280	94	455	549	<nil>
280	228	320	548	<nil>
280	237	284	521	<nil>
280	300	251	551	<nil>
280	91	419	510	<nil>
280	234	284	518	<nil>
280	67	452	519	<nil>
280	254	322	576	<nil>
280	298	251	549	<nil>
280	264	0	264	rpc error: code = Unavailable desc = transport is closing
280	583	0	583	rpc error: code = Unavailable desc = transport is closing
280	592	0	592	rpc error: code = Unavailable desc = transport is closing
280	1592	0	1592	rpc error: code = Unavailable desc = transport is closing
280	606	0	606	rpc error: code = Unavailable desc = transport is closing
280	228	0	228	rpc error: code = Unavailable desc = transport is closing
280	264	0	264	rpc error: code = Unavailable desc = transport is closing
280	563	0	563	rpc error: code = Unavailable desc = transport is closing
280	287	697	984	<nil>
280	286	697	983	<nil>
280	550	0	550	rpc error: code = Unavailable desc = transport is closing
280	1164	0	1164	rpc error: code = Unavailable desc = transport is closing
280	186	0	186	rpc error: code = Unavailable desc = transport is closing
280	246	0	246	rpc error: code = Unavailable desc = transport is closing
280	168	0	168	rpc error: code = Unavailable desc = transport is closing
280	266	0	266	rpc error: code = Unavailable desc = transport is closing
280	162	0	162	rpc error: code = Unavailable desc = transport is closing
280	161	0	161	rpc error: code = Unavailable desc = transport is closing
280	324	0	324	rpc error: code = Unavailable desc = transport is closing
280	161	0	161	rpc error: code = Unavailable desc = transport is closing
280	277	0	277	rpc error: code = Unavailable desc = transport is closing
280	205	0	205	rpc error: code = Unavailable desc = transport is closing
280	256	0	256	rpc error: code = Unavailable desc = transport is closing
280	343	700	1043	<nil>
280	289	700	989	<nil>
280	358	617	975	<nil>
280	461	585	1046	<nil>
280	372	674	1046	<nil>
280	266	0	266	rpc error: code = Unavailable desc = transport is closing
280	256	0	256	rpc error: code = Unavailable desc = transport is closing
280	170	0	170	rpc error: code = Unavailable desc = transport is closing
280	445	604	1049	<nil>
280	312	0	312	rpc error: code = Unavailable desc = transport is closing
280	431	627	1058	<nil>
280	415	633	1048	<nil>
280	188	0	188	rpc error: code = Unavailable desc = transport is closing
280	446	610	1056	<nil>
280	345	638	983	<nil>
280	420	571	991	<nil>
280	426	638	1064	<nil>
280	399	610	1009	<nil>
280	431	640	1071	<nil>
280	465	590	1055	<nil>
280	422	632	1054	<nil>
280	417	576	993	<nil>
280	417	575	992	<nil>
280	456	599	1055	<nil>
280	416	640	1056	<nil>
280	429	641	1070	<nil>
280	439	642	1081	<nil>
280	431	639	1070	<nil>
280	433	573	1006	<nil>
280	415	638	1053	<nil>
280	484	571	1055	<nil>
280	420	572	992	<nil>
280	443	574	1017	<nil>
280	432	663	1095	<nil>
280	489	663	1152	<nil>
280	441	663	1104	<nil>
280	433	663	1096	<nil>
280	429	663	1092	<nil>
280	444	663	1107	<nil>
280	442	664	1106	<nil>
280	431	663	1094	<nil>
280	444	665	1109	<nil>
280	445	684	1129	<nil>
280	447	685	1132	<nil>
280	448	685	1133	<nil>
280	417	685	1102	<nil>
280	431	685	1116	<nil>
280	446	684	1130	<nil>
280	410	686	1096	<nil>
280	435	686	1121	<nil>
280	431	685	1116	<nil>
280	437	685	1122	<nil>
280	437	685	1122	<nil>
280	162	0	162	rpc error: code = Unavailable desc = transport is closing
280	448	686	1134	<nil>
280	431	685	1116	<nil>
280	436	687	1123	<nil>
280	431	687	1118	<nil>
280	447	687	1134	<nil>
280	444	680	1124	<nil>
280	444	682	1126	<nil>
280	432	689	1121	<nil>
280	440	683	1123	<nil>
280	444	681	1125	<nil>
280	445	683	1128	<nil>
280	436	687	1123	<nil>
280	444	682	1126	<nil>
280	444	682	1126	<nil>
280	272	0	272	rpc error: code = Unavailable desc = transport is closing
280	444	683	1127	<nil>
280	440	683	1123	<nil>
280	443	684	1127	<nil>
280	447	679	1126	<nil>
280	431	683	1114	<nil>
280	464	681	1145	<nil>
280	258	0	258	rpc error: code = Unavailable desc = transport is closing
280	460	679	1139	<nil>
280	273	0	273	rpc error: code = Unavailable desc = transport is closing
280	447	0	447	rpc error: code = Unavailable desc = transport is closing
280	428	0	428	rpc error: code = Unavailable desc = transport is closing
280	446	0	446	rpc error: code = Unavailable desc = transport is closing
280	301	0	301	rpc error: code = Unavailable desc = transport is closing
280	446	0	446	rpc error: code = Unavailable desc = transport is closing
280	302	0	302	rpc error: code = Unavailable desc = transport is closing
280	1296	0	1296	rpc error: code = Unavailable desc = transport is closing
280	445	0	445	rpc error: code = Unavailable desc = transport is closing
280	258	0	258	rpc error: code = Unavailable desc = transport is closing
280	302	0	302	rpc error: code = Unavailable desc = transport is closing
280	446	0	446	rpc error: code = Unavailable desc = transport is closing
280	448	0	448	rpc error: code = Unavailable desc = transport is closing
280	230	0	230	rpc error: code = Unavailable desc = transport is closing
280	1264	0	1264	rpc error: code = Unavailable desc = transport is closing
280	465	683	1148	<nil>
280	444	698	1142	<nil>
280	444	692	1136	<nil>
280	439	704	1143	<nil>
280	455	0	455	rpc error: code = Unavailable desc = transport is closing
280	445	710	1155	<nil>
280	444	716	1160	<nil>
280	444	710	1154	<nil>
280	306	754	1060	<nil>
280	250	761	1011	<nil>
280	328	759	1087	<nil>
280	328	758	1086	<nil>
280	250	756	1006	<nil>
280	254	757	1011	<nil>
280	233	758	991	<nil>
280	328	758	1086	<nil>
280	328	757	1085	<nil>
280	282	762	1044	<nil>
280	233	759	992	<nil>
280	353	756	1109	<nil>
280	710	238	948	<nil>
280	712	238	950	<nil>
280	707	237	944	<nil>
280	713	236	949	<nil>
280	709	237	946	<nil>
280	712	237	949	<nil>
280	749	245	994	<nil>
280	724	244	968	<nil>
280	747	247	994	<nil>
280	750	244	994	<nil>
280	720	248	968	<nil>
280	724	241	965	<nil>
280	749	247	996	<nil>
280	707	247	954	<nil>
280	722	248	970	<nil>
280	752	243	995	<nil>
280	728	264	992	<nil>
280	733	260	993	<nil>
280	762	277	1039	<nil>
280	780	258	1038	<nil>
280	754	241	995	<nil>
280	754	253	1007	<nil>
280	742	254	996	<nil>
280	748	253	1001	<nil>
280	716	256	972	<nil>
280	768	243	1011	<nil>
280	765	243	1008	<nil>
280	742	257	999	<nil>
280	767	231	998	<nil>
280	761	243	1004	<nil>
280	773	0	773	rpc error: code = Unavailable desc = transport is closing
280	793	254	1047	<nil>
280	824	0	824	rpc error: code = Unavailable desc = transport is closing
280	761	0	761	rpc error: code = Unavailable desc = transport is closing
280	793	226	1019	<nil>
280	787	226	1013	<nil>
280	781	232	1013	<nil>
280	821	231	1052	<nil>
280	792	235	1027	<nil>
280	785	237	1022	<nil>
280	781	238	1019	<nil>
280	791	234	1025	<nil>
280	779	234	1013	<nil>
280	757	259	1016	<nil>
280	777	237	1014	<nil>
280	756	245	1001	<nil>
280	794	229	1023	<nil>
280	753	262	1015	<nil>
280	824	198	1022	<nil>
280	778	238	1016	<nil>
280	760	263	1023	<nil>
280	781	242	1023	<nil>
280	783	234	1017	<nil>
280	774	229	1003	<nil>
280	753	262	1015	<nil>
280	781	236	1017	<nil>
280	779	238	1017	<nil>
280	747	0	747	rpc error: code = Unavailable desc = transport is closing
280	761	0	761	rpc error: code = Unavailable desc = transport is closing
280	783	240	1023	<nil>
280	768	236	1004	<nil>
280	791	238	1029	<nil>
280	793	228	1021	<nil>
280	756	240	996	<nil>
280	760	0	760	rpc error: code = Unavailable desc = transport is closing
280	750	0	750	rpc error: code = Unavailable desc = transport is closing
280	744	0	744	rpc error: code = Unavailable desc = transport is closing
280	809	0	809	rpc error: code = Unavailable desc = transport is closing
280	775	0	775	rpc error: code = Unavailable desc = transport is closing
280	780	0	780	rpc error: code = Unavailable desc = transport is closing
280	764	0	764	rpc error: code = Unavailable desc = transport is closing
280	812	0	812	rpc error: code = Unavailable desc = transport is closing
280	800	0	800	rpc error: code = Unavailable desc = transport is closing
280	3189	0	3189	rpc error: code = Unavailable desc = transport is closing
280	796	196	992	<nil>
280	274	190	464	<nil>
280	3017	191	3208	<nil>
280	273	189	462	<nil>
280	270	190	460	<nil>
280	271	191	462	<nil>
280	771	214	985	<nil>
280	1666	191	1857	<nil>
280	270	191	461	<nil>
280	271	190	461	<nil>
280	271	189	460	<nil>
280	1330	213	1543	<nil>
280	772	213	985	<nil>
280	781	204	985	<nil>
280	270	190	460	<nil>
280	269	197	466	<nil>
280	282	180	462	<nil>
280	271	181	452	<nil>
280	309	180	489	<nil>
280	310	181	491	<nil>
280	281	181	462	<nil>
280	290	175	465	<nil>
280	318	175	493	<nil>
280	225	186	411	<nil>
280	326	193	519	<nil>
280	300	201	501	<nil>
280	325	202	527	<nil>
280	301	206	507	<nil>
280	339	191	530	<nil>
280	238	161	399	<nil>
280	300	204	504	<nil>
280	233	162	395	<nil>
280	236	187	423	<nil>
280	233	189	422	<nil>
280	302	204	506	<nil>
280	299	204	503	<nil>
280	236	189	425	<nil>
280	232	193	425	<nil>
280	210	190	400	<nil>
280	256	154	410	<nil>
280	299	205	504	<nil>
280	241	158	399	<nil>
280	239	137	376	<nil>
280	297	213	510	<nil>
280	225	202	427	<nil>
280	221	205	426	<nil>
280	233	193	426	<nil>
280	235	161	396	<nil>
280	261	138	399	<nil>
280	222	121	343	<nil>
280	234	163	397	<nil>
280	238	162	400	<nil>
280	2932	207	3139	<nil>
280	239	141	380	<nil>
280	220	181	401	<nil>
280	299	207	506	<nil>
280	252	150	402	<nil>
280	231	167	398	<nil>
280	234	198	432	<nil>
280	340	197	537	<nil>
280	238	171	409	<nil>
280	236	165	401	<nil>
280	210	196	406	<nil>
280	234	172	406	<nil>
280	280	129	409	<nil>
280	232	168	400	<nil>
280	252	145	397	<nil>
280	251	159	410	<nil>
280	208	203	411	<nil>
280	270	140	410	<nil>
280	225	173	398	<nil>
280	262	147	409	<nil>
280	251	159	410	<nil>
280	245	159	404	<nil>
280	235	175	410	<nil>
280	326	201	527	<nil>
280	297	222	519	<nil>
280	249	130	379	<nil>
280	251	160	411	<nil>
280	205	208	413	<nil>
280	251	160	411	<nil>
280	275	134	409	<nil>
280	244	159	403	<nil>
280	275	129	404	<nil>
280	300	207	507	<nil>
280	250	159	409	<nil>
280	239	173	412	<nil>
280	281	128	409	<nil>
280	323	208	531	<nil>
280	237	178	415	<nil>
280	275	132	407	<nil>
280	264	133	397	<nil>
280	276	132	408	<nil>
280	276	133	409	<nil>
280	268	139	407	<nil>
280	275	134	409	<nil>
280	275	133	408	<nil>
280	255	158	413	<nil>
280	276	134	410	<nil>
280	266	138	404	<nil>
280	298	204	502	<nil>
280	220	128	348	<nil>
280	3114	147	3261	<nil>
280	282	153	435	<nil>
280	261	138	399	<nil>
280	223	120	343	<nil>
280	232	165	397	<nil>
280	281	145	426	<nil>
280	259	156	415	<nil>
280	223	133	356	<nil>
280	316	194	510	<nil>
280	245	111	356	<nil>
280	238	129	367	<nil>
280	226	130	356	<nil>
280	225	131	356	<nil>
280	219	130	349	<nil>
280	226	130	356	<nil>
280	217	131	348	<nil>
280	228	131	359	<nil>
280	217	130	347	<nil>
280	282	143	425	<nil>
280	225	133	358	<nil>
280	245	159	404	<nil>
280	217	149	366	<nil>
280	217	182	399	<nil>
280	216	248	464	<nil>
280	214	197	411	<nil>
280	257	267	524	<nil>
280	214	324	538	<nil>
280	193	349	542	<nil>
280	198	346	544	<nil>
280	771	0	771	rpc error: code = Unavailable desc = transport is closing
280	770	0	770	rpc error: code = Unavailable desc = transport is closing
280	214	344	558	<nil>
280	770	0	770	rpc error: code = Unavailable desc = transport is closing
280	771	0	771	rpc error: code = Unavailable desc = transport is closing
280	772	0	772	rpc error: code = Unavailable desc = transport is closing
280	771	0	771	rpc error: code = Unavailable desc = transport is closing
280	773	0	773	rpc error: code = Unavailable desc = transport is closing
280	782	0	782	rpc error: code = Unavailable desc = transport is closing
280	771	0	771	rpc error: code = Unavailable desc = transport is closing
280	771	0	771	rpc error: code = Unavailable desc = transport is closing
280	772	0	772	rpc error: code = Unavailable desc = transport is closing
280	771	0	771	rpc error: code = Unavailable desc = transport is closing
280	785	0	785	rpc error: code = Unavailable desc = transport is closing
280	774	0	774	rpc error: code = Unavailable desc = transport is closing
280	783	0	783	rpc error: code = Unavailable desc = transport is closing
280	770	0	770	rpc error: code = Unavailable desc = transport is closing
280	786	0	786	rpc error: code = Unavailable desc = transport is closing
280	775	0	775	rpc error: code = Unavailable desc = transport is closing
280	775	0	775	rpc error: code = Unavailable desc = transport is closing
280	213	412	625	<nil>
280	777	0	777	rpc error: code = Unavailable desc = transport is closing
280	3010	0	3010	rpc error: code = Unavailable desc = transport is closing
280	795	0	795	rpc error: code = Unavailable desc = transport is closing
280	786	0	786	rpc error: code = Unavailable desc = transport is closing
280	214	413	627	<nil>
280	192	413	605	<nil>
280	786	0	786	rpc error: code = Unavailable desc = transport is closing
280	214	414	628	<nil>
280	214	414	628	<nil>
280	781	0	781	rpc error: code = Unavailable desc = transport is closing
280	215	414	629	<nil>
280	780	0	780	rpc error: code = Unavailable desc = transport is closing
280	791	0	791	rpc error: code = Unavailable desc = transport is closing
280	308	0	308	rpc error: code = Unavailable desc = transport is closing
280	308	0	308	rpc error: code = Unavailable desc = transport is closing
280	2824	0	2824	rpc error: code = Unavailable desc = transport is closing
280	801	0	801	rpc error: code = Unavailable desc = transport is closing
280	801	0	801	rpc error: code = Unavailable desc = transport is closing
280	189	420	609	<nil>
280	308	0	308	rpc error: code = Unavailable desc = transport is closing
280	798	0	798	rpc error: code = Unavailable desc = transport is closing
280	310	0	310	rpc error: code = Unavailable desc = transport is closing
280	305	0	305	rpc error: code = Unavailable desc = transport is closing
280	794	0	794	rpc error: code = Unavailable desc = transport is closing
280	296	0	296	rpc error: code = Unavailable desc = transport is closing
280	309	0	309	rpc error: code = Unavailable desc = transport is closing
280	793	0	793	rpc error: code = Unavailable desc = transport is closing
280	304	0	304	rpc error: code = Unavailable desc = transport is closing
280	300	0	300	rpc error: code = Unavailable desc = transport is closing
280	793	0	793	rpc error: code = Unavailable desc = transport is closing
280	249	342	591	<nil>
280	290	0	290	rpc error: code = Unavailable desc = transport is closing
280	191	393	584	<nil>
280	309	0	309	rpc error: code = Unavailable desc = transport is closing
280	308	0	308	rpc error: code = Unavailable desc = transport is closing
280	262	303	565	<nil>
280	239	330	569	<nil>
280	273	321	594	<nil>
280	225	344	569	<nil>
280	206	393	599	<nil>
280	263	332	595	<nil>
280	211	389	600	<nil>
280	241	340	581	<nil>
280	237	336	573	<nil>
280	248	334	582	<nil>
280	239	334	573	<nil>
280	241	334	575	<nil>
280	794	0	794	rpc error: code = Unavailable desc = transport is closing
280	796	0	796	rpc error: code = Unavailable desc = transport is closing
280	800	0	800	rpc error: code = Unavailable desc = transport is closing
280	282	0	282	rpc error: code = Unavailable desc = transport is closing
280	247	331	578	<nil>
280	242	335	577	<nil>
280	270	0	270	rpc error: code = Unavailable desc = transport is closing
280	246	334	580	<nil>
280	308	0	308	rpc error: code = Unavailable desc = transport is closing
280	223	347	570	<nil>
280	234	335	569	<nil>
280	284	0	284	rpc error: code = Unavailable desc = transport is closing
280	237	333	570	<nil>
280	249	330	579	<nil>
280	228	346	574	<nil>
280	794	0	794	rpc error: code = Unavailable desc = transport is closing
280	225	344	569	<nil>
280	171	345	516	<nil>
280	208	355	563	<nil>
280	217	354	571	<nil>
280	217	353	570	<nil>
280	238	355	593	<nil>
280	239	353	592	<nil>
280	180	336	516	<nil>
280	239	324	563	<nil>
280	215	354	569	<nil>
280	304	0	304	rpc error: code = Unavailable desc = transport is closing
280	235	357	592	<nil>
280	309	0	309	rpc error: code = Unavailable desc = transport is closing
280	204	357	561	<nil>
280	249	333	582	<nil>
280	207	356	563	<nil>
280	226	336	562	<nil>
280	206	355	561	<nil>
280	186	337	523	<nil>
280	208	367	575	<nil>
280	219	343	562	<nil>
280	238	325	563	<nil>
280	244	360	604	<nil>
280	217	343	560	<nil>
280	240	335	575	<nil>
280	208	355	563	<nil>
280	238	334	572	<nil>
280	231	332	563	<nil>
280	234	366	600	<nil>
280	248	345	593	<nil>
280	216	358	574	<nil>
280	181	391	572	<nil>
280	160	1158	1318	<nil>
280	182	1161	1343	<nil>
280	174	1153	1327	<nil>
280	181	1160	1341	<nil>
280	170	1150	1320	<nil>
280	180	1166	1346	<nil>
280	165	1156	1321	<nil>
280	181	1173	1354	<nil>
280	184	1160	1344	<nil>
280	155	1178	1333	<nil>
280	167	1180	1347	<nil>
280	174	1166	1340	<nil>
280	173	1206	1379	<nil>
280	163	1225	1388	<nil>
280	147	1248	1395	<nil>
280	1165	1223	2388	<nil>
280	1151	1237	2388	<nil>
280	115	1240	1355	<nil>
280	160	1238	1398	<nil>
280	113	1241	1354	<nil>
280	128	1225	1353	<nil>
280	173	1226	1399	<nil>
280	158	1241	1399	<nil>
280	244	1085	1329	<nil>
280	232	1072	1304	<nil>
280	174	1155	1329	<nil>
280	110	1243	1353	<nil>
280	116	1238	1354	<nil>
280	129	1227	1356	<nil>
280	5732	1035	6767	<nil>
280	116	1240	1356	<nil>
280	385	0	385	rpc error: code = Unavailable desc = transport is closing
280	381	0	381	rpc error: code = Unavailable desc = transport is closing
280	342	1015	1357	<nil>
280	344	1017	1361	<nil>
280	351	1016	1367	<nil>
280	358	1011	1369	<nil>
280	398	967	1365	<nil>
280	399	973	1372	<nil>
280	402	970	1372	<nil>
280	403	969	1372	<nil>
280	370	974	1344	<nil>
280	402	970	1372	<nil>
280	403	997	1400	<nil>
280	405	997	1402	<nil>
280	380	1008	1388	<nil>
280	383	1005	1388	<nil>
280	384	1006	1390	<nil>
280	378	1011	1389	<nil>
280	386	1006	1392	<nil>
280	407	990	1397	<nil>
280	379	1013	1392	<nil>
280	371	1021	1392	<nil>
280	361	1008	1369	<nil>
280	454	965	1419	<nil>
280	441	978	1419	<nil>
280	375	1016	1391	<nil>
280	374	1017	1391	<nil>
280	400	992	1392	<nil>
280	428	992	1420	<nil>
280	370	1022	1392	<nil>
280	379	1014	1393	<nil>
280	384	1017	1401	<nil>
280	370	1028	1398	<nil>
280	384	1040	1424	<nil>
280	384	1053	1437	<nil>
280	377	1048	1425	<nil>
280	375	1071	1446	<nil>
280	332	1064	1396	<nil>
280	372	1071	1443	<nil>
280	426	1015	1441	<nil>
280	383	1059	1442	<nil>
280	377	1066	1443	<nil>
280	370	1059	1429	<nil>
280	369	1060	1429	<nil>
280	379	1066	1445	<nil>
280	370	1073	1443	<nil>
280	397	1050	1447	<nil>
280	17669	266	17935	<nil>
280	363	1042	1405	<nil>
280	1180	266	1446	<nil>
280	1181	266	1447	<nil>
280	379	1068	1447	<nil>
280	381	1066	1447	<nil>
280	1166	264	1430	<nil>
280	1178	293	1471	<nil>
280	388	1081	1469	<nil>
280	342	1072	1414	<nil>
280	431	1047	1478	<nil>
280	411	1045	1456	<nil>
280	383	1090	1473	<nil>
280	1175	301	1476	<nil>
280	407	1074	1481	<nil>
280	418	1061	1479	<nil>
280	1162	298	1460	<nil>
280	1168	298	1466	<nil>
280	1177	303	1480	<nil>
280	269	1078	1347	<nil>
280	386	1096	1482	<nil>
280	1179	299	1478	<nil>
280	412	1053	1465	<nil>
280	1165	299	1464	<nil>
280	383	1100	1483	<nil>
280	1265	239	1504	<nil>
280	415	1067	1482	<nil>
280	1167	299	1466	<nil>
280	387	1094	1481	<nil>
280	1183	299	1482	<nil>
280	1182	301	1483	<nil>
280	430	1054	1484	<nil>
280	1161	305	1466	<nil>
280	399	1078	1477	<nil>
280	1182	299	1481	<nil>
280	381	1100	1481	<nil>
280	405	1077	1482	<nil>
280	1184	300	1484	<nil>
280	1183	299	1482	<nil>
280	1182	301	1483	<nil>
280	387	1098	1485	<nil>
280	1176	305	1481	<nil>
280	1256	233	1489	<nil>
280	1256	232	1488	<nil>
280	1025	205	1230	<nil>
280	1163	233	1396	<nil>
280	1249	230	1479	<nil>
280	1065	234	1299	<nil>
280	1263	234	1497	<nil>
280	1182	314	1496	<nil>
280	1263	234	1497	<nil>
280	1042	188	1230	<nil>
280	1039	189	1228	<nil>
280	1041	188	1229	<nil>
280	1031	0	1031	rpc error: code = Unavailable desc = transport is closing
280	1024	0	1024	rpc error: code = Unavailable desc = transport is closing
280	1265	232	1497	<nil>
280	1040	201	1241	<nil>
280	1049	0	1049	rpc error: code = Unavailable desc = transport is closing
280	1040	194	1234	<nil>
280	405	1092	1497	<nil>
280	1035	0	1035	rpc error: code = Unavailable desc = transport is closing
280	1211	295	1506	<nil>
280	1050	0	1050	rpc error: code = Unavailable desc = transport is closing
280	1057	0	1057	rpc error: code = Unavailable desc = transport is closing
280	1043	0	1043	rpc error: code = Unavailable desc = transport is closing
280	1042	0	1042	rpc error: code = Unavailable desc = transport is closing
280	1042	0	1042	rpc error: code = Unavailable desc = transport is closing
280	1049	0	1049	rpc error: code = Unavailable desc = transport is closing
280	1042	194	1236	<nil>
280	1042	195	1237	<nil>
280	405	1078	1483	<nil>
280	1021	0	1021	rpc error: code = Unavailable desc = transport is closing
280	1028	0	1028	rpc error: code = Unavailable desc = transport is closing
280	1021	0	1021	rpc error: code = Unavailable desc = transport is closing
280	1020	0	1020	rpc error: code = Unavailable desc = transport is closing
280	1017	0	1017	rpc error: code = Unavailable desc = transport is closing
280	1019	0	1019	rpc error: code = Unavailable desc = transport is closing
280	1019	321	1340	<nil>
280	1021	318	1339	<nil>
280	1015	318	1333	<nil>
280	1015	319	1334	<nil>
280	1011	322	1333	<nil>
280	1011	323	1334	<nil>
280	994	320	1314	<nil>
280	1025	319	1344	<nil>
280	1047	0	1047	rpc error: code = Unavailable desc = transport is closing
280	1005	0	1005	rpc error: code = Unavailable desc = transport is closing
280	1015	328	1343	<nil>
280	1015	327	1342	<nil>
280	1043	284	1327	<nil>
280	1085	263	1348	<nil>
280	1094	257	1351	<nil>
280	1085	263	1348	<nil>
280	1109	255	1364	<nil>
280	1098	254	1352	<nil>
280	1097	255	1352	<nil>
280	1069	262	1331	<nil>
280	2087	262	2349	<nil>
280	1097	262	1359	<nil>
280	1118	260	1378	<nil>
280	1070	268	1338	<nil>
280	1096	270	1366	<nil>
280	1108	256	1364	<nil>
280	1096	268	1364	<nil>
280	1103	257	1360	<nil>
280	1097	267	1364	<nil>
280	1098	268	1366	<nil>
280	1098	261	1359	<nil>
280	1482	270	1752	<nil>
280	1096	278	1374	<nil>
280	1111	294	1405	<nil>
280	286	297	583	<nil>
280	1098	309	1407	<nil>
280	1121	297	1418	<nil>
280	1100	310	1410	<nil>
280	1098	312	1410	<nil>
280	267	297	564	<nil>
280	3226	308	3534	<nil>
280	1120	314	1434	<nil>
280	296	301	597	<nil>
280	224	318	542	<nil>
280	1097	325	1422	<nil>
280	223	317	540	<nil>
280	1628	309	1937	<nil>
280	1094	299	1393	<nil>
280	1070	324	1394	<nil>
280	1097	324	1421	<nil>
280	1117	308	1425	<nil>
280	2091	324	2415	<nil>
280	3468	320	3788	<nil>
280	1101	333	1434	<nil>
280	261	293	554	<nil>
280	1110	316	1426	<nil>
280	284	197	481	<nil>
280	354	21	375	<nil>
280	361	51	412	<nil>
280	1097	301	1398	<nil>
280	1110	316	1426	<nil>
280	400	20	420	<nil>
280	1111	312	1423	<nil>
280	385	15	400	<nil>
280	3449	306	3755	<nil>
280	384	13	397	<nil>
280	2046	327	2373	<nil>
280	162	9	171	<nil>
280	247	13	260	<nil>
280	3177	313	3490	<nil>
280	230	12	242	<nil>
280	1107	319	1426	<nil>
280	1312	330	1642	<nil>
280	1896	325	2221	<nil>
280	1107	317	1424	<nil>
280	1110	329	1439	<nil>
280	1113	311	1424	<nil>
280	1122	309	1431	<nil>
280	1074	327	1401	<nil>
280	302	324	626	<nil>
280	294	316	610	<nil>
280	165	5	170	<nil>
280	232	323	555	<nil>
280	234	322	556	<nil>
280	241	318	559	<nil>
280	248	6	254	<nil>
280	233	317	550	<nil>
280	232	313	545	<nil>
280	233	318	551	<nil>
280	234	319	553	<nil>
280	217	318	535	<nil>
280	234	322	556	<nil>
280	240	318	558	<nil>
280	233	318	551	<nil>
280	233	324	557	<nil>
280	224	318	542	<nil>
280	1121	320	1441	<nil>
280	233	324	557	<nil>
280	235	325	560	<nil>
280	1118	301	1419	<nil>
280	1119	304	1423	<nil>
280	3423	333	3756	<nil>
280	286	321	607	<nil>
280	1096	339	1435	<nil>
280	296	301	597	<nil>
280	1073	338	1411	<nil>
280	268	308	576	<nil>
280	324	194	518	<nil>
280	1096	333	1429	<nil>
280	286	139	425	<nil>
280	289	139	428	<nil>
280	284	194	478	<nil>
280	329	202	531	<nil>
280	283	194	477	<nil>
280	267	194	461	<nil>
280	295	131	426	<nil>
280	287	140	427	<nil>
280	262	194	456	<nil>
280	287	140	427	<nil>
280	284	193	477	<nil>
280	285	195	480	<nil>
280	318	132	450	<nil>
280	304	131	435	<nil>
280	264	140	404	<nil>
280	283	196	479	<nil>
280	321	209	530	<nil>
280	283	196	479	<nil>
280	285	197	482	<nil>
280	287	140	427	<nil>
280	322	202	524	<nil>
280	292	143	435	<nil>
280	329	207	536	<nil>
280	289	198	487	<nil>
280	301	198	499	<nil>
280	321	207	528	<nil>
280	328	205	533	<nil>
280	333	40	373	<nil>
280	317	81	398	<nil>
280	284	198	482	<nil>
280	1282	198	1480	<nil>
280	318	209	527	<nil>
280	5377	40	5417	<nil>
280	266	142	408	<nil>
280	383	19	402	<nil>
280	356	19	375	<nil>
280	333	41	374	<nil>
280	1274	199	1473	<nil>
280	284	198	482	<nil>
280	333	42	375	<nil>
280	287	147	434	<nil>
280	320	209	529	<nil>
280	390	7	397	<nil>
280	357	19	376	<nil>
280	396	9	405	<nil>
280	375	24	399	<nil>
280	285	200	485	<nil>
280	325	208	533	<nil>
280	288	145	433	<nil>
280	356	20	376	<nil>
280	317	86	403	<nil>
280	356	21	377	<nil>
280	315	86	401	<nil>
280	349	27	376	<nil>
280	356	23	379	<nil>
280	367	11	378	<nil>
280	5418	8	5426	<nil>
280	315	87	402	<nil>
280	371	6	377	<nil>
280	296	137	433	<nil>
280	5185	44	5229	<nil>
280	332	46	378	<nil>
280	371	5	376	<nil>
280	371	7	378	<nil>
280	356	22	378	<nil>
280	303	200	503	<nil>
280	261	302	563	<nil>
280	397	4	401	<nil>
280	383	21	404	<nil>
280	383	23	406	<nil>
280	356	23	379	<nil>
280	5402	21	5423	<nil>
280	372	6	378	<nil>
280	355	22	377	<nil>
280	368	16	384	<nil>
280	384	22	406	<nil>
280	234	309	543	<nil>
280	373	16	389	<nil>
280	380	13	393	<nil>
280	377	20	397	<nil>
280	2045	313	2358	<nil>
280	404	22	426	<nil>
280	376	22	398	<nil>
280	408	10	418	<nil>
280	374	25	399	<nil>
280	368	31	399	<nil>
280	377	22	399	<nil>
280	401	22	423	<nil>
280	376	23	399	<nil>
280	372	27	399	<nil>
280	285	202	487	<nil>
280	399	21	420	<nil>
280	385	13	398	<nil>
280	376	24	400	<nil>
280	379	20	399	<nil>
280	376	24	400	<nil>
280	376	24	400	<nil>
280	376	23	399	<nil>
280	369	32	401	<nil>
280	1633	309	1942	<nil>
280	376	24	400	<nil>
280	378	23	401	<nil>
280	157	5	162	<nil>
280	240	5	245	<nil>
280	1096	339	1435	<nil>
280	412	18	430	<nil>
280	293	308	601	<nil>
280	377	21	398	<nil>
280	162	9	171	<nil>
280	144	7	151	<nil>
280	111	8	119	<nil>
280	162	9	171	<nil>
280	163	8	171	<nil>
280	234	7	241	<nil>
280	111	7	118	<nil>
280	225	9	234	<nil>
280	140	12	152	<nil>
280	167	12	179	<nil>
280	139	12	151	<nil>
280	139	13	152	<nil>
280	422	16	438	<nil>
280	232	10	242	<nil>
280	225	10	235	<nil>
280	1087	314	1401	<nil>
280	227	13	240	<nil>
280	5438	11	5449	<nil>
280	1115	308	1423	<nil>
280	1072	330	1402	<nil>
280	248	14	262	<nil>
280	145	7	152	<nil>
280	144	8	152	<nil>
280	146	8	154	<nil>
280	247	14	261	<nil>
280	234	14	248	<nil>
280	218	14	232	<nil>
280	220	15	235	<nil>
280	170	11	181	<nil>
280	142	12	154	<nil>
280	124	1	125	<nil>
280	114	6	120	<nil>
280	119	2	121	<nil>
280	114	6	120	<nil>
280	263	0	263	<nil>
280	230	14	244	<nil>
280	230	6	236	<nil>
280	89	0	89	<nil>
280	293	314	607	<nil>
280	142	14	156	<nil>
280	232	322	554	<nil>
280	288	147	435	<nil>
280	232	15	247	<nil>
280	375	36	411	<nil>
280	118	2	120	<nil>
280	256	237	493	<nil>
280	399	11	410	<nil>
280	378	34	412	<nil>
280	285	196	481	<nil>
280	417	215	632	<nil>
280	5459	220	5679	<nil>
280	369	263	632	<nil>
280	369	673	1042	<nil>
280	362	605	967	<nil>
280	261	590	851	<nil>
280	322	0	322	rpc error: code = Unavailable desc = transport is closing
280	335	0	335	rpc error: code = Unavailable desc = transport is closing
280	1114	0	1114	rpc error: code = Unavailable desc = transport is closing
280	1059	0	1059	rpc error: code = Unavailable desc = transport is closing
280	1096	0	1096	rpc error: code = Unavailable desc = transport is closing
280	1094	0	1094	rpc error: code = Unavailable desc = transport is closing
280	1145	0	1145	rpc error: code = Unavailable desc = transport is closing
280	1050	0	1050	rpc error: code = Unavailable desc = transport is closing
280	1083	0	1083	rpc error: code = Unavailable desc = transport is closing
280	1078	0	1078	rpc error: code = Unavailable desc = transport is closing
280	1075	0	1075	rpc error: code = Unavailable desc = transport is closing
280	1104	0	1104	rpc error: code = Unavailable desc = transport is closing
280	1083	0	1083	rpc error: code = Unavailable desc = transport is closing
280	1093	0	1093	rpc error: code = Unavailable desc = transport is closing
280	1111	0	1111	rpc error: code = Unavailable desc = transport is closing
280	1105	0	1105	rpc error: code = Unavailable desc = transport is closing
280	1089	0	1089	rpc error: code = Unavailable desc = transport is closing
280	1074	0	1074	rpc error: code = Unavailable desc = transport is closing
280	1147	0	1147	rpc error: code = Unavailable desc = transport is closing
280	1074	0	1074	rpc error: code = Unavailable desc = transport is closing
280	888	0	888	rpc error: code = Unavailable desc = transport is closing
280	889	0	889	rpc error: code = Unavailable desc = transport is closing
280	889	0	889	rpc error: code = Unavailable desc = transport is closing
280	888	0	888	rpc error: code = Unavailable desc = transport is closing
280	888	0	888	rpc error: code = Unavailable desc = transport is closing
280	888	100	988	<nil>
280	888	101	989	<nil>
280	893	101	994	<nil>
280	888	101	989	<nil>
280	888	101	989	<nil>
280	888	0	888	rpc error: code = Unavailable desc = transport is closing
280	885	0	885	rpc error: code = Unavailable desc = transport is closing
280	865	0	865	rpc error: code = Unavailable desc = transport is closing
280	892	0	892	rpc error: code = Unavailable desc = transport is closing
280	801	0	801	rpc error: code = Unavailable desc = transport is closing
280	777	0	777	rpc error: code = Unavailable desc = transport is closing
280	6073	0	6073	rpc error: code = Unavailable desc = transport is closing
280	784	0	784	rpc error: code = Unavailable desc = transport is closing
280	802	0	802	rpc error: code = Unavailable desc = transport is closing
280	837	0	837	rpc error: code = Unavailable desc = transport is closing
280	777	0	777	rpc error: code = Unavailable desc = transport is closing
280	784	0	784	rpc error: code = Unavailable desc = transport is closing
280	780	0	780	rpc error: code = Unavailable desc = transport is closing
280	830	0	830	rpc error: code = Unavailable desc = transport is closing
280	785	0	785	rpc error: code = Unavailable desc = transport is closing
280	829	0	829	rpc error: code = Unavailable desc = transport is closing
280	788	0	788	rpc error: code = Unavailable desc = transport is closing
280	779	0	779	rpc error: code = Unavailable desc = transport is closing
280	831	0	831	rpc error: code = Unavailable desc = transport is closing
280	790	0	790	rpc error: code = Unavailable desc = transport is closing
280	830	0	830	rpc error: code = Unavailable desc = transport is closing
280	797	0	797	rpc error: code = Unavailable desc = transport is closing
280	815	0	815	rpc error: code = Unavailable desc = transport is closing
280	794	0	794	rpc error: code = Unavailable desc = transport is closing
280	804	0	804	rpc error: code = Unavailable desc = transport is closing
280	850	0	850	rpc error: code = Unavailable desc = transport is closing
280	796	0	796	rpc error: code = Unavailable desc = transport is closing
280	798	0	798	rpc error: code = Unavailable desc = transport is closing
280	6049	0	6049	rpc error: code = Unavailable desc = transport is closing
280	798	0	798	rpc error: code = Unavailable desc = transport is closing
280	802	0	802	rpc error: code = Unavailable desc = transport is closing
280	798	0	798	rpc error: code = Unavailable desc = transport is closing
280	801	0	801	rpc error: code = Unavailable desc = transport is closing
280	806	0	806	rpc error: code = Unavailable desc = transport is closing
280	804	0	804	rpc error: code = Unavailable desc = transport is closing
280	819	0	819	rpc error: code = Unavailable desc = transport is closing
280	799	0	799	rpc error: code = Unavailable desc = transport is closing
280	806	0	806	rpc error: code = Unavailable desc = transport is closing
280	810	0	810	rpc error: code = Unavailable desc = transport is closing
280	845	0	845	rpc error: code = Unavailable desc = transport is closing
280	801	0	801	rpc error: code = Unavailable desc = transport is closing
280	799	0	799	rpc error: code = Unavailable desc = transport is closing
280	800	0	800	rpc error: code = Unavailable desc = transport is closing
280	6292	0	6292	rpc error: code = Unavailable desc = transport is closing
280	826	0	826	rpc error: code = Unavailable desc = transport is closing
280	808	0	808	rpc error: code = Unavailable desc = transport is closing
280	843	0	843	rpc error: code = Unavailable desc = transport is closing
280	802	0	802	rpc error: code = Unavailable desc = transport is closing
280	806	0	806	rpc error: code = Unavailable desc = transport is closing
280	807	0	807	rpc error: code = Unavailable desc = transport is closing
280	804	0	804	rpc error: code = Unavailable desc = transport is closing
280	827	0	827	rpc error: code = Unavailable desc = transport is closing
280	871	60	931	<nil>
280	876	61	937	<nil>
280	870	60	930	<nil>
280	872	61	933	<nil>
280	883	53	936	<nil>
280	873	64	937	<nil>
280	851	53	904	<nil>
280	850	54	904	<nil>
280	880	55	935	<nil>
280	887	54	941	<nil>
280	852	56	908	<nil>
280	877	64	941	<nil>
280	888	55	943	<nil>
280	864	55	919	<nil>
280	856	52	908	<nil>
280	882	53	935	<nil>
280	891	56	947	<nil>
280	883	53	936	<nil>
280	882	54	936	<nil>
280	890	54	944	<nil>
280	872	64	936	<nil>
280	854	54	908	<nil>
280	851	54	905	<nil>
280	855	53	908	<nil>
280	869	54	923	<nil>
280	879	64	943	<nil>
280	844	64	908	<nil>
280	854	61	915	<nil>
280	880	56	936	<nil>
280	887	55	942	<nil>
280	845	64	909	<nil>
280	887	55	942	<nil>
280	850	53	903	<nil>
280	891	55	946	<nil>
280	843	60	903	<nil>
280	884	54	938	<nil>
280	857	53	910	<nil>
280	856	54	910	<nil>
280	885	55	940	<nil>
280	888	55	943	<nil>
280	857	53	910	<nil>
280	880	55	935	<nil>
280	893	52	945	<nil>
280	890	54	944	<nil>
280	888	53	941	<nil>
280	893	54	947	<nil>
280	887	53	940	<nil>
280	854	53	907	<nil>
280	862	53	915	<nil>
280	6159	53	6212	<nil>
280	891	53	944	<nil>
280	1589	53	1642	<nil>
280	897	52	949	<nil>
280	864	53	917	<nil>
280	906	44	950	<nil>
280	864	44	908	<nil>
280	864	45	909	<nil>
280	904	45	949	<nil>
280	899	44	943	<nil>
280	898	44	942	<nil>
280	1607	44	1651	<nil>
280	865	45	910	<nil>
280	5660	45	5705	<nil>
280	122	24	146	<nil>
280	99	15	114	<nil>
280	99	15	114	<nil>
280	98	15	113	<nil>
280	105	11	116	<nil>
280	99	15	114	<nil>
280	103	12	115	<nil>
280	103	12	115	<nil>
280	103	12	115	<nil>
280	103	12	115	<nil>
280	779	0	779	rpc error: code = Unavailable desc = transport is closing
280	103	13	116	<nil>
280	103	13	116	<nil>
280	103	17	120	<nil>
280	103	17	120	<nil>
280	102	18	120	<nil>
280	102	17	119	<nil>
280	102	18	120	<nil>
280	102	18	120	<nil>
280	67	13	80	<nil>
280	47	13	60	<nil>
280	103	18	121	<nil>
280	50	14	64	<nil>
280	39	14	53	<nil>
280	39	14	53	<nil>
280	39	14	53	<nil>
280	39	14	53	<nil>
280	38	15	53	<nil>
280	39	15	54	<nil>
280	39	15	54	<nil>
280	38	15	53	<nil>
280	30	1	31	<nil>
280	37	15	52	<nil>
280	32	0	32	<nil>
280	257	31	288	<nil>
280	170	25	195	<nil>
280	186	14	200	<nil>
280	180	23	203	<nil>
280	189	13	202	<nil>
280	171	16	187	<nil>
280	180	22	202	<nil>
280	175	22	197	<nil>
280	147	23	170	<nil>
280	164	23	187	<nil>
280	172	25	197	<nil>
280	179	23	202	<nil>
280	178	21	199	<nil>
280	162	21	183	<nil>
280	180	21	201	<nil>
280	180	22	202	<nil>
280	178	21	199	<nil>
280	157	18	175	<nil>
280	161	14	175	<nil>
280	184	16	200	<nil>
280	157	22	179	<nil>
280	166	16	182	<nil>
280	172	23	195	<nil>
280	179	23	202	<nil>
280	161	23	184	<nil>
280	181	23	204	<nil>
280	179	23	202	<nil>
280	153	22	175	<nil>
280	180	23	203	<nil>
280	165	23	188	<nil>
280	177	15	192	<nil>
280	181	12	193	<nil>
280	182	16	198	<nil>
280	189	13	202	<nil>
280	180	22	202	<nil>
280	184	14	198	<nil>
280	161	14	175	<nil>
280	174	20	194	<nil>
280	180	22	202	<nil>
280	186	14	200	<nil>
280	163	14	177	<nil>
280	196	20	216	<nil>
280	195	20	215	<nil>
280	195	20	215	<nil>
280	171	20	191	<nil>
280	190	21	211	<nil>
280	184	21	205	<nil>
280	184	21	205	<nil>
280	197	21	218	<nil>
280	173	28	201	<nil>
280	189	28	217	<nil>
280	180	25	205	<nil>
280	191	32	223	<nil>
280	186	14	200	<nil>
280	192	32	224	<nil>
280	178	32	210	<nil>
280	200	25	225	<nil>
280	171	36	207	<nil>
280	196	26	222	<nil>
280	180	72	252	<nil>
280	186	73	259	<nil>
280	183	112	295	<nil>
280	181	107	288	<nil>
280	184	108	292	<nil>
280	198	108	306	<nil>
280	195	106	301	<nil>
280	171	107	278	<nil>
280	198	108	306	<nil>
280	200	111	311	<nil>
280	188	136	324	<nil>
280	187	150	337	<nil>
280	191	133	324	<nil>
280	196	134	330	<nil>
280	1151	135	1286	<nil>
280	187	137	324	<nil>
280	1124	155	1279	<nil>
280	200	137	337	<nil>
280	171	149	320	<nil>
280	189	135	324	<nil>
280	188	144	332	<nil>
280	170	155	325	<nil>
280	197	137	334	<nil>
280	195	137	332	<nil>
280	2684	141	2825	<nil>
280	1145	141	1286	<nil>
280	300	39	339	<nil>
280	176	157	333	<nil>
280	184	156	340	<nil>
280	1151	135	1286	<nil>
280	2683	137	2820	<nil>
280	205	123	328	<nil>
280	203	139	342	<nil>
280	200	141	341	<nil>
280	1141	141	1282	<nil>
280	204	124	328	<nil>
280	200	142	342	<nil>
280	213	129	342	<nil>
280	217	125	342	<nil>
280	201	140	341	<nil>
280	195	147	342	<nil>
280	201	142	343	<nil>
280	1151	140	1291	<nil>
280	180	149	329	<nil>
280	197	141	338	<nil>
280	185	156	341	<nil>
280	197	148	345	<nil>
280	201	141	342	<nil>
280	203	141	344	<nil>
280	209	130	339	<nil>
280	201	141	342	<nil>
280	206	135	341	<nil>
280	178	156	334	<nil>
280	81	77	158	<nil>
280	202	145	347	<nil>
280	187	146	333	<nil>
280	201	147	348	<nil>
280	180	154	334	<nil>
280	55	114	169	<nil>
280	110	50	160	<nil>
280	199	149	348	<nil>
280	199	149	348	<nil>
280	218	131	349	<nil>
280	110	161	271	<nil>
280	129	146	275	<nil>
280	139	148	287	<nil>
280	142	145	287	<nil>
280	139	147	286	<nil>
280	121	146	267	<nil>
280	140	147	287	<nil>
280	169	97	266	<nil>
280	144	126	270	<nil>
280	170	109	279	<nil>
280	188	103	291	<nil>
280	143	147	290	<nil>
280	2818	145	2963	<nil>
280	145	146	291	<nil>
280	157	110	267	<nil>
280	121	148	269	<nil>
280	155	112	267	<nil>
280	161	136	297	<nil>
280	216	87	303	<nil>
280	142	149	291	<nil>
280	128	147	275	<nil>
280	145	146	291	<nil>
280	135	152	287	<nil>
280	142	145	287	<nil>
280	139	147	286	<nil>
280	217	86	303	<nil>
280	193	100	293	<nil>
280	204	94	298	<nil>
280	170	127	297	<nil>
280	170	127	297	<nil>
280	181	86	267	<nil>
280	217	80	297	<nil>
280	118	133	251	<nil>
280	108	133	241	<nil>
280	162	135	297	<nil>
280	164	133	297	<nil>
280	162	135	297	<nil>
280	159	138	297	<nil>
280	162	135	297	<nil>
280	154	105	259	<nil>
280	2850	120	2970	<nil>
280	139	127	266	<nil>
280	204	94	298	<nil>
280	152	118	270	<nil>
280	195	106	301	<nil>
280	180	118	298	<nil>
280	124	136	260	<nil>
280	180	118	298	<nil>
280	125	118	243	<nil>
280	147	120	267	<nil>
280	149	118	267	<nil>
280	133	120	253	<nil>
280	180	112	292	<nil>
280	216	95	311	<nil>
280	180	110	290	<nil>
280	150	58	208	<nil>
280	94	115	209	<nil>
280	245	73	318	<nil>
280	108	101	209	<nil>
280	123	102	225	<nil>
280	108	117	225	<nil>
280	108	140	248	<nil>
280	87	164	251	<nil>
280	126	154	280	<nil>
280	108	170	278	<nil>
280	217	170	387	<nil>
280	93	250	343	<nil>
280	159	157	316	<nil>
300	161	153	314	<nil>
300	149	171	320	<nil>
300	158	163	321	<nil>
300	149	170	319	<nil>
300	160	176	336	<nil>
300	215	108	323	<nil>
300	181	148	329	<nil>
300	165	151	316	<nil>
300	143	173	316	<nil>
300	177	153	330	<nil>
300	133	180	313	<nil>
300	155	176	331	<nil>
300	146	172	318	<nil>
300	155	175	330	<nil>
300	155	175	330	<nil>
300	96	132	228	<nil>
300	160	39	199	<nil>
300	226	100	326	<nil>
300	156	177	333	<nil>
300	178	28	206	<nil>
300	145	176	321	<nil>
300	190	136	326	<nil>
300	186	145	331	<nil>
300	183	120	303	<nil>
300	179	27	206	<nil>
300	209	123	332	<nil>
300	184	156	340	<nil>
300	175	146	321	<nil>
300	205	133	338	<nil>
300	202	124	326	<nil>
300	210	123	333	<nil>
300	182	108	290	<nil>
300	236	94	330	<nil>
300	185	138	323	<nil>
300	225	105	330	<nil>
300	178	149	327	<nil>
300	165	49	214	<nil>
300	175	150	325	<nil>
300	198	115	313	<nil>
300	175	26	201	<nil>
300	143	176	319	<nil>
300	211	132	343	<nil>
300	143	163	306	<nil>
300	162	49	211	<nil>
300	61	170	231	<nil>
300	203	14	217	<nil>
300	204	2	206	<nil>
300	158	173	331	<nil>
300	187	16	203	<nil>
300	156	175	331	<nil>
300	249	88	337	<nil>
300	158	184	342	<nil>
300	159	184	343	<nil>
300	175	26	201	<nil>
300	198	6	204	<nil>
300	221	106	327	<nil>
300	195	9	204	<nil>
300	186	146	332	<nil>
300	178	148	326	<nil>
300	212	121	333	<nil>
300	184	3	187	<nil>
300	233	93	326	<nil>
300	161	27	188	<nil>
300	148	4	152	<nil>
300	155	176	331	<nil>
300	218	3	221	<nil>
300	199	10	209	<nil>
300	205	2	207	<nil>
300	127	4	131	<nil>
300	58	6	64	<nil>
300	121	3	124	<nil>
300	224	2	226	<nil>
300	185	138	323	<nil>
300	210	3	213	<nil>
300	199	12	211	<nil>
300	189	18	207	<nil>
300	5307	131	5438	<nil>
300	63	9	72	<nil>
300	199	133	332	<nil>
300	195	19	214	<nil>
300	209	2	211	<nil>
300	197	16	213	<nil>
300	212	2	214	<nil>
300	48	10	58	<nil>
300	211	3	214	<nil>
300	201	28	229	<nil>
300	50	4	54	<nil>
300	178	27	205	<nil>
300	192	23	215	<nil>
300	210	6	216	<nil>
300	202	18	220	<nil>
300	206	11	217	<nil>
300	207	25	232	<nil>
300	227	6	233	<nil>
300	215	18	233	<nil>
300	215	4	219	<nil>
300	134	17	151	<nil>
300	211	6	217	<nil>
300	203	16	219	<nil>
300	159	19	178	<nil>
300	213	6	219	<nil>
300	126	21	147	<nil>
300	114	19	133	<nil>
300	195	25	220	<nil>
300	56	3	59	<nil>
300	204	19	223	<nil>
300	201	52	253	<nil>
300	220	33	253	<nil>
300	200	62	262	<nil>
300	201	62	263	<nil>
300	224	393	617	<nil>
300	203	414	617	<nil>
300	124	394	518	<nil>
300	220	394	614	<nil>
300	166	393	559	<nil>
300	676	22	698	<nil>
300	198	498	696	<nil>
300	200	497	697	<nil>
300	484	14	498	<nil>
300	474	11	485	<nil>
300	475	12	487	<nil>
300	471	12	483	<nil>
300	472	12	484	<nil>
300	210	498	708	<nil>
300	474	12	486	<nil>
300	91	495	586	<nil>
300	473	11	484	<nil>
300	473	13	486	<nil>
300	475	12	487	<nil>
300	474	13	487	<nil>
300	476	13	489	<nil>
300	475	14	489	<nil>
300	682	14	696	<nil>
300	201	496	697	<nil>
300	472	12	484	<nil>
300	475	11	486	<nil>
300	488	11	499	<nil>
300	479	16	495	<nil>
300	472	12	484	<nil>
300	481	14	495	<nil>
300	475	16	491	<nil>
300	494	10	504	<nil>
300	489	10	499	<nil>
300	474	16	490	<nil>
300	443	16	459	<nil>
300	478	16	494	<nil>
300	489	10	499	<nil>
300	486	14	500	<nil>
300	482	17	499	<nil>
300	488	10	498	<nil>
300	484	14	498	<nil>
300	474	16	490	<nil>
300	489	10	499	<nil>
300	501	17	518	<nil>
300	478	14	492	<nil>
300	474	17	491	<nil>
300	481	10	491	<nil>
300	482	17	499	<nil>
300	482	14	496	<nil>
300	476	10	486	<nil>
300	73	11	84	<nil>
300	485	14	499	<nil>
300	488	36	524	<nil>
300	501	37	538	<nil>
300	478	68	546	<nil>
300	488	68	556	<nil>
300	488	69	557	<nil>
300	506	68	574	<nil>
300	489	68	557	<nil>
300	489	69	558	<nil>
300	487	79	566	<nil>
300	488	79	567	<nil>
300	510	79	589	<nil>
300	491	78	569	<nil>
300	499	70	569	<nil>
300	501	70	571	<nil>
300	488	71	559	<nil>
300	499	70	569	<nil>
300	499	70	569	<nil>
300	498	72	570	<nil>
300	1277	70	1347	<nil>
300	499	71	570	<nil>
300	498	72	570	<nil>
300	491	82	573	<nil>
300	500	73	573	<nil>
300	500	73	573	<nil>
300	488	71	559	<nil>
300	487	83	570	<nil>
300	527	70	597	<nil>
300	501	70	571	<nil>
300	477	83	560	<nil>
300	497	72	569	<nil>
300	490	83	573	<nil>
300	1199	83	1282	<nil>
300	488	71	559	<nil>
300	489	83	572	<nil>
300	497	72	569	<nil>
300	86	70	156	<nil>
300	499	75	574	<nil>
300	73	77	150	<nil>
300	497	77	574	<nil>
300	500	117	617	<nil>
300	485	125	610	<nil>
300	2571	121	2692	<nil>
300	505	123	628	<nil>
300	500	125	625	<nil>
300	61	69	130	<nil>
300	1215	119	1334	<nil>
300	484	127	611	<nil>
300	1208	130	1338	<nil>
300	80	125	205	<nil>
300	92	124	216	<nil>
300	64	67	131	<nil>
300	78	126	204	<nil>
300	1210	127	1337	<nil>
300	79	125	204	<nil>
300	498	127	625	<nil>
300	494	128	622	<nil>
300	484	126	610	<nil>
300	487	125	612	<nil>
300	486	124	610	<nil>
300	62	69	131	<nil>
300	496	126	622	<nil>
300	499	123	622	<nil>
300	1211	124	1335	<nil>
300	64	59	123	<nil>
300	484	127	611	<nil>
300	1213	125	1338	<nil>
300	497	127	624	<nil>
300	498	125	623	<nil>
300	89	127	216	<nil>
300	487	125	612	<nil>
300	1213	125	1338	<nil>
300	66	66	132	<nil>
300	68	64	132	<nil>
300	66	66	132	<nil>
300	68	64	132	<nil>
300	65	66	131	<nil>
300	67	64	131	<nil>
300	65	67	132	<nil>
300	65	67	132	<nil>
300	68	109	177	<nil>
300	68	110	178	<nil>
300	74	112	186	<nil>
300	67	121	188	<nil>
300	71	135	206	<nil>
300	68	137	205	<nil>
300	68	141	209	<nil>
300	68	141	209	<nil>
300	69	142	211	<nil>
300	69	141	210	<nil>
300	68	141	209	<nil>
300	67	142	209	<nil>
300	86	137	223	<nil>
300	86	138	224	<nil>
300	83	141	224	<nil>
300	100	126	226	<nil>
300	87	140	227	<nil>
300	86	141	227	<nil>
300	504	0	504	rpc error: code = Unavailable desc = transport is closing
300	85	171	256	<nil>
300	40	173	213	<nil>
300	85	176	261	<nil>
300	85	140	225	<nil>
300	35	175	210	<nil>
300	83	176	259	<nil>
300	108	152	260	<nil>
300	27	182	209	<nil>
300	484	0	484	rpc error: code = Unavailable desc = transport is closing
300	86	175	261	<nil>
300	83	178	261	<nil>
300	106	155	261	<nil>
300	78	182	260	<nil>
300	70	174	244	<nil>
300	83	176	259	<nil>
300	121	65	186	<nil>
300	26	177	203	<nil>
300	1120	64	1184	<nil>
300	87	175	262	<nil>
300	86	176	262	<nil>
300	36	150	186	<nil>
300	58	133	191	<nil>
300	27	182	209	<nil>
300	37	158	195	<nil>
300	56	134	190	<nil>
300	129	61	190	<nil>
300	48	142	190	<nil>
300	55	142	197	<nil>
300	57	133	190	<nil>
300	132	65	197	<nil>
300	22	186	208	<nil>
300	131	60	191	<nil>
300	27	182	209	<nil>
300	131	59	190	<nil>
300	55	143	198	<nil>
300	26	183	209	<nil>
300	78	148	226	<nil>
300	130	66	196	<nil>
300	131	59	190	<nil>
300	486	0	486	rpc error: code = Unavailable desc = transport is closing
300	130	60	190	<nil>
300	19	178	197	<nil>
300	129	60	189	<nil>
300	132	58	190	<nil>
300	57	134	191	<nil>
300	1211	0	1211	rpc error: code = Unavailable desc = transport is closing
300	502	0	502	rpc error: code = Unavailable desc = transport is closing
300	130	62	192	<nil>
300	131	61	192	<nil>
300	133	60	193	<nil>
300	131	61	192	<nil>
300	121	63	184	<nil>
300	85	175	260	<nil>
300	85	171	256	<nil>
300	133	62	195	<nil>
300	131	65	196	<nil>
300	56	133	189	<nil>
300	88	173	261	<nil>
300	133	65	198	<nil>
300	133	66	199	<nil>
300	100	52	152	<nil>
300	101	52	153	<nil>
300	98	55	153	<nil>
300	99	54	153	<nil>
300	131	14	145	<nil>
300	137	14	151	<nil>
300	101	54	155	<nil>
300	134	17	151	<nil>
300	130	15	145	<nil>
300	137	15	152	<nil>
300	133	19	152	<nil>
300	137	16	153	<nil>
300	136	16	152	<nil>
300	137	16	153	<nil>
300	137	16	153	<nil>
300	136	17	153	<nil>
300	136	17	153	<nil>
300	136	18	154	<nil>
300	135	19	154	<nil>
300	131	19	150	<nil>
300	136	45	181	<nil>
300	131	106	237	<nil>
300	129	107	236	<nil>
300	135	107	242	<nil>
300	136	113	249	<nil>
300	137	113	250	<nil>
300	139	179	318	<nil>
300	135	216	351	<nil>
300	858	0	858	rpc error: code = Unavailable desc = transport is closing
300	879	0	879	rpc error: code = Unavailable desc = transport is closing
300	869	0	869	rpc error: code = Unavailable desc = transport is closing
300	876	0	876	rpc error: code = Unavailable desc = transport is closing
300	869	0	869	rpc error: code = Unavailable desc = transport is closing
300	872	0	872	rpc error: code = Unavailable desc = transport is closing
300	841	0	841	rpc error: code = Unavailable desc = transport is closing
300	855	0	855	rpc error: code = Unavailable desc = transport is closing
300	871	0	871	rpc error: code = Unavailable desc = transport is closing
300	848	0	848	rpc error: code = Unavailable desc = transport is closing
300	885	0	885	rpc error: code = Unavailable desc = transport is closing
300	888	0	888	rpc error: code = Unavailable desc = transport is closing
300	624	0	624	rpc error: code = Unavailable desc = transport is closing
300	880	0	880	rpc error: code = Unavailable desc = transport is closing
300	135	252	387	<nil>
300	131	251	382	<nil>
300	883	0	883	rpc error: code = Unavailable desc = transport is closing
300	896	0	896	rpc error: code = Unavailable desc = transport is closing
300	892	0	892	rpc error: code = Unavailable desc = transport is closing
300	890	0	890	rpc error: code = Unavailable desc = transport is closing
300	897	0	897	rpc error: code = Unavailable desc = transport is closing
300	882	0	882	rpc error: code = Unavailable desc = transport is closing
300	883	0	883	rpc error: code = Unavailable desc = transport is closing
300	854	0	854	rpc error: code = Unavailable desc = transport is closing
300	850	0	850	rpc error: code = Unavailable desc = transport is closing
300	857	0	857	rpc error: code = Unavailable desc = transport is closing
300	901	0	901	rpc error: code = Unavailable desc = transport is closing
300	898	0	898	rpc error: code = Unavailable desc = transport is closing
300	907	0	907	rpc error: code = Unavailable desc = transport is closing
300	888	0	888	rpc error: code = Unavailable desc = transport is closing
300	883	0	883	rpc error: code = Unavailable desc = transport is closing
300	899	0	899	rpc error: code = Unavailable desc = transport is closing
300	85	254	339	<nil>
300	884	0	884	rpc error: code = Unavailable desc = transport is closing
300	84	255	339	<nil>
300	84	254	338	<nil>
300	882	0	882	rpc error: code = Unavailable desc = transport is closing
300	2837	254	3091	<nil>
300	54	256	310	<nil>
300	876	0	876	rpc error: code = Unavailable desc = transport is closing
300	851	0	851	rpc error: code = Unavailable desc = transport is closing
300	1119	255	1374	<nil>
300	82	256	338	<nil>
300	84	258	342	<nil>
300	55	254	309	<nil>
300	83	256	339	<nil>
300	85	254	339	<nil>
300	907	0	907	rpc error: code = Unavailable desc = transport is closing
300	864	0	864	rpc error: code = Unavailable desc = transport is closing
300	136	255	391	<nil>
300	869	0	869	rpc error: code = Unavailable desc = transport is closing
300	79	257	336	<nil>
300	84	258	342	<nil>
300	215	49	264	<nil>
300	58	257	315	<nil>
300	42	255	297	<nil>
300	219	49	268	<nil>
300	841	0	841	rpc error: code = Unavailable desc = transport is closing
300	879	0	879	rpc error: code = Unavailable desc = transport is closing
300	50	255	305	<nil>
300	41	256	297	<nil>
300	210	67	277	<nil>
300	49	255	304	<nil>
300	48	256	304	<nil>
300	50	256	306	<nil>
300	98	0	98	rpc error: code = Unavailable desc = transport is closing
300	810	0	810	rpc error: code = Unavailable desc = transport is closing
300	155	0	155	rpc error: code = Unavailable desc = transport is closing
300	50	256	306	<nil>
300	202	46	248	<nil>
300	854	0	854	rpc error: code = Unavailable desc = transport is closing
300	83	259	342	<nil>
300	206	49	255	<nil>
300	203	48	251	<nil>
300	136	259	395	<nil>
300	195	49	244	<nil>
300	879	0	879	rpc error: code = Unavailable desc = transport is closing
300	218	61	279	<nil>
300	839	0	839	rpc error: code = Unavailable desc = transport is closing
300	844	0	844	rpc error: code = Unavailable desc = transport is closing
300	44	256	300	<nil>
300	844	0	844	rpc error: code = Unavailable desc = transport is closing
300	853	0	853	rpc error: code = Unavailable desc = transport is closing
300	835	0	835	rpc error: code = Unavailable desc = transport is closing
300	841	0	841	rpc error: code = Unavailable desc = transport is closing
300	841	0	841	rpc error: code = Unavailable desc = transport is closing
300	838	0	838	rpc error: code = Unavailable desc = transport is closing
300	803	0	803	rpc error: code = Unavailable desc = transport is closing
300	878	0	878	rpc error: code = Unavailable desc = transport is closing
300	840	0	840	rpc error: code = Unavailable desc = transport is closing
300	853	0	853	rpc error: code = Unavailable desc = transport is closing
300	809	0	809	rpc error: code = Unavailable desc = transport is closing
300	246	44	290	<nil>
300	228	68	296	<nil>
300	246	44	290	<nil>
300	218	69	287	<nil>
300	235	44	279	<nil>
300	50	255	305	<nil>
300	55	259	314	<nil>
300	236	47	283	<nil>
300	843	0	843	rpc error: code = Unavailable desc = transport is closing
300	6080	0	6080	rpc error: code = Unavailable desc = transport is closing
300	822	0	822	rpc error: code = Unavailable desc = transport is closing
300	233	68	301	<nil>
300	42	255	297	<nil>
300	838	0	838	rpc error: code = Unavailable desc = transport is closing
300	848	0	848	rpc error: code = Unavailable desc = transport is closing
300	841	0	841	rpc error: code = Unavailable desc = transport is closing
300	866	0	866	rpc error: code = Unavailable desc = transport is closing
300	853	0	853	rpc error: code = Unavailable desc = transport is closing
300	837	0	837	rpc error: code = Unavailable desc = transport is closing
300	856	0	856	rpc error: code = Unavailable desc = transport is closing
300	868	0	868	rpc error: code = Unavailable desc = transport is closing
300	640	0	640	rpc error: code = Unavailable desc = transport is closing
300	845	0	845	rpc error: code = Unavailable desc = transport is closing
300	841	0	841	rpc error: code = Unavailable desc = transport is closing
300	868	0	868	rpc error: code = Unavailable desc = transport is closing
300	865	0	865	rpc error: code = Unavailable desc = transport is closing
300	842	0	842	rpc error: code = Unavailable desc = transport is closing
300	848	0	848	rpc error: code = Unavailable desc = transport is closing
300	845	0	845	rpc error: code = Unavailable desc = transport is closing
300	844	0	844	rpc error: code = Unavailable desc = transport is closing
300	122	0	122	rpc error: code = Unavailable desc = transport is closing
300	842	0	842	rpc error: code = Unavailable desc = transport is closing
300	842	0	842	rpc error: code = Unavailable desc = transport is closing
300	281	239	520	<nil>
300	285	237	522	<nil>
300	284	238	522	<nil>
300	283	240	523	<nil>
300	289	237	526	<nil>
300	280	236	516	<nil>
300	288	238	526	<nil>
300	295	238	533	<nil>
300	279	237	516	<nil>
300	276	238	514	<nil>
300	279	238	517	<nil>
300	282	237	519	<nil>
300	289	237	526	<nil>
300	292	236	528	<nil>
300	295	236	531	<nil>
300	283	239	522	<nil>
300	288	240	528	<nil>
300	297	240	537	<nil>
300	297	241	538	<nil>
300	286	238	524	<nil>
300	288	245	533	<nil>
300	282	240	522	<nil>
300	284	239	523	<nil>
300	3136	240	3376	<nil>
300	288	243	531	<nil>
300	844	0	844	rpc error: code = Unavailable desc = transport is closing
300	878	0	878	rpc error: code = Unavailable desc = transport is closing
300	842	0	842	rpc error: code = Unavailable desc = transport is closing
300	847	0	847	rpc error: code = Unavailable desc = transport is closing
300	843	0	843	rpc error: code = Unavailable desc = transport is closing
300	845	0	845	rpc error: code = Unavailable desc = transport is closing
300	5789	280	6069	<nil>
300	297	305	602	<nil>
300	297	287	584	<nil>
300	285	301	586	<nil>
300	120	0	120	rpc error: code = Unavailable desc = transport is closing
300	287	306	593	<nil>
300	304	290	594	<nil>
300	305	291	596	<nil>
300	305	291	596	<nil>
300	304	290	594	<nil>
300	3151	292	3443	<nil>
300	282	311	593	<nil>
300	189	0	189	rpc error: code = Unavailable desc = transport is closing
300	172	0	172	rpc error: code = Unavailable desc = transport is closing
300	194	0	194	rpc error: code = Unavailable desc = transport is closing
300	1125	0	1125	rpc error: code = Unavailable desc = transport is closing
300	171	0	171	rpc error: code = Unavailable desc = transport is closing
300	186	0	186	rpc error: code = Unavailable desc = transport is closing
300	170	0	170	rpc error: code = Unavailable desc = transport is closing
300	177	0	177	rpc error: code = Unavailable desc = transport is closing
300	170	0	170	rpc error: code = Unavailable desc = transport is closing
300	184	0	184	rpc error: code = Unavailable desc = transport is closing
300	182	0	182	rpc error: code = Unavailable desc = transport is closing
300	355	246	601	<nil>
300	303	295	598	<nil>
300	299	295	594	<nil>
300	207	295	502	<nil>
300	309	295	604	<nil>
300	305	295	600	<nil>
300	320	275	595	<nil>
300	310	296	606	<nil>
300	306	286	592	<nil>
300	305	295	600	<nil>
300	186	0	186	rpc error: code = Unavailable desc = transport is closing
300	178	0	178	rpc error: code = Unavailable desc = transport is closing
300	175	0	175	rpc error: code = Unavailable desc = transport is closing
300	299	304	603	<nil>
300	177	0	177	rpc error: code = Unavailable desc = transport is closing
300	195	0	195	rpc error: code = Unavailable desc = transport is closing
300	194	0	194	rpc error: code = Unavailable desc = transport is closing
300	200	0	200	rpc error: code = Unavailable desc = transport is closing
300	185	0	185	rpc error: code = Unavailable desc = transport is closing
300	297	473	770	<nil>
300	200	0	200	rpc error: code = Unavailable desc = transport is closing
300	187	0	187	rpc error: code = Unavailable desc = transport is closing
300	376	419	795	<nil>
300	315	465	780	<nil>
300	296	512	808	<nil>
300	1162	0	1162	rpc error: code = Unavailable desc = transport is closing
300	176	506	682	<nil>
300	838	0	838	rpc error: code = Unavailable desc = transport is closing
300	305	553	858	<nil>
300	304	553	857	<nil>
300	324	536	860	<nil>
300	234	0	234	rpc error: code = Unavailable desc = transport is closing
300	305	563	868	<nil>
300	841	0	841	rpc error: code = Unavailable desc = transport is closing
300	305	573	878	<nil>
300	379	491	870	<nil>
300	374	494	868	<nil>
300	305	563	868	<nil>
300	337	533	870	<nil>
300	320	557	877	<nil>
300	306	565	871	<nil>
300	294	574	868	<nil>
300	162	498	660	<nil>
300	306	565	871	<nil>
300	277	357	634	<nil>
300	158	503	661	<nil>
300	156	505	661	<nil>
300	163	497	660	<nil>
300	1146	555	1701	<nil>
300	284	376	660	<nil>
300	306	577	883	<nil>
300	305	582	887	<nil>
300	286	363	649	<nil>
300	305	579	884	<nil>
300	306	582	888	<nil>
300	294	0	294	rpc error: code = Unavailable desc = transport is closing
300	834	0	834	rpc error: code = Unavailable desc = transport is closing
300	299	0	299	rpc error: code = Unavailable desc = transport is closing
300	158	514	672	<nil>
300	1233	409	1642	<nil>
300	213	563	776	<nil>
300	201	0	201	rpc error: code = Unavailable desc = transport is closing
300	273	363	636	<nil>
300	161	498	659	<nil>
300	2683	0	2683	rpc error: code = Unavailable desc = transport is closing
300	99	576	675	<nil>
300	280	369	649	<nil>
300	1282	369	1651	<nil>
300	1289	363	1652	<nil>
300	162	511	673	<nil>
300	315	560	875	<nil>
300	322	561	883	<nil>
300	328	556	884	<nil>
300	836	0	836	rpc error: code = Unavailable desc = transport is closing
300	292	377	669	<nil>
300	326	485	811	<nil>
300	329	0	329	rpc error: code = Unavailable desc = transport is closing
300	317	484	801	<nil>
300	344	0	344	rpc error: code = Unavailable desc = transport is closing
300	336	0	336	rpc error: code = Unavailable desc = transport is closing
300	839	0	839	rpc error: code = Unavailable desc = transport is closing
300	855	0	855	rpc error: code = Unavailable desc = transport is closing
300	878	0	878	rpc error: code = Unavailable desc = transport is closing
300	855	0	855	rpc error: code = Unavailable desc = transport is closing
300	841	0	841	rpc error: code = Unavailable desc = transport is closing
300	838	0	838	rpc error: code = Unavailable desc = transport is closing
300	876	0	876	rpc error: code = Unavailable desc = transport is closing
300	841	0	841	rpc error: code = Unavailable desc = transport is closing
300	302	468	770	<nil>
300	341	469	810	<nil>
300	377	436	813	<nil>
300	558	0	558	rpc error: code = Unavailable desc = transport is closing
300	381	445	826	<nil>
300	378	431	809	<nil>
300	381	438	819	<nil>
300	353	462	815	<nil>
300	373	446	819	<nil>
300	347	444	791	<nil>
300	351	466	817	<nil>
300	375	445	820	<nil>
300	380	438	818	<nil>
300	381	437	818	<nil>
300	381	434	815	<nil>
300	574	0	574	rpc error: code = Unavailable desc = transport is closing
300	551	0	551	rpc error: code = Unavailable desc = transport is closing
300	380	435	815	<nil>
300	580	244	824	<nil>
300	340	444	784	<nil>
300	379	445	824	<nil>
300	16578	445	17023	<nil>
300	592	0	592	rpc error: code = Unavailable desc = transport is closing
300	380	446	826	<nil>
300	379	446	825	<nil>
300	347	446	793	<nil>
300	353	445	798	<nil>
300	326	466	792	<nil>
300	380	445	825	<nil>
300	593	371	964	<nil>
300	551	371	922	<nil>
300	592	372	964	<nil>
300	556	0	556	rpc error: code = Unavailable desc = transport is closing
300	550	371	921	<nil>
300	549	371	920	<nil>
300	599	0	599	rpc error: code = Unavailable desc = transport is closing
300	561	0	561	rpc error: code = Unavailable desc = transport is closing
300	592	0	592	rpc error: code = Unavailable desc = transport is closing
300	526	0	526	rpc error: code = Unavailable desc = transport is closing
300	557	0	557	rpc error: code = Unavailable desc = transport is closing
300	611	0	611	rpc error: code = Unavailable desc = transport is closing
300	560	0	560	rpc error: code = Unavailable desc = transport is closing
300	561	0	561	rpc error: code = Unavailable desc = transport is closing
300	615	0	615	rpc error: code = Unavailable desc = transport is closing
300	658	0	658	rpc error: code = Unavailable desc = transport is closing
300	623	0	623	rpc error: code = Unavailable desc = transport is closing
300	647	0	647	rpc error: code = Unavailable desc = transport is closing
300	615	0	615	rpc error: code = Unavailable desc = transport is closing
300	609	0	609	rpc error: code = Unavailable desc = transport is closing
300	614	0	614	rpc error: code = Unavailable desc = transport is closing
300	805	0	805	rpc error: code = Unavailable desc = transport is closing
300	547	0	547	rpc error: code = Unavailable desc = transport is closing
300	623	0	623	rpc error: code = Unavailable desc = transport is closing
300	622	0	622	rpc error: code = Unavailable desc = transport is closing
300	612	0	612	rpc error: code = Unavailable desc = transport is closing
300	654	0	654	rpc error: code = Unavailable desc = transport is closing
300	657	0	657	rpc error: code = Unavailable desc = transport is closing
300	636	0	636	rpc error: code = Unavailable desc = transport is closing
300	632	0	632	rpc error: code = Unavailable desc = transport is closing
300	637	0	637	rpc error: code = Unavailable desc = transport is closing
300	527	0	527	rpc error: code = Unavailable desc = transport is closing
300	669	0	669	rpc error: code = Unavailable desc = transport is closing
300	611	0	611	rpc error: code = Unavailable desc = transport is closing
300	610	0	610	rpc error: code = Unavailable desc = transport is closing
300	633	0	633	rpc error: code = Unavailable desc = transport is closing
300	526	0	526	rpc error: code = Unavailable desc = transport is closing
300	614	0	614	rpc error: code = Unavailable desc = transport is closing
300	604	0	604	rpc error: code = Unavailable desc = transport is closing
300	657	0	657	rpc error: code = Unavailable desc = transport is closing
300	638	0	638	rpc error: code = Unavailable desc = transport is closing
300	646	0	646	rpc error: code = Unavailable desc = transport is closing
300	655	0	655	rpc error: code = Unavailable desc = transport is closing
300	503	0	503	rpc error: code = Unavailable desc = transport is closing
300	657	0	657	rpc error: code = Unavailable desc = transport is closing
300	655	0	655	rpc error: code = Unavailable desc = transport is closing
300	641	381	1022	<nil>
300	613	409	1022	<nil>
300	616	398	1014	<nil>
300	656	409	1065	<nil>
300	626	398	1024	<nil>
300	615	409	1024	<nil>
300	691	375	1066	<nil>
300	685	382	1067	<nil>
300	611	410	1021	<nil>
300	625	400	1025	<nil>
300	616	399	1015	<nil>
300	500	355	855	<nil>
300	664	354	1018	<nil>
300	718	350	1068	<nil>
300	634	380	1014	<nil>
300	604	411	1015	<nil>
300	458	354	812	<nil>
300	622	398	1020	<nil>
300	645	374	1019	<nil>
300	672	354	1026	<nil>
300	4934	361	5295	<nil>
300	646	380	1026	<nil>
300	629	398	1027	<nil>
300	676	353	1029	<nil>
300	615	410	1025	<nil>
300	430	373	803	<nil>
300	664	354	1018	<nil>
300	615	410	1025	<nil>
300	652	374	1026	<nil>
300	654	369	1023	<nil>
300	436	368	804	<nil>
300	442	361	803	<nil>
300	442	361	803	<nil>
300	516	333	849	<nil>
300	505	330	835	<nil>
300	504	331	835	<nil>
300	504	331	835	<nil>
300	519	331	850	<nil>
300	507	319	826	<nil>
300	512	306	818	<nil>
300	516	310	826	<nil>
300	506	313	819	<nil>
300	514	309	823	<nil>
300	564	239	803	<nil>
300	514	272	786	<nil>
300	537	267	804	<nil>
300	583	240	823	<nil>
300	556	264	820	<nil>
300	516	314	830	<nil>
300	585	239	824	<nil>
300	540	283	823	<nil>
300	536	267	803	<nil>
300	494	310	804	<nil>
300	549	240	789	<nil>
300	504	325	829	<nil>
300	520	268	788	<nil>
300	515	312	827	<nil>
300	521	310	831	<nil>
300	550	240	790	<nil>
300	522	283	805	<nil>
300	521	309	830	<nil>
300	500	310	810	<nil>
300	563	242	805	<nil>
300	582	227	809	<nil>
300	513	319	832	<nil>
300	553	275	828	<nil>
300	521	309	830	<nil>
300	564	241	805	<nil>
300	529	273	802	<nil>
300	537	267	804	<nil>
300	542	267	809	<nil>
300	564	240	804	<nil>
300	578	268	846	<nil>
300	434	251	685	<nil>
300	1417	246	1663	<nil>
300	439	245	684	<nil>
300	417	251	668	<nil>
300	591	251	842	<nil>
300	407	246	653	<nil>
300	563	268	831	<nil>
300	585	257	842	<nil>
300	423	246	669	<nil>
300	1998	247	2245	<nil>
300	1572	247	1819	<nil>
300	367	241	608	<nil>
300	403	246	649	<nil>
300	396	246	642	<nil>
300	598	247	845	<nil>
300	600	246	846	<nil>
300	400	246	646	<nil>
300	591	254	845	<nil>
300	434	250	684	<nil>
300	594	251	845	<nil>
300	401	244	645	<nil>
300	594	251	845	<nil>
300	435	237	672	<nil>
300	429	242	671	<nil>
300	438	235	673	<nil>
300	431	242	673	<nil>
300	432	243	675	<nil>
300	421	224	645	<nil>
300	421	228	649	<nil>
300	420	228	648	<nil>
300	456	227	683	<nil>
300	456	198	654	<nil>
300	1387	199	1586	<nil>
300	422	227	649	<nil>
300	422	227	649	<nil>
300	456	227	683	<nil>
300	422	227	649	<nil>
300	420	228	648	<nil>
300	461	192	653	<nil>
300	456	192	648	<nil>
300	440	228	668	<nil>
300	397	228	625	<nil>
300	403	228	631	<nil>
300	438	228	666	<nil>
300	442	206	648	<nil>
300	421	227	648	<nil>
300	456	228	684	<nil>
300	420	228	648	<nil>
300	462	199	661	<nil>
300	421	227	648	<nil>
300	457	200	657	<nil>
300	457	200	657	<nil>
300	480	206	686	<nil>
300	421	227	648	<nil>
300	357	242	599	<nil>
300	339	242	581	<nil>
300	357	242	599	<nil>
300	358	244	602	<nil>
300	314	245	559	<nil>
300	354	229	583	<nil>
300	5424	228	5652	<nil>
300	381	243	624	<nil>
300	1327	245	1572	<nil>
300	349	243	592	<nil>
300	349	245	594	<nil>
300	379	246	625	<nil>
300	347	246	593	<nil>
300	358	228	586	<nil>
300	380	245	625	<nil>
300	289	246	535	<nil>
300	341	246	587	<nil>
300	289	245	534	<nil>
300	354	232	586	<nil>
300	356	234	590	<nil>
300	340	246	586	<nil>
300	341	245	586	<nil>
300	310	248	558	<nil>
300	356	231	587	<nil>
300	400	248	648	<nil>
300	371	240	611	<nil>
300	297	244	541	<nil>
300	403	249	652	<nil>
300	364	197	561	<nil>
300	402	249	651	<nil>
300	314	246	560	<nil>
300	402	247	649	<nil>
300	363	250	613	<nil>
300	376	250	626	<nil>
300	1349	250	1599	<nil>
300	292	269	561	<nil>
300	274	218	492	<nil>
300	363	249	612	<nil>
300	367	270	637	<nil>
300	295	228	523	<nil>
300	293	574	867	<nil>
300	296	573	869	<nil>
300	337	529	866	<nil>
300	294	573	867	<nil>
300	263	602	865	<nil>
300	332	540	872	<nil>
300	327	539	866	<nil>
300	293	575	868	<nil>
300	297	576	873	<nil>
300	293	575	868	<nil>
300	325	545	870	<nil>
300	293	575	868	<nil>
300	298	573	871	<nil>
300	327	541	868	<nil>
300	333	539	872	<nil>
300	338	532	870	<nil>
300	292	577	869	<nil>
300	324	549	873	<nil>
300	328	540	868	<nil>
300	318	549	867	<nil>
300	5487	578	6065	<nil>
300	320	549	869	<nil>
300	304	562	866	<nil>
300	329	542	871	<nil>
300	326	544	870	<nil>
300	318	553	871	<nil>
300	338	533	871	<nil>
300	339	530	869	<nil>
300	339	533	872	<nil>
300	255	523	778	<nil>
300	5564	519	6083	<nil>
300	209	518	727	<nil>
300	208	520	728	<nil>
300	244	539	783	<nil>
300	238	538	776	<nil>
300	247	522	769	<nil>
300	245	548	793	<nil>
300	242	540	782	<nil>
300	319	552	871	<nil>
300	320	552	872	<nil>
300	326	545	871	<nil>
300	325	550	875	<nil>
300	249	523	772	<nil>
300	256	521	777	<nil>
300	260	523	783	<nil>
300	206	522	728	<nil>
300	261	522	783	<nil>
300	244	539	783	<nil>
300	256	523	779	<nil>
300	257	521	778	<nil>
300	205	524	729	<nil>
300	260	524	784	<nil>
300	260	523	783	<nil>
300	207	523	730	<nil>
300	243	539	782	<nil>
300	257	522	779	<nil>
300	260	524	784	<nil>
300	249	547	796	<nil>
300	250	547	797	<nil>
300	293	605	898	<nil>
300	304	592	896	<nil>
300	243	547	790	<nil>
300	241	557	798	<nil>
300	292	606	898	<nil>
300	304	594	898	<nil>
300	249	546	795	<nil>
300	306	593	899	<nil>
300	249	547	796	<nil>
300	243	547	790	<nil>
300	1220	607	1827	<nil>
300	249	548	797	<nil>
300	307	592	899	<nil>
300	244	548	792	<nil>
300	249	559	808	<nil>
300	302	593	895	<nil>
300	306	607	913	<nil>
300	322	573	895	<nil>
300	226	573	799	<nil>
300	243	572	815	<nil>
300	292	621	913	<nil>
300	242	557	799	<nil>
300	245	571	816	<nil>
300	441	0	441	rpc error: code = Unavailable desc = transport is closing
300	426	0	426	rpc error: code = Unavailable desc = transport is closing
300	427	0	427	rpc error: code = Unavailable desc = transport is closing
300	460	0	460	rpc error: code = Unavailable desc = transport is closing
300	427	0	427	rpc error: code = Unavailable desc = transport is closing
300	428	0	428	rpc error: code = Unavailable desc = transport is closing
300	262	604	866	<nil>
300	262	604	866	<nil>
300	512	0	512	rpc error: code = Unavailable desc = transport is closing
300	516	0	516	rpc error: code = Unavailable desc = transport is closing
300	512	0	512	rpc error: code = Unavailable desc = transport is closing
300	519	0	519	rpc error: code = Unavailable desc = transport is closing
300	512	0	512	rpc error: code = Unavailable desc = transport is closing
300	510	0	510	rpc error: code = Unavailable desc = transport is closing
300	518	0	518	rpc error: code = Unavailable desc = transport is closing
300	520	0	520	rpc error: code = Unavailable desc = transport is closing
300	523	0	523	rpc error: code = Unavailable desc = transport is closing
300	427	0	427	rpc error: code = Unavailable desc = transport is closing
300	515	0	515	rpc error: code = Unavailable desc = transport is closing
300	519	0	519	rpc error: code = Unavailable desc = transport is closing
300	513	0	513	rpc error: code = Unavailable desc = transport is closing
300	520	0	520	rpc error: code = Unavailable desc = transport is closing
300	523	0	523	rpc error: code = Unavailable desc = transport is closing
300	519	0	519	rpc error: code = Unavailable desc = transport is closing
300	440	0	440	rpc error: code = Unavailable desc = transport is closing
300	433	0	433	rpc error: code = Unavailable desc = transport is closing
300	433	0	433	rpc error: code = Unavailable desc = transport is closing
300	433	0	433	rpc error: code = Unavailable desc = transport is closing
300	420	0	420	rpc error: code = Unavailable desc = transport is closing
300	360	0	360	rpc error: code = Unavailable desc = transport is closing
300	357	0	357	rpc error: code = Unavailable desc = transport is closing
300	358	0	358	rpc error: code = Unavailable desc = transport is closing
300	354	0	354	rpc error: code = Unavailable desc = transport is closing
300	458	0	458	rpc error: code = Unavailable desc = transport is closing
300	459	0	459	rpc error: code = Unavailable desc = transport is closing
300	266	650	916	<nil>
300	283	638	921	<nil>
300	273	638	911	<nil>
300	283	639	922	<nil>
300	263	666	929	<nil>
300	281	642	923	<nil>
300	272	637	909	<nil>
300	281	683	964	<nil>
300	270	682	952	<nil>
300	317	650	967	<nil>
300	316	651	967	<nil>
300	311	656	967	<nil>
300	317	650	967	<nil>
300	334	634	968	<nil>
300	258	666	924	<nil>
300	307	661	968	<nil>
300	358	610	968	<nil>
300	358	611	969	<nil>
300	627	306	933	<nil>
300	2923	319	3242	<nil>
300	607	341	948	<nil>
300	625	341	966	<nil>
300	625	341	966	<nil>
300	624	341	965	<nil>
300	625	343	968	<nil>
300	625	343	968	<nil>
300	605	343	948	<nil>
300	607	342	949	<nil>
300	607	341	948	<nil>
300	647	326	973	<nil>
300	626	337	963	<nil>
300	623	352	975	<nil>
300	626	368	994	<nil>
300	625	370	995	<nil>
300	624	370	994	<nil>
300	624	370	994	<nil>
300	651	365	1016	<nil>
300	3055	260	3315	<nil>
300	625	372	997	<nil>
300	1721	217	1938	<nil>
300	3598	369	3967	<nil>
300	626	370	996	<nil>
300	657	336	993	<nil>
300	624	369	993	<nil>
300	644	350	994	<nil>
300	675	241	916	<nil>
300	625	369	994	<nil>
300	625	368	993	<nil>
300	584	331	915	<nil>
300	648	259	907	<nil>
300	638	376	1014	<nil>
300	682	217	899	<nil>
300	567	332	899	<nil>
300	680	219	899	<nil>
300	604	295	899	<nil>
300	547	353	900	<nil>
300	626	375	1001	<nil>
300	701	218	919	<nil>
300	624	378	1002	<nil>
300	624	374	998	<nil>
300	643	378	1021	<nil>
300	624	376	1000	<nil>
300	643	374	1017	<nil>
300	564	353	917	<nil>
300	562	355	917	<nil>
300	564	352	916	<nil>
300	563	366	929	<nil>
300	684	250	934	<nil>
300	658	351	1009	<nil>
300	685	259	944	<nil>
300	684	259	943	<nil>
300	684	260	944	<nil>
300	695	260	955	<nil>
300	685	260	945	<nil>
300	3103	259	3362	<nil>
300	684	260	944	<nil>
300	683	260	943	<nil>
300	695	259	954	<nil>
300	676	267	943	<nil>
300	654	373	1027	<nil>
300	683	261	944	<nil>
300	683	261	944	<nil>
300	683	260	943	<nil>
300	684	259	943	<nil>
300	686	262	948	<nil>
300	684	261	945	<nil>
300	3104	260	3364	<nil>
300	621	335	956	<nil>
300	624	325	949	<nil>
300	623	334	957	<nil>
300	621	355	976	<nil>
300	3119	353	3472	<nil>
300	578	358	936	<nil>
300	3120	358	3478	<nil>
300	601	358	959	<nil>
300	3048	355	3403	<nil>
300	601	357	958	<nil>
300	621	359	980	<nil>
300	601	380	981	<nil>
300	599	383	982	<nil>
300	601	383	984	<nil>
300	662	339	1001	<nil>
300	644	335	979	<nil>
300	355	0	355	rpc error: code = Unavailable desc = transport is closing
300	677	0	677	rpc error: code = Unavailable desc = transport is closing
300	629	321	950	<nil>
300	688	318	1006	<nil>
300	3140	316	3456	<nil>
300	673	319	992	<nil>
300	628	319	947	<nil>
300	686	318	1004	<nil>
300	687	320	1007	<nil>
300	662	320	982	<nil>
300	664	319	983	<nil>
300	608	339	947	<nil>
300	664	320	984	<nil>
300	3208	320	3528	<nil>
300	687	319	1006	<nil>
300	686	320	1006	<nil>
300	671	323	994	<nil>
300	3140	317	3457	<nil>
300	633	318	951	<nil>
300	655	339	994	<nil>
300	642	310	952	<nil>
300	624	310	934	<nil>
300	3154	310	3464	<nil>
300	679	312	991	<nil>
300	681	0	681	rpc error: code = Unavailable desc = transport is closing
300	369	0	369	rpc error: code = Unavailable desc = transport is closing
300	362	0	362	rpc error: code = Unavailable desc = transport is closing
300	373	0	373	rpc error: code = Unavailable desc = transport is closing
300	381	0	381	rpc error: code = Unavailable desc = transport is closing
300	375	0	375	rpc error: code = Unavailable desc = transport is closing
300	373	0	373	rpc error: code = Unavailable desc = transport is closing
300	375	0	375	rpc error: code = Unavailable desc = transport is closing
300	392	213	605	<nil>
300	372	214	586	<nil>
300	374	0	374	rpc error: code = Unavailable desc = transport is closing
300	376	0	376	rpc error: code = Unavailable desc = transport is closing
300	375	0	375	rpc error: code = Unavailable desc = transport is closing
300	375	0	375	rpc error: code = Unavailable desc = transport is closing
300	375	0	375	rpc error: code = Unavailable desc = transport is closing
300	365	0	365	rpc error: code = Unavailable desc = transport is closing
300	375	0	375	rpc error: code = Unavailable desc = transport is closing
300	375	244	619	<nil>
300	373	0	373	rpc error: code = Unavailable desc = transport is closing
300	375	0	375	rpc error: code = Unavailable desc = transport is closing
300	1337	174	1511	<nil>
300	353	0	353	rpc error: code = Unavailable desc = transport is closing
300	375	246	621	<nil>
300	384	220	604	<nil>
300	389	216	605	<nil>
300	369	221	590	<nil>
300	356	242	598	<nil>
300	351	222	573	<nil>
300	392	216	608	<nil>
300	392	213	605	<nil>
300	383	253	636	<nil>
300	377	252	629	<nil>
300	335	242	577	<nil>
300	1365	212	1577	<nil>
300	374	0	374	rpc error: code = Unavailable desc = transport is closing
300	383	217	600	<nil>
300	401	216	617	<nil>
300	362	213	575	<nil>
300	396	213	609	<nil>
300	353	253	606	<nil>
300	378	214	592	<nil>
300	374	0	374	rpc error: code = Unavailable desc = transport is closing
300	388	217	605	<nil>
300	359	217	576	<nil>
300	380	212	592	<nil>
300	397	213	610	<nil>
300	395	212	607	<nil>
300	381	212	593	<nil>
300	405	214	619	<nil>
300	363	213	576	<nil>
300	397	213	610	<nil>
300	385	212	597	<nil>
300	364	218	582	<nil>
300	386	213	599	<nil>
300	403	213	616	<nil>
300	1384	206	1590	<nil>
300	347	117	464	<nil>
300	399	215	614	<nil>
300	418	199	617	<nil>
300	291	174	465	<nil>
300	5432	151	5583	<nil>
300	389	226	615	<nil>
300	385	64	449	<nil>
300	290	175	465	<nil>
300	443	176	619	<nil>
300	386	214	600	<nil>
300	1336	174	1510	<nil>
300	453	175	628	<nil>
300	391	215	606	<nil>
300	403	214	617	<nil>
300	390	61	451	<nil>
300	387	60	447	<nil>
300	393	61	454	<nil>
300	407	221	628	<nil>
300	291	172	463	<nil>
300	386	216	602	<nil>
300	400	215	615	<nil>
300	385	67	452	<nil>
300	386	67	453	<nil>
300	387	213	600	<nil>
300	387	212	599	<nil>
300	440	182	622	<nil>
300	311	42	353	<nil>
300	368	52	420	<nil>
300	275	40	315	<nil>
300	311	43	354	<nil>
300	276	44	320	<nil>
300	392	61	453	<nil>
300	392	60	452	<nil>
300	385	57	442	<nil>
300	390	61	451	<nil>
300	382	61	443	<nil>
300	385	61	446	<nil>
300	388	59	447	<nil>
300	394	59	453	<nil>
300	394	57	451	<nil>
300	356	52	408	<nil>
300	384	59	443	<nil>
300	390	61	451	<nil>
300	394	57	451	<nil>
300	394	57	451	<nil>
300	394	57	451	<nil>
300	386	57	443	<nil>
300	364	222	586	<nil>
300	395	222	617	<nil>
300	370	217	587	<nil>
300	403	206	609	<nil>
300	381	227	608	<nil>
300	433	178	611	<nil>
300	312	43	355	<nil>
300	440	186	626	<nil>
300	310	43	353	<nil>
300	312	42	354	<nil>
300	396	229	625	<nil>
300	312	42	354	<nil>
300	313	42	355	<nil>
300	315	43	358	<nil>
300	432	186	618	<nil>
300	375	0	375	rpc error: code = Unavailable desc = transport is closing
300	356	57	413	<nil>
300	311	42	353	<nil>
300	1374	214	1588	<nil>
300	389	227	616	<nil>
300	350	56	406	<nil>
300	1368	58	1426	<nil>
300	367	52	419	<nil>
300	278	43	321	<nil>
300	312	41	353	<nil>
300	277	37	314	<nil>
300	359	47	406	<nil>
300	278	42	320	<nil>
300	315	42	357	<nil>
300	382	80	462	<nil>
300	281	42	323	<nil>
300	350	52	402	<nil>
300	350	55	405	<nil>
300	276	44	320	<nil>
300	279	35	314	<nil>
300	266	36	302	<nil>
300	350	67	417	<nil>
300	368	56	424	<nil>
300	326	63	389	<nil>
300	382	60	442	<nil>
300	267	47	314	<nil>
300	252	56	308	<nil>
300	285	80	365	<nil>
300	252	74	326	<nil>
300	251	57	308	<nil>
300	1246	209	1455	<nil>
300	280	40	320	<nil>
300	276	37	313	<nil>
300	304	75	379	<nil>
300	349	252	601	<nil>
300	250	209	459	<nil>
300	243	75	318	<nil>
300	265	320	585	<nil>
300	236	329	565	<nil>
300	235	329	564	<nil>
300	804	0	804	rpc error: code = DeadlineExceeded desc = context deadline exceeded
300	805	0	805	rpc error: code = DeadlineExceeded desc = context deadline exceeded
300	811	0	811	rpc error: code = DeadlineExceeded desc = context deadline exceeded
300	840	0	840	rpc error: code = DeadlineExceeded desc = context deadline exceeded
300	810	0	810	rpc error: code = DeadlineExceeded desc = context deadline exceeded
300	230	759	989	<nil>
300	115	750	865	<nil>
300	246	753	999	<nil>
300	275	752	1027	<nil>
300	275	753	1028	<nil>
300	240	752	992	<nil>
300	239	750	989	<nil>
300	274	753	1027	<nil>
300	212	753	965	<nil>
300	249	745	994	<nil>
300	232	749	981	<nil>
300	231	753	984	<nil>
300	282	750	1032	<nil>
300	123	750	873	<nil>
300	239	750	989	<nil>
300	123	748	871	<nil>
300	248	733	981	<nil>
300	238	754	992	<nil>
300	251	753	1004	<nil>
300	208	751	959	<nil>
300	249	734	983	<nil>
300	250	733	983	<nil>
300	224	759	983	<nil>
300	209	757	966	<nil>
300	1204	750	1954	<nil>
300	248	751	999	<nil>
300	239	744	983	<nil>
300	273	761	1034	<nil>
300	223	760	983	<nil>
300	231	759	990	<nil>
300	115	735	850	<nil>
300	108	765	873	<nil>
300	269	729	998	<nil>
300	217	751	968	<nil>
300	274	720	994	<nil>
300	1184	750	1934	<nil>
300	224	744	968	<nil>
300	1183	752	1935	<nil>
300	223	760	983	<nil>
300	125	751	876	<nil>
300	284	739	1023	<nil>
300	246	757	1003	<nil>
300	255	739	994	<nil>
300	210	750	960	<nil>
300	120	733	853	<nil>
300	238	756	994	<nil>
300	274	760	1034	<nil>
300	119	757	876	<nil>
300	233	738	971	<nil>
300	135	721	856	<nil>
300	232	762	994	<nil>
300	222	760	982	<nil>
300	203	757	960	<nil>
300	294	639	933	<nil>
300	254	674	928	<nil>
300	414	638	1052	<nil>
300	1275	843	2118	<nil>
300	225	847	1072	<nil>
300	245	843	1088	<nil>
300	463	612	1075	<nil>
300	773	0	773	rpc error: code = Unavailable desc = transport is closing
300	806	0	806	rpc error: code = Unavailable desc = transport is closing
300	6368	0	6368	rpc error: code = Unavailable desc = transport is closing
300	856	0	856	rpc error: code = Unavailable desc = transport is closing
300	827	0	827	rpc error: code = Unavailable desc = transport is closing
300	803	0	803	rpc error: code = Unavailable desc = transport is closing
300	1787	0	1787	rpc error: code = Unavailable desc = transport is closing
300	868	0	868	rpc error: code = Unavailable desc = transport is closing
300	854	0	854	rpc error: code = Unavailable desc = transport is closing
300	856	0	856	rpc error: code = Unavailable desc = transport is closing
300	827	0	827	rpc error: code = Unavailable desc = transport is closing
300	830	0	830	rpc error: code = Unavailable desc = transport is closing
300	873	0	873	rpc error: code = Unavailable desc = transport is closing
300	856	0	856	rpc error: code = Unavailable desc = transport is closing
300	880	0	880	rpc error: code = Unavailable desc = transport is closing
300	892	0	892	rpc error: code = Unavailable desc = transport is closing
300	893	0	893	rpc error: code = Unavailable desc = transport is closing
300	821	0	821	rpc error: code = Unavailable desc = transport is closing
300	947	92	1039	<nil>
300	358	50	408	<nil>
300	363	49	412	<nil>
300	276	21	297	<nil>
300	256	47	303	<nil>
300	278	21	299	<nil>
300	272	20	292	<nil>
300	272	20	292	<nil>
300	271	21	292	<nil>
300	278	21	299	<nil>
300	278	21	299	<nil>
300	274	20	294	<nil>
300	272	20	292	<nil>
300	272	21	293	<nil>
300	266	20	286	<nil>
300	266	31	297	<nil>
300	276	31	307	<nil>
300	246	31	277	<nil>
300	278	34	312	<nil>
300	233	32	265	<nil>
300	275	34	309	<nil>
300	203	33	236	<nil>
300	266	34	300	<nil>
300	243	32	275	<nil>
300	242	34	276	<nil>
300	245	34	279	<nil>
300	47	34	81	<nil>
300	49	32	81	<nil>
300	873	0	873	rpc error: code = Unavailable desc = transport is closing
300	197	50	247	<nil>
300	200	50	250	<nil>
300	75	0	75	rpc error: code = Unavailable desc = transport is closing
300	863	0	863	rpc error: code = Unavailable desc = transport is closing
300	876	0	876	rpc error: code = Unavailable desc = transport is closing
300	3375	0	3375	rpc error: code = Unavailable desc = transport is closing
300	65	46	111	<nil>
300	860	0	860	rpc error: code = Unavailable desc = transport is closing
300	861	0	861	rpc error: code = Unavailable desc = transport is closing
300	857	0	857	rpc error: code = Unavailable desc = transport is closing
300	860	0	860	rpc error: code = Unavailable desc = transport is closing
300	842	0	842	rpc error: code = Unavailable desc = transport is closing
300	861	0	861	rpc error: code = Unavailable desc = transport is closing
300	883	0	883	rpc error: code = Unavailable desc = transport is closing
300	899	0	899	rpc error: code = Unavailable desc = transport is closing
300	3415	0	3415	rpc error: code = Unavailable desc = transport is closing
300	63	49	112	<nil>
300	65	48	113	<nil>
300	63	49	112	<nil>
300	862	0	862	rpc error: code = Unavailable desc = transport is closing
300	845	0	845	rpc error: code = Unavailable desc = transport is closing
300	867	0	867	rpc error: code = Unavailable desc = transport is closing
300	66	48	114	<nil>
300	847	0	847	rpc error: code = Unavailable desc = transport is closing
300	844	0	844	rpc error: code = Unavailable desc = transport is closing
300	846	0	846	rpc error: code = Unavailable desc = transport is closing
300	63	82	145	<nil>
300	62	83	145	<nil>
300	63	83	146	<nil>
300	65	81	146	<nil>
300	65	111	176	<nil>
300	62	124	186	<nil>
300	63	123	186	<nil>
300	2925	105	3030	<nil>
300	968	0	968	rpc error: code = Unavailable desc = transport is closing
300	968	0	968	rpc error: code = Unavailable desc = transport is closing
300	945	0	945	rpc error: code = Unavailable desc = transport is closing
300	751	0	751	rpc error: code = Unavailable desc = transport is closing
300	967	0	967	rpc error: code = Unavailable desc = transport is closing
300	964	0	964	rpc error: code = Unavailable desc = transport is closing
300	947	0	947	rpc error: code = Unavailable desc = transport is closing
300	678	0	678	rpc error: code = Unavailable desc = transport is closing
300	900	0	900	rpc error: code = Unavailable desc = transport is closing
300	945	0	945	rpc error: code = Unavailable desc = transport is closing
300	964	0	964	rpc error: code = Unavailable desc = transport is closing
300	856	0	856	rpc error: code = Unavailable desc = transport is closing
300	966	0	966	rpc error: code = Unavailable desc = transport is closing
300	883	0	883	rpc error: code = Unavailable desc = transport is closing
300	965	0	965	rpc error: code = Unavailable desc = transport is closing
300	1966	0	1966	rpc error: code = Unavailable desc = transport is closing
300	861	0	861	rpc error: code = Unavailable desc = transport is closing
300	879	0	879	rpc error: code = Unavailable desc = transport is closing
300	987	0	987	rpc error: code = Unavailable desc = transport is closing
300	754	0	754	rpc error: code = Unavailable desc = transport is closing
300	894	0	894	rpc error: code = Unavailable desc = transport is closing
300	769	0	769	rpc error: code = Unavailable desc = transport is closing
300	965	0	965	rpc error: code = Unavailable desc = transport is closing
300	949	0	949	rpc error: code = Unavailable desc = transport is closing
300	970	0	970	rpc error: code = Unavailable desc = transport is closing
300	858	0	858	rpc error: code = Unavailable desc = transport is closing
300	969	0	969	rpc error: code = Unavailable desc = transport is closing
300	970	0	970	rpc error: code = Unavailable desc = transport is closing
300	947	0	947	rpc error: code = Unavailable desc = transport is closing
300	946	0	946	rpc error: code = Unavailable desc = transport is closing
300	970	0	970	rpc error: code = Unavailable desc = transport is closing
300	752	0	752	rpc error: code = Unavailable desc = transport is closing
300	752	0	752	rpc error: code = Unavailable desc = transport is closing
300	970	0	970	rpc error: code = Unavailable desc = transport is closing
300	947	0	947	rpc error: code = Unavailable desc = transport is closing
300	46	113	159	<nil>
300	34	112	146	<nil>
300	950	0	950	rpc error: code = Unavailable desc = transport is closing
300	862	0	862	rpc error: code = Unavailable desc = transport is closing
300	947	0	947	rpc error: code = Unavailable desc = transport is closing
300	972	0	972	rpc error: code = Unavailable desc = transport is closing
300	760	0	760	rpc error: code = Unavailable desc = transport is closing
300	967	0	967	rpc error: code = Unavailable desc = transport is closing
300	943	0	943	rpc error: code = Unavailable desc = transport is closing
300	968	0	968	rpc error: code = Unavailable desc = transport is closing
300	63	100	163	<nil>
300	62	103	165	<nil>
300	49	101	150	<nil>
300	62	103	165	<nil>
300	3505	0	3505	rpc error: code = Unavailable desc = transport is closing
300	252	0	252	rpc error: code = Unavailable desc = transport is closing
300	271	0	271	rpc error: code = Unavailable desc = transport is closing
300	277	0	277	rpc error: code = Unavailable desc = transport is closing
300	278	0	278	rpc error: code = Unavailable desc = transport is closing
300	119	142	261	<nil>
300	93	170	263	<nil>
300	252	0	252	rpc error: code = Unavailable desc = transport is closing
300	89	170	259	<nil>
300	91	170	261	<nil>
300	95	167	262	<nil>
300	262	0	262	rpc error: code = Unavailable desc = transport is closing
300	273	0	273	rpc error: code = Unavailable desc = transport is closing
300	273	0	273	rpc error: code = Unavailable desc = transport is closing
300	94	159	253	<nil>
300	94	169	263	<nil>
300	273	0	273	rpc error: code = Unavailable desc = transport is closing
300	266	0	266	rpc error: code = Unavailable desc = transport is closing
300	275	0	275	rpc error: code = Unavailable desc = transport is closing
300	276	0	276	rpc error: code = Unavailable desc = transport is closing
300	236	0	236	rpc error: code = Unavailable desc = transport is closing
300	266	0	266	rpc error: code = Unavailable desc = transport is closing
300	246	0	246	rpc error: code = Unavailable desc = transport is closing
300	276	0	276	rpc error: code = Unavailable desc = transport is closing
300	246	0	246	rpc error: code = Unavailable desc = transport is closing
300	266	0	266	rpc error: code = Unavailable desc = transport is closing
300	245	0	245	rpc error: code = Unavailable desc = transport is closing
300	266	0	266	rpc error: code = Unavailable desc = transport is closing
300	684	0	684	rpc error: code = Unavailable desc = transport is closing
300	363	0	363	rpc error: code = Unavailable desc = transport is closing
300	364	0	364	rpc error: code = Unavailable desc = transport is closing
300	363	0	363	rpc error: code = Unavailable desc = transport is closing
300	686	0	686	rpc error: code = Unavailable desc = transport is closing
300	134	182	316	<nil>
300	146	0	146	rpc error: code = Unavailable desc = transport is closing
300	133	197	330	<nil>
300	189	0	189	rpc error: code = Unavailable desc = transport is closing
300	257	0	257	rpc error: code = Unavailable desc = transport is closing
300	119	187	306	<nil>
300	155	164	319	<nil>
300	145	158	303	<nil>
300	136	183	319	<nil>
300	258	0	258	rpc error: code = Unavailable desc = transport is closing
300	140	172	312	<nil>
300	120	183	303	<nil>
300	122	192	314	<nil>
300	139	165	304	<nil>
300	122	175	297	<nil>
300	140	173	313	<nil>
300	116	188	304	<nil>
300	149	161	310	<nil>
300	216	143	359	<nil>
300	201	0	201	rpc error: code = Unavailable desc = transport is closing
300	199	0	199	rpc error: code = Unavailable desc = transport is closing
300	199	0	199	rpc error: code = Unavailable desc = transport is closing
300	185	0	185	rpc error: code = Unavailable desc = transport is closing
300	197	0	197	rpc error: code = Unavailable desc = transport is closing
300	183	0	183	rpc error: code = Unavailable desc = transport is closing
300	195	136	331	<nil>
300	171	0	171	rpc error: code = Unavailable desc = transport is closing
300	197	135	332	<nil>
300	187	131	318	<nil>
300	201	133	334	<nil>
300	185	133	318	<nil>
300	185	133	318	<nil>
300	173	131	304	<nil>
300	197	137	334	<nil>
300	185	139	324	<nil>
300	186	137	323	<nil>
300	175	136	311	<nil>
300	171	138	309	<nil>
300	201	139	340	<nil>
300	200	143	343	<nil>
300	203	138	341	<nil>
300	201	145	346	<nil>
300	201	139	340	<nil>
300	214	110	324	<nil>
300	197	0	197	rpc error: code = Unavailable desc = transport is closing
300	218	167	385	<nil>
300	1265	0	1265	rpc error: code = Unavailable desc = transport is closing
300	205	148	353	<nil>
300	200	0	200	rpc error: code = Unavailable desc = transport is closing
300	1264	0	1264	rpc error: code = Unavailable desc = transport is closing
300	223	0	223	rpc error: code = Unavailable desc = transport is closing
300	273	0	273	rpc error: code = Unavailable desc = transport is closing
300	211	0	211	rpc error: code = Unavailable desc = transport is closing
300	251	153	404	<nil>
300	275	0	275	rpc error: code = Unavailable desc = transport is closing
300	275	0	275	rpc error: code = Unavailable desc = transport is closing
300	2730	0	2730	rpc error: code = Unavailable desc = transport is closing
300	208	0	208	rpc error: code = Unavailable desc = transport is closing
300	202	0	202	rpc error: code = Unavailable desc = transport is closing
300	236	153	389	<nil>
300	246	0	246	rpc error: code = Unavailable desc = transport is closing
300	201	0	201	rpc error: code = Unavailable desc = transport is closing
300	202	0	202	rpc error: code = Unavailable desc = transport is closing
300	200	148	348	<nil>
300	273	0	273	rpc error: code = Unavailable desc = transport is closing
300	222	0	222	rpc error: code = Unavailable desc = transport is closing
300	276	0	276	rpc error: code = Unavailable desc = transport is closing
300	204	119	323	<nil>
300	221	0	221	rpc error: code = Unavailable desc = transport is closing
300	218	0	218	rpc error: code = Unavailable desc = transport is closing
300	204	121	325	<nil>
300	200	121	321	<nil>
300	210	0	210	rpc error: code = Unavailable desc = transport is closing
300	198	150	348	<nil>
300	268	0	268	rpc error: code = Unavailable desc = transport is closing
300	221	0	221	rpc error: code = Unavailable desc = transport is closing
300	266	0	266	rpc error: code = Unavailable desc = transport is closing
300	193	150	343	<nil>
300	275	0	275	rpc error: code = Unavailable desc = transport is closing
300	201	128	329	<nil>
300	202	127	329	<nil>
300	225	0	225	rpc error: code = Unavailable desc = transport is closing
300	209	121	330	<nil>
300	218	114	332	<nil>
300	226	0	226	rpc error: code = Unavailable desc = transport is closing
300	224	110	334	<nil>
300	218	125	343	<nil>
300	222	110	332	<nil>
300	221	110	331	<nil>
300	209	122	331	<nil>
300	218	113	331	<nil>
300	226	0	226	rpc error: code = Unavailable desc = transport is closing
300	226	110	336	<nil>
300	219	114	333	<nil>
300	182	0	182	rpc error: code = Unavailable desc = transport is closing
300	226	108	334	<nil>
300	219	113	332	<nil>
300	211	126	337	<nil>
300	221	114	335	<nil>
300	226	109	335	<nil>
300	168	0	168	rpc error: code = Unavailable desc = transport is closing
300	133	110	243	<nil>
300	176	34	210	<nil>
300	225	110	335	<nil>
300	224	110	334	<nil>
300	203	110	313	<nil>
300	226	111	337	<nil>
300	222	114	336	<nil>
300	222	114	336	<nil>
300	154	23	177	<nil>
300	187	54	241	<nil>
300	219	110	329	<nil>
300	226	109	335	<nil>
300	194	49	243	<nil>
300	207	32	239	<nil>
300	228	115	343	<nil>
300	130	110	240	<nil>
300	158	24	182	<nil>
300	176	34	210	<nil>
300	229	115	344	<nil>
300	184	58	242	<nil>
300	155	23	178	<nil>
300	209	31	240	<nil>
300	184	58	242	<nil>
300	143	103	246	<nil>
300	209	32	241	<nil>
300	188	54	242	<nil>
300	225	110	335	<nil>
300	184	59	243	<nil>
300	176	34	210	<nil>
300	5513	116	5629	<nil>
300	182	28	210	<nil>
300	180	30	210	<nil>
300	181	30	211	<nil>
300	187	55	242	<nil>
300	227	109	336	<nil>
300	228	116	344	<nil>
300	181	29	210	<nil>
300	179	32	211	<nil>
300	166	27	193	<nil>
300	166	28	194	<nil>
300	180	31	211	<nil>
300	5131	33	5164	<nil>
300	167	30	197	<nil>
300	153	22	175	<nil>
300	167	0	167	rpc error: code = Unavailable desc = transport is closing
300	165	30	195	<nil>
300	327	23	350	<nil>
300	5138	30	5168	<nil>
300	156	23	179	<nil>
300	131	110	241	<nil>
300	155	23	178	<nil>
300	5076	24	5100	<nil>
300	185	59	244	<nil>
300	154	25	179	<nil>
300	153	26	179	<nil>
300	143	25	168	<nil>
300	329	25	354	<nil>
300	152	25	177	<nil>
300	149	23	172	<nil>
300	149	23	172	<nil>
300	148	22	170	<nil>
300	147	23	170	<nil>
300	150	25	175	<nil>
300	148	26	174	<nil>
300	110	22	132	<nil>
300	107	22	129	<nil>
300	114	22	136	<nil>
300	109	23	132	<nil>
300	107	23	130	<nil>
300	110	23	133	<nil>
300	89	23	112	<nil>
300	109	23	132	<nil>
300	110	23	133	<nil>
300	108	24	132	<nil>
300	110	24	134	<nil>
300	89	25	114	<nil>
300	97	17	114	<nil>
300	97	17	114	<nil>
300	97	17	114	<nil>
300	103	18	121	<nil>
300	85	18	103	<nil>
300	96	20	116	<nil>
300	96	19	115	<nil>
300	96	20	116	<nil>
300	90	20	110	<nil>
300	97	21	118	<nil>
300	97	22	119	<nil>
300	90	22	112	<nil>
300	97	22	119	<nil>
300	210	60	270	<nil>
300	893	0	893	rpc error: code = Unavailable desc = transport is closing
300	883	0	883	rpc error: code = Unavailable desc = transport is closing
300	897	0	897	rpc error: code = Unavailable desc = transport is closing
300	862	0	862	rpc error: code = Unavailable desc = transport is closing
300	856	0	856	rpc error: code = Unavailable desc = transport is closing
300	806	0	806	rpc error: code = Unavailable desc = transport is closing
300	843	0	843	rpc error: code = Unavailable desc = transport is closing
300	865	0	865	rpc error: code = Unavailable desc = transport is closing
300	883	0	883	rpc error: code = Unavailable desc = transport is closing
300	844	0	844	rpc error: code = Unavailable desc = transport is closing
300	865	0	865	rpc error: code = Unavailable desc = transport is closing
300	845	0	845	rpc error: code = Unavailable desc = transport is closing
300	866	0	866	rpc error: code = Unavailable desc = transport is closing
300	815	0	815	rpc error: code = Unavailable desc = transport is closing
300	878	0	878	rpc error: code = Unavailable desc = transport is closing
300	728	40	768	<nil>
300	708	42	750	<nil>
300	722	43	765	<nil>
300	720	49	769	<nil>
300	725	51	776	<nil>
300	725	44	769	<nil>
300	722	40	762	<nil>
300	756	42	798	<nil>
300	5896	43	5939	<nil>
300	5895	45	5940	<nil>
300	759	45	804	<nil>
300	5895	45	5940	<nil>
300	728	41	769	<nil>
300	3305	43	3348	<nil>
300	746	41	787	<nil>
300	723	41	764	<nil>
300	712	46	758	<nil>
300	5895	47	5942	<nil>
300	726	43	769	<nil>
300	755	50	805	<nil>
300	746	17	763	<nil>
300	720	49	769	<nil>
300	3309	44	3353	<nil>
300	762	48	810	<nil>
300	755	10	765	<nil>
300	728	48	776	<nil>
300	757	50	807	<nil>
300	755	49	804	<nil>
300	793	13	806	<nil>
300	756	9	765	<nil>
300	755	44	799	<nil>
300	748	49	797	<nil>
300	739	26	765	<nil>
300	715	52	767	<nil>
300	761	8	769	<nil>
300	789	15	804	<nil>
300	766	15	781	<nil>
300	3358	12	3370	<nil>
300	766	15	781	<nil>
300	767	15	782	<nil>
300	791	16	807	<nil>
300	759	16	775	<nil>
300	793	15	808	<nil>
300	766	15	781	<nil>
300	788	22	810	<nil>
300	804	14	818	<nil>
300	768	24	792	<nil>
300	771	22	793	<nil>
300	771	112	883	<nil>
300	755	118	873	<nil>
300	754	118	872	<nil>
300	773	102	875	<nil>
300	793	119	912	<nil>
300	801	108	909	<nil>
300	807	102	909	<nil>
300	765	106	871	<nil>
300	808	117	925	<nil>
300	770	113	883	<nil>
300	795	115	910	<nil>
300	796	113	909	<nil>
300	762	113	875	<nil>
300	756	119	875	<nil>
300	764	121	885	<nil>
300	924	3	927	<nil>
300	868	23	891	<nil>
300	892	2	894	<nil>
300	56	117	173	<nil>
300	788	109	897	<nil>
300	62	109	171	<nil>
300	56	117	173	<nil>
300	771	115	886	<nil>
300	925	4	929	<nil>
300	803	122	925	<nil>
300	56	117	173	<nil>
300	769	118	887	<nil>
300	804	122	926	<nil>
300	52	121	173	<nil>
300	766	107	873	<nil>
300	765	122	887	<nil>
300	807	119	926	<nil>
300	805	124	929	<nil>
300	52	121	173	<nil>
300	787	117	904	<nil>
300	764	124	888	<nil>
300	762	125	887	<nil>
300	772	117	889	<nil>
300	907	3	910	<nil>
300	928	6	934	<nil>
300	103	27	130	<nil>
300	109	27	136	<nil>
300	930	1	931	<nil>
300	62	117	179	<nil>
300	911	23	934	<nil>
300	911	23	934	<nil>
300	920	13	933	<nil>
300	62	118	180	<nil>
300	868	23	891	<nil>
300	61	118	179	<nil>
300	5953	120	6073	<nil>
300	929	3	932	<nil>
300	61	119	180	<nil>
300	62	119	181	<nil>
300	61	119	180	<nil>
300	62	118	180	<nil>
300	928	4	932	<nil>
300	803	117	920	<nil>
300	923	6	929	<nil>
300	767	106	873	<nil>
300	762	121	883	<nil>
300	924	4	928	<nil>
300	930	3	933	<nil>
300	56	117	173	<nil>
300	6077	6	6083	<nil>
300	2488	118	2606	<nil>
300	926	3	929	<nil>
300	907	8	915	<nil>
300	935	2	937	<nil>
300	930	9	939	<nil>
300	906	10	916	<nil>
300	906	9	915	<nil>
300	906	13	919	<nil>
300	917	10	927	<nil>
300	909	9	918	<nil>
300	913	5	918	<nil>
300	906	11	917	<nil>
300	905	11	916	<nil>
300	911	10	921	<nil>
300	910	11	921	<nil>
300	918	12	930	<nil>
300	913	12	925	<nil>
300	906	12	918	<nil>
300	906	13	919	<nil>
300	906	14	920	<nil>
300	916	7	923	<nil>
300	901	17	918	<nil>
300	913	12	925	<nil>
300	906	16	922	<nil>
300	914	14	928	<nil>
300	909	16	925	<nil>
300	924	17	941	<nil>
300	126	14	140	<nil>
300	28	12	40	<nil>
300	906	17	923	<nil>
300	26	12	38	<nil>
300	1126	15	1141	<nil>
300	125	15	140	<nil>
300	24	12	36	<nil>
300	1062	8	1070	<nil>
300	1066	8	1074	<nil>
300	1060	3	1063	<nil>
300	1056	8	1064	<nil>
300	1084	2	1086	<nil>
300	1052	8	1060	<nil>
300	1621	7	1628	<nil>
300	1076	7	1083	<nil>
300	1074	8	1082	<nil>
300	1059	5	1064	<nil>
300	1065	8	1073	<nil>
300	6226	8	6234	<nil>
300	1081	3	1084	<nil>
300	1054	7	1061	<nil>
300	1071	4	1075	<nil>
300	1052	9	1061	<nil>
300	1052	8	1060	<nil>
300	1054	7	1061	<nil>
300	2652	11	2663	<nil>
300	1051	8	1059	<nil>
300	1078	7	1085	<nil>
300	276	11	287	<nil>
300	1060	11	1071	<nil>
300	271	10	281	<nil>
300	1080	11	1091	<nil>
300	278	11	289	<nil>
300	272	11	283	<nil>
300	1061	11	1072	<nil>
300	1064	11	1075	<nil>
300	282	19	301	<nil>
300	280	19	299	<nil>
300	272	29	301	<nil>
300	282	36	318	<nil>
300	283	36	319	<nil>
300	286	42	328	<nil>
300	276	42	318	<nil>
300	287	42	329	<nil>
300	2657	42	2699	<nil>
300	286	42	328	<nil>
300	284	46	330	<nil>
300	281	43	324	<nil>
300	276	43	319	<nil>
300	225	42	267	<nil>
300	282	43	325	<nil>
300	282	43	325	<nil>
300	284	43	327	<nil>
300	286	43	329	<nil>
300	287	43	330	<nil>
300	287	42	329	<nil>
300	284	72	356	<nil>
300	288	72	360	<nil>
300	278	78	356	<nil>
300	286	77	363	<nil>
300	286	78	364	<nil>
300	279	81	360	<nil>
300	289	78	367	<nil>
300	283	84	367	<nil>
300	284	115	399	<nil>
300	285	115	400	<nil>
300	279	118	397	<nil>
300	288	113	401	<nil>
300	286	115	401	<nil>
300	1268	135	1403	<nil>
300	283	139	422	<nil>
300	173	138	311	<nil>
300	149	142	291	<nil>
300	287	139	426	<nil>
300	152	143	295	<nil>
300	283	139	422	<nil>
300	157	143	300	<nil>
300	287	142	429	<nil>
300	102	40	142	<nil>
300	110	33	143	<nil>
300	102	41	143	<nil>
300	105	37	142	<nil>
300	109	41	150	<nil>
300	105	38	143	<nil>
300	108	36	144	<nil>
300	142	149	291	<nil>
300	80	70	150	<nil>
300	110	33	143	<nil>
300	153	144	297	<nil>
300	114	33	147	<nil>
300	152	147	299	<nil>
300	109	65	174	<nil>
300	109	71	180	<nil>
300	110	66	176	<nil>
300	109	70	179	<nil>
300	109	73	182	<nil>
300	109	69	178	<nil>
300	95	66	161	<nil>
300	126	56	182	<nil>
300	132	51	183	<nil>
300	127	57	184	<nil>
300	108	74	182	<nil>
300	288	55	343	<nil>
300	126	57	183	<nil>
300	9514	53	9567	<nil>
300	290	59	349	<nil>
300	305	53	358	<nil>
300	285	58	343	<nil>
300	130	55	185	<nil>
300	109	77	186	<nil>
300	288	53	341	<nil>
300	109	72	181	<nil>
300	291	62	353	<nil>
300	288	67	355	<nil>
300	292	65	357	<nil>
300	131	86	217	<nil>
300	133	84	217	<nil>
300	131	85	216	<nil>
300	126	89	215	<nil>
300	293	126	419	<nil>
300	296	143	439	<nil>
300	128	129	257	<nil>
300	126	130	256	<nil>
300	128	129	257	<nil>
300	95	161	256	<nil>
300	117	163	280	<nil>
300	127	130	257	<nil>
300	342	123	465	<nil>
300	334	141	475	<nil>
300	127	129	256	<nil>
300	94	164	258	<nil>
300	94	165	259	<nil>
300	332	139	471	<nil>
300	330	124	454	<nil>
300	159	30	189	<nil>
300	81	125	206	<nil>
300	143	40	183	<nil>
300	323	142	465	<nil>
300	416	46	462	<nil>
300	368	107	475	<nil>
300	319	143	462	<nil>
300	324	143	467	<nil>
300	370	96	466	<nil>
300	354	115	469	<nil>
300	1256	122	1378	<nil>
300	346	115	461	<nil>
300	463	19	482	<nil>
300	337	120	457	<nil>
300	323	143	466	<nil>
300	133	144	277	<nil>
300	327	139	466	<nil>
300	455	21	476	<nil>
300	463	21	484	<nil>
300	463	21	484	<nil>
300	123	132	255	<nil>
300	4758	145	4903	<nil>
300	134	133	267	<nil>
300	339	126	465	<nil>
300	134	133	267	<nil>
300	106	78	184	<nil>
300	183	56	239	<nil>
300	448	23	471	<nil>
300	467	23	490	<nil>
300	174	31	205	<nil>
300	161	50	211	<nil>
300	151	31	182	<nil>
300	139	105	244	<nil>
300	126	130	256	<nil>
300	131	110	241	<nil>
300	140	100	240	<nil>
300	159	31	190	<nil>
300	346	123	469	<nil>
300	449	24	473	<nil>
300	129	26	155	<nil>
300	344	122	466	<nil>
300	327	143	470	<nil>
300	465	4	469	<nil>
300	458	23	481	<nil>
300	128	7	135	<nil>
300	1384	6	1390	<nil>
300	476	4	480	<nil>
300	463	18	481	<nil>
300	458	19	477	<nil>
300	463	20	483	<nil>
300	326	143	469	<nil>
300	455	28	483	<nil>
300	160	21	181	<nil>
300	461	21	482	<nil>
300	463	21	484	<nil>
300	463	21	484	<nil>
300	465	22	487	<nil>
300	462	22	484	<nil>
300	1333	140	1473	<nil>
300	142	125	267	<nil>
300	2946	30	2976	<nil>
300	162	22	184	<nil>
300	463	22	485	<nil>
300	463	22	485	<nil>
300	453	23	476	<nil>
300	292	194	486	<nil>
300	165	151	316	<nil>
300	468	162	630	<nil>
300	467	163	630	<nil>
300	467	171	638	<nil>
300	473	191	664	<nil>
300	130	197	327	<nil>
300	464	181	645	<nil>
300	155	176	331	<nil>
300	462	187	649	<nil>
300	463	184	647	<nil>
300	141	192	333	<nil>
300	469	191	660	<nil>
300	153	191	344	<nil>
300	472	186	658	<nil>
300	458	206	664	<nil>
300	473	190	663	<nil>
300	243	190	433	<nil>
300	472	196	668	<nil>
300	2965	192	3157	<nil>
300	464	196	660	<nil>
300	1398	180	1578	<nil>
300	466	197	663	<nil>
300	681	34	715	<nil>
300	662	48	710	<nil>
300	680	36	716	<nil>
300	668	48	716	<nil>
300	669	47	716	<nil>
300	670	46	716	<nil>
300	3293	35	3328	<nil>
300	664	46	710	<nil>
300	669	48	717	<nil>
300	670	48	718	<nil>
300	671	48	719	<nil>
300	682	35	717	<nil>
300	670	47	717	<nil>
300	675	36	711	<nil>
300	677	37	714	<nil>
300	3170	48	3218	<nil>
300	358	17	375	<nil>
300	385	16	401	<nil>
300	392	21	413	<nil>
300	395	18	413	<nil>
300	393	19	412	<nil>
300	393	19	412	<nil>
300	402	20	422	<nil>
300	477	21	498	<nil>
300	3208	22	3230	<nil>
300	401	21	422	<nil>
300	486	22	508	<nil>
300	486	22	508	<nil>
300	486	21	507	<nil>
300	402	19	421	<nil>
300	392	20	412	<nil>
300	393	19	412	<nil>
300	486	21	507	<nil>
300	479	21	500	<nil>
300	5676	60	5736	<nil>
300	395	76	471	<nil>
300	360	76	436	<nil>
300	255	658	913	<nil>
300	271	657	928	<nil>
300	305	658	963	<nil>
300	405	660	1065	<nil>
300	372	659	1031	<nil>
300	362	660	1022	<nil>
300	236	652	888	<nil>
300	363	658	1021	<nil>
300	244	648	892	<nil>
300	46	646	692	<nil>
300	239	650	889	<nil>
300	240	648	888	<nil>
300	5048	652	5700	<nil>
300	372	657	1029	<nil>
300	238	651	889	<nil>
300	371	659	1030	<nil>
300	240	647	887	<nil>
300	363	659	1022	<nil>
300	238	652	890	<nil>
300	242	646	888	<nil>
300	362	659	1021	<nil>
300	263	646	909	<nil>
300	392	660	1052	<nil>
300	363	657	1020	<nil>
300	308	659	967	<nil>
300	363	659	1022	<nil>
300	371	659	1030	<nil>
300	238	651	889	<nil>
300	342	659	1001	<nil>
300	362	660	1022	<nil>
300	313	658	971	<nil>
300	363	659	1022	<nil>
300	362	660	1022	<nil>
300	372	658	1030	<nil>
300	374	649	1023	<nil>
300	266	640	906	<nil>
300	241	649	890	<nil>
300	258	650	908	<nil>
300	264	649	913	<nil>
300	264	649	913	<nil>
300	11	643	654	<nil>
300	239	651	890	<nil>
300	240	649	889	<nil>
300	290	641	931	<nil>
300	239	650	889	<nil>
300	238	651	889	<nil>
300	354	664	1018	<nil>
300	374	649	1023	<nil>
300	239	650	889	<nil>
300	239	651	890	<nil>
300	240	649	889	<nil>
300	351	649	1000	<nil>
300	267	649	916	<nil>
300	250	697	947	<nil>
300	250	698	948	<nil>
300	250	697	947	<nil>
300	257	699	956	<nil>
300	57	666	723	<nil>
300	276	691	967	<nil>
300	65	663	728	<nil>
300	67	681	748	<nil>
300	878	0	878	rpc error: code = Unavailable desc = transport is closing
300	904	0	904	rpc error: code = Unavailable desc = transport is closing
300	860	0	860	rpc error: code = Unavailable desc = transport is closing
300	859	0	859	rpc error: code = Unavailable desc = transport is closing
300	877	0	877	rpc error: code = Unavailable desc = transport is closing
300	856	0	856	rpc error: code = Unavailable desc = transport is closing
300	864	0	864	rpc error: code = Unavailable desc = transport is closing
300	921	0	921	rpc error: code = Unavailable desc = transport is closing
300	915	0	915	rpc error: code = Unavailable desc = transport is closing
300	880	0	880	rpc error: code = Unavailable desc = transport is closing
300	857	0	857	rpc error: code = Unavailable desc = transport is closing
300	899	0	899	rpc error: code = Unavailable desc = transport is closing
300	867	0	867	rpc error: code = Unavailable desc = transport is closing
300	302	682	984	<nil>
300	920	0	920	rpc error: code = Unavailable desc = transport is closing
300	920	0	920	rpc error: code = Unavailable desc = transport is closing
300	862	0	862	rpc error: code = Unavailable desc = transport is closing
300	854	0	854	rpc error: code = Unavailable desc = transport is closing
300	920	0	920	rpc error: code = Unavailable desc = transport is closing
300	914	0	914	rpc error: code = Unavailable desc = transport is closing
300	58	682	740	<nil>
300	919	0	919	rpc error: code = Unavailable desc = transport is closing
300	844	0	844	rpc error: code = Unavailable desc = transport is closing
300	877	0	877	rpc error: code = Unavailable desc = transport is closing
300	851	0	851	rpc error: code = Unavailable desc = transport is closing
300	897	0	897	rpc error: code = Unavailable desc = transport is closing
300	3324	0	3324	rpc error: code = Unavailable desc = transport is closing
300	971	0	971	rpc error: code = Unavailable desc = transport is closing
300	963	0	963	rpc error: code = Unavailable desc = transport is closing
300	882	0	882	rpc error: code = Unavailable desc = transport is closing
300	897	0	897	rpc error: code = Unavailable desc = transport is closing
300	893	0	893	rpc error: code = Unavailable desc = transport is closing
300	920	0	920	rpc error: code = Unavailable desc = transport is closing
300	884	0	884	rpc error: code = Unavailable desc = transport is closing
300	967	0	967	rpc error: code = Unavailable desc = transport is closing
300	915	0	915	rpc error: code = Unavailable desc = transport is closing
300	861	0	861	rpc error: code = Unavailable desc = transport is closing
300	750	0	750	rpc error: code = Unavailable desc = transport is closing
300	866	0	866	rpc error: code = Unavailable desc = transport is closing
300	3408	0	3408	rpc error: code = Unavailable desc = transport is closing
300	893	0	893	rpc error: code = Unavailable desc = transport is closing
300	873	0	873	rpc error: code = Unavailable desc = transport is closing
300	859	0	859	rpc error: code = Unavailable desc = transport is closing
300	879	0	879	rpc error: code = Unavailable desc = transport is closing
300	967	0	967	rpc error: code = Unavailable desc = transport is closing
300	970	0	970	rpc error: code = Unavailable desc = transport is closing
300	832	0	832	rpc error: code = Unavailable desc = transport is closing
300	964	0	964	rpc error: code = Unavailable desc = transport is closing
300	879	0	879	rpc error: code = Unavailable desc = transport is closing
300	855	0	855	rpc error: code = Unavailable desc = transport is closing
300	968	0	968	rpc error: code = Unavailable desc = transport is closing
300	753	0	753	rpc error: code = Unavailable desc = transport is closing
300	3575	0	3575	rpc error: code = Unavailable desc = transport is closing
300	947	0	947	rpc error: code = Unavailable desc = transport is closing
300	817	0	817	rpc error: code = Unavailable desc = transport is closing
300	916	0	916	rpc error: code = Unavailable desc = transport is closing
300	969	0	969	rpc error: code = Unavailable desc = transport is closing
300	836	0	836	rpc error: code = Unavailable desc = transport is closing
300	945	0	945	rpc error: code = Unavailable desc = transport is closing
300	301	685	986	<nil>
300	894	0	894	rpc error: code = Unavailable desc = transport is closing
300	856	0	856	rpc error: code = Unavailable desc = transport is closing
300	861	0	861	rpc error: code = Unavailable desc = transport is closing
300	893	0	893	rpc error: code = Unavailable desc = transport is closing
300	968	0	968	rpc error: code = Unavailable desc = transport is closing
300	838	0	838	rpc error: code = Unavailable desc = transport is closing
300	882	0	882	rpc error: code = Unavailable desc = transport is closing
300	968	0	968	rpc error: code = Unavailable desc = transport is closing
300	860	0	860	rpc error: code = Unavailable desc = transport is closing
300	920	0	920	rpc error: code = Unavailable desc = transport is closing
300	786	0	786	rpc error: code = Unavailable desc = transport is closing
300	919	0	919	rpc error: code = Unavailable desc = transport is closing
300	961	0	961	rpc error: code = Unavailable desc = transport is closing
300	970	0	970	rpc error: code = Unavailable desc = transport is closing
300	960	0	960	rpc error: code = Unavailable desc = transport is closing
300	979	0	979	rpc error: code = Unavailable desc = transport is closing
300	948	0	948	rpc error: code = Unavailable desc = transport is closing
300	983	0	983	rpc error: code = Unavailable desc = transport is closing
300	961	0	961	rpc error: code = Unavailable desc = transport is closing
300	969	0	969	rpc error: code = Unavailable desc = transport is closing
300	961	0	961	rpc error: code = Unavailable desc = transport is closing
300	957	0	957	rpc error: code = Unavailable desc = transport is closing
300	969	0	969	rpc error: code = Unavailable desc = transport is closing
300	961	0	961	rpc error: code = Unavailable desc = transport is closing
300	956	0	956	rpc error: code = Unavailable desc = transport is closing
300	963	0	963	rpc error: code = Unavailable desc = transport is closing
300	963	0	963	rpc error: code = Unavailable desc = transport is closing
300	956	0	956	rpc error: code = Unavailable desc = transport is closing
300	956	0	956	rpc error: code = Unavailable desc = transport is closing
300	965	0	965	rpc error: code = Unavailable desc = transport is closing
300	958	0	958	rpc error: code = Unavailable desc = transport is closing
300	956	0	956	rpc error: code = Unavailable desc = transport is closing
300	959	0	959	rpc error: code = Unavailable desc = transport is closing
300	956	0	956	rpc error: code = Unavailable desc = transport is closing
300	971	0	971	rpc error: code = Unavailable desc = transport is closing
300	955	0	955	rpc error: code = Unavailable desc = transport is closing
300	962	0	962	rpc error: code = Unavailable desc = transport is closing
300	987	0	987	rpc error: code = Unavailable desc = transport is closing
300	948	0	948	rpc error: code = Unavailable desc = transport is closing
300	978	201	1179	<nil>
300	975	203	1178	<nil>
300	986	203	1189	<nil>
300	977	201	1178	<nil>
300	974	203	1177	<nil>
300	986	197	1183	<nil>
300	979	200	1179	<nil>
300	989	198	1187	<nil>
300	981	198	1179	<nil>
300	989	197	1186	<nil>
300	979	201	1180	<nil>
300	976	202	1178	<nil>
300	990	196	1186	<nil>
300	976	202	1178	<nil>
300	985	197	1182	<nil>
300	984	198	1182	<nil>
300	992	196	1188	<nil>
300	986	200	1186	<nil>
300	977	202	1179	<nil>
300	982	197	1179	<nil>
300	988	198	1186	<nil>
300	728	201	929	<nil>
300	727	233	960	<nil>
300	733	242	975	<nil>
300	728	220	948	<nil>
300	727	252	979	<nil>
300	732	248	980	<nil>
300	732	251	983	<nil>
300	733	247	980	<nil>
300	730	253	983	<nil>
300	735	248	983	<nil>
300	735	253	988	<nil>
300	736	260	996	<nil>
300	725	271	996	<nil>
300	728	272	1000	<nil>
300	732	269	1001	<nil>
300	740	269	1009	<nil>
300	732	269	1001	<nil>
300	732	269	1001	<nil>
300	731	274	1005	<nil>
300	740	265	1005	<nil>
300	728	278	1006	<nil>
300	803	279	1082	<nil>
300	801	276	1077	<nil>
300	737	269	1006	<nil>
300	737	269	1006	<nil>
300	727	275	1002	<nil>
300	725	277	1002	<nil>
300	801	278	1079	<nil>
300	738	280	1018	<nil>
300	737	278	1015	<nil>
300	801	277	1078	<nil>
300	803	280	1083	<nil>
300	823	276	1099	<nil>
300	732	270	1002	<nil>
300	733	277	1010	<nil>
300	801	279	1080	<nil>
300	801	283	1084	<nil>
300	811	273	1084	<nil>
300	811	276	1087	<nil>
300	734	234	968	<nil>
300	810	277	1087	<nil>
300	810	277	1087	<nil>
300	810	277	1087	<nil>
300	805	282	1087	<nil>
300	810	277	1087	<nil>
300	809	278	1087	<nil>
300	810	277	1087	<nil>
300	809	278	1087	<nil>
300	731	237	968	<nil>
300	737	231	968	<nil>
300	810	278	1088	<nil>
300	217	215	432	<nil>
300	1201	233	1434	<nil>
300	190	243	433	<nil>
300	201	231	432	<nil>
300	219	214	433	<nil>
300	177	255	432	<nil>
300	270	164	434	<nil>
300	176	251	427	<nil>
300	185	243	428	<nil>
300	176	256	432	<nil>
300	175	257	432	<nil>
300	176	256	432	<nil>
300	194	232	426	<nil>
300	188	243	431	<nil>
300	177	251	428	<nil>
300	177	251	428	<nil>
300	216	215	431	<nil>
300	190	232	422	<nil>
300	171	257	428	<nil>
300	173	291	464	<nil>
300	177	251	428	<nil>
300	168	257	425	<nil>
300	198	271	469	<nil>
300	254	174	428	<nil>
300	244	189	433	<nil>
300	176	256	432	<nil>
300	171	290	461	<nil>
300	202	259	461	<nil>
300	184	283	467	<nil>
300	171	296	467	<nil>
300	169	296	465	<nil>
300	212	255	467	<nil>
300	199	271	470	<nil>
300	201	232	433	<nil>
300	172	326	498	<nil>
300	3039	322	3361	<nil>
300	187	319	506	<nil>
300	262	255	517	<nil>
300	267	252	519	<nil>
300	258	257	515	<nil>
300	272	281	553	<nil>
300	279	243	522	<nil>
300	236	285	521	<nil>
300	197	324	521	<nil>
300	244	318	562	<nil>
300	273	294	567	<nil>
300	2567	295	2862	<nil>
300	6103	295	6398	<nil>
300	224	293	517	<nil>
300	2530	334	2864	<nil>
300	239	328	567	<nil>
300	236	334	570	<nil>
300	244	329	573	<nil>
300	1248	297	1545	<nil>
300	273	293	566	<nil>
300	264	309	573	<nil>
300	267	254	521	<nil>
300	270	256	526	<nil>
300	271	254	525	<nil>
300	272	254	526	<nil>
300	273	254	527	<nil>
300	270	255	525	<nil>
300	271	254	525	<nil>
300	262	256	518	<nil>
300	270	258	528	<nil>
300	250	253	503	<nil>
300	270	254	524	<nil>
300	273	247	520	<nil>
300	266	255	521	<nil>
300	264	259	523	<nil>
300	266	253	519	<nil>
300	279	250	529	<nil>
300	273	255	528	<nil>
300	270	296	566	<nil>
300	266	301	567	<nil>
300	271	304	575	<nil>
300	280	295	575	<nil>
300	266	301	567	<nil>
300	297	270	567	<nil>
300	268	302	570	<nil>
300	273	303	576	<nil>
300	244	261	505	<nil>
300	296	271	567	<nil>
300	276	302	578	<nil>
300	273	297	570	<nil>
300	267	301	568	<nil>
300	279	296	575	<nil>
300	327	249	576	<nil>
300	279	297	576	<nil>
300	263	298	561	<nil>
300	274	302	576	<nil>
300	318	259	577	<nil>
300	242	268	510	<nil>
300	251	258	509	<nil>
300	273	260	533	<nil>
300	322	270	592	<nil>
300	300	292	592	<nil>
300	341	264	605	<nil>
300	355	240	595	<nil>
300	331	276	607	<nil>
300	323	294	617	<nil>
300	317	265	582	<nil>
300	332	312	644	<nil>
300	324	312	636	<nil>
300	328	313	641	<nil>
300	280	256	536	<nil>
300	322	319	641	<nil>
300	323	318	641	<nil>
300	259	310	569	<nil>
300	332	317	649	<nil>
300	322	319	641	<nil>
300	265	307	572	<nil>
300	323	318	641	<nil>
300	312	230	542	<nil>
300	405	241	646	<nil>
300	322	254	576	<nil>
300	259	279	538	<nil>
300	363	281	644	<nil>
300	253	284	537	<nil>
300	322	319	641	<nil>
300	329	241	570	<nil>
300	3472	307	3779	<nil>
300	309	240	549	<nil>
300	300	249	549	<nil>
300	301	241	542	<nil>
300	300	241	541	<nil>
300	286	263	549	<nil>
300	300	242	542	<nil>
300	301	242	543	<nil>
300	405	241	646	<nil>
300	219	317	536	<nil>
300	310	233	543	<nil>
300	231	303	534	<nil>
300	283	255	538	<nil>
300	358	243	601	<nil>
300	300	245	545	<nil>
300	366	234	600	<nil>
300	297	245	542	<nil>
300	274	206	480	<nil>
300	301	246	547	<nil>
300	367	238	605	<nil>
300	299	242	541	<nil>
300	280	198	478	<nil>
300	406	241	647	<nil>
300	259	177	436	<nil>
300	301	249	550	<nil>
300	309	240	549	<nil>
300	301	249	550	<nil>
300	308	241	549	<nil>
300	307	230	537	<nil>
300	296	110	406	<nil>
300	297	112	409	<nil>
300	239	242	481	<nil>
300	298	113	411	<nil>
300	310	234	544	<nil>
300	277	204	481	<nil>
300	2846	214	3060	<nil>
300	265	203	468	<nil>
300	259	176	435	<nil>
300	1310	170	1480	<nil>
300	257	178	435	<nil>
300	309	177	486	<nil>
300	257	178	435	<nil>
300	256	179	435	<nil>
300	305	180	485	<nil>
300	276	159	435	<nil>
300	308	177	485	<nil>
300	290	195	485	<nil>
300	260	176	436	<nil>
300	273	162	435	<nil>
300	283	204	487	<nil>
300	288	261	549	<nil>
300	304	182	486	<nil>
300	1294	187	1481	<nil>
300	260	161	421	<nil>
300	298	179	477	<nil>
300	266	156	422	<nil>
300	299	188	487	<nil>
300	306	182	488	<nil>
300	295	110	405	<nil>
300	297	109	406	<nil>
300	252	227	479	<nil>
300	266	110	376	<nil>
300	301	110	411	<nil>
300	295	110	405	<nil>
300	297	110	407	<nil>
300	297	109	406	<nil>
300	296	111	407	<nil>
300	297	109	406	<nil>
300	264	154	418	<nil>
300	294	112	406	<nil>
300	271	160	431	<nil>
300	305	111	416	<nil>
300	278	203	481	<nil>
300	299	112	411	<nil>
300	293	112	405	<nil>
300	298	112	410	<nil>
300	300	113	413	<nil>
300	2974	102	3076	<nil>
300	307	103	410	<nil>
300	298	112	410	<nil>
300	291	112	403	<nil>
300	285	195	480	<nil>
300	282	114	396	<nil>
300	247	50	297	<nil>
300	242	56	298	<nil>
300	195	49	244	<nil>
300	186	49	235	<nil>
300	10160	105	10265	<nil>
300	297	114	411	<nil>
300	5625	76	5701	<nil>
300	130	3	133	<nil>
300	330	76	406	<nil>
300	265	134	399	<nil>
300	326	77	403	<nil>
300	134	1	135	<nil>
300	278	74	352	<nil>
300	246	58	304	<nil>
300	263	139	402	<nil>
300	286	70	356	<nil>
300	285	73	358	<nil>
300	246	64	310	<nil>
300	189	61	250	<nil>
300	265	130	395	<nil>
300	284	62	346	<nil>
300	186	63	249	<nil>
300	146	57	203	<nil>
300	146	57	203	<nil>
300	144	58	202	<nil>
300	145	58	203	<nil>
300	247	50	297	<nil>
300	285	74	359	<nil>
300	204	48	252	<nil>
300	285	63	348	<nil>
300	286	63	349	<nil>
300	241	57	298	<nil>
300	266	136	402	<nil>
300	245	58	303	<nil>
300	239	66	305	<nil>
300	144	1	145	<nil>
300	240	59	299	<nil>
300	258	138	396	<nil>
300	263	141	404	<nil>
300	286	71	357	<nil>
300	285	71	356	<nil>
300	242	66	308	<nil>
300	286	72	358	<nil>
300	286	72	358	<nil>
300	145	60	205	<nil>
300	285	73	358	<nil>
300	125	61	186	<nil>
300	239	55	294	<nil>
300	126	61	187	<nil>
300	274	72	346	<nil>
300	141	1	142	<nil>
300	265	134	399	<nil>
300	267	137	404	<nil>
300	285	73	358	<nil>
300	275	83	358	<nil>
300	208	65	273	<nil>
300	246	64	310	<nil>
300	186	60	246	<nil>
300	140	18	158	<nil>
300	187	60	247	<nil>
300	124	29	153	<nil>
300	296	115	411	<nil>
300	247	64	311	<nil>
300	120	5	125	<nil>
300	186	48	234	<nil>
300	147	59	206	<nil>
300	171	48	219	<nil>
300	234	56	290	<nil>
300	102	31	133	<nil>
300	290	63	353	<nil>
300	104	31	135	<nil>
300	88	38	126	<nil>
300	334	297	631	<nil>
300	120	31	151	<nil>
300	265	137	402	<nil>
300	284	68	352	<nil>
300	285	73	358	<nil>
300	119	31	150	<nil>
300	145	59	204	<nil>
300	148	60	208	<nil>
300	94	34	128	<nil>
300	125	60	185	<nil>
300	259	59	318	<nil>
300	148	59	207	<nil>
300	134	1	135	<nil>
300	133	53	186	<nil>
300	278	75	353	<nil>
300	132	54	186	<nil>
300	151	54	205	<nil>
300	151	28	179	<nil>
300	132	54	186	<nil>
300	123	28	151	<nil>
300	189	61	250	<nil>
300	188	65	253	<nil>
300	110	41	151	<nil>
300	140	19	159	<nil>
300	129	29	158	<nil>
300	119	30	149	<nil>
300	186	62	248	<nil>
300	99	30	129	<nil>
300	103	30	133	<nil>
300	264	131	395	<nil>
300	3053	51	3104	<nil>
300	273	73	346	<nil>
300	2976	136	3112	<nil>
300	119	31	150	<nil>
300	120	31	151	<nil>
300	118	32	150	<nil>
300	190	61	251	<nil>
300	242	67	309	<nil>
300	129	29	158	<nil>
300	223	0	223	rpc error: code = Unavailable desc = transport is closing
300	233	0	233	rpc error: code = Unavailable desc = transport is closing
300	221	0	221	rpc error: code = Unavailable desc = transport is closing
300	222	0	222	rpc error: code = Unavailable desc = transport is closing
300	282	0	282	rpc error: code = Unavailable desc = transport is closing
300	255	0	255	rpc error: code = Unavailable desc = transport is closing
300	258	0	258	rpc error: code = Unavailable desc = transport is closing
300	255	0	255	rpc error: code = Unavailable desc = transport is closing
300	257	0	257	rpc error: code = Unavailable desc = transport is closing
300	249	0	249	rpc error: code = Unavailable desc = transport is closing
300	264	518	782	<nil>
300	244	0	244	rpc error: code = Unavailable desc = transport is closing
300	275	0	275	rpc error: code = Unavailable desc = transport is closing
300	237	0	237	rpc error: code = Unavailable desc = transport is closing
300	232	528	760	<nil>
300	255	530	785	<nil>
300	5496	531	6027	<nil>
300	162	539	701	<nil>
300	291	0	291	rpc error: code = Unavailable desc = transport is closing
300	256	548	804	<nil>
300	303	0	303	rpc error: code = Unavailable desc = transport is closing
300	761	0	761	rpc error: code = Unavailable desc = transport is closing
300	5372	0	5372	rpc error: code = Unavailable desc = transport is closing
300	672	0	672	rpc error: code = Unavailable desc = transport is closing
300	720	76	796	<nil>
300	685	0	685	rpc error: code = Unavailable desc = transport is closing
300	721	0	721	rpc error: code = Unavailable desc = transport is closing
300	737	0	737	rpc error: code = Unavailable desc = transport is closing
300	763	107	870	<nil>
300	685	108	793	<nil>
300	746	0	746	rpc error: code = Unavailable desc = transport is closing
300	718	0	718	rpc error: code = Unavailable desc = transport is closing
300	747	0	747	rpc error: code = Unavailable desc = transport is closing
300	740	0	740	rpc error: code = Unavailable desc = transport is closing
300	687	0	687	rpc error: code = Unavailable desc = transport is closing
300	699	0	699	rpc error: code = Unavailable desc = transport is closing
300	745	0	745	rpc error: code = Unavailable desc = transport is closing
300	722	0	722	rpc error: code = Unavailable desc = transport is closing
300	737	0	737	rpc error: code = Unavailable desc = transport is closing
300	677	0	677	rpc error: code = Unavailable desc = transport is closing
300	740	0	740	rpc error: code = Unavailable desc = transport is closing
300	745	0	745	rpc error: code = Unavailable desc = transport is closing
300	749	0	749	rpc error: code = Unavailable desc = transport is closing
300	764	0	764	rpc error: code = Unavailable desc = transport is closing
300	723	0	723	rpc error: code = Unavailable desc = transport is closing
300	685	0	685	rpc error: code = Unavailable desc = transport is closing
300	675	0	675	rpc error: code = Unavailable desc = transport is closing
300	744	0	744	rpc error: code = Unavailable desc = transport is closing
300	692	0	692	rpc error: code = Unavailable desc = transport is closing
300	6010	0	6010	rpc error: code = Unavailable desc = transport is closing
300	745	0	745	rpc error: code = Unavailable desc = transport is closing
300	736	0	736	rpc error: code = Unavailable desc = transport is closing
300	751	0	751	rpc error: code = Unavailable desc = transport is closing
300	741	0	741	rpc error: code = Unavailable desc = transport is closing
300	760	0	760	rpc error: code = Unavailable desc = transport is closing
300	674	0	674	rpc error: code = Unavailable desc = transport is closing
300	787	0	787	rpc error: code = Unavailable desc = transport is closing
300	675	0	675	rpc error: code = Unavailable desc = transport is closing
300	745	0	745	rpc error: code = Unavailable desc = transport is closing
300	757	0	757	rpc error: code = Unavailable desc = transport is closing
300	684	107	791	<nil>
300	697	0	697	rpc error: code = Unavailable desc = transport is closing
300	762	42	804	<nil>
300	759	44	803	<nil>
300	768	67	835	<nil>
300	759	82	841	<nil>
300	759	96	855	<nil>
300	768	95	863	<nil>
300	759	114	873	<nil>
300	762	106	868	<nil>
300	756	115	871	<nil>
300	753	115	868	<nil>
300	760	108	868	<nil>
300	763	103	866	<nil>
300	761	109	870	<nil>
300	765	110	875	<nil>
300	760	111	871	<nil>
300	764	103	867	<nil>
300	758	109	867	<nil>
300	770	102	872	<nil>
300	762	105	867	<nil>
300	760	117	877	<nil>
300	751	116	867	<nil>
300	761	106	867	<nil>
300	760	116	876	<nil>
300	752	116	868	<nil>
300	760	154	914	<nil>
300	778	145	923	<nil>
300	777	146	923	<nil>
300	763	155	918	<nil>
300	765	159	924	<nil>
300	760	156	916	<nil>
300	1596	152	1748	<nil>
300	1252	170	1422	<nil>
300	761	162	923	<nil>
300	751	172	923	<nil>
300	767	159	926	<nil>
300	774	158	932	<nil>
300	777	154	931	<nil>
300	763	163	926	<nil>
300	5476	157	5633	<nil>
300	754	167	921	<nil>
300	1261	163	1424	<nil>
300	763	159	922	<nil>
300	768	159	927	<nil>
300	1583	183	1766	<nil>
300	759	162	921	<nil>
300	3166	171	3337	<nil>
300	779	166	945	<nil>
300	2987	167	3154	<nil>
300	779	167	946	<nil>
300	1602	166	1768	<nil>
300	803	167	970	<nil>
300	779	167	946	<nil>
300	2976	178	3154	<nil>
300	772	215	987	<nil>
300	772	220	992	<nil>
300	117	195	312	<nil>
300	772	221	993	<nil>
300	804	222	1026	<nil>
300	782	219	1001	<nil>
300	782	218	1000	<nil>
300	2979	220	3199	<nil>
300	120	193	313	<nil>
300	112	200	312	<nil>
300	117	195	312	<nil>
300	112	200	312	<nil>
300	772	220	992	<nil>
300	111	200	311	<nil>
300	783	219	1002	<nil>
300	161	171	332	<nil>
300	3047	177	3224	<nil>
300	160	177	337	<nil>
300	150	167	317	<nil>
300	129	177	306	<nil>
300	159	177	336	<nil>
300	88	218	306	<nil>
300	123	152	275	<nil>
300	167	170	337	<nil>
300	159	177	336	<nil>
300	98	218	316	<nil>
300	160	178	338	<nil>
300	141	177	318	<nil>
300	145	191	336	<nil>
300	99	151	250	<nil>
300	104	158	262	<nil>
300	88	225	313	<nil>
300	1123	155	1278	<nil>
300	97	157	254	<nil>
300	1123	166	1289	<nil>
300	98	169	267	<nil>
300	98	200	298	<nil>
300	97	224	321	<nil>
300	128	180	308	<nil>
300	138	180	318	<nil>
300	135	184	319	<nil>
300	133	180	313	<nil>
300	99	224	323	<nil>
300	134	184	318	<nil>
300	182	141	323	<nil>
300	181	145	326	<nil>
300	186	141	327	<nil>
300	187	141	328	<nil>
300	153	175	328	<nil>
300	173	155	328	<nil>
300	160	171	331	<nil>
300	121	147	268	<nil>
300	172	160	332	<nil>
300	161	172	333	<nil>
300	172	160	332	<nil>
300	167	161	328	<nil>
300	141	113	254	<nil>
300	172	160	332	<nil>
300	119	132	251	<nil>
300	153	180	333	<nil>
300	173	35	208	<nil>
300	187	146	333	<nil>
300	178	31	209	<nil>
300	172	161	333	<nil>
300	182	151	333	<nil>
300	160	173	333	<nil>
300	155	178	333	<nil>
300	116	172	288	<nil>
300	153	181	334	<nil>
300	154	180	334	<nil>
300	140	68	208	<nil>
300	160	173	333	<nil>
300	140	115	255	<nil>
300	184	21	205	<nil>
300	175	24	199	<nil>
300	142	113	255	<nil>
300	143	112	255	<nil>
300	144	109	253	<nil>
300	118	132	250	<nil>
300	121	130	251	<nil>
300	140	114	254	<nil>
300	133	121	254	<nil>
300	121	138	259	<nil>
300	121	134	255	<nil>
300	123	135	258	<nil>
300	128	138	266	<nil>
300	114	159	273	<nil>
300	136	116	252	<nil>
300	137	113	250	<nil>
300	119	134	253	<nil>
300	205	136	341	<nil>
300	124	132	256	<nil>
300	172	160	332	<nil>
300	143	65	208	<nil>
300	161	172	333	<nil>
300	203	129	332	<nil>
300	187	23	210	<nil>
300	121	132	253	<nil>
300	142	111	253	<nil>
300	167	23	190	<nil>
300	893	0	893	rpc error: code = DeadlineExceeded desc = context deadline exceeded
300	856	0	856	rpc error: code = DeadlineExceeded desc = context deadline exceeded
300	856	0	856	rpc error: code = DeadlineExceeded desc = context deadline exceeded
300	836	0	836	rpc error: code = DeadlineExceeded desc = context deadline exceeded
300	834	0	834	rpc error: code = DeadlineExceeded desc = context deadline exceeded
300	858	0	858	rpc error: code = DeadlineExceeded desc = context deadline exceeded
300	882	0	882	rpc error: code = DeadlineExceeded desc = context deadline exceeded
300	919	0	919	rpc error: code = DeadlineExceeded desc = context deadline exceeded
300	155	84	239	<nil>
300	123	114	237	<nil>
300	176	72	248	<nil>
300	175	73	248	<nil>
300	108	117	225	<nil>
300	177	70	247	<nil>
300	101	117	218	<nil>
300	130	117	247	<nil>
300	138	103	241	<nil>
300	176	94	270	<nil>
300	166	73	239	<nil>
300	860	0	860	rpc error: code = DeadlineExceeded desc = context deadline exceeded
300	10049	115	10164	<nil>
300	102	95	197	<nil>
300	117	125	242	<nil>
300	173	98	271	<nil>
300	141	102	243	<nil>
300	119	147	266	<nil>
300	1137	77	1214	<nil>
300	1120	95	1215	<nil>
300	111	98	209	<nil>
300	101	103	204	<nil>
300	140	117	257	<nil>
300	134	116	250	<nil>
300	1123	100	1223	<nil>
300	149	120	269	<nil>
300	1108	106	1214	<nil>
300	81	99	180	<nil>
300	91	92	183	<nil>
300	82	102	184	<nil>
300	113	104	217	<nil>
300	1131	91	1222	<nil>
300	111	157	268	<nil>
300	1121	102	1223	<nil>
300	93	92	185	<nil>
300	106	93	199	<nil>
300	1130	92	1222	<nil>
300	100	116	216	<nil>
300	90	86	176	<nil>
300	944	0	944	rpc error: code = DeadlineExceeded desc = context deadline exceeded
300	748	0	748	rpc error: code = DeadlineExceeded desc = context deadline exceeded
300	947	0	947	rpc error: code = DeadlineExceeded desc = context deadline exceeded
300	966	0	966	rpc error: code = DeadlineExceeded desc = context deadline exceeded
300	138	111	249	<nil>
300	943	0	943	rpc error: code = DeadlineExceeded desc = context deadline exceeded
300	961	0	961	rpc error: code = DeadlineExceeded desc = context deadline exceeded
300	1130	136	1266	<nil>
300	89	137	226	<nil>
300	88	137	225	<nil>
300	123	137	260	<nil>
300	88	138	226	<nil>
300	94	137	231	<nil>
300	89	138	227	<nil>
300	92	134	226	<nil>
300	88	137	225	<nil>
300	87	138	225	<nil>
300	1131	135	1266	<nil>
300	675	0	675	rpc error: code = DeadlineExceeded desc = context deadline exceeded
300	1128	137	1265	<nil>
300	94	136	230	<nil>
300	91	136	227	<nil>
300	1121	146	1267	<nil>
300	86	138	224	<nil>
300	90	137	227	<nil>
300	89	136	225	<nil>
300	262	10	272	<nil>
300	261	13	274	<nil>
300	247	26	273	<nil>
300	245	27	272	<nil>
300	257	15	272	<nil>
300	282	22	304	<nil>
300	246	27	273	<nil>
300	260	13	273	<nil>
300	246	28	274	<nil>
300	277	11	288	<nil>
300	255	11	266	<nil>
300	249	25	274	<nil>
300	276	11	287	<nil>
300	277	11	288	<nil>
300	262	12	274	<nil>
300	285	13	298	<nil>
300	173	12	185	<nil>
300	260	13	273	<nil>
300	253	21	274	<nil>
300	252	23	275	<nil>
300	262	6	268	<nil>
300	293	10	303	<nil>
300	260	14	274	<nil>
300	262	9	271	<nil>
300	268	9	277	<nil>
300	196	9	205	<nil>
300	237	28	265	<nil>
300	246	27	273	<nil>
300	255	19	274	<nil>
300	298	27	325	<nil>
300	270	10	280	<nil>
300	312	27	339	<nil>
300	269	10	279	<nil>
300	292	10	302	<nil>
300	251	23	274	<nil>
300	181	11	192	<nil>
300	273	12	285	<nil>
300	206	14	220	<nil>
300	134	11	145	<nil>
300	270	11	281	<nil>
300	268	11	279	<nil>
300	283	11	294	<nil>
300	259	14	273	<nil>
300	269	9	278	<nil>
300	267	11	278	<nil>
300	270	10	280	<nil>
300	274	11	285	<nil>
300	260	10	270	<nil>
300	270	9	279	<nil>
300	181	10	191	<nil>
300	281	10	291	<nil>
300	180	11	191	<nil>
300	261	12	273	<nil>
300	384	14	398	<nil>
300	315	8	323	<nil>
300	147	7	154	<nil>
300	290	13	303	<nil>
300	166	17	183	<nil>
300	159	16	175	<nil>
300	292	11	303	<nil>
300	158	15	173	<nil>
300	123	13	136	<nil>
300	159	15	174	<nil>
300	149	16	165	<nil>
300	156	21	177	<nil>
300	127	10	137	<nil>
300	118	18	136	<nil>
300	124	17	141	<nil>
300	114	16	130	<nil>
300	166	11	177	<nil>
300	159	17	176	<nil>
300	159	17	176	<nil>
300	120	11	131	<nil>
300	150	17	167	<nil>
300	203	20	223	<nil>
300	156	22	178	<nil>
300	125	17	142	<nil>
300	155	23	178	<nil>
300	157	23	180	<nil>
300	104	23	127	<nil>
300	163	15	178	<nil>
300	163	16	179	<nil>
300	164	15	179	<nil>
300	168	12	180	<nil>
300	166	15	181	<nil>
300	314	22	336	<nil>
300	135	11	146	<nil>
300	164	15	179	<nil>
300	98	24	122	<nil>
300	165	15	180	<nil>
300	107	22	129	<nil>
300	160	20	180	<nil>
300	171	11	182	<nil>
300	204	40	244	<nil>
300	107	33	140	<nil>
300	158	39	197	<nil>
300	131	42	173	<nil>
300	153	33	186	<nil>
300	298	34	332	<nil>
300	153	34	187	<nil>
320	86	219	305	<nil>
320	84	206	290	<nil>
320	102	201	303	<nil>
320	85	206	291	<nil>
320	290	5	295	<nil>
320	280	17	297	<nil>
320	266	17	283	<nil>
320	282	16	298	<nil>
320	283	16	299	<nil>
320	283	17	300	<nil>
320	278	17	295	<nil>
320	279	17	296	<nil>
320	284	22	306	<nil>
320	274	17	291	<nil>
320	293	15	308	<nil>
320	272	23	295	<nil>
320	291	19	310	<nil>
320	279	17	296	<nil>
320	287	16	303	<nil>
320	279	17	296	<nil>
320	280	16	296	<nil>
320	279	19	298	<nil>
320	278	18	296	<nil>
320	284	16	300	<nil>
320	278	19	297	<nil>
320	305	7	312	<nil>
320	291	5	296	<nil>
320	253	7	260	<nil>
320	291	6	297	<nil>
320	281	15	296	<nil>
320	255	10	265	<nil>
320	302	7	309	<nil>
320	304	11	315	<nil>
320	288	11	299	<nil>
320	293	10	303	<nil>
320	303	9	312	<nil>
320	305	7	312	<nil>
320	256	9	265	<nil>
320	271	11	282	<nil>
320	295	8	303	<nil>
320	294	9	303	<nil>
320	293	9	302	<nil>
320	295	8	303	<nil>
320	303	10	313	<nil>
320	292	11	303	<nil>
320	300	10	310	<nil>
320	301	9	310	<nil>
320	317	7	324	<nil>
320	294	9	303	<nil>
320	306	7	313	<nil>
320	293	10	303	<nil>
320	255	9	264	<nil>
320	314	9	323	<nil>
320	251	14	265	<nil>
320	292	10	302	<nil>
320	289	9	298	<nil>
320	300	10	310	<nil>
320	256	8	264	<nil>
320	290	108	398	<nil>
320	229	107	336	<nil>
320	290	109	399	<nil>
320	300	102	402	<nil>
320	287	114	401	<nil>
320	255	110	365	<nil>
320	256	109	365	<nil>
320	234	127	361	<nil>
320	291	128	419	<nil>
320	270	126	396	<nil>
320	258	123	381	<nil>
320	291	127	418	<nil>
320	292	128	420	<nil>
320	293	130	423	<nil>
320	292	129	421	<nil>
320	291	127	418	<nil>
320	295	127	422	<nil>
320	225	131	356	<nil>
320	290	129	419	<nil>
320	265	120	385	<nil>
320	256	134	390	<nil>
320	5029	131	5160	<nil>
320	271	129	400	<nil>
320	291	132	423	<nil>
320	265	125	390	<nil>
320	227	130	357	<nil>
320	266	125	391	<nil>
320	237	124	361	<nil>
320	265	125	390	<nil>
320	266	124	390	<nil>
320	266	125	391	<nil>
320	264	125	389	<nil>
320	237	126	363	<nil>
320	262	127	389	<nil>
320	269	128	397	<nil>
320	264	128	392	<nil>
320	268	126	394	<nil>
320	121	49	170	<nil>
320	34	135	169	<nil>
320	264	138	402	<nil>
320	105	39	144	<nil>
320	66	103	169	<nil>
320	82	76	158	<nil>
320	263	140	403	<nil>
320	237	138	375	<nil>
320	108	41	149	<nil>
320	295	128	423	<nil>
320	41	140	181	<nil>
320	117	60	177	<nil>
320	156	70	226	<nil>
320	166	61	227	<nil>
320	167	60	227	<nil>
320	172	50	222	<nil>
320	166	61	227	<nil>
320	168	62	230	<nil>
320	162	63	225	<nil>
320	155	75	230	<nil>
320	177	53	230	<nil>
320	180	54	234	<nil>
320	155	75	230	<nil>
320	155	75	230	<nil>
320	152	76	228	<nil>
320	155	74	229	<nil>
320	167	63	230	<nil>
320	156	74	230	<nil>
320	207	24	231	<nil>
320	154	77	231	<nil>
320	139	91	230	<nil>
320	168	69	237	<nil>
320	177	58	235	<nil>
320	1143	104	1247	<nil>
320	140	57	197	<nil>
320	164	66	230	<nil>
320	215	15	230	<nil>
320	166	67	233	<nil>
320	150	80	230	<nil>
320	184	51	235	<nil>
320	151	80	231	<nil>
320	162	68	230	<nil>
320	174	58	232	<nil>
320	166	67	233	<nil>
320	168	67	235	<nil>
320	187	34	221	<nil>
320	187	39	226	<nil>
320	213	39	252	<nil>
320	160	66	226	<nil>
320	166	59	225	<nil>
320	178	47	225	<nil>
320	181	44	225	<nil>
320	152	74	226	<nil>
320	206	51	257	<nil>
320	202	51	253	<nil>
320	176	50	226	<nil>
320	186	53	239	<nil>
320	166	60	226	<nil>
320	147	81	228	<nil>
320	166	60	226	<nil>
320	176	52	228	<nil>
320	82	142	224	<nil>
320	82	143	225	<nil>
320	187	113	300	<nil>
320	202	125	327	<nil>
320	82	156	238	<nil>
320	105	136	241	<nil>
320	105	139	244	<nil>
320	89	157	246	<nil>
320	99	147	246	<nil>
320	90	176	266	<nil>
320	121	125	246	<nil>
320	108	121	229	<nil>
320	111	122	233	<nil>
320	128	117	245	<nil>
320	126	119	245	<nil>
320	114	125	239	<nil>
320	120	132	252	<nil>
320	102	155	257	<nil>
320	103	147	250	<nil>
320	128	119	247	<nil>
320	108	150	258	<nil>
320	105	153	258	<nil>
320	117	126	243	<nil>
320	110	126	236	<nil>
320	122	130	252	<nil>
320	154	94	248	<nil>
320	120	115	235	<nil>
320	113	125	238	<nil>
320	120	116	236	<nil>
320	123	116	239	<nil>
320	114	125	239	<nil>
320	110	129	239	<nil>
320	203	34	237	<nil>
320	114	121	235	<nil>
320	128	120	248	<nil>
320	96	148	244	<nil>
320	175	40	215	<nil>
320	103	116	219	<nil>
320	201	43	244	<nil>
320	176	86	262	<nil>
320	124	196	320	<nil>
320	206	115	321	<nil>
320	113	209	322	<nil>
320	119	134	253	<nil>
320	1113	110	1223	<nil>
320	113	117	230	<nil>
320	1110	110	1220	<nil>
320	138	110	248	<nil>
320	98	136	234	<nil>
320	5907	190	6097	<nil>
320	109	113	222	<nil>
320	111	111	222	<nil>
320	205	137	342	<nil>
320	173	78	251	<nil>
320	136	112	248	<nil>
320	164	73	237	<nil>
320	1149	78	1227	<nil>
320	119	224	343	<nil>
320	119	134	253	<nil>
320	95	157	252	<nil>
320	136	115	251	<nil>
320	131	93	224	<nil>
320	130	115	245	<nil>
320	177	138	315	<nil>
320	141	186	327	<nil>
320	132	94	226	<nil>
320	5613	79	5692	<nil>
320	201	140	341	<nil>
320	108	116	224	<nil>
320	133	93	226	<nil>
320	132	117	249	<nil>
320	124	220	344	<nil>
320	198	54	252	<nil>
320	132	117	249	<nil>
320	111	143	254	<nil>
320	182	66	248	<nil>
320	171	61	232	<nil>
320	203	60	263	<nil>
320	203	139	342	<nil>
320	1162	73	1235	<nil>
320	1149	92	1241	<nil>
320	132	133	265	<nil>
320	107	120	227	<nil>
320	132	135	267	<nil>
320	146	124	270	<nil>
320	110	179	289	<nil>
320	1174	165	1339	<nil>
320	146	191	337	<nil>
320	127	192	319	<nil>
320	131	214	345	<nil>
320	146	210	356	<nil>
320	154	225	379	<nil>
320	170	183	353	<nil>
320	195	197	392	<nil>
320	1174	188	1362	<nil>
320	146	215	361	<nil>
320	146	214	360	<nil>
320	154	230	384	<nil>
320	10449	225	10674	<nil>
320	57	227	284	<nil>
320	91	173	264	<nil>
320	98	190	288	<nil>
320	84	201	285	<nil>
320	68	226	294	<nil>
320	117	176	293	<nil>
320	1131	232	1363	<nil>
320	70	214	284	<nil>
320	171	190	361	<nil>
320	130	239	369	<nil>
320	80	178	258	<nil>
320	89	169	258	<nil>
320	91	167	258	<nil>
320	98	171	269	<nil>
320	101	168	269	<nil>
320	95	169	264	<nil>
320	94	187	281	<nil>
320	95	186	281	<nil>
320	95	242	337	<nil>
320	95	242	337	<nil>
320	261	0	261	rpc error: code = Unavailable desc = transport is closing
320	261	0	261	rpc error: code = Unavailable desc = transport is closing
320	265	0	265	rpc error: code = Unavailable desc = transport is closing
320	291	0	291	rpc error: code = Unavailable desc = transport is closing
320	281	0	281	rpc error: code = Unavailable desc = transport is closing
320	181	0	181	rpc error: code = Unavailable desc = transport is closing
320	133	0	133	rpc error: code = Unavailable desc = transport is closing
320	181	0	181	rpc error: code = Unavailable desc = transport is closing
320	95	250	345	<nil>
320	268	0	268	rpc error: code = Unavailable desc = transport is closing
320	98	250	348	<nil>
320	268	0	268	rpc error: code = Unavailable desc = transport is closing
320	262	0	262	rpc error: code = Unavailable desc = transport is closing
320	95	251	346	<nil>
320	204	0	204	rpc error: code = Unavailable desc = transport is closing
320	146	0	146	rpc error: code = Unavailable desc = transport is closing
320	268	0	268	rpc error: code = Unavailable desc = transport is closing
320	261	0	261	rpc error: code = Unavailable desc = transport is closing
320	95	250	345	<nil>
320	97	251	348	<nil>
320	293	0	293	rpc error: code = Unavailable desc = transport is closing
320	155	0	155	rpc error: code = Unavailable desc = transport is closing
320	261	0	261	rpc error: code = Unavailable desc = transport is closing
320	746	0	746	rpc error: code = Unavailable desc = transport is closing
320	49	215	264	<nil>
320	206	0	206	rpc error: code = Unavailable desc = transport is closing
320	203	0	203	rpc error: code = Unavailable desc = transport is closing
320	158	0	158	rpc error: code = Unavailable desc = transport is closing
320	111	0	111	rpc error: code = Unavailable desc = transport is closing
320	268	0	268	rpc error: code = Unavailable desc = transport is closing
320	121	0	121	rpc error: code = Unavailable desc = transport is closing
320	294	0	294	rpc error: code = Unavailable desc = transport is closing
320	94	250	344	<nil>
320	96	253	349	<nil>
320	284	0	284	rpc error: code = Unavailable desc = transport is closing
320	123	0	123	rpc error: code = Unavailable desc = transport is closing
320	95	254	349	<nil>
320	112	239	351	<nil>
320	737	0	737	rpc error: code = Unavailable desc = transport is closing
320	3086	0	3086	rpc error: code = Unavailable desc = transport is closing
320	737	0	737	rpc error: code = Unavailable desc = transport is closing
320	738	0	738	rpc error: code = Unavailable desc = transport is closing
320	738	0	738	rpc error: code = Unavailable desc = transport is closing
320	747	0	747	rpc error: code = Unavailable desc = transport is closing
320	737	0	737	rpc error: code = Unavailable desc = transport is closing
320	745	0	745	rpc error: code = Unavailable desc = transport is closing
320	742	0	742	rpc error: code = Unavailable desc = transport is closing
320	260	0	260	rpc error: code = Unavailable desc = transport is closing
320	158	0	158	rpc error: code = Unavailable desc = transport is closing
320	741	0	741	rpc error: code = Unavailable desc = transport is closing
320	746	0	746	rpc error: code = Unavailable desc = transport is closing
320	737	0	737	rpc error: code = Unavailable desc = transport is closing
320	743	0	743	rpc error: code = Unavailable desc = transport is closing
320	742	0	742	rpc error: code = Unavailable desc = transport is closing
320	746	0	746	rpc error: code = Unavailable desc = transport is closing
320	319	0	319	rpc error: code = Unavailable desc = transport is closing
320	113	242	355	<nil>
320	107	247	354	<nil>
320	3081	0	3081	rpc error: code = Unavailable desc = transport is closing
320	108	140	248	<nil>
320	43	212	255	<nil>
320	108	245	353	<nil>
320	103	247	350	<nil>
320	772	0	772	rpc error: code = Unavailable desc = transport is closing
320	87	245	332	<nil>
320	33	244	277	<nil>
320	9729	0	9729	rpc error: code = Unavailable desc = transport is closing
320	36	242	278	<nil>
320	109	246	355	<nil>
320	108	139	247	<nil>
320	102	247	349	<nil>
320	52	229	281	<nil>
320	58	195	253	<nil>
320	109	247	356	<nil>
320	43	212	255	<nil>
320	103	246	349	<nil>
320	109	246	355	<nil>
320	116	139	255	<nil>
320	109	143	252	<nil>
320	117	140	257	<nil>
320	103	144	247	<nil>
320	740	0	740	rpc error: code = Unavailable desc = transport is closing
320	159	0	159	rpc error: code = Unavailable desc = transport is closing
320	110	140	250	<nil>
320	739	0	739	rpc error: code = Unavailable desc = transport is closing
320	111	155	266	<nil>
320	764	0	764	rpc error: code = Unavailable desc = transport is closing
320	759	0	759	rpc error: code = Unavailable desc = transport is closing
320	117	241	358	<nil>
320	738	0	738	rpc error: code = Unavailable desc = transport is closing
320	764	0	764	rpc error: code = Unavailable desc = transport is closing
320	764	0	764	rpc error: code = Unavailable desc = transport is closing
320	768	0	768	rpc error: code = Unavailable desc = transport is closing
320	113	137	250	<nil>
320	112	158	270	<nil>
320	764	0	764	rpc error: code = Unavailable desc = transport is closing
320	762	0	762	rpc error: code = Unavailable desc = transport is closing
320	751	0	751	rpc error: code = Unavailable desc = transport is closing
320	758	0	758	rpc error: code = Unavailable desc = transport is closing
320	768	0	768	rpc error: code = Unavailable desc = transport is closing
320	766	0	766	rpc error: code = Unavailable desc = transport is closing
320	774	0	774	rpc error: code = Unavailable desc = transport is closing
320	761	0	761	rpc error: code = Unavailable desc = transport is closing
320	770	0	770	rpc error: code = Unavailable desc = transport is closing
320	778	0	778	rpc error: code = Unavailable desc = transport is closing
320	778	0	778	rpc error: code = Unavailable desc = transport is closing
320	762	0	762	rpc error: code = Unavailable desc = transport is closing
320	768	0	768	rpc error: code = Unavailable desc = transport is closing
320	755	0	755	rpc error: code = Unavailable desc = transport is closing
320	759	0	759	rpc error: code = Unavailable desc = transport is closing
320	93	167	260	<nil>
320	90	172	262	<nil>
320	88	172	260	<nil>
320	731	0	731	rpc error: code = Unavailable desc = transport is closing
320	144	153	297	<nil>
320	153	164	317	<nil>
320	2679	125	2804	<nil>
320	112	197	309	<nil>
320	145	164	309	<nil>
320	110	173	283	<nil>
320	143	164	307	<nil>
320	145	165	310	<nil>
320	145	167	312	<nil>
320	145	165	310	<nil>
320	148	138	286	<nil>
320	143	165	308	<nil>
320	188	127	315	<nil>
320	148	193	341	<nil>
320	141	197	338	<nil>
320	144	192	336	<nil>
320	158	180	338	<nil>
320	145	192	337	<nil>
320	146	193	339	<nil>
320	187	154	341	<nil>
320	36	202	238	<nil>
320	142	194	336	<nil>
320	203	139	342	<nil>
320	110	117	227	<nil>
320	99	152	251	<nil>
320	124	131	255	<nil>
320	140	198	338	<nil>
320	72	174	246	<nil>
320	99	112	211	<nil>
320	112	0	112	rpc error: code = Unavailable desc = transport is closing
320	1067	203	1270	<nil>
320	100	151	251	<nil>
320	103	150	253	<nil>
320	95	142	237	<nil>
320	116	135	251	<nil>
320	3028	228	3256	<nil>
320	100	151	251	<nil>
320	159	228	387	<nil>
320	89	181	270	<nil>
320	99	153	252	<nil>
320	99	151	250	<nil>
320	99	152	251	<nil>
320	107	134	241	<nil>
320	102	140	242	<nil>
320	120	152	272	<nil>
320	79	138	217	<nil>
320	104	152	256	<nil>
320	120	133	253	<nil>
320	95	147	242	<nil>
320	2501	138	2639	<nil>
320	101	145	246	<nil>
320	2511	130	2641	<nil>
320	121	134	255	<nil>
320	114	140	254	<nil>
320	42	146	188	<nil>
320	2765	131	2896	<nil>
320	791	0	791	rpc error: code = Unavailable desc = transport is closing
320	812	0	812	rpc error: code = Unavailable desc = transport is closing
320	804	0	804	rpc error: code = Unavailable desc = transport is closing
320	145	193	338	<nil>
320	127	773	900	<nil>
320	148	899	1047	<nil>
320	733	0	733	rpc error: code = Unavailable desc = transport is closing
320	794	0	794	rpc error: code = Unavailable desc = transport is closing
320	812	0	812	rpc error: code = Unavailable desc = transport is closing
320	247	0	247	rpc error: code = Unavailable desc = transport is closing
320	248	0	248	rpc error: code = Unavailable desc = transport is closing
320	247	0	247	rpc error: code = Unavailable desc = transport is closing
320	774	0	774	rpc error: code = Unavailable desc = transport is closing
320	247	0	247	rpc error: code = Unavailable desc = transport is closing
320	247	0	247	rpc error: code = Unavailable desc = transport is closing
320	1601	0	1601	rpc error: code = Unavailable desc = transport is closing
320	746	0	746	rpc error: code = Unavailable desc = transport is closing
320	9040	0	9040	rpc error: code = Unavailable desc = transport is closing
320	759	0	759	rpc error: code = Unavailable desc = transport is closing
320	748	0	748	rpc error: code = Unavailable desc = transport is closing
320	760	0	760	rpc error: code = Unavailable desc = transport is closing
320	795	0	795	rpc error: code = Unavailable desc = transport is closing
320	746	0	746	rpc error: code = Unavailable desc = transport is closing
320	819	0	819	rpc error: code = Unavailable desc = transport is closing
320	739	0	739	rpc error: code = Unavailable desc = transport is closing
320	795	0	795	rpc error: code = Unavailable desc = transport is closing
320	743	0	743	rpc error: code = Unavailable desc = transport is closing
320	743	0	743	rpc error: code = Unavailable desc = transport is closing
320	745	0	745	rpc error: code = Unavailable desc = transport is closing
320	759	0	759	rpc error: code = Unavailable desc = transport is closing
320	815	0	815	rpc error: code = Unavailable desc = transport is closing
320	744	0	744	rpc error: code = Unavailable desc = transport is closing
320	750	0	750	rpc error: code = Unavailable desc = transport is closing
320	1555	0	1555	rpc error: code = Unavailable desc = transport is closing
320	779	0	779	rpc error: code = Unavailable desc = transport is closing
320	772	0	772	rpc error: code = Unavailable desc = transport is closing
320	778	0	778	rpc error: code = Unavailable desc = transport is closing
320	820	0	820	rpc error: code = Unavailable desc = transport is closing
320	745	0	745	rpc error: code = Unavailable desc = transport is closing
320	738	0	738	rpc error: code = Unavailable desc = transport is closing
320	745	0	745	rpc error: code = Unavailable desc = transport is closing
320	160	0	160	rpc error: code = Unavailable desc = transport is closing
320	730	0	730	rpc error: code = Unavailable desc = transport is closing
320	746	0	746	rpc error: code = Unavailable desc = transport is closing
320	736	0	736	rpc error: code = Unavailable desc = transport is closing
320	747	0	747	rpc error: code = Unavailable desc = transport is closing
320	800	0	800	rpc error: code = Unavailable desc = transport is closing
320	746	0	746	rpc error: code = Unavailable desc = transport is closing
320	739	0	739	rpc error: code = Unavailable desc = transport is closing
320	5936	0	5936	rpc error: code = Unavailable desc = transport is closing
320	738	0	738	rpc error: code = Unavailable desc = transport is closing
320	802	0	802	rpc error: code = Unavailable desc = transport is closing
320	744	0	744	rpc error: code = Unavailable desc = transport is closing
320	798	0	798	rpc error: code = Unavailable desc = transport is closing
320	796	0	796	rpc error: code = Unavailable desc = transport is closing
320	820	0	820	rpc error: code = Unavailable desc = transport is closing
320	817	0	817	rpc error: code = Unavailable desc = transport is closing
320	799	0	799	rpc error: code = Unavailable desc = transport is closing
320	3071	0	3071	rpc error: code = Unavailable desc = transport is closing
320	744	0	744	rpc error: code = Unavailable desc = transport is closing
320	738	0	738	rpc error: code = Unavailable desc = transport is closing
320	801	0	801	rpc error: code = Unavailable desc = transport is closing
320	760	0	760	rpc error: code = Unavailable desc = transport is closing
320	818	0	818	rpc error: code = Unavailable desc = transport is closing
320	822	0	822	rpc error: code = Unavailable desc = transport is closing
320	742	0	742	rpc error: code = Unavailable desc = transport is closing
320	797	0	797	rpc error: code = Unavailable desc = transport is closing
320	770	0	770	rpc error: code = Unavailable desc = transport is closing
320	822	0	822	rpc error: code = Unavailable desc = transport is closing
320	748	0	748	rpc error: code = Unavailable desc = transport is closing
320	818	0	818	rpc error: code = Unavailable desc = transport is closing
320	798	0	798	rpc error: code = Unavailable desc = transport is closing
320	813	0	813	rpc error: code = Unavailable desc = transport is closing
320	144	0	144	rpc error: code = Unavailable desc = transport is closing
320	770	0	770	rpc error: code = Unavailable desc = transport is closing
320	752	0	752	rpc error: code = Unavailable desc = transport is closing
320	878	0	878	rpc error: code = Unavailable desc = transport is closing
320	878	0	878	rpc error: code = Unavailable desc = transport is closing
320	880	0	880	rpc error: code = Unavailable desc = transport is closing
320	885	0	885	rpc error: code = Unavailable desc = transport is closing
320	883	0	883	rpc error: code = Unavailable desc = transport is closing
320	884	0	884	rpc error: code = Unavailable desc = transport is closing
320	870	0	870	rpc error: code = Unavailable desc = transport is closing
320	886	0	886	rpc error: code = Unavailable desc = transport is closing
320	885	0	885	rpc error: code = Unavailable desc = transport is closing
320	884	0	884	rpc error: code = Unavailable desc = transport is closing
320	870	0	870	rpc error: code = Unavailable desc = transport is closing
320	886	0	886	rpc error: code = Unavailable desc = transport is closing
320	873	0	873	rpc error: code = Unavailable desc = transport is closing
320	1039	79	1118	<nil>
320	1037	83	1120	<nil>
320	3552	77	3629	<nil>
320	2849	34	2883	<nil>
320	206	19	225	<nil>
320	1549	89	1638	<nil>
320	212	24	236	<nil>
320	5830	24	5854	<nil>
320	1035	83	1118	<nil>
320	1036	82	1118	<nil>
320	1850	74	1924	<nil>
320	1037	84	1121	<nil>
320	1044	74	1118	<nil>
320	1046	73	1119	<nil>
320	1850	73	1923	<nil>
320	282	63	345	<nil>
320	1852	80	1932	<nil>
320	265	80	345	<nil>
320	1043	73	1116	<nil>
320	1853	82	1935	<nil>
320	231	45	276	<nil>
320	914	84	998	<nil>
320	1844	96	1940	<nil>
320	232	49	281	<nil>
320	1567	65	1632	<nil>
320	207	17	224	<nil>
320	5770	74	5844	<nil>
320	1845	95	1940	<nil>
320	207	23	230	<nil>
320	1849	73	1922	<nil>
320	10233	66	10299	<nil>
320	245	38	283	<nil>
320	208	24	232	<nil>
320	265	90	355	<nil>
320	209	23	232	<nil>
320	207	26	233	<nil>
320	1844	95	1939	<nil>
320	1848	77	1925	<nil>
320	213	24	237	<nil>
320	159	13	172	<nil>
320	154	19	173	<nil>
320	167	25	192	<nil>
320	160	14	174	<nil>
320	1045	75	1120	<nil>
320	212	28	240	<nil>
320	151	32	183	<nil>
320	213	23	236	<nil>
320	1037	81	1118	<nil>
320	212	23	235	<nil>
320	156	18	174	<nil>
320	167	16	183	<nil>
320	162	21	183	<nil>
320	169	51	220	<nil>
320	175	62	237	<nil>
320	175	59	234	<nil>
320	169	66	235	<nil>
320	176	69	245	<nil>
320	169	73	242	<nil>
320	170	75	245	<nil>
320	175	61	236	<nil>
320	174	63	237	<nil>
320	176	69	245	<nil>
320	171	74	245	<nil>
320	181	64	245	<nil>
320	170	75	245	<nil>
320	169	76	245	<nil>
320	175	69	244	<nil>
320	160	74	234	<nil>
320	169	74	243	<nil>
320	171	72	243	<nil>
320	171	75	246	<nil>
320	169	76	245	<nil>
320	166	68	234	<nil>
320	163	76	239	<nil>
320	173	72	245	<nil>
320	176	70	246	<nil>
320	173	178	351	<nil>
320	264	153	417	<nil>
320	170	183	353	<nil>
320	108	150	258	<nil>
320	87	181	268	<nil>
320	71	184	255	<nil>
320	91	180	271	<nil>
320	196	23	219	<nil>
320	71	185	256	<nil>
320	85	184	269	<nil>
320	69	184	253	<nil>
320	164	28	192	<nil>
320	172	23	195	<nil>
320	173	24	197	<nil>
320	87	185	272	<nil>
320	1193	38	1231	<nil>
320	168	5	173	<nil>
320	190	6	196	<nil>
320	71	185	256	<nil>
320	121	22	143	<nil>
320	72	185	257	<nil>
320	146	22	168	<nil>
320	144	24	168	<nil>
320	146	23	169	<nil>
320	163	35	198	<nil>
320	164	43	207	<nil>
320	170	7	177	<nil>
320	150	19	169	<nil>
320	91	125	216	<nil>
320	162	35	197	<nil>
320	181	23	204	<nil>
320	155	10	165	<nil>
320	1189	42	1231	<nil>
320	76	181	257	<nil>
320	1189	43	1232	<nil>
320	1188	44	1232	<nil>
320	164	40	204	<nil>
320	199	9	208	<nil>
320	163	41	204	<nil>
320	86	184	270	<nil>
320	164	41	205	<nil>
320	191	7	198	<nil>
320	168	46	214	<nil>
320	143	9	152	<nil>
320	176	38	214	<nil>
320	189	9	198	<nil>
320	146	23	169	<nil>
320	172	32	204	<nil>
320	2575	7	2582	<nil>
320	165	43	208	<nil>
320	190	9	199	<nil>
320	173	35	208	<nil>
320	149	6	155	<nil>
320	164	46	210	<nil>
320	190	10	200	<nil>
320	170	9	179	<nil>
320	173	40	213	<nil>
320	184	40	224	<nil>
320	1189	50	1239	<nil>
320	169	11	180	<nil>
320	179	51	230	<nil>
320	169	11	180	<nil>
320	87	186	273	<nil>
320	191	12	203	<nil>
320	170	12	182	<nil>
320	163	66	229	<nil>
320	1193	66	1259	<nil>
320	171	79	250	<nil>
320	194	69	263	<nil>
320	144	71	215	<nil>
320	193	69	262	<nil>
320	145	69	214	<nil>
320	169	73	242	<nil>
320	201	92	293	<nil>
320	150	129	279	<nil>
320	154	175	329	<nil>
320	185	188	373	<nil>
320	153	180	333	<nil>
320	224	109	333	<nil>
320	251	109	360	<nil>
320	188	193	381	<nil>
320	149	212	361	<nil>
320	197	214	411	<nil>
320	218	40	258	<nil>
320	297	67	364	<nil>
320	45	217	262	<nil>
320	42	215	257	<nil>
320	191	119	310	<nil>
320	40	214	254	<nil>
320	103	211	314	<nil>
320	197	214	411	<nil>
320	99	215	314	<nil>
320	290	118	408	<nil>
320	98	216	314	<nil>
320	239	77	316	<nil>
320	33	215	248	<nil>
320	175	48	223	<nil>
320	206	21	227	<nil>
320	204	23	227	<nil>
320	190	44	234	<nil>
320	183	45	228	<nil>
320	181	45	226	<nil>
320	179	45	224	<nil>
320	188	46	234	<nil>
320	261	134	395	<nil>
320	207	26	233	<nil>
320	183	47	230	<nil>
320	27	215	242	<nil>
320	234	37	271	<nil>
320	207	52	259	<nil>
320	215	93	308	<nil>
320	221	88	309	<nil>
320	222	87	309	<nil>
320	223	86	309	<nil>
320	237	89	326	<nil>
320	222	90	312	<nil>
320	228	99	327	<nil>
320	253	69	322	<nil>
320	262	67	329	<nil>
320	225	99	324	<nil>
320	253	68	321	<nil>
320	294	46	340	<nil>
320	261	67	328	<nil>
320	240	97	337	<nil>
320	255	82	337	<nil>
320	232	98	330	<nil>
320	169	83	252	<nil>
320	254	69	323	<nil>
320	161	102	263	<nil>
320	229	99	328	<nil>
320	250	102	352	<nil>
320	220	102	322	<nil>
320	255	79	334	<nil>
320	287	44	331	<nil>
320	247	30	277	<nil>
320	9518	31	9549	<nil>
320	255	80	335	<nil>
320	270	63	333	<nil>
320	232	97	329	<nil>
320	245	89	334	<nil>
320	252	84	336	<nil>
320	254	83	337	<nil>
320	285	51	336	<nil>
320	288	48	336	<nil>
320	257	67	324	<nil>
320	261	68	329	<nil>
320	254	83	337	<nil>
320	253	85	338	<nil>
320	254	84	338	<nil>
320	255	83	338	<nil>
320	255	85	340	<nil>
320	168	85	253	<nil>
320	271	69	340	<nil>
320	196	86	282	<nil>
320	183	53	236	<nil>
320	252	89	341	<nil>
320	2853	70	2923	<nil>
320	149	87	236	<nil>
320	303	37	340	<nil>
320	239	104	343	<nil>
320	2826	89	2915	<nil>
320	140	100	240	<nil>
320	127	42	169	<nil>
320	126	42	168	<nil>
320	126	43	169	<nil>
320	125	44	169	<nil>
320	117	58	175	<nil>
320	102	36	138	<nil>
320	132	44	176	<nil>
320	113	30	143	<nil>
320	124	13	137	<nil>
320	124	14	138	<nil>
320	118	16	134	<nil>
320	123	15	138	<nil>
320	121	17	138	<nil>
320	123	15	138	<nil>
320	103	18	121	<nil>
320	124	15	139	<nil>
320	107	16	123	<nil>
320	114	15	129	<nil>
320	8937	19	8956	<nil>
320	120	22	142	<nil>
320	105	22	127	<nil>
320	124	21	145	<nil>
320	99	22	121	<nil>
320	105	23	128	<nil>
320	123	23	146	<nil>
320	107	23	130	<nil>
320	106	23	129	<nil>
320	104	25	129	<nil>
320	77	26	103	<nil>
320	105	25	130	<nil>
320	63	25	88	<nil>
320	105	26	131	<nil>
320	93	0	93	<nil>
320	150	0	150	<nil>
320	1052	0	1052	rpc error: code = Unavailable desc = transport is closing
320	1033	0	1033	rpc error: code = Unavailable desc = transport is closing
320	1032	0	1032	rpc error: code = Unavailable desc = transport is closing
320	1035	0	1035	rpc error: code = Unavailable desc = transport is closing
320	1022	0	1022	rpc error: code = Unavailable desc = transport is closing
320	1026	0	1026	rpc error: code = Unavailable desc = transport is closing
320	1034	0	1034	rpc error: code = Unavailable desc = transport is closing
320	1022	0	1022	rpc error: code = Unavailable desc = transport is closing
320	2058	0	2058	rpc error: code = Unavailable desc = transport is closing
320	1035	0	1035	rpc error: code = Unavailable desc = transport is closing
320	1027	0	1027	rpc error: code = Unavailable desc = transport is closing
320	1034	0	1034	rpc error: code = Unavailable desc = transport is closing
320	1027	0	1027	rpc error: code = Unavailable desc = transport is closing
320	212	0	212	rpc error: code = Unavailable desc = transport is closing
320	1036	0	1036	rpc error: code = Unavailable desc = transport is closing
320	210	0	210	rpc error: code = Unavailable desc = transport is closing
320	210	0	210	rpc error: code = Unavailable desc = transport is closing
320	1851	0	1851	rpc error: code = Unavailable desc = transport is closing
320	195	0	195	rpc error: code = Unavailable desc = transport is closing
320	267	0	267	rpc error: code = Unavailable desc = transport is closing
320	908	0	908	rpc error: code = Unavailable desc = transport is closing
320	212	0	212	rpc error: code = Unavailable desc = transport is closing
320	211	0	211	rpc error: code = Unavailable desc = transport is closing
320	241	0	241	rpc error: code = Unavailable desc = transport is closing
320	208	0	208	rpc error: code = Unavailable desc = transport is closing
320	208	0	208	rpc error: code = Unavailable desc = transport is closing
320	207	0	207	rpc error: code = Unavailable desc = transport is closing
320	207	0	207	rpc error: code = Unavailable desc = transport is closing
320	207	0	207	rpc error: code = Unavailable desc = transport is closing
320	940	0	940	rpc error: code = Unavailable desc = transport is closing
320	211	0	211	rpc error: code = Unavailable desc = transport is closing
320	1031	0	1031	rpc error: code = Unavailable desc = transport is closing
320	956	0	956	rpc error: code = Unavailable desc = transport is closing
320	1033	0	1033	rpc error: code = Unavailable desc = transport is closing
320	2598	0	2598	rpc error: code = Unavailable desc = transport is closing
320	840	0	840	rpc error: code = Unavailable desc = transport is closing
320	1029	0	1029	rpc error: code = Unavailable desc = transport is closing
320	273	0	273	rpc error: code = Unavailable desc = transport is closing
320	1853	0	1853	rpc error: code = Unavailable desc = transport is closing
320	303	0	303	rpc error: code = Unavailable desc = transport is closing
320	266	0	266	rpc error: code = Unavailable desc = transport is closing
320	267	0	267	rpc error: code = Unavailable desc = transport is closing
320	266	0	266	rpc error: code = Unavailable desc = transport is closing
320	259	0	259	rpc error: code = Unavailable desc = transport is closing
320	1848	0	1848	rpc error: code = Unavailable desc = transport is closing
320	1853	0	1853	rpc error: code = Unavailable desc = transport is closing
320	916	0	916	rpc error: code = Unavailable desc = transport is closing
320	267	0	267	rpc error: code = Unavailable desc = transport is closing
320	1549	0	1549	rpc error: code = Unavailable desc = transport is closing
320	1035	0	1035	rpc error: code = Unavailable desc = transport is closing
320	1035	0	1035	rpc error: code = Unavailable desc = transport is closing
320	1846	0	1846	rpc error: code = Unavailable desc = transport is closing
320	1036	0	1036	rpc error: code = Unavailable desc = transport is closing
320	908	0	908	rpc error: code = Unavailable desc = transport is closing
320	306	0	306	rpc error: code = Unavailable desc = transport is closing
320	1843	0	1843	rpc error: code = Unavailable desc = transport is closing
320	907	0	907	rpc error: code = Unavailable desc = transport is closing
320	1843	0	1843	rpc error: code = Unavailable desc = transport is closing
320	1242	0	1242	rpc error: code = Unavailable desc = transport is closing
320	1036	0	1036	rpc error: code = Unavailable desc = transport is closing
320	1043	0	1043	rpc error: code = Unavailable desc = transport is closing
320	1841	0	1841	rpc error: code = Unavailable desc = transport is closing
320	1045	0	1045	rpc error: code = Unavailable desc = transport is closing
320	1044	0	1044	rpc error: code = Unavailable desc = transport is closing
320	914	0	914	rpc error: code = Unavailable desc = transport is closing
320	1041	0	1041	rpc error: code = Unavailable desc = transport is closing
320	1047	0	1047	rpc error: code = Unavailable desc = transport is closing
320	1844	0	1844	rpc error: code = Unavailable desc = transport is closing
320	1848	0	1848	rpc error: code = Unavailable desc = transport is closing
320	962	0	962	rpc error: code = Unavailable desc = transport is closing
320	1038	0	1038	rpc error: code = Unavailable desc = transport is closing
320	1035	0	1035	rpc error: code = Unavailable desc = transport is closing
320	952	0	952	rpc error: code = Unavailable desc = transport is closing
320	1035	0	1035	rpc error: code = Unavailable desc = transport is closing
320	276	0	276	rpc error: code = Unavailable desc = transport is closing
320	862	0	862	rpc error: code = Unavailable desc = transport is closing
320	3555	0	3555	rpc error: code = Unavailable desc = transport is closing
320	1036	0	1036	rpc error: code = Unavailable desc = transport is closing
320	911	0	911	rpc error: code = Unavailable desc = transport is closing
320	123	0	123	rpc error: code = Unavailable desc = transport is closing
320	246	0	246	rpc error: code = Unavailable desc = transport is closing
320	1220	0	1220	rpc error: code = Unavailable desc = transport is closing
320	284	0	284	rpc error: code = Unavailable desc = transport is closing
320	232	0	232	rpc error: code = Unavailable desc = transport is closing
320	931	0	931	rpc error: code = Unavailable desc = transport is closing
320	283	0	283	rpc error: code = Unavailable desc = transport is closing
320	883	0	883	rpc error: code = Unavailable desc = transport is closing
320	283	0	283	rpc error: code = Unavailable desc = transport is closing
320	1566	0	1566	rpc error: code = Unavailable desc = transport is closing
320	854	0	854	rpc error: code = Unavailable desc = transport is closing
320	928	0	928	rpc error: code = Unavailable desc = transport is closing
320	1031	0	1031	rpc error: code = Unavailable desc = transport is closing
320	905	0	905	rpc error: code = Unavailable desc = transport is closing
320	873	0	873	rpc error: code = Unavailable desc = transport is closing
320	878	0	878	rpc error: code = Unavailable desc = transport is closing
320	899	0	899	rpc error: code = Unavailable desc = transport is closing
320	929	0	929	rpc error: code = Unavailable desc = transport is closing
320	899	0	899	rpc error: code = Unavailable desc = transport is closing
320	894	0	894	rpc error: code = Unavailable desc = transport is closing
320	898	0	898	rpc error: code = Unavailable desc = transport is closing
320	917	0	917	rpc error: code = Unavailable desc = transport is closing
320	992	0	992	rpc error: code = Unavailable desc = transport is closing
320	992	0	992	rpc error: code = Unavailable desc = transport is closing
320	991	0	991	rpc error: code = Unavailable desc = transport is closing
320	171	0	171	rpc error: code = Unavailable desc = transport is closing
320	964	0	964	rpc error: code = Unavailable desc = transport is closing
320	228	0	228	rpc error: code = Unavailable desc = transport is closing
320	251	0	251	rpc error: code = Unavailable desc = transport is closing
320	958	0	958	rpc error: code = Unavailable desc = transport is closing
320	969	0	969	rpc error: code = Unavailable desc = transport is closing
320	169	0	169	rpc error: code = Unavailable desc = transport is closing
320	961	0	961	rpc error: code = Unavailable desc = transport is closing
320	961	0	961	rpc error: code = Unavailable desc = transport is closing
320	973	0	973	rpc error: code = Unavailable desc = transport is closing
320	987	0	987	rpc error: code = Unavailable desc = transport is closing
320	961	0	961	rpc error: code = Unavailable desc = transport is closing
320	998	0	998	rpc error: code = Unavailable desc = transport is closing
320	1993	0	1993	rpc error: code = Unavailable desc = transport is closing
320	974	0	974	rpc error: code = Unavailable desc = transport is closing
320	969	0	969	rpc error: code = Unavailable desc = transport is closing
320	988	0	988	rpc error: code = Unavailable desc = transport is closing
320	969	0	969	rpc error: code = Unavailable desc = transport is closing
320	992	0	992	rpc error: code = Unavailable desc = transport is closing
320	918	0	918	rpc error: code = Unavailable desc = transport is closing
320	916	0	916	rpc error: code = Unavailable desc = transport is closing
320	996	0	996	rpc error: code = Unavailable desc = transport is closing
320	971	0	971	rpc error: code = Unavailable desc = transport is closing
320	893	0	893	rpc error: code = Unavailable desc = transport is closing
320	973	0	973	rpc error: code = Unavailable desc = transport is closing
320	972	0	972	rpc error: code = Unavailable desc = transport is closing
320	1026	0	1026	rpc error: code = Unavailable desc = transport is closing
320	1028	0	1028	rpc error: code = Unavailable desc = transport is closing
320	1025	0	1025	rpc error: code = Unavailable desc = transport is closing
320	1037	0	1037	rpc error: code = Unavailable desc = transport is closing
320	1023	0	1023	rpc error: code = Unavailable desc = transport is closing
320	946	0	946	rpc error: code = Unavailable desc = transport is closing
320	929	0	929	rpc error: code = Unavailable desc = transport is closing
320	1035	0	1035	rpc error: code = Unavailable desc = transport is closing
320	1033	0	1033	rpc error: code = Unavailable desc = transport is closing
320	1034	0	1034	rpc error: code = Unavailable desc = transport is closing
320	156	0	156	rpc error: code = Unavailable desc = transport is closing
320	1028	0	1028	rpc error: code = Unavailable desc = transport is closing
320	1035	0	1035	rpc error: code = Unavailable desc = transport is closing
320	1033	0	1033	rpc error: code = Unavailable desc = transport is closing
320	1035	0	1035	rpc error: code = Unavailable desc = transport is closing
320	664	0	664	rpc error: code = Unavailable desc = transport is closing
320	1034	0	1034	rpc error: code = Unavailable desc = transport is closing
320	947	0	947	rpc error: code = Unavailable desc = transport is closing
320	1035	0	1035	rpc error: code = Unavailable desc = transport is closing
320	726	0	726	rpc error: code = Unavailable desc = transport is closing
320	944	0	944	rpc error: code = Unavailable desc = transport is closing
320	1036	0	1036	rpc error: code = Unavailable desc = transport is closing
320	726	22	748	<nil>
320	720	0	720	rpc error: code = Unavailable desc = transport is closing
320	718	22	740	<nil>
320	710	18	728	<nil>
320	697	0	697	rpc error: code = Unavailable desc = transport is closing
320	1028	0	1028	rpc error: code = Unavailable desc = transport is closing
320	1032	0	1032	rpc error: code = Unavailable desc = transport is closing
320	1027	0	1027	rpc error: code = Unavailable desc = transport is closing
320	719	0	719	rpc error: code = Unavailable desc = transport is closing
320	713	23	736	<nil>
320	726	22	748	<nil>
320	719	57	776	<nil>
320	1021	0	1021	rpc error: code = Unavailable desc = transport is closing
320	1030	0	1030	rpc error: code = Unavailable desc = transport is closing
320	1579	2	1581	<nil>
320	709	22	731	<nil>
320	225	21	246	<nil>
320	952	0	952	rpc error: code = Unavailable desc = transport is closing
320	201	3	204	<nil>
320	1661	21	1682	<nil>
320	265	22	287	<nil>
320	265	21	286	<nil>
320	705	31	736	<nil>
320	709	22	731	<nil>
320	220	22	242	<nil>
320	208	6	214	<nil>
320	1194	4	1198	<nil>
320	708	21	729	<nil>
320	1660	22	1682	<nil>
320	1034	0	1034	rpc error: code = Unavailable desc = transport is closing
320	973	0	973	rpc error: code = Unavailable desc = transport is closing
320	1034	0	1034	rpc error: code = Unavailable desc = transport is closing
320	264	4	268	<nil>
320	204	4	208	<nil>
320	1023	0	1023	rpc error: code = Unavailable desc = transport is closing
320	696	56	752	<nil>
320	1021	0	1021	rpc error: code = Unavailable desc = transport is closing
320	729	0	729	rpc error: code = Unavailable desc = transport is closing
320	724	0	724	rpc error: code = Unavailable desc = transport is closing
320	1660	22	1682	<nil>
320	207	4	211	<nil>
320	727	33	760	<nil>
320	247	5	252	<nil>
320	1687	7	1694	<nil>
320	1685	7	1692	<nil>
320	214	6	220	<nil>
320	212	5	217	<nil>
320	1035	0	1035	rpc error: code = Unavailable desc = transport is closing
320	690	0	690	rpc error: code = Unavailable desc = transport is closing
320	1661	35	1696	<nil>
320	709	57	766	<nil>
320	10676	18	10694	<nil>
320	690	71	761	<nil>
320	219	64	283	<nil>
320	103	63	166	<nil>
320	240	62	302	<nil>
320	1691	62	1753	<nil>
320	97	62	159	<nil>
320	239	74	313	<nil>
320	97	64	161	<nil>
320	175	64	239	<nil>
320	249	62	311	<nil>
320	249	75	324	<nil>
320	1689	74	1763	<nil>
320	103	87	190	<nil>
320	221	102	323	<nil>
320	103	118	221	<nil>
320	155	133	288	<nil>
320	213	147	360	<nil>
320	2976	148	3124	<nil>
320	253	147	400	<nil>
320	252	149	401	<nil>
320	177	148	325	<nil>
320	1618	163	1781	<nil>
320	239	163	402	<nil>
320	102	153	255	<nil>
320	265	140	405	<nil>
320	241	134	375	<nil>
320	1711	134	1845	<nil>
320	233	134	367	<nil>
320	271	134	405	<nil>
320	273	132	405	<nil>
320	264	132	396	<nil>
320	265	140	405	<nil>
320	273	132	405	<nil>
320	208	156	364	<nil>
320	242	182	424	<nil>
320	141	176	317	<nil>
320	249	176	425	<nil>
320	271	182	453	<nil>
320	288	175	463	<nil>
320	302	161	463	<nil>
320	2595	151	2746	<nil>
320	272	182	454	<nil>
320	177	142	319	<nil>
320	176	142	318	<nil>
320	161	154	315	<nil>
320	287	179	466	<nil>
320	273	156	429	<nil>
320	10075	215	10290	<nil>
320	283	153	436	<nil>
320	143	107	250	<nil>
320	88	149	237	<nil>
320	15065	223	15288	<nil>
320	142	145	287	<nil>
320	1353	135	1488	<nil>
320	191	106	297	<nil>
320	188	106	294	<nil>
320	208	86	294	<nil>
320	218	86	304	<nil>
320	243	66	309	<nil>
320	218	90	308	<nil>
320	220	88	308	<nil>
320	270	38	308	<nil>
320	220	95	315	<nil>
320	256	54	310	<nil>
320	211	96	307	<nil>
320	210	99	309	<nil>
320	260	50	310	<nil>
320	257	50	307	<nil>
320	214	88	302	<nil>
320	10059	54	10113	<nil>
320	211	96	307	<nil>
320	215	96	311	<nil>
320	215	96	311	<nil>
320	257	52	309	<nil>
320	243	50	293	<nil>
320	262	55	317	<nil>
320	266	54	320	<nil>
320	272	51	323	<nil>
320	241	87	328	<nil>
320	266	63	329	<nil>
320	222	93	315	<nil>
320	261	66	327	<nil>
320	265	64	329	<nil>
320	188	113	301	<nil>
320	251	98	349	<nil>
320	238	70	308	<nil>
320	242	88	330	<nil>
320	253	88	341	<nil>
320	242	108	350	<nil>
320	242	108	350	<nil>
320	266	135	401	<nil>
320	8951	136	9087	<nil>
320	224	147	371	<nil>
320	244	152	396	<nil>
320	248	149	397	<nil>
320	248	148	396	<nil>
320	244	152	396	<nil>
320	238	134	372	<nil>
320	1236	153	1389	<nil>
320	249	190	439	<nil>
320	270	192	462	<nil>
320	244	195	439	<nil>
320	205	175	380	<nil>
320	248	191	439	<nil>
320	248	189	437	<nil>
320	249	191	440	<nil>
320	244	195	439	<nil>
320	219	195	414	<nil>
320	265	186	451	<nil>
320	144	170	314	<nil>
320	139	177	316	<nil>
320	96	144	240	<nil>
320	110	151	261	<nil>
320	266	185	451	<nil>
320	96	143	239	<nil>
320	135	180	315	<nil>
320	118	168	286	<nil>
320	179	202	381	<nil>
320	108	146	254	<nil>
320	195	185	380	<nil>
320	93	145	238	<nil>
320	139	177	316	<nil>
320	2837	178	3015	<nil>
320	252	200	452	<nil>
320	161	185	346	<nil>
320	263	188	451	<nil>
320	131	168	299	<nil>
320	119	168	287	<nil>
320	134	168	302	<nil>
320	179	203	382	<nil>
320	99	141	240	<nil>
320	92	148	240	<nil>
320	182	199	381	<nil>
320	144	171	315	<nil>
320	149	171	320	<nil>
320	249	202	451	<nil>
320	108	144	252	<nil>
320	138	182	320	<nil>
320	119	167	286	<nil>
320	142	178	320	<nil>
320	147	176	323	<nil>
320	107	144	251	<nil>
320	136	179	315	<nil>
320	99	147	246	<nil>
320	92	180	272	<nil>
320	105	180	285	<nil>
320	135	140	275	<nil>
320	90	177	267	<nil>
320	105	177	282	<nil>
320	95	181	276	<nil>
320	88	227	315	<nil>
320	107	204	311	<nil>
320	63	266	329	<nil>
320	58	270	328	<nil>
320	110	195	305	<nil>
320	119	212	331	<nil>
320	120	211	331	<nil>
320	147	178	325	<nil>
320	151	178	329	<nil>
320	145	170	315	<nil>
320	151	165	316	<nil>
320	147	183	330	<nil>
320	147	178	325	<nil>
320	141	189	330	<nil>
320	137	192	329	<nil>
320	137	188	325	<nil>
320	146	183	329	<nil>
320	135	192	327	<nil>
320	102	190	292	<nil>
320	151	185	336	<nil>
320	116	190	306	<nil>
320	109	189	298	<nil>
320	119	190	309	<nil>
320	5445	190	5635	<nil>
320	5684	191	5875	<nil>
320	90	157	247	<nil>
320	45	155	200	<nil>
320	140	178	318	<nil>
320	152	196	348	<nil>
320	106	190	296	<nil>
320	87	157	244	<nil>
320	88	157	245	<nil>
320	78	166	244	<nil>
320	102	197	299	<nil>
320	142	156	298	<nil>
320	137	157	294	<nil>
320	102	197	299	<nil>
320	157	156	313	<nil>
320	177	157	334	<nil>
320	89	156	245	<nil>
320	87	158	245	<nil>
320	87	157	244	<nil>
320	87	158	245	<nil>
320	146	197	343	<nil>
320	146	171	317	<nil>
320	145	171	316	<nil>
320	88	156	244	<nil>
320	146	170	316	<nil>
320	147	170	317	<nil>
320	146	200	346	<nil>
320	125	65	190	<nil>
320	44	159	203	<nil>
320	77	116	193	<nil>
320	88	105	193	<nil>
320	127	710	837	<nil>
320	153	687	840	<nil>
320	128	717	845	<nil>
320	158	653	811	<nil>
320	178	654	832	<nil>
320	181	649	830	<nil>
320	145	687	832	<nil>
320	142	689	831	<nil>
320	181	650	831	<nil>
320	178	654	832	<nil>
320	179	653	832	<nil>
320	182	649	831	<nil>
320	178	654	832	<nil>
320	163	650	813	<nil>
320	178	653	831	<nil>
320	178	654	832	<nil>
320	68	651	719	<nil>
320	178	654	832	<nil>
320	142	688	830	<nil>
320	131	655	786	<nil>
320	110	654	764	<nil>
320	97	656	753	<nil>
320	131	654	785	<nil>
320	64	655	719	<nil>
320	82	651	733	<nil>
320	178	655	833	<nil>
320	126	722	848	<nil>
320	116	740	856	<nil>
320	182	691	873	<nil>
320	183	691	874	<nil>
320	183	701	884	<nil>
320	127	769	896	<nil>
320	143	737	880	<nil>
320	127	767	894	<nil>
320	182	715	897	<nil>
320	182	716	898	<nil>
320	184	714	898	<nil>
320	182	715	897	<nil>
320	182	716	898	<nil>
320	182	715	897	<nil>
320	68	716	784	<nil>
320	183	716	899	<nil>
320	183	716	899	<nil>
320	190	709	899	<nil>
320	183	716	899	<nil>
320	183	714	897	<nil>
320	205	694	899	<nil>
320	183	716	899	<nil>
320	238	660	898	<nil>
320	681	74	755	<nil>
320	664	106	770	<nil>
320	780	114	894	<nil>
320	683	121	804	<nil>
320	743	56	799	<nil>
320	727	0	727	rpc error: code = Unavailable desc = transport is closing
320	704	0	704	rpc error: code = Unavailable desc = transport is closing
320	726	0	726	rpc error: code = Unavailable desc = transport is closing
320	714	0	714	rpc error: code = Unavailable desc = transport is closing
320	2609	0	2609	rpc error: code = Unavailable desc = transport is closing
320	726	0	726	rpc error: code = Unavailable desc = transport is closing
320	717	0	717	rpc error: code = Unavailable desc = transport is closing
320	726	0	726	rpc error: code = Unavailable desc = transport is closing
320	725	0	725	rpc error: code = Unavailable desc = transport is closing
320	712	0	712	rpc error: code = Unavailable desc = transport is closing
320	714	0	714	rpc error: code = Unavailable desc = transport is closing
320	752	17	769	<nil>
320	709	0	709	rpc error: code = Unavailable desc = transport is closing
320	726	0	726	rpc error: code = Unavailable desc = transport is closing
320	750	19	769	<nil>
320	716	0	716	rpc error: code = Unavailable desc = transport is closing
320	751	24	775	<nil>
320	717	61	778	<nil>
320	718	49	767	<nil>
320	705	0	705	rpc error: code = Unavailable desc = transport is closing
320	719	0	719	rpc error: code = Unavailable desc = transport is closing
320	751	21	772	<nil>
320	726	0	726	rpc error: code = Unavailable desc = transport is closing
320	709	0	709	rpc error: code = Unavailable desc = transport is closing
320	751	18	769	<nil>
320	714	0	714	rpc error: code = Unavailable desc = transport is closing
320	704	0	704	rpc error: code = Unavailable desc = transport is closing
320	741	18	759	<nil>
320	703	0	703	rpc error: code = Unavailable desc = transport is closing
320	750	36	786	<nil>
320	712	0	712	rpc error: code = Unavailable desc = transport is closing
320	727	0	727	rpc error: code = Unavailable desc = transport is closing
320	756	32	788	<nil>
320	755	33	788	<nil>
320	756	33	789	<nil>
320	755	34	789	<nil>
320	753	36	789	<nil>
320	753	37	790	<nil>
320	713	0	713	rpc error: code = Unavailable desc = transport is closing
320	759	30	789	<nil>
320	727	0	727	rpc error: code = Unavailable desc = transport is closing
320	754	35	789	<nil>
320	723	0	723	rpc error: code = Unavailable desc = transport is closing
320	726	0	726	rpc error: code = Unavailable desc = transport is closing
320	753	37	790	<nil>
320	757	33	790	<nil>
320	752	37	789	<nil>
320	755	34	789	<nil>
320	716	0	716	rpc error: code = Unavailable desc = transport is closing
320	756	34	790	<nil>
320	722	0	722	rpc error: code = Unavailable desc = transport is closing
320	751	29	780	<nil>
320	754	34	788	<nil>
320	714	0	714	rpc error: code = Unavailable desc = transport is closing
320	272	0	272	rpc error: code = Unavailable desc = transport is closing
320	726	0	726	rpc error: code = Unavailable desc = transport is closing
320	759	39	798	<nil>
320	760	39	799	<nil>
320	760	38	798	<nil>
320	760	104	864	<nil>
320	759	136	895	<nil>
320	119	135	254	<nil>
320	760	136	896	<nil>
320	1319	139	1458	<nil>
320	1224	0	1224	rpc error: code = Unavailable desc = transport is closing
320	1502	142	1644	<nil>
320	767	147	914	<nil>
320	213	0	213	rpc error: code = Unavailable desc = transport is closing
320	711	0	711	rpc error: code = Unavailable desc = transport is closing
320	701	0	701	rpc error: code = Unavailable desc = transport is closing
320	217	0	217	rpc error: code = Unavailable desc = transport is closing
320	717	0	717	rpc error: code = Unavailable desc = transport is closing
320	705	0	705	rpc error: code = Unavailable desc = transport is closing
320	695	0	695	rpc error: code = Unavailable desc = transport is closing
320	1541	151	1692	<nil>
320	703	0	703	rpc error: code = Unavailable desc = transport is closing
320	767	153	920	<nil>
320	696	0	696	rpc error: code = Unavailable desc = transport is closing
320	718	0	718	rpc error: code = Unavailable desc = transport is closing
320	712	0	712	rpc error: code = Unavailable desc = transport is closing
320	721	0	721	rpc error: code = Unavailable desc = transport is closing
320	716	0	716	rpc error: code = Unavailable desc = transport is closing
320	719	0	719	rpc error: code = Unavailable desc = transport is closing
320	710	0	710	rpc error: code = Unavailable desc = transport is closing
320	767	151	918	<nil>
320	767	152	919	<nil>
320	699	0	699	rpc error: code = Unavailable desc = transport is closing
320	766	153	919	<nil>
320	767	154	921	<nil>
320	819	121	940	<nil>
320	719	0	719	rpc error: code = Unavailable desc = transport is closing
320	731	0	731	rpc error: code = Unavailable desc = transport is closing
320	707	0	707	rpc error: code = Unavailable desc = transport is closing
320	722	0	722	rpc error: code = Unavailable desc = transport is closing
320	145	129	274	<nil>
320	767	160	927	<nil>
320	145	128	273	<nil>
320	143	129	272	<nil>
320	1615	129	1744	<nil>
320	706	0	706	rpc error: code = Unavailable desc = transport is closing
320	712	0	712	rpc error: code = Unavailable desc = transport is closing
320	111	161	272	<nil>
320	141	133	274	<nil>
320	1294	160	1454	<nil>
320	6415	160	6575	<nil>
320	766	162	928	<nil>
320	1606	160	1766	<nil>
320	1612	153	1765	<nil>
320	1616	150	1766	<nil>
320	757	161	918	<nil>
320	1613	145	1758	<nil>
320	767	164	931	<nil>
320	134	144	278	<nil>
320	710	0	710	rpc error: code = Unavailable desc = transport is closing
320	702	0	702	rpc error: code = Unavailable desc = transport is closing
320	1610	153	1763	<nil>
320	1612	151	1763	<nil>
320	768	155	923	<nil>
320	138	149	287	<nil>
320	787	144	931	<nil>
320	1613	153	1766	<nil>
320	714	0	714	rpc error: code = Unavailable desc = transport is closing
320	767	161	928	<nil>
320	1611	156	1767	<nil>
320	788	154	942	<nil>
320	154	133	287	<nil>
320	5727	152	5879	<nil>
320	150	139	289	<nil>
320	1618	163	1781	<nil>
320	1616	164	1780	<nil>
320	1348	254	1602	<nil>
320	1113	234	1347	<nil>
320	133	255	388	<nil>
320	79	298	377	<nil>
320	114	258	372	<nil>
320	1365	304	1669	<nil>
320	83	302	385	<nil>
320	80	303	383	<nil>
320	83	302	385	<nil>
320	77	294	371	<nil>
320	72	300	372	<nil>
320	203	0	203	rpc error: code = Unavailable desc = transport is closing
320	240	0	240	rpc error: code = Unavailable desc = transport is closing
320	213	0	213	rpc error: code = Unavailable desc = transport is closing
320	1209	0	1209	rpc error: code = Unavailable desc = transport is closing
320	73	302	375	<nil>
320	207	0	207	rpc error: code = Unavailable desc = transport is closing
320	1205	0	1205	rpc error: code = Unavailable desc = transport is closing
320	78	298	376	<nil>
320	103	0	103	rpc error: code = Unavailable desc = transport is closing
320	79	298	377	<nil>
320	217	0	217	rpc error: code = Unavailable desc = transport is closing
320	265	0	265	rpc error: code = Unavailable desc = transport is closing
320	229	0	229	rpc error: code = Unavailable desc = transport is closing
320	294	0	294	rpc error: code = Unavailable desc = transport is closing
320	1209	0	1209	rpc error: code = Unavailable desc = transport is closing
320	2976	0	2976	rpc error: code = Unavailable desc = transport is closing
320	104	0	104	rpc error: code = Unavailable desc = transport is closing
320	41	341	382	<nil>
320	2883	0	2883	rpc error: code = Unavailable desc = transport is closing
320	287	0	287	rpc error: code = Unavailable desc = transport is closing
320	265	0	265	rpc error: code = Unavailable desc = transport is closing
320	235	0	235	rpc error: code = Unavailable desc = transport is closing
320	85	287	372	<nil>
320	281	0	281	rpc error: code = Unavailable desc = transport is closing
320	82	288	370	<nil>
320	254	0	254	rpc error: code = Unavailable desc = transport is closing
320	181	0	181	rpc error: code = Unavailable desc = transport is closing
320	124	246	370	<nil>
320	78	332	410	<nil>
320	711	0	711	rpc error: code = Unavailable desc = transport is closing
320	1660	0	1660	rpc error: code = Unavailable desc = transport is closing
320	1660	0	1660	rpc error: code = Unavailable desc = transport is closing
320	230	0	230	rpc error: code = Unavailable desc = transport is closing
320	253	0	253	rpc error: code = Unavailable desc = transport is closing
320	264	0	264	rpc error: code = Unavailable desc = transport is closing
320	241	0	241	rpc error: code = Unavailable desc = transport is closing
320	1714	0	1714	rpc error: code = Unavailable desc = transport is closing
320	277	0	277	rpc error: code = Unavailable desc = transport is closing
320	1661	0	1661	rpc error: code = Unavailable desc = transport is closing
320	1661	0	1661	rpc error: code = Unavailable desc = transport is closing
320	321	0	321	rpc error: code = Unavailable desc = transport is closing
320	266	0	266	rpc error: code = Unavailable desc = transport is closing
320	239	0	239	rpc error: code = Unavailable desc = transport is closing
320	1678	0	1678	rpc error: code = Unavailable desc = transport is closing
320	726	0	726	rpc error: code = Unavailable desc = transport is closing
320	1293	0	1293	rpc error: code = Unavailable desc = transport is closing
320	720	0	720	rpc error: code = Unavailable desc = transport is closing
320	1679	0	1679	rpc error: code = Unavailable desc = transport is closing
320	1679	0	1679	rpc error: code = Unavailable desc = transport is closing
320	2987	0	2987	rpc error: code = Unavailable desc = transport is closing
320	2964	0	2964	rpc error: code = Unavailable desc = transport is closing
320	243	0	243	rpc error: code = Unavailable desc = transport is closing
320	154	310	464	<nil>
320	133	329	462	<nil>
320	1558	0	1558	rpc error: code = Unavailable desc = transport is closing
320	704	0	704	rpc error: code = Unavailable desc = transport is closing
320	149	331	480	<nil>
320	202	0	202	rpc error: code = Unavailable desc = transport is closing
320	297	0	297	rpc error: code = Unavailable desc = transport is closing
320	156	311	467	<nil>
320	216	0	216	rpc error: code = Unavailable desc = transport is closing
320	216	0	216	rpc error: code = Unavailable desc = transport is closing
320	1661	0	1661	rpc error: code = Unavailable desc = transport is closing
320	1269	0	1269	rpc error: code = Unavailable desc = transport is closing
320	10281	0	10281	rpc error: code = Unavailable desc = transport is closing
320	169	298	467	<nil>
320	1658	0	1658	rpc error: code = Unavailable desc = transport is closing
320	161	297	458	<nil>
320	229	301	530	<nil>
320	173	297	470	<nil>
320	157	314	471	<nil>
320	232	0	232	rpc error: code = Unavailable desc = transport is closing
320	1679	0	1679	rpc error: code = Unavailable desc = transport is closing
320	275	255	530	<nil>
320	707	0	707	rpc error: code = Unavailable desc = transport is closing
320	158	316	474	<nil>
320	277	0	277	rpc error: code = Unavailable desc = transport is closing
320	245	0	245	rpc error: code = Unavailable desc = transport is closing
320	285	0	285	rpc error: code = Unavailable desc = transport is closing
320	215	315	530	<nil>
320	273	0	273	rpc error: code = Unavailable desc = transport is closing
320	161	297	458	<nil>
320	229	301	530	<nil>
320	215	315	530	<nil>
320	4953	0	4953	rpc error: code = Unavailable desc = transport is closing
320	265	0	265	rpc error: code = Unavailable desc = transport is closing
320	146	301	447	<nil>
320	1689	0	1689	rpc error: code = Unavailable desc = transport is closing
320	1680	0	1680	rpc error: code = Unavailable desc = transport is closing
320	163	304	467	<nil>
320	145	315	460	<nil>
320	5728	0	5728	rpc error: code = Unavailable desc = transport is closing
320	175	299	474	<nil>
320	158	318	476	<nil>
320	158	318	476	<nil>
320	154	307	461	<nil>
320	156	307	463	<nil>
320	144	304	448	<nil>
320	241	0	241	rpc error: code = Unavailable desc = transport is closing
320	137	307	444	<nil>
320	1652	0	1652	rpc error: code = Unavailable desc = transport is closing
320	282	0	282	rpc error: code = Unavailable desc = transport is closing
320	160	305	465	<nil>
320	236	303	539	<nil>
320	159	318	477	<nil>
320	173	307	480	<nil>
320	140	308	448	<nil>
320	721	0	721	rpc error: code = Unavailable desc = transport is closing
320	215	317	532	<nil>
320	177	298	475	<nil>
320	231	302	533	<nil>
320	140	304	444	<nil>
320	1655	0	1655	rpc error: code = Unavailable desc = transport is closing
320	234	0	234	rpc error: code = Unavailable desc = transport is closing
320	173	307	480	<nil>
320	160	335	495	<nil>
320	144	336	480	<nil>
320	144	333	477	<nil>
320	2892	0	2892	rpc error: code = Unavailable desc = transport is closing
320	150	370	520	<nil>
320	157	363	520	<nil>
320	144	301	445	<nil>
320	247	0	247	rpc error: code = Unavailable desc = transport is closing
320	155	364	519	<nil>
320	151	364	515	<nil>
320	160	437	597	<nil>
320	157	438	595	<nil>
320	152	497	649	<nil>
320	259	0	259	rpc error: code = Unavailable desc = transport is closing
320	118	0	118	rpc error: code = Unavailable desc = transport is closing
320	114	0	114	rpc error: code = Unavailable desc = transport is closing
320	219	0	219	rpc error: code = Unavailable desc = transport is closing
320	119	0	119	rpc error: code = Unavailable desc = transport is closing
320	193	0	193	rpc error: code = Unavailable desc = transport is closing
320	42	559	601	<nil>
320	1226	0	1226	rpc error: code = Unavailable desc = transport is closing
320	36	552	588	<nil>
320	102	480	582	<nil>
320	80	511	591	<nil>
320	173	437	610	<nil>
320	171	437	608	<nil>
320	163	441	604	<nil>
320	170	442	612	<nil>
320	174	435	609	<nil>
320	166	435	601	<nil>
320	161	441	602	<nil>
320	159	438	597	<nil>
320	165	439	604	<nil>
320	224	0	224	rpc error: code = Unavailable desc = transport is closing
320	270	0	270	rpc error: code = Unavailable desc = transport is closing
320	333	378	711	<nil>
320	345	391	736	<nil>
320	341	367	708	<nil>
320	173	407	580	<nil>
320	359	378	737	<nil>
320	354	407	761	<nil>
320	354	407	761	<nil>
320	355	411	766	<nil>
320	378	421	799	<nil>
320	361	438	799	<nil>
320	362	439	801	<nil>
320	362	439	801	<nil>
320	203	441	644	<nil>
320	356	450	806	<nil>
320	355	450	805	<nil>
320	218	434	652	<nil>
320	346	460	806	<nil>
320	356	450	806	<nil>
320	222	425	647	<nil>
320	269	420	689	<nil>
320	268	743	1011	<nil>
320	235	780	1015	<nil>
320	271	743	1014	<nil>
320	274	741	1015	<nil>
320	273	744	1017	<nil>
320	335	684	1019	<nil>
320	183	689	872	<nil>
320	309	708	1017	<nil>
320	238	728	966	<nil>
320	310	707	1017	<nil>
320	190	681	871	<nil>
320	331	687	1018	<nil>
320	182	690	872	<nil>
320	194	678	872	<nil>
320	215	676	891	<nil>
320	191	680	871	<nil>
320	209	697	906	<nil>
320	194	693	887	<nil>
320	182	705	887	<nil>
320	191	697	888	<nil>
320	131	708	839	<nil>
320	163	677	840	<nil>
320	184	676	860	<nil>
320	488	564	1052	<nil>
320	189	704	893	<nil>
320	226	702	928	<nil>
320	549	490	1039	<nil>
320	267	574	841	<nil>
320	405	489	894	<nil>
320	495	547	1042	<nil>
320	261	592	853	<nil>
320	145	706	851	<nil>
320	143	713	856	<nil>
320	2938	513	3451	<nil>
320	270	461	731	<nil>
320	474	565	1039	<nil>
320	641	556	1197	<nil>
320	478	564	1042	<nil>
320	467	574	1041	<nil>
320	643	554	1197	<nil>
320	536	506	1042	<nil>
320	594	577	1171	<nil>
320	275	578	853	<nil>
320	225	616	841	<nil>
320	397	497	894	<nil>
320	596	602	1198	<nil>
320	249	592	841	<nil>
320	635	562	1197	<nil>
320	269	575	844	<nil>
320	340	392	732	<nil>
320	792	408	1200	<nil>
320	286	565	851	<nil>
320	331	398	729	<nil>
320	59	401	460	<nil>
320	459	438	897	<nil>
320	337	396	733	<nil>
320	654	392	1046	<nil>
320	271	462	733	<nil>
320	683	407	1090	<nil>
320	331	402	733	<nil>
320	594	402	996	<nil>
320	338	393	731	<nil>
320	269	462	731	<nil>
320	558	490	1048	<nil>
320	131	433	564	<nil>
320	336	392	728	<nil>
320	157	463	620	<nil>
320	255	488	743	<nil>
320	272	462	734	<nil>
320	338	393	731	<nil>
320	261	468	729	<nil>
320	292	439	731	<nil>
320	336	398	734	<nil>
320	767	433	1200	<nil>
320	272	463	735	<nil>
320	553	493	1046	<nil>
320	397	463	860	<nil>
320	475	565	1040	<nil>
320	263	471	734	<nil>
320	554	492	1046	<nil>
320	53	462	515	<nil>
320	1661	0	1661	rpc error: code = Unavailable desc = transport is closing
320	720	0	720	rpc error: code = Unavailable desc = transport is closing
320	729	0	729	rpc error: code = Unavailable desc = transport is closing
320	714	0	714	rpc error: code = Unavailable desc = transport is closing
320	705	0	705	rpc error: code = Unavailable desc = transport is closing
320	265	0	265	rpc error: code = Unavailable desc = transport is closing
320	730	0	730	rpc error: code = Unavailable desc = transport is closing
320	573	129	702	<nil>
320	641	25	666	<nil>
320	671	25	696	<nil>
320	640	25	665	<nil>
320	674	24	698	<nil>
320	639	25	664	<nil>
320	674	24	698	<nil>
320	652	25	677	<nil>
320	682	24	706	<nil>
320	644	26	670	<nil>
320	640	28	668	<nil>
320	689	19	708	<nil>
320	645	26	671	<nil>
320	650	28	678	<nil>
320	644	24	668	<nil>
320	678	27	705	<nil>
320	651	27	678	<nil>
320	642	25	667	<nil>
320	643	25	668	<nil>
320	643	25	668	<nil>
320	682	25	707	<nil>
320	685	25	710	<nil>
320	681	25	706	<nil>
320	641	28	669	<nil>
320	491	5	496	<nil>
320	659	24	683	<nil>
320	644	28	672	<nil>
320	534	58	592	<nil>
320	490	62	552	<nil>
320	509	61	570	<nil>
320	485	75	560	<nil>
320	497	63	560	<nil>
320	500	56	556	<nil>
320	840	55	895	<nil>
320	496	65	561	<nil>
320	538	22	560	<nil>
320	531	67	598	<nil>
320	630	23	653	<nil>
320	521	33	554	<nil>
320	832	76	908	<nil>
320	587	77	664	<nil>
320	1149	75	1224	<nil>
320	484	78	562	<nil>
320	589	65	654	<nil>
320	585	67	652	<nil>
320	616	39	655	<nil>
320	490	67	557	<nil>
320	827	67	894	<nil>
320	860	43	903	<nil>
320	835	78	913	<nil>
320	578	76	654	<nil>
320	618	55	673	<nil>
320	612	67	679	<nil>
320	588	67	655	<nil>
320	600	65	665	<nil>
320	863	46	909	<nil>
320	832	80	912	<nil>
320	832	80	912	<nil>
320	807	104	911	<nil>
320	824	109	933	<nil>
320	868	74	942	<nil>
320	1159	132	1291	<nil>
320	1143	148	1291	<nil>
320	10066	157	10223	<nil>
320	864	127	991	<nil>
320	829	148	977	<nil>
320	1146	147	1293	<nil>
320	828	152	980	<nil>
320	830	150	980	<nil>
320	1162	132	1294	<nil>
320	830	155	985	<nil>
320	1144	174	1318	<nil>
320	9688	178	9866	<nil>
320	961	185	1146	<nil>
320	594	155	749	<nil>
320	837	180	1017	<nil>
320	1146	178	1324	<nil>
320	1474	146	1620	<nil>
320	71	133	204	<nil>
320	1150	183	1333	<nil>
320	47	162	209	<nil>
320	583	169	752	<nil>
320	559	190	749	<nil>
320	134	182	316	<nil>
320	184	133	317	<nil>
320	565	191	756	<nil>
320	960	183	1143	<nil>
320	1149	188	1337	<nil>
320	188	133	321	<nil>
320	189	133	322	<nil>
320	1150	187	1337	<nil>
320	187	132	319	<nil>
320	58	144	202	<nil>
320	187	133	320	<nil>
320	72	133	205	<nil>
320	185	135	320	<nil>
320	186	134	320	<nil>
320	1150	184	1334	<nil>
320	186	135	321	<nil>
320	87	123	210	<nil>
320	188	133	321	<nil>
320	188	133	321	<nil>
320	191	133	324	<nil>
320	188	120	308	<nil>
320	2988	125	3113	<nil>
320	188	121	309	<nil>
320	184	126	310	<nil>
320	142	69	211	<nil>
320	690	71	761	<nil>
320	98	93	191	<nil>
320	222	85	307	<nil>
320	237	69	306	<nil>
320	691	75	766	<nil>
320	3017	105	3122	<nil>
320	204	105	309	<nil>
320	115	90	205	<nil>
320	98	104	202	<nil>
320	217	90	307	<nil>
320	113	87	200	<nil>
320	3037	86	3123	<nil>
320	125	77	202	<nil>
320	3018	105	3123	<nil>
320	98	110	208	<nil>
320	222	88	310	<nil>
320	111	89	200	<nil>
320	220	88	308	<nil>
320	682	76	758	<nil>
320	2517	101	2618	<nil>
320	680	78	758	<nil>
320	3011	120	3131	<nil>
320	93	119	212	<nil>
320	120	92	212	<nil>
320	245	73	318	<nil>
320	109	106	215	<nil>
320	685	78	763	<nil>
320	109	106	215	<nil>
320	132	83	215	<nil>
320	94	121	215	<nil>
320	93	73	166	<nil>
320	701	84	785	<nil>
320	234	75	309	<nil>
320	119	96	215	<nil>
320	686	81	767	<nil>
320	107	106	213	<nil>
320	683	78	761	<nil>
320	95	123	218	<nil>
320	95	123	218	<nil>
320	262	56	318	<nil>
320	93	120	213	<nil>
320	687	80	767	<nil>
320	115	107	222	<nil>
320	249	75	324	<nil>
320	279	42	321	<nil>
320	279	41	320	<nil>
320	283	41	324	<nil>
320	279	45	324	<nil>
320	271	50	321	<nil>
320	118	45	163	<nil>
320	104	42	146	<nil>
320	120	44	164	<nil>
320	111	39	150	<nil>
320	110	40	150	<nil>
320	1023	38	1061	<nil>
320	1020	38	1058	<nil>
320	1022	38	1060	<nil>
320	970	39	1009	<nil>
320	1020	40	1060	<nil>
320	1022	40	1062	<nil>
320	1026	40	1066	<nil>
320	1021	40	1061	<nil>
320	304	34	338	<nil>
320	299	47	346	<nil>
320	1024	60	1084	<nil>
320	317	31	348	<nil>
320	309	44	353	<nil>
320	306	42	348	<nil>
320	306	44	350	<nil>
320	305	46	351	<nil>
320	147	45	192	<nil>
320	3088	35	3123	<nil>
320	314	35	349	<nil>
320	314	38	352	<nil>
320	317	40	357	<nil>
320	307	51	358	<nil>
320	1022	65	1087	<nil>
320	315	38	353	<nil>
320	321	37	358	<nil>
320	300	57	357	<nil>
320	315	38	353	<nil>
320	317	39	356	<nil>
320	5972	69	6041	<nil>
320	316	39	355	<nil>
320	313	49	362	<nil>
320	303	48	351	<nil>
320	307	49	356	<nil>
320	316	39	355	<nil>
320	138	59	197	<nil>
320	317	38	355	<nil>
320	306	50	356	<nil>
320	299	58	357	<nil>
320	315	40	355	<nil>
320	315	39	354	<nil>
320	315	41	356	<nil>
320	309	49	358	<nil>
320	319	39	358	<nil>
320	3140	39	3179	<nil>
320	309	49	358	<nil>
320	300	58	358	<nil>
320	3139	40	3179	<nil>
320	306	55	361	<nil>
320	315	40	355	<nil>
320	1025	69	1094	<nil>
320	314	42	356	<nil>
320	314	40	354	<nil>
320	312	44	356	<nil>
320	307	50	357	<nil>
320	307	49	356	<nil>
320	305	59	364	<nil>
320	315	40	355	<nil>
320	1021	66	1087	<nil>
320	190	2	192	<nil>
320	319	46	365	<nil>
320	303	48	351	<nil>
320	316	46	362	<nil>
320	174	14	188	<nil>
320	188	3	191	<nil>
320	187	7	194	<nil>
320	3189	4	3193	<nil>
320	189	6	195	<nil>
320	193	5	198	<nil>
320	189	15	204	<nil>
320	190	5	195	<nil>
320	189	7	196	<nil>
320	161	4	165	<nil>
320	189	9	198	<nil>
320	191	11	202	<nil>
320	1420	8	1428	<nil>
320	189	14	203	<nil>
320	191	22	213	<nil>
320	1432	6	1438	<nil>
320	1434	6	1440	<nil>
320	1435	7	1442	<nil>
320	192	12	204	<nil>
320	197	18	215	<nil>
320	193	17	210	<nil>
320	281	5	286	<nil>
320	192	17	209	<nil>
320	3185	8	3193	<nil>
320	162	6	168	<nil>
320	193	22	215	<nil>
320	2840	15	2855	<nil>
320	10244	3	10247	<nil>
320	1431	9	1440	<nil>
320	1432	8	1440	<nil>
320	1435	5	1440	<nil>
320	284	7	291	<nil>
320	188	20	208	<nil>
320	1431	12	1443	<nil>
320	145	8	153	<nil>
320	11149	12	11161	<nil>
320	282	5	287	<nil>
320	147	6	153	<nil>
320	1441	4	1445	<nil>
320	164	17	181	<nil>
320	169	7	176	<nil>
320	1417	15	1432	<nil>
320	860	2	862	<nil>
320	842	2	844	<nil>
320	285	7	292	<nil>
320	1432	15	1447	<nil>
320	145	6	151	<nil>
320	188	8	196	<nil>
320	283	9	292	<nil>
320	146	8	154	<nil>
320	148	5	153	<nil>
320	1440	5	1445	<nil>
320	143	9	152	<nil>
320	860	2	862	<nil>
320	282	9	291	<nil>
320	3210	8	3218	<nil>
320	284	7	291	<nil>
320	284	7	291	<nil>
320	1508	23	1531	<nil>
320	381	12	393	<nil>
320	362	11	373	<nil>
320	327	14	341	<nil>
320	366	12	378	<nil>
320	327	11	338	<nil>
320	348	11	359	<nil>
320	366	12	378	<nil>
320	249	16	265	<nil>
320	351	13	364	<nil>
320	367	12	379	<nil>
320	3564	12	3576	<nil>
320	358	11	369	<nil>
320	1511	18	1529	<nil>
320	1512	20	1532	<nil>
320	1515	20	1535	<nil>
320	366	13	379	<nil>
320	371	8	379	<nil>
320	350	9	359	<nil>
320	382	13	395	<nil>
320	357	20	377	<nil>
320	355	8	363	<nil>
320	1510	20	1530	<nil>
320	355	16	371	<nil>
320	337	4	341	<nil>
320	369	8	377	<nil>
320	383	7	390	<nil>
320	327	15	342	<nil>
320	365	15	380	<nil>
320	1508	22	1530	<nil>
320	385	14	399	<nil>
320	353	11	364	<nil>
320	364	11	375	<nil>
320	340	10	350	<nil>
320	362	15	377	<nil>
320	359	11	370	<nil>
320	335	16	351	<nil>
320	1515	26	1541	<nil>
320	358	8	366	<nil>
320	379	14	393	<nil>
320	3223	13	3236	<nil>
320	371	13	384	<nil>
320	1513	51	1564	<nil>
320	371	75	446	<nil>
320	340	71	411	<nil>
320	379	86	465	<nil>
320	359	84	443	<nil>
320	351	73	424	<nil>
320	382	104	486	<nil>
320	392	109	501	<nil>
320	356	110	466	<nil>
320	1310	37	1347	<nil>
320	459	32	491	<nil>
320	336	123	459	<nil>
320	3654	46	3700	<nil>
320	429	32	461	<nil>
320	387	100	487	<nil>
320	285	112	397	<nil>
320	423	35	458	<nil>
320	341	123	464	<nil>
320	3155	97	3252	<nil>
320	380	115	495	<nil>
320	460	35	495	<nil>
320	399	76	475	<nil>
320	319	94	413	<nil>
320	1032	119	1151	<nil>
320	459	37	496	<nil>
320	288	113	401	<nil>
320	460	34	494	<nil>
320	432	35	467	<nil>
320	3663	32	3695	<nil>
320	431	38	469	<nil>
320	377	117	494	<nil>
320	424	36	460	<nil>
320	408	91	499	<nil>
320	3577	115	3692	<nil>
320	338	124	462	<nil>
320	374	127	501	<nil>
320	325	93	418	<nil>
320	341	128	469	<nil>
320	3565	40	3605	<nil>
320	106	17	123	<nil>
320	96	30	126	<nil>
320	356	114	470	<nil>
320	280	115	395	<nil>
320	384	118	502	<nil>
320	350	114	464	<nil>
320	84	41	125	<nil>
320	306	119	425	<nil>
320	402	40	442	<nil>
320	366	118	484	<nil>
320	349	121	470	<nil>
320	103	21	124	<nil>
320	278	119	397	<nil>
320	430	40	470	<nil>
320	275	119	394	<nil>
320	355	114	469	<nil>
320	3695	8	3703	<nil>
320	330	95	425	<nil>
320	462	48	510	<nil>
320	482	22	504	<nil>
320	3572	47	3619	<nil>
320	464	8	472	<nil>
320	444	21	465	<nil>
320	383	107	490	<nil>
320	455	27	482	<nil>
320	102	21	123	<nil>
320	103	20	123	<nil>
320	403	67	470	<nil>
320	3484	123	3607	<nil>
320	444	34	478	<nil>
320	415	28	443	<nil>
320	495	89	584	<nil>
320	3693	111	3804	<nil>
320	490	111	601	<nil>
320	475	111	586	<nil>
320	473	147	620	<nil>
320	485	124	609	<nil>
320	1372	130	1502	<nil>
320	479	146	625	<nil>
320	486	146	632	<nil>
320	489	143	632	<nil>
320	429	144	573	<nil>
320	133	152	285	<nil>
320	156	130	286	<nil>
320	138	154	292	<nil>
320	127	157	284	<nil>
320	485	151	636	<nil>
320	502	150	652	<nil>
320	192	103	295	<nil>
320	112	177	289	<nil>
320	134	153	287	<nil>
320	142	157	299	<nil>
320	132	157	289	<nil>
320	134	187	321	<nil>
320	3617	164	3781	<nil>
320	116	178	294	<nil>
320	1599	136	1735	<nil>
320	1548	186	1734	<nil>
320	1548	188	1736	<nil>
320	113	186	299	<nil>
320	61	187	248	<nil>
320	110	167	277	<nil>
320	131	164	295	<nil>
320	126	183	309	<nil>
320	139	151	290	<nil>
320	142	157	299	<nil>
320	132	189	321	<nil>
320	136	382	518	<nil>
320	103	157	260	<nil>
320	142	150	292	<nil>
320	119	167	286	<nil>
320	135	156	291	<nil>
320	133	161	294	<nil>
320	477	165	642	<nil>
320	138	159	297	<nil>
320	127	149	276	<nil>
320	132	163	295	<nil>
320	135	156	291	<nil>
320	189	108	297	<nil>
320	138	162	300	<nil>
320	156	248	404	<nil>
320	132	395	527	<nil>
320	510	372	882	<nil>
320	485	155	640	<nil>
320	448	357	805	<nil>
320	138	276	414	<nil>
320	152	277	429	<nil>
320	496	358	854	<nil>
320	443	392	835	<nil>
320	461	358	819	<nil>
320	180	120	300	<nil>
320	141	148	289	<nil>
320	116	160	276	<nil>
320	136	397	533	<nil>
320	128	163	291	<nil>
320	104	392	496	<nil>
320	162	275	437	<nil>
320	204	260	464	<nil>
320	164	259	423	<nil>
320	185	259	444	<nil>
320	632	259	891	<nil>
320	598	316	914	<nil>
320	672	318	990	<nil>
320	629	316	945	<nil>
320	628	316	944	<nil>
320	629	318	947	<nil>
320	600	317	917	<nil>
320	3816	318	4134	<nil>
320	706	317	1023	<nil>
320	3822	317	4139	<nil>
320	627	318	945	<nil>
320	673	318	991	<nil>
320	706	318	1024	<nil>
320	705	319	1024	<nil>
320	195	318	513	<nil>
320	598	318	916	<nil>
320	188	318	506	<nil>
320	673	320	993	<nil>
320	3819	317	4136	<nil>
320	677	315	992	<nil>
320	615	317	932	<nil>
320	3906	319	4225	<nil>
320	628	320	948	<nil>
320	646	321	967	<nil>
320	604	320	924	<nil>
320	246	326	572	<nil>
320	627	330	957	<nil>
320	601	325	926	<nil>
320	596	331	927	<nil>
320	187	317	504	<nil>
320	671	330	1001	<nil>
320	396	126	522	<nil>
320	396	125	521	<nil>
320	912	127	1039	<nil>
320	854	136	990	<nil>
320	4025	155	4180	<nil>
320	396	158	554	<nil>
320	395	165	560	<nil>
320	192	372	564	<nil>
320	202	376	578	<nil>
320	397	168	565	<nil>
320	924	126	1050	<nil>
320	884	168	1052	<nil>
320	439	142	581	<nil>
320	863	142	1005	<nil>
320	881	177	1058	<nil>
320	914	175	1089	<nil>
320	414	190	604	<nil>
320	395	181	576	<nil>
320	879	182	1061	<nil>
320	407	187	594	<nil>
320	454	187	641	<nil>
320	395	204	599	<nil>
320	882	203	1085	<nil>
320	814	196	1010	<nil>
320	952	161	1113	<nil>
320	952	134	1086	<nil>
320	991	130	1121	<nil>
320	983	138	1121	<nil>
320	951	135	1086	<nil>
320	967	126	1093	<nil>
320	520	145	665	<nil>
320	1022	110	1132	<nil>
320	560	128	688	<nil>
320	977	127	1104	<nil>
320	993	108	1101	<nil>
320	958	147	1105	<nil>
320	994	118	1112	<nil>
320	992	111	1103	<nil>
320	961	139	1100	<nil>
320	564	124	688	<nil>
320	1037	96	1133	<nil>
320	981	148	1129	<nil>
320	1023	109	1132	<nil>
320	992	110	1102	<nil>
320	4212	107	4319	<nil>
320	987	143	1130	<nil>
320	984	146	1130	<nil>
320	960	141	1101	<nil>
320	990	148	1138	<nil>
320	580	109	689	<nil>
320	1021	110	1131	<nil>
320	951	149	1100	<nil>
320	990	109	1099	<nil>
320	1001	126	1127	<nil>
320	579	121	700	<nil>
320	955	145	1100	<nil>
320	956	136	1092	<nil>
320	970	140	1110	<nil>
320	950	151	1101	<nil>
320	631	71	702	<nil>
320	1025	103	1128	<nil>
320	996	147	1143	<nil>
320	952	162	1114	<nil>
320	630	82	712	<nil>
320	984	133	1117	<nil>
320	607	92	699	<nil>
320	1025	119	1144	<nil>
320	1019	142	1161	<nil>
320	546	154	700	<nil>
320	579	122	701	<nil>
320	546	158	704	<nil>
320	1012	105	1117	<nil>
320	999	162	1161	<nil>
320	1012	149	1161	<nil>
320	4297	124	4421	<nil>
320	974	144	1118	<nil>
320	591	129	720	<nil>
320	576	128	704	<nil>
320	654	104	758	<nil>
320	956	146	1102	<nil>
320	571	130	701	<nil>
320	962	152	1114	<nil>
320	994	148	1142	<nil>
320	967	152	1119	<nil>
320	961	155	1116	<nil>
320	1022	93	1115	<nil>
320	1042	111	1153	<nil>
320	969	142	1111	<nil>
320	967	164	1131	<nil>
320	566	141	707	<nil>
320	629	78	707	<nil>
320	550	154	704	<nil>
320	550	158	708	<nil>
320	525	36	561	<nil>
320	631	76	707	<nil>
320	546	159	705	<nil>
320	544	162	706	<nil>
320	640	67	707	<nil>
320	523	131	654	<nil>
320	541	163	704	<nil>
320	580	127	707	<nil>
320	552	167	719	<nil>
320	583	135	718	<nil>
320	542	165	707	<nil>
320	609	98	707	<nil>
320	551	167	718	<nil>
320	553	154	707	<nil>
320	594	109	703	<nil>
320	597	109	706	<nil>
320	565	142	707	<nil>
320	546	157	703	<nil>
320	580	127	707	<nil>
320	482	36	518	<nil>
320	4203	110	4313	<nil>
320	1060	146	1206	<nil>
320	571	119	690	<nil>
320	541	149	690	<nil>
320	961	162	1123	<nil>
320	553	158	711	<nil>
320	1009	154	1163	<nil>
320	983	168	1151	<nil>
320	542	168	710	<nil>
320	957	164	1121	<nil>
320	574	134	708	<nil>
320	181	48	229	<nil>
320	194	77	271	<nil>
320	195	77	272	<nil>
320	512	103	615	<nil>
320	697	77	774	<nil>
320	484	77	561	<nil>
320	517	78	595	<nil>
320	180	63	243	<nil>
320	709	80	789	<nil>
320	527	103	630	<nil>
320	180	63	243	<nil>
320	483	77	560	<nil>
320	184	55	239	<nil>
320	518	77	595	<nil>
320	189	82	271	<nil>
320	182	81	263	<nil>
320	527	232	759	<nil>
320	487	229	716	<nil>
320	164	229	393	<nil>
320	482	233	715	<nil>
320	307	208	515	<nil>
320	543	214	757	<nil>
320	304	213	517	<nil>
320	600	206	806	<nil>
320	598	212	810	<nil>
320	601	216	817	<nil>
320	192	225	417	<nil>
320	1444	181	1625	<nil>
320	172	234	406	<nil>
320	578	226	804	<nil>
320	217	189	406	<nil>
320	241	176	417	<nil>
320	218	199	417	<nil>
320	2887	191	3078	<nil>
320	1501	226	1727	<nil>
320	1507	223	1730	<nil>
320	206	192	398	<nil>
320	179	224	403	<nil>
320	209	189	398	<nil>
320	230	176	406	<nil>
320	615	185	800	<nil>
320	608	189	797	<nil>
320	1482	160	1642	<nil>
320	1356	196	1552	<nil>
320	352	195	547	<nil>
320	2898	196	3094	<nil>
320	613	214	827	<nil>
320	361	196	557	<nil>
320	388	160	548	<nil>
320	360	196	556	<nil>
320	382	167	549	<nil>
320	346	216	562	<nil>
320	339	196	535	<nil>
320	392	164	556	<nil>
320	2898	195	3093	<nil>
320	382	182	564	<nil>
320	360	196	556	<nil>
320	1585	213	1798	<nil>
320	322	240	562	<nil>
320	352	210	562	<nil>
320	1550	213	1763	<nil>
320	601	195	796	<nil>
320	347	216	563	<nil>
320	227	213	440	<nil>
320	356	208	564	<nil>
320	391	61	452	<nil>
320	356	225	581	<nil>
320	1223	206	1429	<nil>
320	134	240	374	<nil>
320	2936	268	3204	<nil>
320	133	232	365	<nil>
320	230	150	380	<nil>
320	510	144	654	<nil>
320	412	242	654	<nil>
320	511	146	657	<nil>
320	506	150	656	<nil>
320	524	153	677	<nil>
320	633	246	879	<nil>
320	420	260	680	<nil>
320	498	161	659	<nil>
320	411	251	662	<nil>
320	440	240	680	<nil>
320	2965	253	3218	<nil>
320	428	251	679	<nil>
320	2973	247	3220	<nil>
320	408	254	662	<nil>
320	1709	169	1878	<nil>
320	422	249	671	<nil>
320	1620	257	1877	<nil>
320	390	222	612	<nil>
320	517	159	676	<nil>
320	527	159	686	<nil>
320	523	156	679	<nil>
320	1719	180	1899	<nil>
320	121	274	395	<nil>
320	412	284	696	<nil>
320	400	176	576	<nil>
320	129	321	450	<nil>
320	106	363	469	<nil>
320	2979	329	3308	<nil>
320	392	239	631	<nil>
320	1358	243	1601	<nil>
320	337	245	582	<nil>
320	1361	242	1603	<nil>
320	1361	244	1605	<nil>
320	1368	243	1611	<nil>
320	402	244	646	<nil>
320	398	247	645	<nil>
320	402	246	648	<nil>
320	399	246	645	<nil>
320	394	246	640	<nil>
320	369	245	614	<nil>
320	402	247	649	<nil>
320	349	272	621	<nil>
320	1335	269	1604	<nil>
320	1360	273	1633	<nil>
320	366	273	639	<nil>
320	3022	270	3292	<nil>
320	205	270	475	<nil>
320	1363	270	1633	<nil>
320	202	270	472	<nil>
320	1362	273	1635	<nil>
320	1361	272	1633	<nil>
320	402	273	675	<nil>
320	1364	270	1634	<nil>
320	203	336	539	<nil>
320	216	331	547	<nil>
320	216	331	547	<nil>
320	3048	328	3376	<nil>
320	218	330	548	<nil>
320	224	326	550	<nil>
320	218	330	548	<nil>
320	2485	327	2812	<nil>
320	230	346	576	<nil>
320	221	342	563	<nil>
320	219	345	564	<nil>
320	210	353	563	<nil>
320	220	346	566	<nil>
320	272	299	571	<nil>
320	224	356	580	<nil>
320	59	335	394	<nil>
320	60	333	393	<nil>
320	212	354	566	<nil>
320	3122	334	3456	<nil>
320	242	341	583	<nil>
320	35	363	398	<nil>
320	257	344	601	<nil>
320	258	273	531	<nil>
320	50	343	393	<nil>
320	330	270	600	<nil>
320	329	270	599	<nil>
320	326	274	600	<nil>
320	329	270	599	<nil>
320	328	272	600	<nil>
320	326	274	600	<nil>
320	257	344	601	<nil>
320	257	343	600	<nil>
320	251	345	596	<nil>
320	47	345	392	<nil>
320	324	278	602	<nil>
320	46	346	392	<nil>
320	252	346	598	<nil>
320	323	274	597	<nil>
320	329	1139	1468	<nil>
320	324	1138	1462	<nil>
320	261	1138	1399	<nil>
320	331	1139	1470	<nil>
320	262	1149	1411	<nil>
320	116	1152	1268	<nil>
320	133	1135	1268	<nil>
320	124	1136	1260	<nil>
320	276	1133	1409	<nil>
320	312	1105	1417	<nil>
320	376	1107	1483	<nil>
320	384	1104	1488	<nil>
320	136	1132	1268	<nil>
320	66	922	988	<nil>
320	233	944	1177	<nil>
320	251	992	1243	<nil>
320	230	896	1126	<nil>
320	118	1151	1269	<nil>
320	122	1107	1229	<nil>
320	145	1106	1251	<nil>
320	374	1109	1483	<nil>
320	121	1104	1225	<nil>
320	104	940	1044	<nil>
320	306	1107	1413	<nil>
320	493	988	1481	<nil>
320	466	1021	1487	<nil>
320	121	1110	1231	<nil>
320	443	1046	1489	<nil>
320	551	939	1490	<nil>
320	50	889	939	<nil>
320	74	922	996	<nil>
320	547	941	1488	<nil>
320	436	1053	1489	<nil>
320	498	989	1487	<nil>
320	429	992	1421	<nil>
320	485	998	1483	<nil>
320	127	991	1118	<nil>
320	438	1051	1489	<nil>
320	102	935	1037	<nil>
320	100	945	1045	<nil>
320	480	939	1419	<nil>
320	486	999	1485	<nil>
320	2925	945	3870	<nil>
320	358	897	1255	<nil>
320	404	1017	1421	<nil>
320	254	989	1243	<nil>
320	566	917	1483	<nil>
320	100	945	1045	<nil>
320	100	945	1045	<nil>
320	82	936	1018	<nil>
320	212	943	1155	<nil>
320	336	939	1275	<nil>
320	567	915	1482	<nil>
320	490	1000	1490	<nil>
320	218	1052	1270	<nil>
320	473	940	1413	<nil>
320	170	1106	1276	<nil>
320	240	999	1239	<nil>
320	330	901	1231	<nil>
320	372	1046	1418	<nil>
320	234	890	1124	<nil>
320	375	1109	1484	<nil>
320	373	1106	1479	<nil>
320	137	1135	1272	<nil>
320	372	1108	1480	<nil>
320	470	1018	1488	<nil>
320	140	998	1138	<nil>
320	558	925	1483	<nil>
320	469	1019	1488	<nil>
320	120	1111	1231	<nil>
320	361	1052	1413	<nil>
320	121	1112	1233	<nil>
320	438	1052	1490	<nil>
320	379	1043	1422	<nil>
320	480	941	1421	<nil>
320	372	1111	1483	<nil>
320	90	1049	1139	<nil>
320	90	1049	1139	<nil>
320	60	1010	1070	<nil>
320	258	1003	1261	<nil>
320	5051	1003	6054	<nil>
320	50	1003	1053	<nil>
320	69	1004	1073	<nil>
320	62	1004	1066	<nil>
320	62	1004	1066	<nil>
320	1257	0	1257	rpc error: code = Unavailable desc = transport is closing
320	1255	0	1255	rpc error: code = Unavailable desc = transport is closing
320	901	0	901	rpc error: code = Unavailable desc = transport is closing
320	1254	0	1254	rpc error: code = Unavailable desc = transport is closing
320	1241	0	1241	rpc error: code = Unavailable desc = transport is closing
320	883	0	883	rpc error: code = Unavailable desc = transport is closing
320	1257	0	1257	rpc error: code = Unavailable desc = transport is closing
320	1403	0	1403	rpc error: code = Unavailable desc = transport is closing
320	1122	0	1122	rpc error: code = Unavailable desc = transport is closing
320	1122	0	1122	rpc error: code = Unavailable desc = transport is closing
320	1257	0	1257	rpc error: code = Unavailable desc = transport is closing
320	1127	0	1127	rpc error: code = Unavailable desc = transport is closing
320	1124	0	1124	rpc error: code = Unavailable desc = transport is closing
320	1268	0	1268	rpc error: code = Unavailable desc = transport is closing
320	1612	0	1612	rpc error: code = Unavailable desc = transport is closing
320	1612	0	1612	rpc error: code = Unavailable desc = transport is closing
320	1629	0	1629	rpc error: code = Unavailable desc = transport is closing
320	1031	0	1031	rpc error: code = Unavailable desc = transport is closing
320	1628	0	1628	rpc error: code = Unavailable desc = transport is closing
320	1142	0	1142	rpc error: code = Unavailable desc = transport is closing
320	1640	0	1640	rpc error: code = Unavailable desc = transport is closing
320	1635	0	1635	rpc error: code = Unavailable desc = transport is closing
320	2811	97	2908	<nil>
320	6017	76	6093	<nil>
320	1619	0	1619	rpc error: code = Unavailable desc = transport is closing
320	1025	0	1025	rpc error: code = Unavailable desc = transport is closing
320	1635	0	1635	rpc error: code = Unavailable desc = transport is closing
320	1647	0	1647	rpc error: code = Unavailable desc = transport is closing
320	1054	80	1134	<nil>
320	1631	0	1631	rpc error: code = Unavailable desc = transport is closing
320	1053	0	1053	rpc error: code = Unavailable desc = transport is closing
320	1165	0	1165	rpc error: code = Unavailable desc = transport is closing
320	1641	0	1641	rpc error: code = Unavailable desc = transport is closing
320	1632	0	1632	rpc error: code = Unavailable desc = transport is closing
320	1557	0	1557	rpc error: code = Unavailable desc = transport is closing
320	1631	0	1631	rpc error: code = Unavailable desc = transport is closing
320	1168	0	1168	rpc error: code = Unavailable desc = transport is closing
320	1041	0	1041	rpc error: code = Unavailable desc = transport is closing
320	1156	0	1156	rpc error: code = Unavailable desc = transport is closing
320	1629	0	1629	rpc error: code = Unavailable desc = transport is closing
320	240	14	254	<nil>
320	1616	0	1616	rpc error: code = Unavailable desc = transport is closing
320	1153	0	1153	rpc error: code = Unavailable desc = transport is closing
320	1617	0	1617	rpc error: code = Unavailable desc = transport is closing
320	1629	0	1629	rpc error: code = Unavailable desc = transport is closing
320	1614	0	1614	rpc error: code = Unavailable desc = transport is closing
320	1036	0	1036	rpc error: code = Unavailable desc = transport is closing
320	1161	0	1161	rpc error: code = Unavailable desc = transport is closing
320	1627	0	1627	rpc error: code = Unavailable desc = transport is closing
320	4211	0	4211	rpc error: code = Unavailable desc = transport is closing
320	1163	0	1163	rpc error: code = Unavailable desc = transport is closing
320	11346	0	11346	rpc error: code = Unavailable desc = transport is closing
320	1628	0	1628	rpc error: code = Unavailable desc = transport is closing
320	1161	0	1161	rpc error: code = Unavailable desc = transport is closing
320	247	10	257	<nil>
320	1386	0	1386	rpc error: code = Unavailable desc = transport is closing
320	1629	0	1629	rpc error: code = Unavailable desc = transport is closing
320	1136	0	1136	rpc error: code = Unavailable desc = transport is closing
320	1162	0	1162	rpc error: code = Unavailable desc = transport is closing
320	1164	0	1164	rpc error: code = Unavailable desc = transport is closing
320	1629	0	1629	rpc error: code = Unavailable desc = transport is closing
320	1633	0	1633	rpc error: code = Unavailable desc = transport is closing
320	1134	0	1134	rpc error: code = Unavailable desc = transport is closing
320	1142	0	1142	rpc error: code = Unavailable desc = transport is closing
320	1053	80	1133	<nil>
320	1634	0	1634	rpc error: code = Unavailable desc = transport is closing
320	1630	0	1630	rpc error: code = Unavailable desc = transport is closing
320	1627	0	1627	rpc error: code = Unavailable desc = transport is closing
320	1137	0	1137	rpc error: code = Unavailable desc = transport is closing
320	1133	0	1133	rpc error: code = Unavailable desc = transport is closing
320	1616	0	1616	rpc error: code = Unavailable desc = transport is closing
320	1628	0	1628	rpc error: code = Unavailable desc = transport is closing
320	1628	0	1628	rpc error: code = Unavailable desc = transport is closing
320	254	12	266	<nil>
320	1398	78	1476	<nil>
320	4032	79	4111	<nil>
320	222	39	261	<nil>
320	1374	96	1470	<nil>
320	1845	97	1942	<nil>
320	205	73	278	<nil>
320	220	41	261	<nil>
320	1842	97	1939	<nil>
320	1400	100	1500	<nil>
320	202	72	274	<nil>
320	1041	92	1133	<nil>
320	1056	77	1133	<nil>
320	4272	95	4367	<nil>
320	1061	88	1149	<nil>
320	1058	77	1135	<nil>
320	1062	79	1141	<nil>
320	2804	98	2902	<nil>
320	1054	77	1131	<nil>
320	1077	78	1155	<nil>
320	1845	101	1946	<nil>
320	1254	98	1352	<nil>
320	1057	78	1135	<nil>
320	216	42	258	<nil>
320	1045	0	1045	rpc error: code = Unavailable desc = transport is closing
320	1061	81	1142	<nil>
320	235	18	253	<nil>
320	218	45	263	<nil>
320	222	44	266	<nil>
320	2809	101	2910	<nil>
320	204	76	280	<nil>
320	2830	43	2873	<nil>
320	1051	80	1131	<nil>
320	230	50	280	<nil>
320	2805	101	2906	<nil>
320	1630	0	1630	rpc error: code = Unavailable desc = transport is closing
320	1240	11	1251	<nil>
320	1153	0	1153	rpc error: code = Unavailable desc = transport is closing
320	1617	0	1617	rpc error: code = Unavailable desc = transport is closing
320	216	44	260	<nil>
320	1077	80	1157	<nil>
320	219	47	266	<nil>
320	224	46	270	<nil>
320	2774	102	2876	<nil>
320	218	47	265	<nil>
320	1070	82	1152	<nil>
320	235	20	255	<nil>
320	234	20	254	<nil>
320	1062	82	1144	<nil>
320	1141	0	1141	rpc error: code = Unavailable desc = transport is closing
320	1056	82	1138	<nil>
320	1390	80	1470	<nil>
320	235	21	256	<nil>
320	235	22	257	<nil>
320	248	9	257	<nil>
320	249	9	258	<nil>
320	251	8	259	<nil>
320	250	8	258	<nil>
320	257	7	264	<nil>
320	248	9	257	<nil>
320	1405	0	1405	rpc error: code = Unavailable desc = transport is closing
320	253	6	259	<nil>
320	244	13	257	<nil>
320	249	8	257	<nil>
320	1631	0	1631	rpc error: code = Unavailable desc = transport is closing
320	255	12	267	<nil>
320	249	15	264	<nil>
320	254	12	266	<nil>
320	235	31	266	<nil>
320	253	12	265	<nil>
320	249	20	269	<nil>
320	247	19	266	<nil>
320	254	11	265	<nil>
320	249	9	258	<nil>
320	252	14	266	<nil>
320	252	15	267	<nil>
320	261	15	276	<nil>
320	250	16	266	<nil>
320	1134	0	1134	rpc error: code = Unavailable desc = transport is closing
320	252	16	268	<nil>
320	1041	118	1159	<nil>
320	257	15	272	<nil>
320	255	16	271	<nil>
320	263	8	271	<nil>
320	256	15	271	<nil>
320	266	19	285	<nil>
320	258	19	277	<nil>
320	257	19	276	<nil>
320	270	12	282	<nil>
320	261	21	282	<nil>
320	1634	0	1634	rpc error: code = Unavailable desc = transport is closing
320	1045	178	1223	<nil>
320	1147	0	1147	rpc error: code = Unavailable desc = transport is closing
320	1640	197	1837	<nil>
320	4268	194	4462	<nil>
320	1372	200	1572	<nil>
320	4266	199	4465	<nil>
320	1452	199	1651	<nil>
320	1453	199	1652	<nil>
320	4269	198	4467	<nil>
320	4284	195	4479	<nil>
320	1045	194	1239	<nil>
320	1042	194	1236	<nil>
320	255	93	348	<nil>
320	1389	215	1604	<nil>
320	252	120	372	<nil>
320	1388	215	1603	<nil>
320	1056	195	1251	<nil>
320	268	106	374	<nil>
320	1037	223	1260	<nil>
320	1103	196	1299	<nil>
320	240	201	441	<nil>
320	258	214	472	<nil>
320	266	172	438	<nil>
320	246	220	466	<nil>
320	263	355	618	<nil>
320	262	362	624	<nil>
320	256	379	635	<nil>
320	250	391	641	<nil>
320	252	390	642	<nil>
320	354	308	662	<nil>
320	246	433	679	<nil>
320	252	433	685	<nil>
320	349	332	681	<nil>
320	4760	287	5047	<nil>
320	406	287	693	<nil>
320	134	423	557	<nil>
320	248	435	683	<nil>
320	134	411	545	<nil>
320	243	438	681	<nil>
320	350	334	684	<nil>
320	147	412	559	<nil>
320	252	436	688	<nil>
320	145	416	561	<nil>
320	96	415	511	<nil>
320	246	436	682	<nil>
320	99	412	511	<nil>
320	4634	416	5050	<nil>
320	96	415	511	<nil>
320	137	426	563	<nil>
320	94	415	509	<nil>
320	95	421	516	<nil>
320	94	420	514	<nil>
320	93	423	516	<nil>
320	95	481	576	<nil>
320	92	486	578	<nil>
320	91	488	579	<nil>
320	98	484	582	<nil>
320	116	422	538	<nil>
320	128	422	550	<nil>
320	99	486	585	<nil>
320	68	483	551	<nil>
320	95	488	583	<nil>
320	445	214	659	<nil>
320	389	196	585	<nil>
320	414	166	580	<nil>
320	409	166	575	<nil>
320	413	167	580	<nil>
320	423	168	591	<nil>
320	452	138	590	<nil>
320	462	128	590	<nil>
320	463	129	592	<nil>
320	423	168	591	<nil>
320	417	133	550	<nil>
320	426	170	596	<nil>
320	430	123	553	<nil>
320	459	136	595	<nil>
320	425	129	554	<nil>
320	458	125	583	<nil>
320	479	104	583	<nil>
320	465	128	593	<nil>
320	489	107	596	<nil>
320	494	92	586	<nil>
320	497	92	589	<nil>
320	496	88	584	<nil>
320	4518	102	4620	<nil>
320	479	104	583	<nil>
320	468	90	558	<nil>
320	4513	103	4616	<nil>
320	500	89	589	<nil>
320	490	93	583	<nil>
320	492	94	586	<nil>
320	4482	105	4587	<nil>
320	4517	104	4621	<nil>
320	489	93	582	<nil>
320	4523	93	4616	<nil>
320	4512	103	4615	<nil>
320	479	107	586	<nil>
320	493	94	587	<nil>
320	470	88	558	<nil>
320	4523	95	4618	<nil>
320	517	83	600	<nil>
320	443	124	567	<nil>
320	479	124	603	<nil>
320	492	103	595	<nil>
320	385	133	518	<nil>
320	4513	103	4616	<nil>
320	445	132	577	<nil>
320	446	132	578	<nil>
340	533	593	1126	<nil>
340	527	593	1120	<nil>
340	495	591	1086	<nil>
340	373	591	964	<nil>
340	467	592	1059	<nil>
340	530	592	1122	<nil>
340	472	594	1066	<nil>
340	411	592	1003	<nil>
340	467	593	1060	<nil>
340	532	592	1124	<nil>
340	471	591	1062	<nil>
340	470	593	1063	<nil>
340	468	592	1060	<nil>
340	541	588	1129	<nil>
340	358	594	952	<nil>
340	472	591	1063	<nil>
340	440	589	1029	<nil>
340	411	594	1005	<nil>
340	469	592	1061	<nil>
340	464	610	1074	<nil>
340	369	608	977	<nil>
340	467	608	1075	<nil>
340	466	607	1073	<nil>
340	468	606	1074	<nil>
340	470	603	1073	<nil>
340	465	635	1100	<nil>
340	469	632	1101	<nil>
340	465	634	1099	<nil>
340	2635	633	3268	<nil>
340	417	629	1046	<nil>
340	471	630	1101	<nil>
340	471	629	1100	<nil>
340	472	629	1101	<nil>
340	472	628	1100	<nil>
340	2582	628	3210	<nil>
340	472	628	1100	<nil>
340	375	630	1005	<nil>
340	472	628	1100	<nil>
340	472	629	1101	<nil>
340	472	628	1100	<nil>
340	471	628	1099	<nil>
340	473	629	1102	<nil>
340	212	597	809	<nil>
340	473	629	1102	<nil>
340	197	629	826	<nil>
340	210	597	807	<nil>
340	176	628	804	<nil>
340	175	629	804	<nil>
340	177	629	806	<nil>
340	175	630	805	<nil>
340	231	588	819	<nil>
340	229	588	817	<nil>
340	239	588	827	<nil>
340	16817	549	17366	<nil>
340	253	567	820	<nil>
340	302	521	823	<nil>
340	249	569	818	<nil>
340	261	567	828	<nil>
340	275	525	800	<nil>
340	2709	591	3300	<nil>
340	228	590	818	<nil>
340	219	592	811	<nil>
340	230	551	781	<nil>
340	234	592	826	<nil>
340	172	581	753	<nil>
340	309	522	831	<nil>
340	174	579	753	<nil>
340	193	555	748	<nil>
340	186	585	771	<nil>
340	187	565	752	<nil>
340	160	608	768	<nil>
340	285	552	837	<nil>
340	208	543	751	<nil>
340	2596	542	3138	<nil>
340	294	540	834	<nil>
340	237	525	762	<nil>
340	587	125	712	<nil>
340	632	126	758	<nil>
340	228	564	792	<nil>
340	639	119	758	<nil>
340	637	120	757	<nil>
340	638	121	759	<nil>
340	632	121	753	<nil>
340	640	122	762	<nil>
340	632	122	754	<nil>
340	633	122	755	<nil>
340	638	122	760	<nil>
340	638	124	762	<nil>
340	647	110	757	<nil>
340	633	125	758	<nil>
340	638	124	762	<nil>
340	645	112	757	<nil>
340	596	111	707	<nil>
340	648	110	758	<nil>
340	640	126	766	<nil>
340	649	61	710	<nil>
340	625	84	709	<nil>
340	648	62	710	<nil>
340	650	111	761	<nil>
340	655	54	709	<nil>
340	649	61	710	<nil>
340	601	108	709	<nil>
340	10394	112	10506	<nil>
340	632	70	702	<nil>
340	654	55	709	<nil>
340	641	70	711	<nil>
340	5939	71	6010	<nil>
340	637	98	735	<nil>
340	649	87	736	<nil>
340	642	75	717	<nil>
340	3183	80	3263	<nil>
340	3041	107	3148	<nil>
340	669	78	747	<nil>
340	658	92	750	<nil>
340	623	92	715	<nil>
340	675	73	748	<nil>
340	639	108	747	<nil>
340	675	73	748	<nil>
340	649	98	747	<nil>
340	675	88	763	<nil>
340	3198	93	3291	<nil>
340	190	97	287	<nil>
340	190	101	291	<nil>
340	187	105	292	<nil>
340	190	101	291	<nil>
340	191	101	292	<nil>
340	192	101	293	<nil>
340	191	100	291	<nil>
340	186	106	292	<nil>
340	192	102	294	<nil>
340	192	107	299	<nil>
340	178	112	290	<nil>
340	180	115	295	<nil>
340	180	113	293	<nil>
340	179	114	293	<nil>
340	178	117	295	<nil>
340	179	120	299	<nil>
340	201	111	312	<nil>
340	196	108	304	<nil>
340	201	109	310	<nil>
340	190	110	300	<nil>
340	203	108	311	<nil>
340	192	112	304	<nil>
340	188	113	301	<nil>
340	160	120	280	<nil>
340	158	122	280	<nil>
340	164	121	285	<nil>
340	154	119	273	<nil>
340	155	119	274	<nil>
340	165	120	285	<nil>
340	165	116	281	<nil>
340	157	124	281	<nil>
340	201	123	324	<nil>
340	138	81	219	<nil>
340	147	79	226	<nil>
340	418	0	418	rpc error: code = Unavailable desc = transport is closing
340	109	118	227	<nil>
340	155	126	281	<nil>
340	164	127	291	<nil>
340	145	101	246	<nil>
340	138	109	247	<nil>
340	164	164	328	<nil>
340	163	164	327	<nil>
340	122	161	283	<nil>
340	105	156	261	<nil>
340	418	0	418	rpc error: code = Unavailable desc = transport is closing
340	148	100	248	<nil>
340	146	105	251	<nil>
340	140	105	245	<nil>
340	136	110	246	<nil>
340	164	165	329	<nil>
340	121	162	283	<nil>
340	123	163	286	<nil>
340	163	165	328	<nil>
340	132	116	248	<nil>
340	140	105	245	<nil>
340	162	165	327	<nil>
340	133	115	248	<nil>
340	134	114	248	<nil>
340	132	115	247	<nil>
340	143	105	248	<nil>
340	155	165	320	<nil>
340	131	119	250	<nil>
340	136	115	251	<nil>
340	146	105	251	<nil>
340	141	105	246	<nil>
340	99	82	181	<nil>
340	98	53	151	<nil>
340	105	46	151	<nil>
340	86	60	146	<nil>
340	145	101	246	<nil>
340	161	165	326	<nil>
340	164	165	329	<nil>
340	123	122	245	<nil>
340	138	107	245	<nil>
340	145	108	253	<nil>
340	146	103	249	<nil>
340	92	93	185	<nil>
340	99	75	174	<nil>
340	102	77	179	<nil>
340	90	37	127	<nil>
340	100	76	176	<nil>
340	161	0	161	rpc error: code = Unavailable desc = transport is closing
340	98	29	127	<nil>
340	125	24	149	<nil>
340	110	40	150	<nil>
340	120	62	182	<nil>
340	179	0	179	rpc error: code = Unavailable desc = transport is closing
340	110	41	151	<nil>
340	106	45	151	<nil>
340	113	64	177	<nil>
340	141	105	246	<nil>
340	1124	107	1231	<nil>
340	111	68	179	<nil>
340	88	62	150	<nil>
340	116	36	152	<nil>
340	122	166	288	<nil>
340	138	105	243	<nil>
340	657	0	657	rpc error: code = Unavailable desc = transport is closing
340	111	36	147	<nil>
340	127	32	159	<nil>
340	163	166	329	<nil>
340	107	72	179	<nil>
340	105	30	135	<nil>
340	99	74	173	<nil>
340	108	68	176	<nil>
340	2962	40	3002	<nil>
340	117	33	150	<nil>
340	114	38	152	<nil>
340	117	44	161	<nil>
340	126	27	153	<nil>
340	113	34	147	<nil>
340	115	69	184	<nil>
340	94	91	185	<nil>
340	98	35	133	<nil>
340	128	26	154	<nil>
340	93	93	186	<nil>
340	97	37	134	<nil>
340	97	37	134	<nil>
340	123	35	158	<nil>
340	95	40	135	<nil>
340	91	45	136	<nil>
340	81	36	117	<nil>
340	5187	40	5227	<nil>
340	83	34	117	<nil>
340	82	34	116	<nil>
340	83	34	117	<nil>
340	81	35	116	<nil>
340	83	36	119	<nil>
340	74	34	108	<nil>
340	89	36	125	<nil>
340	82	37	119	<nil>
340	83	37	120	<nil>
340	72	35	107	<nil>
340	70	29	99	<nil>
340	79	21	100	<nil>
340	81	21	102	<nil>
340	80	22	102	<nil>
340	69	30	99	<nil>
340	58	31	89	<nil>
340	77	22	99	<nil>
340	68	31	99	<nil>
340	62	23	85	<nil>
340	62	23	85	<nil>
340	67	33	100	<nil>
340	51	35	86	<nil>
340	67	15	82	<nil>
340	72	19	91	<nil>
340	73	22	95	<nil>
340	76	13	89	<nil>
340	69	20	89	<nil>
340	1074	17	1091	<nil>
340	75	22	97	<nil>
340	49	24	73	<nil>
340	67	19	86	<nil>
340	66	26	92	<nil>
340	70	17	87	<nil>
340	52	26	78	<nil>
340	52	26	78	<nil>
340	48	27	75	<nil>
340	156	0	156	rpc error: code = Unavailable desc = transport is closing
340	165	0	165	rpc error: code = Unavailable desc = transport is closing
340	218	20	238	<nil>
340	217	21	238	<nil>
340	217	21	238	<nil>
340	218	19	237	<nil>
340	179	27	206	<nil>
340	310	0	310	rpc error: code = Unavailable desc = transport is closing
340	183	27	210	<nil>
340	217	27	244	<nil>
340	218	28	246	<nil>
340	200	21	221	<nil>
340	225	31	256	<nil>
340	196	23	219	<nil>
340	185	31	216	<nil>
340	247	30	277	<nil>
340	245	29	274	<nil>
340	217	29	246	<nil>
340	216	35	251	<nil>
340	228	23	251	<nil>
340	225	34	259	<nil>
340	223	33	256	<nil>
340	194	24	218	<nil>
340	181	33	214	<nil>
340	230	21	251	<nil>
340	224	32	256	<nil>
340	197	31	228	<nil>
340	192	34	226	<nil>
340	217	31	248	<nil>
340	186	32	218	<nil>
340	210	21	231	<nil>
340	227	25	252	<nil>
340	186	28	214	<nil>
340	203	24	227	<nil>
340	185	31	216	<nil>
340	2901	23	2924	<nil>
340	189	29	218	<nil>
340	210	4	214	<nil>
340	183	34	217	<nil>
340	207	22	229	<nil>
340	203	22	225	<nil>
340	185	31	216	<nil>
340	194	33	227	<nil>
340	202	23	225	<nil>
340	179	28	207	<nil>
340	218	34	252	<nil>
340	212	9	221	<nil>
340	225	40	265	<nil>
340	217	22	239	<nil>
340	1208	25	1233	<nil>
340	209	7	216	<nil>
340	212	8	220	<nil>
340	189	27	216	<nil>
340	211	8	219	<nil>
340	202	25	227	<nil>
340	172	37	209	<nil>
340	212	12	224	<nil>
340	228	13	241	<nil>
340	226	12	238	<nil>
340	207	11	218	<nil>
340	444	0	444	rpc error: code = Unavailable desc = transport is closing
340	206	13	219	<nil>
340	228	102	330	<nil>
340	226	114	340	<nil>
340	226	119	345	<nil>
340	222	123	345	<nil>
340	449	0	449	rpc error: code = Unavailable desc = transport is closing
340	470	0	470	rpc error: code = Unavailable desc = transport is closing
340	467	0	467	rpc error: code = Unavailable desc = transport is closing
340	505	0	505	rpc error: code = Unavailable desc = transport is closing
340	470	0	470	rpc error: code = Unavailable desc = transport is closing
340	468	0	468	rpc error: code = Unavailable desc = transport is closing
340	470	0	470	rpc error: code = Unavailable desc = transport is closing
340	471	0	471	rpc error: code = Unavailable desc = transport is closing
340	468	0	468	rpc error: code = Unavailable desc = transport is closing
340	471	0	471	rpc error: code = Unavailable desc = transport is closing
340	410	0	410	rpc error: code = Unavailable desc = transport is closing
340	412	0	412	rpc error: code = Unavailable desc = transport is closing
340	470	0	470	rpc error: code = Unavailable desc = transport is closing
340	433	0	433	rpc error: code = Unavailable desc = transport is closing
340	216	137	353	<nil>
340	471	0	471	rpc error: code = Unavailable desc = transport is closing
340	470	0	470	rpc error: code = Unavailable desc = transport is closing
340	469	0	469	rpc error: code = Unavailable desc = transport is closing
340	413	0	413	rpc error: code = Unavailable desc = transport is closing
340	415	0	415	rpc error: code = Unavailable desc = transport is closing
340	416	0	416	rpc error: code = Unavailable desc = transport is closing
340	413	0	413	rpc error: code = Unavailable desc = transport is closing
340	471	0	471	rpc error: code = Unavailable desc = transport is closing
340	417	0	417	rpc error: code = Unavailable desc = transport is closing
340	433	0	433	rpc error: code = Unavailable desc = transport is closing
340	508	0	508	rpc error: code = Unavailable desc = transport is closing
340	221	147	368	<nil>
340	216	170	386	<nil>
340	223	173	396	<nil>
340	4681	172	4853	<nil>
340	227	172	399	<nil>
340	205	206	411	<nil>
340	230	198	428	<nil>
340	218	211	429	<nil>
340	221	206	427	<nil>
340	472	0	472	rpc error: code = Unavailable desc = transport is closing
340	236	220	456	<nil>
340	229	227	456	<nil>
340	232	212	444	<nil>
340	219	210	429	<nil>
340	1127	245	1372	<nil>
340	217	210	427	<nil>
340	216	210	426	<nil>
340	220	208	428	<nil>
340	218	209	427	<nil>
340	243	210	453	<nil>
340	203	209	412	<nil>
340	200	212	412	<nil>
340	229	205	434	<nil>
340	223	211	434	<nil>
340	226	209	435	<nil>
340	226	208	434	<nil>
340	217	209	426	<nil>
340	224	202	426	<nil>
340	473	0	473	rpc error: code = Unavailable desc = transport is closing
340	473	0	473	rpc error: code = Unavailable desc = transport is closing
340	197	0	197	rpc error: code = Unavailable desc = transport is closing
340	348	0	348	rpc error: code = Unavailable desc = transport is closing
340	474	0	474	rpc error: code = Unavailable desc = transport is closing
340	468	0	468	rpc error: code = Unavailable desc = transport is closing
340	417	0	417	rpc error: code = Unavailable desc = transport is closing
340	126	206	332	<nil>
340	480	0	480	rpc error: code = Unavailable desc = transport is closing
340	2582	0	2582	rpc error: code = Unavailable desc = transport is closing
340	471	0	471	rpc error: code = Unavailable desc = transport is closing
340	225	225	450	<nil>
340	470	0	470	rpc error: code = Unavailable desc = transport is closing
340	125	211	336	<nil>
340	224	199	423	<nil>
340	220	210	430	<nil>
340	469	0	469	rpc error: code = Unavailable desc = transport is closing
340	225	195	420	<nil>
340	1133	232	1365	<nil>
340	508	0	508	rpc error: code = Unavailable desc = transport is closing
340	232	224	456	<nil>
340	190	0	190	rpc error: code = Unavailable desc = transport is closing
340	220	210	430	<nil>
340	225	210	435	<nil>
340	219	232	451	<nil>
340	222	235	457	<nil>
340	225	229	454	<nil>
340	231	238	469	<nil>
340	212	206	418	<nil>
340	216	237	453	<nil>
340	1114	235	1349	<nil>
340	471	0	471	rpc error: code = Unavailable desc = transport is closing
340	235	234	469	<nil>
340	208	229	437	<nil>
340	219	233	452	<nil>
340	476	0	476	rpc error: code = Unavailable desc = transport is closing
340	204	235	439	<nil>
340	228	18	246	<nil>
340	136	8	144	<nil>
340	228	25	253	<nil>
340	508	0	508	rpc error: code = Unavailable desc = transport is closing
340	1125	248	1373	<nil>
340	1077	249	1326	<nil>
340	202	261	463	<nil>
340	221	40	261	<nil>
340	216	45	261	<nil>
340	227	14	241	<nil>
340	218	263	481	<nil>
340	442	0	442	rpc error: code = Unavailable desc = transport is closing
340	251	237	488	<nil>
340	224	37	261	<nil>
340	228	32	260	<nil>
340	114	154	268	<nil>
340	475	0	475	rpc error: code = Unavailable desc = transport is closing
340	226	25	251	<nil>
340	237	15	252	<nil>
340	1236	14	1250	<nil>
340	246	7	253	<nil>
340	248	7	255	<nil>
340	230	21	251	<nil>
340	223	264	487	<nil>
340	216	37	253	<nil>
340	1244	6	1250	<nil>
340	225	261	486	<nil>
340	229	249	478	<nil>
340	246	7	253	<nil>
340	247	6	253	<nil>
340	456	0	456	rpc error: code = Unavailable desc = transport is closing
340	215	33	248	<nil>
340	449	0	449	rpc error: code = Unavailable desc = transport is closing
340	227	31	258	<nil>
340	1245	6	1251	<nil>
340	238	259	497	<nil>
340	238	259	497	<nil>
340	226	271	497	<nil>
340	229	270	499	<nil>
340	227	33	260	<nil>
340	237	23	260	<nil>
340	1235	23	1258	<nil>
340	249	11	260	<nil>
340	238	23	261	<nil>
340	1245	13	1258	<nil>
340	251	9	260	<nil>
340	236	18	254	<nil>
340	231	39	270	<nil>
340	233	17	250	<nil>
340	203	208	411	<nil>
340	134	122	256	<nil>
340	244	21	265	<nil>
340	489	0	489	rpc error: code = Unavailable desc = transport is closing
340	247	94	341	<nil>
340	237	114	351	<nil>
340	220	327	547	<nil>
340	250	314	564	<nil>
340	246	318	564	<nil>
340	1250	414	1664	<nil>
340	228	426	654	<nil>
340	253	394	647	<nil>
340	255	397	652	<nil>
340	239	416	655	<nil>
340	236	417	653	<nil>
340	233	420	653	<nil>
340	434	0	434	rpc error: code = Unavailable desc = transport is closing
340	249	420	669	<nil>
340	250	418	668	<nil>
340	1252	416	1668	<nil>
340	253	417	670	<nil>
340	133	428	561	<nil>
340	1257	455	1712	<nil>
340	136	455	591	<nil>
340	135	455	590	<nil>
340	136	455	591	<nil>
340	243	456	699	<nil>
340	135	456	591	<nil>
340	246	456	702	<nil>
340	100	456	556	<nil>
340	136	456	592	<nil>
340	239	478	717	<nil>
340	1237	478	1715	<nil>
340	4922	456	5378	<nil>
340	137	457	594	<nil>
340	1258	457	1715	<nil>
340	372	0	372	rpc error: code = Unavailable desc = transport is closing
340	152	507	659	<nil>
340	136	507	643	<nil>
340	489	0	489	rpc error: code = Unavailable desc = transport is closing
340	210	0	210	rpc error: code = Unavailable desc = transport is closing
340	125	517	642	<nil>
340	1249	539	1788	<nil>
340	139	526	665	<nil>
340	264	526	790	<nil>
340	251	540	791	<nil>
340	4515	0	4515	rpc error: code = Unavailable desc = transport is closing
340	371	0	371	rpc error: code = Unavailable desc = transport is closing
340	4532	0	4532	rpc error: code = Unavailable desc = transport is closing
340	3333	0	3333	rpc error: code = Unavailable desc = transport is closing
340	395	0	395	rpc error: code = Unavailable desc = transport is closing
340	122	522	644	<nil>
340	4516	0	4516	rpc error: code = Unavailable desc = transport is closing
340	4523	0	4523	rpc error: code = Unavailable desc = transport is closing
340	383	0	383	rpc error: code = Unavailable desc = transport is closing
340	373	0	373	rpc error: code = Unavailable desc = transport is closing
340	119	527	646	<nil>
340	4513	0	4513	rpc error: code = Unavailable desc = transport is closing
340	374	0	374	rpc error: code = Unavailable desc = transport is closing
340	500	0	500	rpc error: code = Unavailable desc = transport is closing
340	376	0	376	rpc error: code = Unavailable desc = transport is closing
340	4516	0	4516	rpc error: code = Unavailable desc = transport is closing
340	377	0	377	rpc error: code = Unavailable desc = transport is closing
340	369	0	369	rpc error: code = Unavailable desc = transport is closing
340	4497	0	4497	rpc error: code = Unavailable desc = transport is closing
340	374	0	374	rpc error: code = Unavailable desc = transport is closing
340	4514	0	4514	rpc error: code = Unavailable desc = transport is closing
340	375	0	375	rpc error: code = Unavailable desc = transport is closing
340	140	528	668	<nil>
340	482	0	482	rpc error: code = Unavailable desc = transport is closing
340	386	0	386	rpc error: code = Unavailable desc = transport is closing
340	638	0	638	rpc error: code = Unavailable desc = transport is closing
340	4505	0	4505	rpc error: code = Unavailable desc = transport is closing
340	138	532	670	<nil>
340	4512	0	4512	rpc error: code = Unavailable desc = transport is closing
340	109	533	642	<nil>
340	478	0	478	rpc error: code = Unavailable desc = transport is closing
340	407	0	407	rpc error: code = Unavailable desc = transport is closing
340	477	0	477	rpc error: code = Unavailable desc = transport is closing
340	372	0	372	rpc error: code = Unavailable desc = transport is closing
340	420	0	420	rpc error: code = Unavailable desc = transport is closing
340	410	0	410	rpc error: code = Unavailable desc = transport is closing
340	411	0	411	rpc error: code = Unavailable desc = transport is closing
340	372	0	372	rpc error: code = Unavailable desc = transport is closing
340	422	0	422	rpc error: code = Unavailable desc = transport is closing
340	422	0	422	rpc error: code = Unavailable desc = transport is closing
340	395	0	395	rpc error: code = Unavailable desc = transport is closing
340	377	0	377	rpc error: code = Unavailable desc = transport is closing
340	482	0	482	rpc error: code = Unavailable desc = transport is closing
340	409	0	409	rpc error: code = Unavailable desc = transport is closing
340	377	0	377	rpc error: code = Unavailable desc = transport is closing
340	482	0	482	rpc error: code = Unavailable desc = transport is closing
340	412	0	412	rpc error: code = Unavailable desc = transport is closing
340	436	0	436	rpc error: code = Unavailable desc = transport is closing
340	412	0	412	rpc error: code = Unavailable desc = transport is closing
340	385	0	385	rpc error: code = Unavailable desc = transport is closing
340	495	0	495	rpc error: code = Unavailable desc = transport is closing
340	479	0	479	rpc error: code = Unavailable desc = transport is closing
340	375	0	375	rpc error: code = Unavailable desc = transport is closing
340	355	0	355	rpc error: code = Unavailable desc = transport is closing
340	361	0	361	rpc error: code = Unavailable desc = transport is closing
340	153	529	682	<nil>
340	211	469	680	<nil>
340	379	0	379	rpc error: code = Unavailable desc = transport is closing
340	128	542	670	<nil>
340	153	467	620	<nil>
340	269	537	806	<nil>
340	128	542	670	<nil>
340	278	532	810	<nil>
340	127	550	677	<nil>
340	150	549	699	<nil>
340	189	468	657	<nil>
340	195	494	689	<nil>
340	142	580	722	<nil>
340	196	456	652	<nil>
340	163	475	638	<nil>
340	244	478	722	<nil>
340	198	484	682	<nil>
340	152	554	706	<nil>
340	145	562	707	<nil>
340	201	484	685	<nil>
340	475	372	847	<nil>
340	5349	361	5710	<nil>
340	548	0	548	rpc error: code = Unavailable desc = transport is closing
340	557	0	557	rpc error: code = Unavailable desc = transport is closing
340	562	0	562	rpc error: code = Unavailable desc = transport is closing
340	583	0	583	rpc error: code = Unavailable desc = transport is closing
340	572	0	572	rpc error: code = Unavailable desc = transport is closing
340	539	0	539	rpc error: code = Unavailable desc = transport is closing
340	581	0	581	rpc error: code = Unavailable desc = transport is closing
340	574	0	574	rpc error: code = Unavailable desc = transport is closing
340	541	0	541	rpc error: code = Unavailable desc = transport is closing
340	570	0	570	rpc error: code = Unavailable desc = transport is closing
340	581	0	581	rpc error: code = Unavailable desc = transport is closing
340	569	0	569	rpc error: code = Unavailable desc = transport is closing
340	587	0	587	rpc error: code = Unavailable desc = transport is closing
340	578	0	578	rpc error: code = Unavailable desc = transport is closing
340	581	0	581	rpc error: code = Unavailable desc = transport is closing
340	657	0	657	rpc error: code = Unavailable desc = transport is closing
340	593	0	593	rpc error: code = Unavailable desc = transport is closing
340	580	0	580	rpc error: code = Unavailable desc = transport is closing
340	576	0	576	rpc error: code = Unavailable desc = transport is closing
340	750	0	750	rpc error: code = Unavailable desc = transport is closing
340	755	0	755	rpc error: code = Unavailable desc = transport is closing
340	754	0	754	rpc error: code = Unavailable desc = transport is closing
340	766	0	766	rpc error: code = Unavailable desc = transport is closing
340	1286	0	1286	rpc error: code = Unavailable desc = transport is closing
340	770	0	770	rpc error: code = Unavailable desc = transport is closing
340	763	0	763	rpc error: code = Unavailable desc = transport is closing
340	767	0	767	rpc error: code = Unavailable desc = transport is closing
340	762	0	762	rpc error: code = Unavailable desc = transport is closing
340	770	0	770	rpc error: code = Unavailable desc = transport is closing
340	770	0	770	rpc error: code = Unavailable desc = transport is closing
340	762	0	762	rpc error: code = Unavailable desc = transport is closing
340	770	0	770	rpc error: code = Unavailable desc = transport is closing
340	770	0	770	rpc error: code = Unavailable desc = transport is closing
340	759	0	759	rpc error: code = Unavailable desc = transport is closing
340	762	0	762	rpc error: code = Unavailable desc = transport is closing
340	763	0	763	rpc error: code = Unavailable desc = transport is closing
340	747	0	747	rpc error: code = Unavailable desc = transport is closing
340	1386	143	1529	<nil>
340	373	143	516	<nil>
340	5736	142	5878	<nil>
340	377	137	514	<nil>
340	380	137	517	<nil>
340	367	151	518	<nil>
340	364	161	525	<nil>
340	392	148	540	<nil>
340	392	116	508	<nil>
340	5800	116	5916	<nil>
340	389	117	506	<nil>
340	391	116	507	<nil>
340	360	74	434	<nil>
340	336	74	410	<nil>
340	356	65	421	<nil>
340	365	62	427	<nil>
340	360	63	423	<nil>
340	364	64	428	<nil>
340	367	62	429	<nil>
340	356	63	419	<nil>
340	362	63	425	<nil>
340	366	84	450	<nil>
340	365	63	428	<nil>
340	351	62	413	<nil>
340	363	65	428	<nil>
340	350	64	414	<nil>
340	349	71	420	<nil>
340	6005	66	6071	<nil>
340	371	63	434	<nil>
340	368	65	433	<nil>
340	366	63	429	<nil>
340	367	62	429	<nil>
340	364	65	429	<nil>
340	357	61	418	<nil>
340	346	65	411	<nil>
340	355	62	417	<nil>
340	357	63	420	<nil>
340	131	19	150	<nil>
340	137	13	150	<nil>
340	139	13	152	<nil>
340	132	19	151	<nil>
340	129	23	152	<nil>
340	130	23	153	<nil>
340	366	63	429	<nil>
340	132	21	153	<nil>
340	371	80	451	<nil>
340	2594	5	2599	<nil>
340	132	21	153	<nil>
340	259	80	339	<nil>
340	366	83	449	<nil>
340	143	9	152	<nil>
340	367	62	429	<nil>
340	139	15	154	<nil>
340	150	3	153	<nil>
340	106	7	113	<nil>
340	151	8	159	<nil>
340	102	10	112	<nil>
340	100	11	111	<nil>
340	152	7	159	<nil>
340	100	11	111	<nil>
340	151	8	159	<nil>
340	151	10	161	<nil>
340	149	23	172	<nil>
340	104	23	127	<nil>
340	103	23	126	<nil>
340	151	24	175	<nil>
340	108	20	128	<nil>
340	154	21	175	<nil>
340	106	24	130	<nil>
340	151	24	175	<nil>
340	151	24	175	<nil>
340	135	57	192	<nil>
340	150	82	232	<nil>
340	94	104	198	<nil>
340	117	139	256	<nil>
340	93	147	240	<nil>
340	89	148	237	<nil>
340	98	139	237	<nil>
340	90	147	237	<nil>
340	76	150	226	<nil>
340	81	182	263	<nil>
340	62	187	249	<nil>
340	82	181	263	<nil>
340	111	111	222	<nil>
340	66	169	235	<nil>
340	94	110	204	<nil>
340	4965	139	5104	<nil>
340	171	46	217	<nil>
340	76	150	226	<nil>
340	57	169	226	<nil>
340	57	169	226	<nil>
340	78	184	262	<nil>
340	78	187	265	<nil>
340	58	168	226	<nil>
340	156	45	201	<nil>
340	148	45	193	<nil>
340	149	46	195	<nil>
340	69	168	237	<nil>
340	166	24	190	<nil>
340	164	60	224	<nil>
340	179	24	203	<nil>
340	185	18	203	<nil>
340	5279	60	5339	<nil>
340	185	18	203	<nil>
340	182	25	207	<nil>
340	193	35	228	<nil>
340	182	71	253	<nil>
340	1187	75	1262	<nil>
340	190	75	265	<nil>
340	186	93	279	<nil>
340	186	477	663	<nil>
340	191	477	668	<nil>
340	142	479	621	<nil>
340	189	480	669	<nil>
340	189	480	669	<nil>
340	189	479	668	<nil>
340	1187	481	1668	<nil>
340	182	480	662	<nil>
340	1187	481	1668	<nil>
340	186	480	666	<nil>
340	206	472	678	<nil>
340	190	484	674	<nil>
340	196	472	668	<nil>
340	201	471	672	<nil>
340	173	482	655	<nil>
340	200	472	672	<nil>
340	198	472	670	<nil>
340	173	483	656	<nil>
340	205	467	672	<nil>
340	9350	472	9822	<nil>
340	89	472	561	<nil>
340	205	468	673	<nil>
340	181	473	654	<nil>
340	200	472	672	<nil>
340	264	409	673	<nil>
340	201	472	673	<nil>
340	114	410	524	<nil>
340	182	472	654	<nil>
340	1187	484	1671	<nil>
340	172	483	655	<nil>
340	181	473	654	<nil>
340	191	483	674	<nil>
340	186	484	670	<nil>
340	197	473	670	<nil>
340	2945	473	3418	<nil>
340	203	466	669	<nil>
340	174	484	658	<nil>
340	200	471	671	<nil>
340	133	404	537	<nil>
340	116	409	525	<nil>
340	188	484	672	<nil>
340	124	472	596	<nil>
340	185	484	669	<nil>
340	5198	404	5602	<nil>
340	186	483	669	<nil>
340	373	0	373	rpc error: code = Unavailable desc = transport is closing
340	761	0	761	rpc error: code = Unavailable desc = transport is closing
340	765	0	765	rpc error: code = Unavailable desc = transport is closing
340	362	0	362	rpc error: code = Unavailable desc = transport is closing
340	379	0	379	rpc error: code = Unavailable desc = transport is closing
340	764	0	764	rpc error: code = Unavailable desc = transport is closing
340	760	0	760	rpc error: code = Unavailable desc = transport is closing
340	8920	0	8920	rpc error: code = Unavailable desc = transport is closing
340	357	0	357	rpc error: code = Unavailable desc = transport is closing
340	366	0	366	rpc error: code = Unavailable desc = transport is closing
340	356	0	356	rpc error: code = Unavailable desc = transport is closing
340	365	0	365	rpc error: code = Unavailable desc = transport is closing
340	761	0	761	rpc error: code = Unavailable desc = transport is closing
340	472	0	472	rpc error: code = Unavailable desc = transport is closing
340	319	0	319	rpc error: code = Unavailable desc = transport is closing
340	313	0	313	rpc error: code = Unavailable desc = transport is closing
340	368	0	368	rpc error: code = Unavailable desc = transport is closing
340	762	0	762	rpc error: code = Unavailable desc = transport is closing
340	371	0	371	rpc error: code = Unavailable desc = transport is closing
340	768	0	768	rpc error: code = Unavailable desc = transport is closing
340	359	0	359	rpc error: code = Unavailable desc = transport is closing
340	765	0	765	rpc error: code = Unavailable desc = transport is closing
340	766	0	766	rpc error: code = Unavailable desc = transport is closing
340	767	0	767	rpc error: code = Unavailable desc = transport is closing
340	15950	0	15950	rpc error: code = Unavailable desc = transport is closing
340	365	0	365	rpc error: code = Unavailable desc = transport is closing
340	766	0	766	rpc error: code = Unavailable desc = transport is closing
340	363	0	363	rpc error: code = Unavailable desc = transport is closing
340	763	0	763	rpc error: code = Unavailable desc = transport is closing
340	766	0	766	rpc error: code = Unavailable desc = transport is closing
340	1334	0	1334	rpc error: code = Unavailable desc = transport is closing
340	762	0	762	rpc error: code = Unavailable desc = transport is closing
340	761	0	761	rpc error: code = Unavailable desc = transport is closing
340	366	0	366	rpc error: code = Unavailable desc = transport is closing
340	766	0	766	rpc error: code = Unavailable desc = transport is closing
340	766	0	766	rpc error: code = Unavailable desc = transport is closing
340	761	0	761	rpc error: code = Unavailable desc = transport is closing
340	1548	0	1548	rpc error: code = Unavailable desc = transport is closing
340	761	0	761	rpc error: code = Unavailable desc = transport is closing
340	355	0	355	rpc error: code = Unavailable desc = transport is closing
340	769	0	769	rpc error: code = Unavailable desc = transport is closing
340	764	0	764	rpc error: code = Unavailable desc = transport is closing
340	760	0	760	rpc error: code = Unavailable desc = transport is closing
340	767	0	767	rpc error: code = Unavailable desc = transport is closing
340	359	0	359	rpc error: code = Unavailable desc = transport is closing
340	760	0	760	rpc error: code = Unavailable desc = transport is closing
340	767	0	767	rpc error: code = Unavailable desc = transport is closing
340	767	0	767	rpc error: code = Unavailable desc = transport is closing
340	88	404	492	<nil>
340	770	0	770	rpc error: code = Unavailable desc = transport is closing
340	759	0	759	rpc error: code = Unavailable desc = transport is closing
340	773	0	773	rpc error: code = Unavailable desc = transport is closing
340	371	0	371	rpc error: code = Unavailable desc = transport is closing
340	367	0	367	rpc error: code = Unavailable desc = transport is closing
340	89	405	494	<nil>
340	151	405	556	<nil>
340	773	0	773	rpc error: code = Unavailable desc = transport is closing
340	768	0	768	rpc error: code = Unavailable desc = transport is closing
340	99	404	503	<nil>
340	355	0	355	rpc error: code = Unavailable desc = transport is closing
340	773	0	773	rpc error: code = Unavailable desc = transport is closing
340	774	0	774	rpc error: code = Unavailable desc = transport is closing
340	767	0	767	rpc error: code = Unavailable desc = transport is closing
340	773	0	773	rpc error: code = Unavailable desc = transport is closing
340	391	0	391	rpc error: code = Unavailable desc = transport is closing
340	774	0	774	rpc error: code = Unavailable desc = transport is closing
340	426	0	426	rpc error: code = Unavailable desc = transport is closing
340	484	0	484	rpc error: code = Unavailable desc = transport is closing
340	773	0	773	rpc error: code = Unavailable desc = transport is closing
340	356	0	356	rpc error: code = Unavailable desc = transport is closing
340	761	0	761	rpc error: code = Unavailable desc = transport is closing
340	347	0	347	rpc error: code = Unavailable desc = transport is closing
340	3153	0	3153	rpc error: code = Unavailable desc = transport is closing
340	774	0	774	rpc error: code = Unavailable desc = transport is closing
340	385	0	385	rpc error: code = Unavailable desc = transport is closing
340	762	0	762	rpc error: code = Unavailable desc = transport is closing
340	383	0	383	rpc error: code = Unavailable desc = transport is closing
340	384	0	384	rpc error: code = Unavailable desc = transport is closing
340	313	0	313	rpc error: code = Unavailable desc = transport is closing
340	766	0	766	rpc error: code = Unavailable desc = transport is closing
340	766	0	766	rpc error: code = Unavailable desc = transport is closing
340	766	0	766	rpc error: code = Unavailable desc = transport is closing
340	675	0	675	rpc error: code = Unavailable desc = transport is closing
340	767	0	767	rpc error: code = Unavailable desc = transport is closing
340	389	0	389	rpc error: code = Unavailable desc = transport is closing
340	389	0	389	rpc error: code = Unavailable desc = transport is closing
340	392	0	392	rpc error: code = Unavailable desc = transport is closing
340	389	0	389	rpc error: code = Unavailable desc = transport is closing
340	391	0	391	rpc error: code = Unavailable desc = transport is closing
340	390	0	390	rpc error: code = Unavailable desc = transport is closing
340	389	0	389	rpc error: code = Unavailable desc = transport is closing
340	764	0	764	rpc error: code = Unavailable desc = transport is closing
340	766	0	766	rpc error: code = Unavailable desc = transport is closing
340	764	0	764	rpc error: code = Unavailable desc = transport is closing
340	259	0	259	rpc error: code = Unavailable desc = transport is closing
340	765	0	765	rpc error: code = Unavailable desc = transport is closing
340	766	0	766	rpc error: code = Unavailable desc = transport is closing
340	766	0	766	rpc error: code = Unavailable desc = transport is closing
340	765	0	765	rpc error: code = Unavailable desc = transport is closing
340	761	0	761	rpc error: code = Unavailable desc = transport is closing
340	3070	0	3070	rpc error: code = Unavailable desc = transport is closing
340	768	0	768	rpc error: code = Unavailable desc = transport is closing
340	772	0	772	rpc error: code = Unavailable desc = transport is closing
340	392	0	392	rpc error: code = Unavailable desc = transport is closing
340	769	0	769	rpc error: code = Unavailable desc = transport is closing
340	772	0	772	rpc error: code = Unavailable desc = transport is closing
340	762	0	762	rpc error: code = Unavailable desc = transport is closing
340	768	0	768	rpc error: code = Unavailable desc = transport is closing
340	768	0	768	rpc error: code = Unavailable desc = transport is closing
340	770	0	770	rpc error: code = Unavailable desc = transport is closing
340	761	0	761	rpc error: code = Unavailable desc = transport is closing
340	771	0	771	rpc error: code = Unavailable desc = transport is closing
340	771	0	771	rpc error: code = Unavailable desc = transport is closing
340	769	0	769	rpc error: code = Unavailable desc = transport is closing
340	768	0	768	rpc error: code = Unavailable desc = transport is closing
340	769	0	769	rpc error: code = Unavailable desc = transport is closing
340	762	0	762	rpc error: code = Unavailable desc = transport is closing
340	766	0	766	rpc error: code = Unavailable desc = transport is closing
340	351	0	351	rpc error: code = Unavailable desc = transport is closing
340	772	0	772	rpc error: code = Unavailable desc = transport is closing
340	770	0	770	rpc error: code = Unavailable desc = transport is closing
340	131	0	131	rpc error: code = Unavailable desc = transport is closing
340	366	0	366	rpc error: code = Unavailable desc = transport is closing
340	4782	0	4782	rpc error: code = Unavailable desc = transport is closing
340	346	0	346	rpc error: code = Unavailable desc = transport is closing
340	144	0	144	rpc error: code = Unavailable desc = transport is closing
340	5837	0	5837	rpc error: code = Unavailable desc = transport is closing
340	378	0	378	rpc error: code = Unavailable desc = transport is closing
340	366	0	366	rpc error: code = Unavailable desc = transport is closing
340	351	0	351	rpc error: code = Unavailable desc = transport is closing
340	349	0	349	rpc error: code = Unavailable desc = transport is closing
340	349	0	349	rpc error: code = Unavailable desc = transport is closing
340	359	0	359	rpc error: code = Unavailable desc = transport is closing
340	282	0	282	rpc error: code = Unavailable desc = transport is closing
340	361	0	361	rpc error: code = Unavailable desc = transport is closing
340	358	0	358	rpc error: code = Unavailable desc = transport is closing
340	237	0	237	rpc error: code = Unavailable desc = transport is closing
340	5023	0	5023	rpc error: code = Unavailable desc = transport is closing
340	8818	0	8818	rpc error: code = Unavailable desc = transport is closing
340	764	0	764	rpc error: code = Unavailable desc = transport is closing
340	367	0	367	rpc error: code = Unavailable desc = transport is closing
340	367	0	367	rpc error: code = Unavailable desc = transport is closing
340	349	0	349	rpc error: code = Unavailable desc = transport is closing
340	368	0	368	rpc error: code = Unavailable desc = transport is closing
340	323	0	323	rpc error: code = Unavailable desc = transport is closing
340	338	0	338	rpc error: code = Unavailable desc = transport is closing
340	364	0	364	rpc error: code = Unavailable desc = transport is closing
340	359	0	359	rpc error: code = Unavailable desc = transport is closing
340	334	0	334	rpc error: code = Unavailable desc = transport is closing
340	356	0	356	rpc error: code = Unavailable desc = transport is closing
340	358	0	358	rpc error: code = Unavailable desc = transport is closing
340	345	0	345	rpc error: code = Unavailable desc = transport is closing
340	338	0	338	rpc error: code = Unavailable desc = transport is closing
340	349	0	349	rpc error: code = Unavailable desc = transport is closing
340	339	0	339	rpc error: code = Unavailable desc = transport is closing
340	133	570	703	<nil>
340	133	582	715	<nil>
340	91	580	671	<nil>
340	94	660	754	<nil>
340	93	659	752	<nil>
340	92	669	761	<nil>
340	154	0	154	rpc error: code = Unavailable desc = transport is closing
340	467	316	783	<nil>
340	468	345	813	<nil>
340	5557	346	5903	<nil>
340	470	368	838	<nil>
340	476	364	840	<nil>
340	479	362	841	<nil>
340	477	363	840	<nil>
340	479	389	868	<nil>
340	481	405	886	<nil>
340	494	405	899	<nil>
340	2947	407	3354	<nil>
340	492	430	922	<nil>
340	427	464	891	<nil>
340	486	467	953	<nil>
340	1282	0	1282	rpc error: code = Unavailable desc = transport is closing
340	523	409	932	<nil>
340	1284	0	1284	rpc error: code = Unavailable desc = transport is closing
340	1400	0	1400	rpc error: code = Unavailable desc = transport is closing
340	1266	0	1266	rpc error: code = Unavailable desc = transport is closing
340	1284	0	1284	rpc error: code = Unavailable desc = transport is closing
340	1286	0	1286	rpc error: code = Unavailable desc = transport is closing
340	1285	0	1285	rpc error: code = Unavailable desc = transport is closing
340	1287	0	1287	rpc error: code = Unavailable desc = transport is closing
340	1400	0	1400	rpc error: code = Unavailable desc = transport is closing
340	1286	0	1286	rpc error: code = Unavailable desc = transport is closing
340	1284	0	1284	rpc error: code = Unavailable desc = transport is closing
340	1400	0	1400	rpc error: code = Unavailable desc = transport is closing
340	427	491	918	<nil>
340	429	489	918	<nil>
340	1268	0	1268	rpc error: code = Unavailable desc = transport is closing
340	1277	0	1277	rpc error: code = Unavailable desc = transport is closing
340	440	478	918	<nil>
340	431	487	918	<nil>
340	1285	0	1285	rpc error: code = Unavailable desc = transport is closing
340	1263	0	1263	rpc error: code = Unavailable desc = transport is closing
340	1284	0	1284	rpc error: code = Unavailable desc = transport is closing
340	441	477	918	<nil>
340	1394	0	1394	rpc error: code = Unavailable desc = transport is closing
340	738	0	738	rpc error: code = Unavailable desc = transport is closing
340	747	315	1062	<nil>
340	731	326	1057	<nil>
340	373	0	373	rpc error: code = Unavailable desc = transport is closing
340	499	234	733	<nil>
340	501	234	735	<nil>
340	579	152	731	<nil>
340	547	147	694	<nil>
340	553	141	694	<nil>
340	518	134	652	<nil>
340	6354	119	6473	<nil>
340	519	133	652	<nil>
340	508	110	618	<nil>
340	608	112	720	<nil>
340	611	109	720	<nil>
340	462	109	571	<nil>
340	371	78	449	<nil>
340	319	43	362	<nil>
340	239	35	274	<nil>
340	236	36	272	<nil>
340	238	34	272	<nil>
340	237	35	272	<nil>
340	238	35	273	<nil>
340	236	37	273	<nil>
340	238	35	273	<nil>
340	239	39	278	<nil>
340	238	35	273	<nil>
340	238	39	277	<nil>
340	9091	39	9130	<nil>
340	237	43	280	<nil>
340	106	29	135	<nil>
340	37	5	42	<nil>
340	44	12	56	<nil>
340	42	36	78	<nil>
340	41	16	57	<nil>
340	93	38	131	<nil>
340	2925	52	2977	<nil>
340	239	51	290	<nil>
340	239	52	291	<nil>
340	38	10	48	<nil>
340	33	17	50	<nil>
340	34	17	51	<nil>
340	34	18	52	<nil>
340	38	13	51	<nil>
340	38	13	51	<nil>
340	38	12	50	<nil>
340	44	6	50	<nil>
340	46	25	71	<nil>
340	23	33	56	<nil>
340	19	60	79	<nil>
340	17	59	76	<nil>
340	52	36	88	<nil>
340	76	31	107	<nil>
340	47	33	80	<nil>
340	56	35	91	<nil>
340	59	33	92	<nil>
340	50	35	85	<nil>
340	56	36	92	<nil>
340	57	35	92	<nil>
340	56	35	91	<nil>
340	73	4	77	<nil>
340	70	7	77	<nil>
340	72	4	76	<nil>
340	68	5	73	<nil>
340	74	9	83	<nil>
340	77	7	84	<nil>
340	2797	5	2802	<nil>
340	72	5	77	<nil>
340	82	5	87	<nil>
340	72	6	78	<nil>
340	81	6	87	<nil>
340	72	6	78	<nil>
340	46	5	51	<nil>
340	44	5	49	<nil>
340	37	5	42	<nil>
340	44	6	50	<nil>
340	47	7	54	<nil>
340	46	7	53	<nil>
340	47	8	55	<nil>
340	51	8	59	<nil>
340	99	9	108	<nil>
340	105	2	107	<nil>
340	109	3	112	<nil>
340	107	5	112	<nil>
340	109	1	110	<nil>
340	110	3	113	<nil>
340	106	5	111	<nil>
340	106	3	109	<nil>
340	105	19	124	<nil>
340	117	2	119	<nil>
340	118	7	125	<nil>
340	111	9	120	<nil>
340	93	18	111	<nil>
340	103	6	109	<nil>
340	103	7	110	<nil>
340	2912	7	2919	<nil>
340	2912	7	2919	<nil>
340	106	6	112	<nil>
340	109	6	115	<nil>
340	103	7	110	<nil>
340	117	300	417	<nil>
340	9336	300	9636	<nil>
340	118	300	418	<nil>
340	114	299	413	<nil>
340	114	300	414	<nil>
340	122	300	422	<nil>
340	122	301	423	<nil>
340	116	300	416	<nil>
340	117	300	417	<nil>
340	112	299	411	<nil>
340	113	299	412	<nil>
340	306	21	327	<nil>
340	326	4	330	<nil>
340	302	26	328	<nil>
340	305	21	326	<nil>
340	308	22	330	<nil>
340	302	25	327	<nil>
340	1169	5	1174	<nil>
340	1175	5	1180	<nil>
340	324	4	328	<nil>
340	327	6	333	<nil>
340	306	22	328	<nil>
340	323	17	340	<nil>
340	2630	16	2646	<nil>
340	54	17	71	<nil>
340	32	8	40	<nil>
340	54	17	71	<nil>
340	326	15	341	<nil>
340	1129	17	1146	<nil>
340	33	6	39	<nil>
340	53	17	70	<nil>
340	323	17	340	<nil>
340	35	15	50	<nil>
340	35	14	49	<nil>
340	32	18	50	<nil>
340	323	17	340	<nil>
340	35	14	49	<nil>
340	35	15	50	<nil>
340	39	25	64	<nil>
340	35	56	91	<nil>
340	34	65	99	<nil>
340	1043	57	1100	<nil>
340	32	43	75	<nil>
340	23	54	77	<nil>
340	68	6	74	<nil>
340	68	9	77	<nil>
340	51	8	59	<nil>
340	55	13	68	<nil>
340	75	10	85	<nil>
340	56	13	69	<nil>
340	81	14	95	<nil>
340	69	13	82	<nil>
340	1086	15	1101	<nil>
340	76	19	95	<nil>
340	68	21	89	<nil>
340	82	19	101	<nil>
340	68	22	90	<nil>
340	68	21	89	<nil>
340	84	18	102	<nil>
340	65	22	87	<nil>
340	69	21	90	<nil>
340	69	25	94	<nil>
340	65	24	89	<nil>
340	77	32	109	<nil>
340	100	29	129	<nil>
340	79	45	124	<nil>
340	91	34	125	<nil>
340	78	53	131	<nil>
340	1083	55	1138	<nil>
340	51	67	118	<nil>
340	34	69	103	<nil>
340	21	68	89	<nil>
340	34	69	103	<nil>
340	27	68	95	<nil>
340	26	70	96	<nil>
340	51	46	97	<nil>
340	44	48	92	<nil>
340	51	23	74	<nil>
340	50	48	98	<nil>
340	50	25	75	<nil>
340	57	26	83	<nil>
340	51	26	77	<nil>
340	51	26	77	<nil>
340	47	30	77	<nil>
340	58	26	84	<nil>
340	52	27	79	<nil>
340	41	22	63	<nil>
340	49	27	76	<nil>
340	68	37	105	<nil>
340	2756	40	2796	<nil>
340	46	66	112	<nil>
340	51	68	119	<nil>
340	51	67	118	<nil>
340	51	73	124	<nil>
340	63	8	71	<nil>
340	2835	65	2900	<nil>
340	61	7	68	<nil>
340	26	65	91	<nil>
340	59	6	65	<nil>
340	49	65	114	<nil>
340	27	65	92	<nil>
340	32	64	96	<nil>
340	58	7	65	<nil>
340	24	65	89	<nil>
340	1058	7	1065	<nil>
340	60	7	67	<nil>
340	70	6	76	<nil>
340	67	7	74	<nil>
340	69	6	75	<nil>
340	63	13	76	<nil>
340	64	7	71	<nil>
340	61	10	71	<nil>
340	40	2	42	<nil>
340	42	5	47	<nil>
340	43	5	48	<nil>
340	62	5	67	<nil>
340	55	5	60	<nil>
340	55	38	93	<nil>
340	62	63	125	<nil>
340	42	63	105	<nil>
340	75	5	80	<nil>
340	76	5	81	<nil>
340	75	8	83	<nil>
340	62	5	67	<nil>
340	73	4	77	<nil>
340	72	6	78	<nil>
340	73	4	77	<nil>
340	74	4	78	<nil>
340	71	7	78	<nil>
340	73	4	77	<nil>
340	65	4	69	<nil>
340	70	8	78	<nil>
340	74	2	76	<nil>
340	69	9	78	<nil>
340	39	6	45	<nil>
340	71	4	75	<nil>
340	73	6	79	<nil>
340	69	4	73	<nil>
340	70	7	77	<nil>
340	43	5	48	<nil>
340	65	6	71	<nil>
340	76	6	82	<nil>
340	42	7	49	<nil>
340	65	8	73	<nil>
340	1062	8	1070	<nil>
340	70	79	149	<nil>
340	86	0	86	<nil>
340	450	0	450	rpc error: code = Unavailable desc = transport is closing
340	519	0	519	rpc error: code = Unavailable desc = transport is closing
340	518	0	518	rpc error: code = Unavailable desc = transport is closing
340	586	0	586	rpc error: code = Unavailable desc = transport is closing
340	586	0	586	rpc error: code = Unavailable desc = transport is closing
340	572	0	572	rpc error: code = Unavailable desc = transport is closing
340	585	0	585	rpc error: code = Unavailable desc = transport is closing
340	449	0	449	rpc error: code = Unavailable desc = transport is closing
340	571	0	571	rpc error: code = Unavailable desc = transport is closing
340	572	0	572	rpc error: code = Unavailable desc = transport is closing
340	598	0	598	rpc error: code = Unavailable desc = transport is closing
340	91	14	105	<nil>
340	10095	9	10104	<nil>
340	99	8	107	<nil>
340	519	0	519	rpc error: code = Unavailable desc = transport is closing
340	598	0	598	rpc error: code = Unavailable desc = transport is closing
340	6072	0	6072	rpc error: code = Unavailable desc = transport is closing
340	554	0	554	rpc error: code = Unavailable desc = transport is closing
340	514	0	514	rpc error: code = Unavailable desc = transport is closing
340	554	0	554	rpc error: code = Unavailable desc = transport is closing
340	598	0	598	rpc error: code = Unavailable desc = transport is closing
340	87	18	105	<nil>
340	547	0	547	rpc error: code = Unavailable desc = transport is closing
340	79	19	98	<nil>
340	519	0	519	rpc error: code = Unavailable desc = transport is closing
340	598	0	598	rpc error: code = Unavailable desc = transport is closing
340	500	0	500	rpc error: code = Unavailable desc = transport is closing
340	517	0	517	rpc error: code = Unavailable desc = transport is closing
340	500	0	500	rpc error: code = Unavailable desc = transport is closing
340	553	0	553	rpc error: code = Unavailable desc = transport is closing
340	505	0	505	rpc error: code = Unavailable desc = transport is closing
340	587	0	587	rpc error: code = Unavailable desc = transport is closing
340	512	0	512	rpc error: code = Unavailable desc = transport is closing
340	98	20	118	<nil>
340	507	0	507	rpc error: code = Unavailable desc = transport is closing
340	564	0	564	rpc error: code = Unavailable desc = transport is closing
340	113	2	115	<nil>
340	586	0	586	rpc error: code = Unavailable desc = transport is closing
340	550	0	550	rpc error: code = Unavailable desc = transport is closing
340	539	0	539	rpc error: code = Unavailable desc = transport is closing
340	493	0	493	rpc error: code = Unavailable desc = transport is closing
340	384	0	384	rpc error: code = Unavailable desc = transport is closing
340	103	4	107	<nil>
340	464	0	464	rpc error: code = Unavailable desc = transport is closing
340	2826	0	2826	rpc error: code = Unavailable desc = transport is closing
340	5924	0	5924	rpc error: code = Unavailable desc = transport is closing
340	549	0	549	rpc error: code = Unavailable desc = transport is closing
340	604	0	604	rpc error: code = Unavailable desc = transport is closing
340	102	2	104	<nil>
340	521	0	521	rpc error: code = Unavailable desc = transport is closing
340	109	4	113	<nil>
340	100	3	103	<nil>
340	513	0	513	rpc error: code = Unavailable desc = transport is closing
340	573	0	573	rpc error: code = Unavailable desc = transport is closing
340	104	2	106	<nil>
340	576	0	576	rpc error: code = Unavailable desc = transport is closing
340	587	0	587	rpc error: code = Unavailable desc = transport is closing
340	466	0	466	rpc error: code = Unavailable desc = transport is closing
340	574	0	574	rpc error: code = Unavailable desc = transport is closing
340	509	0	509	rpc error: code = Unavailable desc = transport is closing
340	604	0	604	rpc error: code = Unavailable desc = transport is closing
340	507	0	507	rpc error: code = Unavailable desc = transport is closing
340	572	0	572	rpc error: code = Unavailable desc = transport is closing
340	466	0	466	rpc error: code = Unavailable desc = transport is closing
340	96	12	108	<nil>
340	450	0	450	rpc error: code = Unavailable desc = transport is closing
340	99	11	110	<nil>
340	500	0	500	rpc error: code = Unavailable desc = transport is closing
340	571	0	571	rpc error: code = Unavailable desc = transport is closing
340	547	0	547	rpc error: code = Unavailable desc = transport is closing
340	557	0	557	rpc error: code = Unavailable desc = transport is closing
340	557	0	557	rpc error: code = Unavailable desc = transport is closing
340	101	12	113	<nil>
340	557	0	557	rpc error: code = Unavailable desc = transport is closing
340	553	0	553	rpc error: code = Unavailable desc = transport is closing
340	522	0	522	rpc error: code = Unavailable desc = transport is closing
340	110	0	110	<nil>
340	112	1	113	<nil>
340	462	0	462	rpc error: code = Unavailable desc = transport is closing
340	602	0	602	rpc error: code = Unavailable desc = transport is closing
340	387	0	387	rpc error: code = Unavailable desc = transport is closing
340	611	0	611	rpc error: code = Unavailable desc = transport is closing
340	452	0	452	rpc error: code = Unavailable desc = transport is closing
340	509	0	509	rpc error: code = Unavailable desc = transport is closing
340	611	0	611	rpc error: code = Unavailable desc = transport is closing
340	509	0	509	rpc error: code = Unavailable desc = transport is closing
340	2821	0	2821	rpc error: code = Unavailable desc = transport is closing
340	521	0	521	rpc error: code = Unavailable desc = transport is closing
340	111	1	112	<nil>
340	119	2	121	<nil>
340	508	0	508	rpc error: code = Unavailable desc = transport is closing
340	110	2	112	<nil>
340	106	5	111	<nil>
340	474	0	474	rpc error: code = Unavailable desc = transport is closing
340	108	1	109	<nil>
340	124	4	128	<nil>
340	99	13	112	<nil>
340	295	0	295	rpc error: code = Unavailable desc = transport is closing
340	110	2	112	<nil>
340	107	2	109	<nil>
340	465	0	465	rpc error: code = Unavailable desc = transport is closing
340	558	0	558	rpc error: code = Unavailable desc = transport is closing
340	101	13	114	<nil>
340	109	1	110	<nil>
340	102	14	116	<nil>
340	480	0	480	rpc error: code = Unavailable desc = transport is closing
340	593	0	593	rpc error: code = Unavailable desc = transport is closing
340	513	0	513	rpc error: code = Unavailable desc = transport is closing
340	593	0	593	rpc error: code = Unavailable desc = transport is closing
340	607	0	607	rpc error: code = Unavailable desc = transport is closing
340	538	0	538	rpc error: code = Unavailable desc = transport is closing
340	594	0	594	rpc error: code = Unavailable desc = transport is closing
340	606	0	606	rpc error: code = Unavailable desc = transport is closing
340	467	0	467	rpc error: code = Unavailable desc = transport is closing
340	513	0	513	rpc error: code = Unavailable desc = transport is closing
340	513	0	513	rpc error: code = Unavailable desc = transport is closing
340	593	0	593	rpc error: code = Unavailable desc = transport is closing
340	594	0	594	rpc error: code = Unavailable desc = transport is closing
340	596	0	596	rpc error: code = Unavailable desc = transport is closing
340	582	0	582	rpc error: code = Unavailable desc = transport is closing
340	608	0	608	rpc error: code = Unavailable desc = transport is closing
340	594	0	594	rpc error: code = Unavailable desc = transport is closing
340	374	0	374	rpc error: code = Unavailable desc = transport is closing
340	99	106	205	<nil>
340	501	0	501	rpc error: code = Unavailable desc = transport is closing
340	536	0	536	rpc error: code = Unavailable desc = transport is closing
340	516	0	516	rpc error: code = Unavailable desc = transport is closing
340	542	0	542	rpc error: code = Unavailable desc = transport is closing
340	495	0	495	rpc error: code = Unavailable desc = transport is closing
340	497	0	497	rpc error: code = Unavailable desc = transport is closing
340	501	0	501	rpc error: code = Unavailable desc = transport is closing
340	506	0	506	rpc error: code = Unavailable desc = transport is closing
340	501	0	501	rpc error: code = Unavailable desc = transport is closing
340	612	0	612	rpc error: code = Unavailable desc = transport is closing
340	472	0	472	rpc error: code = Unavailable desc = transport is closing
340	523	0	523	rpc error: code = Unavailable desc = transport is closing
340	610	0	610	rpc error: code = Unavailable desc = transport is closing
340	596	0	596	rpc error: code = Unavailable desc = transport is closing
340	610	0	610	rpc error: code = Unavailable desc = transport is closing
340	610	0	610	rpc error: code = Unavailable desc = transport is closing
340	501	0	501	rpc error: code = Unavailable desc = transport is closing
340	598	0	598	rpc error: code = Unavailable desc = transport is closing
340	497	0	497	rpc error: code = Unavailable desc = transport is closing
340	1506	0	1506	rpc error: code = Unavailable desc = transport is closing
340	474	0	474	rpc error: code = Unavailable desc = transport is closing
340	542	0	542	rpc error: code = Unavailable desc = transport is closing
340	480	0	480	rpc error: code = Unavailable desc = transport is closing
340	500	0	500	rpc error: code = Unavailable desc = transport is closing
340	507	0	507	rpc error: code = Unavailable desc = transport is closing
340	1505	0	1505	rpc error: code = Unavailable desc = transport is closing
340	545	0	545	rpc error: code = Unavailable desc = transport is closing
340	1505	0	1505	rpc error: code = Unavailable desc = transport is closing
340	478	0	478	rpc error: code = Unavailable desc = transport is closing
340	6068	0	6068	rpc error: code = Unavailable desc = transport is closing
340	1505	0	1505	rpc error: code = Unavailable desc = transport is closing
340	542	0	542	rpc error: code = Unavailable desc = transport is closing
340	480	0	480	rpc error: code = Unavailable desc = transport is closing
340	336	0	336	rpc error: code = Unavailable desc = transport is closing
340	1499	0	1499	rpc error: code = Unavailable desc = transport is closing
340	489	0	489	rpc error: code = Unavailable desc = transport is closing
340	503	0	503	rpc error: code = Unavailable desc = transport is closing
340	507	0	507	rpc error: code = Unavailable desc = transport is closing
340	504	0	504	rpc error: code = Unavailable desc = transport is closing
340	514	0	514	rpc error: code = Unavailable desc = transport is closing
340	541	0	541	rpc error: code = Unavailable desc = transport is closing
340	319	0	319	rpc error: code = Unavailable desc = transport is closing
340	507	0	507	rpc error: code = Unavailable desc = transport is closing
340	505	0	505	rpc error: code = Unavailable desc = transport is closing
340	555	0	555	rpc error: code = Unavailable desc = transport is closing
340	497	0	497	rpc error: code = Unavailable desc = transport is closing
340	578	0	578	rpc error: code = Unavailable desc = transport is closing
340	494	0	494	rpc error: code = Unavailable desc = transport is closing
340	496	0	496	rpc error: code = Unavailable desc = transport is closing
340	539	0	539	rpc error: code = Unavailable desc = transport is closing
340	507	0	507	rpc error: code = Unavailable desc = transport is closing
340	557	0	557	rpc error: code = Unavailable desc = transport is closing
340	317	0	317	rpc error: code = Unavailable desc = transport is closing
340	542	0	542	rpc error: code = Unavailable desc = transport is closing
340	580	0	580	rpc error: code = Unavailable desc = transport is closing
340	557	0	557	rpc error: code = Unavailable desc = transport is closing
340	508	0	508	rpc error: code = Unavailable desc = transport is closing
340	514	0	514	rpc error: code = Unavailable desc = transport is closing
340	477	0	477	rpc error: code = Unavailable desc = transport is closing
340	514	0	514	rpc error: code = Unavailable desc = transport is closing
340	494	0	494	rpc error: code = Unavailable desc = transport is closing
340	494	0	494	rpc error: code = Unavailable desc = transport is closing
340	329	0	329	rpc error: code = Unavailable desc = transport is closing
340	496	0	496	rpc error: code = Unavailable desc = transport is closing
340	494	0	494	rpc error: code = Unavailable desc = transport is closing
340	496	0	496	rpc error: code = Unavailable desc = transport is closing
340	624	0	624	rpc error: code = Unavailable desc = transport is closing
340	579	0	579	rpc error: code = Unavailable desc = transport is closing
340	540	0	540	rpc error: code = Unavailable desc = transport is closing
340	496	0	496	rpc error: code = Unavailable desc = transport is closing
340	1500	0	1500	rpc error: code = Unavailable desc = transport is closing
340	501	0	501	rpc error: code = Unavailable desc = transport is closing
340	373	0	373	rpc error: code = Unavailable desc = transport is closing
340	355	0	355	rpc error: code = Unavailable desc = transport is closing
340	499	0	499	rpc error: code = Unavailable desc = transport is closing
340	541	0	541	rpc error: code = Unavailable desc = transport is closing
340	541	0	541	rpc error: code = Unavailable desc = transport is closing
340	558	0	558	rpc error: code = Unavailable desc = transport is closing
340	586	0	586	rpc error: code = Unavailable desc = transport is closing
340	359	0	359	rpc error: code = Unavailable desc = transport is closing
340	541	0	541	rpc error: code = Unavailable desc = transport is closing
340	516	0	516	rpc error: code = Unavailable desc = transport is closing
340	356	0	356	rpc error: code = Unavailable desc = transport is closing
340	506	0	506	rpc error: code = Unavailable desc = transport is closing
340	355	0	355	rpc error: code = Unavailable desc = transport is closing
340	583	0	583	rpc error: code = Unavailable desc = transport is closing
340	564	0	564	rpc error: code = Unavailable desc = transport is closing
340	106	0	106	rpc error: code = Unavailable desc = transport is closing
340	5826	0	5826	rpc error: code = Unavailable desc = transport is closing
340	280	0	280	rpc error: code = Unavailable desc = transport is closing
340	303	0	303	rpc error: code = Unavailable desc = transport is closing
340	239	0	239	rpc error: code = Unavailable desc = transport is closing
340	302	0	302	rpc error: code = Unavailable desc = transport is closing
340	311	0	311	rpc error: code = Unavailable desc = transport is closing
340	2684	0	2684	rpc error: code = Unavailable desc = transport is closing
340	5494	0	5494	rpc error: code = Unavailable desc = transport is closing
340	314	0	314	rpc error: code = Unavailable desc = transport is closing
340	366	0	366	rpc error: code = Unavailable desc = transport is closing
340	377	0	377	rpc error: code = Unavailable desc = transport is closing
340	374	0	374	rpc error: code = Unavailable desc = transport is closing
340	383	0	383	rpc error: code = Unavailable desc = transport is closing
340	369	0	369	rpc error: code = Unavailable desc = transport is closing
340	394	0	394	rpc error: code = Unavailable desc = transport is closing
340	391	0	391	rpc error: code = Unavailable desc = transport is closing
340	412	0	412	rpc error: code = Unavailable desc = transport is closing
340	390	0	390	rpc error: code = Unavailable desc = transport is closing
340	389	0	389	rpc error: code = Unavailable desc = transport is closing
340	403	303	706	<nil>
340	441	311	752	<nil>
340	469	253	722	<nil>
340	448	305	753	<nil>
340	420	314	734	<nil>
340	460	245	705	<nil>
340	425	315	740	<nil>
340	501	252	753	<nil>
340	466	255	721	<nil>
340	459	255	714	<nil>
340	420	303	723	<nil>
340	421	311	732	<nil>
340	476	244	720	<nil>
340	484	244	728	<nil>
340	415	338	753	<nil>
340	479	250	729	<nil>
340	478	250	728	<nil>
340	479	249	728	<nil>
340	478	250	728	<nil>
340	460	260	720	<nil>
340	460	255	715	<nil>
340	463	258	721	<nil>
340	471	251	722	<nil>
340	472	258	730	<nil>
340	627	166	793	<nil>
340	390	85	475	<nil>
340	467	255	722	<nil>
340	428	250	678	<nil>
340	482	244	726	<nil>
340	455	250	705	<nil>
340	6090	282	6372	<nil>
340	620	159	779	<nil>
340	536	161	697	<nil>
340	2985	159	3144	<nil>
340	624	162	786	<nil>
340	528	166	694	<nil>
340	552	167	719	<nil>
340	390	85	475	<nil>
340	361	153	514	<nil>
340	396	167	563	<nil>
340	371	164	535	<nil>
340	550	169	719	<nil>
340	394	81	475	<nil>
340	5425	77	5502	<nil>
340	400	165	565	<nil>
340	370	165	535	<nil>
340	401	166	567	<nil>
340	372	10	382	<nil>
340	353	77	430	<nil>
340	373	162	535	<nil>
340	360	152	512	<nil>
340	394	5	399	<nil>
340	371	165	536	<nil>
340	350	160	510	<nil>
340	404	336	740	<nil>
340	552	169	721	<nil>
340	372	27	399	<nil>
340	476	245	721	<nil>
340	388	27	415	<nil>
340	389	26	415	<nil>
340	374	27	401	<nil>
340	401	166	567	<nil>
340	392	84	476	<nil>
340	342	77	419	<nil>
340	349	161	510	<nil>
340	390	42	432	<nil>
340	352	76	428	<nil>
340	403	144	547	<nil>
340	402	144	546	<nil>
340	5522	149	5671	<nil>
340	402	178	580	<nil>
340	407	151	558	<nil>
340	220	118	338	<nil>
340	429	136	565	<nil>
340	301	37	338	<nil>
340	374	192	566	<nil>
340	290	60	350	<nil>
340	303	35	338	<nil>
340	195	118	313	<nil>
340	203	60	263	<nil>
340	193	62	255	<nil>
340	207	45	252	<nil>
340	198	118	316	<nil>
340	377	192	569	<nil>
340	224	90	314	<nil>
340	3088	60	3148	<nil>
340	428	137	565	<nil>
340	231	119	350	<nil>
340	226	31	257	<nil>
340	402	191	593	<nil>
340	5600	96	5696	<nil>
340	176	98	274	<nil>
340	226	44	270	<nil>
340	235	38	273	<nil>
340	234	41	275	<nil>
340	155	128	283	<nil>
340	213	51	264	<nil>
340	184	27	211	<nil>
340	1250	28	1278	<nil>
340	225	90	315	<nil>
340	193	73	266	<nil>
340	239	41	280	<nil>
340	240	42	282	<nil>
340	523	35	558	<nil>
340	1351	149	1500	<nil>
340	210	39	249	<nil>
340	1214	39	1253	<nil>
340	186	39	225	<nil>
340	164	38	202	<nil>
340	210	38	248	<nil>
340	208	39	247	<nil>
340	208	38	246	<nil>
340	167	38	205	<nil>
340	192	39	231	<nil>
340	183	39	222	<nil>
340	165	39	204	<nil>
340	163	39	202	<nil>
340	243	39	282	<nil>
340	147	126	273	<nil>
340	165	127	292	<nil>
340	165	128	293	<nil>
340	5688	129	5817	<nil>
340	165	151	316	<nil>
340	165	150	315	<nil>
340	211	152	363	<nil>
340	166	150	316	<nil>
340	150	150	300	<nil>
340	150	150	300	<nil>
340	167	122	289	<nil>
340	169	121	290	<nil>
340	15349	112	15461	<nil>
340	213	154	367	<nil>
340	150	155	305	<nil>
340	185	120	305	<nil>
340	163	126	289	<nil>
340	182	123	305	<nil>
340	179	126	305	<nil>
340	210	112	322	<nil>
340	207	98	305	<nil>
340	191	132	323	<nil>
340	207	100	307	<nil>
340	194	112	306	<nil>
340	187	121	308	<nil>
340	179	126	305	<nil>
340	179	127	306	<nil>
340	185	122	307	<nil>
340	152	155	307	<nil>
340	241	129	370	<nil>
340	168	157	325	<nil>
340	2665	103	2768	<nil>
340	194	115	309	<nil>
340	219	102	321	<nil>
340	248	124	372	<nil>
340	1185	127	1312	<nil>
340	2653	115	2768	<nil>
340	247	121	368	<nil>
340	194	115	309	<nil>
340	1123	128	1251	<nil>
340	182	128	310	<nil>
340	93	79	172	<nil>
340	180	129	309	<nil>
340	125	56	181	<nil>
340	126	62	188	<nil>
340	4804	55	4859	<nil>
340	119	80	199	<nil>
340	127	108	235	<nil>
340	144	92	236	<nil>
340	125	57	182	<nil>
340	143	92	235	<nil>
340	117	111	228	<nil>
340	186	124	310	<nil>
340	127	110	237	<nil>
340	149	145	294	<nil>
340	150	149	299	<nil>
340	133	161	294	<nil>
340	1160	145	1305	<nil>
340	202	104	306	<nil>
340	1160	141	1301	<nil>
340	1158	147	1305	<nil>
340	1156	151	1307	<nil>
340	156	150	306	<nil>
340	157	142	299	<nil>
340	155	148	303	<nil>
340	156	150	306	<nil>
340	156	148	304	<nil>
340	160	149	309	<nil>
340	1133	178	1311	<nil>
340	131	178	309	<nil>
340	156	146	302	<nil>
340	149	180	329	<nil>
340	144	93	237	<nil>
340	1162	149	1311	<nil>
340	142	38	180	<nil>
340	1159	153	1312	<nil>
340	186	108	294	<nil>
340	140	42	182	<nil>
340	202	109	311	<nil>
340	8594	83	8677	<nil>
340	4916	93	5009	<nil>
340	223	85	308	<nil>
340	145	38	183	<nil>
340	144	38	182	<nil>
340	2904	39	2943	<nil>
340	160	149	309	<nil>
340	141	20	161	<nil>
340	144	17	161	<nil>
340	155	158	313	<nil>
340	155	158	313	<nil>
340	139	20	159	<nil>
340	151	32	183	<nil>
340	153	159	312	<nil>
340	216	94	310	<nil>
340	156	157	313	<nil>
340	5178	83	5261	<nil>
340	157	157	314	<nil>
340	157	157	314	<nil>
340	109	99	208	<nil>
340	113	160	273	<nil>
340	154	158	312	<nil>
340	1132	183	1315	<nil>
340	1216	99	1315	<nil>
340	157	152	309	<nil>
340	143	38	181	<nil>
340	145	20	165	<nil>
340	1134	178	1312	<nil>
340	143	21	164	<nil>
340	157	32	189	<nil>
340	156	164	320	<nil>
340	155	167	322	<nil>
340	147	173	320	<nil>
340	154	195	349	<nil>
340	186	168	354	<nil>
340	157	195	352	<nil>
340	242	99	341	<nil>
340	228	109	337	<nil>
340	146	194	340	<nil>
340	229	115	344	<nil>
340	249	95	344	<nil>
340	140	151	291	<nil>
340	203	151	354	<nil>
340	277	78	355	<nil>
340	6055	153	6208	<nil>
340	112	183	295	<nil>
340	216	127	343	<nil>
340	277	78	355	<nil>
340	277	80	357	<nil>
340	291	55	346	<nil>
340	188	156	344	<nil>
340	246	92	338	<nil>
340	229	120	349	<nil>
340	149	78	227	<nil>
340	145	195	340	<nil>
340	112	167	279	<nil>
340	164	47	211	<nil>
340	138	141	279	<nil>
340	170	109	279	<nil>
340	8906	180	9086	<nil>
340	272	84	356	<nil>
340	189	167	356	<nil>
340	227	129	356	<nil>
340	141	129	270	<nil>
340	153	128	281	<nil>
340	97	183	280	<nil>
340	104	129	233	<nil>
340	95	183	278	<nil>
340	177	168	345	<nil>
340	95	180	275	<nil>
340	1197	22	1219	<nil>
340	196	45	241	<nil>
340	189	65	254	<nil>
340	195	75	270	<nil>
340	196	72	268	<nil>
340	205	515	720	<nil>
340	195	517	712	<nil>
340	195	519	714	<nil>
340	195	519	714	<nil>
340	198	516	714	<nil>
340	197	517	714	<nil>
340	196	518	714	<nil>
340	196	519	715	<nil>
340	198	517	715	<nil>
340	196	520	716	<nil>
340	203	513	716	<nil>
340	198	519	717	<nil>
340	197	535	732	<nil>
340	194	539	733	<nil>
340	197	534	731	<nil>
340	5475	529	6004	<nil>
340	199	535	734	<nil>
340	204	530	734	<nil>
340	189	543	732	<nil>
340	201	540	741	<nil>
340	195	543	738	<nil>
340	204	537	741	<nil>
340	206	535	741	<nil>
340	199	536	735	<nil>
340	201	538	739	<nil>
340	203	530	733	<nil>
340	202	536	738	<nil>
340	197	543	740	<nil>
340	199	540	739	<nil>
340	188	546	734	<nil>
340	189	543	732	<nil>
340	204	529	733	<nil>
340	200	538	738	<nil>
340	135	538	673	<nil>
340	198	537	735	<nil>
340	3137	543	3680	<nil>
340	210	531	741	<nil>
340	199	536	735	<nil>
340	344	0	344	rpc error: code = Unavailable desc = transport is closing
340	341	0	341	rpc error: code = Unavailable desc = transport is closing
340	553	0	553	rpc error: code = Unavailable desc = transport is closing
340	237	0	237	rpc error: code = Unavailable desc = transport is closing
340	625	0	625	rpc error: code = Unavailable desc = transport is closing
340	239	0	239	rpc error: code = Unavailable desc = transport is closing
340	238	0	238	rpc error: code = Unavailable desc = transport is closing
340	240	0	240	rpc error: code = Unavailable desc = transport is closing
340	530	0	530	rpc error: code = Unavailable desc = transport is closing
340	624	0	624	rpc error: code = Unavailable desc = transport is closing
340	630	0	630	rpc error: code = Unavailable desc = transport is closing
340	592	0	592	rpc error: code = Unavailable desc = transport is closing
340	537	0	537	rpc error: code = Unavailable desc = transport is closing
340	239	0	239	rpc error: code = Unavailable desc = transport is closing
340	549	0	549	rpc error: code = Unavailable desc = transport is closing
340	445	0	445	rpc error: code = Unavailable desc = transport is closing
340	551	0	551	rpc error: code = Unavailable desc = transport is closing
340	239	0	239	rpc error: code = Unavailable desc = transport is closing
340	5333	0	5333	rpc error: code = Unavailable desc = transport is closing
340	547	0	547	rpc error: code = Unavailable desc = transport is closing
340	618	0	618	rpc error: code = Unavailable desc = transport is closing
340	238	0	238	rpc error: code = Unavailable desc = transport is closing
340	612	0	612	rpc error: code = Unavailable desc = transport is closing
340	625	0	625	rpc error: code = Unavailable desc = transport is closing
340	619	0	619	rpc error: code = Unavailable desc = transport is closing
340	536	0	536	rpc error: code = Unavailable desc = transport is closing
340	226	528	754	<nil>
340	231	534	765	<nil>
340	401	0	401	rpc error: code = Unavailable desc = transport is closing
340	237	0	237	rpc error: code = Unavailable desc = transport is closing
340	219	552	771	<nil>
340	270	0	270	rpc error: code = Unavailable desc = transport is closing
340	235	552	787	<nil>
340	203	597	800	<nil>
340	1121	556	1677	<nil>
340	1234	585	1819	<nil>
340	107	557	664	<nil>
340	129	557	686	<nil>
340	224	603	827	<nil>
340	262	573	835	<nil>
340	1161	0	1161	rpc error: code = Unavailable desc = transport is closing
340	389	0	389	rpc error: code = Unavailable desc = transport is closing
340	404	0	404	rpc error: code = Unavailable desc = transport is closing
340	390	0	390	rpc error: code = Unavailable desc = transport is closing
340	398	0	398	rpc error: code = Unavailable desc = transport is closing
340	205	0	205	rpc error: code = Unavailable desc = transport is closing
340	413	0	413	rpc error: code = Unavailable desc = transport is closing
340	125	539	664	<nil>
340	381	0	381	rpc error: code = Unavailable desc = transport is closing
340	392	0	392	rpc error: code = Unavailable desc = transport is closing
340	395	0	395	rpc error: code = Unavailable desc = transport is closing
340	393	0	393	rpc error: code = Unavailable desc = transport is closing
340	375	0	375	rpc error: code = Unavailable desc = transport is closing
340	374	0	374	rpc error: code = Unavailable desc = transport is closing
340	402	0	402	rpc error: code = Unavailable desc = transport is closing
340	399	0	399	rpc error: code = Unavailable desc = transport is closing
340	394	0	394	rpc error: code = Unavailable desc = transport is closing
340	391	0	391	rpc error: code = Unavailable desc = transport is closing
340	392	0	392	rpc error: code = Unavailable desc = transport is closing
340	2976	0	2976	rpc error: code = Unavailable desc = transport is closing
340	393	0	393	rpc error: code = Unavailable desc = transport is closing
340	392	0	392	rpc error: code = Unavailable desc = transport is closing
340	402	0	402	rpc error: code = Unavailable desc = transport is closing
340	398	0	398	rpc error: code = Unavailable desc = transport is closing
340	400	0	400	rpc error: code = Unavailable desc = transport is closing
340	394	0	394	rpc error: code = Unavailable desc = transport is closing
340	400	0	400	rpc error: code = Unavailable desc = transport is closing
340	398	0	398	rpc error: code = Unavailable desc = transport is closing
340	393	0	393	rpc error: code = Unavailable desc = transport is closing
340	391	0	391	rpc error: code = Unavailable desc = transport is closing
340	402	0	402	rpc error: code = Unavailable desc = transport is closing
340	392	0	392	rpc error: code = Unavailable desc = transport is closing
340	401	0	401	rpc error: code = Unavailable desc = transport is closing
340	396	0	396	rpc error: code = Unavailable desc = transport is closing
340	399	0	399	rpc error: code = Unavailable desc = transport is closing
340	367	0	367	rpc error: code = Unavailable desc = transport is closing
340	370	0	370	rpc error: code = Unavailable desc = transport is closing
340	352	0	352	rpc error: code = Unavailable desc = transport is closing
340	432	0	432	rpc error: code = Unavailable desc = transport is closing
340	372	0	372	rpc error: code = Unavailable desc = transport is closing
340	370	0	370	rpc error: code = Unavailable desc = transport is closing
340	594	0	594	rpc error: code = Unavailable desc = transport is closing
340	166	0	166	rpc error: code = Unavailable desc = transport is closing
340	150	0	150	rpc error: code = Unavailable desc = transport is closing
340	3011	0	3011	rpc error: code = Unavailable desc = transport is closing
340	400	0	400	rpc error: code = Unavailable desc = transport is closing
340	211	0	211	rpc error: code = Unavailable desc = transport is closing
340	1165	0	1165	rpc error: code = Unavailable desc = transport is closing
340	165	0	165	rpc error: code = Unavailable desc = transport is closing
340	370	0	370	rpc error: code = Unavailable desc = transport is closing
340	399	0	399	rpc error: code = Unavailable desc = transport is closing
340	397	0	397	rpc error: code = Unavailable desc = transport is closing
340	215	0	215	rpc error: code = Unavailable desc = transport is closing
340	357	0	357	rpc error: code = Unavailable desc = transport is closing
340	390	0	390	rpc error: code = Unavailable desc = transport is closing
340	396	0	396	rpc error: code = Unavailable desc = transport is closing
340	3014	0	3014	rpc error: code = Unavailable desc = transport is closing
340	1521	0	1521	rpc error: code = Unavailable desc = transport is closing
340	557	0	557	rpc error: code = Unavailable desc = transport is closing
340	619	0	619	rpc error: code = Unavailable desc = transport is closing
340	1516	0	1516	rpc error: code = Unavailable desc = transport is closing
340	557	0	557	rpc error: code = Unavailable desc = transport is closing
340	552	0	552	rpc error: code = Unavailable desc = transport is closing
340	626	0	626	rpc error: code = Unavailable desc = transport is closing
340	10702	0	10702	rpc error: code = Unavailable desc = transport is closing
340	624	0	624	rpc error: code = Unavailable desc = transport is closing
340	431	0	431	rpc error: code = Unavailable desc = transport is closing
340	255	0	255	rpc error: code = Unavailable desc = transport is closing
340	369	0	369	rpc error: code = Unavailable desc = transport is closing
340	260	0	260	rpc error: code = Unavailable desc = transport is closing
340	442	0	442	rpc error: code = Unavailable desc = transport is closing
340	573	235	808	<nil>
340	627	169	796	<nil>
340	645	156	801	<nil>
340	646	155	801	<nil>
340	646	155	801	<nil>
340	647	155	802	<nil>
340	646	156	802	<nil>
340	646	156	802	<nil>
340	649	156	805	<nil>
340	638	172	810	<nil>
340	646	156	802	<nil>
340	646	157	803	<nil>
340	648	180	828	<nil>
340	460	0	460	rpc error: code = Unavailable desc = transport is closing
340	482	0	482	rpc error: code = Unavailable desc = transport is closing
340	651	180	831	<nil>
340	240	0	240	rpc error: code = Unavailable desc = transport is closing
340	662	181	843	<nil>
340	237	0	237	rpc error: code = Unavailable desc = transport is closing
340	652	183	835	<nil>
340	661	169	830	<nil>
340	648	184	832	<nil>
340	661	170	831	<nil>
340	6112	180	6292	<nil>
340	9725	178	9903	<nil>
340	459	0	459	rpc error: code = Unavailable desc = transport is closing
340	471	0	471	rpc error: code = Unavailable desc = transport is closing
340	238	0	238	rpc error: code = Unavailable desc = transport is closing
340	237	49	286	<nil>
340	648	184	832	<nil>
340	469	0	469	rpc error: code = Unavailable desc = transport is closing
340	469	0	469	rpc error: code = Unavailable desc = transport is closing
340	238	0	238	rpc error: code = Unavailable desc = transport is closing
340	653	178	831	<nil>
340	460	0	460	rpc error: code = Unavailable desc = transport is closing
340	653	176	829	<nil>
340	2839	0	2839	rpc error: code = Unavailable desc = transport is closing
340	461	0	461	rpc error: code = Unavailable desc = transport is closing
340	649	181	830	<nil>
340	654	179	833	<nil>
340	238	0	238	rpc error: code = Unavailable desc = transport is closing
340	237	0	237	rpc error: code = Unavailable desc = transport is closing
340	241	0	241	rpc error: code = Unavailable desc = transport is closing
340	1238	0	1238	rpc error: code = Unavailable desc = transport is closing
340	662	177	839	<nil>
340	661	172	833	<nil>
340	662	181	843	<nil>
340	462	0	462	rpc error: code = Unavailable desc = transport is closing
340	648	183	831	<nil>
340	1247	0	1247	rpc error: code = Unavailable desc = transport is closing
340	484	0	484	rpc error: code = Unavailable desc = transport is closing
340	238	0	238	rpc error: code = Unavailable desc = transport is closing
340	245	0	245	rpc error: code = Unavailable desc = transport is closing
340	5986	0	5986	rpc error: code = Unavailable desc = transport is closing
340	396	0	396	rpc error: code = Unavailable desc = transport is closing
340	641	82	723	<nil>
340	233	0	233	rpc error: code = Unavailable desc = transport is closing
340	235	0	235	rpc error: code = Unavailable desc = transport is closing
340	245	58	303	<nil>
340	2852	0	2852	rpc error: code = Unavailable desc = transport is closing
340	237	0	237	rpc error: code = Unavailable desc = transport is closing
340	243	0	243	rpc error: code = Unavailable desc = transport is closing
340	2756	0	2756	rpc error: code = Unavailable desc = transport is closing
340	651	183	834	<nil>
340	232	0	232	rpc error: code = Unavailable desc = transport is closing
340	455	0	455	rpc error: code = Unavailable desc = transport is closing
340	1257	62	1319	<nil>
340	460	0	460	rpc error: code = Unavailable desc = transport is closing
340	257	60	317	<nil>
340	471	0	471	rpc error: code = Unavailable desc = transport is closing
340	661	212	873	<nil>
340	476	0	476	rpc error: code = Unavailable desc = transport is closing
340	244	0	244	rpc error: code = Unavailable desc = transport is closing
340	405	0	405	rpc error: code = Unavailable desc = transport is closing
340	237	49	286	<nil>
340	1257	62	1319	<nil>
340	256	48	304	<nil>
340	237	49	286	<nil>
340	256	49	305	<nil>
340	226	50	276	<nil>
340	256	49	305	<nil>
340	235	52	287	<nil>
340	254	51	305	<nil>
340	240	0	240	rpc error: code = Unavailable desc = transport is closing
340	242	63	305	<nil>
340	238	52	290	<nil>
340	256	49	305	<nil>
340	1653	82	1735	<nil>
340	254	51	305	<nil>
340	396	0	396	rpc error: code = Unavailable desc = transport is closing
340	6202	83	6285	<nil>
340	749	84	833	<nil>
340	651	180	831	<nil>
340	424	0	424	rpc error: code = Unavailable desc = transport is closing
340	649	158	807	<nil>
340	479	0	479	rpc error: code = Unavailable desc = transport is closing
340	9486	184	9670	<nil>
340	654	178	832	<nil>
340	652	225	877	<nil>
340	238	0	238	rpc error: code = Unavailable desc = transport is closing
340	257	93	350	<nil>
340	256	245	501	<nil>
340	256	246	502	<nil>
340	256	254	510	<nil>
340	256	262	518	<nil>
340	256	238	494	<nil>
340	350	170	520	<nil>
340	257	238	495	<nil>
340	248	249	497	<nil>
340	1300	174	1474	<nil>
340	218	192	410	<nil>
340	258	240	498	<nil>
340	325	172	497	<nil>
340	326	172	498	<nil>
340	5349	184	5533	<nil>
340	325	125	450	<nil>
340	9434	90	9524	<nil>
340	251	249	500	<nil>
340	366	66	432	<nil>
340	283	152	435	<nil>
340	214	214	428	<nil>
340	212	221	433	<nil>
340	207	239	446	<nil>
340	234	188	422	<nil>
340	258	242	500	<nil>
340	208	201	409	<nil>
340	251	249	500	<nil>
340	222	246	468	<nil>
340	236	191	427	<nil>
340	247	252	499	<nil>
340	259	190	449	<nil>
340	325	176	501	<nil>
340	248	182	430	<nil>
340	298	135	433	<nil>
340	251	249	500	<nil>
340	218	191	409	<nil>
340	234	179	413	<nil>
340	204	245	449	<nil>
340	212	205	417	<nil>
340	255	250	505	<nil>
340	256	250	506	<nil>
340	227	205	432	<nil>
340	2970	130	3100	<nil>
340	256	251	507	<nil>
340	241	197	438	<nil>
340	256	267	523	<nil>
340	359	164	523	<nil>
340	220	198	418	<nil>
340	218	200	418	<nil>
340	1235	251	1486	<nil>
340	212	199	411	<nil>
340	349	174	523	<nil>
340	251	246	497	<nil>
340	257	244	501	<nil>
340	213	211	424	<nil>
340	210	211	421	<nil>
340	208	214	422	<nil>
340	211	216	427	<nil>
340	321	99	420	<nil>
340	223	199	422	<nil>
340	210	217	427	<nil>
340	203	201	404	<nil>
340	1353	124	1477	<nil>
340	315	118	433	<nil>
340	220	205	425	<nil>
340	215	217	432	<nil>
340	298	135	433	<nil>
340	207	217	424	<nil>
340	207	219	426	<nil>
340	279	149	428	<nil>
340	214	214	428	<nil>
340	366	66	432	<nil>
340	298	135	433	<nil>
340	237	196	433	<nil>
340	249	250	499	<nil>
340	217	217	434	<nil>
340	228	206	434	<nil>
340	318	119	437	<nil>
340	236	197	433	<nil>
340	237	196	433	<nil>
340	213	220	433	<nil>
340	206	212	418	<nil>
340	261	239	500	<nil>
340	243	190	433	<nil>
340	6088	242	6330	<nil>
340	214	241	455	<nil>
340	223	232	455	<nil>
340	257	251	508	<nil>
340	202	161	363	<nil>
340	206	242	448	<nil>
340	208	241	449	<nil>
340	219	144	363	<nil>
340	307	144	451	<nil>
340	252	247	499	<nil>
340	168	160	328	<nil>
340	217	230	447	<nil>
340	202	163	365	<nil>
340	215	248	463	<nil>
340	233	222	455	<nil>
340	166	169	335	<nil>
340	216	222	438	<nil>
340	231	196	427	<nil>
340	231	191	422	<nil>
340	211	245	456	<nil>
340	216	246	462	<nil>
340	243	218	461	<nil>
340	202	260	462	<nil>
340	227	234	461	<nil>
340	212	248	460	<nil>
340	236	252	488	<nil>
340	215	249	464	<nil>
340	1164	167	1331	<nil>
340	1163	170	1333	<nil>
340	208	243	451	<nil>
340	273	175	448	<nil>
340	241	231	472	<nil>
340	257	246	503	<nil>
340	242	262	504	<nil>
340	263	289	552	<nil>
340	259	290	549	<nil>
340	259	292	551	<nil>
340	259	312	571	<nil>
340	1280	295	1575	<nil>
340	245	292	537	<nil>
340	1281	295	1576	<nil>
340	282	296	578	<nil>
340	282	295	577	<nil>
340	226	286	512	<nil>
340	240	286	526	<nil>
340	239	298	537	<nil>
340	252	261	513	<nil>
340	232	282	514	<nil>
340	228	287	515	<nil>
340	246	288	534	<nil>
340	245	266	511	<nil>
340	240	299	539	<nil>
340	241	288	529	<nil>
340	252	262	514	<nil>
340	228	300	528	<nil>
340	245	287	532	<nil>
340	9925	298	10223	<nil>
340	227	306	533	<nil>
340	242	296	538	<nil>
340	251	263	514	<nil>
340	249	287	536	<nil>
340	265	304	569	<nil>
340	249	287	536	<nil>
340	319	261	580	<nil>
340	240	268	508	<nil>
340	222	311	533	<nil>
340	225	308	533	<nil>
340	225	306	531	<nil>
340	278	279	557	<nil>
340	224	307	531	<nil>
340	223	310	533	<nil>
340	259	275	534	<nil>
340	226	312	538	<nil>
340	226	310	536	<nil>
340	3121	307	3428	<nil>
340	241	294	535	<nil>
340	196	308	504	<nil>
340	227	305	532	<nil>
340	249	295	544	<nil>
340	218	303	521	<nil>
340	282	286	568	<nil>
340	227	314	541	<nil>
340	229	309	538	<nil>
340	244	258	502	<nil>
340	277	269	546	<nil>
340	224	321	545	<nil>
340	86	306	392	<nil>
340	253	295	548	<nil>
340	250	296	546	<nil>
340	254	303	557	<nil>
340	258	275	533	<nil>
340	245	303	548	<nil>
340	272	301	573	<nil>
340	231	300	531	<nil>
340	2924	334	3258	<nil>
340	226	311	537	<nil>
340	5574	318	5892	<nil>
340	226	314	540	<nil>
340	232	307	539	<nil>
340	227	314	541	<nil>
340	226	314	540	<nil>
340	229	314	543	<nil>
340	259	305	564	<nil>
340	226	314	540	<nil>
340	255	309	564	<nil>
340	250	315	565	<nil>
340	255	287	542	<nil>
340	232	310	542	<nil>
340	317	263	580	<nil>
340	234	307	541	<nil>
340	239	297	536	<nil>
340	281	305	586	<nil>
340	3070	305	3375	<nil>
340	2648	303	2951	<nil>
340	232	308	540	<nil>
340	250	310	560	<nil>
340	231	306	537	<nil>
340	255	284	539	<nil>
340	1180	306	1486	<nil>
340	276	306	582	<nil>
340	259	301	560	<nil>
340	1151	296	1447	<nil>
340	77	316	393	<nil>
340	97	284	381	<nil>
340	203	337	540	<nil>
340	135	265	400	<nil>
340	129	269	398	<nil>
340	116	283	399	<nil>
340	270	111	381	<nil>
340	194	190	384	<nil>
340	268	114	382	<nil>
340	235	99	334	<nil>
340	245	110	355	<nil>
340	1275	111	1386	<nil>
340	230	150	380	<nil>
340	237	152	389	<nil>
340	119	284	403	<nil>
340	228	156	384	<nil>
340	269	198	467	<nil>
340	240	612	852	<nil>
340	277	601	878	<nil>
340	279	613	892	<nil>
340	251	644	895	<nil>
340	1272	645	1917	<nil>
340	253	645	898	<nil>
340	264	645	909	<nil>
340	316	589	905	<nil>
340	255	650	905	<nil>
340	302	604	906	<nil>
340	255	651	906	<nil>
340	310	597	907	<nil>
340	261	650	911	<nil>
340	269	636	905	<nil>
340	254	651	905	<nil>
340	302	607	909	<nil>
340	239	609	848	<nil>
340	318	596	914	<nil>
340	299	610	909	<nil>
340	296	611	907	<nil>
340	2952	606	3558	<nil>
340	262	597	859	<nil>
340	303	610	913	<nil>
340	298	610	908	<nil>
340	248	612	860	<nil>
340	300	606	906	<nil>
340	301	606	907	<nil>
340	306	606	912	<nil>
340	301	606	907	<nil>
340	301	606	907	<nil>
340	311	596	907	<nil>
340	308	606	914	<nil>
340	307	607	914	<nil>
340	312	593	905	<nil>
340	301	607	908	<nil>
340	311	597	908	<nil>
340	321	589	910	<nil>
340	403	0	403	rpc error: code = DeadlineExceeded desc = context deadline exceeded
340	376	0	376	rpc error: code = DeadlineExceeded desc = context deadline exceeded
340	403	0	403	rpc error: code = DeadlineExceeded desc = context deadline exceeded
340	316	667	983	<nil>
340	1340	668	2008	<nil>
340	287	668	955	<nil>
340	316	669	985	<nil>
340	314	669	983	<nil>
340	322	684	1006	<nil>
340	276	680	956	<nil>
340	329	677	1006	<nil>
340	328	677	1005	<nil>
340	318	687	1005	<nil>
340	268	678	946	<nil>
340	276	684	960	<nil>
340	323	686	1009	<nil>
340	269	682	951	<nil>
340	10515	681	11196	<nil>
340	327	682	1009	<nil>
340	328	682	1010	<nil>
340	324	684	1008	<nil>
340	322	689	1011	<nil>
340	326	683	1009	<nil>
340	329	682	1011	<nil>
340	327	683	1010	<nil>
340	328	683	1011	<nil>
340	325	683	1008	<nil>
340	269	680	949	<nil>
340	325	683	1008	<nil>
340	331	680	1011	<nil>
340	280	681	961	<nil>
340	269	682	951	<nil>
340	326	684	1010	<nil>
340	427	577	1004	<nil>
340	268	678	946	<nil>
340	269	683	952	<nil>
340	329	682	1011	<nil>
340	320	690	1010	<nil>
340	346	665	1011	<nil>
340	126	667	793	<nil>
340	346	666	1012	<nil>
340	331	685	1016	<nil>
340	199	583	782	<nil>
340	215	583	798	<nil>
340	387	627	1014	<nil>
340	346	667	1013	<nil>
340	330	683	1013	<nil>
340	828	181	1009	<nil>
340	324	683	1007	<nil>
340	329	680	1009	<nil>
340	385	626	1011	<nil>
340	383	583	966	<nil>
340	345	667	1012	<nil>
340	2978	683	3661	<nil>
340	429	583	1012	<nil>
340	152	646	798	<nil>
340	328	684	1012	<nil>
340	272	690	962	<nil>
340	327	685	1012	<nil>
340	279	683	962	<nil>
340	329	686	1015	<nil>
340	308	686	994	<nil>
340	330	686	1016	<nil>
340	348	674	1022	<nil>
340	329	681	1010	<nil>
340	328	687	1015	<nil>
340	326	686	1012	<nil>
340	503	0	503	rpc error: code = DeadlineExceeded desc = context deadline exceeded
340	503	0	503	rpc error: code = DeadlineExceeded desc = context deadline exceeded
340	636	255	891	<nil>
340	636	255	891	<nil>
340	636	253	889	<nil>
340	643	254	897	<nil>
340	639	252	891	<nil>
340	626	251	877	<nil>
340	638	251	889	<nil>
340	622	251	873	<nil>
340	634	243	877	<nil>
340	574	0	574	rpc error: code = DeadlineExceeded desc = context deadline exceeded
340	542	0	542	rpc error: code = DeadlineExceeded desc = context deadline exceeded
340	512	0	512	rpc error: code = DeadlineExceeded desc = context deadline exceeded
340	582	0	582	rpc error: code = DeadlineExceeded desc = context deadline exceeded
340	582	0	582	rpc error: code = DeadlineExceeded desc = context deadline exceeded
340	478	0	478	rpc error: code = DeadlineExceeded desc = context deadline exceeded
340	559	0	559	rpc error: code = DeadlineExceeded desc = context deadline exceeded
340	482	0	482	rpc error: code = DeadlineExceeded desc = context deadline exceeded
340	575	0	575	rpc error: code = DeadlineExceeded desc = context deadline exceeded
340	575	0	575	rpc error: code = DeadlineExceeded desc = context deadline exceeded
340	482	0	482	rpc error: code = DeadlineExceeded desc = context deadline exceeded
340	562	0	562	rpc error: code = DeadlineExceeded desc = context deadline exceeded
340	562	0	562	rpc error: code = DeadlineExceeded desc = context deadline exceeded
340	564	0	564	rpc error: code = DeadlineExceeded desc = context deadline exceeded
340	482	0	482	rpc error: code = DeadlineExceeded desc = context deadline exceeded
340	563	0	563	rpc error: code = DeadlineExceeded desc = context deadline exceeded
340	570	0	570	rpc error: code = DeadlineExceeded desc = context deadline exceeded
340	513	0	513	rpc error: code = DeadlineExceeded desc = context deadline exceeded
340	701	242	943	<nil>
340	733	232	965	<nil>
340	806	148	954	<nil>
340	771	167	938	<nil>
340	810	140	950	<nil>
340	770	168	938	<nil>
340	807	143	950	<nil>
340	723	221	944	<nil>
340	811	144	955	<nil>
340	807	156	963	<nil>
340	825	136	961	<nil>
340	819	148	967	<nil>
340	824	134	958	<nil>
340	820	148	968	<nil>
340	782	155	937	<nil>
340	807	153	960	<nil>
340	789	171	960	<nil>
340	707	132	839	<nil>
340	818	134	952	<nil>
340	820	131	951	<nil>
340	818	142	960	<nil>
340	813	140	953	<nil>
340	826	140	966	<nil>
340	828	140	968	<nil>
340	836	136	972	<nil>
340	827	131	958	<nil>
340	827	139	966	<nil>
340	829	141	970	<nil>
340	836	134	970	<nil>
340	821	135	956	<nil>
340	708	135	843	<nil>
340	724	225	949	<nil>
340	827	144	971	<nil>
340	827	138	965	<nil>
340	824	134	958	<nil>
340	826	133	959	<nil>
340	806	154	960	<nil>
340	819	134	953	<nil>
340	792	158	950	<nil>
340	828	134	962	<nil>
340	831	136	967	<nil>
340	720	135	855	<nil>
340	11147	146	11293	<nil>
340	828	137	965	<nil>
340	786	173	959	<nil>
340	835	138	973	<nil>
340	827	140	967	<nil>
340	707	149	856	<nil>
340	806	138	944	<nil>
340	827	136	963	<nil>
340	829	147	976	<nil>
340	788	174	962	<nil>
340	1379	149	1528	<nil>
340	819	144	963	<nil>
340	262	129	391	<nil>
340	251	127	378	<nil>
340	256	139	395	<nil>
340	255	151	406	<nil>
340	248	75	323	<nil>
340	250	108	358	<nil>
340	822	147	969	<nil>
340	250	124	374	<nil>
340	260	127	387	<nil>
340	827	147	974	<nil>
340	259	127	386	<nil>
340	828	145	973	<nil>
340	311	146	457	<nil>
340	248	127	375	<nil>
340	248	128	376	<nil>
340	822	147	969	<nil>
340	1752	142	1894	<nil>
340	259	129	388	<nil>
340	248	127	375	<nil>
340	248	128	376	<nil>
340	707	147	854	<nil>
340	707	148	855	<nil>
340	823	146	969	<nil>
340	819	148	967	<nil>
340	705	149	854	<nil>
340	5974	146	6120	<nil>
340	252	145	397	<nil>
340	3306	144	3450	<nil>
340	827	151	978	<nil>
340	250	128	378	<nil>
340	322	0	322	rpc error: code = Unavailable desc = transport is closing
340	1254	91	1345	<nil>
340	3045	128	3173	<nil>
340	253	126	379	<nil>
340	251	128	379	<nil>
340	262	128	390	<nil>
340	252	127	379	<nil>
340	251	129	380	<nil>
340	250	128	378	<nil>
340	249	129	378	<nil>
340	820	147	967	<nil>
340	819	149	968	<nil>
340	706	151	857	<nil>
340	249	129	378	<nil>
340	818	145	963	<nil>
340	255	127	382	<nil>
340	249	94	343	<nil>
340	249	94	343	<nil>
340	277	145	422	<nil>
340	248	95	343	<nil>
340	254	157	411	<nil>
340	247	72	319	<nil>
340	245	96	341	<nil>
340	254	150	404	<nil>
340	707	147	854	<nil>
340	246	75	321	<nil>
340	257	160	417	<nil>
340	254	161	415	<nil>
340	243	100	343	<nil>
340	256	161	417	<nil>
340	1252	76	1328	<nil>
340	248	105	353	<nil>
340	251	123	374	<nil>
340	248	127	375	<nil>
340	256	124	380	<nil>
340	254	159	413	<nil>
340	247	92	339	<nil>
340	249	91	340	<nil>
340	255	123	378	<nil>
340	284	0	284	rpc error: code = Unavailable desc = transport is closing
340	242	265	507	<nil>
340	1254	265	1519	<nil>
340	1255	323	1578	<nil>
340	241	326	567	<nil>
340	241	334	575	<nil>
340	247	352	599	<nil>
340	260	341	601	<nil>
340	258	322	580	<nil>
340	245	334	579	<nil>
340	250	358	608	<nil>
340	272	322	594	<nil>
340	254	348	602	<nil>
340	276	311	587	<nil>
340	276	337	613	<nil>
340	826	0	826	rpc error: code = Unavailable desc = transport is closing
340	168	307	475	<nil>
340	204	302	506	<nil>
340	290	21	311	<nil>
340	201	325	526	<nil>
340	293	301	594	<nil>
340	277	316	593	<nil>
340	834	0	834	rpc error: code = Unavailable desc = transport is closing
340	252	324	576	<nil>
340	272	328	600	<nil>
340	249	350	599	<nil>
340	255	343	598	<nil>
340	348	0	348	rpc error: code = Unavailable desc = transport is closing
340	271	327	598	<nil>
340	293	21	314	<nil>
340	253	340	593	<nil>
340	256	342	598	<nil>
340	247	351	598	<nil>
340	243	350	593	<nil>
340	274	324	598	<nil>
340	257	343	600	<nil>
340	345	0	345	rpc error: code = Unavailable desc = transport is closing
340	266	324	590	<nil>
340	827	0	827	rpc error: code = Unavailable desc = transport is closing
340	289	308	597	<nil>
340	826	0	826	rpc error: code = Unavailable desc = transport is closing
340	284	314	598	<nil>
340	260	0	260	rpc error: code = Unavailable desc = transport is closing
340	820	0	820	rpc error: code = Unavailable desc = transport is closing
340	357	0	357	rpc error: code = Unavailable desc = transport is closing
340	829	0	829	rpc error: code = Unavailable desc = transport is closing
340	273	303	576	<nil>
340	356	0	356	rpc error: code = Unavailable desc = transport is closing
340	1754	0	1754	rpc error: code = Unavailable desc = transport is closing
340	277	335	612	<nil>
340	281	326	607	<nil>
340	291	322	613	<nil>
340	267	0	267	rpc error: code = Unavailable desc = transport is closing
340	305	309	614	<nil>
340	293	318	611	<nil>
340	253	347	600	<nil>
340	290	318	608	<nil>
340	3018	317	3335	<nil>
340	290	319	609	<nil>
340	301	305	606	<nil>
340	834	0	834	rpc error: code = Unavailable desc = transport is closing
340	276	340	616	<nil>
340	291	316	607	<nil>
340	304	309	613	<nil>
340	835	0	835	rpc error: code = Unavailable desc = transport is closing
340	284	322	606	<nil>
340	828	0	828	rpc error: code = Unavailable desc = transport is closing
340	820	0	820	rpc error: code = Unavailable desc = transport is closing
340	827	0	827	rpc error: code = Unavailable desc = transport is closing
340	283	324	607	<nil>
340	275	308	583	<nil>
340	279	0	279	rpc error: code = Unavailable desc = transport is closing
340	832	0	832	rpc error: code = Unavailable desc = transport is closing
340	322	0	322	rpc error: code = Unavailable desc = transport is closing
340	311	0	311	rpc error: code = Unavailable desc = transport is closing
340	836	0	836	rpc error: code = Unavailable desc = transport is closing
340	309	0	309	rpc error: code = Unavailable desc = transport is closing
340	318	0	318	rpc error: code = Unavailable desc = transport is closing
340	307	0	307	rpc error: code = Unavailable desc = transport is closing
340	318	0	318	rpc error: code = Unavailable desc = transport is closing
340	249	0	249	rpc error: code = Unavailable desc = transport is closing
340	227	350	577	<nil>
340	196	329	525	<nil>
340	307	0	307	rpc error: code = Unavailable desc = transport is closing
340	202	308	510	<nil>
340	161	313	474	<nil>
340	297	97	394	<nil>
340	348	28	376	<nil>
340	350	27	377	<nil>
340	2981	310	3291	<nil>
340	164	309	473	<nil>
340	215	309	524	<nil>
340	200	325	525	<nil>
340	181	264	445	<nil>
340	266	142	408	<nil>
340	165	307	472	<nil>
340	3026	264	3290	<nil>
340	259	123	382	<nil>
340	251	332	583	<nil>
340	212	183	395	<nil>
340	115	322	437	<nil>
340	283	27	310	<nil>
340	151	321	472	<nil>
340	207	266	473	<nil>
340	161	310	471	<nil>
340	172	321	493	<nil>
340	191	335	526	<nil>
340	186	308	494	<nil>
340	1184	266	1450	<nil>
340	285	344	629	<nil>
340	167	307	474	<nil>
340	202	324	526	<nil>
340	190	336	526	<nil>
340	240	286	526	<nil>
340	183	310	493	<nil>
340	1208	28	1236	<nil>
340	355	22	377	<nil>
340	291	104	395	<nil>
340	355	20	375	<nil>
340	368	7	375	<nil>
340	351	24	375	<nil>
340	165	312	477	<nil>
340	363	12	375	<nil>
340	303	90	393	<nil>
340	357	18	375	<nil>
340	354	22	376	<nil>
340	258	331	589	<nil>
340	258	331	589	<nil>
340	287	290	577	<nil>
340	827	0	827	rpc error: code = Unavailable desc = transport is closing
340	354	24	378	<nil>
340	373	4	377	<nil>
340	221	0	221	rpc error: code = Unavailable desc = transport is closing
340	290	22	312	<nil>
340	357	19	376	<nil>
340	357	22	379	<nil>
340	371	8	379	<nil>
340	251	29	280	<nil>
340	309	14	323	<nil>
340	356	21	377	<nil>
340	295	28	323	<nil>
340	374	7	381	<nil>
340	163	313	476	<nil>
340	350	28	378	<nil>
340	355	21	376	<nil>
340	338	26	364	<nil>
340	353	24	377	<nil>
340	153	332	485	<nil>
340	242	332	574	<nil>
340	352	25	377	<nil>
340	376	62	438	<nil>
340	303	75	378	<nil>
340	310	76	386	<nil>
340	321	91	412	<nil>
340	311	87	398	<nil>
340	304	86	390	<nil>
340	312	784	1096	<nil>
340	326	784	1110	<nil>
340	383	785	1168	<nil>
340	314	786	1100	<nil>
340	309	791	1100	<nil>
340	327	785	1112	<nil>
340	272	784	1056	<nil>
340	314	784	1098	<nil>
340	378	789	1167	<nil>
340	258	790	1048	<nil>
340	316	785	1101	<nil>
340	272	786	1058	<nil>
340	315	784	1099	<nil>
340	273	784	1057	<nil>
340	317	786	1103	<nil>
340	313	784	1097	<nil>
340	277	783	1060	<nil>
340	228	0	228	rpc error: code = Unavailable desc = transport is closing
340	227	0	227	rpc error: code = Unavailable desc = transport is closing
340	330	784	1114	<nil>
340	386	784	1170	<nil>
340	265	785	1050	<nil>
340	320	785	1105	<nil>
340	385	785	1170	<nil>
340	313	815	1128	<nil>
340	321	815	1136	<nil>
340	320	815	1135	<nil>
340	332	815	1147	<nil>
340	320	815	1135	<nil>
340	333	819	1152	<nil>
340	277	821	1098	<nil>
340	389	819	1208	<nil>
340	1246	822	2068	<nil>
340	330	823	1153	<nil>
340	329	824	1153	<nil>
340	335	819	1154	<nil>
340	333	829	1162	<nil>
340	325	829	1154	<nil>
340	336	830	1166	<nil>
340	325	830	1155	<nil>
340	323	830	1153	<nil>
340	336	831	1167	<nil>
340	317	851	1168	<nil>
340	324	851	1175	<nil>
340	336	851	1187	<nil>
340	247	0	247	rpc error: code = Unavailable desc = transport is closing
340	244	0	244	rpc error: code = Unavailable desc = transport is closing
340	233	0	233	rpc error: code = Unavailable desc = transport is closing
340	335	864	1199	<nil>
340	3106	864	3970	<nil>
340	327	865	1192	<nil>
340	130	790	920	<nil>
340	741	0	741	rpc error: code = Unavailable desc = transport is closing
340	326	866	1192	<nil>
340	717	0	717	rpc error: code = Unavailable desc = transport is closing
340	126	863	989	<nil>
340	210	0	210	rpc error: code = Unavailable desc = transport is closing
340	734	0	734	rpc error: code = Unavailable desc = transport is closing
340	719	0	719	rpc error: code = Unavailable desc = transport is closing
340	734	0	734	rpc error: code = Unavailable desc = transport is closing
340	734	0	734	rpc error: code = Unavailable desc = transport is closing
340	734	0	734	rpc error: code = Unavailable desc = transport is closing
340	712	0	712	rpc error: code = Unavailable desc = transport is closing
340	336	878	1214	<nil>
340	3107	876	3983	<nil>
340	336	878	1214	<nil>
340	326	878	1204	<nil>
340	1249	880	2129	<nil>
340	116	868	984	<nil>
340	109	854	963	<nil>
340	327	893	1220	<nil>
340	337	884	1221	<nil>
340	296	880	1176	<nil>
340	335	878	1213	<nil>
340	95	893	988	<nil>
340	338	895	1233	<nil>
340	135	820	955	<nil>
340	154	859	1013	<nil>
360	721	288	1009	<nil>
360	811	223	1034	<nil>
360	887	0	887	rpc error: code = Unavailable desc = transport is closing
360	864	0	864	rpc error: code = Unavailable desc = transport is closing
360	877	0	877	rpc error: code = Unavailable desc = transport is closing
360	865	0	865	rpc error: code = Unavailable desc = transport is closing
360	876	0	876	rpc error: code = Unavailable desc = transport is closing
360	871	0	871	rpc error: code = Unavailable desc = transport is closing
360	880	0	880	rpc error: code = Unavailable desc = transport is closing
360	896	0	896	rpc error: code = Unavailable desc = transport is closing
360	885	0	885	rpc error: code = Unavailable desc = transport is closing
360	871	0	871	rpc error: code = Unavailable desc = transport is closing
360	253	19	272	<nil>
360	3684	0	3684	rpc error: code = Unavailable desc = transport is closing
360	886	0	886	rpc error: code = Unavailable desc = transport is closing
360	886	0	886	rpc error: code = Unavailable desc = transport is closing
360	886	0	886	rpc error: code = Unavailable desc = transport is closing
360	890	0	890	rpc error: code = Unavailable desc = transport is closing
360	255	21	276	<nil>
360	877	0	877	rpc error: code = Unavailable desc = transport is closing
360	886	0	886	rpc error: code = Unavailable desc = transport is closing
360	891	0	891	rpc error: code = Unavailable desc = transport is closing
360	865	0	865	rpc error: code = Unavailable desc = transport is closing
360	237	20	257	<nil>
360	967	63	1030	<nil>
360	976	52	1028	<nil>
360	968	60	1028	<nil>
360	293	60	353	<nil>
360	3145	55	3200	<nil>
360	1575	61	1636	<nil>
360	392	0	392	rpc error: code = DeadlineExceeded desc = context deadline exceeded
360	391	0	391	rpc error: code = DeadlineExceeded desc = context deadline exceeded
360	414	0	414	rpc error: code = DeadlineExceeded desc = context deadline exceeded
360	393	0	393	rpc error: code = DeadlineExceeded desc = context deadline exceeded
360	393	0	393	rpc error: code = DeadlineExceeded desc = context deadline exceeded
360	392	0	392	rpc error: code = DeadlineExceeded desc = context deadline exceeded
360	246	20	266	<nil>
360	415	0	415	rpc error: code = DeadlineExceeded desc = context deadline exceeded
360	865	0	865	rpc error: code = Unavailable desc = transport is closing
360	250	20	270	<nil>
360	254	21	275	<nil>
360	254	22	276	<nil>
360	886	0	886	rpc error: code = Unavailable desc = transport is closing
360	967	61	1028	<nil>
360	391	0	391	rpc error: code = DeadlineExceeded desc = context deadline exceeded
360	254	22	276	<nil>
360	253	20	273	<nil>
360	253	20	273	<nil>
360	253	20	273	<nil>
360	220	16	236	<nil>
360	237	20	257	<nil>
360	223	20	243	<nil>
360	210	13	223	<nil>
360	210	12	222	<nil>
360	186	16	202	<nil>
360	196	17	213	<nil>
360	436	0	436	rpc error: code = DeadlineExceeded desc = context deadline exceeded
360	170	75	245	<nil>
360	478	0	478	rpc error: code = DeadlineExceeded desc = context deadline exceeded
360	1423	0	1423	rpc error: code = DeadlineExceeded desc = context deadline exceeded
360	467	0	467	rpc error: code = DeadlineExceeded desc = context deadline exceeded
360	473	0	473	rpc error: code = DeadlineExceeded desc = context deadline exceeded
360	2990	75	3065	<nil>
360	186	86	272	<nil>
360	171	83	254	<nil>
360	193	88	281	<nil>
360	198	83	281	<nil>
360	173	88	261	<nil>
360	189	88	277	<nil>
360	174	84	258	<nil>
360	170	88	258	<nil>
360	1171	110	1281	<nil>
360	171	112	283	<nil>
360	184	111	295	<nil>
360	70	115	185	<nil>
360	184	114	298	<nil>
360	183	115	298	<nil>
360	184	115	299	<nil>
360	183	115	298	<nil>
360	183	115	298	<nil>
360	172	115	287	<nil>
360	108	115	223	<nil>
360	104	57	161	<nil>
360	106	59	165	<nil>
360	101	60	161	<nil>
360	105	58	163	<nil>
360	104	60	164	<nil>
360	104	59	163	<nil>
360	106	63	169	<nil>
360	10213	50	10263	<nil>
360	105	63	168	<nil>
360	102	50	152	<nil>
360	115	56	171	<nil>
360	120	56	176	<nil>
360	123	63	186	<nil>
360	131	53	184	<nil>
360	118	56	174	<nil>
360	117	57	174	<nil>
360	117	56	173	<nil>
360	120	63	183	<nil>
360	117	56	173	<nil>
360	135	53	188	<nil>
360	134	53	187	<nil>
360	124	64	188	<nil>
360	124	61	185	<nil>
360	121	63	184	<nil>
360	121	56	177	<nil>
360	114	61	175	<nil>
360	122	64	186	<nil>
360	120	57	177	<nil>
360	124	63	187	<nil>
360	123	64	187	<nil>
360	134	58	192	<nil>
360	130	66	196	<nil>
360	130	67	197	<nil>
360	130	68	198	<nil>
360	153	95	248	<nil>
360	157	95	252	<nil>
360	149	97	246	<nil>
360	158	94	252	<nil>
360	150	97	247	<nil>
360	155	98	253	<nil>
360	162	90	252	<nil>
360	156	123	279	<nil>
360	9247	126	9373	<nil>
360	157	127	284	<nil>
360	91	99	190	<nil>
360	157	126	283	<nil>
360	91	100	191	<nil>
360	92	95	187	<nil>
360	123	127	250	<nil>
360	157	127	284	<nil>
360	92	95	187	<nil>
360	163	125	288	<nil>
360	160	127	287	<nil>
360	96	96	192	<nil>
360	171	113	284	<nil>
360	160	126	286	<nil>
360	87	102	189	<nil>
360	159	127	286	<nil>
360	64	96	160	<nil>
360	68	95	163	<nil>
360	76	109	185	<nil>
360	96	98	194	<nil>
360	63	109	172	<nil>
360	78	104	182	<nil>
360	69	95	164	<nil>
360	81	109	190	<nil>
360	76	95	171	<nil>
360	96	104	200	<nil>
360	66	94	160	<nil>
360	79	93	172	<nil>
360	87	108	195	<nil>
360	69	111	180	<nil>
360	68	112	180	<nil>
360	66	130	196	<nil>
360	44	162	206	<nil>
360	81	155	236	<nil>
360	92	129	221	<nil>
360	91	144	235	<nil>
360	92	143	235	<nil>
360	93	145	238	<nil>
360	91	113	204	<nil>
360	85	135	220	<nil>
360	93	112	205	<nil>
360	87	134	221	<nil>
360	86	111	197	<nil>
360	76	143	219	<nil>
360	91	114	205	<nil>
360	91	114	205	<nil>
360	93	112	205	<nil>
360	86	134	220	<nil>
360	101	135	236	<nil>
360	85	135	220	<nil>
360	98	110	208	<nil>
360	93	116	209	<nil>
360	99	109	208	<nil>
360	93	115	208	<nil>
360	99	109	208	<nil>
360	104	110	214	<nil>
360	99	110	209	<nil>
360	96	112	208	<nil>
360	99	110	209	<nil>
360	98	109	207	<nil>
360	98	110	208	<nil>
360	99	109	208	<nil>
360	115	69	184	<nil>
360	99	109	208	<nil>
360	119	69	188	<nil>
360	105	82	187	<nil>
360	88	87	175	<nil>
360	91	111	202	<nil>
360	101	109	210	<nil>
360	102	111	213	<nil>
360	68	146	214	<nil>
360	107	115	222	<nil>
360	93	99	192	<nil>
360	94	125	219	<nil>
360	77	175	252	<nil>
360	103	123	226	<nil>
360	87	129	216	<nil>
360	91	162	253	<nil>
360	86	126	212	<nil>
360	102	85	187	<nil>
360	9464	129	9593	<nil>
360	88	115	203	<nil>
360	86	128	214	<nil>
360	97	117	214	<nil>
360	116	158	274	<nil>
360	119	156	275	<nil>
360	119	156	275	<nil>
360	119	156	275	<nil>
360	117	163	280	<nil>
360	111	155	266	<nil>
360	127	156	283	<nil>
360	2975	173	3148	<nil>
360	142	154	296	<nil>
360	171	0	171	rpc error: code = Unavailable desc = transport is closing
360	101	189	290	<nil>
360	151	138	289	<nil>
360	2990	0	2990	rpc error: code = Unavailable desc = transport is closing
360	127	182	309	<nil>
360	116	193	309	<nil>
360	117	147	264	<nil>
360	157	135	292	<nil>
360	142	150	292	<nil>
360	106	149	255	<nil>
360	76	151	227	<nil>
360	102	188	290	<nil>
360	99	192	291	<nil>
360	99	192	291	<nil>
360	120	189	309	<nil>
360	80	152	232	<nil>
360	127	145	272	<nil>
360	132	142	274	<nil>
360	144	286	430	<nil>
360	84	365	449	<nil>
360	81	371	452	<nil>
360	75	372	447	<nil>
360	123	325	448	<nil>
360	132	324	456	<nil>
360	169	284	453	<nil>
360	137	300	437	<nil>
360	159	278	437	<nil>
360	153	284	437	<nil>
360	78	376	454	<nil>
360	113	342	455	<nil>
360	162	278	440	<nil>
360	17559	280	17839	<nil>
360	5138	279	5417	<nil>
360	164	277	441	<nil>
360	88	328	416	<nil>
360	155	284	439	<nil>
360	78	377	455	<nil>
360	158	279	437	<nil>
360	167	286	453	<nil>
360	158	279	437	<nil>
360	126	330	456	<nil>
360	78	378	456	<nil>
360	78	378	456	<nil>
360	152	286	438	<nil>
360	162	278	440	<nil>
360	156	281	437	<nil>
360	164	276	440	<nil>
360	5221	254	5475	<nil>
360	150	303	453	<nil>
360	152	284	436	<nil>
360	68	327	395	<nil>
360	75	378	453	<nil>
360	78	255	333	<nil>
360	131	0	131	rpc error: code = Unavailable desc = transport is closing
360	975	0	975	rpc error: code = Unavailable desc = transport is closing
360	189	0	189	rpc error: code = Unavailable desc = transport is closing
360	117	0	117	rpc error: code = Unavailable desc = transport is closing
360	193	0	193	rpc error: code = Unavailable desc = transport is closing
360	3306	0	3306	rpc error: code = Unavailable desc = transport is closing
360	975	0	975	rpc error: code = Unavailable desc = transport is closing
360	958	0	958	rpc error: code = Unavailable desc = transport is closing
360	196	0	196	rpc error: code = Unavailable desc = transport is closing
360	196	0	196	rpc error: code = Unavailable desc = transport is closing
360	187	255	442	<nil>
360	190	0	190	rpc error: code = Unavailable desc = transport is closing
360	928	0	928	rpc error: code = Unavailable desc = transport is closing
360	190	0	190	rpc error: code = Unavailable desc = transport is closing
360	184	0	184	rpc error: code = Unavailable desc = transport is closing
360	77	259	336	<nil>
360	929	0	929	rpc error: code = Unavailable desc = transport is closing
360	960	0	960	rpc error: code = Unavailable desc = transport is closing
360	822	0	822	rpc error: code = Unavailable desc = transport is closing
360	156	0	156	rpc error: code = Unavailable desc = transport is closing
360	134	0	134	rpc error: code = Unavailable desc = transport is closing
360	967	0	967	rpc error: code = Unavailable desc = transport is closing
360	969	0	969	rpc error: code = Unavailable desc = transport is closing
360	931	0	931	rpc error: code = Unavailable desc = transport is closing
360	1799	0	1799	rpc error: code = Unavailable desc = transport is closing
360	969	0	969	rpc error: code = Unavailable desc = transport is closing
360	970	0	970	rpc error: code = Unavailable desc = transport is closing
360	182	0	182	rpc error: code = Unavailable desc = transport is closing
360	969	0	969	rpc error: code = Unavailable desc = transport is closing
360	1378	0	1378	rpc error: code = Unavailable desc = transport is closing
360	969	0	969	rpc error: code = Unavailable desc = transport is closing
360	3140	0	3140	rpc error: code = Unavailable desc = transport is closing
360	940	0	940	rpc error: code = Unavailable desc = transport is closing
360	970	0	970	rpc error: code = Unavailable desc = transport is closing
360	966	0	966	rpc error: code = Unavailable desc = transport is closing
360	968	0	968	rpc error: code = Unavailable desc = transport is closing
360	1381	0	1381	rpc error: code = Unavailable desc = transport is closing
360	210	0	210	rpc error: code = Unavailable desc = transport is closing
360	1290	0	1290	rpc error: code = Unavailable desc = transport is closing
360	211	0	211	rpc error: code = Unavailable desc = transport is closing
360	969	0	969	rpc error: code = Unavailable desc = transport is closing
360	2914	0	2914	rpc error: code = Unavailable desc = transport is closing
360	969	0	969	rpc error: code = Unavailable desc = transport is closing
360	973	0	973	rpc error: code = Unavailable desc = transport is closing
360	927	0	927	rpc error: code = Unavailable desc = transport is closing
360	210	0	210	rpc error: code = Unavailable desc = transport is closing
360	974	0	974	rpc error: code = Unavailable desc = transport is closing
360	931	0	931	rpc error: code = Unavailable desc = transport is closing
360	215	0	215	rpc error: code = Unavailable desc = transport is closing
360	956	0	956	rpc error: code = Unavailable desc = transport is closing
360	955	0	955	rpc error: code = Unavailable desc = transport is closing
360	970	0	970	rpc error: code = Unavailable desc = transport is closing
360	969	0	969	rpc error: code = Unavailable desc = transport is closing
360	959	0	959	rpc error: code = Unavailable desc = transport is closing
360	926	0	926	rpc error: code = Unavailable desc = transport is closing
360	963	0	963	rpc error: code = Unavailable desc = transport is closing
360	971	0	971	rpc error: code = Unavailable desc = transport is closing
360	926	0	926	rpc error: code = Unavailable desc = transport is closing
360	931	0	931	rpc error: code = Unavailable desc = transport is closing
360	829	0	829	rpc error: code = Unavailable desc = transport is closing
360	976	0	976	rpc error: code = Unavailable desc = transport is closing
360	931	0	931	rpc error: code = Unavailable desc = transport is closing
360	930	0	930	rpc error: code = Unavailable desc = transport is closing
360	822	0	822	rpc error: code = Unavailable desc = transport is closing
360	219	0	219	rpc error: code = Unavailable desc = transport is closing
360	220	0	220	rpc error: code = Unavailable desc = transport is closing
360	927	0	927	rpc error: code = Unavailable desc = transport is closing
360	959	0	959	rpc error: code = Unavailable desc = transport is closing
360	220	0	220	rpc error: code = Unavailable desc = transport is closing
360	976	0	976	rpc error: code = Unavailable desc = transport is closing
360	219	0	219	rpc error: code = Unavailable desc = transport is closing
360	960	0	960	rpc error: code = Unavailable desc = transport is closing
360	816	0	816	rpc error: code = Unavailable desc = transport is closing
360	976	0	976	rpc error: code = Unavailable desc = transport is closing
360	930	0	930	rpc error: code = Unavailable desc = transport is closing
360	974	0	974	rpc error: code = Unavailable desc = transport is closing
360	930	0	930	rpc error: code = Unavailable desc = transport is closing
360	222	0	222	rpc error: code = Unavailable desc = transport is closing
360	975	0	975	rpc error: code = Unavailable desc = transport is closing
360	932	0	932	rpc error: code = Unavailable desc = transport is closing
360	961	0	961	rpc error: code = Unavailable desc = transport is closing
360	961	0	961	rpc error: code = Unavailable desc = transport is closing
360	962	0	962	rpc error: code = Unavailable desc = transport is closing
360	222	0	222	rpc error: code = Unavailable desc = transport is closing
360	219	0	219	rpc error: code = Unavailable desc = transport is closing
360	956	0	956	rpc error: code = Unavailable desc = transport is closing
360	3230	0	3230	rpc error: code = Unavailable desc = transport is closing
360	223	0	223	rpc error: code = Unavailable desc = transport is closing
360	960	0	960	rpc error: code = Unavailable desc = transport is closing
360	223	0	223	rpc error: code = Unavailable desc = transport is closing
360	220	0	220	rpc error: code = Unavailable desc = transport is closing
360	962	0	962	rpc error: code = Unavailable desc = transport is closing
360	117	443	560	<nil>
360	82	455	537	<nil>
360	246	0	246	rpc error: code = Unavailable desc = transport is closing
360	972	0	972	rpc error: code = Unavailable desc = transport is closing
360	962	0	962	rpc error: code = Unavailable desc = transport is closing
360	114	454	568	<nil>
360	253	0	253	rpc error: code = Unavailable desc = transport is closing
360	253	0	253	rpc error: code = Unavailable desc = transport is closing
360	250	0	250	rpc error: code = Unavailable desc = transport is closing
360	253	0	253	rpc error: code = Unavailable desc = transport is closing
360	250	0	250	rpc error: code = Unavailable desc = transport is closing
360	250	0	250	rpc error: code = Unavailable desc = transport is closing
360	250	0	250	rpc error: code = Unavailable desc = transport is closing
360	253	0	253	rpc error: code = Unavailable desc = transport is closing
360	2958	0	2958	rpc error: code = Unavailable desc = transport is closing
360	3183	0	3183	rpc error: code = Unavailable desc = transport is closing
360	2956	0	2956	rpc error: code = Unavailable desc = transport is closing
360	139	495	634	<nil>
360	962	0	962	rpc error: code = Unavailable desc = transport is closing
360	85	499	584	<nil>
360	943	0	943	rpc error: code = Unavailable desc = transport is closing
360	955	0	955	rpc error: code = Unavailable desc = transport is closing
360	254	0	254	rpc error: code = Unavailable desc = transport is closing
360	957	0	957	rpc error: code = Unavailable desc = transport is closing
360	944	0	944	rpc error: code = Unavailable desc = transport is closing
360	129	500	629	<nil>
360	140	498	638	<nil>
360	82	500	582	<nil>
360	961	0	961	rpc error: code = Unavailable desc = transport is closing
360	949	0	949	rpc error: code = Unavailable desc = transport is closing
360	957	0	957	rpc error: code = Unavailable desc = transport is closing
360	940	0	940	rpc error: code = Unavailable desc = transport is closing
360	956	0	956	rpc error: code = Unavailable desc = transport is closing
360	958	0	958	rpc error: code = Unavailable desc = transport is closing
360	8943	499	9442	<nil>
360	83	499	582	<nil>
360	84	499	583	<nil>
360	946	0	946	rpc error: code = Unavailable desc = transport is closing
360	959	0	959	rpc error: code = Unavailable desc = transport is closing
360	84	500	584	<nil>
360	914	0	914	rpc error: code = Unavailable desc = transport is closing
360	945	0	945	rpc error: code = Unavailable desc = transport is closing
360	275	272	547	<nil>
360	946	0	946	rpc error: code = Unavailable desc = transport is closing
360	943	0	943	rpc error: code = Unavailable desc = transport is closing
360	955	0	955	rpc error: code = Unavailable desc = transport is closing
360	942	0	942	rpc error: code = Unavailable desc = transport is closing
360	954	0	954	rpc error: code = Unavailable desc = transport is closing
360	939	0	939	rpc error: code = Unavailable desc = transport is closing
360	943	0	943	rpc error: code = Unavailable desc = transport is closing
360	954	0	954	rpc error: code = Unavailable desc = transport is closing
360	969	0	969	rpc error: code = Unavailable desc = transport is closing
360	971	0	971	rpc error: code = Unavailable desc = transport is closing
360	958	0	958	rpc error: code = Unavailable desc = transport is closing
360	970	0	970	rpc error: code = Unavailable desc = transport is closing
360	970	0	970	rpc error: code = Unavailable desc = transport is closing
360	927	0	927	rpc error: code = Unavailable desc = transport is closing
360	957	0	957	rpc error: code = Unavailable desc = transport is closing
360	955	0	955	rpc error: code = Unavailable desc = transport is closing
360	923	0	923	rpc error: code = Unavailable desc = transport is closing
360	959	0	959	rpc error: code = Unavailable desc = transport is closing
360	954	0	954	rpc error: code = Unavailable desc = transport is closing
360	972	0	972	rpc error: code = Unavailable desc = transport is closing
360	971	0	971	rpc error: code = Unavailable desc = transport is closing
360	956	0	956	rpc error: code = Unavailable desc = transport is closing
360	957	0	957	rpc error: code = Unavailable desc = transport is closing
360	956	0	956	rpc error: code = Unavailable desc = transport is closing
360	959	0	959	rpc error: code = Unavailable desc = transport is closing
360	941	0	941	rpc error: code = Unavailable desc = transport is closing
360	955	0	955	rpc error: code = Unavailable desc = transport is closing
360	950	0	950	rpc error: code = Unavailable desc = transport is closing
360	5771	0	5771	rpc error: code = Unavailable desc = transport is closing
360	954	0	954	rpc error: code = Unavailable desc = transport is closing
360	955	0	955	rpc error: code = Unavailable desc = transport is closing
360	942	0	942	rpc error: code = Unavailable desc = transport is closing
360	940	0	940	rpc error: code = Unavailable desc = transport is closing
360	934	0	934	rpc error: code = Unavailable desc = transport is closing
360	937	0	937	rpc error: code = Unavailable desc = transport is closing
360	926	0	926	rpc error: code = Unavailable desc = transport is closing
360	953	0	953	rpc error: code = Unavailable desc = transport is closing
360	944	0	944	rpc error: code = Unavailable desc = transport is closing
360	945	0	945	rpc error: code = Unavailable desc = transport is closing
360	942	0	942	rpc error: code = Unavailable desc = transport is closing
360	954	0	954	rpc error: code = Unavailable desc = transport is closing
360	945	0	945	rpc error: code = Unavailable desc = transport is closing
360	941	0	941	rpc error: code = Unavailable desc = transport is closing
360	956	0	956	rpc error: code = Unavailable desc = transport is closing
360	942	0	942	rpc error: code = Unavailable desc = transport is closing
360	970	0	970	rpc error: code = Unavailable desc = transport is closing
360	383	351	734	<nil>
360	430	352	782	<nil>
360	5581	365	5946	<nil>
360	396	350	746	<nil>
360	381	364	745	<nil>
360	398	350	748	<nil>
360	126	0	126	rpc error: code = Unavailable desc = transport is closing
360	182	0	182	rpc error: code = Unavailable desc = transport is closing
360	457	295	752	<nil>
360	499	266	765	<nil>
360	491	263	754	<nil>
360	524	249	773	<nil>
360	497	268	765	<nil>
360	10491	258	10749	<nil>
360	5696	250	5946	<nil>
360	354	250	604	<nil>
360	353	250	603	<nil>
360	10256	250	10506	<nil>
360	1533	283	1816	<nil>
360	389	243	632	<nil>
360	453	209	662	<nil>
360	448	210	658	<nil>
360	452	217	669	<nil>
360	449	208	657	<nil>
360	431	180	611	<nil>
360	411	179	590	<nil>
360	311	108	419	<nil>
360	343	150	493	<nil>
360	280	109	389	<nil>
360	281	151	432	<nil>
360	1313	109	1422	<nil>
360	334	151	485	<nil>
360	1452	172	1624	<nil>
360	349	152	501	<nil>
360	305	99	404	<nil>
360	331	171	502	<nil>
360	288	108	396	<nil>
360	1341	75	1416	<nil>
360	391	174	565	<nil>
360	297	106	403	<nil>
360	296	107	403	<nil>
360	330	75	405	<nil>
360	329	75	404	<nil>
360	293	99	392	<nil>
360	245	76	321	<nil>
360	257	76	333	<nil>
360	267	51	318	<nil>
360	285	107	392	<nil>
360	272	52	324	<nil>
360	268	57	325	<nil>
360	200	45	245	<nil>
360	1199	116	1315	<nil>
360	233	123	356	<nil>
360	199	117	316	<nil>
360	198	116	314	<nil>
360	200	115	315	<nil>
360	209	52	261	<nil>
360	139	122	261	<nil>
360	204	58	262	<nil>
360	194	115	309	<nil>
360	3186	116	3302	<nil>
360	200	68	268	<nil>
360	195	115	310	<nil>
360	1249	104	1353	<nil>
360	194	117	311	<nil>
360	219	47	266	<nil>
360	149	48	197	<nil>
360	121	55	176	<nil>
360	139	15	154	<nil>
360	3194	15	3209	<nil>
360	139	33	172	<nil>
360	126	16	142	<nil>
360	120	56	176	<nil>
360	127	50	177	<nil>
360	1119	55	1174	<nil>
360	121	54	175	<nil>
360	155	20	175	<nil>
360	154	15	169	<nil>
360	157	19	176	<nil>
360	140	38	178	<nil>
360	141	38	179	<nil>
360	127	48	175	<nil>
360	127	69	196	<nil>
360	148	68	216	<nil>
360	133	69	202	<nil>
360	111	16	127	<nil>
360	188	13	201	<nil>
360	106	22	128	<nil>
360	100	29	129	<nil>
360	98	33	131	<nil>
360	109	86	195	<nil>
360	133	87	220	<nil>
360	126	35	161	<nil>
360	108	27	135	<nil>
360	119	87	206	<nil>
360	147	87	234	<nil>
360	138	86	224	<nil>
360	178	27	205	<nil>
360	181	24	205	<nil>
360	216	18	234	<nil>
360	71	5	76	<nil>
360	200	20	220	<nil>
360	203	20	223	<nil>
360	141	93	234	<nil>
360	53	5	58	<nil>
360	55	551	606	<nil>
360	71	552	623	<nil>
360	4981	549	5530	<nil>
360	52	549	601	<nil>
360	57	552	609	<nil>
360	71	552	623	<nil>
360	82	568	650	<nil>
360	79	569	648	<nil>
360	82	569	651	<nil>
360	80	568	648	<nil>
360	119	531	650	<nil>
360	112	506	618	<nil>
360	151	506	657	<nil>
360	149	506	655	<nil>
360	15307	19	15326	<nil>
360	616	20	636	<nil>
360	583	17	600	<nil>
360	568	14	582	<nil>
360	625	35	660	<nil>
360	579	6	585	<nil>
360	617	18	635	<nil>
360	15290	6	15296	<nil>
360	632	6	638	<nil>
360	633	5	638	<nil>
360	559	19	578	<nil>
360	563	16	579	<nil>
360	617	20	637	<nil>
360	586	6	592	<nil>
360	571	16	587	<nil>
360	606	9	615	<nil>
360	639	17	656	<nil>
360	637	17	654	<nil>
360	603	18	621	<nil>
360	576	19	595	<nil>
360	583	19	602	<nil>
360	1545	56	1601	<nil>
360	576	58	634	<nil>
360	577	56	633	<nil>
360	588	58	646	<nil>
360	566	61	627	<nil>
360	576	62	638	<nil>
360	549	61	610	<nil>
360	33	51	84	<nil>
360	585	65	650	<nil>
360	587	67	654	<nil>
360	1544	65	1609	<nil>
360	530	66	596	<nil>
360	34	78	112	<nil>
360	35	78	113	<nil>
360	36	81	117	<nil>
360	55	43	98	<nil>
360	53	44	97	<nil>
360	51	46	97	<nil>
360	26	93	119	<nil>
360	26	92	118	<nil>
360	33	85	118	<nil>
360	35	83	118	<nil>
360	54	45	99	<nil>
360	53	47	100	<nil>
360	53	42	95	<nil>
360	51	45	96	<nil>
360	53	42	95	<nil>
360	54	46	100	<nil>
360	55	61	116	<nil>
360	55	60	115	<nil>
360	44	60	104	<nil>
360	65	50	115	<nil>
360	48	58	106	<nil>
360	57	58	115	<nil>
360	54	65	119	<nil>
360	57	96	153	<nil>
360	54	90	144	<nil>
360	72	66	138	<nil>
360	54	102	156	<nil>
360	36	67	103	<nil>
360	15232	48	15280	<nil>
360	40	83	123	<nil>
360	51	66	117	<nil>
360	15111	62	15173	<nil>
360	58	63	121	<nil>
360	40	65	105	<nil>
360	57	68	125	<nil>
360	44	68	112	<nil>
360	44	68	112	<nil>
360	157	78	235	<nil>
360	100	82	182	<nil>
360	1460	56	1516	<nil>
360	56	87	143	<nil>
360	39	84	123	<nil>
360	1455	74	1529	<nil>
360	1459	87	1546	<nil>
360	10192	76	10268	<nil>
360	1373	83	1456	<nil>
360	68	60	128	<nil>
360	60	59	119	<nil>
360	1430	99	1529	<nil>
360	68	62	130	<nil>
360	63	64	127	<nil>
360	43	62	105	<nil>
360	1064	65	1129	<nil>
360	62	97	159	<nil>
360	75	84	159	<nil>
360	15254	84	15338	<nil>
360	39	79	118	<nil>
360	39	42	81	<nil>
360	40	41	81	<nil>
360	38	80	118	<nil>
360	37	63	100	<nil>
360	62	96	158	<nil>
360	38	42	80	<nil>
360	39	43	82	<nil>
360	21	45	66	<nil>
360	515	0	515	rpc error: code = Unavailable desc = transport is closing
360	16	82	98	<nil>
360	39	80	119	<nil>
360	76	85	161	<nil>
360	77	84	161	<nil>
360	38	64	102	<nil>
360	35	43	78	<nil>
360	5563	43	5606	<nil>
360	38	45	83	<nil>
360	21	45	66	<nil>
360	23	45	68	<nil>
360	45	3	48	<nil>
360	23	45	68	<nil>
360	22	45	67	<nil>
360	54	44	98	<nil>
360	45	2	47	<nil>
360	38	44	82	<nil>
360	44	2	46	<nil>
360	65	3	68	<nil>
360	51	3	54	<nil>
360	5606	4	5610	<nil>
360	43	4	47	<nil>
360	41	4	45	<nil>
360	169	0	169	<nil>
360	50	0	50	<nil>
360	500	0	500	rpc error: code = Unavailable desc = transport is closing
360	154	3	157	<nil>
360	520	0	520	rpc error: code = Unavailable desc = transport is closing
360	57	5	62	<nil>
360	50	5	55	<nil>
360	138	2	140	<nil>
360	157	2	159	<nil>
360	158	3	161	<nil>
360	138	3	141	<nil>
360	173	3	176	<nil>
360	172	3	175	<nil>
360	155	1	156	<nil>
360	514	0	514	rpc error: code = Unavailable desc = transport is closing
360	213	0	213	rpc error: code = Unavailable desc = transport is closing
360	357	0	357	rpc error: code = Unavailable desc = transport is closing
360	357	0	357	rpc error: code = Unavailable desc = transport is closing
360	164	7	171	<nil>
360	168	5	173	<nil>
360	355	0	355	rpc error: code = Unavailable desc = transport is closing
360	163	6	169	<nil>
360	1166	7	1173	<nil>
360	1434	0	1434	rpc error: code = Unavailable desc = transport is closing
360	5545	0	5545	rpc error: code = Unavailable desc = transport is closing
360	358	0	358	rpc error: code = Unavailable desc = transport is closing
360	158	8	166	<nil>
360	164	8	172	<nil>
360	5709	0	5709	rpc error: code = Unavailable desc = transport is closing
360	167	11	178	<nil>
360	164	11	175	<nil>
360	159	11	170	<nil>
360	166	5	171	<nil>
360	178	5	183	<nil>
360	174	5	179	<nil>
360	71	5	76	<nil>
360	176	3	179	<nil>
360	184	2	186	<nil>
360	178	2	180	<nil>
360	165	6	171	<nil>
360	181	6	187	<nil>
360	179	2	181	<nil>
360	179	3	182	<nil>
360	179	3	182	<nil>
360	177	4	181	<nil>
360	169	4	173	<nil>
360	179	4	183	<nil>
360	206	5	211	<nil>
360	170	4	174	<nil>
360	169	4	173	<nil>
360	177	5	182	<nil>
360	8	0	8	<nil>
360	177	5	182	<nil>
360	183	0	183	<nil>
360	216	0	216	<nil>
360	2813	0	2813	<nil>
360	51	3	54	<nil>
360	51	8	59	<nil>
360	55	8	63	<nil>
360	58	12	70	<nil>
360	55	13	68	<nil>
360	61	14	75	<nil>
360	61	15	76	<nil>
360	54	14	68	<nil>
360	61	14	75	<nil>
360	1056	20	1076	<nil>
360	57	16	73	<nil>
360	61	16	77	<nil>
360	54	15	69	<nil>
360	57	19	76	<nil>
360	51	19	70	<nil>
360	54	14	68	<nil>
360	55	16	71	<nil>
360	61	15	76	<nil>
360	47	20	67	<nil>
360	14	0	14	<nil>
360	55	15	70	<nil>
360	1058	19	1077	<nil>
360	57	21	78	<nil>
360	224	0	224	rpc error: code = Unavailable desc = transport is closing
360	62	15	77	<nil>
360	27	17	44	<nil>
360	61	16	77	<nil>
360	55	16	71	<nil>
360	58	15	73	<nil>
360	55	16	71	<nil>
360	56	16	72	<nil>
360	1061	16	1077	<nil>
360	57	18	75	<nil>
360	1061	14	1075	<nil>
360	57	14	71	<nil>
360	18	0	18	<nil>
360	50	21	71	<nil>
360	14	0	14	<nil>
360	170	0	170	rpc error: code = Unavailable desc = transport is closing
360	171	0	171	rpc error: code = Unavailable desc = transport is closing
360	74	83	157	<nil>
360	2781	0	2781	rpc error: code = Unavailable desc = transport is closing
360	276	0	276	rpc error: code = Unavailable desc = transport is closing
360	273	0	273	rpc error: code = Unavailable desc = transport is closing
360	278	0	278	rpc error: code = Unavailable desc = transport is closing
360	347	2	349	<nil>
360	348	2	350	<nil>
360	350	2	352	<nil>
360	93	2	95	<nil>
360	86	8	94	<nil>
360	171	0	171	rpc error: code = Unavailable desc = transport is closing
360	274	0	274	rpc error: code = Unavailable desc = transport is closing
360	337	8	345	<nil>
360	1374	9	1383	<nil>
360	94	3	97	<nil>
360	344	49	393	<nil>
360	349	50	399	<nil>
360	9269	51	9320	<nil>
360	98	49	147	<nil>
360	342	50	392	<nil>
360	210	0	210	rpc error: code = Unavailable desc = transport is closing
360	210	0	210	rpc error: code = Unavailable desc = transport is closing
360	448	0	448	rpc error: code = Unavailable desc = transport is closing
360	1455	0	1455	rpc error: code = Unavailable desc = transport is closing
360	373	57	430	<nil>
360	379	31	410	<nil>
360	451	0	451	rpc error: code = Unavailable desc = transport is closing
360	218	46	264	<nil>
360	363	51	414	<nil>
360	124	31	155	<nil>
360	130	25	155	<nil>
360	121	34	155	<nil>
360	1225	34	1259	<nil>
360	381	58	439	<nil>
360	218	35	253	<nil>
360	296	29	325	<nil>
360	217	37	254	<nil>
360	124	57	181	<nil>
360	323	0	323	rpc error: code = Unavailable desc = transport is closing
360	1451	0	1451	rpc error: code = Unavailable desc = transport is closing
360	324	0	324	rpc error: code = Unavailable desc = transport is closing
360	449	0	449	rpc error: code = Unavailable desc = transport is closing
360	15452	30	15482	<nil>
360	371	66	437	<nil>
360	384	31	415	<nil>
360	126	67	193	<nil>
360	1452	0	1452	rpc error: code = Unavailable desc = transport is closing
360	66	41	107	<nil>
360	56	40	96	<nil>
360	342	0	342	rpc error: code = Unavailable desc = transport is closing
360	319	0	319	rpc error: code = Unavailable desc = transport is closing
360	387	59	446	<nil>
360	6217	67	6284	<nil>
360	56	40	96	<nil>
360	6212	67	6279	<nil>
360	9874	67	9941	<nil>
360	124	67	191	<nil>
360	125	67	192	<nil>
360	65	40	105	<nil>
360	447	0	447	rpc error: code = Unavailable desc = transport is closing
360	462	0	462	rpc error: code = Unavailable desc = transport is closing
360	59	125	184	<nil>
360	379	0	379	rpc error: code = Unavailable desc = transport is closing
360	314	0	314	rpc error: code = Unavailable desc = transport is closing
360	270	0	270	rpc error: code = Unavailable desc = transport is closing
360	423	0	423	rpc error: code = Unavailable desc = transport is closing
360	341	0	341	rpc error: code = Unavailable desc = transport is closing
360	272	0	272	rpc error: code = Unavailable desc = transport is closing
360	1451	0	1451	rpc error: code = Unavailable desc = transport is closing
360	1452	0	1452	rpc error: code = Unavailable desc = transport is closing
360	327	0	327	rpc error: code = Unavailable desc = transport is closing
360	309	0	309	rpc error: code = Unavailable desc = transport is closing
360	1455	0	1455	rpc error: code = Unavailable desc = transport is closing
360	272	0	272	rpc error: code = Unavailable desc = transport is closing
360	302	0	302	rpc error: code = Unavailable desc = transport is closing
360	3117	0	3117	rpc error: code = Unavailable desc = transport is closing
360	1451	0	1451	rpc error: code = Unavailable desc = transport is closing
360	1461	0	1461	rpc error: code = Unavailable desc = transport is closing
360	342	0	342	rpc error: code = Unavailable desc = transport is closing
360	378	0	378	rpc error: code = Unavailable desc = transport is closing
360	267	0	267	rpc error: code = Unavailable desc = transport is closing
360	273	0	273	rpc error: code = Unavailable desc = transport is closing
360	273	0	273	rpc error: code = Unavailable desc = transport is closing
360	270	0	270	rpc error: code = Unavailable desc = transport is closing
360	2757	0	2757	rpc error: code = Unavailable desc = transport is closing
360	273	0	273	rpc error: code = Unavailable desc = transport is closing
360	272	0	272	rpc error: code = Unavailable desc = transport is closing
360	2765	0	2765	rpc error: code = Unavailable desc = transport is closing
360	270	0	270	rpc error: code = Unavailable desc = transport is closing
360	267	0	267	rpc error: code = Unavailable desc = transport is closing
360	1439	0	1439	rpc error: code = Unavailable desc = transport is closing
360	273	0	273	rpc error: code = Unavailable desc = transport is closing
360	418	0	418	rpc error: code = Unavailable desc = transport is closing
360	342	0	342	rpc error: code = Unavailable desc = transport is closing
360	405	0	405	rpc error: code = Unavailable desc = transport is closing
360	1439	0	1439	rpc error: code = Unavailable desc = transport is closing
360	268	0	268	rpc error: code = Unavailable desc = transport is closing
360	390	0	390	rpc error: code = Unavailable desc = transport is closing
360	1452	0	1452	rpc error: code = Unavailable desc = transport is closing
360	271	0	271	rpc error: code = Unavailable desc = transport is closing
360	310	0	310	rpc error: code = Unavailable desc = transport is closing
360	307	0	307	rpc error: code = Unavailable desc = transport is closing
360	319	0	319	rpc error: code = Unavailable desc = transport is closing
360	343	0	343	rpc error: code = Unavailable desc = transport is closing
360	350	0	350	rpc error: code = Unavailable desc = transport is closing
360	343	0	343	rpc error: code = Unavailable desc = transport is closing
360	380	0	380	rpc error: code = Unavailable desc = transport is closing
360	63	104	167	<nil>
360	5536	0	5536	rpc error: code = Unavailable desc = transport is closing
360	67	109	176	<nil>
360	323	0	323	rpc error: code = Unavailable desc = transport is closing
360	97	104	201	<nil>
360	382	0	382	rpc error: code = Unavailable desc = transport is closing
360	340	0	340	rpc error: code = Unavailable desc = transport is closing
360	266	0	266	rpc error: code = Unavailable desc = transport is closing
360	102	100	202	<nil>
360	310	0	310	rpc error: code = Unavailable desc = transport is closing
360	1453	0	1453	rpc error: code = Unavailable desc = transport is closing
360	306	0	306	rpc error: code = Unavailable desc = transport is closing
360	314	0	314	rpc error: code = Unavailable desc = transport is closing
360	337	0	337	rpc error: code = Unavailable desc = transport is closing
360	1453	0	1453	rpc error: code = Unavailable desc = transport is closing
360	291	0	291	rpc error: code = Unavailable desc = transport is closing
360	298	0	298	rpc error: code = Unavailable desc = transport is closing
360	97	109	206	<nil>
360	98	114	212	<nil>
360	107	114	221	<nil>
360	101	105	206	<nil>
360	71	105	176	<nil>
360	315	0	315	rpc error: code = Unavailable desc = transport is closing
360	48	102	150	<nil>
360	312	0	312	rpc error: code = Unavailable desc = transport is closing
360	312	0	312	rpc error: code = Unavailable desc = transport is closing
360	379	0	379	rpc error: code = Unavailable desc = transport is closing
360	311	0	311	rpc error: code = Unavailable desc = transport is closing
360	270	0	270	rpc error: code = Unavailable desc = transport is closing
360	343	0	343	rpc error: code = Unavailable desc = transport is closing
360	5877	0	5877	rpc error: code = Unavailable desc = transport is closing
360	106	109	215	<nil>
360	295	0	295	rpc error: code = Unavailable desc = transport is closing
360	79	81	160	<nil>
360	416	0	416	rpc error: code = Unavailable desc = transport is closing
360	271	0	271	rpc error: code = Unavailable desc = transport is closing
360	111	52	163	<nil>
360	427	0	427	rpc error: code = Unavailable desc = transport is closing
360	1424	0	1424	rpc error: code = Unavailable desc = transport is closing
360	382	0	382	rpc error: code = Unavailable desc = transport is closing
360	416	0	416	rpc error: code = Unavailable desc = transport is closing
360	415	0	415	rpc error: code = Unavailable desc = transport is closing
360	77	84	161	<nil>
360	435	0	435	rpc error: code = Unavailable desc = transport is closing
360	79	84	163	<nil>
360	424	0	424	rpc error: code = Unavailable desc = transport is closing
360	128	35	163	<nil>
360	1451	0	1451	rpc error: code = Unavailable desc = transport is closing
360	445	0	445	rpc error: code = Unavailable desc = transport is closing
360	394	0	394	rpc error: code = Unavailable desc = transport is closing
360	1442	0	1442	rpc error: code = Unavailable desc = transport is closing
360	434	0	434	rpc error: code = Unavailable desc = transport is closing
360	435	0	435	rpc error: code = Unavailable desc = transport is closing
360	444	0	444	rpc error: code = Unavailable desc = transport is closing
360	444	0	444	rpc error: code = Unavailable desc = transport is closing
360	102	113	215	<nil>
360	429	0	429	rpc error: code = Unavailable desc = transport is closing
360	98	66	164	<nil>
360	16969	58	17027	<nil>
360	285	59	344	<nil>
360	304	0	304	rpc error: code = Unavailable desc = transport is closing
360	280	126	406	<nil>
360	288	126	414	<nil>
360	311	0	311	rpc error: code = Unavailable desc = transport is closing
360	312	0	312	rpc error: code = Unavailable desc = transport is closing
360	312	0	312	rpc error: code = Unavailable desc = transport is closing
360	320	0	320	rpc error: code = Unavailable desc = transport is closing
360	310	0	310	rpc error: code = Unavailable desc = transport is closing
360	302	0	302	rpc error: code = Unavailable desc = transport is closing
360	287	126	413	<nil>
360	312	0	312	rpc error: code = Unavailable desc = transport is closing
360	2891	0	2891	rpc error: code = Unavailable desc = transport is closing
360	383	0	383	rpc error: code = Unavailable desc = transport is closing
360	393	0	393	rpc error: code = Unavailable desc = transport is closing
360	290	676	966	<nil>
360	296	699	995	<nil>
360	16795	0	16795	rpc error: code = Unavailable desc = transport is closing
360	288	706	994	<nil>
360	290	710	1000	<nil>
360	280	710	990	<nil>
360	294	717	1011	<nil>
360	288	714	1002	<nil>
360	293	723	1016	<nil>
360	421	0	421	rpc error: code = Unavailable desc = transport is closing
360	379	0	379	rpc error: code = Unavailable desc = transport is closing
360	292	728	1020	<nil>
360	297	724	1021	<nil>
360	292	728	1020	<nil>
360	445	0	445	rpc error: code = Unavailable desc = transport is closing
360	298	726	1024	<nil>
360	295	732	1027	<nil>
360	296	732	1028	<nil>
360	301	724	1025	<nil>
360	5948	0	5948	rpc error: code = Unavailable desc = transport is closing
360	416	0	416	rpc error: code = Unavailable desc = transport is closing
360	1424	0	1424	rpc error: code = Unavailable desc = transport is closing
360	368	0	368	rpc error: code = Unavailable desc = transport is closing
360	310	746	1056	<nil>
360	257	0	257	rpc error: code = Unavailable desc = transport is closing
360	257	0	257	rpc error: code = Unavailable desc = transport is closing
360	432	0	432	rpc error: code = Unavailable desc = transport is closing
360	396	0	396	rpc error: code = Unavailable desc = transport is closing
360	395	0	395	rpc error: code = Unavailable desc = transport is closing
360	2724	744	3468	<nil>
360	406	0	406	rpc error: code = Unavailable desc = transport is closing
360	387	0	387	rpc error: code = Unavailable desc = transport is closing
360	1441	0	1441	rpc error: code = Unavailable desc = transport is closing
360	413	0	413	rpc error: code = Unavailable desc = transport is closing
360	434	0	434	rpc error: code = Unavailable desc = transport is closing
360	1441	0	1441	rpc error: code = Unavailable desc = transport is closing
360	5709	0	5709	rpc error: code = Unavailable desc = transport is closing
360	1441	0	1441	rpc error: code = Unavailable desc = transport is closing
360	408	0	408	rpc error: code = Unavailable desc = transport is closing
360	416	0	416	rpc error: code = Unavailable desc = transport is closing
360	406	0	406	rpc error: code = Unavailable desc = transport is closing
360	416	0	416	rpc error: code = Unavailable desc = transport is closing
360	427	0	427	rpc error: code = Unavailable desc = transport is closing
360	429	0	429	rpc error: code = Unavailable desc = transport is closing
360	306	0	306	rpc error: code = Unavailable desc = transport is closing
360	301	0	301	rpc error: code = Unavailable desc = transport is closing
360	285	0	285	rpc error: code = Unavailable desc = transport is closing
360	428	0	428	rpc error: code = Unavailable desc = transport is closing
360	450	0	450	rpc error: code = Unavailable desc = transport is closing
360	1457	0	1457	rpc error: code = Unavailable desc = transport is closing
360	330	0	330	rpc error: code = Unavailable desc = transport is closing
360	313	0	313	rpc error: code = Unavailable desc = transport is closing
360	510	0	510	rpc error: code = Unavailable desc = transport is closing
360	448	0	448	rpc error: code = Unavailable desc = transport is closing
360	314	0	314	rpc error: code = Unavailable desc = transport is closing
360	1451	0	1451	rpc error: code = Unavailable desc = transport is closing
360	291	0	291	rpc error: code = Unavailable desc = transport is closing
360	397	0	397	rpc error: code = Unavailable desc = transport is closing
360	427	0	427	rpc error: code = Unavailable desc = transport is closing
360	438	0	438	rpc error: code = Unavailable desc = transport is closing
360	450	0	450	rpc error: code = Unavailable desc = transport is closing
360	448	0	448	rpc error: code = Unavailable desc = transport is closing
360	439	0	439	rpc error: code = Unavailable desc = transport is closing
360	429	0	429	rpc error: code = Unavailable desc = transport is closing
360	429	0	429	rpc error: code = Unavailable desc = transport is closing
360	435	0	435	rpc error: code = Unavailable desc = transport is closing
360	449	0	449	rpc error: code = Unavailable desc = transport is closing
360	461	0	461	rpc error: code = Unavailable desc = transport is closing
360	405	0	405	rpc error: code = Unavailable desc = transport is closing
360	449	0	449	rpc error: code = Unavailable desc = transport is closing
360	313	0	313	rpc error: code = Unavailable desc = transport is closing
360	322	0	322	rpc error: code = Unavailable desc = transport is closing
360	427	0	427	rpc error: code = Unavailable desc = transport is closing
360	445	0	445	rpc error: code = Unavailable desc = transport is closing
360	3025	0	3025	rpc error: code = Unavailable desc = transport is closing
360	291	0	291	rpc error: code = Unavailable desc = transport is closing
360	292	0	292	rpc error: code = Unavailable desc = transport is closing
360	448	0	448	rpc error: code = Unavailable desc = transport is closing
360	309	0	309	rpc error: code = Unavailable desc = transport is closing
360	6075	0	6075	rpc error: code = Unavailable desc = transport is closing
360	445	0	445	rpc error: code = Unavailable desc = transport is closing
360	384	711	1095	<nil>
360	446	0	446	rpc error: code = Unavailable desc = transport is closing
360	450	0	450	rpc error: code = Unavailable desc = transport is closing
360	448	0	448	rpc error: code = Unavailable desc = transport is closing
360	289	0	289	rpc error: code = Unavailable desc = transport is closing
360	429	0	429	rpc error: code = Unavailable desc = transport is closing
360	235	708	943	<nil>
360	396	725	1121	<nil>
360	291	0	291	rpc error: code = Unavailable desc = transport is closing
360	396	726	1122	<nil>
360	222	707	929	<nil>
360	767	178	945	<nil>
360	764	148	912	<nil>
360	770	149	919	<nil>
360	872	149	1021	<nil>
360	803	124	927	<nil>
360	786	123	909	<nil>
360	900	123	1023	<nil>
360	903	127	1030	<nil>
360	904	126	1030	<nil>
360	944	88	1032	<nil>
360	904	126	1030	<nil>
360	904	126	1030	<nil>
360	911	120	1031	<nil>
360	943	87	1030	<nil>
360	945	91	1036	<nil>
360	907	22	929	<nil>
360	947	91	1038	<nil>
360	946	91	1037	<nil>
360	2744	29	2773	<nil>
360	945	91	1036	<nil>
360	938	91	1029	<nil>
360	940	90	1030	<nil>
360	939	91	1030	<nil>
360	939	91	1030	<nil>
360	939	91	1030	<nil>
360	946	91	1037	<nil>
360	937	93	1030	<nil>
360	945	91	1036	<nil>
360	918	91	1009	<nil>
360	961	75	1036	<nil>
360	945	91	1036	<nil>
360	940	91	1031	<nil>
360	962	75	1037	<nil>
360	944	91	1035	<nil>
360	956	74	1030	<nil>
360	911	28	939	<nil>
360	898	35	933	<nil>
360	900	34	934	<nil>
360	851	41	892	<nil>
360	932	88	1020	<nil>
360	927	84	1011	<nil>
360	927	93	1020	<nil>
360	891	86	977	<nil>
360	924	87	1011	<nil>
360	934	86	1020	<nil>
360	930	87	1017	<nil>
360	927	87	1014	<nil>
360	925	88	1013	<nil>
360	923	96	1019	<nil>
360	923	96	1019	<nil>
360	937	92	1029	<nil>
360	1848	42	1890	<nil>
360	3655	88	3743	<nil>
360	926	97	1023	<nil>
360	939	80	1019	<nil>
360	891	100	991	<nil>
360	1011	37	1048	<nil>
360	994	54	1048	<nil>
360	949	55	1004	<nil>
360	1005	59	1064	<nil>
360	232	74	306	<nil>
360	1015	36	1051	<nil>
360	1003	59	1062	<nil>
360	1002	41	1043	<nil>
360	1009	68	1077	<nil>
360	3370	74	3444	<nil>
360	995	73	1068	<nil>
360	995	67	1062	<nil>
360	955	70	1025	<nil>
360	1009	41	1050	<nil>
360	981	66	1047	<nil>
360	94	59	153	<nil>
360	3390	40	3430	<nil>
360	1004	42	1046	<nil>
360	1010	43	1053	<nil>
360	987	86	1073	<nil>
360	297	73	370	<nil>
360	951	54	1005	<nil>
360	902	67	969	<nil>
360	1010	70	1080	<nil>
360	987	86	1073	<nil>
360	904	67	971	<nil>
360	1014	67	1081	<nil>
360	1013	65	1078	<nil>
360	1013	66	1079	<nil>
360	1019	69	1088	<nil>
360	1013	69	1082	<nil>
360	1009	65	1074	<nil>
360	3723	69	3792	<nil>
360	1019	70	1089	<nil>
360	1016	70	1086	<nil>
360	1002	77	1079	<nil>
360	1020	71	1091	<nil>
360	104	78	182	<nil>
360	1018	76	1094	<nil>
360	1018	90	1108	<nil>
360	1015	159	1174	<nil>
360	78	159	237	<nil>
360	1019	158	1177	<nil>
360	232	159	391	<nil>
360	105	162	267	<nil>
360	258	106	364	<nil>
360	253	113	366	<nil>
360	274	92	366	<nil>
360	272	94	366	<nil>
360	272	92	364	<nil>
360	3176	138	3314	<nil>
360	1097	92	1189	<nil>
360	256	108	364	<nil>
360	255	111	366	<nil>
360	275	94	369	<nil>
360	274	93	367	<nil>
360	3257	78	3335	<nil>
360	1127	88	1215	<nil>
360	1159	59	1218	<nil>
360	1167	49	1216	<nil>
360	392	74	466	<nil>
360	271	127	398	<nil>
360	1139	73	1212	<nil>
360	415	51	466	<nil>
360	365	102	467	<nil>
360	428	41	469	<nil>
360	394	74	468	<nil>
360	425	80	505	<nil>
360	3275	83	3358	<nil>
360	123	83	206	<nil>
360	137	96	233	<nil>
360	136	97	233	<nil>
360	3199	76	3275	<nil>
360	280	57	337	<nil>
360	144	79	223	<nil>
360	142	78	220	<nil>
360	142	77	219	<nil>
360	123	58	181	<nil>
360	293	47	340	<nil>
360	289	47	336	<nil>
360	176	46	222	<nil>
360	1508	70	1578	<nil>
360	500	69	569	<nil>
360	121	81	202	<nil>
360	465	78	543	<nil>
360	463	81	544	<nil>
360	428	78	506	<nil>
360	510	82	592	<nil>
360	429	79	508	<nil>
360	1176	79	1255	<nil>
360	487	95	582	<nil>
360	527	83	610	<nil>
360	427	80	507	<nil>
360	123	82	205	<nil>
360	402	82	484	<nil>
360	40	79	119	<nil>
360	11	71	82	<nil>
360	11	72	83	<nil>
360	3275	61	3336	<nil>
360	552	59	611	<nil>
360	12	87	99	<nil>
360	551	61	612	<nil>
360	541	105	646	<nil>
360	539	105	644	<nil>
360	335	89	424	<nil>
360	331	96	427	<nil>
360	566	85	651	<nil>
360	562	90	652	<nil>
360	328	117	445	<nil>
360	325	122	447	<nil>
360	337	109	446	<nil>
360	1401	105	1506	<nil>
360	1430	83	1513	<nil>
360	1409	110	1519	<nil>
360	1405	110	1515	<nil>
360	1436	83	1519	<nil>
360	599	57	656	<nil>
360	3464	93	3557	<nil>
360	1450	71	1521	<nil>
360	245	102	347	<nil>
360	46	123	169	<nil>
360	38	128	166	<nil>
360	17439	127	17566	<nil>
360	42	125	167	<nil>
360	293	116	409	<nil>
360	1274	116	1390	<nil>
360	62	107	169	<nil>
360	55	116	171	<nil>
360	256	83	339	<nil>
360	275	67	342	<nil>
360	272	68	340	<nil>
360	257	68	325	<nil>
360	275	67	342	<nil>
360	273	69	342	<nil>
360	273	73	346	<nil>
360	276	69	345	<nil>
360	277	67	344	<nil>
360	601	47	648	<nil>
360	277	69	346	<nil>
360	608	40	648	<nil>
360	108	50	158	<nil>
360	101	51	152	<nil>
360	442	55	497	<nil>
360	180	39	219	<nil>
360	184	41	225	<nil>
360	1408	41	1449	<nil>
360	506	39	545	<nil>
360	523	23	546	<nil>
360	334	25	359	<nil>
360	406	24	430	<nil>
360	529	27	556	<nil>
360	126	52	178	<nil>
360	54	31	85	<nil>
360	19	27	46	<nil>
360	3451	25	3476	<nil>
360	395	15	410	<nil>
360	396	12	408	<nil>
360	42	23	65	<nil>
360	357	29	386	<nil>
360	2843	1	2844	<nil>
360	255	2	257	<nil>
360	256	1	257	<nil>
360	197	31	228	<nil>
360	614	30	644	<nil>
360	147	26	173	<nil>
360	17530	35	17565	<nil>
360	174	27	201	<nil>
360	395	24	419	<nil>
360	333	36	369	<nil>
360	409	17	426	<nil>
360	332	4	336	<nil>
360	267	3	270	<nil>
360	281	3	284	<nil>
360	252	13	265	<nil>
360	273	5	278	<nil>
360	270	13	283	<nil>
360	262	5	267	<nil>
360	283	2	285	<nil>
360	14746	14	14760	<nil>
360	264	3	267	<nil>
360	272	14	286	<nil>
360	284	3	287	<nil>
360	533	1	534	<nil>
360	279	2	281	<nil>
360	420	0	420	<nil>
360	545	1	546	<nil>
360	526	0	526	<nil>
360	544	2	546	<nil>
360	267	1	268	<nil>
360	317	14	331	<nil>
360	319	13	332	<nil>
360	302	14	316	<nil>
360	698	10	708	<nil>
360	333	15	348	<nil>
360	339	15	354	<nil>
360	716	13	729	<nil>
360	326	19	345	<nil>
360	340	13	353	<nil>
360	340	13	353	<nil>
360	334	17	351	<nil>
360	340	13	353	<nil>
360	333	18	351	<nil>
360	338	13	351	<nil>
360	698	12	710	<nil>
360	318	17	335	<nil>
360	319	18	337	<nil>
360	320	18	338	<nil>
360	677	13	690	<nil>
360	3768	13	3781	<nil>
360	297	17	314	<nil>
360	333	19	352	<nil>
360	696	12	708	<nil>
360	331	578	909	<nil>
360	241	576	817	<nil>
360	3718	576	4294	<nil>
360	707	576	1283	<nil>
360	667	578	1245	<nil>
360	6289	576	6865	<nil>
360	707	576	1283	<nil>
360	709	575	1284	<nil>
360	180	577	757	<nil>
360	9390	574	9964	<nil>
360	708	577	1285	<nil>
360	710	575	1285	<nil>
360	730	575	1305	<nil>
360	576	574	1150	<nil>
360	244	575	819	<nil>
360	183	577	760	<nil>
360	709	575	1284	<nil>
360	1204	31	1235	<nil>
360	1206	31	1237	<nil>
360	839	32	871	<nil>
360	1135	32	1167	<nil>
360	1208	32	1240	<nil>
360	845	32	877	<nil>
360	856	33	889	<nil>
360	1134	32	1166	<nil>
360	970	32	1002	<nil>
360	1133	32	1165	<nil>
360	1133	32	1165	<nil>
360	1137	33	1170	<nil>
360	1134	33	1167	<nil>
360	1144	26	1170	<nil>
360	1147	27	1174	<nil>
360	1147	26	1173	<nil>
360	1147	28	1175	<nil>
360	1156	27	1183	<nil>
360	1132	41	1173	<nil>
360	1147	27	1174	<nil>
360	1484	37	1521	<nil>
360	1447	38	1485	<nil>
360	1483	38	1521	<nil>
360	949	50	999	<nil>
360	1484	40	1524	<nil>
360	1128	39	1167	<nil>
360	11247	39	11286	<nil>
360	2443	24	2467	<nil>
360	836	42	878	<nil>
360	1474	39	1513	<nil>
360	1420	41	1461	<nil>
360	1146	42	1188	<nil>
360	832	42	874	<nil>
360	838	41	879	<nil>
360	1143	42	1185	<nil>
360	1127	42	1169	<nil>
360	49	23	72	<nil>
360	41	53	94	<nil>
360	41	46	87	<nil>
360	76	47	123	<nil>
360	48	72	120	<nil>
360	42	74	116	<nil>
360	47	74	121	<nil>
360	1333	75	1408	<nil>
360	1333	78	1411	<nil>
360	15	76	91	<nil>
360	21	74	95	<nil>
360	1331	78	1409	<nil>
360	43	92	135	<nil>
360	104	36	140	<nil>
360	2337	37	2374	<nil>
360	17	73	90	<nil>
360	112	35	147	<nil>
360	2341	33	2374	<nil>
360	4720	34	4754	<nil>
360	105	48	153	<nil>
360	2340	38	2378	<nil>
360	2333	39	2372	<nil>
360	91	47	138	<nil>
360	43	104	147	<nil>
360	2341	33	2374	<nil>
360	2338	32	2370	<nil>
360	2339	34	2373	<nil>
360	2341	33	2374	<nil>
360	112	34	146	<nil>
360	2342	32	2374	<nil>
360	2348	34	2382	<nil>
360	41	111	152	<nil>
360	110	37	147	<nil>
360	80	39	119	<nil>
360	72	40	112	<nil>
360	72	39	111	<nil>
360	76	36	112	<nil>
360	71	43	114	<nil>
360	83	37	120	<nil>
360	70	41	111	<nil>
360	89	41	130	<nil>
360	92	38	130	<nil>
360	2345	44	2389	<nil>
360	70	41	111	<nil>
360	70	41	111	<nil>
360	2325	72	2397	<nil>
360	79	42	121	<nil>
360	1411	74	1485	<nil>
360	105	74	179	<nil>
360	718	76	794	<nil>
360	718	108	826	<nil>
360	1718	111	1829	<nil>
360	711	123	834	<nil>
360	720	115	835	<nil>
360	721	115	836	<nil>
360	715	114	829	<nil>
360	713	115	828	<nil>
360	98	111	209	<nil>
360	110	109	219	<nil>
360	122	107	229	<nil>
360	109	110	219	<nil>
360	721	118	839	<nil>
360	119	111	230	<nil>
360	110	109	219	<nil>
360	182	41	223	<nil>
360	112	134	246	<nil>
360	82	147	229	<nil>
360	103	147	250	<nil>
360	205	66	271	<nil>
360	112	137	249	<nil>
360	177	69	246	<nil>
360	93	143	236	<nil>
360	115	174	289	<nil>
360	143	104	247	<nil>
360	3190	100	3290	<nil>
360	184	106	290	<nil>
360	153	138	291	<nil>
360	217	72	289	<nil>
360	132	137	269	<nil>
360	101	169	270	<nil>
360	1565	178	1743	<nil>
360	1760	142	1902	<nil>
360	1567	176	1743	<nil>
360	57	176	233	<nil>
360	188	176	364	<nil>
360	1570	175	1745	<nil>
360	1594	152	1746	<nil>
360	3110	124	3234	<nil>
360	187	177	364	<nil>
360	133	84	217	<nil>
360	1048	83	1131	<nil>
360	54	182	236	<nil>
360	1030	86	1116	<nil>
360	1049	139	1188	<nil>
360	1057	145	1202	<nil>
360	1047	144	1191	<nil>
360	1018	144	1162	<nil>
360	1066	155	1221	<nil>
360	1012	157	1169	<nil>
360	1021	152	1173	<nil>
360	132	153	285	<nil>
360	129	157	286	<nil>
360	1029	152	1181	<nil>
360	1019	168	1187	<nil>
360	1022	168	1190	<nil>
360	131	171	302	<nil>
360	1389	170	1559	<nil>
360	1433	168	1601	<nil>
360	1023	187	1210	<nil>
360	1065	163	1228	<nil>
360	1419	192	1611	<nil>
360	1056	155	1211	<nil>
360	1058	155	1213	<nil>
360	1088	164	1252	<nil>
360	1069	157	1226	<nil>
360	130	168	298	<nil>
360	118	148	266	<nil>
360	116	150	266	<nil>
360	152	149	301	<nil>
360	120	149	269	<nil>
360	106	154	260	<nil>
360	117	151	268	<nil>
360	1335	120	1455	<nil>
360	1341	120	1461	<nil>
360	1333	123	1456	<nil>
360	90	121	211	<nil>
360	1341	122	1463	<nil>
360	112	124	236	<nil>
360	1088	126	1214	<nil>
360	196	123	319	<nil>
360	203	123	326	<nil>
360	182	123	305	<nil>
360	3124	123	3247	<nil>
360	134	62	196	<nil>
360	103	69	172	<nil>
360	110	62	172	<nil>
360	98	64	162	<nil>
360	100	76	176	<nil>
360	89	76	165	<nil>
360	82	77	159	<nil>
360	250	65	315	<nil>
360	91	68	159	<nil>
360	1810	65	1875	<nil>
360	3318	69	3387	<nil>
360	3236	23	3259	<nil>
360	1312	21	1333	<nil>
360	1811	71	1882	<nil>
360	1317	22	1339	<nil>
360	3007	71	3078	<nil>
360	1314	22	1336	<nil>
360	46	23	69	<nil>
360	1810	73	1883	<nil>
360	1247	23	1270	<nil>
360	1657	69	1726	<nil>
360	240	69	309	<nil>
360	29	23	52	<nil>
360	244	66	310	<nil>
360	231	25	256	<nil>
360	289	60	349	<nil>
360	265	60	325	<nil>
360	245	66	311	<nil>
360	244	66	310	<nil>
360	29	23	52	<nil>
360	71	71	142	<nil>
360	64	71	135	<nil>
360	29	24	53	<nil>
360	1338	26	1364	<nil>
360	227	29	256	<nil>
360	8852	24	8876	<nil>
360	29	25	54	<nil>
360	29	26	55	<nil>
360	50	28	78	<nil>
360	29	26	55	<nil>
360	104	9	113	<nil>
360	342	2	344	<nil>
360	314	2	316	<nil>
360	3087	3	3090	<nil>
360	316	2	318	<nil>
360	325	10	335	<nil>
360	316	3	319	<nil>
360	314	57	371	<nil>
360	503	16	519	<nil>
360	459	15	474	<nil>
360	3429	13	3442	<nil>
360	306	15	321	<nil>
360	464	25	489	<nil>
360	455	14	469	<nil>
360	474	15	489	<nil>
360	454	14	468	<nil>
360	423	87	510	<nil>
360	424	16	440	<nil>
360	455	14	469	<nil>
360	2975	15	2990	<nil>
360	475	15	490	<nil>
360	309	15	324	<nil>
360	446	21	467	<nil>
360	300	16	316	<nil>
360	308	15	323	<nil>
360	454	13	467	<nil>
360	458	31	489	<nil>
360	305	15	320	<nil>
360	299	16	315	<nil>
360	283	27	310	<nil>
360	308	22	330	<nil>
360	314	21	335	<nil>
360	316	22	338	<nil>
360	285	25	310	<nil>
360	309	28	337	<nil>
360	299	29	328	<nil>
360	317	21	338	<nil>
360	302	28	330	<nil>
360	310	20	330	<nil>
360	289	21	310	<nil>
360	298	30	328	<nil>
360	475	15	490	<nil>
360	439	18	457	<nil>
360	314	25	339	<nil>
360	416	30	446	<nil>
360	456	30	486	<nil>
360	416	25	441	<nil>
360	264	98	362	<nil>
360	1433	83	1516	<nil>
360	418	79	497	<nil>
360	269	70	339	<nil>
360	418	82	500	<nil>
360	200	102	302	<nil>
360	183	121	304	<nil>
360	221	104	325	<nil>
360	194	111	305	<nil>
360	205	112	317	<nil>
360	210	121	331	<nil>
360	235	87	322	<nil>
360	220	107	327	<nil>
360	191	111	302	<nil>
360	3521	51	3572	<nil>
360	199	130	329	<nil>
360	216	134	350	<nil>
360	189	151	340	<nil>
360	266	81	347	<nil>
360	186	149	335	<nil>
360	209	135	344	<nil>
360	182	150	332	<nil>
360	222	140	362	<nil>
360	211	171	382	<nil>
360	217	179	396	<nil>
360	244	184	428	<nil>
360	249	179	428	<nil>
360	195	184	379	<nil>
360	196	201	397	<nil>
360	196	201	397	<nil>
360	197	201	398	<nil>
360	221	197	418	<nil>
360	1453	198	1651	<nil>
360	2968	138	3106	<nil>
360	1540	138	1678	<nil>
360	2915	138	3053	<nil>
360	2967	139	3106	<nil>
360	2963	138	3101	<nil>
360	2957	160	3117	<nil>
360	2964	139	3103	<nil>
360	1501	138	1639	<nil>
360	2967	138	3105	<nil>
360	5343	155	5498	<nil>
360	2969	185	3154	<nil>
360	2964	187	3151	<nil>
360	10546	187	10733	<nil>
360	1526	188	1714	<nil>
360	1509	187	1696	<nil>
360	1507	188	1695	<nil>
360	1509	208	1717	<nil>
360	141	147	288	<nil>
360	3036	138	3174	<nil>
360	3884	164	4048	<nil>
360	2984	153	3137	<nil>
360	3022	153	3175	<nil>
360	3003	178	3181	<nil>
360	3902	147	4049	<nil>
360	5165	145	5310	<nil>
360	3028	147	3175	<nil>
360	3030	146	3176	<nil>
360	2357	155	2512	<nil>
360	3000	175	3175	<nil>
360	3903	146	4049	<nil>
360	2998	175	3173	<nil>
360	2968	170	3138	<nil>
360	189	114	303	<nil>
360	190	90	280	<nil>
360	171	110	281	<nil>
360	191	113	304	<nil>
360	332	155	487	<nil>
360	199	96	295	<nil>
360	202	100	302	<nil>
360	9274	94	9368	<nil>
360	107	185	292	<nil>
360	174	117	291	<nil>
360	164	136	300	<nil>
360	354	159	513	<nil>
360	121	58	179	<nil>
360	397	128	525	<nil>
360	2319	67	2386	<nil>
360	5191	170	5361	<nil>
360	192	101	293	<nil>
360	346	158	504	<nil>
360	170	117	287	<nil>
360	133	94	227	<nil>
360	96	101	197	<nil>
360	141	160	301	<nil>
360	96	99	195	<nil>
360	2354	56	2410	<nil>
360	149	160	309	<nil>
360	125	173	298	<nil>
360	117	101	218	<nil>
360	2351	103	2454	<nil>
360	264	58	322	<nil>
360	119	662	781	<nil>
360	455	661	1116	<nil>
360	5233	706	5939	<nil>
360	132	660	792	<nil>
360	120	660	780	<nil>
360	107	707	814	<nil>
360	76	660	736	<nil>
360	450	660	1110	<nil>
360	80	660	740	<nil>
360	443	662	1105	<nil>
360	111	660	771	<nil>
360	493	635	1128	<nil>
360	501	634	1135	<nil>
360	494	652	1146	<nil>
360	5156	644	5800	<nil>
360	195	644	839	<nil>
360	516	660	1176	<nil>
360	97	654	751	<nil>
360	189	650	839	<nil>
360	170	647	817	<nil>
360	2377	660	3037	<nil>
360	71	654	725	<nil>
360	1155	40	1195	<nil>
360	960	36	996	<nil>
360	5574	662	6236	<nil>
360	980	7	987	<nil>
360	97	662	759	<nil>
360	204	652	856	<nil>
360	514	662	1176	<nil>
360	5065	659	5724	<nil>
360	501	646	1147	<nil>
360	190	648	838	<nil>
360	237	656	893	<nil>
360	406	661	1067	<nil>
360	99	655	754	<nil>
360	5269	655	5924	<nil>
360	493	660	1153	<nil>
360	515	661	1176	<nil>
360	181	647	828	<nil>
360	501	649	1150	<nil>
360	98	666	764	<nil>
360	1171	15	1186	<nil>
360	5479	663	6142	<nil>
360	194	644	838	<nil>
360	202	664	866	<nil>
360	283	660	943	<nil>
360	1144	33	1177	<nil>
360	1160	34	1194	<nil>
360	1152	31	1183	<nil>
360	962	30	992	<nil>
360	1162	34	1196	<nil>
360	192	646	838	<nil>
360	94	665	759	<nil>
360	964	31	995	<nil>
360	1149	31	1180	<nil>
360	954	30	984	<nil>
360	1148	31	1179	<nil>
360	1150	31	1181	<nil>
360	1140	37	1177	<nil>
360	1166	41	1207	<nil>
360	1164	37	1201	<nil>
360	1165	38	1203	<nil>
360	953	32	985	<nil>
360	1151	42	1193	<nil>
360	989	9	998	<nil>
360	1159	43	1202	<nil>
360	1072	35	1107	<nil>
360	508	660	1168	<nil>
360	1106	77	1183	<nil>
360	970	6	976	<nil>
360	965	12	977	<nil>
360	1178	11	1189	<nil>
360	1149	35	1184	<nil>
360	1132	42	1174	<nil>
360	1198	16	1214	<nil>
360	1205	11	1216	<nil>
360	809	12	821	<nil>
360	990	14	1004	<nil>
360	783	9	792	<nil>
360	763	11	774	<nil>
360	784	17	801	<nil>
360	967	18	985	<nil>
360	985	9	994	<nil>
360	754	18	772	<nil>
360	792	11	803	<nil>
360	776	48	824	<nil>
360	1206	50	1256	<nil>
360	757	51	808	<nil>
360	1203	50	1253	<nil>
360	1203	17	1220	<nil>
360	1189	51	1240	<nil>
360	988	60	1048	<nil>
360	1174	61	1235	<nil>
360	1182	48	1230	<nil>
360	6008	61	6069	<nil>
360	794	45	839	<nil>
360	1089	49	1138	<nil>
360	991	48	1039	<nil>
360	978	48	1026	<nil>
360	979	50	1029	<nil>
360	978	51	1029	<nil>
360	1197	62	1259	<nil>
360	1177	100	1277	<nil>
360	975	128	1103	<nil>
360	813	124	937	<nil>
360	815	147	962	<nil>
360	1206	142	1348	<nil>
360	1005	139	1144	<nil>
360	824	140	964	<nil>
360	750	234	984	<nil>
360	736	226	962	<nil>
360	2663	232	2895	<nil>
360	2667	222	2889	<nil>
360	732	230	962	<nil>
360	735	231	966	<nil>
360	739	226	965	<nil>
360	2661	229	2890	<nil>
360	2418	235	2653	<nil>
360	2416	238	2654	<nil>
360	2417	238	2655	<nil>
360	2422	236	2658	<nil>
360	2433	237	2670	<nil>
360	2426	229	2655	<nil>
360	2457	229	2686	<nil>
360	2450	237	2687	<nil>
360	2417	238	2655	<nil>
360	2431	224	2655	<nil>
360	2454	238	2692	<nil>
360	797	233	1030	<nil>
360	2425	233	2658	<nil>
360	2446	286	2732	<nil>
360	2455	298	2753	<nil>
360	2418	299	2717	<nil>
360	2497	297	2794	<nil>
360	95	303	398	<nil>
360	2489	267	2756	<nil>
360	2430	287	2717	<nil>
360	2454	296	2750	<nil>
360	2419	297	2716	<nil>
360	28890	295	29185	<nil>
360	2426	297	2723	<nil>
360	2424	347	2771	<nil>
360	2452	298	2750	<nil>
360	687	346	1033	<nil>
360	3277	295	3572	<nil>
360	75	295	370	<nil>
360	70	297	367	<nil>
360	2458	349	2807	<nil>
360	84	298	382	<nil>
360	2434	348	2782	<nil>
360	3112	303	3415	<nil>
360	2463	343	2806	<nil>
360	2459	348	2807	<nil>
360	2421	343	2764	<nil>
360	2446	348	2794	<nil>
360	2449	352	2801	<nil>
360	910	129	1039	<nil>
360	2480	312	2792	<nil>
360	6267	129	6396	<nil>
360	1915	134	2049	<nil>
360	2429	349	2778	<nil>
360	922	172	1094	<nil>
360	979	116	1095	<nil>
360	231	134	365	<nil>
360	917	170	1087	<nil>
360	3459	117	3576	<nil>
360	1970	122	2092	<nil>
360	1921	169	2090	<nil>
360	976	107	1083	<nil>
360	1974	116	2090	<nil>
360	1977	116	2093	<nil>
360	966	123	1089	<nil>
360	972	108	1080	<nil>
360	996	91	1087	<nil>
360	1974	118	2092	<nil>
360	1002	111	1113	<nil>
360	977	124	1101	<nil>
360	965	118	1083	<nil>
360	1919	173	2092	<nil>
360	404	117	521	<nil>
360	1982	110	2092	<nil>
360	997	111	1108	<nil>
360	6317	123	6440	<nil>
360	1976	117	2093	<nil>
360	1003	115	1118	<nil>
360	980	106	1086	<nil>
360	962	116	1078	<nil>
360	988	107	1095	<nil>
360	1022	75	1097	<nil>
360	987	109	1096	<nil>
360	1022	77	1099	<nil>
360	912	171	1083	<nil>
360	986	117	1103	<nil>
360	985	123	1108	<nil>
360	1981	120	2101	<nil>
360	1005	106	1111	<nil>
360	1981	158	2139	<nil>
360	978	190	1168	<nil>
360	1006	193	1199	<nil>
360	1981	195	2176	<nil>
360	315	196	511	<nil>
360	1980	200	2180	<nil>
360	978	198	1176	<nil>
360	436	133	569	<nil>
360	437	133	570	<nil>
360	356	132	488	<nil>
360	325	163	488	<nil>
360	3578	140	3718	<nil>
360	999	202	1201	<nil>
360	294	195	489	<nil>
360	303	199	502	<nil>
360	436	137	573	<nil>
360	356	132	488	<nil>
360	316	198	514	<nil>
360	282	198	480	<nil>
360	479	93	572	<nil>
360	437	138	575	<nil>
360	3628	95	3723	<nil>
360	437	138	575	<nil>
360	1458	134	1592	<nil>
360	299	195	494	<nil>
360	437	138	575	<nil>
360	1447	167	1614	<nil>
360	436	168	604	<nil>
360	347	176	523	<nil>
360	355	169	524	<nil>
360	341	176	517	<nil>
360	355	169	524	<nil>
360	341	227	568	<nil>
360	395	176	571	<nil>
360	442	125	567	<nil>
360	437	216	653	<nil>
360	350	216	566	<nil>
360	446	125	571	<nil>
360	354	215	569	<nil>
360	363	204	567	<nil>
360	352	216	568	<nil>
360	390	177	567	<nil>
360	356	219	575	<nil>
360	399	177	576	<nil>
360	413	174	587	<nil>
360	410	128	538	<nil>
360	3572	179	3751	<nil>
360	402	186	588	<nil>
360	449	129	578	<nil>
360	398	178	576	<nil>
360	351	221	572	<nil>
360	395	179	574	<nil>
360	373	193	566	<nil>
360	3560	220	3780	<nil>
360	348	179	527	<nil>
360	393	197	590	<nil>
360	397	198	595	<nil>
360	352	186	538	<nil>
360	362	198	560	<nil>
360	210	133	343	<nil>
360	426	159	585	<nil>
360	161	185	346	<nil>
360	238	205	443	<nil>
360	515	100	615	<nil>
360	392	224	616	<nil>
360	16744	48	16792	<nil>
360	387	175	562	<nil>
360	283	147	430	<nil>
360	379	183	562	<nil>
360	517	99	616	<nil>
360	378	184	562	<nil>
360	112	176	288	<nil>
360	235	158	393	<nil>
360	53	128	181	<nil>
360	3602	195	3797	<nil>
360	515	101	616	<nil>
360	372	23	395	<nil>
360	54	129	183	<nil>
360	406	168	574	<nil>
360	173	36	209	<nil>
360	408	176	584	<nil>
360	514	99	613	<nil>
360	395	219	614	<nil>
360	394	169	563	<nil>
360	522	100	622	<nil>
360	372	176	548	<nil>
360	138	139	277	<nil>
360	56	128	184	<nil>
360	2912	169	3081	<nil>
360	517	99	616	<nil>
360	390	224	614	<nil>
360	1284	155	1439	<nil>
360	256	142	398	<nil>
360	9359	49	9408	<nil>
360	154	190	344	<nil>
360	101	176	277	<nil>
360	98	193	291	<nil>
360	143	135	278	<nil>
360	515	99	614	<nil>
360	54	129	183	<nil>
360	1169	191	1360	<nil>
360	53	129	182	<nil>
360	9376	209	9585	<nil>
360	9231	176	9407	<nil>
360	516	100	616	<nil>
360	160	184	344	<nil>
360	9070	28	9098	<nil>
360	409	176	585	<nil>
360	99	137	236	<nil>
360	239	25	264	<nil>
360	517	100	617	<nil>
360	433	183	616	<nil>
360	57	129	186	<nil>
360	89	135	224	<nil>
360	135	143	278	<nil>
360	416	170	586	<nil>
360	401	184	585	<nil>
360	145	185	330	<nil>
360	53	129	182	<nil>
360	53	128	181	<nil>
360	394	223	617	<nil>
360	54	130	184	<nil>
360	411	212	623	<nil>
360	3148	170	3318	<nil>
360	399	220	619	<nil>
360	403	209	612	<nil>
360	115	135	250	<nil>
360	120	129	249	<nil>
360	282	161	443	<nil>
360	441	177	618	<nil>
360	10738	179	10917	<nil>
360	405	212	617	<nil>
360	447	171	618	<nil>
360	390	200	590	<nil>
360	8553	206	8759	<nil>
360	253	158	411	<nil>
360	401	201	602	<nil>
360	138	139	277	<nil>
360	409	177	586	<nil>
360	390	225	615	<nil>
360	229	60	289	<nil>
360	163	63	226	<nil>
360	419	66	485	<nil>
360	97	75	172	<nil>
360	242	48	290	<nil>
360	165	63	228	<nil>
360	101	69	170	<nil>
360	102	69	171	<nil>
360	3753	52	3805	<nil>
360	3667	72	3739	<nil>
360	365	69	434	<nil>
360	620	39	659	<nil>
360	69	72	141	<nil>
360	110	48	158	<nil>
360	70	72	142	<nil>
360	10964	40	11004	<nil>
360	224	71	295	<nil>
360	188	66	254	<nil>
360	230	64	294	<nil>
360	189	66	255	<nil>
360	5073	74	5147	<nil>
360	3859	66	3925	<nil>
360	250	76	326	<nil>
360	578	66	644	<nil>
360	181	67	248	<nil>
360	400	67	467	<nil>
360	230	93	323	<nil>
360	258	66	324	<nil>
360	189	66	255	<nil>
360	359	90	449	<nil>
360	189	91	280	<nil>
360	193	90	283	<nil>
360	579	91	670	<nil>
360	256	92	348	<nil>
360	593	90	683	<nil>
360	190	91	281	<nil>
360	593	93	686	<nil>
360	202	93	295	<nil>
360	361	144	505	<nil>
360	552	92	644	<nil>
360	100	97	197	<nil>
360	293	109	402	<nil>
360	590	142	732	<nil>
360	190	89	279	<nil>
360	351	90	441	<nil>
360	5094	142	5236	<nil>
360	490	112	602	<nil>
360	113	144	257	<nil>
360	257	112	369	<nil>
360	189	112	301	<nil>
360	257	111	368	<nil>
360	352	112	464	<nil>
360	148	104	252	<nil>
360	148	103	251	<nil>
360	190	111	301	<nil>
360	287	110	397	<nil>
360	5083	112	5195	<nil>
360	395	158	553	<nil>
360	223	190	413	<nil>
360	153	104	257	<nil>
360	144	104	248	<nil>
360	148	145	293	<nil>
360	191	111	302	<nil>
360	591	142	733	<nil>
360	142	148	290	<nil>
360	225	187	412	<nil>
360	152	147	299	<nil>
360	143	147	290	<nil>
360	142	105	247	<nil>
360	145	147	292	<nil>
360	200	145	345	<nil>
360	257	93	350	<nil>
360	143	147	290	<nil>
360	356	142	498	<nil>
360	267	143	410	<nil>
360	567	142	709	<nil>
360	297	146	443	<nil>
360	190	112	302	<nil>
360	116	141	257	<nil>
360	156	146	302	<nil>
360	1108	0	1108	rpc error: code = Unavailable desc = transport is closing
360	1109	0	1109	rpc error: code = Unavailable desc = transport is closing
360	1109	0	1109	rpc error: code = Unavailable desc = transport is closing
360	1108	0	1108	rpc error: code = Unavailable desc = transport is closing
360	1028	0	1028	rpc error: code = Unavailable desc = transport is closing
360	1033	0	1033	rpc error: code = Unavailable desc = transport is closing
360	1021	0	1021	rpc error: code = Unavailable desc = transport is closing
360	1109	0	1109	rpc error: code = Unavailable desc = transport is closing
360	1024	0	1024	rpc error: code = Unavailable desc = transport is closing
360	1109	0	1109	rpc error: code = Unavailable desc = transport is closing
360	1107	0	1107	rpc error: code = Unavailable desc = transport is closing
360	1107	0	1107	rpc error: code = Unavailable desc = transport is closing
360	1016	0	1016	rpc error: code = Unavailable desc = transport is closing
360	1051	0	1051	rpc error: code = Unavailable desc = transport is closing
360	1081	0	1081	rpc error: code = Unavailable desc = transport is closing
360	1029	0	1029	rpc error: code = Unavailable desc = transport is closing
360	1014	0	1014	rpc error: code = Unavailable desc = transport is closing
360	10547	0	10547	rpc error: code = Unavailable desc = transport is closing
360	1017	0	1017	rpc error: code = Unavailable desc = transport is closing
360	1028	0	1028	rpc error: code = Unavailable desc = transport is closing
360	1012	0	1012	rpc error: code = Unavailable desc = transport is closing
360	1078	0	1078	rpc error: code = Unavailable desc = transport is closing
360	1048	0	1048	rpc error: code = Unavailable desc = transport is closing
360	5548	0	5548	rpc error: code = Unavailable desc = transport is closing
360	1030	0	1030	rpc error: code = Unavailable desc = transport is closing
360	1017	0	1017	rpc error: code = Unavailable desc = transport is closing
360	1021	0	1021	rpc error: code = Unavailable desc = transport is closing
360	1021	0	1021	rpc error: code = Unavailable desc = transport is closing
360	925	20	945	<nil>
360	1787	20	1807	<nil>
360	906	0	906	rpc error: code = Unavailable desc = transport is closing
360	1074	0	1074	rpc error: code = Unavailable desc = transport is closing
360	1014	0	1014	rpc error: code = Unavailable desc = transport is closing
360	1007	0	1007	rpc error: code = Unavailable desc = transport is closing
360	1014	0	1014	rpc error: code = Unavailable desc = transport is closing
360	1037	13	1050	<nil>
360	1042	9	1051	<nil>
360	1030	0	1030	rpc error: code = Unavailable desc = transport is closing
360	1028	0	1028	rpc error: code = Unavailable desc = transport is closing
360	1071	0	1071	rpc error: code = Unavailable desc = transport is closing
360	1058	0	1058	rpc error: code = Unavailable desc = transport is closing
360	1058	0	1058	rpc error: code = Unavailable desc = transport is closing
360	1011	0	1011	rpc error: code = Unavailable desc = transport is closing
360	963	0	963	rpc error: code = Unavailable desc = transport is closing
360	1021	0	1021	rpc error: code = Unavailable desc = transport is closing
360	1011	0	1011	rpc error: code = Unavailable desc = transport is closing
360	1056	0	1056	rpc error: code = Unavailable desc = transport is closing
360	1059	0	1059	rpc error: code = Unavailable desc = transport is closing
360	1022	0	1022	rpc error: code = Unavailable desc = transport is closing
360	1023	0	1023	rpc error: code = Unavailable desc = transport is closing
360	1017	0	1017	rpc error: code = Unavailable desc = transport is closing
360	1013	0	1013	rpc error: code = Unavailable desc = transport is closing
360	1017	0	1017	rpc error: code = Unavailable desc = transport is closing
360	1019	0	1019	rpc error: code = Unavailable desc = transport is closing
360	1033	0	1033	rpc error: code = Unavailable desc = transport is closing
360	850	21	871	<nil>
360	861	20	881	<nil>
360	1015	0	1015	rpc error: code = Unavailable desc = transport is closing
360	1013	0	1013	rpc error: code = Unavailable desc = transport is closing
360	1013	0	1013	rpc error: code = Unavailable desc = transport is closing
360	1033	0	1033	rpc error: code = Unavailable desc = transport is closing
360	4738	19	4757	<nil>
360	1050	0	1050	rpc error: code = Unavailable desc = transport is closing
360	1007	0	1007	rpc error: code = Unavailable desc = transport is closing
360	1026	0	1026	rpc error: code = Unavailable desc = transport is closing
360	1049	0	1049	rpc error: code = Unavailable desc = transport is closing
360	1011	0	1011	rpc error: code = Unavailable desc = transport is closing
360	922	19	941	<nil>
360	1018	0	1018	rpc error: code = Unavailable desc = transport is closing
360	1041	0	1041	rpc error: code = Unavailable desc = transport is closing
360	1080	0	1080	rpc error: code = Unavailable desc = transport is closing
360	1057	0	1057	rpc error: code = Unavailable desc = transport is closing
360	1015	0	1015	rpc error: code = Unavailable desc = transport is closing
360	1014	0	1014	rpc error: code = Unavailable desc = transport is closing
360	1007	0	1007	rpc error: code = Unavailable desc = transport is closing
360	1007	0	1007	rpc error: code = Unavailable desc = transport is closing
360	1017	0	1017	rpc error: code = Unavailable desc = transport is closing
360	1017	0	1017	rpc error: code = Unavailable desc = transport is closing
360	4737	17	4754	<nil>
360	1017	0	1017	rpc error: code = Unavailable desc = transport is closing
360	854	20	874	<nil>
360	1039	0	1039	rpc error: code = Unavailable desc = transport is closing
360	934	0	934	rpc error: code = Unavailable desc = transport is closing
360	1023	0	1023	rpc error: code = Unavailable desc = transport is closing
360	1013	0	1013	rpc error: code = Unavailable desc = transport is closing
360	918	20	938	<nil>
360	1023	20	1043	<nil>
360	1022	20	1042	<nil>
360	850	20	870	<nil>
360	922	19	941	<nil>
360	917	21	938	<nil>
360	850	19	869	<nil>
360	944	19	963	<nil>
360	15769	20	15789	<nil>
360	923	20	943	<nil>
360	1023	19	1042	<nil>
360	1023	19	1042	<nil>
360	1067	0	1067	rpc error: code = Unavailable desc = transport is closing
360	1024	20	1044	<nil>
360	982	0	982	rpc error: code = Unavailable desc = transport is closing
360	1023	24	1047	<nil>
360	943	25	968	<nil>
360	1025	24	1049	<nil>
360	1024	25	1049	<nil>
360	959	9	968	<nil>
360	944	25	969	<nil>
360	1024	25	1049	<nil>
360	922	25	947	<nil>
360	880	25	905	<nil>
360	1024	26	1050	<nil>
360	1024	25	1049	<nil>
360	1023	26	1049	<nil>
360	1018	0	1018	rpc error: code = Unavailable desc = transport is closing
360	836	25	861	<nil>
360	1025	25	1050	<nil>
360	1012	0	1012	rpc error: code = Unavailable desc = transport is closing
360	1024	25	1049	<nil>
360	848	27	875	<nil>
360	1044	6	1050	<nil>
360	1205	15	1220	<nil>
360	863	26	889	<nil>
360	1010	0	1010	rpc error: code = Unavailable desc = transport is closing
360	866	9	875	<nil>
360	1806	8	1814	<nil>
360	1023	27	1050	<nil>
360	1015	0	1015	rpc error: code = Unavailable desc = transport is closing
360	1026	0	1026	rpc error: code = Unavailable desc = transport is closing
360	1014	0	1014	rpc error: code = Unavailable desc = transport is closing
360	1012	0	1012	rpc error: code = Unavailable desc = transport is closing
360	1806	10	1816	<nil>
360	1242	36	1278	<nil>
360	1805	35	1840	<nil>
360	5952	44	5996	<nil>
360	961	38	999	<nil>
360	960	39	999	<nil>
360	864	45	909	<nil>
360	877	32	909	<nil>
360	859	42	901	<nil>
360	1800	47	1847	<nil>
360	1810	38	1848	<nil>
360	1810	38	1848	<nil>
360	1042	42	1084	<nil>
360	855	208	1063	<nil>
360	1405	205	1610	<nil>
360	1762	206	1968	<nil>
360	853	225	1078	<nil>
360	57	189	246	<nil>
360	862	226	1088	<nil>
360	66	181	247	<nil>
360	858	240	1098	<nil>
360	52	193	245	<nil>
360	44	189	233	<nil>
360	149	78	227	<nil>
360	193	32	225	<nil>
360	194	43	237	<nil>
360	228	21	249	<nil>
360	222	18	240	<nil>
360	226	22	248	<nil>
360	217	23	240	<nil>
360	4318	39	4357	<nil>
360	227	21	248	<nil>
360	197	45	242	<nil>
360	4355	38	4393	<nil>
360	4318	40	4358	<nil>
360	229	19	248	<nil>
360	229	18	247	<nil>
360	4332	39	4371	<nil>
360	244	7	251	<nil>
360	201	47	248	<nil>
360	4339	32	4371	<nil>
360	220	19	239	<nil>
360	4343	35	4378	<nil>
360	201	47	248	<nil>
360	195	47	242	<nil>
360	203	46	249	<nil>
360	228	20	248	<nil>
360	230	18	248	<nil>
360	226	9	235	<nil>
360	239	9	248	<nil>
360	238	8	246	<nil>
360	240	8	248	<nil>
360	238	8	246	<nil>
360	242	9	251	<nil>
360	241	9	250	<nil>
360	242	9	251	<nil>
360	251	11	262	<nil>
360	230	10	240	<nil>
360	196	47	243	<nil>
360	232	9	241	<nil>
360	228	24	252	<nil>
360	240	47	287	<nil>
360	223	73	296	<nil>
360	224	86	310	<nil>
360	225	88	313	<nil>
360	190	90	280	<nil>
360	232	91	323	<nil>
360	224	92	316	<nil>
360	225	98	323	<nil>
360	225	89	314	<nil>
360	235	97	332	<nil>
360	232	97	329	<nil>
360	236	97	333	<nil>
360	247	97	344	<nil>
360	232	98	330	<nil>
360	233	98	331	<nil>
360	248	98	346	<nil>
360	208	98	306	<nil>
360	234	96	330	<nil>
360	245	106	351	<nil>
360	245	105	350	<nil>
360	198	102	300	<nil>
360	234	103	337	<nil>
360	233	104	337	<nil>
360	247	102	349	<nil>
360	245	105	350	<nil>
360	248	102	350	<nil>
360	230	106	336	<nil>
360	1120	104	1224	<nil>
360	245	106	351	<nil>
360	249	102	351	<nil>
360	186	104	290	<nil>
360	250	101	351	<nil>
360	234	106	340	<nil>
360	226	111	337	<nil>
360	1118	104	1222	<nil>
360	231	107	338	<nil>
360	1119	104	1223	<nil>
360	247	105	352	<nil>
360	232	109	341	<nil>
360	2682	108	2790	<nil>
360	237	105	342	<nil>
360	233	107	340	<nil>
360	247	108	355	<nil>
360	234	107	341	<nil>
360	200	105	305	<nil>
360	225	117	342	<nil>
360	244	111	355	<nil>
360	247	119	366	<nil>
360	246	119	365	<nil>
360	247	188	435	<nil>
360	1115	191	1306	<nil>
360	245	190	435	<nil>
360	59	182	241	<nil>
360	76	183	259	<nil>
360	80	182	262	<nil>
360	32	203	235	<nil>
360	45	203	248	<nil>
360	34	193	227	<nil>
360	100	140	240	<nil>
360	53	189	242	<nil>
360	84	140	224	<nil>
360	94	146	240	<nil>
360	89	123	212	<nil>
360	52	187	239	<nil>
360	80	137	217	<nil>
360	74	139	213	<nil>
360	95	119	214	<nil>
360	56	184	240	<nil>
360	89	125	214	<nil>
360	82	141	223	<nil>
360	114	99	213	<nil>
360	89	111	200	<nil>
360	89	128	217	<nil>
360	91	115	206	<nil>
360	104	113	217	<nil>
360	100	117	217	<nil>
360	335	115	450	<nil>
360	102	115	217	<nil>
360	300	115	415	<nil>
360	2817	109	2926	<nil>
360	139	86	225	<nil>
360	96	108	204	<nil>
360	104	115	219	<nil>
360	110	115	225	<nil>
360	153	55	208	<nil>
360	93	115	208	<nil>
360	116	108	224	<nil>
360	111	115	226	<nil>
360	88	148	236	<nil>
360	103	152	255	<nil>
360	94	155	249	<nil>
360	95	190	285	<nil>
360	110	190	300	<nil>
360	88	205	293	<nil>
360	89	216	305	<nil>
360	96	209	305	<nil>
360	95	211	306	<nil>
360	82	217	299	<nil>
360	101	154	255	<nil>
360	95	212	307	<nil>
360	109	197	306	<nil>
360	103	123	226	<nil>
360	127	97	224	<nil>
360	102	142	244	<nil>
360	142	82	224	<nil>
360	123	102	225	<nil>
360	103	126	229	<nil>
360	160	65	225	<nil>
360	104	126	230	<nil>
360	125	115	240	<nil>
360	126	113	239	<nil>
360	98	149	247	<nil>
360	4826	155	4981	<nil>
360	127	101	228	<nil>
360	105	135	240	<nil>
360	58	209	267	<nil>
360	88	174	262	<nil>
360	122	117	239	<nil>
360	126	114	240	<nil>
360	128	112	240	<nil>
360	159	81	240	<nil>
360	119	115	234	<nil>
360	92	165	257	<nil>
360	123	105	228	<nil>
360	125	113	238	<nil>
360	124	123	247	<nil>
360	127	112	239	<nil>
360	125	114	239	<nil>
360	119	121	240	<nil>
360	160	75	235	<nil>
360	143	97	240	<nil>
360	122	129	251	<nil>
360	128	124	252	<nil>
360	133	98	231	<nil>
360	127	122	249	<nil>
360	121	127	248	<nil>
360	124	126	250	<nil>
360	142	107	249	<nil>
360	124	124	248	<nil>
360	143	89	232	<nil>
360	127	124	251	<nil>
360	127	126	253	<nil>
360	126	126	252	<nil>
360	127	125	252	<nil>
360	158	92	250	<nil>
360	124	127	251	<nil>
360	96	233	329	<nil>
360	103	141	244	<nil>
360	159	91	250	<nil>
360	111	87	198	<nil>
360	80	98	178	<nil>
360	125	83	208	<nil>
360	41	139	180	<nil>
360	104	55	159	<nil>
360	117	42	159	<nil>
360	82	99	181	<nil>
360	104	55	159	<nil>
360	123	38	161	<nil>
360	107	38	145	<nil>
360	102	41	143	<nil>
360	106	39	145	<nil>
360	105	39	144	<nil>
360	108	40	148	<nil>
360	105	40	145	<nil>
360	143	12	155	<nil>
360	134	12	146	<nil>
360	132	14	146	<nil>
360	133	14	147	<nil>
360	137	15	152	<nil>
360	137	15	152	<nil>
360	138	15	153	<nil>
360	135	18	153	<nil>
360	136	17	153	<nil>
360	137	18	155	<nil>
360	140	11	151	<nil>
360	133	18	151	<nil>
360	136	18	154	<nil>
360	146	9	155	<nil>
360	128	11	139	<nil>
360	121	19	140	<nil>
360	119	22	141	<nil>
360	117	23	140	<nil>
360	113	13	126	<nil>
360	136	22	158	<nil>
360	134	23	157	<nil>
360	120	84	204	<nil>
360	17828	75	17903	<nil>
360	37	79	116	<nil>
360	120	84	204	<nil>
360	69	86	155	<nil>
360	125	85	210	<nil>
360	72	85	157	<nil>
360	43	96	139	<nil>
360	26	101	127	<nil>
360	42	103	145	<nil>
360	122	84	206	<nil>
360	36	97	133	<nil>
360	5532	103	5635	<nil>
360	34	121	155	<nil>
360	33	145	178	<nil>
360	36	141	177	<nil>
380	502	20	522	<nil>
380	516	16	532	<nil>
380	517	13	530	<nil>
380	516	14	530	<nil>
380	511	21	532	<nil>
380	516	14	530	<nil>
380	514	15	529	<nil>
380	5610	16	5626	<nil>
380	515	16	531	<nil>
380	509	23	532	<nil>
380	500	17	517	<nil>
380	516	16	532	<nil>
380	518	17	535	<nil>
380	515	15	530	<nil>
380	508	23	531	<nil>
380	500	14	514	<nil>
380	498	17	515	<nil>
380	516	15	531	<nil>
380	493	22	515	<nil>
380	504	15	519	<nil>
380	505	15	520	<nil>
380	516	17	533	<nil>
380	514	18	532	<nil>
380	509	24	533	<nil>
380	499	21	520	<nil>
380	508	16	524	<nil>
380	517	15	532	<nil>
380	502	25	527	<nil>
380	485	18	503	<nil>
380	518	14	532	<nil>
380	508	17	525	<nil>
380	502	5	507	<nil>
380	516	5	521	<nil>
380	522	6	528	<nil>
380	499	16	515	<nil>
380	504	7	511	<nil>
380	530	9	539	<nil>
380	506	7	513	<nil>
380	5900	9	5909	<nil>
380	515	10	525	<nil>
380	517	8	525	<nil>
380	378	10	388	<nil>
380	510	7	517	<nil>
380	518	8	526	<nil>
380	517	9	526	<nil>
380	530	8	538	<nil>
380	519	8	527	<nil>
380	512	8	520	<nil>
380	507	31	538	<nil>
380	512	79	591	<nil>
380	515	73	588	<nil>
380	514	72	586	<nil>
380	517	72	589	<nil>
380	525	72	597	<nil>
380	509	75	584	<nil>
380	345	75	420	<nil>
380	523	74	597	<nil>
380	517	74	591	<nil>
380	506	79	585	<nil>
380	371	71	442	<nil>
380	509	73	582	<nil>
380	366	77	443	<nil>
380	515	74	589	<nil>
380	521	75	596	<nil>
380	505	78	583	<nil>
380	380	71	451	<nil>
380	511	75	586	<nil>
380	367	74	441	<nil>
380	518	74	592	<nil>
380	514	108	622	<nil>
380	372	118	490	<nil>
380	513	119	632	<nil>
380	532	118	650	<nil>
380	524	118	642	<nil>
380	6063	116	6179	<nil>
380	526	121	647	<nil>
380	503	129	632	<nil>
380	513	127	640	<nil>
380	508	119	627	<nil>
380	513	117	630	<nil>
380	369	124	493	<nil>
380	505	125	630	<nil>
380	305	132	437	<nil>
380	522	124	646	<nil>
380	509	128	637	<nil>
380	514	124	638	<nil>
380	360	131	491	<nil>
380	82	49	131	<nil>
380	340	131	471	<nil>
380	534	126	660	<nil>
380	510	131	641	<nil>
380	111	18	129	<nil>
380	112	17	129	<nil>
380	119	17	136	<nil>
380	508	130	638	<nil>
380	343	136	479	<nil>
380	112	23	135	<nil>
380	514	131	645	<nil>
380	120	45	165	<nil>
380	109	72	181	<nil>
380	119	78	197	<nil>
380	119	79	198	<nil>
380	146	66	212	<nil>
380	120	84	204	<nil>
380	117	84	201	<nil>
380	120	76	196	<nil>
380	142	64	206	<nil>
380	143	71	214	<nil>
380	127	85	212	<nil>
380	137	69	206	<nil>
380	141	65	206	<nil>
380	143	65	208	<nil>
380	135	72	207	<nil>
380	142	65	207	<nil>
380	135	72	207	<nil>
380	134	73	207	<nil>
380	131	69	200	<nil>
380	145	62	207	<nil>
380	142	65	207	<nil>
380	133	77	210	<nil>
380	134	83	217	<nil>
380	138	71	209	<nil>
380	133	89	222	<nil>
380	126	90	216	<nil>
380	134	89	223	<nil>
380	133	90	223	<nil>
380	137	86	223	<nil>
380	135	89	224	<nil>
380	137	86	223	<nil>
380	134	89	223	<nil>
380	137	86	223	<nil>
380	133	95	228	<nil>
380	128	100	228	<nil>
380	146	135	281	<nil>
380	2836	133	2969	<nil>
380	134	134	268	<nil>
380	2698	143	2841	<nil>
380	25557	167	25724	<nil>
380	129	165	294	<nil>
380	99	131	230	<nil>
380	180	115	295	<nil>
380	115	118	233	<nil>
380	114	119	233	<nil>
380	2566	136	2702	<nil>
380	127	126	253	<nil>
380	97	136	233	<nil>
380	128	174	302	<nil>
380	114	121	235	<nil>
380	97	138	235	<nil>
380	114	122	236	<nil>
380	97	138	235	<nil>
380	97	137	234	<nil>
380	115	120	235	<nil>
380	115	124	239	<nil>
380	97	141	238	<nil>
380	113	126	239	<nil>
380	2584	132	2716	<nil>
380	83	155	238	<nil>
380	97	142	239	<nil>
380	114	126	240	<nil>
380	83	155	238	<nil>
380	97	151	248	<nil>
380	2598	125	2723	<nil>
380	79	138	217	<nil>
380	92	124	216	<nil>
380	86	138	224	<nil>
380	1073	138	1211	<nil>
380	76	172	248	<nil>
380	146	110	256	<nil>
380	100	157	257	<nil>
380	98	157	255	<nil>
380	104	156	260	<nil>
380	105	156	261	<nil>
380	98	157	255	<nil>
380	99	157	256	<nil>
380	88	162	250	<nil>
380	121	143	264	<nil>
380	107	138	245	<nil>
380	88	184	272	<nil>
380	98	175	273	<nil>
380	98	197	295	<nil>
380	133	162	295	<nil>
380	3023	197	3220	<nil>
380	93	197	290	<nil>
380	105	205	310	<nil>
380	95	206	301	<nil>
380	29	214	243	<nil>
380	92	202	294	<nil>
380	102	202	304	<nil>
380	2622	201	2823	<nil>
380	120	170	290	<nil>
380	95	207	302	<nil>
380	35	211	246	<nil>
380	89	202	291	<nil>
380	3059	168	3227	<nil>
380	79	168	247	<nil>
380	80	175	255	<nil>
380	80	199	279	<nil>
380	95	184	279	<nil>
380	104	177	281	<nil>
380	96	185	281	<nil>
380	80	189	269	<nil>
380	94	184	278	<nil>
380	95	185	280	<nil>
380	93	185	278	<nil>
380	138	145	283	<nil>
380	90	196	286	<nil>
380	92	197	289	<nil>
380	98	176	274	<nil>
380	118	174	292	<nil>
380	78	180	258	<nil>
380	111	177	288	<nil>
380	131	160	291	<nil>
380	98	176	274	<nil>
380	109	175	284	<nil>
380	125	168	293	<nil>
380	94	180	274	<nil>
380	82	168	250	<nil>
380	124	151	275	<nil>
380	95	180	275	<nil>
380	103	174	277	<nil>
380	98	177	275	<nil>
380	94	180	274	<nil>
380	98	177	275	<nil>
380	81	169	250	<nil>
380	125	167	292	<nil>
380	49	173	222	<nil>
380	6258	157	6415	<nil>
380	42	181	223	<nil>
380	41	181	222	<nil>
380	73	131	204	<nil>
380	74	132	206	<nil>
380	76	132	208	<nil>
380	72	133	205	<nil>
380	108	90	198	<nil>
380	102	87	189	<nil>
380	113	87	200	<nil>
380	110	87	197	<nil>
380	112	88	200	<nil>
380	105	94	199	<nil>
380	102	97	199	<nil>
380	108	91	199	<nil>
380	108	95	203	<nil>
380	107	94	201	<nil>
380	112	90	202	<nil>
380	108	96	204	<nil>
380	107	94	201	<nil>
380	3030	94	3124	<nil>
380	113	95	208	<nil>
380	102	92	194	<nil>
380	91	95	186	<nil>
380	96	102	198	<nil>
380	103	97	200	<nil>
380	103	98	201	<nil>
380	2994	98	3092	<nil>
380	103	99	202	<nil>
380	98	101	199	<nil>
380	103	101	204	<nil>
380	2847	76	2923	<nil>
380	80	75	155	<nil>
380	103	44	147	<nil>
380	99	76	175	<nil>
380	62	88	150	<nil>
380	2476	62	2538	<nil>
380	38	90	128	<nil>
380	98	79	177	<nil>
380	64	64	128	<nil>
380	82	48	130	<nil>
380	2861	66	2927	<nil>
380	64	65	129	<nil>
380	81	49	130	<nil>
380	109	66	175	<nil>
380	2502	42	2544	<nil>
380	58	42	100	<nil>
380	59	43	102	<nil>
380	2503	40	2543	<nil>
380	69	37	106	<nil>
380	74	41	115	<nil>
380	2507	38	2545	<nil>
380	67	39	106	<nil>
380	98	34	132	<nil>
380	1069	43	1112	<nil>
380	51	32	83	<nil>
380	97	31	128	<nil>
380	64	32	96	<nil>
380	84	32	116	<nil>
380	96	34	130	<nil>
380	96	33	129	<nil>
380	879	0	879	rpc error: code = Unavailable desc = transport is closing
380	1024	0	1024	rpc error: code = Unavailable desc = transport is closing
380	943	0	943	rpc error: code = Unavailable desc = transport is closing
380	942	0	942	rpc error: code = Unavailable desc = transport is closing
380	1023	0	1023	rpc error: code = Unavailable desc = transport is closing
380	1022	0	1022	rpc error: code = Unavailable desc = transport is closing
380	879	0	879	rpc error: code = Unavailable desc = transport is closing
380	1023	0	1023	rpc error: code = Unavailable desc = transport is closing
380	944	0	944	rpc error: code = Unavailable desc = transport is closing
380	880	0	880	rpc error: code = Unavailable desc = transport is closing
380	1024	0	1024	rpc error: code = Unavailable desc = transport is closing
380	242	16	258	<nil>
380	192	15	207	<nil>
380	883	0	883	rpc error: code = Unavailable desc = transport is closing
380	218	15	233	<nil>
380	2734	15	2749	<nil>
380	224	10	234	<nil>
380	943	0	943	rpc error: code = Unavailable desc = transport is closing
380	1023	0	1023	rpc error: code = Unavailable desc = transport is closing
380	943	0	943	rpc error: code = Unavailable desc = transport is closing
380	922	0	922	rpc error: code = Unavailable desc = transport is closing
380	1024	0	1024	rpc error: code = Unavailable desc = transport is closing
380	239	16	255	<nil>
380	9602	15	9617	<nil>
380	203	9	212	<nil>
380	197	16	213	<nil>
380	186	17	203	<nil>
380	1024	0	1024	rpc error: code = Unavailable desc = transport is closing
380	205	13	218	<nil>
380	202	16	218	<nil>
380	201	9	210	<nil>
380	239	19	258	<nil>
380	1026	0	1026	rpc error: code = Unavailable desc = transport is closing
380	205	9	214	<nil>
380	205	11	216	<nil>
380	221	11	232	<nil>
380	205	15	220	<nil>
380	1063	0	1063	rpc error: code = Unavailable desc = transport is closing
380	231	16	247	<nil>
380	217	15	232	<nil>
380	216	16	232	<nil>
380	2736	19	2755	<nil>
380	206	8	214	<nil>
380	205	15	220	<nil>
380	210	16	226	<nil>
380	259	15	274	<nil>
380	249	11	260	<nil>
380	201	21	222	<nil>
380	3638	17	3655	<nil>
380	239	81	320	<nil>
380	243	81	324	<nil>
380	9645	78	9723	<nil>
380	228	78	306	<nil>
380	246	80	326	<nil>
380	252	86	338	<nil>
380	224	94	318	<nil>
380	260	94	354	<nil>
380	3145	95	3240	<nil>
380	246	0	246	rpc error: code = Unavailable desc = transport is closing
380	225	0	225	rpc error: code = Unavailable desc = transport is closing
380	226	0	226	rpc error: code = Unavailable desc = transport is closing
380	238	0	238	rpc error: code = Unavailable desc = transport is closing
380	226	0	226	rpc error: code = Unavailable desc = transport is closing
380	238	0	238	rpc error: code = Unavailable desc = transport is closing
380	226	0	226	rpc error: code = Unavailable desc = transport is closing
380	243	96	339	<nil>
380	232	0	232	rpc error: code = Unavailable desc = transport is closing
380	2755	107	2862	<nil>
380	228	0	228	rpc error: code = Unavailable desc = transport is closing
380	245	111	356	<nil>
380	229	0	229	rpc error: code = Unavailable desc = transport is closing
380	229	0	229	rpc error: code = Unavailable desc = transport is closing
380	239	0	239	rpc error: code = Unavailable desc = transport is closing
380	223	0	223	rpc error: code = Unavailable desc = transport is closing
380	226	0	226	rpc error: code = Unavailable desc = transport is closing
380	215	99	314	<nil>
380	228	0	228	rpc error: code = Unavailable desc = transport is closing
380	226	95	321	<nil>
380	223	98	321	<nil>
380	237	98	335	<nil>
380	226	0	226	rpc error: code = Unavailable desc = transport is closing
380	225	0	225	rpc error: code = Unavailable desc = transport is closing
380	234	0	234	rpc error: code = Unavailable desc = transport is closing
380	231	0	231	rpc error: code = Unavailable desc = transport is closing
380	234	0	234	rpc error: code = Unavailable desc = transport is closing
380	243	101	344	<nil>
380	258	98	356	<nil>
380	235	0	235	rpc error: code = Unavailable desc = transport is closing
380	233	0	233	rpc error: code = Unavailable desc = transport is closing
380	250	0	250	rpc error: code = Unavailable desc = transport is closing
380	233	0	233	rpc error: code = Unavailable desc = transport is closing
380	223	100	323	<nil>
380	236	103	339	<nil>
380	243	103	346	<nil>
380	234	0	234	rpc error: code = Unavailable desc = transport is closing
380	218	103	321	<nil>
380	219	99	318	<nil>
380	2764	100	2864	<nil>
380	256	93	349	<nil>
380	251	102	353	<nil>
380	3527	103	3630	<nil>
380	240	100	340	<nil>
380	9496	103	9599	<nil>
380	239	0	239	rpc error: code = Unavailable desc = transport is closing
380	247	95	342	<nil>
380	232	0	232	rpc error: code = Unavailable desc = transport is closing
380	230	0	230	rpc error: code = Unavailable desc = transport is closing
380	236	0	236	rpc error: code = Unavailable desc = transport is closing
380	1118	0	1118	rpc error: code = Unavailable desc = transport is closing
380	243	103	346	<nil>
380	262	100	362	<nil>
380	228	0	228	rpc error: code = Unavailable desc = transport is closing
380	225	0	225	rpc error: code = Unavailable desc = transport is closing
380	221	108	329	<nil>
380	256	111	367	<nil>
380	237	108	345	<nil>
380	245	111	356	<nil>
380	244	97	341	<nil>
380	236	111	347	<nil>
380	235	0	235	rpc error: code = Unavailable desc = transport is closing
380	230	0	230	rpc error: code = Unavailable desc = transport is closing
380	253	0	253	rpc error: code = Unavailable desc = transport is closing
380	226	108	334	<nil>
380	289	43	332	<nil>
380	221	0	221	rpc error: code = Unavailable desc = transport is closing
380	218	113	331	<nil>
380	217	118	335	<nil>
380	266	111	377	<nil>
380	2769	108	2877	<nil>
380	226	0	226	rpc error: code = Unavailable desc = transport is closing
380	1139	708	1847	<nil>
380	227	0	227	rpc error: code = Unavailable desc = transport is closing
380	244	0	244	rpc error: code = Unavailable desc = transport is closing
380	2827	738	3565	<nil>
380	258	0	258	rpc error: code = Unavailable desc = transport is closing
380	324	724	1048	<nil>
380	264	755	1019	<nil>
380	2813	750	3563	<nil>
380	253	766	1019	<nil>
380	284	765	1049	<nil>
380	293	723	1016	<nil>
380	289	751	1040	<nil>
380	102	716	818	<nil>
380	113	695	808	<nil>
380	113	695	808	<nil>
380	113	695	808	<nil>
380	109	695	804	<nil>
380	118	695	813	<nil>
380	298	753	1051	<nil>
380	1180	731	1911	<nil>
380	112	696	808	<nil>
380	32	694	726	<nil>
380	110	702	812	<nil>
380	113	696	809	<nil>
380	113	696	809	<nil>
380	45	790	835	<nil>
380	36	698	734	<nil>
380	92	730	822	<nil>
380	2874	699	3573	<nil>
380	102	717	819	<nil>
380	102	716	818	<nil>
380	63	773	836	<nil>
380	120	691	811	<nil>
380	3588	772	4360	<nil>
380	267	758	1025	<nil>
380	110	698	808	<nil>
380	103	719	822	<nil>
380	112	699	811	<nil>
380	115	696	811	<nil>
380	268	764	1032	<nil>
380	2800	775	3575	<nil>
380	102	720	822	<nil>
380	253	774	1027	<nil>
380	256	769	1025	<nil>
380	234	792	1026	<nil>
380	253	773	1026	<nil>
380	2781	791	3572	<nil>
380	122	690	812	<nil>
380	119	698	817	<nil>
380	94	696	790	<nil>
380	107	698	805	<nil>
380	105	731	836	<nil>
380	46	789	835	<nil>
380	119	695	814	<nil>
380	115	765	880	<nil>
380	88	0	88	rpc error: code = Unavailable desc = transport is closing
380	248	0	248	rpc error: code = Unavailable desc = transport is closing
380	227	0	227	rpc error: code = Unavailable desc = transport is closing
380	123	779	902	<nil>
380	247	0	247	rpc error: code = Unavailable desc = transport is closing
380	35	786	821	<nil>
380	103	779	882	<nil>
380	226	0	226	rpc error: code = Unavailable desc = transport is closing
380	248	0	248	rpc error: code = Unavailable desc = transport is closing
380	129	813	942	<nil>
380	115	813	928	<nil>
380	228	0	228	rpc error: code = Unavailable desc = transport is closing
380	4342	0	4342	rpc error: code = Unavailable desc = transport is closing
380	4347	0	4347	rpc error: code = Unavailable desc = transport is closing
380	202	0	202	rpc error: code = Unavailable desc = transport is closing
380	510	0	510	rpc error: code = Unavailable desc = transport is closing
380	148	794	942	<nil>
380	4735	0	4735	rpc error: code = Unavailable desc = transport is closing
380	499	0	499	rpc error: code = Unavailable desc = transport is closing
380	4338	0	4338	rpc error: code = Unavailable desc = transport is closing
380	372	0	372	rpc error: code = Unavailable desc = transport is closing
380	195	0	195	rpc error: code = Unavailable desc = transport is closing
380	224	0	224	rpc error: code = Unavailable desc = transport is closing
380	503	0	503	rpc error: code = Unavailable desc = transport is closing
380	4344	0	4344	rpc error: code = Unavailable desc = transport is closing
380	4735	0	4735	rpc error: code = Unavailable desc = transport is closing
380	521	0	521	rpc error: code = Unavailable desc = transport is closing
380	4350	0	4350	rpc error: code = Unavailable desc = transport is closing
380	226	0	226	rpc error: code = Unavailable desc = transport is closing
380	240	0	240	rpc error: code = Unavailable desc = transport is closing
380	492	0	492	rpc error: code = Unavailable desc = transport is closing
380	124	808	932	<nil>
380	4737	0	4737	rpc error: code = Unavailable desc = transport is closing
380	129	805	934	<nil>
380	117	804	921	<nil>
380	115	820	935	<nil>
380	147	796	943	<nil>
380	505	0	505	rpc error: code = Unavailable desc = transport is closing
380	365	0	365	rpc error: code = Unavailable desc = transport is closing
380	115	820	935	<nil>
380	4738	0	4738	rpc error: code = Unavailable desc = transport is closing
380	4723	0	4723	rpc error: code = Unavailable desc = transport is closing
380	4739	0	4739	rpc error: code = Unavailable desc = transport is closing
380	2887	821	3708	<nil>
380	4735	0	4735	rpc error: code = Unavailable desc = transport is closing
380	102	821	923	<nil>
380	4736	0	4736	rpc error: code = Unavailable desc = transport is closing
380	4735	0	4735	rpc error: code = Unavailable desc = transport is closing
380	102	820	922	<nil>
380	4736	0	4736	rpc error: code = Unavailable desc = transport is closing
380	4736	0	4736	rpc error: code = Unavailable desc = transport is closing
380	4736	0	4736	rpc error: code = Unavailable desc = transport is closing
380	120	821	941	<nil>
380	4735	0	4735	rpc error: code = Unavailable desc = transport is closing
380	58	808	866	<nil>
380	4724	0	4724	rpc error: code = Unavailable desc = transport is closing
380	228	0	228	rpc error: code = Unavailable desc = transport is closing
380	125	821	946	<nil>
380	138	809	947	<nil>
380	128	820	948	<nil>
380	132	819	951	<nil>
380	104	824	928	<nil>
380	4739	0	4739	rpc error: code = Unavailable desc = transport is closing
380	4737	0	4737	rpc error: code = Unavailable desc = transport is closing
380	4736	0	4736	rpc error: code = Unavailable desc = transport is closing
380	504	0	504	rpc error: code = Unavailable desc = transport is closing
380	706	275	981	<nil>
380	683	295	978	<nil>
380	708	271	979	<nil>
380	710	282	992	<nil>
380	838	173	1011	<nil>
380	836	177	1013	<nil>
380	943	0	943	rpc error: code = Unavailable desc = transport is closing
380	839	176	1015	<nil>
380	826	195	1021	<nil>
380	930	62	992	<nil>
380	1041	0	1041	rpc error: code = Unavailable desc = transport is closing
380	825	177	1002	<nil>
380	1394	0	1394	rpc error: code = Unavailable desc = transport is closing
380	958	64	1022	<nil>
380	961	81	1042	<nil>
380	962	0	962	rpc error: code = Unavailable desc = transport is closing
380	923	0	923	rpc error: code = Unavailable desc = transport is closing
380	1809	0	1809	rpc error: code = Unavailable desc = transport is closing
380	1810	0	1810	rpc error: code = Unavailable desc = transport is closing
380	925	0	925	rpc error: code = Unavailable desc = transport is closing
380	958	94	1052	<nil>
380	1807	0	1807	rpc error: code = Unavailable desc = transport is closing
380	852	0	852	rpc error: code = Unavailable desc = transport is closing
380	962	0	962	rpc error: code = Unavailable desc = transport is closing
380	1023	0	1023	rpc error: code = Unavailable desc = transport is closing
380	1786	0	1786	rpc error: code = Unavailable desc = transport is closing
380	832	183	1015	<nil>
380	1022	0	1022	rpc error: code = Unavailable desc = transport is closing
380	839	181	1020	<nil>
380	1024	0	1024	rpc error: code = Unavailable desc = transport is closing
380	3086	0	3086	rpc error: code = Unavailable desc = transport is closing
380	1798	0	1798	rpc error: code = Unavailable desc = transport is closing
380	4805	0	4805	rpc error: code = Unavailable desc = transport is closing
380	958	58	1016	<nil>
380	4805	0	4805	rpc error: code = Unavailable desc = transport is closing
380	4804	0	4804	rpc error: code = Unavailable desc = transport is closing
380	4805	0	4805	rpc error: code = Unavailable desc = transport is closing
380	4804	0	4804	rpc error: code = Unavailable desc = transport is closing
380	956	63	1019	<nil>
380	4806	0	4806	rpc error: code = Unavailable desc = transport is closing
380	1805	0	1805	rpc error: code = Unavailable desc = transport is closing
380	942	62	1004	<nil>
380	967	64	1031	<nil>
380	4827	0	4827	rpc error: code = Unavailable desc = transport is closing
380	4806	0	4806	rpc error: code = Unavailable desc = transport is closing
380	4827	0	4827	rpc error: code = Unavailable desc = transport is closing
380	958	62	1020	<nil>
380	961	65	1026	<nil>
380	1758	0	1758	rpc error: code = Unavailable desc = transport is closing
380	824	195	1019	<nil>
380	5287	187	5474	<nil>
380	954	94	1048	<nil>
380	848	0	848	rpc error: code = Unavailable desc = transport is closing
380	957	64	1021	<nil>
380	956	65	1021	<nil>
380	10361	0	10361	rpc error: code = Unavailable desc = transport is closing
380	1801	0	1801	rpc error: code = Unavailable desc = transport is closing
380	826	195	1021	<nil>
380	963	0	963	rpc error: code = Unavailable desc = transport is closing
380	968	83	1051	<nil>
380	958	81	1039	<nil>
380	956	83	1039	<nil>
380	943	94	1037	<nil>
380	957	94	1051	<nil>
380	958	93	1051	<nil>
380	957	64	1021	<nil>
380	1803	0	1803	rpc error: code = Unavailable desc = transport is closing
380	1798	0	1798	rpc error: code = Unavailable desc = transport is closing
380	954	99	1053	<nil>
380	1346	82	1428	<nil>
380	301	90	391	<nil>
380	1851	86	1937	<nil>
380	934	114	1048	<nil>
380	1834	84	1918	<nil>
380	964	113	1077	<nil>
380	943	123	1066	<nil>
380	974	107	1081	<nil>
380	1880	102	1982	<nil>
380	968	114	1082	<nil>
380	10608	87	10695	<nil>
380	969	124	1093	<nil>
380	1341	76	1417	<nil>
380	973	108	1081	<nil>
380	1852	87	1939	<nil>
380	304	139	443	<nil>
380	959	108	1067	<nil>
380	967	115	1082	<nil>
380	10735	87	10822	<nil>
380	969	113	1082	<nil>
380	314	69	383	<nil>
380	1894	63	1957	<nil>
380	317	68	385	<nil>
380	305	142	447	<nil>
380	1902	55	1957	<nil>
380	1364	63	1427	<nil>
380	331	65	396	<nil>
380	1880	61	1941	<nil>
380	24502	116	24618	<nil>
380	967	116	1083	<nil>
380	968	114	1082	<nil>
380	973	107	1080	<nil>
380	296	86	382	<nil>
380	967	113	1080	<nil>
380	292	141	433	<nil>
380	955	165	1120	<nil>
380	2933	142	3075	<nil>
380	963	173	1136	<nil>
380	3846	113	3959	<nil>
380	943	175	1118	<nil>
380	958	175	1133	<nil>
380	961	175	1136	<nil>
380	1365	123	1488	<nil>
380	1344	147	1491	<nil>
380	1338	144	1482	<nil>
380	967	114	1081	<nil>
380	1895	113	2008	<nil>
380	954	98	1052	<nil>
380	1333	146	1479	<nil>
380	1848	146	1994	<nil>
380	300	148	448	<nil>
380	967	166	1133	<nil>
380	970	162	1132	<nil>
380	1861	148	2009	<nil>
380	6296	162	6458	<nil>
380	973	162	1135	<nil>
380	972	163	1135	<nil>
380	1730	147	1877	<nil>
380	2924	152	3076	<nil>
380	17653	169	17822	<nil>
380	970	167	1137	<nil>
380	10709	171	10880	<nil>
380	1392	97	1489	<nil>
380	969	168	1137	<nil>
380	3156	120	3276	<nil>
380	1757	124	1881	<nil>
380	952	172	1124	<nil>
380	954	169	1123	<nil>
380	1894	120	2014	<nil>
380	292	152	444	<nil>
380	952	172	1124	<nil>
380	973	165	1138	<nil>
380	967	173	1140	<nil>
380	327	125	452	<nil>
380	954	182	1136	<nil>
380	974	166	1140	<nil>
380	331	120	451	<nil>
380	969	169	1138	<nil>
380	954	179	1133	<nil>
380	1879	120	1999	<nil>
380	10632	167	10799	<nil>
380	3157	244	3401	<nil>
380	1879	281	2160	<nil>
380	1715	270	1985	<nil>
380	1442	288	1730	<nil>
380	1356	296	1652	<nil>
380	7711	0	7711	rpc error: code = Unavailable desc = transport is closing
380	6417	0	6417	rpc error: code = Unavailable desc = transport is closing
380	5509	0	5509	rpc error: code = Unavailable desc = transport is closing
380	5506	0	5506	rpc error: code = Unavailable desc = transport is closing
380	1888	306	2194	<nil>
380	2959	306	3265	<nil>
380	7699	0	7699	rpc error: code = Unavailable desc = transport is closing
380	5502	0	5502	rpc error: code = Unavailable desc = transport is closing
380	5551	0	5551	rpc error: code = Unavailable desc = transport is closing
380	5547	0	5547	rpc error: code = Unavailable desc = transport is closing
380	302	249	551	<nil>
380	253	267	520	<nil>
380	229	268	497	<nil>
380	363	270	633	<nil>
380	1929	270	2199	<nil>
380	5550	0	5550	rpc error: code = Unavailable desc = transport is closing
380	1896	302	2198	<nil>
380	318	306	624	<nil>
380	5499	0	5499	rpc error: code = Unavailable desc = transport is closing
380	321	308	629	<nil>
380	1888	299	2187	<nil>
380	247	255	502	<nil>
380	1895	293	2188	<nil>
380	6057	295	6352	<nil>
380	145	158	303	<nil>
380	6157	274	6431	<nil>
380	1372	321	1693	<nil>
380	330	308	638	<nil>
380	317	309	626	<nil>
380	1369	285	1654	<nil>
380	940	0	940	rpc error: code = Unavailable desc = transport is closing
380	1017	0	1017	rpc error: code = Unavailable desc = transport is closing
380	253	280	533	<nil>
380	937	0	937	rpc error: code = Unavailable desc = transport is closing
380	1058	0	1058	rpc error: code = Unavailable desc = transport is closing
380	298	204	502	<nil>
380	238	263	501	<nil>
380	1017	0	1017	rpc error: code = Unavailable desc = transport is closing
380	853	0	853	rpc error: code = Unavailable desc = transport is closing
380	5547	0	5547	rpc error: code = Unavailable desc = transport is closing
380	369	165	534	<nil>
380	264	281	545	<nil>
380	255	256	511	<nil>
380	257	283	540	<nil>
380	252	285	537	<nil>
380	221	282	503	<nil>
380	292	38	330	<nil>
380	222	79	301	<nil>
380	293	255	548	<nil>
380	1017	0	1017	rpc error: code = Unavailable desc = transport is closing
380	358	178	536	<nil>
380	245	257	502	<nil>
380	271	270	541	<nil>
380	286	43	329	<nil>
380	337	172	509	<nil>
380	381	171	552	<nil>
380	5536	270	5806	<nil>
380	282	259	541	<nil>
380	268	37	305	<nil>
380	256	64	320	<nil>
380	138	160	298	<nil>
380	230	261	491	<nil>
380	110	265	375	<nil>
380	157	278	435	<nil>
380	274	267	541	<nil>
380	369	171	540	<nil>
380	246	262	508	<nil>
380	253	37	290	<nil>
380	275	268	543	<nil>
380	276	272	548	<nil>
380	236	269	505	<nil>
380	276	271	547	<nil>
380	6141	262	6403	<nil>
380	276	266	542	<nil>
380	116	211	327	<nil>
380	1134	211	1345	<nil>
380	240	268	508	<nil>
380	117	269	386	<nil>
380	1235	110	1345	<nil>
380	282	272	554	<nil>
380	166	135	301	<nil>
380	147	146	293	<nil>
380	283	262	545	<nil>
380	275	272	547	<nil>
380	238	272	510	<nil>
380	1234	110	1344	<nil>
380	284	261	545	<nil>
380	240	268	508	<nil>
380	161	145	306	<nil>
380	131	273	404	<nil>
380	176	202	378	<nil>
380	276	277	553	<nil>
380	382	161	543	<nil>
380	236	272	508	<nil>
380	238	272	510	<nil>
380	278	265	543	<nil>
380	109	223	332	<nil>
380	286	268	554	<nil>
380	183	110	293	<nil>
380	233	279	512	<nil>
380	271	272	543	<nil>
380	16272	222	16494	<nil>
380	221	263	484	<nil>
380	262	272	534	<nil>
380	1122	223	1345	<nil>
380	338	174	512	<nil>
380	3019	264	3283	<nil>
380	246	263	509	<nil>
380	248	263	511	<nil>
380	229	279	508	<nil>
380	238	273	511	<nil>
380	238	273	511	<nil>
380	107	230	337	<nil>
380	1185	160	1345	<nil>
380	284	264	548	<nil>
380	1134	212	1346	<nil>
380	235	41	276	<nil>
380	376	172	548	<nil>
380	253	43	296	<nil>
380	262	35	297	<nil>
380	1893	309	2202	<nil>
380	259	41	300	<nil>
380	286	42	328	<nil>
380	292	36	328	<nil>
380	262	66	328	<nil>
380	7810	0	7810	rpc error: code = Unavailable desc = transport is closing
380	255	285	540	<nil>
380	25108	33	25141	<nil>
380	138	213	351	<nil>
380	110	259	369	<nil>
380	236	66	302	<nil>
380	247	45	292	<nil>
380	281	75	356	<nil>
380	264	64	328	<nil>
380	293	37	330	<nil>
380	224	29	253	<nil>
380	265	47	312	<nil>
380	291	53	344	<nil>
380	217	39	256	<nil>
380	301	40	341	<nil>
380	224	39	263	<nil>
380	286	55	341	<nil>
380	299	42	341	<nil>
380	285	56	341	<nil>
380	254	84	338	<nil>
380	302	152	454	<nil>
380	224	152	376	<nil>
380	302	154	456	<nil>
380	225	151	376	<nil>
380	290	53	343	<nil>
380	303	152	455	<nil>
380	224	154	378	<nil>
380	293	161	454	<nil>
380	277	160	437	<nil>
380	186	155	341	<nil>
380	297	187	484	<nil>
380	222	164	386	<nil>
380	295	168	463	<nil>
380	295	168	463	<nil>
380	299	166	465	<nil>
380	213	185	398	<nil>
380	300	185	485	<nil>
380	297	187	484	<nil>
380	303	182	485	<nil>
380	309	175	484	<nil>
380	302	183	485	<nil>
380	273	185	458	<nil>
380	294	191	485	<nil>
380	221	171	392	<nil>
380	223	182	405	<nil>
380	294	189	483	<nil>
380	301	185	486	<nil>
380	283	254	537	<nil>
380	322	233	555	<nil>
380	250	239	489	<nil>
380	225	299	524	<nil>
380	204	329	533	<nil>
380	215	335	550	<nil>
380	226	354	580	<nil>
380	226	357	583	<nil>
380	225	383	608	<nil>
380	226	412	638	<nil>
380	218	418	636	<nil>
380	218	412	630	<nil>
380	196	416	612	<nil>
380	281	419	700	<nil>
380	225	408	633	<nil>
380	221	418	639	<nil>
380	212	401	613	<nil>
380	200	415	615	<nil>
380	200	421	621	<nil>
380	219	415	634	<nil>
380	165	410	575	<nil>
380	198	421	619	<nil>
380	209	423	632	<nil>
380	225	419	644	<nil>
380	198	423	621	<nil>
380	199	417	616	<nil>
380	219	397	616	<nil>
380	366	258	624	<nil>
380	219	397	616	<nil>
380	236	397	633	<nil>
380	220	398	618	<nil>
380	221	396	617	<nil>
380	225	399	624	<nil>
380	351	269	620	<nil>
380	211	385	596	<nil>
380	205	413	618	<nil>
380	209	387	596	<nil>
380	210	416	626	<nil>
380	335	285	620	<nil>
380	236	385	621	<nil>
380	212	385	597	<nil>
380	9553	394	9947	<nil>
380	208	278	486	<nil>
380	220	437	657	<nil>
380	211	386	597	<nil>
380	394	244	638	<nil>
380	335	293	628	<nil>
380	236	386	622	<nil>
380	2966	385	3351	<nil>
380	368	270	638	<nil>
380	202	418	620	<nil>
380	238	385	623	<nil>
380	76	408	484	<nil>
380	287	182	469	<nil>
380	272	198	470	<nil>
380	179	426	605	<nil>
380	208	397	605	<nil>
380	226	393	619	<nil>
380	210	278	488	<nil>
380	9346	408	9754	<nil>
380	16529	412	16941	<nil>
380	302	168	470	<nil>
380	263	206	469	<nil>
380	225	411	636	<nil>
380	364	262	626	<nil>
380	223	406	629	<nil>
380	197	411	608	<nil>
380	235	395	630	<nil>
380	76	405	481	<nil>
380	236	385	621	<nil>
380	199	406	605	<nil>
380	193	412	605	<nil>
380	239	408	647	<nil>
380	124	411	535	<nil>
380	335	45	380	<nil>
380	212	394	606	<nil>
380	245	395	640	<nil>
380	398	44	442	<nil>
380	239	408	647	<nil>
380	353	257	610	<nil>
380	365	0	365	rpc error: code = Unavailable desc = transport is closing
380	386	0	386	rpc error: code = Unavailable desc = transport is closing
380	396	46	442	<nil>
380	396	0	396	rpc error: code = Unavailable desc = transport is closing
380	395	33	428	<nil>
380	235	394	629	<nil>
380	397	40	437	<nil>
380	401	41	442	<nil>
380	398	40	438	<nil>
380	396	41	437	<nil>
380	398	43	441	<nil>
380	9490	43	9533	<nil>
380	242	394	636	<nil>
380	237	385	622	<nil>
380	402	45	447	<nil>
380	402	50	452	<nil>
380	390	47	437	<nil>
380	400	48	448	<nil>
380	404	46	450	<nil>
380	402	48	450	<nil>
380	390	0	390	rpc error: code = Unavailable desc = transport is closing
380	417	30	447	<nil>
380	423	31	454	<nil>
380	419	32	451	<nil>
380	445	2	447	<nil>
380	355	3	358	<nil>
380	409	43	452	<nil>
380	302	210	512	<nil>
380	334	173	507	<nil>
380	288	46	334	<nil>
380	223	46	269	<nil>
380	266	4	270	<nil>
380	334	4	338	<nil>
380	214	4	218	<nil>
380	346	173	519	<nil>
380	339	4	343	<nil>
380	418	48	466	<nil>
380	270	253	523	<nil>
380	227	271	498	<nil>
380	275	257	532	<nil>
380	389	0	389	rpc error: code = Unavailable desc = transport is closing
380	379	0	379	rpc error: code = Unavailable desc = transport is closing
380	460	13	473	<nil>
380	312	12	324	<nil>
380	266	12	278	<nil>
380	417	60	477	<nil>
380	5080	56	5136	<nil>
380	432	0	432	rpc error: code = Unavailable desc = transport is closing
380	480	9	489	<nil>
380	330	71	401	<nil>
380	384	0	384	rpc error: code = Unavailable desc = transport is closing
380	418	0	418	rpc error: code = Unavailable desc = transport is closing
380	384	0	384	rpc error: code = Unavailable desc = transport is closing
380	390	0	390	rpc error: code = Unavailable desc = transport is closing
380	419	0	419	rpc error: code = Unavailable desc = transport is closing
380	391	0	391	rpc error: code = Unavailable desc = transport is closing
380	419	73	492	<nil>
380	234	10	244	<nil>
380	414	75	489	<nil>
380	406	78	484	<nil>
380	433	0	433	rpc error: code = Unavailable desc = transport is closing
380	298	10	308	<nil>
380	390	0	390	rpc error: code = Unavailable desc = transport is closing
380	383	0	383	rpc error: code = Unavailable desc = transport is closing
380	421	0	421	rpc error: code = Unavailable desc = transport is closing
380	470	12	482	<nil>
380	428	0	428	rpc error: code = Unavailable desc = transport is closing
380	133	49	182	<nil>
380	385	0	385	rpc error: code = Unavailable desc = transport is closing
380	402	0	402	rpc error: code = Unavailable desc = transport is closing
380	460	14	474	<nil>
380	388	0	388	rpc error: code = Unavailable desc = transport is closing
380	388	0	388	rpc error: code = Unavailable desc = transport is closing
380	388	0	388	rpc error: code = Unavailable desc = transport is closing
380	390	0	390	rpc error: code = Unavailable desc = transport is closing
380	388	0	388	rpc error: code = Unavailable desc = transport is closing
380	388	0	388	rpc error: code = Unavailable desc = transport is closing
380	402	0	402	rpc error: code = Unavailable desc = transport is closing
380	199	60	259	<nil>
380	390	0	390	rpc error: code = Unavailable desc = transport is closing
380	343	177	520	<nil>
380	428	0	428	rpc error: code = Unavailable desc = transport is closing
380	394	0	394	rpc error: code = Unavailable desc = transport is closing
380	322	62	384	<nil>
380	387	0	387	rpc error: code = Unavailable desc = transport is closing
380	401	0	401	rpc error: code = Unavailable desc = transport is closing
380	403	0	403	rpc error: code = Unavailable desc = transport is closing
380	393	0	393	rpc error: code = Unavailable desc = transport is closing
380	390	0	390	rpc error: code = Unavailable desc = transport is closing
380	403	0	403	rpc error: code = Unavailable desc = transport is closing
380	394	0	394	rpc error: code = Unavailable desc = transport is closing
380	405	0	405	rpc error: code = Unavailable desc = transport is closing
380	398	0	398	rpc error: code = Unavailable desc = transport is closing
380	379	0	379	rpc error: code = Unavailable desc = transport is closing
380	390	0	390	rpc error: code = Unavailable desc = transport is closing
380	385	0	385	rpc error: code = Unavailable desc = transport is closing
380	404	34	438	<nil>
380	397	35	432	<nil>
380	447	37	484	<nil>
380	395	37	432	<nil>
380	407	37	444	<nil>
380	398	36	434	<nil>
380	402	38	440	<nil>
380	401	36	437	<nil>
380	403	36	439	<nil>
380	392	38	430	<nil>
380	403	35	438	<nil>
380	396	36	432	<nil>
380	448	35	483	<nil>
380	448	41	489	<nil>
380	396	43	439	<nil>
380	401	44	445	<nil>
380	448	42	490	<nil>
380	390	0	390	rpc error: code = Unavailable desc = transport is closing
380	266	13	279	<nil>
380	400	36	436	<nil>
380	403	0	403	rpc error: code = Unavailable desc = transport is closing
380	1099	57	1156	<nil>
380	103	57	160	<nil>
380	292	67	359	<nil>
380	305	68	373	<nil>
380	415	67	482	<nil>
380	426	69	495	<nil>
380	240	289	529	<nil>
380	414	68	482	<nil>
380	466	12	478	<nil>
380	348	14	362	<nil>
380	468	12	480	<nil>
380	467	16	483	<nil>
380	127	60	187	<nil>
380	317	71	388	<nil>
380	323	9	332	<nil>
380	414	70	484	<nil>
380	338	19	357	<nil>
380	380	15	395	<nil>
380	322	16	338	<nil>
380	418	71	489	<nil>
380	418	70	488	<nil>
380	372	17	389	<nil>
380	348	14	362	<nil>
380	79	57	136	<nil>
380	271	14	285	<nil>
380	475	13	488	<nil>
380	467	19	486	<nil>
380	263	15	278	<nil>
380	287	14	301	<nil>
380	353	11	364	<nil>
380	405	63	468	<nil>
380	355	11	366	<nil>
380	340	19	359	<nil>
380	331	16	347	<nil>
380	335	11	346	<nil>
380	354	9	363	<nil>
380	288	15	303	<nil>
380	415	74	489	<nil>
380	415	78	493	<nil>
380	469	18	487	<nil>
380	432	0	432	rpc error: code = Unavailable desc = transport is closing
380	318	75	393	<nil>
380	469	20	489	<nil>
380	415	0	415	rpc error: code = Unavailable desc = transport is closing
380	284	10	294	<nil>
380	398	0	398	rpc error: code = Unavailable desc = transport is closing
380	287	60	347	<nil>
380	390	0	390	rpc error: code = Unavailable desc = transport is closing
380	273	19	292	<nil>
380	286	14	300	<nil>
380	286	15	301	<nil>
380	346	12	358	<nil>
380	287	15	302	<nil>
380	491	15	506	<nil>
380	352	14	366	<nil>
380	385	0	385	rpc error: code = Unavailable desc = transport is closing
380	281	14	295	<nil>
380	287	9	296	<nil>
380	385	0	385	rpc error: code = Unavailable desc = transport is closing
380	286	10	296	<nil>
380	453	88	541	<nil>
380	351	85	436	<nil>
380	447	90	537	<nil>
380	396	86	482	<nil>
380	394	86	480	<nil>
380	413	86	499	<nil>
380	1398	86	1484	<nil>
380	462	86	548	<nil>
380	462	86	548	<nil>
380	410	44	454	<nil>
380	407	44	451	<nil>
380	409	42	451	<nil>
380	413	43	456	<nil>
380	442	42	484	<nil>
380	440	43	483	<nil>
380	413	45	458	<nil>
380	409	43	452	<nil>
380	420	33	453	<nil>
380	416	45	461	<nil>
380	422	38	460	<nil>
380	423	36	459	<nil>
380	408	48	456	<nil>
380	414	43	457	<nil>
380	420	35	455	<nil>
380	420	38	458	<nil>
380	1504	43	1547	<nil>
380	423	31	454	<nil>
380	486	47	533	<nil>
380	418	44	462	<nil>
380	414	48	462	<nil>
380	410	45	455	<nil>
380	1367	33	1400	<nil>
380	420	39	459	<nil>
380	411	43	454	<nil>
380	418	44	462	<nil>
380	432	43	475	<nil>
380	427	32	459	<nil>
380	428	33	461	<nil>
380	438	36	474	<nil>
380	3104	35	3139	<nil>
380	409	46	455	<nil>
380	429	44	473	<nil>
380	422	34	456	<nil>
380	416	42	458	<nil>
380	2730	49	2779	<nil>
380	446	29	475	<nil>
380	429	30	459	<nil>
380	429	33	462	<nil>
380	424	33	457	<nil>
380	1369	33	1402	<nil>
380	455	29	484	<nil>
380	429	34	463	<nil>
380	1368	34	1402	<nil>
380	413	43	456	<nil>
380	408	50	458	<nil>
380	429	34	463	<nil>
380	427	33	460	<nil>
380	424	36	460	<nil>
380	445	36	481	<nil>
380	422	34	456	<nil>
380	1373	42	1415	<nil>
380	427	42	469	<nil>
380	437	137	574	<nil>
380	435	137	572	<nil>
380	436	152	588	<nil>
380	435	152	587	<nil>
380	3163	152	3315	<nil>
380	434	153	587	<nil>
380	100	54	154	<nil>
380	1377	153	1530	<nil>
380	433	154	587	<nil>
380	436	154	590	<nil>
380	437	153	590	<nil>
380	438	153	591	<nil>
380	434	154	588	<nil>
380	63	83	146	<nil>
380	2804	98	2902	<nil>
380	41	117	158	<nil>
380	29	118	147	<nil>
380	437	153	590	<nil>
380	2690	147	2837	<nil>
380	106	42	148	<nil>
380	111	44	155	<nil>
380	436	156	592	<nil>
380	437	155	592	<nil>
380	1376	155	1531	<nil>
380	29	120	149	<nil>
380	113	22	135	<nil>
380	5640	98	5738	<nil>
380	119	31	150	<nil>
380	126	28	154	<nil>
380	126	28	154	<nil>
380	137	19	156	<nil>
380	140	64	204	<nil>
380	140	68	208	<nil>
380	144	78	222	<nil>
380	156	68	224	<nil>
380	143	79	222	<nil>
380	144	79	223	<nil>
380	150	78	228	<nil>
380	168	55	223	<nil>
380	144	83	227	<nil>
380	176	50	226	<nil>
380	176	49	225	<nil>
380	176	51	227	<nil>
380	175	50	225	<nil>
380	170	55	225	<nil>
380	3383	56	3439	<nil>
380	175	51	226	<nil>
380	140	82	222	<nil>
380	150	82	232	<nil>
380	145	84	229	<nil>
380	151	73	224	<nil>
380	142	84	226	<nil>
380	169	56	225	<nil>
380	154	73	227	<nil>
380	10725	58	10783	<nil>
380	157	70	227	<nil>
380	143	84	227	<nil>
380	139	88	227	<nil>
380	176	60	236	<nil>
380	171	81	252	<nil>
380	174	76	250	<nil>
380	169	78	247	<nil>
380	176	78	254	<nil>
380	169	85	254	<nil>
380	171	85	256	<nil>
380	181	78	259	<nil>
380	161	97	258	<nil>
380	169	84	253	<nil>
380	176	82	258	<nil>
380	159	96	255	<nil>
380	162	98	260	<nil>
380	157	98	255	<nil>
380	150	79	229	<nil>
380	195	53	248	<nil>
380	150	98	248	<nil>
380	151	97	248	<nil>
380	169	90	259	<nil>
380	153	55	208	<nil>
380	171	84	255	<nil>
380	2652	56	2708	<nil>
380	97	55	152	<nil>
380	79	58	137	<nil>
380	82	55	137	<nil>
380	106	28	134	<nil>
380	86	55	141	<nil>
380	88	38	126	<nil>
380	125	11	136	<nil>
380	126	11	137	<nil>
380	115	10	125	<nil>
380	125	13	138	<nil>
380	125	13	138	<nil>
380	129	10	139	<nil>
380	124	15	139	<nil>
380	127	14	141	<nil>
380	125	14	139	<nil>
380	125	15	140	<nil>
380	126	16	142	<nil>
380	125	16	141	<nil>
380	125	18	143	<nil>
380	111	17	128	<nil>
380	110	19	129	<nil>
380	2950	18	2968	<nil>
380	111	18	129	<nil>
380	110	16	126	<nil>
380	110	19	129	<nil>
380	2963	20	2983	<nil>
380	111	19	130	<nil>
380	111	20	131	<nil>
380	110	20	130	<nil>
380	87	14	101	<nil>
380	3037	15	3052	<nil>
380	49	15	64	<nil>
380	33	15	48	<nil>
380	31	15	46	<nil>
380	34	15	49	<nil>
380	34	15	49	<nil>
380	34	15	49	<nil>
380	652	10	662	<nil>
380	665	11	676	<nil>
380	690	10	700	<nil>
380	699	10	709	<nil>
380	659	9	668	<nil>
380	696	10	706	<nil>
380	696	13	709	<nil>
380	667	9	676	<nil>
380	661	9	670	<nil>
380	696	13	709	<nil>
380	667	9	676	<nil>
380	667	13	680	<nil>
380	667	13	680	<nil>
380	667	13	680	<nil>
380	671	9	680	<nil>
380	662	15	677	<nil>
380	671	9	680	<nil>
380	666	13	679	<nil>
380	658	10	668	<nil>
380	672	9	681	<nil>
380	693	10	703	<nil>
380	696	9	705	<nil>
380	670	10	680	<nil>
380	671	12	683	<nil>
380	694	18	712	<nil>
380	656	11	667	<nil>
380	669	11	680	<nil>
380	671	11	682	<nil>
380	694	6	700	<nil>
380	671	15	686	<nil>
380	709	7	716	<nil>
380	671	15	686	<nil>
380	699	8	707	<nil>
380	683	7	690	<nil>
380	692	15	707	<nil>
380	679	7	686	<nil>
380	675	41	716	<nil>
380	705	41	746	<nil>
380	667	48	715	<nil>
380	1606	67	1673	<nil>
380	705	69	774	<nil>
380	678	70	748	<nil>
380	681	68	749	<nil>
380	667	67	734	<nil>
380	697	74	771	<nil>
380	667	73	740	<nil>
380	6168	70	6238	<nil>
380	704	71	775	<nil>
380	665	70	735	<nil>
380	6169	68	6237	<nil>
380	1602	70	1672	<nil>
380	666	70	736	<nil>
380	673	71	744	<nil>
380	5427	72	5499	<nil>
380	666	70	736	<nil>
380	682	67	749	<nil>
380	667	69	736	<nil>
380	678	74	752	<nil>
380	702	79	781	<nil>
380	664	80	744	<nil>
380	678	81	759	<nil>
380	670	80	750	<nil>
380	701	86	787	<nil>
380	702	80	782	<nil>
380	676	93	769	<nil>
380	1572	92	1664	<nil>
380	704	84	788	<nil>
380	664	91	755	<nil>
380	677	92	769	<nil>
380	663	93	756	<nil>
380	694	78	772	<nil>
380	669	110	779	<nil>
380	666	132	798	<nil>
380	701	112	813	<nil>
380	48	96	144	<nil>
380	2606	129	2735	<nil>
380	679	138	817	<nil>
380	680	139	819	<nil>
380	62	81	143	<nil>
380	50	100	150	<nil>
380	62	81	143	<nil>
380	50	99	149	<nil>
380	60	85	145	<nil>
380	26875	107	26982	<nil>
380	64	84	148	<nil>
380	61	87	148	<nil>
380	62	87	149	<nil>
380	64	84	148	<nil>
380	65	97	162	<nil>
380	64	97	161	<nil>
380	64	115	179	<nil>
380	65	123	188	<nil>
380	65	126	191	<nil>
380	64	127	191	<nil>
380	82	111	193	<nil>
380	80	111	191	<nil>
380	81	112	193	<nil>
380	64	129	193	<nil>
380	81	112	193	<nil>
380	82	111	193	<nil>
380	81	113	194	<nil>
380	70	122	192	<nil>
380	79	136	215	<nil>
380	50	146	196	<nil>
380	81	138	219	<nil>
380	74	152	226	<nil>
380	48	152	200	<nil>
380	82	144	226	<nil>
380	37	144	181	<nil>
380	1041	182	1223	<nil>
380	49	182	231	<nil>
380	32	187	219	<nil>
380	44	187	231	<nil>
380	52	180	232	<nil>
380	44	188	232	<nil>
380	55	177	232	<nil>
380	27	191	218	<nil>
380	73	149	222	<nil>
380	71	155	226	<nil>
380	70	160	230	<nil>
380	68	155	223	<nil>
380	67	162	229	<nil>
380	68	156	224	<nil>
380	64	163	227	<nil>
380	68	164	232	<nil>
380	71	162	233	<nil>
380	67	166	233	<nil>
380	69	164	233	<nil>
380	76	155	231	<nil>
380	104	148	252	<nil>
380	68	143	211	<nil>
380	96	155	251	<nil>
380	51	143	194	<nil>
380	2537	148	2685	<nil>
380	104	148	252	<nil>
380	71	143	214	<nil>
380	46	146	192	<nil>
380	55	143	198	<nil>
380	83	148	231	<nil>
380	96	156	252	<nil>
380	77	149	226	<nil>
380	88	86	174	<nil>
380	76	188	264	<nil>
380	81	116	197	<nil>
380	50	142	192	<nil>
380	67	206	273	<nil>
380	104	163	267	<nil>
380	71	193	264	<nil>
380	67	135	202	<nil>
380	108	156	264	<nil>
380	71	156	227	<nil>
380	108	155	263	<nil>
380	116	149	265	<nil>
380	104	171	275	<nil>
380	68	196	264	<nil>
380	78	148	226	<nil>
380	104	164	268	<nil>
380	78	165	243	<nil>
380	64	142	206	<nil>
380	63	155	218	<nil>
380	2818	149	2967	<nil>
380	53	154	207	<nil>
380	2568	249	2817	<nil>
380	66	249	315	<nil>
380	69	248	317	<nil>
380	56	249	305	<nil>
380	67	209	276	<nil>
380	70	249	319	<nil>
380	1097	207	1304	<nil>
380	95	212	307	<nil>
380	77	214	291	<nil>
380	72	214	286	<nil>
380	2855	213	3068	<nil>
380	67	241	308	<nil>
380	80	239	319	<nil>
380	2407	201	2608	<nil>
380	92	205	297	<nil>
380	95	232	327	<nil>
380	96	214	310	<nil>
380	71	239	310	<nil>
380	10211	209	10420	<nil>
380	96	230	326	<nil>
380	92	230	322	<nil>
380	97	212	309	<nil>
380	96	233	329	<nil>
380	10	217	227	<nil>
380	52	217	269	<nil>
380	192	82	274	<nil>
380	51	218	269	<nil>
380	1085	217	1302	<nil>
380	95	230	325	<nil>
380	52	240	292	<nil>
380	137	116	253	<nil>
380	156	97	253	<nil>
380	699	0	699	rpc error: code = Unavailable desc = transport is closing
380	430	0	430	rpc error: code = Unavailable desc = transport is closing
380	400	0	400	rpc error: code = Unavailable desc = transport is closing
380	152	97	249	<nil>
380	359	0	359	rpc error: code = Unavailable desc = transport is closing
380	413	0	413	rpc error: code = Unavailable desc = transport is closing
380	2573	97	2670	<nil>
380	55	247	302	<nil>
380	155	140	295	<nil>
380	191	141	332	<nil>
380	463	0	463	rpc error: code = Unavailable desc = transport is closing
380	464	0	464	rpc error: code = Unavailable desc = transport is closing
380	408	0	408	rpc error: code = Unavailable desc = transport is closing
380	361	0	361	rpc error: code = Unavailable desc = transport is closing
380	2814	149	2963	<nil>
380	5700	149	5849	<nil>
380	200	150	350	<nil>
380	409	0	409	rpc error: code = Unavailable desc = transport is closing
380	233	141	374	<nil>
380	457	0	457	rpc error: code = Unavailable desc = transport is closing
380	25785	0	25785	rpc error: code = Unavailable desc = transport is closing
380	200	150	350	<nil>
380	435	0	435	rpc error: code = Unavailable desc = transport is closing
380	194	149	343	<nil>
380	465	0	465	rpc error: code = Unavailable desc = transport is closing
380	193	150	343	<nil>
380	1406	0	1406	rpc error: code = Unavailable desc = transport is closing
380	172	100	272	<nil>
380	169	99	268	<nil>
380	176	96	272	<nil>
380	2667	100	2767	<nil>
380	1173	130	1303	<nil>
380	1233	130	1363	<nil>
380	227	127	354	<nil>
380	251	103	354	<nil>
380	185	129	314	<nil>
380	1199	134	1333	<nil>
380	214	181	395	<nil>
380	175	177	352	<nil>
380	10659	0	10659	rpc error: code = Unavailable desc = transport is closing
380	414	0	414	rpc error: code = Unavailable desc = transport is closing
380	407	0	407	rpc error: code = Unavailable desc = transport is closing
380	414	0	414	rpc error: code = Unavailable desc = transport is closing
380	407	0	407	rpc error: code = Unavailable desc = transport is closing
380	406	0	406	rpc error: code = Unavailable desc = transport is closing
380	406	0	406	rpc error: code = Unavailable desc = transport is closing
380	407	0	407	rpc error: code = Unavailable desc = transport is closing
380	416	0	416	rpc error: code = Unavailable desc = transport is closing
380	425	0	425	rpc error: code = Unavailable desc = transport is closing
380	428	0	428	rpc error: code = Unavailable desc = transport is closing
380	429	0	429	rpc error: code = Unavailable desc = transport is closing
380	409	0	409	rpc error: code = Unavailable desc = transport is closing
380	432	0	432	rpc error: code = Unavailable desc = transport is closing
380	431	0	431	rpc error: code = Unavailable desc = transport is closing
380	431	0	431	rpc error: code = Unavailable desc = transport is closing
380	426	0	426	rpc error: code = Unavailable desc = transport is closing
380	1488	0	1488	rpc error: code = Unavailable desc = transport is closing
380	415	0	415	rpc error: code = Unavailable desc = transport is closing
380	443	0	443	rpc error: code = Unavailable desc = transport is closing
380	408	0	408	rpc error: code = Unavailable desc = transport is closing
380	1366	0	1366	rpc error: code = Unavailable desc = transport is closing
380	411	0	411	rpc error: code = Unavailable desc = transport is closing
380	440	0	440	rpc error: code = Unavailable desc = transport is closing
380	412	0	412	rpc error: code = Unavailable desc = transport is closing
380	407	0	407	rpc error: code = Unavailable desc = transport is closing
380	446	0	446	rpc error: code = Unavailable desc = transport is closing
380	1359	0	1359	rpc error: code = Unavailable desc = transport is closing
380	1354	0	1354	rpc error: code = Unavailable desc = transport is closing
380	428	0	428	rpc error: code = Unavailable desc = transport is closing
380	424	0	424	rpc error: code = Unavailable desc = transport is closing
380	439	0	439	rpc error: code = Unavailable desc = transport is closing
380	406	0	406	rpc error: code = Unavailable desc = transport is closing
380	436	0	436	rpc error: code = Unavailable desc = transport is closing
380	1487	0	1487	rpc error: code = Unavailable desc = transport is closing
380	409	0	409	rpc error: code = Unavailable desc = transport is closing
380	416	0	416	rpc error: code = Unavailable desc = transport is closing
380	436	0	436	rpc error: code = Unavailable desc = transport is closing
380	435	0	435	rpc error: code = Unavailable desc = transport is closing
380	432	0	432	rpc error: code = Unavailable desc = transport is closing
380	1377	0	1377	rpc error: code = Unavailable desc = transport is closing
380	438	0	438	rpc error: code = Unavailable desc = transport is closing
380	430	0	430	rpc error: code = Unavailable desc = transport is closing
380	426	0	426	rpc error: code = Unavailable desc = transport is closing
380	408	0	408	rpc error: code = Unavailable desc = transport is closing
380	1159	0	1159	rpc error: code = Unavailable desc = transport is closing
380	427	0	427	rpc error: code = Unavailable desc = transport is closing
380	412	0	412	rpc error: code = Unavailable desc = transport is closing
380	426	0	426	rpc error: code = Unavailable desc = transport is closing
380	424	0	424	rpc error: code = Unavailable desc = transport is closing
380	421	0	421	rpc error: code = Unavailable desc = transport is closing
380	1369	0	1369	rpc error: code = Unavailable desc = transport is closing
380	1369	0	1369	rpc error: code = Unavailable desc = transport is closing
380	2738	0	2738	rpc error: code = Unavailable desc = transport is closing
380	434	0	434	rpc error: code = Unavailable desc = transport is closing
380	415	0	415	rpc error: code = Unavailable desc = transport is closing
380	449	0	449	rpc error: code = Unavailable desc = transport is closing
380	2671	0	2671	rpc error: code = Unavailable desc = transport is closing
380	415	0	415	rpc error: code = Unavailable desc = transport is closing
380	437	0	437	rpc error: code = Unavailable desc = transport is closing
380	407	0	407	rpc error: code = Unavailable desc = transport is closing
380	412	0	412	rpc error: code = Unavailable desc = transport is closing
380	427	0	427	rpc error: code = Unavailable desc = transport is closing
380	1194	210	1404	<nil>
380	170	209	379	<nil>
380	371	0	371	rpc error: code = Unavailable desc = transport is closing
380	218	226	444	<nil>
380	14882	225	15107	<nil>
380	3119	226	3345	<nil>
380	175	222	397	<nil>
380	124	225	349	<nil>
380	158	226	384	<nil>
380	186	230	416	<nil>
380	187	229	416	<nil>
380	2668	229	2897	<nil>
380	212	231	443	<nil>
380	176	226	402	<nil>
380	121	230	351	<nil>
380	219	229	448	<nil>
380	1194	252	1446	<nil>
380	1201	259	1460	<nil>
380	183	323	506	<nil>
380	173	323	496	<nil>
380	459	0	459	rpc error: code = Unavailable desc = transport is closing
380	1202	368	1570	<nil>
380	121	368	489	<nil>
380	87	336	423	<nil>
380	93	356	449	<nil>
380	2912	355	3267	<nil>
380	2916	363	3279	<nil>
380	2912	367	3279	<nil>
380	2909	366	3275	<nil>
380	418	0	418	rpc error: code = Unavailable desc = transport is closing
380	510	0	510	rpc error: code = Unavailable desc = transport is closing
380	88	389	477	<nil>
380	95	391	486	<nil>
380	138	333	471	<nil>
380	460	0	460	rpc error: code = Unavailable desc = transport is closing
380	149	331	480	<nil>
380	480	0	480	rpc error: code = Unavailable desc = transport is closing
380	465	0	465	rpc error: code = Unavailable desc = transport is closing
380	486	0	486	rpc error: code = Unavailable desc = transport is closing
380	2730	332	3062	<nil>
380	2969	333	3302	<nil>
380	62	390	452	<nil>
380	447	0	447	rpc error: code = Unavailable desc = transport is closing
380	483	0	483	rpc error: code = Unavailable desc = transport is closing
380	414	0	414	rpc error: code = Unavailable desc = transport is closing
380	455	0	455	rpc error: code = Unavailable desc = transport is closing
380	113	335	448	<nil>
380	113	333	446	<nil>
380	1471	0	1471	rpc error: code = Unavailable desc = transport is closing
380	455	0	455	rpc error: code = Unavailable desc = transport is closing
380	516	0	516	rpc error: code = Unavailable desc = transport is closing
380	419	0	419	rpc error: code = Unavailable desc = transport is closing
380	422	0	422	rpc error: code = Unavailable desc = transport is closing
380	425	0	425	rpc error: code = Unavailable desc = transport is closing
380	420	0	420	rpc error: code = Unavailable desc = transport is closing
380	481	0	481	rpc error: code = Unavailable desc = transport is closing
380	480	0	480	rpc error: code = Unavailable desc = transport is closing
380	401	0	401	rpc error: code = Unavailable desc = transport is closing
380	401	0	401	rpc error: code = Unavailable desc = transport is closing
380	515	0	515	rpc error: code = Unavailable desc = transport is closing
380	504	0	504	rpc error: code = Unavailable desc = transport is closing
380	452	0	452	rpc error: code = Unavailable desc = transport is closing
380	484	0	484	rpc error: code = Unavailable desc = transport is closing
380	380	0	380	rpc error: code = Unavailable desc = transport is closing
380	501	0	501	rpc error: code = Unavailable desc = transport is closing
380	454	0	454	rpc error: code = Unavailable desc = transport is closing
380	497	0	497	rpc error: code = Unavailable desc = transport is closing
380	520	0	520	rpc error: code = Unavailable desc = transport is closing
380	461	0	461	rpc error: code = Unavailable desc = transport is closing
380	518	0	518	rpc error: code = Unavailable desc = transport is closing
380	424	0	424	rpc error: code = Unavailable desc = transport is closing
380	469	0	469	rpc error: code = Unavailable desc = transport is closing
380	464	0	464	rpc error: code = Unavailable desc = transport is closing
380	511	0	511	rpc error: code = Unavailable desc = transport is closing
380	449	0	449	rpc error: code = Unavailable desc = transport is closing
380	456	0	456	rpc error: code = Unavailable desc = transport is closing
380	515	0	515	rpc error: code = Unavailable desc = transport is closing
380	452	0	452	rpc error: code = Unavailable desc = transport is closing
380	125	434	559	<nil>
380	2777	429	3206	<nil>
380	1454	0	1454	rpc error: code = Unavailable desc = transport is closing
380	513	0	513	rpc error: code = Unavailable desc = transport is closing
380	460	0	460	rpc error: code = Unavailable desc = transport is closing
380	1450	0	1450	rpc error: code = Unavailable desc = transport is closing
380	473	0	473	rpc error: code = Unavailable desc = transport is closing
380	425	0	425	rpc error: code = Unavailable desc = transport is closing
380	1483	0	1483	rpc error: code = Unavailable desc = transport is closing
380	504	0	504	rpc error: code = Unavailable desc = transport is closing
380	453	0	453	rpc error: code = Unavailable desc = transport is closing
380	379	0	379	rpc error: code = Unavailable desc = transport is closing
380	459	0	459	rpc error: code = Unavailable desc = transport is closing
380	428	0	428	rpc error: code = Unavailable desc = transport is closing
380	521	0	521	rpc error: code = Unavailable desc = transport is closing
380	418	0	418	rpc error: code = Unavailable desc = transport is closing
380	446	0	446	rpc error: code = Unavailable desc = transport is closing
380	461	0	461	rpc error: code = Unavailable desc = transport is closing
380	477	0	477	rpc error: code = Unavailable desc = transport is closing
380	461	0	461	rpc error: code = Unavailable desc = transport is closing
380	1484	0	1484	rpc error: code = Unavailable desc = transport is closing
380	516	0	516	rpc error: code = Unavailable desc = transport is closing
380	381	0	381	rpc error: code = Unavailable desc = transport is closing
380	173	354	527	<nil>
380	144	430	574	<nil>
380	118	461	579	<nil>
380	121	461	582	<nil>
380	114	466	580	<nil>
380	174	354	528	<nil>
380	2971	460	3431	<nil>
380	188	365	553	<nil>
380	448	0	448	rpc error: code = Unavailable desc = transport is closing
380	169	354	523	<nil>
380	148	423	571	<nil>
380	3080	422	3502	<nil>
380	176	448	624	<nil>
380	173	427	600	<nil>
380	152	449	601	<nil>
380	2848	449	3297	<nil>
380	2758	378	3136	<nil>
380	197	435	632	<nil>
380	198	433	631	<nil>
380	142	411	553	<nil>
380	436	0	436	rpc error: code = Unavailable desc = transport is closing
380	146	408	554	<nil>
380	176	456	632	<nil>
380	2860	411	3271	<nil>
380	160	384	544	<nil>
380	159	400	559	<nil>
380	146	408	554	<nil>
380	151	457	608	<nil>
380	153	455	608	<nil>
380	157	388	545	<nil>
380	294	250	544	<nil>
380	306	250	556	<nil>
380	2928	377	3305	<nil>
380	270	251	521	<nil>
380	177	372	549	<nil>
380	316	242	558	<nil>
380	266	271	537	<nil>
380	245	286	531	<nil>
380	178	382	560	<nil>
380	185	372	557	<nil>
380	183	373	556	<nil>
380	174	373	547	<nil>
380	146	411	557	<nil>
380	286	252	538	<nil>
380	275	262	537	<nil>
380	318	249	567	<nil>
380	297	262	559	<nil>
380	476	0	476	rpc error: code = Unavailable desc = transport is closing
380	255	318	573	<nil>
380	16474	321	16795	<nil>
380	392	0	392	rpc error: code = Unavailable desc = transport is closing
380	3297	319	3616	<nil>
380	3091	315	3406	<nil>
380	265	317	582	<nil>
380	269	319	588	<nil>
380	331	318	649	<nil>
380	273	316	589	<nil>
380	327	322	649	<nil>
380	260	319	579	<nil>
380	451	0	451	rpc error: code = Unavailable desc = transport is closing
380	462	0	462	rpc error: code = Unavailable desc = transport is closing
380	512	0	512	rpc error: code = Unavailable desc = transport is closing
380	418	0	418	rpc error: code = Unavailable desc = transport is closing
380	500	0	500	rpc error: code = Unavailable desc = transport is closing
380	501	0	501	rpc error: code = Unavailable desc = transport is closing
380	446	0	446	rpc error: code = Unavailable desc = transport is closing
380	460	0	460	rpc error: code = Unavailable desc = transport is closing
380	457	0	457	rpc error: code = Unavailable desc = transport is closing
380	481	0	481	rpc error: code = Unavailable desc = transport is closing
380	453	0	453	rpc error: code = Unavailable desc = transport is closing
380	472	0	472	rpc error: code = Unavailable desc = transport is closing
380	455	0	455	rpc error: code = Unavailable desc = transport is closing
380	1444	0	1444	rpc error: code = Unavailable desc = transport is closing
380	332	0	332	rpc error: code = Unavailable desc = transport is closing
380	506	0	506	rpc error: code = Unavailable desc = transport is closing
380	332	0	332	rpc error: code = Unavailable desc = transport is closing
380	331	0	331	rpc error: code = Unavailable desc = transport is closing
380	463	0	463	rpc error: code = Unavailable desc = transport is closing
380	512	0	512	rpc error: code = Unavailable desc = transport is closing
380	518	0	518	rpc error: code = Unavailable desc = transport is closing
380	1445	0	1445	rpc error: code = Unavailable desc = transport is closing
380	492	0	492	rpc error: code = Unavailable desc = transport is closing
380	503	0	503	rpc error: code = Unavailable desc = transport is closing
380	509	0	509	rpc error: code = Unavailable desc = transport is closing
380	331	0	331	rpc error: code = Unavailable desc = transport is closing
380	503	0	503	rpc error: code = Unavailable desc = transport is closing
380	1472	0	1472	rpc error: code = Unavailable desc = transport is closing
380	452	0	452	rpc error: code = Unavailable desc = transport is closing
380	334	0	334	rpc error: code = Unavailable desc = transport is closing
380	343	0	343	rpc error: code = Unavailable desc = transport is closing
380	343	0	343	rpc error: code = Unavailable desc = transport is closing
380	338	0	338	rpc error: code = Unavailable desc = transport is closing
380	348	0	348	rpc error: code = Unavailable desc = transport is closing
380	358	0	358	rpc error: code = Unavailable desc = transport is closing
380	363	0	363	rpc error: code = Unavailable desc = transport is closing
380	366	0	366	rpc error: code = Unavailable desc = transport is closing
380	338	0	338	rpc error: code = Unavailable desc = transport is closing
380	333	0	333	rpc error: code = Unavailable desc = transport is closing
380	338	0	338	rpc error: code = Unavailable desc = transport is closing
380	361	0	361	rpc error: code = Unavailable desc = transport is closing
380	360	0	360	rpc error: code = Unavailable desc = transport is closing
380	359	0	359	rpc error: code = Unavailable desc = transport is closing
380	353	0	353	rpc error: code = Unavailable desc = transport is closing
380	360	0	360	rpc error: code = Unavailable desc = transport is closing
380	360	305	665	<nil>
380	315	306	621	<nil>
380	368	298	666	<nil>
380	317	305	622	<nil>
380	348	310	658	<nil>
380	351	307	658	<nil>
380	352	311	663	<nil>
380	363	308	671	<nil>
380	370	301	671	<nil>
380	361	302	663	<nil>
380	316	315	631	<nil>
380	367	304	671	<nil>
380	385	281	666	<nil>
380	430	286	716	<nil>
380	448	272	720	<nil>
380	481	241	722	<nil>
380	404	274	678	<nil>
380	458	263	721	<nil>
380	405	274	679	<nil>
380	448	273	721	<nil>
380	484	237	721	<nil>
380	448	275	723	<nil>
380	487	236	723	<nil>
380	486	239	725	<nil>
380	471	244	715	<nil>
380	497	219	716	<nil>
380	436	243	679	<nil>
380	481	244	725	<nil>
380	485	240	725	<nil>
380	483	232	715	<nil>
380	484	240	724	<nil>
380	493	224	717	<nil>
380	338	211	549	<nil>
380	508	213	721	<nil>
380	9546	241	9787	<nil>
380	487	241	728	<nil>
380	477	245	722	<nil>
380	487	241	728	<nil>
380	472	250	722	<nil>
380	483	244	727	<nil>
380	444	242	686	<nil>
380	481	251	732	<nil>
380	330	212	542	<nil>
380	16724	272	16996	<nil>
380	485	246	731	<nil>
380	487	242	729	<nil>
380	330	233	563	<nil>
380	359	238	597	<nil>
380	517	237	754	<nil>
380	383	236	619	<nil>
380	359	239	598	<nil>
380	353	234	587	<nil>
380	519	234	753	<nil>
380	411	254	665	<nil>
380	520	281	801	<nil>
380	336	316	652	<nil>
380	324	313	637	<nil>
380	346	292	638	<nil>
380	345	292	637	<nil>
380	365	269	634	<nil>
380	347	294	641	<nil>
380	345	293	638	<nil>
380	362	294	656	<nil>
380	314	325	639	<nil>
380	340	295	635	<nil>
380	328	293	621	<nil>
380	350	273	623	<nil>
380	364	293	657	<nil>
380	364	307	671	<nil>
380	354	306	660	<nil>
380	392	312	704	<nil>
380	371	306	677	<nil>
380	354	303	657	<nil>
380	341	335	676	<nil>
380	372	303	675	<nil>
380	361	314	675	<nil>
380	362	307	669	<nil>
380	357	315	672	<nil>
380	360	315	675	<nil>
380	282	304	586	<nil>
380	369	307	676	<nil>
380	285	304	589	<nil>
380	358	319	677	<nil>
380	278	302	580	<nil>
380	359	320	679	<nil>
380	280	309	589	<nil>
380	1309	310	1619	<nil>
380	370	321	691	<nil>
380	359	319	678	<nil>
380	361	321	682	<nil>
380	361	323	684	<nil>
380	371	324	695	<nil>
380	373	323	696	<nil>
380	360	323	683	<nil>
380	373	322	695	<nil>
380	362	323	685	<nil>
380	372	324	696	<nil>
380	360	321	681	<nil>
380	357	324	681	<nil>
380	360	324	684	<nil>
380	358	324	682	<nil>
380	360	325	685	<nil>
380	373	323	696	<nil>
380	370	325	695	<nil>
380	279	302	581	<nil>
380	368	328	696	<nil>
380	320	254	574	<nil>
380	320	253	573	<nil>
380	299	279	578	<nil>
380	279	309	588	<nil>
380	357	324	681	<nil>
380	358	341	699	<nil>
380	371	342	713	<nil>
380	322	275	597	<nil>
380	324	275	599	<nil>
380	325	275	600	<nil>
380	316	276	592	<nil>
380	322	275	597	<nil>
380	324	276	600	<nil>
380	359	242	601	<nil>
380	324	278	602	<nil>
380	351	241	592	<nil>
380	362	242	604	<nil>
380	350	242	592	<nil>
380	349	242	591	<nil>
380	312	242	554	<nil>
380	362	242	604	<nil>
380	349	242	591	<nil>
380	360	250	610	<nil>
380	355	250	605	<nil>
380	350	250	600	<nil>
380	350	250	600	<nil>
380	350	251	601	<nil>
380	350	258	608	<nil>
380	363	375	738	<nil>
380	293	355	648	<nil>
380	352	375	727	<nil>
380	356	379	735	<nil>
380	363	378	741	<nil>
380	1304	413	1717	<nil>
380	299	408	707	<nil>
380	300	413	713	<nil>
380	325	382	707	<nil>
380	301	411	712	<nil>
380	319	378	697	<nil>
380	292	414	706	<nil>
380	295	411	706	<nil>
380	324	382	706	<nil>
380	307	380	687	<nil>
380	323	385	708	<nil>
380	322	385	707	<nil>
380	318	381	699	<nil>
380	324	378	702	<nil>
380	322	384	706	<nil>
380	305	386	691	<nil>
380	323	387	710	<nil>
380	9865	386	10251	<nil>
380	323	384	707	<nil>
380	299	395	694	<nil>
380	340	413	753	<nil>
380	352	402	754	<nil>
380	324	429	753	<nil>
380	341	413	754	<nil>
380	383	391	774	<nil>
380	369	385	754	<nil>
380	368	384	752	<nil>
380	393	384	777	<nil>
380	391	383	774	<nil>
380	338	416	754	<nil>
380	339	416	755	<nil>
380	339	416	755	<nil>
380	347	407	754	<nil>
380	370	387	757	<nil>
380	340	416	756	<nil>
380	324	1100	1424	<nil>
380	5250	1100	6350	<nil>
380	5293	1056	6349	<nil>
380	5614	1055	6669	<nil>
380	375	1032	1407	<nil>
380	382	1025	1407	<nil>
380	374	1030	1404	<nil>
380	379	1027	1406	<nil>
380	375	1032	1407	<nil>
380	361	1051	1412	<nil>
380	368	1013	1381	<nil>
380	375	1035	1410	<nil>
380	359	1023	1382	<nil>
380	345	1029	1374	<nil>
380	375	1032	1407	<nil>
380	3099	1018	4117	<nil>
380	10047	1043	11090	<nil>
380	333	1046	1379	<nil>
380	1338	1042	2380	<nil>
380	1395	931	2326	<nil>
380	5302	1052	6354	<nil>
380	392	940	1332	<nil>
380	5334	1051	6385	<nil>
380	369	944	1313	<nil>
380	1369	1050	2419	<nil>
380	306	1049	1355	<nil>
380	306	1050	1356	<nil>
380	401	883	1284	<nil>
380	347	1046	1393	<nil>
380	3208	932	4140	<nil>
380	296	1052	1348	<nil>
380	341	1052	1393	<nil>
380	392	939	1331	<nil>
380	310	1047	1357	<nil>
380	5411	1047	6458	<nil>
380	306	1052	1358	<nil>
380	315	1043	1358	<nil>
380	314	1041	1355	<nil>
380	1426	899	2325	<nil>
380	1431	896	2327	<nil>
380	307	1050	1357	<nil>
380	343	1051	1394	<nil>
380	343	1048	1391	<nil>
380	298	1054	1352	<nil>
380	1331	1050	2381	<nil>
380	3094	1036	4130	<nil>
380	393	933	1326	<nil>
380	1394	933	2327	<nil>
380	304	1053	1357	<nil>
380	1330	1050	2380	<nil>
380	396	900	1296	<nil>
380	385	897	1282	<nil>
380	390	900	1290	<nil>
380	1345	1048	2393	<nil>
380	1426	910	2336	<nil>
380	1394	945	2339	<nil>
380	1393	945	2338	<nil>
380	402	883	1285	<nil>
380	401	884	1285	<nil>
380	1330	1050	2380	<nil>
380	392	933	1325	<nil>
380	405	881	1286	<nil>
380	405	880	1285	<nil>
380	337	1066	1403	<nil>
380	350	1067	1417	<nil>
380	344	1069	1413	<nil>
380	343	1074	1417	<nil>
380	374	893	1267	<nil>
380	376	894	1270	<nil>
380	407	892	1299	<nil>
380	399	893	1292	<nil>
380	3276	893	4169	<nil>
380	378	893	1271	<nil>
380	3276	890	4166	<nil>
380	402	890	1292	<nil>
380	3277	893	4170	<nil>
380	403	893	1296	<nil>
380	388	0	388	rpc error: code = Unavailable desc = transport is closing
380	387	999	1386	<nil>
380	408	997	1405	<nil>
380	3293	997	4290	<nil>
380	386	999	1385	<nil>
380	382	1000	1382	<nil>
380	3290	1000	4290	<nil>
380	342	948	1290	<nil>
380	299	991	1290	<nil>
380	3289	1000	4289	<nil>
380	377	0	377	rpc error: code = Unavailable desc = transport is closing
380	417	1000	1417	<nil>
380	382	999	1381	<nil>
380	332	958	1290	<nil>
380	419	1004	1423	<nil>
380	352	1007	1359	<nil>
380	314	977	1291	<nil>
380	299	1009	1308	<nil>
380	299	1010	1309	<nil>
380	316	975	1291	<nil>
380	330	1001	1331	<nil>
380	386	1000	1386	<nil>
380	315	977	1292	<nil>
380	382	1000	1382	<nil>
380	382	1006	1388	<nil>
380	386	1001	1387	<nil>
380	386	1007	1393	<nil>
380	411	1007	1418	<nil>
380	393	1004	1397	<nil>
380	416	1007	1423	<nil>
380	386	1007	1393	<nil>
380	417	1009	1426	<nil>
380	320	975	1295	<nil>
380	405	0	405	rpc error: code = Unavailable desc = transport is closing
380	449	0	449	rpc error: code = Unavailable desc = transport is closing
380	439	0	439	rpc error: code = Unavailable desc = transport is closing
380	329	0	329	rpc error: code = Unavailable desc = transport is closing
380	439	0	439	rpc error: code = Unavailable desc = transport is closing
380	405	0	405	rpc error: code = Unavailable desc = transport is closing
380	324	0	324	rpc error: code = Unavailable desc = transport is closing
380	323	0	323	rpc error: code = Unavailable desc = transport is closing
380	323	0	323	rpc error: code = Unavailable desc = transport is closing
380	322	0	322	rpc error: code = Unavailable desc = transport is closing
380	418	0	418	rpc error: code = Unavailable desc = transport is closing
380	323	0	323	rpc error: code = Unavailable desc = transport is closing
380	324	0	324	rpc error: code = Unavailable desc = transport is closing
380	323	0	323	rpc error: code = Unavailable desc = transport is closing
380	322	0	322	rpc error: code = Unavailable desc = transport is closing
380	396	0	396	rpc error: code = Unavailable desc = transport is closing
380	407	0	407	rpc error: code = Unavailable desc = transport is closing
380	418	0	418	rpc error: code = Unavailable desc = transport is closing
380	413	0	413	rpc error: code = Unavailable desc = transport is closing
380	321	0	321	rpc error: code = Unavailable desc = transport is closing
380	396	0	396	rpc error: code = Unavailable desc = transport is closing
380	393	0	393	rpc error: code = Unavailable desc = transport is closing
380	323	0	323	rpc error: code = Unavailable desc = transport is closing
380	3249	0	3249	rpc error: code = Unavailable desc = transport is closing
380	404	0	404	rpc error: code = Unavailable desc = transport is closing
380	402	0	402	rpc error: code = Unavailable desc = transport is closing
380	396	1008	1404	<nil>
380	310	0	310	rpc error: code = Unavailable desc = transport is closing
380	332	0	332	rpc error: code = Unavailable desc = transport is closing
380	349	1033	1382	<nil>
380	1061	306	1367	<nil>
380	1079	306	1385	<nil>
380	4104	307	4411	<nil>
380	1046	306	1352	<nil>
380	4114	320	4434	<nil>
380	1048	319	1367	<nil>
380	1049	319	1368	<nil>
380	1049	319	1368	<nil>
380	1020	320	1340	<nil>
380	1021	319	1340	<nil>
380	1052	319	1371	<nil>
380	2027	321	2348	<nil>
380	1028	320	1348	<nil>
380	1028	320	1348	<nil>
380	2016	320	2336	<nil>
380	1028	319	1347	<nil>
380	1029	320	1349	<nil>
380	997	321	1318	<nil>
380	1026	320	1346	<nil>
380	2023	321	2344	<nil>
380	1022	321	1343	<nil>
380	1051	328	1379	<nil>
380	1045	355	1400	<nil>
380	1047	356	1403	<nil>
380	2037	356	2393	<nil>
380	4132	361	4493	<nil>
380	2035	361	2396	<nil>
380	1073	357	1430	<nil>
380	1073	378	1451	<nil>
380	1060	383	1443	<nil>
380	1050	402	1452	<nil>
380	1050	402	1452	<nil>
380	1003	0	1003	rpc error: code = Unavailable desc = transport is closing
380	1051	402	1453	<nil>
380	1100	396	1496	<nil>
380	1081	403	1484	<nil>
380	1072	395	1467	<nil>
380	1042	414	1456	<nil>
380	1097	377	1474	<nil>
380	2064	391	2455	<nil>
380	4159	401	4560	<nil>
380	1079	390	1469	<nil>
380	1080	394	1474	<nil>
380	1078	395	1473	<nil>
380	3423	401	3824	<nil>
380	1072	401	1473	<nil>
380	1076	393	1469	<nil>
380	2081	392	2473	<nil>
380	1073	402	1475	<nil>
380	1079	385	1464	<nil>
380	1054	404	1458	<nil>
380	1071	385	1456	<nil>
380	1004	282	1286	<nil>
380	2055	406	2461	<nil>
380	1079	391	1470	<nil>
380	1075	401	1476	<nil>
380	1080	397	1477	<nil>
380	4159	403	4562	<nil>
380	1072	405	1477	<nil>
380	1081	383	1464	<nil>
380	4166	396	4562	<nil>
380	1065	395	1460	<nil>
380	4162	398	4560	<nil>
380	916	395	1311	<nil>
380	1079	404	1483	<nil>
380	1054	400	1454	<nil>
380	1079	390	1469	<nil>
380	2050	414	2464	<nil>
380	967	392	1359	<nil>
380	1082	383	1465	<nil>
380	4217	355	4572	<nil>
380	1006	281	1287	<nil>
380	1070	404	1474	<nil>
380	1054	407	1461	<nil>
380	11205	325	11530	<nil>
380	1080	395	1475	<nil>
380	1005	281	1286	<nil>
380	1010	282	1292	<nil>
380	1004	282	1286	<nil>
380	1017	351	1368	<nil>
380	1018	351	1369	<nil>
380	1021	351	1372	<nil>
380	1022	350	1372	<nil>
380	1018	351	1369	<nil>
380	1022	350	1372	<nil>
380	1018	351	1369	<nil>
380	1022	351	1373	<nil>
380	1022	351	1373	<nil>
380	1089	308	1397	<nil>
380	1058	338	1396	<nil>
380	1083	308	1391	<nil>
380	1047	350	1397	<nil>
380	1068	299	1367	<nil>
380	1055	0	1055	rpc error: code = Unavailable desc = transport is closing
380	1053	0	1053	rpc error: code = Unavailable desc = transport is closing
380	1054	0	1054	rpc error: code = Unavailable desc = transport is closing
380	1055	0	1055	rpc error: code = Unavailable desc = transport is closing
380	1056	0	1056	rpc error: code = Unavailable desc = transport is closing
380	1055	0	1055	rpc error: code = Unavailable desc = transport is closing
380	1054	0	1054	rpc error: code = Unavailable desc = transport is closing
380	1054	0	1054	rpc error: code = Unavailable desc = transport is closing
380	1054	0	1054	rpc error: code = Unavailable desc = transport is closing
380	1056	0	1056	rpc error: code = Unavailable desc = transport is closing
380	1053	327	1380	<nil>
380	1053	327	1380	<nil>
380	1053	327	1380	<nil>
380	1054	326	1380	<nil>
380	1054	326	1380	<nil>
380	1330	0	1330	rpc error: code = Unavailable desc = transport is closing
380	1329	0	1329	rpc error: code = Unavailable desc = transport is closing
380	328	0	328	rpc error: code = Unavailable desc = transport is closing
380	332	0	332	rpc error: code = Unavailable desc = transport is closing
380	339	0	339	rpc error: code = Unavailable desc = transport is closing
380	340	0	340	rpc error: code = Unavailable desc = transport is closing
380	346	0	346	rpc error: code = Unavailable desc = transport is closing
380	346	0	346	rpc error: code = Unavailable desc = transport is closing
380	368	0	368	rpc error: code = Unavailable desc = transport is closing
380	345	0	345	rpc error: code = Unavailable desc = transport is closing
380	362	0	362	rpc error: code = Unavailable desc = transport is closing
380	402	0	402	rpc error: code = Unavailable desc = transport is closing
380	402	0	402	rpc error: code = Unavailable desc = transport is closing
380	1411	0	1411	rpc error: code = Unavailable desc = transport is closing
380	425	113	538	<nil>
380	393	147	540	<nil>
380	426	119	545	<nil>
380	422	123	545	<nil>
380	402	144	546	<nil>
380	395	144	539	<nil>
380	320	108	428	<nil>
380	424	116	540	<nil>
380	342	108	450	<nil>
380	315	94	409	<nil>
380	397	148	545	<nil>
380	395	146	541	<nil>
380	283	5	288	<nil>
380	284	6	290	<nil>
380	336	80	416	<nil>
380	400	145	545	<nil>
380	259	26	285	<nil>
380	263	22	285	<nil>
380	270	17	287	<nil>
380	264	21	285	<nil>
380	268	18	286	<nil>
380	259	29	288	<nil>
380	197	13	210	<nil>
380	258	27	285	<nil>
380	259	31	290	<nil>
380	156	14	170	<nil>
380	264	31	295	<nil>
380	262	23	285	<nil>
380	53	3	56	<nil>
380	314	56	370	<nil>
380	312	55	367	<nil>
380	426	141	567	<nil>
380	318	59	377	<nil>
380	323	95	418	<nil>
380	400	171	571	<nil>
380	282	7	289	<nil>
380	116	1	117	<nil>
380	117	1	118	<nil>
380	111	23	134	<nil>
380	285	10	295	<nil>
380	116	1	117	<nil>
380	110	23	133	<nil>
380	143	23	166	<nil>
380	145	23	168	<nil>
380	146	22	168	<nil>
380	53	4	57	<nil>
380	153	13	166	<nil>
380	169	13	182	<nil>
380	153	14	167	<nil>
380	196	12	208	<nil>
380	285	9	294	<nil>
380	280	12	292	<nil>
380	198	10	208	<nil>
380	53	1	54	<nil>
380	117	18	135	<nil>
380	172	13	185	<nil>
380	281	12	293	<nil>
380	111	24	135	<nil>
380	266	27	293	<nil>
380	322	80	402	<nil>
380	279	15	294	<nil>
380	263	23	286	<nil>
380	261	27	288	<nil>
380	196	16	212	<nil>
380	3168	58	3226	<nil>
380	199	11	210	<nil>
380	2494	3	2497	<nil>
380	423	144	567	<nil>
380	155	13	168	<nil>
380	297	0	297	<nil>
380	115	3	118	<nil>
380	3036	21	3057	<nil>
380	293	3	296	<nil>
380	322	170	492	<nil>
380	322	145	467	<nil>
380	337	153	490	<nil>
380	340	150	490	<nil>
380	251	32	283	<nil>
380	143	26	169	<nil>
380	160	13	173	<nil>
380	269	17	286	<nil>
380	151	13	164	<nil>
380	177	13	190	<nil>
380	157	11	168	<nil>
380	163	17	180	<nil>
380	356	20	376	<nil>
380	172	17	189	<nil>
380	148	16	164	<nil>
380	5022	15	5037	<nil>
380	171	17	188	<nil>
380	165	5	170	<nil>
380	151	12	163	<nil>
380	158	6	164	<nil>
380	170	17	187	<nil>
380	161	15	176	<nil>
380	156	8	164	<nil>
380	158	7	165	<nil>
380	161	12	173	<nil>
380	264	23	287	<nil>
380	165	8	173	<nil>
380	160	8	168	<nil>
380	168	6	174	<nil>
380	159	9	168	<nil>
380	163	5	168	<nil>
380	156	11	167	<nil>
380	157	11	168	<nil>
380	161	16	177	<nil>
380	168	17	185	<nil>
380	161	16	177	<nil>
380	163	17	180	<nil>
380	161	16	177	<nil>
380	161	17	178	<nil>
380	90	64	154	<nil>
380	28855	53	28908	<nil>
380	163	55	218	<nil>
380	168	64	232	<nil>
380	178	579	757	<nil>
380	177	580	757	<nil>
380	179	581	760	<nil>
380	179	580	759	<nil>
380	178	580	758	<nil>
380	177	580	757	<nil>
380	181	582	763	<nil>
380	178	582	760	<nil>
380	178	583	761	<nil>
380	170	590	760	<nil>
380	176	585	761	<nil>
380	176	585	761	<nil>
380	179	583	762	<nil>
380	175	586	761	<nil>
380	178	582	760	<nil>
380	2913	583	3496	<nil>
380	177	583	760	<nil>
380	175	587	762	<nil>
380	82	589	671	<nil>
380	221	540	761	<nil>
380	174	588	762	<nil>
380	176	583	759	<nil>
380	176	586	762	<nil>
380	177	583	760	<nil>
380	223	538	761	<nil>
380	178	583	761	<nil>
380	180	581	761	<nil>
380	177	583	760	<nil>
380	173	587	760	<nil>
380	65	568	633	<nil>
380	230	569	799	<nil>
380	246	569	815	<nil>
380	63	570	633	<nil>
380	61	568	629	<nil>
380	58	569	627	<nil>
380	10694	53	10747	<nil>
380	597	54	651	<nil>
380	584	54	638	<nil>
380	589	54	643	<nil>
380	585	54	639	<nil>
380	620	25	645	<nil>
380	620	35	655	<nil>
380	623	36	659	<nil>
380	620	36	656	<nil>
380	628	31	659	<nil>
380	588	31	619	<nil>
380	585	31	616	<nil>
380	631	32	663	<nil>
380	2886	32	2918	<nil>
380	627	32	659	<nil>
380	628	31	659	<nil>
380	620	39	659	<nil>
380	586	32	618	<nil>
380	586	31	617	<nil>
380	620	39	659	<nil>
380	620	39	659	<nil>
380	55	18	73	<nil>
380	626	39	665	<nil>
380	620	39	659	<nil>
380	619	39	658	<nil>
380	629	30	659	<nil>
380	627	31	658	<nil>
380	587	26	613	<nil>
380	632	31	663	<nil>
380	559	26	585	<nil>
380	67	5	72	<nil>
380	1579	22	1601	<nil>
380	588	30	618	<nil>
380	632	31	663	<nil>
380	621	38	659	<nil>
380	55	17	72	<nil>
380	627	33	660	<nil>
380	628	32	660	<nil>
380	69	15	84	<nil>
380	68	18	86	<nil>
380	68	17	85	<nil>
380	68	61	129	<nil>
380	69	60	129	<nil>
380	71	62	133	<nil>
380	67	87	154	<nil>
380	68	95	163	<nil>
380	71	98	169	<nil>
380	68	100	168	<nil>
380	68	99	167	<nil>
380	71	97	168	<nil>
380	70	97	167	<nil>
380	72	97	169	<nil>
380	5704	101	5805	<nil>
380	68	100	168	<nil>
380	34	122	156	<nil>
380	47	124	171	<nil>
380	31	124	155	<nil>
380	93	45	138	<nil>
380	92	45	137	<nil>
380	84	42	126	<nil>
380	46	124	170	<nil>
380	130	3	133	<nil>
380	5800	51	5851	<nil>
380	70	148	218	<nil>
380	71	145	216	<nil>
380	71	152	223	<nil>
380	9525	138	9663	<nil>
380	49	131	180	<nil>
380	107	32	139	<nil>
380	110	33	143	<nil>
380	33	138	171	<nil>
380	69	155	224	<nil>
380	71	152	223	<nil>
380	86	57	143	<nil>
380	109	34	143	<nil>
380	92	60	152	<nil>
380	70	155	225	<nil>
380	2915	153	3068	<nil>
380	70	152	222	<nil>
380	94	62	156	<nil>
380	77	14	91	<nil>
380	71	152	223	<nil>
380	86	57	143	<nil>
380	45	140	185	<nil>
380	86	59	145	<nil>
380	111	38	149	<nil>
380	110	69	179	<nil>
380	2895	155	3050	<nil>
380	79	75	154	<nil>
380	50	155	205	<nil>
380	126	34	160	<nil>
380	111	49	160	<nil>
380	130	32	162	<nil>
380	130	32	162	<nil>
380	2612	48	2660	<nil>
380	132	60	192	<nil>
380	131	66	197	<nil>
380	130	62	192	<nil>
380	125	79	204	<nil>
380	130	79	209	<nil>
380	127	81	208	<nil>
380	130	91	221	<nil>
380	1094	90	1184	<nil>
380	2941	125	3066	<nil>
380	126	95	221	<nil>
380	130	81	211	<nil>
380	69	123	192	<nil>
380	130	128	258	<nil>
380	64	124	188	<nil>
380	74	125	199	<nil>
380	2993	0	2993	rpc error: code = Unavailable desc = transport is closing
380	5850	146	5996	<nil>
380	50	146	196	<nil>
380	161	119	280	<nil>
380	166	119	285	<nil>
380	50	147	197	<nil>
380	161	119	280	<nil>
380	161	119	280	<nil>
380	145	0	145	rpc error: code = Unavailable desc = transport is closing
380	5406	146	5552	<nil>
380	155	0	155	rpc error: code = Unavailable desc = transport is closing
380	154	0	154	rpc error: code = Unavailable desc = transport is closing
380	162	118	280	<nil>
380	6004	2	6006	<nil>
380	2892	2	2894	<nil>
380	149	0	149	rpc error: code = Unavailable desc = transport is closing
380	179	3	182	<nil>
380	175	0	175	rpc error: code = Unavailable desc = transport is closing
380	159	4	163	<nil>
380	2894	3	2897	<nil>
380	158	2	160	<nil>
380	146	2	148	<nil>
380	143	19	162	<nil>
380	105	16	121	<nil>
380	170	6	176	<nil>
380	155	5	160	<nil>
380	144	20	164	<nil>
380	162	4	166	<nil>
380	143	4	147	<nil>
380	151	11	162	<nil>
380	106	0	106	rpc error: code = Unavailable desc = transport is closing
380	145	38	183	<nil>
380	173	5	178	<nil>
380	6019	10	6029	<nil>
380	94	10	104	<nil>
380	130	151	281	<nil>
380	161	0	161	rpc error: code = Unavailable desc = transport is closing
380	187	0	187	rpc error: code = Unavailable desc = transport is closing
380	156	19	175	<nil>
380	162	0	162	rpc error: code = Unavailable desc = transport is closing
380	150	6	156	<nil>
380	148	18	166	<nil>
380	149	7	156	<nil>
380	172	3	175	<nil>
380	149	7	156	<nil>
380	192	11	203	<nil>
380	153	4	157	<nil>
380	86	3	89	<nil>
380	1191	11	1202	<nil>
380	42	9	51	<nil>
380	157	4	161	<nil>
380	73	4	77	<nil>
380	179	0	179	rpc error: code = Unavailable desc = transport is closing
380	173	0	173	rpc error: code = Unavailable desc = transport is closing
380	74	0	74	rpc error: code = Unavailable desc = transport is closing
380	85	8	93	<nil>
380	174	0	174	rpc error: code = Unavailable desc = transport is closing
380	191	13	204	<nil>
380	134	5	139	<nil>
380	179	0	179	rpc error: code = Unavailable desc = transport is closing
380	115	7	122	<nil>
380	2966	9	2975	<nil>
380	153	5	158	<nil>
380	131	6	137	<nil>
380	148	10	158	<nil>
380	151	8	159	<nil>
380	150	9	159	<nil>
380	149	10	159	<nil>
380	173	0	173	rpc error: code = Unavailable desc = transport is closing
380	81	10	91	<nil>
380	161	9	170	<nil>
380	1148	7	1155	<nil>
380	126	11	137	<nil>
380	167	38	205	<nil>
380	127	10	137	<nil>
380	47	9	56	<nil>
380	151	8	159	<nil>
380	153	20	173	<nil>
380	264	0	264	rpc error: code = Unavailable desc = transport is closing
380	156	14	170	<nil>
380	134	14	148	<nil>
380	157	13	170	<nil>
380	155	15	170	<nil>
380	57	15	72	<nil>
380	157	14	171	<nil>
380	154	16	170	<nil>
380	135	13	148	<nil>
380	45	0	45	<nil>
380	170	0	170	rpc error: code = Unavailable desc = transport is closing
380	167	0	167	rpc error: code = Unavailable desc = transport is closing
380	171	0	171	rpc error: code = Unavailable desc = transport is closing
380	197	0	197	rpc error: code = Unavailable desc = transport is closing
380	196	0	196	rpc error: code = Unavailable desc = transport is closing
380	195	0	195	rpc error: code = Unavailable desc = transport is closing
380	180	25	205	<nil>
380	268	0	268	rpc error: code = Unavailable desc = transport is closing
380	211	28	239	<nil>
380	177	28	205	<nil>
380	167	29	196	<nil>
380	179	30	209	<nil>
380	177	30	207	<nil>
380	207	5	212	<nil>
380	209	9	218	<nil>
380	201	13	214	<nil>
380	187	16	203	<nil>
380	201	16	217	<nil>
380	207	10	217	<nil>
380	230	18	248	<nil>
380	196	17	213	<nil>
380	216	11	227	<nil>
380	270	0	270	rpc error: code = Unavailable desc = transport is closing
380	196	18	214	<nil>
380	204	19	223	<nil>
380	204	11	215	<nil>
380	188	26	214	<nil>
380	197	17	214	<nil>
380	198	17	215	<nil>
380	2985	16	3001	<nil>
380	281	0	281	rpc error: code = Unavailable desc = transport is closing
380	196	22	218	<nil>
380	196	18	214	<nil>
380	182	37	219	<nil>
380	193	19	212	<nil>
380	200	15	215	<nil>
380	193	21	214	<nil>
380	184	31	215	<nil>
380	203	10	213	<nil>
380	283	0	283	rpc error: code = Unavailable desc = transport is closing
380	202	17	219	<nil>
380	206	18	224	<nil>
380	237	17	254	<nil>
380	193	16	209	<nil>
380	202	17	219	<nil>
380	284	0	284	rpc error: code = Unavailable desc = transport is closing
380	206	18	224	<nil>
380	204	17	221	<nil>
380	237	17	254	<nil>
380	283	0	283	rpc error: code = Unavailable desc = transport is closing
380	259	0	259	rpc error: code = Unavailable desc = transport is closing
380	203	24	227	<nil>
380	209	101	310	<nil>
380	89	107	196	<nil>
380	227	108	335	<nil>
380	257	0	257	rpc error: code = Unavailable desc = transport is closing
380	254	0	254	rpc error: code = Unavailable desc = transport is closing
380	250	0	250	rpc error: code = Unavailable desc = transport is closing
380	269	0	269	rpc error: code = Unavailable desc = transport is closing
380	265	0	265	rpc error: code = Unavailable desc = transport is closing
380	264	0	264	rpc error: code = Unavailable desc = transport is closing
380	268	0	268	rpc error: code = Unavailable desc = transport is closing
380	260	0	260	rpc error: code = Unavailable desc = transport is closing
380	256	0	256	rpc error: code = Unavailable desc = transport is closing
380	257	0	257	rpc error: code = Unavailable desc = transport is closing
380	257	0	257	rpc error: code = Unavailable desc = transport is closing
380	258	0	258	rpc error: code = Unavailable desc = transport is closing
380	260	0	260	rpc error: code = Unavailable desc = transport is closing
380	259	0	259	rpc error: code = Unavailable desc = transport is closing
380	235	110	345	<nil>
380	222	111	333	<nil>
380	215	100	315	<nil>
380	222	113	335	<nil>
380	205	100	305	<nil>
380	3129	113	3242	<nil>
380	213	103	316	<nil>
380	204	113	317	<nil>
380	213	103	316	<nil>
380	235	113	348	<nil>
380	202	113	315	<nil>
380	207	114	321	<nil>
380	201	113	314	<nil>
380	202	113	315	<nil>
380	192	113	305	<nil>
380	201	114	315	<nil>
380	238	102	340	<nil>
380	213	103	316	<nil>
380	192	113	305	<nil>
380	309	8	317	<nil>
380	203	115	318	<nil>
380	202	107	309	<nil>
380	213	106	319	<nil>
380	204	128	332	<nil>
380	212	123	335	<nil>
380	104	23	127	<nil>
380	390	0	390	rpc error: code = Unavailable desc = transport is closing
380	213	121	334	<nil>
380	1141	125	1266	<nil>
380	107	11	118	<nil>
380	116	12	128	<nil>
380	111	12	123	<nil>
380	105	35	140	<nil>
380	115	14	129	<nil>
380	107	13	120	<nil>
380	116	13	129	<nil>
380	116	13	129	<nil>
380	116	13	129	<nil>
380	413	0	413	rpc error: code = Unavailable desc = transport is closing
380	121	2	123	<nil>
380	423	0	423	rpc error: code = Unavailable desc = transport is closing
380	423	0	423	rpc error: code = Unavailable desc = transport is closing
380	422	0	422	rpc error: code = Unavailable desc = transport is closing
380	399	0	399	rpc error: code = Unavailable desc = transport is closing
380	424	0	424	rpc error: code = Unavailable desc = transport is closing
380	362	0	362	rpc error: code = Unavailable desc = transport is closing
380	421	0	421	rpc error: code = Unavailable desc = transport is closing
380	421	0	421	rpc error: code = Unavailable desc = transport is closing
380	119	2	121	<nil>
380	107	16	123	<nil>
380	422	0	422	rpc error: code = Unavailable desc = transport is closing
380	116	18	134	<nil>
380	420	0	420	rpc error: code = Unavailable desc = transport is closing
380	416	0	416	rpc error: code = Unavailable desc = transport is closing
380	422	0	422	rpc error: code = Unavailable desc = transport is closing
380	383	0	383	rpc error: code = Unavailable desc = transport is closing
380	394	0	394	rpc error: code = Unavailable desc = transport is closing
380	111	21	132	<nil>
380	130	1	131	<nil>
380	105	24	129	<nil>
380	424	0	424	rpc error: code = Unavailable desc = transport is closing
380	422	0	422	rpc error: code = Unavailable desc = transport is closing
380	423	0	423	rpc error: code = Unavailable desc = transport is closing
380	112	23	135	<nil>
380	1149	113	1262	<nil>
380	226	113	339	<nil>
380	211	125	336	<nil>
380	258	113	371	<nil>
380	105	20	125	<nil>
380	423	0	423	rpc error: code = Unavailable desc = transport is closing
380	128	4	132	<nil>
380	210	122	332	<nil>
380	242	122	364	<nil>
380	202	125	327	<nil>
380	424	0	424	rpc error: code = Unavailable desc = transport is closing
380	230	123	353	<nil>
380	103	24	127	<nil>
380	213	125	338	<nil>
380	220	115	335	<nil>
380	112	7	119	<nil>
380	220	118	338	<nil>
380	38	120	158	<nil>
380	108	3	111	<nil>
380	424	0	424	rpc error: code = Unavailable desc = transport is closing
380	1122	124	1246	<nil>
380	249	112	361	<nil>
380	239	124	363	<nil>
380	107	24	131	<nil>
380	381	0	381	rpc error: code = Unavailable desc = transport is closing
380	422	0	422	rpc error: code = Unavailable desc = transport is closing
380	55	116	171	<nil>
380	425	0	425	rpc error: code = Unavailable desc = transport is closing
380	104	8	112	<nil>
380	212	126	338	<nil>
380	115	0	115	<nil>
380	105	9	114	<nil>
380	106	16	122	<nil>
380	425	0	425	rpc error: code = Unavailable desc = transport is closing
380	111	9	120	<nil>
380	97	32	129	<nil>
380	115	15	130	<nil>
380	117	19	136	<nil>
380	124	6	130	<nil>
380	98	28	126	<nil>
380	300	0	300	rpc error: code = Unavailable desc = transport is closing
380	1327	0	1327	rpc error: code = Unavailable desc = transport is closing
380	417	0	417	rpc error: code = Unavailable desc = transport is closing
380	241	119	360	<nil>
380	226	118	344	<nil>
380	106	11	117	<nil>
380	111	7	118	<nil>
380	254	119	373	<nil>
380	213	125	338	<nil>
380	215	122	337	<nil>
380	425	0	425	rpc error: code = Unavailable desc = transport is closing
380	119	0	119	<nil>
380	103	11	114	<nil>
380	107	9	116	<nil>
380	425	0	425	rpc error: code = Unavailable desc = transport is closing
380	217	126	343	<nil>
380	111	9	120	<nil>
380	106	10	116	<nil>
380	128	1	129	<nil>
380	423	0	423	rpc error: code = Unavailable desc = transport is closing
380	419	0	419	rpc error: code = Unavailable desc = transport is closing
380	94	33	127	<nil>
380	215	112	327	<nil>
380	107	8	115	<nil>
380	422	0	422	rpc error: code = Unavailable desc = transport is closing
380	116	24	140	<nil>
380	421	0	421	rpc error: code = Unavailable desc = transport is closing
380	417	0	417	rpc error: code = Unavailable desc = transport is closing
380	411	0	411	rpc error: code = Unavailable desc = transport is closing
380	410	0	410	rpc error: code = Unavailable desc = transport is closing
380	422	0	422	rpc error: code = Unavailable desc = transport is closing
380	417	0	417	rpc error: code = Unavailable desc = transport is closing
380	410	0	410	rpc error: code = Unavailable desc = transport is closing
380	419	0	419	rpc error: code = Unavailable desc = transport is closing
380	443	0	443	rpc error: code = Unavailable desc = transport is closing
380	438	0	438	rpc error: code = Unavailable desc = transport is closing
380	422	0	422	rpc error: code = Unavailable desc = transport is closing
380	438	0	438	rpc error: code = Unavailable desc = transport is closing
380	418	0	418	rpc error: code = Unavailable desc = transport is closing
380	459	0	459	rpc error: code = Unavailable desc = transport is closing
380	418	0	418	rpc error: code = Unavailable desc = transport is closing
380	426	0	426	rpc error: code = Unavailable desc = transport is closing
380	413	0	413	rpc error: code = Unavailable desc = transport is closing
380	416	0	416	rpc error: code = Unavailable desc = transport is closing
380	109	0	109	rpc error: code = Unavailable desc = transport is closing
380	268	0	268	rpc error: code = Unavailable desc = transport is closing
380	3014	0	3014	rpc error: code = Unavailable desc = transport is closing
380	381	0	381	rpc error: code = Unavailable desc = transport is closing
380	380	0	380	rpc error: code = Unavailable desc = transport is closing
380	380	0	380	rpc error: code = Unavailable desc = transport is closing
380	384	0	384	rpc error: code = Unavailable desc = transport is closing
380	378	0	378	rpc error: code = Unavailable desc = transport is closing
380	412	0	412	rpc error: code = Unavailable desc = transport is closing
380	429	0	429	rpc error: code = Unavailable desc = transport is closing
380	26692	0	26692	rpc error: code = Unavailable desc = transport is closing
380	256	0	256	rpc error: code = Unavailable desc = transport is closing
380	415	0	415	rpc error: code = Unavailable desc = transport is closing
380	391	0	391	rpc error: code = Unavailable desc = transport is closing
380	391	0	391	rpc error: code = Unavailable desc = transport is closing
380	388	0	388	rpc error: code = Unavailable desc = transport is closing
380	391	0	391	rpc error: code = Unavailable desc = transport is closing
380	421	0	421	rpc error: code = Unavailable desc = transport is closing
380	386	0	386	rpc error: code = Unavailable desc = transport is closing
380	385	0	385	rpc error: code = Unavailable desc = transport is closing
380	294	0	294	rpc error: code = Unavailable desc = transport is closing
380	385	0	385	rpc error: code = Unavailable desc = transport is closing
380	391	0	391	rpc error: code = Unavailable desc = transport is closing
380	385	0	385	rpc error: code = Unavailable desc = transport is closing
380	385	0	385	rpc error: code = Unavailable desc = transport is closing
380	387	0	387	rpc error: code = Unavailable desc = transport is closing
380	385	0	385	rpc error: code = Unavailable desc = transport is closing
380	391	0	391	rpc error: code = Unavailable desc = transport is closing
380	117	0	117	rpc error: code = Unavailable desc = transport is closing
380	268	0	268	rpc error: code = Unavailable desc = transport is closing
380	385	0	385	rpc error: code = Unavailable desc = transport is closing
380	393	0	393	rpc error: code = Unavailable desc = transport is closing
380	398	0	398	rpc error: code = Unavailable desc = transport is closing
380	393	0	393	rpc error: code = Unavailable desc = transport is closing
380	238	121	359	<nil>
380	421	0	421	rpc error: code = Unavailable desc = transport is closing
380	251	120	371	<nil>
380	323	0	323	rpc error: code = Unavailable desc = transport is closing
380	276	0	276	rpc error: code = Unavailable desc = transport is closing
380	249	0	249	rpc error: code = Unavailable desc = transport is closing
380	323	0	323	rpc error: code = Unavailable desc = transport is closing
380	6149	125	6274	<nil>
380	274	129	403	<nil>
380	338	0	338	rpc error: code = Unavailable desc = transport is closing
380	391	0	391	rpc error: code = Unavailable desc = transport is closing
380	388	0	388	rpc error: code = Unavailable desc = transport is closing
380	318	0	318	rpc error: code = Unavailable desc = transport is closing
380	337	0	337	rpc error: code = Unavailable desc = transport is closing
380	241	0	241	rpc error: code = Unavailable desc = transport is closing
380	272	129	401	<nil>
380	273	128	401	<nil>
380	231	129	360	<nil>
380	273	129	402	<nil>
380	273	129	402	<nil>
380	228	129	357	<nil>
380	273	129	402	<nil>
380	230	129	359	<nil>
380	247	129	376	<nil>
380	271	129	400	<nil>
380	317	0	317	rpc error: code = Unavailable desc = transport is closing
380	390	0	390	rpc error: code = Unavailable desc = transport is closing
380	391	0	391	rpc error: code = Unavailable desc = transport is closing
380	394	0	394	rpc error: code = Unavailable desc = transport is closing
380	337	0	337	rpc error: code = Unavailable desc = transport is closing
380	271	129	400	<nil>
380	247	0	247	rpc error: code = Unavailable desc = transport is closing
380	256	0	256	rpc error: code = Unavailable desc = transport is closing
380	295	0	295	rpc error: code = Unavailable desc = transport is closing
380	281	0	281	rpc error: code = Unavailable desc = transport is closing
380	247	0	247	rpc error: code = Unavailable desc = transport is closing
380	317	0	317	rpc error: code = Unavailable desc = transport is closing
380	279	0	279	rpc error: code = Unavailable desc = transport is closing
380	317	0	317	rpc error: code = Unavailable desc = transport is closing
380	390	0	390	rpc error: code = Unavailable desc = transport is closing
380	232	0	232	rpc error: code = Unavailable desc = transport is closing
380	281	0	281	rpc error: code = Unavailable desc = transport is closing
380	390	0	390	rpc error: code = Unavailable desc = transport is closing
380	273	136	409	<nil>
380	390	0	390	rpc error: code = Unavailable desc = transport is closing
380	272	136	408	<nil>
380	390	0	390	rpc error: code = Unavailable desc = transport is closing
380	392	0	392	rpc error: code = Unavailable desc = transport is closing
380	390	0	390	rpc error: code = Unavailable desc = transport is closing
380	396	0	396	rpc error: code = Unavailable desc = transport is closing
380	253	0	253	rpc error: code = Unavailable desc = transport is closing
380	252	0	252	rpc error: code = Unavailable desc = transport is closing
380	322	0	322	rpc error: code = Unavailable desc = transport is closing
380	284	0	284	rpc error: code = Unavailable desc = transport is closing
380	287	0	287	rpc error: code = Unavailable desc = transport is closing
380	258	0	258	rpc error: code = Unavailable desc = transport is closing
380	290	0	290	rpc error: code = Unavailable desc = transport is closing
380	10150	0	10150	rpc error: code = Unavailable desc = transport is closing
380	399	0	399	rpc error: code = Unavailable desc = transport is closing
380	394	0	394	rpc error: code = Unavailable desc = transport is closing
380	273	0	273	rpc error: code = Unavailable desc = transport is closing
380	304	0	304	rpc error: code = Unavailable desc = transport is closing
380	278	0	278	rpc error: code = Unavailable desc = transport is closing
380	274	0	274	rpc error: code = Unavailable desc = transport is closing
380	226	177	403	<nil>
380	300	191	491	<nil>
380	304	188	492	<nil>
380	307	214	521	<nil>
380	232	191	423	<nil>
380	317	200	517	<nil>
380	302	213	515	<nil>
380	300	191	491	<nil>
380	232	215	447	<nil>
380	245	199	444	<nil>
380	294	0	294	rpc error: code = Unavailable desc = transport is closing
380	206	201	407	<nil>
380	322	217	539	<nil>
380	316	265	581	<nil>
380	313	270	583	<nil>
380	227	289	516	<nil>
380	334	284	618	<nil>
380	339	245	584	<nil>
380	320	271	591	<nil>
380	273	245	518	<nil>
380	340	246	586	<nil>
380	342	246	588	<nil>
380	348	247	595	<nil>
380	341	247	588	<nil>
380	341	248	589	<nil>
380	340	247	587	<nil>
380	344	247	591	<nil>
380	339	249	588	<nil>
380	340	247	587	<nil>
380	339	249	588	<nil>
380	341	249	590	<nil>
380	9201	250	9451	<nil>
380	341	250	591	<nil>
380	340	250	590	<nil>
380	271	252	523	<nil>
380	342	247	589	<nil>
380	340	249	589	<nil>
380	342	249	591	<nil>
380	340	274	614	<nil>
380	342	275	617	<nil>
380	340	291	631	<nil>
380	341	274	615	<nil>
380	348	318	666	<nil>
380	348	317	665	<nil>
380	347	318	665	<nil>
380	340	325	665	<nil>
380	350	319	669	<nil>
380	346	325	671	<nil>
380	350	338	688	<nil>
380	274	325	599	<nil>
380	340	324	664	<nil>
380	352	318	670	<nil>
380	340	326	666	<nil>
380	341	325	666	<nil>
380	341	326	667	<nil>
380	363	330	693	<nil>
380	347	324	671	<nil>
380	347	324	671	<nil>
380	358	314	672	<nil>
380	346	325	671	<nil>
380	347	325	672	<nil>
380	275	325	600	<nil>
380	346	325	671	<nil>
380	359	314	673	<nil>
380	346	326	672	<nil>
380	347	325	672	<nil>
380	278	326	604	<nil>
380	347	325	672	<nil>
380	348	325	673	<nil>
380	354	325	679	<nil>
380	279	326	605	<nil>
380	348	324	672	<nil>
380	346	326	672	<nil>
380	279	325	604	<nil>
380	347	326	673	<nil>
380	349	325	674	<nil>
380	347	325	672	<nil>
380	346	326	672	<nil>
380	349	325	674	<nil>
380	349	324	673	<nil>
380	354	325	679	<nil>
380	354	325	679	<nil>
380	349	326	675	<nil>
380	273	327	600	<nil>
380	349	326	675	<nil>
380	346	326	672	<nil>
380	346	326	672	<nil>
380	351	325	676	<nil>
380	347	326	673	<nil>
380	345	327	672	<nil>
380	347	327	674	<nil>
380	363	323	686	<nil>
380	352	340	692	<nil>
380	347	318	665	<nil>
380	359	333	692	<nil>
380	5109	338	5447	<nil>
380	362	359	721	<nil>
380	355	367	722	<nil>
380	348	344	692	<nil>
380	235	257	492	<nil>
380	367	361	728	<nil>
380	358	365	723	<nil>
380	358	365	723	<nil>
380	360	366	726	<nil>
380	367	356	723	<nil>
380	370	356	726	<nil>
380	2588	366	2954	<nil>
380	347	319	666	<nil>
380	355	367	722	<nil>
380	8665	363	9028	<nil>
380	226	254	480	<nil>
380	223	254	477	<nil>
380	224	255	479	<nil>
380	300	179	479	<nil>
380	230	271	501	<nil>
380	237	243	480	<nil>
380	230	271	501	<nil>
380	358	373	731	<nil>
380	344	327	671	<nil>
380	262	230	492	<nil>
380	245	230	475	<nil>
380	290	193	483	<nil>
380	296	189	485	<nil>
380	228	291	519	<nil>
400	230	398	628	<nil>
400	273	352	625	<nil>
400	279	346	625	<nil>
400	1281	347	1628	<nil>
400	276	352	628	<nil>
400	291	336	627	<nil>
400	286	339	625	<nil>
400	290	339	629	<nil>
400	295	335	630	<nil>
400	295	336	631	<nil>
400	294	336	630	<nil>
400	295	338	633	<nil>
400	291	337	628	<nil>
400	292	337	629	<nil>
400	300	337	637	<nil>
400	1323	299	1622	<nil>
400	300	338	638	<nil>
400	320	317	637	<nil>
400	285	343	628	<nil>
400	279	357	636	<nil>
400	307	335	642	<nil>
400	302	334	636	<nil>
400	291	337	628	<nil>
400	291	351	642	<nil>
400	291	336	627	<nil>
400	269	358	627	<nil>
400	294	335	629	<nil>
400	279	358	637	<nil>
400	296	336	632	<nil>
400	269	360	629	<nil>
400	294	336	630	<nil>
400	303	334	637	<nil>
400	293	335	628	<nil>
400	275	351	626	<nil>
400	282	347	629	<nil>
400	295	335	630	<nil>
400	294	334	628	<nil>
400	300	330	630	<nil>
400	306	334	640	<nil>
400	304	334	638	<nil>
400	304	334	638	<nil>
400	302	336	638	<nil>
400	290	338	628	<nil>
400	303	340	643	<nil>
400	341	306	647	<nil>
400	353	311	664	<nil>
400	314	281	595	<nil>
400	340	319	659	<nil>
400	321	131	452	<nil>
400	353	306	659	<nil>
400	320	122	442	<nil>
400	340	321	661	<nil>
400	243	281	524	<nil>
400	330	120	450	<nil>
400	344	181	525	<nil>
400	349	321	670	<nil>
400	1315	139	1454	<nil>
400	311	359	670	<nil>
400	352	318	670	<nil>
400	1287	165	1452	<nil>
400	244	318	562	<nil>
400	327	125	452	<nil>
400	311	359	670	<nil>
400	344	182	526	<nil>
400	224	304	528	<nil>
400	1292	256	1548	<nil>
400	312	126	438	<nil>
400	320	123	443	<nil>
400	328	121	449	<nil>
400	2900	339	3239	<nil>
400	299	141	440	<nil>
400	307	289	596	<nil>
400	1396	153	1549	<nil>
400	320	129	449	<nil>
400	350	320	670	<nil>
400	1220	257	1477	<nil>
400	315	121	436	<nil>
400	298	128	426	<nil>
400	230	288	518	<nil>
400	351	320	671	<nil>
400	341	318	659	<nil>
400	339	344	683	<nil>
400	2883	129	3012	<nil>
400	269	257	526	<nil>
400	207	342	549	<nil>
400	320	121	441	<nil>
400	302	369	671	<nil>
400	271	298	569	<nil>
400	320	119	439	<nil>
400	302	369	671	<nil>
400	269	257	526	<nil>
400	243	319	562	<nil>
400	271	296	567	<nil>
400	312	141	453	<nil>
400	354	62	416	<nil>
400	312	61	373	<nil>
400	339	320	659	<nil>
400	3180	61	3241	<nil>
400	283	35	318	<nil>
400	247	316	563	<nil>
400	283	289	572	<nil>
400	355	315	670	<nil>
400	312	128	440	<nil>
400	260	119	379	<nil>
400	228	299	527	<nil>
400	305	43	348	<nil>
400	337	3	340	<nil>
400	1337	60	1397	<nil>
400	334	61	395	<nil>
400	3252	61	3313	<nil>
400	318	122	440	<nil>
400	309	61	370	<nil>
400	5427	60	5487	<nil>
400	310	61	371	<nil>
400	10046	60	10106	<nil>
400	305	42	347	<nil>
400	1337	60	1397	<nil>
400	304	42	346	<nil>
400	1292	261	1553	<nil>
400	307	43	350	<nil>
400	286	167	453	<nil>
400	317	347	664	<nil>
400	267	304	571	<nil>
400	341	324	665	<nil>
400	359	316	675	<nil>
400	312	132	444	<nil>
400	303	302	605	<nil>
400	353	324	677	<nil>
400	272	188	460	<nil>
400	1277	190	1467	<nil>
400	248	325	573	<nil>
400	294	173	467	<nil>
400	313	132	445	<nil>
400	298	148	446	<nil>
400	310	137	447	<nil>
400	247	326	573	<nil>
400	340	326	666	<nil>
400	313	145	458	<nil>
400	1322	326	1648	<nil>
400	305	57	362	<nil>
400	312	67	379	<nil>
400	321	66	387	<nil>
400	306	48	354	<nil>
400	287	774	1061	<nil>
400	310	798	1108	<nil>
400	316	796	1112	<nil>
400	335	773	1108	<nil>
400	285	788	1073	<nil>
400	275	773	1048	<nil>
400	315	795	1110	<nil>
400	5266	792	6058	<nil>
400	316	788	1104	<nil>
400	277	772	1049	<nil>
400	291	798	1089	<nil>
400	360	781	1141	<nil>
400	346	756	1102	<nil>
400	162	758	920	<nil>
400	161	758	919	<nil>
400	344	759	1103	<nil>
400	159	759	918	<nil>
400	345	760	1105	<nil>
400	378	764	1142	<nil>
400	159	759	918	<nil>
400	415	724	1139	<nil>
400	380	760	1140	<nil>
400	1271	770	2041	<nil>
400	360	745	1105	<nil>
400	3079	746	3825	<nil>
400	416	724	1140	<nil>
400	395	744	1139	<nil>
400	157	760	917	<nil>
400	439	703	1142	<nil>
400	387	759	1146	<nil>
400	360	745	1105	<nil>
400	378	745	1123	<nil>
400	351	760	1111	<nil>
400	173	748	921	<nil>
400	344	761	1105	<nil>
400	358	747	1105	<nil>
400	438	706	1144	<nil>
400	2891	761	3652	<nil>
400	345	763	1108	<nil>
400	380	763	1143	<nil>
400	321	0	321	rpc error: code = Unavailable desc = transport is closing
400	2892	763	3655	<nil>
400	153	748	901	<nil>
400	4884	0	4884	rpc error: code = Unavailable desc = transport is closing
400	321	0	321	rpc error: code = Unavailable desc = transport is closing
400	319	0	319	rpc error: code = Unavailable desc = transport is closing
400	276	0	276	rpc error: code = Unavailable desc = transport is closing
400	357	751	1108	<nil>
400	329	0	329	rpc error: code = Unavailable desc = transport is closing
400	331	0	331	rpc error: code = Unavailable desc = transport is closing
400	311	0	311	rpc error: code = Unavailable desc = transport is closing
400	301	0	301	rpc error: code = Unavailable desc = transport is closing
400	293	0	293	rpc error: code = Unavailable desc = transport is closing
400	327	0	327	rpc error: code = Unavailable desc = transport is closing
400	293	0	293	rpc error: code = Unavailable desc = transport is closing
400	293	0	293	rpc error: code = Unavailable desc = transport is closing
400	292	0	292	rpc error: code = Unavailable desc = transport is closing
400	288	0	288	rpc error: code = Unavailable desc = transport is closing
400	295	0	295	rpc error: code = Unavailable desc = transport is closing
400	294	0	294	rpc error: code = Unavailable desc = transport is closing
400	288	0	288	rpc error: code = Unavailable desc = transport is closing
400	294	0	294	rpc error: code = Unavailable desc = transport is closing
400	301	0	301	rpc error: code = Unavailable desc = transport is closing
400	417	726	1143	<nil>
400	180	750	930	<nil>
400	417	727	1144	<nil>
400	155	751	906	<nil>
400	347	763	1110	<nil>
400	156	750	906	<nil>
400	381	735	1116	<nil>
400	395	748	1143	<nil>
400	346	765	1111	<nil>
400	380	763	1143	<nil>
400	394	749	1143	<nil>
400	382	763	1145	<nil>
400	346	764	1110	<nil>
400	174	751	925	<nil>
400	388	728	1116	<nil>
400	173	729	902	<nil>
400	393	753	1146	<nil>
400	162	764	926	<nil>
400	381	763	1144	<nil>
400	335	774	1109	<nil>
400	277	764	1041	<nil>
400	182	750	932	<nil>
400	382	726	1108	<nil>
400	203	727	930	<nil>
400	142	764	906	<nil>
400	379	765	1144	<nil>
400	394	752	1146	<nil>
400	402	708	1110	<nil>
400	403	707	1110	<nil>
400	382	764	1146	<nil>
400	1324	765	2089	<nil>
400	414	731	1145	<nil>
400	417	727	1144	<nil>
400	418	729	1147	<nil>
400	315	730	1045	<nil>
400	318	0	318	rpc error: code = Unavailable desc = transport is closing
400	5855	149	6004	<nil>
400	5323	150	5473	<nil>
400	331	0	331	rpc error: code = Unavailable desc = transport is closing
400	809	150	959	<nil>
400	859	150	1009	<nil>
400	3355	149	3504	<nil>
400	338	0	338	rpc error: code = Unavailable desc = transport is closing
400	859	148	1007	<nil>
400	842	150	992	<nil>
400	315	0	315	rpc error: code = Unavailable desc = transport is closing
400	5747	0	5747	rpc error: code = Unavailable desc = transport is closing
400	811	171	982	<nil>
400	812	172	984	<nil>
400	1842	175	2017	<nil>
400	842	150	992	<nil>
400	843	179	1022	<nil>
400	842	192	1034	<nil>
400	855	179	1034	<nil>
400	3785	180	3965	<nil>
400	824	180	1004	<nil>
400	858	180	1038	<nil>
400	1856	188	2044	<nil>
400	821	187	1008	<nil>
400	855	187	1042	<nil>
400	857	187	1044	<nil>
400	844	187	1031	<nil>
400	856	187	1043	<nil>
400	825	187	1012	<nil>
400	823	187	1010	<nil>
400	858	187	1045	<nil>
400	1925	119	2044	<nil>
400	1856	188	2044	<nil>
400	804	187	991	<nil>
400	858	778	1636	<nil>
400	846	780	1626	<nil>
400	843	780	1623	<nil>
400	805	781	1586	<nil>
400	804	781	1585	<nil>
400	1974	664	2638	<nil>
400	917	671	1588	<nil>
400	921	667	1588	<nil>
400	940	655	1595	<nil>
400	964	629	1593	<nil>
400	940	649	1589	<nil>
400	922	666	1588	<nil>
400	919	668	1587	<nil>
400	854	782	1636	<nil>
400	5576	626	6202	<nil>
400	919	667	1586	<nil>
400	926	667	1593	<nil>
400	922	666	1588	<nil>
400	936	653	1589	<nil>
400	920	669	1589	<nil>
400	944	649	1593	<nil>
400	912	676	1588	<nil>
400	919	669	1588	<nil>
400	920	668	1588	<nil>
400	966	630	1596	<nil>
400	968	620	1588	<nil>
400	782	784	1566	<nil>
400	949	644	1593	<nil>
400	947	663	1610	<nil>
400	966	630	1596	<nil>
400	964	629	1593	<nil>
400	953	630	1583	<nil>
400	917	672	1589	<nil>
400	943	653	1596	<nil>
400	934	657	1591	<nil>
400	930	659	1589	<nil>
400	181	610	791	<nil>
400	1175	613	1788	<nil>
400	1003	613	1616	<nil>
400	178	613	791	<nil>
400	977	628	1605	<nil>
400	965	631	1596	<nil>
400	952	645	1597	<nil>
400	987	615	1602	<nil>
400	937	658	1595	<nil>
400	950	646	1596	<nil>
400	937	651	1588	<nil>
400	963	634	1597	<nil>
400	6029	638	6667	<nil>
400	979	620	1599	<nil>
400	924	696	1620	<nil>
400	978	624	1602	<nil>
400	966	638	1604	<nil>
400	965	638	1603	<nil>
400	972	627	1599	<nil>
400	931	660	1591	<nil>
400	970	649	1619	<nil>
400	971	650	1621	<nil>
400	964	655	1619	<nil>
400	977	646	1623	<nil>
400	959	663	1622	<nil>
400	965	656	1621	<nil>
400	982	656	1638	<nil>
400	5502	651	6153	<nil>
400	978	644	1622	<nil>
400	968	655	1623	<nil>
400	931	660	1591	<nil>
400	991	650	1641	<nil>
400	985	646	1631	<nil>
400	979	659	1638	<nil>
400	959	664	1623	<nil>
400	973	651	1624	<nil>
400	983	665	1648	<nil>
400	980	655	1635	<nil>
400	976	656	1632	<nil>
400	940	693	1633	<nil>
400	967	669	1636	<nil>
400	980	657	1637	<nil>
400	963	668	1631	<nil>
400	5579	668	6247	<nil>
400	969	670	1639	<nil>
400	941	672	1613	<nil>
400	954	678	1632	<nil>
400	192	659	851	<nil>
400	967	665	1632	<nil>
400	971	673	1644	<nil>
400	967	673	1640	<nil>
400	983	665	1648	<nil>
400	978	673	1651	<nil>
400	972	678	1650	<nil>
400	193	663	856	<nil>
400	194	663	857	<nil>
400	191	667	858	<nil>
400	977	642	1619	<nil>
400	190	668	858	<nil>
400	191	659	850	<nil>
400	946	673	1619	<nil>
400	955	677	1632	<nil>
400	954	693	1647	<nil>
400	5437	670	6107	<nil>
400	181	669	850	<nil>
400	186	664	850	<nil>
400	180	669	849	<nil>
400	955	676	1631	<nil>
400	978	665	1643	<nil>
400	955	693	1648	<nil>
400	180	669	849	<nil>
400	921	733	1654	<nil>
400	180	669	849	<nil>
400	987	675	1662	<nil>
400	2790	0	2790	rpc error: code = Unavailable desc = transport is closing
400	16385	0	16385	rpc error: code = Unavailable desc = transport is closing
400	1228	700	1928	<nil>
400	366	0	366	rpc error: code = Unavailable desc = transport is closing
400	96	700	796	<nil>
400	1228	700	1928	<nil>
400	1229	700	1929	<nil>
400	429	0	429	rpc error: code = Unavailable desc = transport is closing
400	428	0	428	rpc error: code = Unavailable desc = transport is closing
400	368	0	368	rpc error: code = Unavailable desc = transport is closing
400	425	0	425	rpc error: code = Unavailable desc = transport is closing
400	385	0	385	rpc error: code = Unavailable desc = transport is closing
400	427	0	427	rpc error: code = Unavailable desc = transport is closing
400	368	0	368	rpc error: code = Unavailable desc = transport is closing
400	367	0	367	rpc error: code = Unavailable desc = transport is closing
400	383	0	383	rpc error: code = Unavailable desc = transport is closing
400	368	0	368	rpc error: code = Unavailable desc = transport is closing
400	397	0	397	rpc error: code = Unavailable desc = transport is closing
400	1412	0	1412	rpc error: code = Unavailable desc = transport is closing
400	381	0	381	rpc error: code = Unavailable desc = transport is closing
400	402	0	402	rpc error: code = Unavailable desc = transport is closing
400	10110	0	10110	rpc error: code = Unavailable desc = transport is closing
400	6378	0	6378	rpc error: code = Unavailable desc = transport is closing
400	939	0	939	rpc error: code = Unavailable desc = transport is closing
400	2531	0	2531	rpc error: code = Unavailable desc = transport is closing
400	2469	0	2469	rpc error: code = Unavailable desc = transport is closing
400	931	0	931	rpc error: code = Unavailable desc = transport is closing
400	929	0	929	rpc error: code = Unavailable desc = transport is closing
400	935	0	935	rpc error: code = Unavailable desc = transport is closing
400	6459	0	6459	rpc error: code = Unavailable desc = transport is closing
400	972	0	972	rpc error: code = Unavailable desc = transport is closing
400	930	0	930	rpc error: code = Unavailable desc = transport is closing
400	934	0	934	rpc error: code = Unavailable desc = transport is closing
400	928	0	928	rpc error: code = Unavailable desc = transport is closing
400	933	0	933	rpc error: code = Unavailable desc = transport is closing
400	17932	0	17932	rpc error: code = Unavailable desc = transport is closing
400	933	0	933	rpc error: code = Unavailable desc = transport is closing
400	936	0	936	rpc error: code = Unavailable desc = transport is closing
400	2402	0	2402	rpc error: code = Unavailable desc = transport is closing
400	2080	0	2080	rpc error: code = Unavailable desc = transport is closing
400	6797	0	6797	rpc error: code = Unavailable desc = transport is closing
400	6415	0	6415	rpc error: code = Unavailable desc = transport is closing
400	936	0	936	rpc error: code = Unavailable desc = transport is closing
400	6344	0	6344	rpc error: code = Unavailable desc = transport is closing
400	6541	0	6541	rpc error: code = Unavailable desc = transport is closing
400	936	0	936	rpc error: code = Unavailable desc = transport is closing
400	932	0	932	rpc error: code = Unavailable desc = transport is closing
400	936	0	936	rpc error: code = Unavailable desc = transport is closing
400	937	0	937	rpc error: code = Unavailable desc = transport is closing
400	936	0	936	rpc error: code = Unavailable desc = transport is closing
400	938	0	938	rpc error: code = Unavailable desc = transport is closing
400	936	0	936	rpc error: code = Unavailable desc = transport is closing
400	936	0	936	rpc error: code = Unavailable desc = transport is closing
400	936	0	936	rpc error: code = Unavailable desc = transport is closing
400	936	0	936	rpc error: code = Unavailable desc = transport is closing
400	936	0	936	rpc error: code = Unavailable desc = transport is closing
400	936	0	936	rpc error: code = Unavailable desc = transport is closing
400	938	0	938	rpc error: code = Unavailable desc = transport is closing
400	936	0	936	rpc error: code = Unavailable desc = transport is closing
400	936	0	936	rpc error: code = Unavailable desc = transport is closing
400	936	0	936	rpc error: code = Unavailable desc = transport is closing
400	936	0	936	rpc error: code = Unavailable desc = transport is closing
400	932	0	932	rpc error: code = Unavailable desc = transport is closing
400	228	98	326	<nil>
400	227	98	325	<nil>
400	229	97	326	<nil>
400	229	97	326	<nil>
400	227	97	324	<nil>
400	227	97	324	<nil>
400	232	93	325	<nil>
400	234	91	325	<nil>
400	233	94	327	<nil>
400	196	96	292	<nil>
400	227	98	325	<nil>
400	240	90	330	<nil>
400	240	91	331	<nil>
400	198	113	311	<nil>
400	242	114	356	<nil>
400	195	116	311	<nil>
400	243	113	356	<nil>
400	219	114	333	<nil>
400	198	113	311	<nil>
400	175	112	287	<nil>
400	175	102	277	<nil>
400	175	102	277	<nil>
400	204	108	312	<nil>
400	147	104	251	<nil>
400	187	103	290	<nil>
400	212	103	315	<nil>
400	204	106	310	<nil>
400	209	106	315	<nil>
400	213	105	318	<nil>
400	188	106	294	<nil>
400	198	106	304	<nil>
400	188	103	291	<nil>
400	180	110	290	<nil>
400	180	110	290	<nil>
400	227	108	335	<nil>
400	171	106	277	<nil>
400	212	104	316	<nil>
400	5094	103	5197	<nil>
400	181	110	291	<nil>
400	181	114	295	<nil>
400	188	103	291	<nil>
400	167	109	276	<nil>
400	174	104	278	<nil>
400	188	106	294	<nil>
400	167	96	263	<nil>
400	175	96	271	<nil>
400	10540	96	10636	<nil>
400	130	98	228	<nil>
400	133	96	229	<nil>
400	162	97	259	<nil>
400	161	98	259	<nil>
400	163	96	259	<nil>
400	166	98	264	<nil>
400	130	99	229	<nil>
400	132	97	229	<nil>
400	176	99	275	<nil>
400	132	97	229	<nil>
400	132	97	229	<nil>
400	132	97	229	<nil>
400	132	97	229	<nil>
400	132	98	230	<nil>
400	132	97	229	<nil>
400	129	87	216	<nil>
400	129	87	216	<nil>
400	132	87	219	<nil>
400	129	87	216	<nil>
400	131	87	218	<nil>
400	133	85	218	<nil>
400	152	64	216	<nil>
400	129	86	215	<nil>
400	162	61	223	<nil>
400	134	87	221	<nil>
400	132	87	219	<nil>
400	132	87	219	<nil>
400	129	87	216	<nil>
400	129	87	216	<nil>
400	132	86	218	<nil>
400	133	86	219	<nil>
400	99	51	150	<nil>
400	161	60	221	<nil>
400	131	87	218	<nil>
400	162	62	224	<nil>
400	132	92	224	<nil>
400	172	51	223	<nil>
400	159	62	221	<nil>
400	169	52	221	<nil>
400	132	92	224	<nil>
400	132	92	224	<nil>
400	106	13	119	<nil>
400	8819	63	8882	<nil>
400	157	66	223	<nil>
400	99	53	152	<nil>
400	130	23	153	<nil>
400	95	52	147	<nil>
400	159	66	225	<nil>
400	100	52	152	<nil>
400	171	54	225	<nil>
400	94	53	147	<nil>
400	131	93	224	<nil>
400	131	94	225	<nil>
400	129	23	152	<nil>
400	132	93	225	<nil>
400	155	67	222	<nil>
400	103	11	114	<nil>
400	109	13	122	<nil>
400	108	14	122	<nil>
400	109	14	123	<nil>
400	134	18	152	<nil>
400	134	18	152	<nil>
400	132	93	225	<nil>
400	99	51	150	<nil>
400	129	93	222	<nil>
400	130	29	159	<nil>
400	104	37	141	<nil>
400	111	33	144	<nil>
400	109	39	148	<nil>
400	100	43	143	<nil>
400	100	43	143	<nil>
400	104	48	152	<nil>
400	105	48	153	<nil>
400	98	86	184	<nil>
400	99	85	184	<nil>
400	105	88	193	<nil>
400	100	85	185	<nil>
400	100	84	184	<nil>
400	1099	84	1183	<nil>
400	103	90	193	<nil>
400	99	94	193	<nil>
400	99	94	193	<nil>
400	1098	94	1192	<nil>
400	1120	118	1238	<nil>
400	136	120	256	<nil>
400	1156	87	1243	<nil>
400	137	146	283	<nil>
400	89	146	235	<nil>
400	92	146	238	<nil>
400	138	148	286	<nil>
400	138	147	285	<nil>
400	1092	152	1244	<nil>
400	150	33	183	<nil>
400	100	152	252	<nil>
400	149	30	179	<nil>
400	97	148	245	<nil>
400	2911	150	3061	<nil>
400	125	39	164	<nil>
400	161	85	246	<nil>
400	42	150	192	<nil>
400	227	66	293	<nil>
400	1139	153	1292	<nil>
400	1093	155	1248	<nil>
400	154	32	186	<nil>
400	137	38	175	<nil>
400	91	155	246	<nil>
400	148	32	180	<nil>
400	155	38	193	<nil>
400	105	141	246	<nil>
400	91	154	245	<nil>
400	152	28	180	<nil>
400	157	29	186	<nil>
400	87	156	243	<nil>
400	94	156	250	<nil>
400	130	60	190	<nil>
400	141	40	181	<nil>
400	161	86	247	<nil>
400	151	34	185	<nil>
400	150	34	184	<nil>
400	138	160	298	<nil>
400	172	8	180	<nil>
400	185	14	199	<nil>
400	125	9	134	<nil>
400	173	14	187	<nil>
400	90	161	251	<nil>
400	139	9	148	<nil>
400	177	15	192	<nil>
400	2608	10	2618	<nil>
400	138	10	148	<nil>
400	168	16	184	<nil>
400	190	8	198	<nil>
400	190	10	200	<nil>
400	188	11	199	<nil>
400	172	10	182	<nil>
400	176	11	187	<nil>
400	179	15	194	<nil>
400	1093	163	1256	<nil>
400	94	119	213	<nil>
400	150	121	271	<nil>
400	154	121	275	<nil>
400	154	122	276	<nil>
400	154	122	276	<nil>
400	47	122	169	<nil>
400	48	121	169	<nil>
400	8970	122	9092	<nil>
400	43	122	165	<nil>
400	2726	121	2847	<nil>
400	9711	123	9834	<nil>
400	9713	122	9835	<nil>
400	9713	137	9850	<nil>
400	191	154	345	<nil>
400	9716	156	9872	<nil>
400	152	159	311	<nil>
400	173	154	327	<nil>
400	158	154	312	<nil>
400	16674	153	16827	<nil>
400	158	153	311	<nil>
400	164	4	168	<nil>
400	157	155	312	<nil>
400	155	155	310	<nil>
400	2791	156	2947	<nil>
400	157	156	313	<nil>
400	159	154	313	<nil>
400	159	155	314	<nil>
400	97	158	255	<nil>
400	154	9	163	<nil>
400	153	10	163	<nil>
400	174	154	328	<nil>
400	227	129	356	<nil>
400	222	128	350	<nil>
400	151	12	163	<nil>
400	147	12	159	<nil>
400	175	136	311	<nil>
400	159	154	313	<nil>
400	165	22	187	<nil>
400	2971	7	2978	<nil>
400	219	136	355	<nil>
400	185	7	192	<nil>
400	158	15	173	<nil>
400	161	14	175	<nil>
400	153	10	163	<nil>
400	147	7	154	<nil>
400	158	17	175	<nil>
400	2631	10	2641	<nil>
400	147	10	157	<nil>
400	149	9	158	<nil>
400	158	11	169	<nil>
400	155	7	162	<nil>
400	51	14	65	<nil>
400	150	10	160	<nil>
400	152	10	162	<nil>
400	49	14	63	<nil>
400	168	145	313	<nil>
400	157	158	315	<nil>
400	48	15	63	<nil>
400	147	13	160	<nil>
400	197	157	354	<nil>
400	164	13	177	<nil>
400	2972	16	2988	<nil>
400	198	0	198	rpc error: code = Unavailable desc = transport is closing
400	182	13	195	<nil>
400	152	14	166	<nil>
400	160	15	175	<nil>
400	2964	9	2973	<nil>
400	147	16	163	<nil>
400	162	8	170	<nil>
400	183	8	191	<nil>
400	153	12	165	<nil>
400	147	10	157	<nil>
400	166	17	183	<nil>
400	155	16	171	<nil>
400	148	17	165	<nil>
400	186	17	203	<nil>
400	170	17	187	<nil>
400	148	17	165	<nil>
400	215	0	215	rpc error: code = Unavailable desc = transport is closing
400	157	13	170	<nil>
400	160	14	174	<nil>
400	2638	13	2651	<nil>
400	139	13	152	<nil>
400	47	14	61	<nil>
400	48	15	63	<nil>
400	165	14	179	<nil>
400	164	14	178	<nil>
400	156	157	313	<nil>
400	48	15	63	<nil>
400	158	10	168	<nil>
400	3244	15	3259	<nil>
400	49	15	64	<nil>
400	156	158	314	<nil>
400	165	7	172	<nil>
400	147	14	161	<nil>
400	183	14	197	<nil>
400	174	14	188	<nil>
400	2650	4	2654	<nil>
400	158	9	167	<nil>
400	165	8	173	<nil>
400	171	13	184	<nil>
400	236	0	236	rpc error: code = Unavailable desc = transport is closing
400	190	0	190	rpc error: code = Unavailable desc = transport is closing
400	69	0	69	<nil>
400	69	0	69	<nil>
400	234	0	234	rpc error: code = Unavailable desc = transport is closing
400	218	0	218	rpc error: code = Unavailable desc = transport is closing
400	216	0	216	rpc error: code = Unavailable desc = transport is closing
400	156	0	156	rpc error: code = Unavailable desc = transport is closing
400	159	0	159	rpc error: code = Unavailable desc = transport is closing
400	215	0	215	rpc error: code = Unavailable desc = transport is closing
400	132	0	132	rpc error: code = Unavailable desc = transport is closing
400	233	0	233	rpc error: code = Unavailable desc = transport is closing
400	215	0	215	rpc error: code = Unavailable desc = transport is closing
400	231	0	231	rpc error: code = Unavailable desc = transport is closing
400	241	0	241	rpc error: code = Unavailable desc = transport is closing
400	123	0	123	rpc error: code = Unavailable desc = transport is closing
400	132	0	132	rpc error: code = Unavailable desc = transport is closing
400	233	0	233	rpc error: code = Unavailable desc = transport is closing
400	3071	0	3071	rpc error: code = Unavailable desc = transport is closing
400	236	0	236	rpc error: code = Unavailable desc = transport is closing
400	133	0	133	rpc error: code = Unavailable desc = transport is closing
400	132	0	132	rpc error: code = Unavailable desc = transport is closing
400	233	0	233	rpc error: code = Unavailable desc = transport is closing
400	230	0	230	rpc error: code = Unavailable desc = transport is closing
400	229	0	229	rpc error: code = Unavailable desc = transport is closing
400	226	0	226	rpc error: code = Unavailable desc = transport is closing
400	159	0	159	rpc error: code = Unavailable desc = transport is closing
400	229	0	229	rpc error: code = Unavailable desc = transport is closing
400	228	0	228	rpc error: code = Unavailable desc = transport is closing
400	98	0	98	rpc error: code = Unavailable desc = transport is closing
400	228	0	228	rpc error: code = Unavailable desc = transport is closing
400	229	0	229	rpc error: code = Unavailable desc = transport is closing
400	226	0	226	rpc error: code = Unavailable desc = transport is closing
400	226	0	226	rpc error: code = Unavailable desc = transport is closing
400	172	0	172	rpc error: code = Unavailable desc = transport is closing
400	224	0	224	rpc error: code = Unavailable desc = transport is closing
400	226	0	226	rpc error: code = Unavailable desc = transport is closing
400	128	0	128	rpc error: code = Unavailable desc = transport is closing
400	232	0	232	rpc error: code = Unavailable desc = transport is closing
400	107	0	107	rpc error: code = Unavailable desc = transport is closing
400	235	0	235	rpc error: code = Unavailable desc = transport is closing
400	228	0	228	rpc error: code = Unavailable desc = transport is closing
400	836	0	836	rpc error: code = Unavailable desc = transport is closing
400	831	0	831	rpc error: code = Unavailable desc = transport is closing
400	823	0	823	rpc error: code = Unavailable desc = transport is closing
400	952	0	952	rpc error: code = Unavailable desc = transport is closing
400	837	0	837	rpc error: code = Unavailable desc = transport is closing
400	848	0	848	rpc error: code = Unavailable desc = transport is closing
400	830	0	830	rpc error: code = Unavailable desc = transport is closing
400	828	0	828	rpc error: code = Unavailable desc = transport is closing
400	814	0	814	rpc error: code = Unavailable desc = transport is closing
400	6370	0	6370	rpc error: code = Unavailable desc = transport is closing
400	948	0	948	rpc error: code = Unavailable desc = transport is closing
400	91	0	91	rpc error: code = Unavailable desc = transport is closing
400	936	0	936	rpc error: code = Unavailable desc = transport is closing
400	6441	0	6441	rpc error: code = Unavailable desc = transport is closing
400	833	0	833	rpc error: code = Unavailable desc = transport is closing
400	1950	0	1950	rpc error: code = Unavailable desc = transport is closing
400	819	0	819	rpc error: code = Unavailable desc = transport is closing
400	784	0	784	rpc error: code = Unavailable desc = transport is closing
400	847	0	847	rpc error: code = Unavailable desc = transport is closing
400	234	0	234	rpc error: code = Unavailable desc = transport is closing
400	783	0	783	rpc error: code = Unavailable desc = transport is closing
400	3282	0	3282	rpc error: code = Unavailable desc = transport is closing
400	235	0	235	rpc error: code = Unavailable desc = transport is closing
400	840	0	840	rpc error: code = Unavailable desc = transport is closing
400	235	0	235	rpc error: code = Unavailable desc = transport is closing
400	848	0	848	rpc error: code = Unavailable desc = transport is closing
400	237	0	237	rpc error: code = Unavailable desc = transport is closing
400	828	0	828	rpc error: code = Unavailable desc = transport is closing
400	1820	0	1820	rpc error: code = Unavailable desc = transport is closing
400	954	0	954	rpc error: code = Unavailable desc = transport is closing
400	948	0	948	rpc error: code = Unavailable desc = transport is closing
400	948	0	948	rpc error: code = Unavailable desc = transport is closing
400	6172	0	6172	rpc error: code = Unavailable desc = transport is closing
400	956	0	956	rpc error: code = Unavailable desc = transport is closing
400	954	0	954	rpc error: code = Unavailable desc = transport is closing
400	944	0	944	rpc error: code = Unavailable desc = transport is closing
400	956	0	956	rpc error: code = Unavailable desc = transport is closing
400	948	0	948	rpc error: code = Unavailable desc = transport is closing
400	3554	0	3554	rpc error: code = Unavailable desc = transport is closing
400	930	0	930	rpc error: code = Unavailable desc = transport is closing
400	952	0	952	rpc error: code = Unavailable desc = transport is closing
400	936	0	936	rpc error: code = Unavailable desc = transport is closing
400	946	0	946	rpc error: code = Unavailable desc = transport is closing
400	935	0	935	rpc error: code = Unavailable desc = transport is closing
400	953	0	953	rpc error: code = Unavailable desc = transport is closing
400	936	0	936	rpc error: code = Unavailable desc = transport is closing
400	936	0	936	rpc error: code = Unavailable desc = transport is closing
400	945	0	945	rpc error: code = Unavailable desc = transport is closing
400	943	0	943	rpc error: code = Unavailable desc = transport is closing
400	952	0	952	rpc error: code = Unavailable desc = transport is closing
400	138	0	138	rpc error: code = Unavailable desc = transport is closing
400	188	0	188	rpc error: code = Unavailable desc = transport is closing
400	174	0	174	rpc error: code = Unavailable desc = transport is closing
400	976	0	976	rpc error: code = Unavailable desc = transport is closing
400	944	0	944	rpc error: code = Unavailable desc = transport is closing
400	950	0	950	rpc error: code = Unavailable desc = transport is closing
400	174	0	174	rpc error: code = Unavailable desc = transport is closing
400	954	0	954	rpc error: code = Unavailable desc = transport is closing
400	205	0	205	rpc error: code = Unavailable desc = transport is closing
400	952	0	952	rpc error: code = Unavailable desc = transport is closing
400	980	0	980	rpc error: code = Unavailable desc = transport is closing
400	948	0	948	rpc error: code = Unavailable desc = transport is closing
400	975	0	975	rpc error: code = Unavailable desc = transport is closing
400	955	0	955	rpc error: code = Unavailable desc = transport is closing
400	947	0	947	rpc error: code = Unavailable desc = transport is closing
400	948	0	948	rpc error: code = Unavailable desc = transport is closing
400	953	0	953	rpc error: code = Unavailable desc = transport is closing
400	948	0	948	rpc error: code = Unavailable desc = transport is closing
400	1974	0	1974	rpc error: code = Unavailable desc = transport is closing
400	942	0	942	rpc error: code = Unavailable desc = transport is closing
400	948	0	948	rpc error: code = Unavailable desc = transport is closing
400	955	0	955	rpc error: code = Unavailable desc = transport is closing
400	204	0	204	rpc error: code = Unavailable desc = transport is closing
400	949	0	949	rpc error: code = Unavailable desc = transport is closing
400	1967	0	1967	rpc error: code = Unavailable desc = transport is closing
400	187	0	187	rpc error: code = Unavailable desc = transport is closing
400	164	0	164	rpc error: code = Unavailable desc = transport is closing
400	175	0	175	rpc error: code = Unavailable desc = transport is closing
400	1973	0	1973	rpc error: code = Unavailable desc = transport is closing
400	953	0	953	rpc error: code = Unavailable desc = transport is closing
400	175	0	175	rpc error: code = Unavailable desc = transport is closing
400	189	0	189	rpc error: code = Unavailable desc = transport is closing
400	162	0	162	rpc error: code = Unavailable desc = transport is closing
400	947	0	947	rpc error: code = Unavailable desc = transport is closing
400	186	0	186	rpc error: code = Unavailable desc = transport is closing
400	206	0	206	rpc error: code = Unavailable desc = transport is closing
400	175	0	175	rpc error: code = Unavailable desc = transport is closing
400	212	0	212	rpc error: code = Unavailable desc = transport is closing
400	180	0	180	rpc error: code = Unavailable desc = transport is closing
400	182	0	182	rpc error: code = Unavailable desc = transport is closing
400	1975	0	1975	rpc error: code = Unavailable desc = transport is closing
400	180	0	180	rpc error: code = Unavailable desc = transport is closing
400	942	0	942	rpc error: code = Unavailable desc = transport is closing
400	185	0	185	rpc error: code = Unavailable desc = transport is closing
400	149	0	149	rpc error: code = Unavailable desc = transport is closing
400	200	0	200	rpc error: code = Unavailable desc = transport is closing
400	5105	0	5105	rpc error: code = Unavailable desc = transport is closing
400	189	0	189	rpc error: code = Unavailable desc = transport is closing
400	174	0	174	rpc error: code = Unavailable desc = transport is closing
400	206	0	206	rpc error: code = Unavailable desc = transport is closing
400	204	0	204	rpc error: code = Unavailable desc = transport is closing
400	210	0	210	rpc error: code = Unavailable desc = transport is closing
400	175	0	175	rpc error: code = Unavailable desc = transport is closing
400	187	0	187	rpc error: code = Unavailable desc = transport is closing
400	177	0	177	rpc error: code = Unavailable desc = transport is closing
400	944	0	944	rpc error: code = Unavailable desc = transport is closing
400	952	0	952	rpc error: code = Unavailable desc = transport is closing
400	948	0	948	rpc error: code = Unavailable desc = transport is closing
400	181	0	181	rpc error: code = Unavailable desc = transport is closing
400	948	0	948	rpc error: code = Unavailable desc = transport is closing
400	223	0	223	rpc error: code = Unavailable desc = transport is closing
400	193	0	193	rpc error: code = Unavailable desc = transport is closing
400	2960	126	3086	<nil>
400	3161	134	3295	<nil>
400	234	0	234	rpc error: code = Unavailable desc = transport is closing
400	530	134	664	<nil>
400	502	135	637	<nil>
400	523	149	672	<nil>
400	524	150	674	<nil>
400	527	0	527	rpc error: code = Unavailable desc = transport is closing
400	524	0	524	rpc error: code = Unavailable desc = transport is closing
400	199	0	199	rpc error: code = Unavailable desc = transport is closing
400	198	0	198	rpc error: code = Unavailable desc = transport is closing
400	526	0	526	rpc error: code = Unavailable desc = transport is closing
400	527	0	527	rpc error: code = Unavailable desc = transport is closing
400	534	229	763	<nil>
400	529	219	748	<nil>
400	521	0	521	rpc error: code = Unavailable desc = transport is closing
400	506	236	742	<nil>
400	507	236	743	<nil>
400	531	228	759	<nil>
400	521	231	752	<nil>
400	526	0	526	rpc error: code = Unavailable desc = transport is closing
400	533	229	762	<nil>
400	544	224	768	<nil>
400	532	0	532	rpc error: code = Unavailable desc = transport is closing
400	529	0	529	rpc error: code = Unavailable desc = transport is closing
400	557	252	809	<nil>
400	528	267	795	<nil>
400	532	270	802	<nil>
400	532	271	803	<nil>
400	2975	274	3249	<nil>
400	531	285	816	<nil>
400	546	293	839	<nil>
400	547	300	847	<nil>
400	593	259	852	<nil>
400	579	258	837	<nil>
400	576	259	835	<nil>
400	578	257	835	<nil>
400	578	261	839	<nil>
400	590	261	851	<nil>
400	578	262	840	<nil>
400	3705	288	3993	<nil>
400	519	288	807	<nil>
400	576	290	866	<nil>
400	539	289	828	<nil>
400	578	290	868	<nil>
400	576	289	865	<nil>
400	3048	290	3338	<nil>
400	3047	291	3338	<nil>
400	579	290	869	<nil>
400	577	290	867	<nil>
400	620	257	877	<nil>
400	616	273	889	<nil>
400	627	253	880	<nil>
400	622	256	878	<nil>
400	580	292	872	<nil>
400	580	296	876	<nil>
400	610	264	874	<nil>
400	620	256	876	<nil>
400	696	211	907	<nil>
400	3438	272	3710	<nil>
400	655	244	899	<nil>
400	655	242	897	<nil>
400	574	234	808	<nil>
400	660	243	903	<nil>
400	666	233	899	<nil>
400	663	235	898	<nil>
400	664	233	897	<nil>
400	664	235	899	<nil>
400	639	258	897	<nil>
400	643	256	899	<nil>
400	696	215	911	<nil>
400	646	259	905	<nil>
400	651	256	907	<nil>
400	688	211	899	<nil>
400	610	211	821	<nil>
400	3467	243	3710	<nil>
400	10556	244	10800	<nil>
400	675	234	909	<nil>
400	699	249	948	<nil>
400	702	248	950	<nil>
400	699	249	948	<nil>
400	622	256	878	<nil>
400	3242	372	3614	<nil>
400	725	236	961	<nil>
400	722	248	970	<nil>
400	551	376	927	<nil>
400	713	248	961	<nil>
400	709	257	966	<nil>
400	3210	235	3445	<nil>
400	624	248	872	<nil>
400	638	236	874	<nil>
400	10640	226	10866	<nil>
400	743	225	968	<nil>
400	249	225	474	<nil>
400	743	222	965	<nil>
400	752	222	974	<nil>
400	743	223	966	<nil>
400	656	219	875	<nil>
400	1246	219	1465	<nil>
400	244	219	463	<nil>
400	1245	220	1465	<nil>
400	749	220	969	<nil>
400	244	219	463	<nil>
400	244	219	463	<nil>
400	244	219	463	<nil>
400	244	219	463	<nil>
400	244	220	464	<nil>
400	243	220	463	<nil>
400	288	225	513	<nil>
400	290	224	514	<nil>
400	293	221	514	<nil>
400	291	219	510	<nil>
400	296	213	509	<nil>
400	298	212	510	<nil>
400	288	211	499	<nil>
400	297	213	510	<nil>
400	1289	211	1500	<nil>
400	308	218	526	<nil>
400	316	211	527	<nil>
400	317	211	528	<nil>
400	317	211	528	<nil>
400	310	212	522	<nil>
400	317	212	529	<nil>
400	340	187	527	<nil>
400	346	191	537	<nil>
400	344	186	530	<nil>
400	336	191	527	<nil>
400	352	175	527	<nil>
400	347	182	529	<nil>
400	360	174	534	<nil>
400	376	163	539	<nil>
400	352	182	534	<nil>
400	354	180	534	<nil>
400	369	168	537	<nil>
400	401	142	543	<nil>
400	406	138	544	<nil>
400	406	140	546	<nil>
400	251	71	322	<nil>
400	1408	143	1551	<nil>
400	317	78	395	<nil>
400	402	143	545	<nil>
400	1322	74	1396	<nil>
400	239	96	335	<nil>
400	401	146	547	<nil>
400	336	73	409	<nil>
400	387	166	553	<nil>
400	406	141	547	<nil>
400	385	162	547	<nil>
400	405	143	548	<nil>
400	1322	74	1396	<nil>
400	405	144	549	<nil>
400	406	144	550	<nil>
400	380	173	553	<nil>
400	392	153	545	<nil>
400	400	142	542	<nil>
400	403	144	547	<nil>
400	388	158	546	<nil>
400	378	167	545	<nil>
400	2744	71	2815	<nil>
400	407	141	548	<nil>
400	388	155	543	<nil>
400	1314	73	1387	<nil>
400	404	140	544	<nil>
400	402	143	545	<nil>
400	407	139	546	<nil>
400	402	145	547	<nil>
400	402	143	545	<nil>
400	405	141	546	<nil>
400	403	144	547	<nil>
400	408	142	550	<nil>
400	271	138	409	<nil>
400	242	71	313	<nil>
400	406	142	548	<nil>
400	409	165	574	<nil>
400	404	169	573	<nil>
400	237	95	332	<nil>
400	409	166	575	<nil>
400	403	176	579	<nil>
400	406	138	544	<nil>
400	232	100	332	<nil>
400	2546	99	2645	<nil>
400	238	154	392	<nil>
400	237	156	393	<nil>
400	220	156	376	<nil>
400	217	150	367	<nil>
400	215	150	365	<nil>
400	241	154	395	<nil>
400	212	152	364	<nil>
400	236	155	391	<nil>
400	229	138	367	<nil>
400	231	139	370	<nil>
400	229	138	367	<nil>
400	202	137	339	<nil>
400	357	137	494	<nil>
400	219	123	342	<nil>
400	280	97	377	<nil>
400	191	99	290	<nil>
400	225	112	337	<nil>
400	235	101	336	<nil>
400	177	99	276	<nil>
400	255	90	345	<nil>
400	208	144	352	<nil>
400	230	105	335	<nil>
400	182	98	280	<nil>
400	181	22	203	<nil>
400	148	10	158	<nil>
400	9341	5	9346	<nil>
400	194	98	292	<nil>
400	229	99	328	<nil>
400	230	125	355	<nil>
400	233	111	344	<nil>
400	212	125	337	<nil>
400	108	15	123	<nil>
400	248	29	277	<nil>
400	119	6	125	<nil>
400	118	5	123	<nil>
400	247	105	352	<nil>
400	230	126	356	<nil>
400	230	150	380	<nil>
400	117	9	126	<nil>
400	242	115	357	<nil>
400	1210	105	1315	<nil>
400	234	102	336	<nil>
400	231	107	338	<nil>
400	255	35	290	<nil>
400	121	7	128	<nil>
400	185	103	288	<nil>
400	2682	21	2703	<nil>
400	179	104	283	<nil>
400	226	63	289	<nil>
400	180	21	201	<nil>
400	2856	104	2960	<nil>
400	179	22	201	<nil>
400	181	22	203	<nil>
400	231	63	294	<nil>
400	229	62	291	<nil>
400	206	77	283	<nil>
400	234	144	378	<nil>
400	228	63	291	<nil>
400	219	63	282	<nil>
400	187	104	291	<nil>
400	188	104	292	<nil>
400	205	77	282	<nil>
400	187	104	291	<nil>
400	1149	4	1153	<nil>
400	120	9	129	<nil>
400	181	22	203	<nil>
400	220	64	284	<nil>
400	180	22	202	<nil>
400	247	36	283	<nil>
400	190	105	295	<nil>
400	154	21	175	<nil>
400	180	22	202	<nil>
400	1149	4	1153	<nil>
400	148	10	158	<nil>
400	152	21	173	<nil>
400	158	21	179	<nil>
400	154	21	175	<nil>
400	123	9	132	<nil>
400	124	9	133	<nil>
400	141	11	152	<nil>
400	148	10	158	<nil>
400	121	8	129	<nil>
400	153	21	174	<nil>
400	1149	4	1153	<nil>
400	121	9	130	<nil>
400	155	22	177	<nil>
400	119	10	129	<nil>
400	152	12	164	<nil>
400	145	10	155	<nil>
400	156	19	175	<nil>
400	2739	12	2751	<nil>
400	118	4	122	<nil>
400	240	98	338	<nil>
400	149	22	171	<nil>
400	107	13	120	<nil>
400	117	5	122	<nil>
400	112	14	126	<nil>
400	108	13	121	<nil>
400	109	13	122	<nil>
400	109	13	122	<nil>
400	143	14	157	<nil>
400	109	14	123	<nil>
400	119	4	123	<nil>
400	108	14	122	<nil>
400	247	112	359	<nil>
400	1203	112	1315	<nil>
400	234	111	345	<nil>
400	120	4	124	<nil>
400	121	4	125	<nil>
400	120	4	124	<nil>
400	119	7	126	<nil>
400	119	6	125	<nil>
400	232	114	346	<nil>
400	120	7	127	<nil>
400	213	77	290	<nil>
400	118	8	126	<nil>
400	119	7	126	<nil>
400	118	9	127	<nil>
400	118	9	127	<nil>
400	171	106	277	<nil>
400	149	21	170	<nil>
400	119	10	129	<nil>
400	153	19	172	<nil>
400	117	11	128	<nil>
400	126	10	136	<nil>
400	121	9	130	<nil>
400	1147	5	1152	<nil>
400	121	9	130	<nil>
400	153	13	166	<nil>
400	8348	12	8360	<nil>
400	125	9	134	<nil>
400	117	12	129	<nil>
400	120	9	129	<nil>
400	1151	10	1161	<nil>
400	200	19	219	<nil>
400	168	27	195	<nil>
400	148	31	179	<nil>
400	185	32	217	<nil>
400	176	28	204	<nil>
400	152	30	182	<nil>
400	148	32	180	<nil>
400	157	23	180	<nil>
400	151	31	182	<nil>
400	156	29	185	<nil>
400	193	26	219	<nil>
400	175	28	203	<nil>
400	204	14	218	<nil>
400	206	15	221	<nil>
400	163	17	180	<nil>
400	176	8	184	<nil>
400	156	29	185	<nil>
400	175	28	203	<nil>
400	170	31	201	<nil>
400	219	11	230	<nil>
400	190	258	448	<nil>
400	189	269	458	<nil>
400	189	272	461	<nil>
400	191	283	474	<nil>
400	194	283	477	<nil>
400	194	279	473	<nil>
400	201	279	480	<nil>
400	194	279	473	<nil>
400	194	280	474	<nil>
400	192	279	471	<nil>
400	195	279	474	<nil>
400	196	278	474	<nil>
400	196	282	478	<nil>
400	192	279	471	<nil>
400	191	279	470	<nil>
400	195	279	474	<nil>
400	202	280	482	<nil>
400	213	283	496	<nil>
400	196	279	475	<nil>
400	2910	278	3188	<nil>
400	204	284	488	<nil>
400	232	280	512	<nil>
400	228	281	509	<nil>
400	192	278	470	<nil>
400	192	281	473	<nil>
400	198	288	486	<nil>
400	220	284	504	<nil>
400	195	283	478	<nil>
400	188	286	474	<nil>
400	192	286	478	<nil>
400	193	283	476	<nil>
400	192	287	479	<nil>
400	186	287	473	<nil>
400	193	285	478	<nil>
400	192	290	482	<nil>
400	227	289	516	<nil>
400	234	286	520	<nil>
400	194	287	481	<nil>
400	195	292	487	<nil>
400	196	287	483	<nil>
400	193	287	480	<nil>
400	197	288	485	<nil>
400	196	287	483	<nil>
400	195	287	482	<nil>
400	193	289	482	<nil>
400	187	292	479	<nil>
400	195	288	483	<nil>
400	192	288	480	<nil>
400	202	292	494	<nil>
400	5115	291	5406	<nil>
400	196	287	483	<nil>
400	190	289	479	<nil>
400	193	287	480	<nil>
400	195	287	482	<nil>
400	229	290	519	<nil>
400	193	287	480	<nil>
400	190	302	492	<nil>
400	2918	299	3217	<nil>
400	195	298	493	<nil>
400	193	287	480	<nil>
400	192	299	491	<nil>
400	190	300	490	<nil>
400	197	298	495	<nil>
400	197	297	494	<nil>
400	192	298	490	<nil>
400	189	290	479	<nil>
400	198	312	510	<nil>
400	193	315	508	<nil>
400	196	313	509	<nil>
400	218	313	531	<nil>
400	197	312	509	<nil>
400	192	334	526	<nil>
400	194	327	521	<nil>
400	192	339	531	<nil>
400	193	326	519	<nil>
400	192	370	562	<nil>
400	194	370	564	<nil>
400	194	369	563	<nil>
400	194	376	570	<nil>
400	195	370	565	<nil>
400	192	378	570	<nil>
400	470	101	571	<nil>
400	192	379	571	<nil>
400	196	371	567	<nil>
400	469	126	595	<nil>
400	308	174	482	<nil>
400	324	164	488	<nil>
400	309	172	481	<nil>
400	311	182	493	<nil>
400	311	185	496	<nil>
400	332	162	494	<nil>
400	337	159	496	<nil>
400	316	190	506	<nil>
400	193	26	219	<nil>
400	337	168	505	<nil>
400	323	194	517	<nil>
400	337	157	494	<nil>
400	202	27	229	<nil>
400	199	28	227	<nil>
400	201	28	229	<nil>
400	202	27	229	<nil>
400	324	183	507	<nil>
400	194	28	222	<nil>
400	315	192	507	<nil>
400	1202	26	1228	<nil>
400	193	29	222	<nil>
400	198	28	226	<nil>
400	200	27	227	<nil>
400	204	35	239	<nil>
400	200	36	236	<nil>
400	201	35	236	<nil>
400	308	218	526	<nil>
400	315	211	526	<nil>
400	316	212	528	<nil>
400	316	236	552	<nil>
400	1199	76	1275	<nil>
400	1198	85	1283	<nil>
400	200	80	280	<nil>
400	303	287	590	<nil>
400	1358	233	1591	<nil>
400	200	131	331	<nil>
400	1167	216	1383	<nil>
400	219	91	310	<nil>
400	112	243	355	<nil>
400	311	303	614	<nil>
400	215	123	338	<nil>
400	262	77	339	<nil>
400	128	233	361	<nil>
400	305	15	320	<nil>
400	312	48	360	<nil>
400	310	52	362	<nil>
400	311	14	325	<nil>
400	1218	131	1349	<nil>
400	211	132	343	<nil>
400	276	72	348	<nil>
400	212	131	343	<nil>
400	310	14	324	<nil>
400	217	130	347	<nil>
400	249	65	314	<nil>
400	283	63	346	<nil>
400	277	54	331	<nil>
400	219	170	389	<nil>
400	308	59	367	<nil>
400	337	49	386	<nil>
400	263	127	390	<nil>
400	213	130	343	<nil>
400	235	86	321	<nil>
400	343	52	395	<nil>
400	243	0	243	rpc error: code = Unavailable desc = transport is closing
400	251	126	377	<nil>
400	343	58	401	<nil>
400	188	0	188	rpc error: code = Unavailable desc = transport is closing
400	176	0	176	rpc error: code = Unavailable desc = transport is closing
400	198	176	374	<nil>
400	2849	0	2849	rpc error: code = Unavailable desc = transport is closing
400	204	175	379	<nil>
400	228	173	401	<nil>
400	228	173	401	<nil>
400	226	174	400	<nil>
400	200	175	375	<nil>
400	232	155	387	<nil>
400	201	250	451	<nil>
400	1228	251	1479	<nil>
400	225	252	477	<nil>
400	225	0	225	rpc error: code = Unavailable desc = transport is closing
400	201	251	452	<nil>
400	370	83	453	<nil>
400	375	83	458	<nil>
400	370	83	453	<nil>
400	180	0	180	rpc error: code = Unavailable desc = transport is closing
400	322	134	456	<nil>
400	300	139	439	<nil>
400	199	254	453	<nil>
400	298	143	441	<nil>
400	369	88	457	<nil>
400	335	93	428	<nil>
400	1349	95	1444	<nil>
400	301	89	390	<nil>
400	1211	238	1449	<nil>
400	322	135	457	<nil>
400	368	88	456	<nil>
400	338	138	476	<nil>
400	369	112	481	<nil>
400	331	150	481	<nil>
400	359	163	522	<nil>
400	219	306	525	<nil>
400	9331	173	9504	<nil>
400	590	0	590	rpc error: code = Unavailable desc = transport is closing
400	584	0	584	rpc error: code = Unavailable desc = transport is closing
400	516	0	516	rpc error: code = Unavailable desc = transport is closing
400	539	0	539	rpc error: code = Unavailable desc = transport is closing
400	580	0	580	rpc error: code = Unavailable desc = transport is closing
400	3044	0	3044	rpc error: code = Unavailable desc = transport is closing
400	578	0	578	rpc error: code = Unavailable desc = transport is closing
400	310	205	515	<nil>
400	261	261	522	<nil>
400	1354	219	1573	<nil>
400	246	132	378	<nil>
400	246	165	411	<nil>
400	349	215	564	<nil>
400	618	0	618	rpc error: code = Unavailable desc = transport is closing
400	616	0	616	rpc error: code = Unavailable desc = transport is closing
400	368	212	580	<nil>
400	231	155	386	<nil>
400	243	212	455	<nil>
400	227	257	484	<nil>
400	611	0	611	rpc error: code = Unavailable desc = transport is closing
400	294	258	552	<nil>
400	625	0	625	rpc error: code = Unavailable desc = transport is closing
400	267	0	267	rpc error: code = Unavailable desc = transport is closing
400	235	0	235	rpc error: code = Unavailable desc = transport is closing
400	230	0	230	rpc error: code = Unavailable desc = transport is closing
400	626	0	626	rpc error: code = Unavailable desc = transport is closing
400	648	0	648	rpc error: code = Unavailable desc = transport is closing
400	620	0	620	rpc error: code = Unavailable desc = transport is closing
400	3438	0	3438	rpc error: code = Unavailable desc = transport is closing
400	240	149	389	<nil>
400	1266	137	1403	<nil>
400	640	0	640	rpc error: code = Unavailable desc = transport is closing
400	220	0	220	rpc error: code = Unavailable desc = transport is closing
400	230	140	370	<nil>
400	27709	141	27850	<nil>
400	249	138	387	<nil>
400	617	0	617	rpc error: code = Unavailable desc = transport is closing
400	1260	140	1400	<nil>
400	245	141	386	<nil>
400	1252	149	1401	<nil>
400	2723	139	2862	<nil>
400	248	145	393	<nil>
400	575	0	575	rpc error: code = Unavailable desc = transport is closing
400	546	0	546	rpc error: code = Unavailable desc = transport is closing
400	278	137	415	<nil>
400	351	160	511	<nil>
400	386	0	386	rpc error: code = Unavailable desc = transport is closing
400	210	182	392	<nil>
400	245	160	405	<nil>
400	227	160	387	<nil>
400	233	160	393	<nil>
400	224	168	392	<nil>
400	228	159	387	<nil>
400	230	172	402	<nil>
400	389	0	389	rpc error: code = Unavailable desc = transport is closing
400	9390	0	9390	rpc error: code = Unavailable desc = transport is closing
400	2536	0	2536	rpc error: code = Unavailable desc = transport is closing
400	234	0	234	rpc error: code = Unavailable desc = transport is closing
400	150	0	150	rpc error: code = Unavailable desc = transport is closing
400	400	0	400	rpc error: code = Unavailable desc = transport is closing
400	699	0	699	rpc error: code = Unavailable desc = transport is closing
400	224	191	415	<nil>
400	175	0	175	rpc error: code = Unavailable desc = transport is closing
400	157	0	157	rpc error: code = Unavailable desc = transport is closing
400	156	0	156	rpc error: code = Unavailable desc = transport is closing
400	296	0	296	rpc error: code = Unavailable desc = transport is closing
400	195	0	195	rpc error: code = Unavailable desc = transport is closing
400	232	312	544	<nil>
400	233	312	545	<nil>
400	5015	338	5353	<nil>
400	208	338	546	<nil>
400	225	341	566	<nil>
400	220	0	220	rpc error: code = Unavailable desc = transport is closing
400	172	0	172	rpc error: code = Unavailable desc = transport is closing
400	167	0	167	rpc error: code = Unavailable desc = transport is closing
400	210	0	210	rpc error: code = Unavailable desc = transport is closing
400	288	0	288	rpc error: code = Unavailable desc = transport is closing
400	5078	0	5078	rpc error: code = Unavailable desc = transport is closing
400	189	0	189	rpc error: code = Unavailable desc = transport is closing
400	196	0	196	rpc error: code = Unavailable desc = transport is closing
400	5420	0	5420	rpc error: code = Unavailable desc = transport is closing
400	209	0	209	rpc error: code = Unavailable desc = transport is closing
400	187	0	187	rpc error: code = Unavailable desc = transport is closing
400	195	0	195	rpc error: code = Unavailable desc = transport is closing
400	191	0	191	rpc error: code = Unavailable desc = transport is closing
400	189	0	189	rpc error: code = Unavailable desc = transport is closing
400	191	0	191	rpc error: code = Unavailable desc = transport is closing
400	191	0	191	rpc error: code = Unavailable desc = transport is closing
400	258	0	258	rpc error: code = Unavailable desc = transport is closing
400	226	360	586	<nil>
400	234	361	595	<nil>
400	205	359	564	<nil>
400	257	358	615	<nil>
400	232	361	593	<nil>
400	298	0	298	rpc error: code = Unavailable desc = transport is closing
400	192	0	192	rpc error: code = Unavailable desc = transport is closing
400	409	0	409	rpc error: code = Unavailable desc = transport is closing
400	196	0	196	rpc error: code = Unavailable desc = transport is closing
400	406	0	406	rpc error: code = Unavailable desc = transport is closing
400	196	0	196	rpc error: code = Unavailable desc = transport is closing
400	353	0	353	rpc error: code = Unavailable desc = transport is closing
400	298	0	298	rpc error: code = Unavailable desc = transport is closing
400	196	0	196	rpc error: code = Unavailable desc = transport is closing
400	203	0	203	rpc error: code = Unavailable desc = transport is closing
400	191	0	191	rpc error: code = Unavailable desc = transport is closing
400	193	0	193	rpc error: code = Unavailable desc = transport is closing
400	196	0	196	rpc error: code = Unavailable desc = transport is closing
400	406	0	406	rpc error: code = Unavailable desc = transport is closing
400	404	0	404	rpc error: code = Unavailable desc = transport is closing
400	26517	0	26517	rpc error: code = Unavailable desc = transport is closing
400	167	389	556	<nil>
400	406	0	406	rpc error: code = Unavailable desc = transport is closing
400	406	0	406	rpc error: code = Unavailable desc = transport is closing
400	408	0	408	rpc error: code = Unavailable desc = transport is closing
400	258	390	648	<nil>
400	407	0	407	rpc error: code = Unavailable desc = transport is closing
400	352	0	352	rpc error: code = Unavailable desc = transport is closing
400	5350	0	5350	rpc error: code = Unavailable desc = transport is closing
400	406	0	406	rpc error: code = Unavailable desc = transport is closing
400	139	387	526	<nil>
400	404	0	404	rpc error: code = Unavailable desc = transport is closing
400	406	0	406	rpc error: code = Unavailable desc = transport is closing
400	408	0	408	rpc error: code = Unavailable desc = transport is closing
400	406	0	406	rpc error: code = Unavailable desc = transport is closing
400	270	0	270	rpc error: code = Unavailable desc = transport is closing
400	409	0	409	rpc error: code = Unavailable desc = transport is closing
400	130	388	518	<nil>
400	194	0	194	rpc error: code = Unavailable desc = transport is closing
400	296	0	296	rpc error: code = Unavailable desc = transport is closing
400	211	392	603	<nil>
400	1178	398	1576	<nil>
400	132	445	577	<nil>
400	2510	444	2954	<nil>
400	354	0	354	rpc error: code = Unavailable desc = transport is closing
400	175	442	617	<nil>
400	9234	456	9690	<nil>
400	142	445	587	<nil>
400	9390	466	9856	<nil>
400	134	465	599	<nil>
400	134	468	602	<nil>
400	239	398	637	<nil>
400	153	703	856	<nil>
400	149	719	868	<nil>
400	226	703	929	<nil>
400	137	723	860	<nil>
400	157	0	157	rpc error: code = Unavailable desc = transport is closing
400	1160	711	1871	<nil>
400	1144	727	1871	<nil>
400	152	712	864	<nil>
400	203	710	913	<nil>
400	153	711	864	<nil>
400	152	712	864	<nil>
400	1268	780	2048	<nil>
400	147	466	613	<nil>
400	1307	0	1307	rpc error: code = Unavailable desc = transport is closing
400	294	0	294	rpc error: code = Unavailable desc = transport is closing
400	80	702	782	<nil>
400	134	665	799	<nil>
400	162	705	867	<nil>
400	161	706	867	<nil>
400	406	0	406	rpc error: code = Unavailable desc = transport is closing
400	404	0	404	rpc error: code = Unavailable desc = transport is closing
400	295	0	295	rpc error: code = Unavailable desc = transport is closing
400	137	731	868	<nil>
400	401	0	401	rpc error: code = Unavailable desc = transport is closing
400	407	0	407	rpc error: code = Unavailable desc = transport is closing
400	157	707	864	<nil>
400	153	667	820	<nil>
400	405	0	405	rpc error: code = Unavailable desc = transport is closing
400	1124	702	1826	<nil>
400	136	730	866	<nil>
400	161	706	867	<nil>
400	151	716	867	<nil>
400	154	716	870	<nil>
400	161	706	867	<nil>
400	295	0	295	rpc error: code = Unavailable desc = transport is closing
400	351	0	351	rpc error: code = Unavailable desc = transport is closing
400	403	0	403	rpc error: code = Unavailable desc = transport is closing
400	1167	706	1873	<nil>
400	1167	707	1874	<nil>
400	152	715	867	<nil>
400	405	0	405	rpc error: code = Unavailable desc = transport is closing
400	151	716	867	<nil>
400	404	0	404	rpc error: code = Unavailable desc = transport is closing
400	146	722	868	<nil>
400	293	0	293	rpc error: code = Unavailable desc = transport is closing
400	5231	0	5231	rpc error: code = Unavailable desc = transport is closing
400	314	0	314	rpc error: code = Unavailable desc = transport is closing
400	401	0	401	rpc error: code = Unavailable desc = transport is closing
400	161	706	867	<nil>
400	404	0	404	rpc error: code = Unavailable desc = transport is closing
400	316	0	316	rpc error: code = Unavailable desc = transport is closing
400	1316	0	1316	rpc error: code = Unavailable desc = transport is closing
400	136	679	815	<nil>
400	173	736	909	<nil>
400	176	736	912	<nil>
400	148	736	884	<nil>
400	9379	733	10112	<nil>
400	159	580	739	<nil>
400	94	713	807	<nil>
400	1133	711	1844	<nil>
400	87	717	804	<nil>
400	176	579	755	<nil>
400	87	718	805	<nil>
400	144	713	857	<nil>
400	107	722	829	<nil>
400	98	658	756	<nil>
400	9180	735	9915	<nil>
400	136	753	889	<nil>
400	159	580	739	<nil>
400	91	713	804	<nil>
400	149	741	890	<nil>
400	161	575	736	<nil>
400	118	714	832	<nil>
400	145	713	858	<nil>
400	176	582	758	<nil>
400	91	713	804	<nil>
400	1191	739	1930	<nil>
400	151	739	890	<nil>
400	3142	738	3880	<nil>
400	136	755	891	<nil>
400	1127	718	1845	<nil>
400	3064	738	3802	<nil>
400	5118	657	5775	<nil>
400	2541	580	3121	<nil>
400	200	735	935	<nil>
400	3024	712	3736	<nil>
400	153	760	913	<nil>
400	151	738	889	<nil>
400	10558	650	11208	<nil>
400	177	714	891	<nil>
400	137	756	893	<nil>
400	141	624	765	<nil>
400	315	0	315	rpc error: code = Unavailable desc = transport is closing
400	400	0	400	rpc error: code = Unavailable desc = transport is closing
400	1344	0	1344	rpc error: code = Unavailable desc = transport is closing
400	402	0	402	rpc error: code = Unavailable desc = transport is closing
400	348	0	348	rpc error: code = Unavailable desc = transport is closing
400	402	0	402	rpc error: code = Unavailable desc = transport is closing
400	347	0	347	rpc error: code = Unavailable desc = transport is closing
400	340	0	340	rpc error: code = Unavailable desc = transport is closing
400	335	0	335	rpc error: code = Unavailable desc = transport is closing
400	1344	0	1344	rpc error: code = Unavailable desc = transport is closing
400	360	0	360	rpc error: code = Unavailable desc = transport is closing
400	339	0	339	rpc error: code = Unavailable desc = transport is closing
400	348	0	348	rpc error: code = Unavailable desc = transport is closing
400	517	0	517	rpc error: code = Unavailable desc = transport is closing
400	367	0	367	rpc error: code = Unavailable desc = transport is closing
400	4845	0	4845	rpc error: code = Unavailable desc = transport is closing
400	234	0	234	rpc error: code = Unavailable desc = transport is closing
400	300	567	867	<nil>
400	373	0	373	rpc error: code = Unavailable desc = transport is closing
400	237	0	237	rpc error: code = Unavailable desc = transport is closing
400	261	611	872	<nil>
400	237	0	237	rpc error: code = Unavailable desc = transport is closing
400	235	0	235	rpc error: code = Unavailable desc = transport is closing
400	1315	0	1315	rpc error: code = Unavailable desc = transport is closing
400	310	558	868	<nil>
400	311	558	869	<nil>
400	278	590	868	<nil>
400	258	611	869	<nil>
400	311	583	894	<nil>
400	310	584	894	<nil>
400	334	583	917	<nil>
400	327	0	327	rpc error: code = Unavailable desc = transport is closing
400	260	610	870	<nil>
400	1318	0	1318	rpc error: code = Unavailable desc = transport is closing
400	281	0	281	rpc error: code = Unavailable desc = transport is closing
400	289	0	289	rpc error: code = Unavailable desc = transport is closing
400	1322	0	1322	rpc error: code = Unavailable desc = transport is closing
400	1323	0	1323	rpc error: code = Unavailable desc = transport is closing
400	290	0	290	rpc error: code = Unavailable desc = transport is closing
400	270	634	904	<nil>
400	331	0	331	rpc error: code = Unavailable desc = transport is closing
400	328	585	913	<nil>
400	346	572	918	<nil>
400	346	566	912	<nil>
400	271	637	908	<nil>
400	331	602	933	<nil>
400	309	602	911	<nil>
400	310	599	909	<nil>
400	327	603	930	<nil>
400	616	325	941	<nil>
400	612	320	932	<nil>
400	612	319	931	<nil>
400	3080	337	3417	<nil>
400	623	335	958	<nil>
400	624	336	960	<nil>
400	624	336	960	<nil>
400	626	340	966	<nil>
400	631	366	997	<nil>
400	5835	362	6197	<nil>
400	3030	363	3393	<nil>
400	607	366	973	<nil>
400	606	368	974	<nil>
400	574	389	963	<nil>
400	633	390	1023	<nil>
400	10215	388	10603	<nil>
400	3246	349	3595	<nil>
400	3033	379	3412	<nil>
400	3556	350	3906	<nil>
400	525	347	872	<nil>
400	620	379	999	<nil>
400	588	395	983	<nil>
400	621	380	1001	<nil>
400	644	379	1023	<nil>
400	673	350	1023	<nil>
400	631	394	1025	<nil>
400	5833	393	6226	<nil>
400	606	360	966	<nil>
400	5719	350	6069	<nil>
400	641	384	1025	<nil>
400	674	362	1036	<nil>
400	648	365	1013	<nil>
400	537	371	908	<nil>
400	713	346	1059	<nil>
400	555	358	913	<nil>
400	683	0	683	rpc error: code = Unavailable desc = transport is closing
400	6256	0	6256	rpc error: code = Unavailable desc = transport is closing
400	713	0	713	rpc error: code = Unavailable desc = transport is closing
400	691	0	691	rpc error: code = Unavailable desc = transport is closing
400	662	0	662	rpc error: code = Unavailable desc = transport is closing
400	10373	0	10373	rpc error: code = Unavailable desc = transport is closing
400	683	0	683	rpc error: code = Unavailable desc = transport is closing
400	672	0	672	rpc error: code = Unavailable desc = transport is closing
400	680	0	680	rpc error: code = Unavailable desc = transport is closing
400	679	0	679	rpc error: code = Unavailable desc = transport is closing
400	687	0	687	rpc error: code = Unavailable desc = transport is closing
400	682	0	682	rpc error: code = Unavailable desc = transport is closing
400	656	0	656	rpc error: code = Unavailable desc = transport is closing
400	710	0	710	rpc error: code = Unavailable desc = transport is closing
400	685	0	685	rpc error: code = Unavailable desc = transport is closing
400	708	0	708	rpc error: code = Unavailable desc = transport is closing
400	666	0	666	rpc error: code = Unavailable desc = transport is closing
400	10439	0	10439	rpc error: code = Unavailable desc = transport is closing
400	658	0	658	rpc error: code = Unavailable desc = transport is closing
400	661	0	661	rpc error: code = Unavailable desc = transport is closing
400	658	0	658	rpc error: code = Unavailable desc = transport is closing
400	658	0	658	rpc error: code = Unavailable desc = transport is closing
400	665	0	665	rpc error: code = Unavailable desc = transport is closing
400	663	0	663	rpc error: code = Unavailable desc = transport is closing
400	419	124	543	<nil>
400	418	124	542	<nil>
400	421	123	544	<nil>
400	2754	122	2876	<nil>
400	425	120	545	<nil>
400	422	121	543	<nil>
400	356	102	458	<nil>
400	355	104	459	<nil>
400	356	101	457	<nil>
400	355	103	458	<nil>
400	355	104	459	<nil>
400	355	103	458	<nil>
400	353	105	458	<nil>
400	293	36	329	<nil>
400	324	38	362	<nil>
400	262	24	286	<nil>
400	277	86	363	<nil>
400	289	40	329	<nil>
400	286	78	364	<nil>
400	1310	38	1348	<nil>
400	1308	43	1351	<nil>
400	262	24	286	<nil>
400	217	19	236	<nil>
400	1290	36	1326	<nil>
400	243	23	266	<nil>
400	294	37	331	<nil>
400	244	24	268	<nil>
400	164	41	205	<nil>
400	190	49	239	<nil>
400	164	40	204	<nil>
400	6389	43	6432	<nil>
400	188	43	231	<nil>
400	164	48	212	<nil>
400	128	46	174	<nil>
400	163	48	211	<nil>
400	164	48	212	<nil>
400	163	48	211	<nil>
400	135	48	183	<nil>
400	165	48	213	<nil>
400	163	49	212	<nil>
400	128	46	174	<nil>
400	103	42	145	<nil>
400	103	43	146	<nil>
400	118	12	130	<nil>
400	139	56	195	<nil>
400	117	17	134	<nil>
400	165	56	221	<nil>
400	163	58	221	<nil>
400	130	54	184	<nil>
400	163	58	221	<nil>
400	103	45	148	<nil>
400	134	8	142	<nil>
400	111	27	138	<nil>
400	1124	28	1152	<nil>
400	108	33	141	<nil>
400	109	30	139	<nil>
400	115	66	181	<nil>
400	107	71	178	<nil>
400	108	70	178	<nil>
400	112	65	177	<nil>
400	107	71	178	<nil>
400	114	25	139	<nil>
400	1084	108	1192	<nil>
400	113	105	218	<nil>
400	111	97	208	<nil>
400	74	128	202	<nil>
400	43	128	171	<nil>
400	59	114	173	<nil>
400	63	114	177	<nil>
400	65	112	177	<nil>
400	61	115	176	<nil>
400	60	114	174	<nil>
400	57	116	173	<nil>
400	63	114	177	<nil>
400	159	27	186	<nil>
400	162	33	195	<nil>
400	60	119	179	<nil>
400	153	12	165	<nil>
400	162	13	175	<nil>
400	134	11	145	<nil>
400	66	123	189	<nil>
400	36	119	155	<nil>
400	1167	11	1178	<nil>
400	130	20	150	<nil>
400	132	15	147	<nil>
400	150	35	185	<nil>
400	131	17	148	<nil>
400	1161	17	1178	<nil>
400	128	17	145	<nil>
400	129	18	147	<nil>
400	150	33	183	<nil>
400	107	22	129	<nil>
400	170	24	194	<nil>
400	164	24	188	<nil>
400	99	82	181	<nil>
400	161	33	194	<nil>
400	33	113	146	<nil>
400	133	17	150	<nil>
400	1141	16	1157	<nil>
400	129	17	146	<nil>
400	127	17	144	<nil>
400	145	17	162	<nil>
400	145	25	170	<nil>
400	145	27	172	<nil>
400	149	22	171	<nil>
400	5475	29	5504	<nil>
400	127	57	184	<nil>
400	141	51	192	<nil>
400	148	83	231	<nil>
400	144	84	228	<nil>
400	141	98	239	<nil>
400	154	104	258	<nil>
400	138	120	258	<nil>
400	150	123	273	<nil>
400	157	118	275	<nil>
400	125	135	260	<nil>
400	114	30	144	<nil>
400	40	115	155	<nil>
400	26	119	145	<nil>
400	65	117	182	<nil>
400	76	115	191	<nil>
400	117	29	146	<nil>
400	1095	114	1209	<nil>
400	104	115	219	<nil>
400	1102	115	1217	<nil>
400	1095	115	1210	<nil>
400	1067	143	1210	<nil>
400	36	118	154	<nil>
400	2954	131	3085	<nil>
400	86	115	201	<nil>
400	157	127	284	<nil>
400	153	114	267	<nil>
400	167	114	281	<nil>
400	149	142	291	<nil>
400	100	33	133	<nil>
400	167	122	289	<nil>
400	116	35	151	<nil>
400	2610	32	2642	<nil>
400	105	33	138	<nil>
400	96	123	219	<nil>
400	1094	124	1218	<nil>
400	122	35	157	<nil>
400	108	29	137	<nil>
400	114	31	145	<nil>
400	114	31	145	<nil>
400	113	32	145	<nil>
400	115	82	197	<nil>
400	119	101	220	<nil>
400	120	77	197	<nil>
400	121	99	220	<nil>
400	218	0	218	rpc error: code = Unavailable desc = transport is closing
400	217	0	217	rpc error: code = Unavailable desc = transport is closing
400	219	0	219	rpc error: code = Unavailable desc = transport is closing
400	378	0	378	rpc error: code = Unavailable desc = transport is closing
400	120	553	673	<nil>
400	6165	0	6165	rpc error: code = Unavailable desc = transport is closing
400	288	0	288	rpc error: code = Unavailable desc = transport is closing
400	2804	0	2804	rpc error: code = Unavailable desc = transport is closing
400	287	0	287	rpc error: code = Unavailable desc = transport is closing
400	5978	0	5978	rpc error: code = Unavailable desc = transport is closing
400	373	0	373	rpc error: code = Unavailable desc = transport is closing
400	2805	0	2805	rpc error: code = Unavailable desc = transport is closing
400	394	0	394	rpc error: code = Unavailable desc = transport is closing
400	233	0	233	rpc error: code = Unavailable desc = transport is closing
400	395	0	395	rpc error: code = Unavailable desc = transport is closing
400	259	0	259	rpc error: code = Unavailable desc = transport is closing
400	260	0	260	rpc error: code = Unavailable desc = transport is closing
400	382	0	382	rpc error: code = Unavailable desc = transport is closing
400	750	0	750	rpc error: code = Unavailable desc = transport is closing
400	368	0	368	rpc error: code = Unavailable desc = transport is closing
400	381	0	381	rpc error: code = Unavailable desc = transport is closing
400	370	0	370	rpc error: code = Unavailable desc = transport is closing
400	373	0	373	rpc error: code = Unavailable desc = transport is closing
400	5843	0	5843	rpc error: code = Unavailable desc = transport is closing
400	369	0	369	rpc error: code = Unavailable desc = transport is closing
400	5216	0	5216	rpc error: code = Unavailable desc = transport is closing
400	288	0	288	rpc error: code = Unavailable desc = transport is closing
400	289	0	289	rpc error: code = Unavailable desc = transport is closing
400	234	0	234	rpc error: code = Unavailable desc = transport is closing
400	261	0	261	rpc error: code = Unavailable desc = transport is closing
400	260	0	260	rpc error: code = Unavailable desc = transport is closing
400	261	0	261	rpc error: code = Unavailable desc = transport is closing
400	261	0	261	rpc error: code = Unavailable desc = transport is closing
400	264	0	264	rpc error: code = Unavailable desc = transport is closing
400	1251	0	1251	rpc error: code = Unavailable desc = transport is closing
400	190	0	190	rpc error: code = Unavailable desc = transport is closing
400	260	0	260	rpc error: code = Unavailable desc = transport is closing
400	241	0	241	rpc error: code = Unavailable desc = transport is closing
400	262	0	262	rpc error: code = Unavailable desc = transport is closing
400	244	0	244	rpc error: code = Unavailable desc = transport is closing
400	5014	0	5014	rpc error: code = Unavailable desc = transport is closing
400	1313	0	1313	rpc error: code = Unavailable desc = transport is closing
400	287	0	287	rpc error: code = Unavailable desc = transport is closing
400	289	0	289	rpc error: code = Unavailable desc = transport is closing
400	322	0	322	rpc error: code = Unavailable desc = transport is closing
400	1311	0	1311	rpc error: code = Unavailable desc = transport is closing
400	157	521	678	<nil>
400	142	535	677	<nil>
400	1313	0	1313	rpc error: code = Unavailable desc = transport is closing
400	243	0	243	rpc error: code = Unavailable desc = transport is closing
400	173	503	676	<nil>
400	155	522	677	<nil>
400	142	535	677	<nil>
400	233	0	233	rpc error: code = Unavailable desc = transport is closing
400	173	504	677	<nil>
400	185	493	678	<nil>
400	191	485	676	<nil>
400	121	557	678	<nil>
400	121	558	679	<nil>
400	304	0	304	rpc error: code = Unavailable desc = transport is closing
400	121	557	678	<nil>
400	73	537	610	<nil>
400	2655	539	3194	<nil>
400	122	556	678	<nil>
400	72	538	610	<nil>
400	47	534	581	<nil>
400	5383	534	5917	<nil>
400	139	540	679	<nil>
400	131	537	668	<nil>
400	142	537	679	<nil>
400	123	556	679	<nil>
400	145	534	679	<nil>
400	135	504	639	<nil>
400	100	540	640	<nil>
400	110	534	644	<nil>
400	197	480	677	<nil>
400	142	535	677	<nil>
400	164	0	164	rpc error: code = Unavailable desc = transport is closing
400	292	0	292	rpc error: code = Unavailable desc = transport is closing
400	265	0	265	rpc error: code = Unavailable desc = transport is closing
400	297	0	297	rpc error: code = Unavailable desc = transport is closing
400	165	0	165	rpc error: code = Unavailable desc = transport is closing
400	163	0	163	rpc error: code = Unavailable desc = transport is closing
400	1312	0	1312	rpc error: code = Unavailable desc = transport is closing
400	165	0	165	rpc error: code = Unavailable desc = transport is closing
400	164	0	164	rpc error: code = Unavailable desc = transport is closing
400	99	481	580	<nil>
400	100	482	582	<nil>
400	105	490	595	<nil>
400	304	0	304	rpc error: code = Unavailable desc = transport is closing
400	296	0	296	rpc error: code = Unavailable desc = transport is closing
400	409	0	409	rpc error: code = Unavailable desc = transport is closing
400	414	0	414	rpc error: code = Unavailable desc = transport is closing
400	103	498	601	<nil>
400	415	0	415	rpc error: code = Unavailable desc = transport is closing
400	415	0	415	rpc error: code = Unavailable desc = transport is closing
400	427	0	427	rpc error: code = Unavailable desc = transport is closing
400	415	0	415	rpc error: code = Unavailable desc = transport is closing
400	432	0	432	rpc error: code = Unavailable desc = transport is closing
400	342	0	342	rpc error: code = Unavailable desc = transport is closing
400	1412	0	1412	rpc error: code = Unavailable desc = transport is closing
400	346	0	346	rpc error: code = Unavailable desc = transport is closing
400	418	0	418	rpc error: code = Unavailable desc = transport is closing
400	343	0	343	rpc error: code = Unavailable desc = transport is closing
400	424	0	424	rpc error: code = Unavailable desc = transport is closing
400	419	0	419	rpc error: code = Unavailable desc = transport is closing
400	422	0	422	rpc error: code = Unavailable desc = transport is closing
400	414	0	414	rpc error: code = Unavailable desc = transport is closing
400	415	0	415	rpc error: code = Unavailable desc = transport is closing
400	418	0	418	rpc error: code = Unavailable desc = transport is closing
400	1421	0	1421	rpc error: code = Unavailable desc = transport is closing
400	432	0	432	rpc error: code = Unavailable desc = transport is closing
400	418	0	418	rpc error: code = Unavailable desc = transport is closing
400	430	0	430	rpc error: code = Unavailable desc = transport is closing
400	425	0	425	rpc error: code = Unavailable desc = transport is closing
400	422	0	422	rpc error: code = Unavailable desc = transport is closing
400	2766	0	2766	rpc error: code = Unavailable desc = transport is closing
400	5927	0	5927	rpc error: code = Unavailable desc = transport is closing
400	420	0	420	rpc error: code = Unavailable desc = transport is closing
400	422	0	422	rpc error: code = Unavailable desc = transport is closing
400	352	0	352	rpc error: code = Unavailable desc = transport is closing
400	419	0	419	rpc error: code = Unavailable desc = transport is closing
400	438	0	438	rpc error: code = Unavailable desc = transport is closing
400	423	0	423	rpc error: code = Unavailable desc = transport is closing
400	80	0	80	rpc error: code = Unavailable desc = transport is closing
400	425	0	425	rpc error: code = Unavailable desc = transport is closing
400	27486	0	27486	rpc error: code = Unavailable desc = transport is closing
400	424	0	424	rpc error: code = Unavailable desc = transport is closing
400	424	0	424	rpc error: code = Unavailable desc = transport is closing
400	426	0	426	rpc error: code = Unavailable desc = transport is closing
400	414	0	414	rpc error: code = Unavailable desc = transport is closing
400	665	0	665	rpc error: code = Unavailable desc = transport is closing
400	103	0	103	rpc error: code = Unavailable desc = transport is closing
400	103	0	103	rpc error: code = Unavailable desc = transport is closing
400	674	0	674	rpc error: code = Unavailable desc = transport is closing
400	699	0	699	rpc error: code = Unavailable desc = transport is closing
400	164	0	164	rpc error: code = Unavailable desc = transport is closing
400	679	0	679	rpc error: code = Unavailable desc = transport is closing
400	674	0	674	rpc error: code = Unavailable desc = transport is closing
400	89	0	89	rpc error: code = Unavailable desc = transport is closing
400	675	0	675	rpc error: code = Unavailable desc = transport is closing
400	207	0	207	rpc error: code = Unavailable desc = transport is closing
400	189	0	189	rpc error: code = Unavailable desc = transport is closing
400	701	0	701	rpc error: code = Unavailable desc = transport is closing
400	654	0	654	rpc error: code = Unavailable desc = transport is closing
400	701	0	701	rpc error: code = Unavailable desc = transport is closing
400	695	0	695	rpc error: code = Unavailable desc = transport is closing
400	693	0	693	rpc error: code = Unavailable desc = transport is closing
400	711	0	711	rpc error: code = Unavailable desc = transport is closing
400	705	0	705	rpc error: code = Unavailable desc = transport is closing
400	736	0	736	rpc error: code = Unavailable desc = transport is closing
400	5791	0	5791	rpc error: code = Unavailable desc = transport is closing
400	695	0	695	rpc error: code = Unavailable desc = transport is closing
400	695	0	695	rpc error: code = Unavailable desc = transport is closing
400	700	0	700	rpc error: code = Unavailable desc = transport is closing
400	703	0	703	rpc error: code = Unavailable desc = transport is closing
400	347	0	347	rpc error: code = Unavailable desc = transport is closing
400	346	0	346	rpc error: code = Unavailable desc = transport is closing
400	709	0	709	rpc error: code = Unavailable desc = transport is closing
400	703	0	703	rpc error: code = Unavailable desc = transport is closing
400	346	0	346	rpc error: code = Unavailable desc = transport is closing
400	702	0	702	rpc error: code = Unavailable desc = transport is closing
400	348	0	348	rpc error: code = Unavailable desc = transport is closing
400	705	0	705	rpc error: code = Unavailable desc = transport is closing
400	3332	0	3332	rpc error: code = Unavailable desc = transport is closing
400	346	0	346	rpc error: code = Unavailable desc = transport is closing
400	355	0	355	rpc error: code = Unavailable desc = transport is closing
400	5994	0	5994	rpc error: code = Unavailable desc = transport is closing
400	353	0	353	rpc error: code = Unavailable desc = transport is closing
400	710	0	710	rpc error: code = Unavailable desc = transport is closing
400	735	0	735	rpc error: code = Unavailable desc = transport is closing
400	352	0	352	rpc error: code = Unavailable desc = transport is closing
400	343	0	343	rpc error: code = Unavailable desc = transport is closing
400	6145	0	6145	rpc error: code = Unavailable desc = transport is closing
400	356	0	356	rpc error: code = Unavailable desc = transport is closing
400	703	0	703	rpc error: code = Unavailable desc = transport is closing
400	704	0	704	rpc error: code = Unavailable desc = transport is closing
400	2775	0	2775	rpc error: code = Unavailable desc = transport is closing
400	354	0	354	rpc error: code = Unavailable desc = transport is closing
400	354	0	354	rpc error: code = Unavailable desc = transport is closing
400	354	0	354	rpc error: code = Unavailable desc = transport is closing
400	355	0	355	rpc error: code = Unavailable desc = transport is closing
400	356	0	356	rpc error: code = Unavailable desc = transport is closing
400	356	0	356	rpc error: code = Unavailable desc = transport is closing
400	355	0	355	rpc error: code = Unavailable desc = transport is closing
400	355	0	355	rpc error: code = Unavailable desc = transport is closing
400	710	0	710	rpc error: code = Unavailable desc = transport is closing
400	356	0	356	rpc error: code = Unavailable desc = transport is closing
400	355	0	355	rpc error: code = Unavailable desc = transport is closing
400	356	0	356	rpc error: code = Unavailable desc = transport is closing
400	356	0	356	rpc error: code = Unavailable desc = transport is closing
400	650	0	650	rpc error: code = Unavailable desc = transport is closing
400	6003	0	6003	rpc error: code = Unavailable desc = transport is closing
400	712	0	712	rpc error: code = Unavailable desc = transport is closing
400	746	0	746	rpc error: code = Unavailable desc = transport is closing
400	347	0	347	rpc error: code = Unavailable desc = transport is closing
400	347	0	347	rpc error: code = Unavailable desc = transport is closing
400	356	0	356	rpc error: code = Unavailable desc = transport is closing
400	357	0	357	rpc error: code = Unavailable desc = transport is closing
400	357	0	357	rpc error: code = Unavailable desc = transport is closing
400	751	0	751	rpc error: code = Unavailable desc = transport is closing
400	718	0	718	rpc error: code = Unavailable desc = transport is closing
400	609	0	609	rpc error: code = Unavailable desc = transport is closing
400	6162	0	6162	rpc error: code = Unavailable desc = transport is closing
400	3522	0	3522	rpc error: code = Unavailable desc = transport is closing
400	754	0	754	rpc error: code = Unavailable desc = transport is closing
400	753	0	753	rpc error: code = Unavailable desc = transport is closing
400	1620	0	1620	rpc error: code = Unavailable desc = transport is closing
400	549	332	881	<nil>
400	554	344	898	<nil>
400	550	350	900	<nil>
400	556	340	896	<nil>
400	612	288	900	<nil>
400	620	287	907	<nil>
400	618	285	903	<nil>
400	615	287	902	<nil>
400	575	290	865	<nil>
400	557	353	910	<nil>
400	607	299	906	<nil>
400	618	286	904	<nil>
400	606	299	905	<nil>
400	621	287	908	<nil>
400	615	287	902	<nil>
400	641	266	907	<nil>
400	601	304	905	<nil>
400	620	290	910	<nil>
400	642	266	908	<nil>
400	607	301	908	<nil>
400	608	301	909	<nil>
400	606	301	907	<nil>
400	617	292	909	<nil>
400	6246	289	6535	<nil>
400	665	272	937	<nil>
400	633	291	924	<nil>
400	648	285	933	<nil>
400	663	270	933	<nil>
400	6013	278	6291	<nil>
400	3459	196	3655	<nil>
400	6441	196	6637	<nil>
400	363	148	511	<nil>
400	365	145	510	<nil>
400	357	145	502	<nil>
400	358	145	503	<nil>
400	359	145	504	<nil>
400	376	127	503	<nil>
400	379	125	504	<nil>
400	402	103	505	<nil>
400	370	113	483	<nil>
400	391	80	471	<nil>
400	395	113	508	<nil>
400	426	81	507	<nil>
400	424	82	506	<nil>
400	286	60	346	<nil>
400	403	106	509	<nil>
400	325	63	388	<nil>
400	2657	60	2717	<nil>
400	356	71	427	<nil>
400	264	55	319	<nil>
400	353	74	427	<nil>
400	277	55	332	<nil>
400	361	66	427	<nil>
400	342	71	413	<nil>
400	430	77	507	<nil>
400	281	56	337	<nil>
400	283	67	350	<nil>
400	246	67	313	<nil>
400	352	67	419	<nil>
400	147	66	213	<nil>
400	154	68	222	<nil>
400	160	53	213	<nil>
400	164	53	217	<nil>
400	142	71	213	<nil>
400	166	51	217	<nil>
400	2546	71	2617	<nil>
400	142	72	214	<nil>
400	148	53	201	<nil>
400	149	72	221	<nil>
400	160	75	235	<nil>
400	139	77	216	<nil>
400	5783	75	5858	<nil>
400	162	76	238	<nil>
400	125	75	200	<nil>
400	143	79	222	<nil>
400	126	79	205	<nil>
400	123	79	202	<nil>
400	145	76	221	<nil>
400	106	35	141	<nil>
400	2733	80	2813	<nil>
400	1106	34	1140	<nil>
400	128	80	208	<nil>
400	1154	35	1189	<nil>
400	141	78	219	<nil>
400	143	79	222	<nil>
400	92	60	152	<nil>
400	94	61	155	<nil>
400	70	85	155	<nil>
400	69	81	150	<nil>
400	73	82	155	<nil>
400	130	24	154	<nil>
400	111	49	160	<nil>
400	114	54	168	<nil>
400	2661	24	2685	<nil>
400	115	54	169	<nil>
400	71	102	173	<nil>
400	96	79	175	<nil>
400	138	33	171	<nil>
400	123	41	164	<nil>
400	107	58	165	<nil>
400	107	53	160	<nil>
400	60	3	63	<nil>
400	60	2	62	<nil>
400	134	32	166	<nil>
400	141	33	174	<nil>
400	90	4	94	<nil>
400	137	40	177	<nil>
400	124	41	165	<nil>
400	118	31	149	<nil>
400	130	46	176	<nil>
400	141	44	185	<nil>
400	134	42	176	<nil>
400	111	74	185	<nil>
400	2817	31	2848	<nil>
400	1120	31	1151	<nil>
400	90	30	120	<nil>
400	1120	31	1151	<nil>
400	174	61	235	<nil>
400	76	82	158	<nil>
400	69	82	151	<nil>
400	68	82	150	<nil>
400	158	10	168	<nil>
400	55	83	138	<nil>
400	2831	86	2917	<nil>
400	150	8	158	<nil>
400	161	7	168	<nil>
400	71	82	153	<nil>
400	128	12	140	<nil>
400	145	13	158	<nil>
400	163	12	175	<nil>
400	150	12	162	<nil>
400	12	84	96	<nil>
400	72	83	155	<nil>
400	162	7	169	<nil>
400	179	11	190	<nil>
400	84	5	89	<nil>
400	91	6	97	<nil>
400	76	8	84	<nil>
400	77	7	84	<nil>
400	75	8	83	<nil>
400	96	2	98	<nil>
400	95	2	97	<nil>
400	73	9	82	<nil>
400	85	2	87	<nil>
400	78	5	83	<nil>
400	79	5	84	<nil>
400	84	2	86	<nil>
400	95	1	96	<nil>
400	17896	8	17904	<nil>
400	181	32	213	<nil>
400	58	8	66	<nil>
400	76	2	78	<nil>
400	2881	85	2966	<nil>
400	73	2	75	<nil>
400	76	9	85	<nil>
400	95	2	97	<nil>
400	58	8	66	<nil>
400	192	12	204	<nil>
400	77	1	78	<nil>
400	2926	1	2927	<nil>
400	172	13	185	<nil>
400	163	14	177	<nil>
400	137	14	151	<nil>
400	173	20	193	<nil>
400	163	21	184	<nil>
400	181	12	193	<nil>
400	2823	9	2832	<nil>
400	2974	10	2984	<nil>
400	119	12	131	<nil>
400	17572	16	17588	<nil>
400	183	10	193	<nil>
400	122	9	131	<nil>
400	171	12	183	<nil>
400	120	12	132	<nil>
400	137	12	149	<nil>
400	119	14	133	<nil>
400	112	20	132	<nil>
400	2980	8	2988	<nil>
400	194	5	199	<nil>
400	134	2	136	<nil>
400	132	5	137	<nil>
400	130	7	137	<nil>
400	15273	15	15288	<nil>
400	177	13	190	<nil>
400	133	20	153	<nil>
400	144	20	164	<nil>
400	132	17	149	<nil>
400	128	66	194	<nil>
400	138	64	202	<nil>
400	131	64	195	<nil>
400	131	64	195	<nil>
400	128	67	195	<nil>
400	130	67	197	<nil>
400	132	68	200	<nil>
400	130	70	200	<nil>
400	134	74	208	<nil>
400	126	73	199	<nil>
400	128	75	203	<nil>
400	130	412	542	<nil>
400	131	415	546	<nil>
400	127	415	542	<nil>
400	129	415	544	<nil>
400	131	413	544	<nil>
400	147	414	561	<nil>
400	194	412	606	<nil>
400	132	416	548	<nil>
400	131	413	544	<nil>
400	129	416	545	<nil>
400	130	413	543	<nil>
400	64	349	413	<nil>
400	134	412	546	<nil>
400	61	351	412	<nil>
400	61	351	412	<nil>
400	20	400	420	<nil>
400	62	351	413	<nil>
400	62	354	416	<nil>
400	62	348	410	<nil>
400	58	354	412	<nil>
400	22	399	421	<nil>
400	61	352	413	<nil>
400	83	327	410	<nil>
400	75	327	402	<nil>
400	75	341	416	<nil>
400	85	349	434	<nil>
400	79	352	431	<nil>
400	81	358	439	<nil>
400	73	358	431	<nil>
400	85	352	437	<nil>
400	79	358	437	<nil>
400	74	360	434	<nil>
400	68	360	428	<nil>
400	86	359	445	<nil>
400	87	359	446	<nil>
400	76	362	438	<nil>
400	69	359	428	<nil>
400	83	362	445	<nil>
400	85	361	446	<nil>
400	399	31	430	<nil>
400	5139	24	5163	<nil>
400	405	25	430	<nil>
400	387	43	430	<nil>
400	398	30	428	<nil>
400	405	29	434	<nil>
400	406	31	437	<nil>
400	400	36	436	<nil>
400	378	45	423	<nil>
400	102	3	105	<nil>
400	100	4	104	<nil>
400	382	46	428	<nil>
400	398	47	445	<nil>
400	103	2	105	<nil>
400	95	8	103	<nil>
400	99	7	106	<nil>
400	103	7	110	<nil>
400	95	7	102	<nil>
400	94	9	103	<nil>
400	95	8	103	<nil>
400	95	8	103	<nil>
400	99	8	107	<nil>
400	97	9	106	<nil>
400	95	8	103	<nil>
400	94	36	130	<nil>
400	100	35	135	<nil>
400	95	35	130	<nil>
400	94	37	131	<nil>
400	98	38	136	<nil>
400	94	40	134	<nil>
400	95	39	134	<nil>
400	98	40	138	<nil>
400	72	45	117	<nil>
400	63	45	108	<nil>
400	95	45	140	<nil>
400	80	46	126	<nil>
400	2629	68	2697	<nil>
400	65	44	109	<nil>
400	4975	73	5048	<nil>
400	69	72	141	<nil>
400	62	86	148	<nil>
400	67	75	142	<nil>
400	2637	79	2716	<nil>
400	62	88	150	<nil>
400	59	81	140	<nil>
400	56	79	135	<nil>
400	1047	82	1129	<nil>
400	61	87	148	<nil>
400	62	85	147	<nil>
400	5390	82	5472	<nil>
400	2773	91	2864	<nil>
400	21	92	113	<nil>
400	56	92	148	<nil>
400	21	91	112	<nil>
400	53	96	149	<nil>
400	44	68	112	<nil>
400	1045	93	1138	<nil>
400	73	57	130	<nil>
400	31	100	131	<nil>
400	33	100	133	<nil>
400	58	73	131	<nil>
400	81	58	139	<nil>
400	36	99	135	<nil>
400	20	139	159	<nil>
400	2939	59	2998	<nil>
400	75	60	135	<nil>
400	50	59	109	<nil>
400	47	89	136	<nil>
400	38	106	144	<nil>
400	72	59	131	<nil>
400	61	73	134	<nil>
400	45	59	104	<nil>
400	44	60	104	<nil>
400	48	61	109	<nil>
400	73	65	138	<nil>
400	70	41	111	<nil>
400	73	64	137	<nil>
400	2698	65	2763	<nil>
400	66	43	109	<nil>
400	79	66	145	<nil>
400	74	65	139	<nil>
400	80	65	145	<nil>
400	70	68	138	<nil>
400	1067	109	1176	<nil>
400	42	108	150	<nil>
400	5492	110	5602	<nil>
400	72	110	182	<nil>
400	107	0	107	rpc error: code = Unavailable desc = transport is closing
400	39	117	156	<nil>
400	34	120	154	<nil>
400	55	85	140	<nil>
400	147	0	147	rpc error: code = Unavailable desc = transport is closing
400	43	85	128	<nil>
400	27507	119	27626	<nil>
400	41	86	127	<nil>
400	2752	88	2840	<nil>
400	41	86	127	<nil>
400	73	86	159	<nil>
400	56	87	143	<nil>
400	73	92	165	<nil>
400	16906	85	16991	<nil>
400	36	117	153	<nil>
400	146	0	146	rpc error: code = Unavailable desc = transport is closing
400	77	58	135	<nil>
400	77	63	140	<nil>
400	77	62	139	<nil>
400	68	114	182	<nil>
400	160	14	174	<nil>
400	79	61	140	<nil>
400	126	11	137	<nil>
400	146	0	146	rpc error: code = Unavailable desc = transport is closing
400	79	63	142	<nil>
400	110	26	136	<nil>
400	63	116	179	<nil>
400	111	27	138	<nil>
400	94	18	112	<nil>
400	82	60	142	<nil>
400	115	21	136	<nil>
400	150	22	172	<nil>
400	108	48	156	<nil>
400	109	47	156	<nil>
400	149	0	149	rpc error: code = Unavailable desc = transport is closing
400	131	0	131	rpc error: code = Unavailable desc = transport is closing
400	109	51	160	<nil>
400	218	10	228	<nil>
400	181	52	233	<nil>
400	172	48	220	<nil>
400	130	56	186	<nil>
400	135	31	166	<nil>
400	170	50	220	<nil>
400	156	31	187	<nil>
400	135	54	189	<nil>
400	172	51	223	<nil>
400	127	62	189	<nil>
400	136	54	190	<nil>
400	95	24	119	<nil>
400	128	65	193	<nil>
400	122	10	132	<nil>
400	154	12	166	<nil>
400	1131	11	1142	<nil>
400	1127	15	1142	<nil>
400	1111	26	1137	<nil>
400	101	10	111	<nil>
400	131	11	142	<nil>
400	104	62	166	<nil>
400	1125	11	1136	<nil>
400	135	54	189	<nil>
400	1126	12	1138	<nil>
400	108	14	122	<nil>
400	104	13	117	<nil>
400	92	28	120	<nil>
400	106	15	121	<nil>
400	1126	14	1140	<nil>
400	100	17	117	<nil>
400	111	13	124	<nil>
400	73	11	84	<nil>
400	5070	21	5091	<nil>
400	54	13	67	<nil>
400	73	11	84	<nil>
400	164	0	164	rpc error: code = Unavailable desc = transport is closing
400	63	90	153	<nil>
400	76	90	166	<nil>
400	49	90	139	<nil>
400	69	90	159	<nil>
400	51	88	139	<nil>
400	4952	91	5043	<nil>
400	67	90	157	<nil>
400	52	87	139	<nil>
400	52	88	140	<nil>
400	50	89	139	<nil>
400	53	90	143	<nil>
400	52	87	139	<nil>
400	2510	97	2607	<nil>
400	1728	0	1728	rpc error: code = Unavailable desc = transport is closing
400	68	98	166	<nil>
400	52	98	150	<nil>
400	726	0	726	rpc error: code = Unavailable desc = transport is closing
400	725	0	725	rpc error: code = Unavailable desc = transport is closing
400	134	0	134	rpc error: code = Unavailable desc = transport is closing
400	130	0	130	rpc error: code = Unavailable desc = transport is closing
400	277	0	277	rpc error: code = Unavailable desc = transport is closing
400	277	0	277	rpc error: code = Unavailable desc = transport is closing
400	256	0	256	rpc error: code = Unavailable desc = transport is closing
400	276	0	276	rpc error: code = Unavailable desc = transport is closing
400	255	0	255	rpc error: code = Unavailable desc = transport is closing
400	255	0	255	rpc error: code = Unavailable desc = transport is closing
400	256	0	256	rpc error: code = Unavailable desc = transport is closing
400	2662	0	2662	rpc error: code = Unavailable desc = transport is closing
400	197	0	197	rpc error: code = Unavailable desc = transport is closing
400	127	30	157	<nil>
400	197	0	197	rpc error: code = Unavailable desc = transport is closing
400	197	0	197	rpc error: code = Unavailable desc = transport is closing
400	344	0	344	rpc error: code = Unavailable desc = transport is closing
400	344	0	344	rpc error: code = Unavailable desc = transport is closing
400	254	0	254	rpc error: code = Unavailable desc = transport is closing
400	145	14	159	<nil>
400	194	13	207	<nil>
400	193	16	209	<nil>
400	143	16	159	<nil>
400	3017	0	3017	rpc error: code = Unavailable desc = transport is closing
400	262	0	262	rpc error: code = Unavailable desc = transport is closing
400	268	0	268	rpc error: code = Unavailable desc = transport is closing
400	281	0	281	rpc error: code = Unavailable desc = transport is closing
400	141	32	173	<nil>
400	147	28	175	<nil>
400	1148	38	1186	<nil>
400	190	41	231	<nil>
400	2665	0	2665	rpc error: code = Unavailable desc = transport is closing
400	329	0	329	rpc error: code = Unavailable desc = transport is closing
400	281	0	281	rpc error: code = Unavailable desc = transport is closing
400	194	47	241	<nil>
400	280	0	280	rpc error: code = Unavailable desc = transport is closing
400	261	0	261	rpc error: code = Unavailable desc = transport is closing
400	349	0	349	rpc error: code = Unavailable desc = transport is closing
400	349	0	349	rpc error: code = Unavailable desc = transport is closing
400	274	0	274	rpc error: code = Unavailable desc = transport is closing
400	1153	41	1194	<nil>
400	267	0	267	rpc error: code = Unavailable desc = transport is closing
400	1151	42	1193	<nil>
400	349	0	349	rpc error: code = Unavailable desc = transport is closing
400	342	0	342	rpc error: code = Unavailable desc = transport is closing
400	1152	42	1194	<nil>
400	151	41	192	<nil>
400	260	0	260	rpc error: code = Unavailable desc = transport is closing
400	260	0	260	rpc error: code = Unavailable desc = transport is closing
400	281	0	281	rpc error: code = Unavailable desc = transport is closing
400	288	0	288	rpc error: code = Unavailable desc = transport is closing
400	271	0	271	rpc error: code = Unavailable desc = transport is closing
400	262	0	262	rpc error: code = Unavailable desc = transport is closing
400	5109	0	5109	rpc error: code = Unavailable desc = transport is closing
400	270	0	270	rpc error: code = Unavailable desc = transport is closing
400	255	0	255	rpc error: code = Unavailable desc = transport is closing
400	4931	0	4931	rpc error: code = Unavailable desc = transport is closing
400	201	0	201	rpc error: code = Unavailable desc = transport is closing
400	268	0	268	rpc error: code = Unavailable desc = transport is closing
400	262	0	262	rpc error: code = Unavailable desc = transport is closing
400	201	0	201	rpc error: code = Unavailable desc = transport is closing
400	149	85	234	<nil>
400	316	0	316	rpc error: code = Unavailable desc = transport is closing
400	3064	0	3064	rpc error: code = Unavailable desc = transport is closing
400	1153	85	1238	<nil>
400	148	85	233	<nil>
400	266	0	266	rpc error: code = Unavailable desc = transport is closing
400	2668	0	2668	rpc error: code = Unavailable desc = transport is closing
400	150	87	237	<nil>
400	290	0	290	rpc error: code = Unavailable desc = transport is closing
400	152	85	237	<nil>
400	151	85	236	<nil>
400	201	0	201	rpc error: code = Unavailable desc = transport is closing
400	152	86	238	<nil>
400	147	88	235	<nil>
400	151	86	237	<nil>
400	1151	102	1253	<nil>
400	151	102	253	<nil>
400	151	102	253	<nil>
400	145	104	249	<nil>
400	314	0	314	rpc error: code = Unavailable desc = transport is closing
400	279	0	279	rpc error: code = Unavailable desc = transport is closing
400	326	0	326	rpc error: code = Unavailable desc = transport is closing
400	279	0	279	rpc error: code = Unavailable desc = transport is closing
400	150	110	260	<nil>
400	150	110	260	<nil>
400	150	108	258	<nil>
400	189	108	297	<nil>
400	149	109	258	<nil>
400	151	108	259	<nil>
400	145	112	257	<nil>
400	156	110	266	<nil>
400	148	109	257	<nil>
400	3097	101	3198	<nil>
400	272	0	272	rpc error: code = Unavailable desc = transport is closing
400	341	0	341	rpc error: code = Unavailable desc = transport is closing
400	16283	108	16391	<nil>
400	163	215	378	<nil>
400	188	217	405	<nil>
400	163	216	379	<nil>
400	148	216	364	<nil>
400	328	0	328	rpc error: code = Unavailable desc = transport is closing
400	150	216	366	<nil>
400	148	219	367	<nil>
400	162	219	381	<nil>
400	279	0	279	rpc error: code = Unavailable desc = transport is closing
400	2657	0	2657	rpc error: code = Unavailable desc = transport is closing
400	286	0	286	rpc error: code = Unavailable desc = transport is closing
400	179	219	398	<nil>
400	328	0	328	rpc error: code = Unavailable desc = transport is closing
400	341	0	341	rpc error: code = Unavailable desc = transport is closing
400	345	0	345	rpc error: code = Unavailable desc = transport is closing
400	179	218	397	<nil>
400	163	220	383	<nil>
400	2670	216	2886	<nil>
400	5481	254	5735	<nil>
400	348	0	348	rpc error: code = Unavailable desc = transport is closing
400	271	0	271	rpc error: code = Unavailable desc = transport is closing
400	343	0	343	rpc error: code = Unavailable desc = transport is closing
400	2998	0	2998	rpc error: code = Unavailable desc = transport is closing
400	36	269	305	<nil>
400	367	0	367	rpc error: code = Unavailable desc = transport is closing
400	338	0	338	rpc error: code = Unavailable desc = transport is closing
400	329	0	329	rpc error: code = Unavailable desc = transport is closing
400	328	0	328	rpc error: code = Unavailable desc = transport is closing
400	287	0	287	rpc error: code = Unavailable desc = transport is closing
400	325	0	325	rpc error: code = Unavailable desc = transport is closing
400	345	0	345	rpc error: code = Unavailable desc = transport is closing
400	357	0	357	rpc error: code = Unavailable desc = transport is closing
400	336	0	336	rpc error: code = Unavailable desc = transport is closing
400	366	0	366	rpc error: code = Unavailable desc = transport is closing
400	283	0	283	rpc error: code = Unavailable desc = transport is closing
400	364	0	364	rpc error: code = Unavailable desc = transport is closing
400	359	0	359	rpc error: code = Unavailable desc = transport is closing
400	377	0	377	rpc error: code = Unavailable desc = transport is closing
400	49	241	290	<nil>
400	62	258	320	<nil>
400	106	243	349	<nil>
400	83	202	285	<nil>
400	26355	0	26355	rpc error: code = Unavailable desc = transport is closing
400	50	271	321	<nil>
400	46	240	286	<nil>
400	365	0	365	rpc error: code = Unavailable desc = transport is closing
400	47	275	322	<nil>
400	56	254	310	<nil>
400	82	242	324	<nil>
400	366	0	366	rpc error: code = Unavailable desc = transport is closing
400	56	269	325	<nil>
400	83	243	326	<nil>
400	323	0	323	rpc error: code = Unavailable desc = transport is closing
400	379	0	379	rpc error: code = Unavailable desc = transport is closing
400	344	0	344	rpc error: code = Unavailable desc = transport is closing
400	378	0	378	rpc error: code = Unavailable desc = transport is closing
400	103	226	329	<nil>
400	380	0	380	rpc error: code = Unavailable desc = transport is closing
400	150	167	317	<nil>
400	379	0	379	rpc error: code = Unavailable desc = transport is closing
400	96	264	360	<nil>
400	103	256	359	<nil>
400	95	249	344	<nil>
400	382	0	382	rpc error: code = Unavailable desc = transport is closing
400	88	280	368	<nil>
400	95	278	373	<nil>
400	89	294	383	<nil>
400	96	300	396	<nil>
400	96	294	390	<nil>
400	90	300	390	<nil>
400	102	293	395	<nil>
400	358	0	358	rpc error: code = Unavailable desc = transport is closing
400	89	681	770	<nil>
400	141	629	770	<nil>
400	354	0	354	rpc error: code = Unavailable desc = transport is closing
400	145	625	770	<nil>
400	82	680	762	<nil>
400	188	594	782	<nil>
400	173	570	743	<nil>
400	172	571	743	<nil>
400	2697	680	3377	<nil>
400	203	571	774	<nil>
400	395	0	395	rpc error: code = Unavailable desc = transport is closing
400	404	0	404	rpc error: code = Unavailable desc = transport is closing
400	168	570	738	<nil>
400	87	674	761	<nil>
400	2736	686	3422	<nil>
400	192	583	775	<nil>
400	90	711	801	<nil>
400	172	588	760	<nil>
400	108	685	793	<nil>
400	175	605	780	<nil>
400	152	629	781	<nil>
400	1373	0	1373	rpc error: code = Unavailable desc = transport is closing
400	379	0	379	rpc error: code = Unavailable desc = transport is closing
400	365	0	365	rpc error: code = Unavailable desc = transport is closing
400	356	0	356	rpc error: code = Unavailable desc = transport is closing
400	3001	0	3001	rpc error: code = Unavailable desc = transport is closing
400	359	0	359	rpc error: code = Unavailable desc = transport is closing
400	357	0	357	rpc error: code = Unavailable desc = transport is closing
400	386	0	386	rpc error: code = Unavailable desc = transport is closing
400	424	0	424	rpc error: code = Unavailable desc = transport is closing
400	399	0	399	rpc error: code = Unavailable desc = transport is closing
400	424	0	424	rpc error: code = Unavailable desc = transport is closing
400	357	0	357	rpc error: code = Unavailable desc = transport is closing
400	3172	0	3172	rpc error: code = Unavailable desc = transport is closing
400	168	609	777	<nil>
400	383	0	383	rpc error: code = Unavailable desc = transport is closing
400	386	0	386	rpc error: code = Unavailable desc = transport is closing
400	169	613	782	<nil>
400	359	0	359	rpc error: code = Unavailable desc = transport is closing
400	172	609	781	<nil>
400	174	609	783	<nil>
400	168	609	777	<nil>
400	353	0	353	rpc error: code = Unavailable desc = transport is closing
400	424	0	424	rpc error: code = Unavailable desc = transport is closing
400	176	608	784	<nil>
400	399	0	399	rpc error: code = Unavailable desc = transport is closing
400	362	0	362	rpc error: code = Unavailable desc = transport is closing
400	160	621	781	<nil>
400	172	610	782	<nil>
400	161	621	782	<nil>
400	376	0	376	rpc error: code = Unavailable desc = transport is closing
400	358	0	358	rpc error: code = Unavailable desc = transport is closing
400	158	607	765	<nil>
400	402	0	402	rpc error: code = Unavailable desc = transport is closing
400	172	615	787	<nil>
400	172	615	787	<nil>
400	171	616	787	<nil>
400	141	680	821	<nil>
400	154	673	827	<nil>
400	422	0	422	rpc error: code = Unavailable desc = transport is closing
400	381	0	381	rpc error: code = Unavailable desc = transport is closing
400	426	0	426	rpc error: code = Unavailable desc = transport is closing
400	9117	651	9768	<nil>
400	399	0	399	rpc error: code = Unavailable desc = transport is closing
400	385	0	385	rpc error: code = Unavailable desc = transport is closing
400	208	655	863	<nil>
400	192	672	864	<nil>
400	418	0	418	rpc error: code = Unavailable desc = transport is closing
400	372	0	372	rpc error: code = Unavailable desc = transport is closing
400	326	0	326	rpc error: code = Unavailable desc = transport is closing
400	352	0	352	rpc error: code = Unavailable desc = transport is closing
400	363	0	363	rpc error: code = Unavailable desc = transport is closing
400	374	0	374	rpc error: code = Unavailable desc = transport is closing
400	358	0	358	rpc error: code = Unavailable desc = transport is closing
400	2750	0	2750	rpc error: code = Unavailable desc = transport is closing
400	352	0	352	rpc error: code = Unavailable desc = transport is closing
400	359	0	359	rpc error: code = Unavailable desc = transport is closing
400	351	0	351	rpc error: code = Unavailable desc = transport is closing
400	435	0	435	rpc error: code = Unavailable desc = transport is closing
400	434	0	434	rpc error: code = Unavailable desc = transport is closing
400	397	0	397	rpc error: code = Unavailable desc = transport is closing
400	361	0	361	rpc error: code = Unavailable desc = transport is closing
400	351	0	351	rpc error: code = Unavailable desc = transport is closing
420	196	674	870	<nil>
420	358	0	358	rpc error: code = Unavailable desc = transport is closing
420	362	0	362	rpc error: code = Unavailable desc = transport is closing
420	398	0	398	rpc error: code = Unavailable desc = transport is closing
420	214	699	913	<nil>
420	352	0	352	rpc error: code = Unavailable desc = transport is closing
420	409	0	409	rpc error: code = Unavailable desc = transport is closing
420	433	0	433	rpc error: code = Unavailable desc = transport is closing
420	209	700	909	<nil>
420	432	0	432	rpc error: code = Unavailable desc = transport is closing
420	434	0	434	rpc error: code = Unavailable desc = transport is closing
420	206	702	908	<nil>
420	194	715	909	<nil>
420	208	700	908	<nil>
420	209	700	909	<nil>
420	199	699	898	<nil>
420	432	0	432	rpc error: code = Unavailable desc = transport is closing
420	209	700	909	<nil>
420	219	690	909	<nil>
420	219	691	910	<nil>
420	434	0	434	rpc error: code = Unavailable desc = transport is closing
420	209	700	909	<nil>
420	423	0	423	rpc error: code = Unavailable desc = transport is closing
420	2750	0	2750	rpc error: code = Unavailable desc = transport is closing
420	396	0	396	rpc error: code = Unavailable desc = transport is closing
420	424	0	424	rpc error: code = Unavailable desc = transport is closing
420	207	702	909	<nil>
420	396	0	396	rpc error: code = Unavailable desc = transport is closing
420	243	673	916	<nil>
420	201	701	902	<nil>
420	271	642	913	<nil>
420	262	650	912	<nil>
420	278	716	994	<nil>
420	430	0	430	rpc error: code = Unavailable desc = transport is closing
420	426	0	426	rpc error: code = Unavailable desc = transport is closing
420	392	0	392	rpc error: code = Unavailable desc = transport is closing
420	428	0	428	rpc error: code = Unavailable desc = transport is closing
420	426	0	426	rpc error: code = Unavailable desc = transport is closing
420	1397	0	1397	rpc error: code = Unavailable desc = transport is closing
420	339	0	339	rpc error: code = Unavailable desc = transport is closing
420	425	0	425	rpc error: code = Unavailable desc = transport is closing
420	365	0	365	rpc error: code = Unavailable desc = transport is closing
420	362	0	362	rpc error: code = Unavailable desc = transport is closing
420	359	0	359	rpc error: code = Unavailable desc = transport is closing
420	401	0	401	rpc error: code = Unavailable desc = transport is closing
420	366	0	366	rpc error: code = Unavailable desc = transport is closing
420	429	0	429	rpc error: code = Unavailable desc = transport is closing
420	354	0	354	rpc error: code = Unavailable desc = transport is closing
420	362	0	362	rpc error: code = Unavailable desc = transport is closing
420	362	0	362	rpc error: code = Unavailable desc = transport is closing
420	312	696	1008	<nil>
420	426	0	426	rpc error: code = Unavailable desc = transport is closing
420	426	0	426	rpc error: code = Unavailable desc = transport is closing
420	337	0	337	rpc error: code = Unavailable desc = transport is closing
420	428	0	428	rpc error: code = Unavailable desc = transport is closing
420	337	0	337	rpc error: code = Unavailable desc = transport is closing
420	365	0	365	rpc error: code = Unavailable desc = transport is closing
420	432	0	432	rpc error: code = Unavailable desc = transport is closing
420	313	695	1008	<nil>
420	312	697	1009	<nil>
420	336	0	336	rpc error: code = Unavailable desc = transport is closing
420	313	699	1012	<nil>
420	427	0	427	rpc error: code = Unavailable desc = transport is closing
420	365	0	365	rpc error: code = Unavailable desc = transport is closing
420	618	0	618	rpc error: code = Unavailable desc = transport is closing
420	3539	0	3539	rpc error: code = Unavailable desc = transport is closing
420	755	0	755	rpc error: code = Unavailable desc = transport is closing
420	722	0	722	rpc error: code = Unavailable desc = transport is closing
420	316	709	1025	<nil>
420	253	771	1024	<nil>
420	250	754	1004	<nil>
420	297	777	1074	<nil>
420	1321	774	2095	<nil>
420	722	373	1095	<nil>
420	722	373	1095	<nil>
420	253	774	1027	<nil>
420	3046	774	3820	<nil>
420	5354	374	5728	<nil>
420	644	381	1025	<nil>
420	645	381	1026	<nil>
420	3251	380	3631	<nil>
420	666	382	1048	<nil>
420	644	382	1026	<nil>
420	6294	380	6674	<nil>
420	647	381	1028	<nil>
420	641	381	1022	<nil>
420	644	382	1026	<nil>
420	668	380	1048	<nil>
420	666	381	1047	<nil>
420	674	381	1055	<nil>
420	667	412	1079	<nil>
420	641	378	1019	<nil>
420	638	385	1023	<nil>
420	644	379	1023	<nil>
420	648	370	1018	<nil>
420	661	357	1018	<nil>
420	666	357	1023	<nil>
420	650	371	1021	<nil>
420	672	348	1020	<nil>
420	652	370	1022	<nil>
420	663	358	1021	<nil>
420	662	358	1020	<nil>
420	640	379	1019	<nil>
420	640	378	1018	<nil>
420	680	383	1063	<nil>
420	683	400	1083	<nil>
420	6799	400	7199	<nil>
420	684	400	1084	<nil>
420	3545	393	3938	<nil>
420	648	393	1041	<nil>
420	723	365	1088	<nil>
420	709	0	709	rpc error: code = Unavailable desc = transport is closing
420	705	0	705	rpc error: code = Unavailable desc = transport is closing
420	719	0	719	rpc error: code = Unavailable desc = transport is closing
420	722	365	1087	<nil>
420	719	0	719	rpc error: code = Unavailable desc = transport is closing
420	703	0	703	rpc error: code = Unavailable desc = transport is closing
420	718	365	1083	<nil>
420	724	365	1089	<nil>
420	720	365	1085	<nil>
420	748	332	1080	<nil>
420	730	361	1091	<nil>
420	711	360	1071	<nil>
420	736	339	1075	<nil>
420	756	337	1093	<nil>
420	419	127	546	<nil>
420	475	154	629	<nil>
420	402	153	555	<nil>
420	409	101	510	<nil>
420	405	107	512	<nil>
420	406	107	513	<nil>
420	396	62	458	<nil>
420	368	92	460	<nil>
420	1387	58	1445	<nil>
420	404	101	505	<nil>
420	404	102	506	<nil>
420	405	53	458	<nil>
420	404	103	507	<nil>
420	323	43	366	<nil>
420	405	55	460	<nil>
420	322	44	366	<nil>
420	396	61	457	<nil>
420	398	58	456	<nil>
420	324	43	367	<nil>
420	1391	107	1498	<nil>
420	405	53	458	<nil>
420	407	53	460	<nil>
420	10456	52	10508	<nil>
420	406	53	459	<nil>
420	425	112	537	<nil>
420	418	122	540	<nil>
420	400	62	462	<nil>
420	325	55	380	<nil>
420	324	43	367	<nil>
420	323	58	381	<nil>
420	327	59	386	<nil>
420	330	57	387	<nil>
420	323	62	385	<nil>
420	253	63	316	<nil>
420	327	75	402	<nil>
420	328	76	404	<nil>
420	315	76	391	<nil>
420	328	75	403	<nil>
420	249	64	313	<nil>
420	234	67	301	<nil>
420	322	82	404	<nil>
420	253	76	329	<nil>
420	328	79	407	<nil>
420	328	76	404	<nil>
420	234	91	325	<nil>
420	1254	97	1351	<nil>
420	233	99	332	<nil>
420	199	123	322	<nil>
420	201	131	332	<nil>
420	201	132	333	<nil>
420	201	126	327	<nil>
420	157	120	277	<nil>
420	200	143	343	<nil>
420	132	86	218	<nil>
420	125	92	217	<nil>
420	177	119	296	<nil>
420	131	92	223	<nil>
420	125	91	216	<nil>
420	51	80	131	<nil>
420	158	126	284	<nil>
420	105	111	216	<nil>
420	199	146	345	<nil>
420	201	143	344	<nil>
420	128	96	224	<nil>
420	201	144	345	<nil>
420	157	120	277	<nil>
420	201	144	345	<nil>
420	144	65	209	<nil>
420	123	103	226	<nil>
420	124	103	227	<nil>
420	125	104	229	<nil>
420	65	69	134	<nil>
420	44	80	124	<nil>
420	159	69	228	<nil>
420	85	29	114	<nil>
420	105	18	123	<nil>
420	87	22	109	<nil>
420	128	95	223	<nil>
420	122	99	221	<nil>
420	29421	105	29526	<nil>
420	102	22	124	<nil>
420	105	19	124	<nil>
420	108	110	218	<nil>
420	200	152	352	<nil>
420	133	77	210	<nil>
420	110	76	186	<nil>
420	142	76	218	<nil>
420	133	76	209	<nil>
420	135	77	212	<nil>
420	4700	78	4778	<nil>
420	113	78	191	<nil>
420	78	77	155	<nil>
420	81	78	159	<nil>
420	108	79	187	<nil>
420	134	77	211	<nil>
420	133	77	210	<nil>
420	133	78	211	<nil>
420	133	77	210	<nil>
420	134	77	211	<nil>
420	135	77	212	<nil>
420	135	80	215	<nil>
420	76	83	159	<nil>
420	775	0	775	rpc error: code = Unavailable desc = transport is closing
420	90	82	172	<nil>
420	134	82	216	<nil>
420	82	89	171	<nil>
420	138	83	221	<nil>
420	135	87	222	<nil>
420	134	87	221	<nil>
420	81	84	165	<nil>
420	129	36	165	<nil>
420	4955	97	5052	<nil>
420	1697	0	1697	rpc error: code = Unavailable desc = transport is closing
420	110	11	121	<nil>
420	2839	18	2857	<nil>
420	92	14	106	<nil>
420	4954	95	5049	<nil>
420	91	14	105	<nil>
420	102	3	105	<nil>
420	4759	3	4762	<nil>
420	104	2	106	<nil>
420	103	3	106	<nil>
420	104	4	108	<nil>
420	106	5	111	<nil>
420	109	95	204	<nil>
420	104	3	107	<nil>
420	93	6	99	<nil>
420	175	53	228	<nil>
420	96	3	99	<nil>
420	108	1	109	<nil>
420	55	96	151	<nil>
420	98	6	104	<nil>
420	136	89	225	<nil>
420	79	92	171	<nil>
420	92	7	99	<nil>
420	10561	94	10655	<nil>
420	95	4	99	<nil>
420	81	95	176	<nil>
420	136	80	216	<nil>
420	827	0	827	rpc error: code = Unavailable desc = transport is closing
420	87	3	90	<nil>
420	1713	0	1713	rpc error: code = Unavailable desc = transport is closing
420	795	0	795	rpc error: code = Unavailable desc = transport is closing
420	10058	0	10058	rpc error: code = Unavailable desc = transport is closing
420	155	0	155	rpc error: code = Unavailable desc = transport is closing
420	105	3	108	<nil>
420	155	0	155	rpc error: code = Unavailable desc = transport is closing
420	106	2	108	<nil>
420	96	9	105	<nil>
420	105	1	106	<nil>
420	425	0	425	rpc error: code = Unavailable desc = transport is closing
420	4967	1	4968	<nil>
420	104	1	105	<nil>
420	390	0	390	rpc error: code = Unavailable desc = transport is closing
420	104	3	107	<nil>
420	105	4	109	<nil>
420	106	3	109	<nil>
420	5030	18	5048	<nil>
420	416	0	416	rpc error: code = Unavailable desc = transport is closing
420	107	4	111	<nil>
420	36	95	131	<nil>
420	80	95	175	<nil>
420	95	2	97	<nil>
420	94	2	96	<nil>
420	5021	27	5048	<nil>
420	108	1	109	<nil>
420	95	4	99	<nil>
420	216	24	240	<nil>
420	111	0	111	<nil>
420	111	0	111	<nil>
420	111	0	111	<nil>
420	475	0	475	rpc error: code = Unavailable desc = transport is closing
420	201	0	201	rpc error: code = Unavailable desc = transport is closing
420	199	0	199	rpc error: code = Unavailable desc = transport is closing
420	474	0	474	rpc error: code = Unavailable desc = transport is closing
420	476	0	476	rpc error: code = Unavailable desc = transport is closing
420	474	0	474	rpc error: code = Unavailable desc = transport is closing
420	474	0	474	rpc error: code = Unavailable desc = transport is closing
420	476	0	476	rpc error: code = Unavailable desc = transport is closing
420	420	0	420	rpc error: code = Unavailable desc = transport is closing
420	469	0	469	rpc error: code = Unavailable desc = transport is closing
420	775	0	775	rpc error: code = Unavailable desc = transport is closing
420	386	0	386	rpc error: code = Unavailable desc = transport is closing
420	473	0	473	rpc error: code = Unavailable desc = transport is closing
420	390	0	390	rpc error: code = Unavailable desc = transport is closing
420	476	0	476	rpc error: code = Unavailable desc = transport is closing
420	383	0	383	rpc error: code = Unavailable desc = transport is closing
420	384	0	384	rpc error: code = Unavailable desc = transport is closing
420	359	0	359	rpc error: code = Unavailable desc = transport is closing
420	3019	0	3019	rpc error: code = Unavailable desc = transport is closing
420	472	0	472	rpc error: code = Unavailable desc = transport is closing
420	471	0	471	rpc error: code = Unavailable desc = transport is closing
420	473	0	473	rpc error: code = Unavailable desc = transport is closing
420	2905	0	2905	rpc error: code = Unavailable desc = transport is closing
420	798	0	798	rpc error: code = Unavailable desc = transport is closing
420	812	0	812	rpc error: code = Unavailable desc = transport is closing
420	776	0	776	rpc error: code = Unavailable desc = transport is closing
420	1613	0	1613	rpc error: code = Unavailable desc = transport is closing
420	2897	0	2897	rpc error: code = Unavailable desc = transport is closing
420	1453	0	1453	rpc error: code = Unavailable desc = transport is closing
420	2878	0	2878	rpc error: code = Unavailable desc = transport is closing
420	1746	0	1746	rpc error: code = Unavailable desc = transport is closing
420	231	0	231	rpc error: code = Unavailable desc = transport is closing
420	234	0	234	rpc error: code = Unavailable desc = transport is closing
420	429	0	429	rpc error: code = Unavailable desc = transport is closing
420	429	0	429	rpc error: code = Unavailable desc = transport is closing
420	438	0	438	rpc error: code = Unavailable desc = transport is closing
420	310	0	310	rpc error: code = Unavailable desc = transport is closing
420	234	0	234	rpc error: code = Unavailable desc = transport is closing
420	430	0	430	rpc error: code = Unavailable desc = transport is closing
420	438	0	438	rpc error: code = Unavailable desc = transport is closing
420	232	0	232	rpc error: code = Unavailable desc = transport is closing
420	808	0	808	rpc error: code = Unavailable desc = transport is closing
420	198	0	198	rpc error: code = Unavailable desc = transport is closing
420	432	0	432	rpc error: code = Unavailable desc = transport is closing
420	784	0	784	rpc error: code = Unavailable desc = transport is closing
420	816	0	816	rpc error: code = Unavailable desc = transport is closing
420	234	0	234	rpc error: code = Unavailable desc = transport is closing
420	232	0	232	rpc error: code = Unavailable desc = transport is closing
420	1453	0	1453	rpc error: code = Unavailable desc = transport is closing
420	796	0	796	rpc error: code = Unavailable desc = transport is closing
420	234	0	234	rpc error: code = Unavailable desc = transport is closing
420	232	0	232	rpc error: code = Unavailable desc = transport is closing
420	405	0	405	rpc error: code = Unavailable desc = transport is closing
420	431	0	431	rpc error: code = Unavailable desc = transport is closing
420	233	0	233	rpc error: code = Unavailable desc = transport is closing
420	1627	0	1627	rpc error: code = Unavailable desc = transport is closing
420	1705	0	1705	rpc error: code = Unavailable desc = transport is closing
420	328	0	328	rpc error: code = Unavailable desc = transport is closing
420	43145	0	43145	rpc error: code = Unavailable desc = transport is closing
420	431	0	431	rpc error: code = Unavailable desc = transport is closing
420	310	0	310	rpc error: code = Unavailable desc = transport is closing
420	321	0	321	rpc error: code = Unavailable desc = transport is closing
420	327	0	327	rpc error: code = Unavailable desc = transport is closing
420	410	0	410	rpc error: code = Unavailable desc = transport is closing
420	385	0	385	rpc error: code = Unavailable desc = transport is closing
420	331	0	331	rpc error: code = Unavailable desc = transport is closing
420	286	0	286	rpc error: code = Unavailable desc = transport is closing
420	249	0	249	rpc error: code = Unavailable desc = transport is closing
420	413	0	413	rpc error: code = Unavailable desc = transport is closing
420	327	0	327	rpc error: code = Unavailable desc = transport is closing
420	786	0	786	rpc error: code = Unavailable desc = transport is closing
420	404	0	404	rpc error: code = Unavailable desc = transport is closing
420	406	0	406	rpc error: code = Unavailable desc = transport is closing
420	247	0	247	rpc error: code = Unavailable desc = transport is closing
420	431	0	431	rpc error: code = Unavailable desc = transport is closing
420	205	0	205	rpc error: code = Unavailable desc = transport is closing
420	429	0	429	rpc error: code = Unavailable desc = transport is closing
420	409	0	409	rpc error: code = Unavailable desc = transport is closing
420	329	0	329	rpc error: code = Unavailable desc = transport is closing
420	804	0	804	rpc error: code = Unavailable desc = transport is closing
420	248	0	248	rpc error: code = Unavailable desc = transport is closing
420	1253	0	1253	rpc error: code = Unavailable desc = transport is closing
420	422	0	422	rpc error: code = Unavailable desc = transport is closing
420	328	0	328	rpc error: code = Unavailable desc = transport is closing
420	328	0	328	rpc error: code = Unavailable desc = transport is closing
420	476	0	476	rpc error: code = Unavailable desc = transport is closing
420	1611	0	1611	rpc error: code = Unavailable desc = transport is closing
420	399	0	399	rpc error: code = Unavailable desc = transport is closing
420	385	0	385	rpc error: code = Unavailable desc = transport is closing
420	471	0	471	rpc error: code = Unavailable desc = transport is closing
420	431	0	431	rpc error: code = Unavailable desc = transport is closing
420	324	0	324	rpc error: code = Unavailable desc = transport is closing
420	485	0	485	rpc error: code = Unavailable desc = transport is closing
420	5680	0	5680	rpc error: code = Unavailable desc = transport is closing
420	328	0	328	rpc error: code = Unavailable desc = transport is closing
420	323	0	323	rpc error: code = Unavailable desc = transport is closing
420	3631	0	3631	rpc error: code = Unavailable desc = transport is closing
420	3045	0	3045	rpc error: code = Unavailable desc = transport is closing
420	315	0	315	rpc error: code = Unavailable desc = transport is closing
420	399	0	399	rpc error: code = Unavailable desc = transport is closing
420	432	0	432	rpc error: code = Unavailable desc = transport is closing
420	396	0	396	rpc error: code = Unavailable desc = transport is closing
420	323	0	323	rpc error: code = Unavailable desc = transport is closing
420	431	0	431	rpc error: code = Unavailable desc = transport is closing
420	329	0	329	rpc error: code = Unavailable desc = transport is closing
420	421	0	421	rpc error: code = Unavailable desc = transport is closing
420	471	0	471	rpc error: code = Unavailable desc = transport is closing
420	405	0	405	rpc error: code = Unavailable desc = transport is closing
420	472	0	472	rpc error: code = Unavailable desc = transport is closing
420	425	0	425	rpc error: code = Unavailable desc = transport is closing
420	250	0	250	rpc error: code = Unavailable desc = transport is closing
420	329	0	329	rpc error: code = Unavailable desc = transport is closing
420	471	0	471	rpc error: code = Unavailable desc = transport is closing
420	474	0	474	rpc error: code = Unavailable desc = transport is closing
420	329	0	329	rpc error: code = Unavailable desc = transport is closing
420	313	0	313	rpc error: code = Unavailable desc = transport is closing
420	386	0	386	rpc error: code = Unavailable desc = transport is closing
420	377	0	377	rpc error: code = Unavailable desc = transport is closing
420	397	0	397	rpc error: code = Unavailable desc = transport is closing
420	5408	0	5408	rpc error: code = Unavailable desc = transport is closing
420	417	0	417	rpc error: code = Unavailable desc = transport is closing
420	377	0	377	rpc error: code = Unavailable desc = transport is closing
420	417	0	417	rpc error: code = Unavailable desc = transport is closing
420	417	0	417	rpc error: code = Unavailable desc = transport is closing
420	415	0	415	rpc error: code = Unavailable desc = transport is closing
420	406	0	406	rpc error: code = Unavailable desc = transport is closing
420	405	0	405	rpc error: code = Unavailable desc = transport is closing
420	404	0	404	rpc error: code = Unavailable desc = transport is closing
420	406	0	406	rpc error: code = Unavailable desc = transport is closing
420	405	0	405	rpc error: code = Unavailable desc = transport is closing
420	376	0	376	rpc error: code = Unavailable desc = transport is closing
420	425	0	425	rpc error: code = Unavailable desc = transport is closing
420	405	0	405	rpc error: code = Unavailable desc = transport is closing
420	2891	0	2891	rpc error: code = Unavailable desc = transport is closing
420	781	0	781	rpc error: code = Unavailable desc = transport is closing
420	799	0	799	rpc error: code = Unavailable desc = transport is closing
420	803	0	803	rpc error: code = Unavailable desc = transport is closing
420	749	0	749	rpc error: code = Unavailable desc = transport is closing
420	799	0	799	rpc error: code = Unavailable desc = transport is closing
420	790	0	790	rpc error: code = Unavailable desc = transport is closing
420	811	0	811	rpc error: code = Unavailable desc = transport is closing
420	814	0	814	rpc error: code = Unavailable desc = transport is closing
420	812	0	812	rpc error: code = Unavailable desc = transport is closing
420	761	0	761	rpc error: code = Unavailable desc = transport is closing
420	762	0	762	rpc error: code = Unavailable desc = transport is closing
420	799	0	799	rpc error: code = Unavailable desc = transport is closing
420	829	0	829	rpc error: code = Unavailable desc = transport is closing
420	814	0	814	rpc error: code = Unavailable desc = transport is closing
420	815	0	815	rpc error: code = Unavailable desc = transport is closing
420	814	0	814	rpc error: code = Unavailable desc = transport is closing
420	736	0	736	rpc error: code = Unavailable desc = transport is closing
420	16921	0	16921	rpc error: code = Unavailable desc = transport is closing
420	796	0	796	rpc error: code = Unavailable desc = transport is closing
420	799	0	799	rpc error: code = Unavailable desc = transport is closing
420	807	0	807	rpc error: code = Unavailable desc = transport is closing
420	3599	0	3599	rpc error: code = Unavailable desc = transport is closing
420	815	0	815	rpc error: code = Unavailable desc = transport is closing
420	747	0	747	rpc error: code = Unavailable desc = transport is closing
420	804	0	804	rpc error: code = Unavailable desc = transport is closing
420	475	295	770	<nil>
420	604	0	604	rpc error: code = Unavailable desc = transport is closing
420	451	295	746	<nil>
420	467	295	762	<nil>
420	479	295	774	<nil>
420	478	296	774	<nil>
420	479	293	772	<nil>
420	634	0	634	rpc error: code = Unavailable desc = transport is closing
420	530	249	779	<nil>
420	477	314	791	<nil>
420	551	267	818	<nil>
420	572	287	859	<nil>
420	602	274	876	<nil>
420	613	268	881	<nil>
420	634	0	634	rpc error: code = Unavailable desc = transport is closing
420	614	291	905	<nil>
420	634	273	907	<nil>
420	624	0	624	rpc error: code = Unavailable desc = transport is closing
420	641	0	641	rpc error: code = Unavailable desc = transport is closing
420	619	272	891	<nil>
420	15502	0	15502	rpc error: code = Unavailable desc = transport is closing
420	628	271	899	<nil>
420	615	0	615	rpc error: code = Unavailable desc = transport is closing
420	636	280	916	<nil>
420	5385	217	5602	<nil>
420	618	0	618	rpc error: code = Unavailable desc = transport is closing
420	675	217	892	<nil>
420	674	218	892	<nil>
420	684	207	891	<nil>
420	634	280	914	<nil>
420	608	279	887	<nil>
420	644	0	644	rpc error: code = Unavailable desc = transport is closing
420	616	273	889	<nil>
420	616	0	616	rpc error: code = Unavailable desc = transport is closing
420	5505	260	5765	<nil>
420	374	252	626	<nil>
420	321	225	546	<nil>
420	343	208	551	<nil>
420	324	209	533	<nil>
420	5836	224	6060	<nil>
420	1495	207	1702	<nil>
420	5589	228	5817	<nil>
420	368	180	548	<nil>
420	381	150	531	<nil>
420	367	172	539	<nil>
420	758	245	1003	<nil>
420	399	150	549	<nil>
420	382	149	531	<nil>
420	384	148	532	<nil>
420	412	125	537	<nil>
420	5098	125	5223	<nil>
420	410	122	532	<nil>
420	411	123	534	<nil>
420	491	62	553	<nil>
420	438	99	537	<nil>
420	441	100	541	<nil>
420	437	101	538	<nil>
420	438	98	536	<nil>
420	319	64	383	<nil>
420	438	99	537	<nil>
420	2778	98	2876	<nil>
420	440	98	538	<nil>
420	5763	64	5827	<nil>
420	442	100	542	<nil>
420	127	12	139	<nil>
420	306	74	380	<nil>
420	103	8	111	<nil>
420	320	62	382	<nil>
420	236	16	252	<nil>
420	126	11	137	<nil>
420	336	56	392	<nil>
420	243	16	259	<nil>
420	2757	9	2766	<nil>
420	255	17	272	<nil>
420	257	18	275	<nil>
420	244	21	265	<nil>
420	242	17	259	<nil>
420	206	15	221	<nil>
420	315	75	390	<nil>
420	2810	75	2885	<nil>
420	150	15	165	<nil>
420	125	8	133	<nil>
420	151	11	162	<nil>
420	2540	15	2555	<nil>
420	149	15	164	<nil>
420	1124	7	1131	<nil>
420	255	16	271	<nil>
420	99	8	107	<nil>
420	231	18	249	<nil>
420	315	74	389	<nil>
420	436	101	537	<nil>
420	305	76	381	<nil>
420	100	4	104	<nil>
420	123	9	132	<nil>
420	105	8	113	<nil>
420	1125	6	1131	<nil>
420	101	9	110	<nil>
420	1125	7	1132	<nil>
420	121	7	128	<nil>
420	119	9	128	<nil>
420	55	2	57	<nil>
420	120	9	129	<nil>
420	236	15	251	<nil>
420	107	9	116	<nil>
420	103	6	109	<nil>
420	301	74	375	<nil>
420	121	10	131	<nil>
420	319	60	379	<nil>
420	1621	272	1893	<nil>
420	221	19	240	<nil>
420	215	19	234	<nil>
420	1214	19	1233	<nil>
420	229	17	246	<nil>
420	215	15	230	<nil>
420	194	28	222	<nil>
420	1232	14	1246	<nil>
420	227	14	241	<nil>
420	1216	30	1246	<nil>
420	1216	30	1246	<nil>
420	205	17	222	<nil>
420	218	27	245	<nil>
420	191	30	221	<nil>
420	223	17	240	<nil>
420	201	22	223	<nil>
420	204	20	224	<nil>
420	1222	25	1247	<nil>
420	230	21	251	<nil>
420	235	12	247	<nil>
420	5644	9	5653	<nil>
420	216	21	237	<nil>
420	231	13	244	<nil>
420	218	13	231	<nil>
420	222	12	234	<nil>
420	229	15	244	<nil>
420	1246	15	1261	<nil>
420	222	12	234	<nil>
420	221	10	231	<nil>
420	223	14	237	<nil>
420	221	15	236	<nil>
420	223	14	237	<nil>
420	221	16	237	<nil>
420	235	14	249	<nil>
420	224	17	241	<nil>
420	225	15	240	<nil>
420	225	14	239	<nil>
420	221	21	242	<nil>
420	230	14	244	<nil>
420	242	19	261	<nil>
420	28037	15	28052	<nil>
420	232	19	251	<nil>
420	2734	21	2755	<nil>
420	224	19	243	<nil>
420	241	19	260	<nil>
420	236	19	255	<nil>
420	242	21	263	<nil>
420	223	21	244	<nil>
420	253	420	673	<nil>
420	3000	427	3427	<nil>
420	229	420	649	<nil>
420	230	420	650	<nil>
420	248	420	668	<nil>
420	235	420	655	<nil>
420	2740	420	3160	<nil>
420	8648	421	9069	<nil>
420	222	428	650	<nil>
420	229	422	651	<nil>
420	223	427	650	<nil>
420	1173	430	1603	<nil>
420	225	427	652	<nil>
420	223	430	653	<nil>
420	119	340	459	<nil>
420	114	341	455	<nil>
420	441	7	448	<nil>
420	442	12	454	<nil>
420	438	12	450	<nil>
420	445	9	454	<nil>
420	442	12	454	<nil>
420	442	11	453	<nil>
420	444	15	459	<nil>
420	452	15	467	<nil>
420	439	18	457	<nil>
420	444	15	459	<nil>
420	447	11	458	<nil>
420	431	14	445	<nil>
420	437	14	451	<nil>
420	444	14	458	<nil>
420	445	14	459	<nil>
420	412	14	426	<nil>
420	444	14	458	<nil>
420	433	12	445	<nil>
420	442	15	457	<nil>
420	404	15	419	<nil>
420	444	15	459	<nil>
420	444	15	459	<nil>
420	414	12	426	<nil>
420	414	13	427	<nil>
420	413	14	427	<nil>
420	413	16	429	<nil>
420	414	21	435	<nil>
420	436	33	469	<nil>
420	3241	27	3268	<nil>
420	413	31	444	<nil>
420	414	52	466	<nil>
420	6078	70	6148	<nil>
420	421	72	493	<nil>
420	449	75	524	<nil>
420	423	76	499	<nil>
420	455	75	530	<nil>
420	37	85	122	<nil>
420	422	85	507	<nil>
420	449	85	534	<nil>
420	423	83	506	<nil>
420	445	83	528	<nil>
420	36	95	131	<nil>
420	27	94	121	<nil>
420	22	92	114	<nil>
420	36	93	129	<nil>
420	423	92	515	<nil>
420	34	92	126	<nil>
420	35	93	128	<nil>
420	26	90	116	<nil>
420	37	94	131	<nil>
420	36	93	129	<nil>
420	419	93	512	<nil>
420	37	94	131	<nil>
420	37	94	131	<nil>
420	17	88	105	<nil>
420	37	87	124	<nil>
420	420	97	517	<nil>
420	35	93	128	<nil>
420	419	94	513	<nil>
420	443	97	540	<nil>
420	40	63	103	<nil>
420	36	63	99	<nil>
420	2536	24	2560	<nil>
420	73	40	113	<nil>
420	70	43	113	<nil>
420	74	42	116	<nil>
420	69	96	165	<nil>
420	82	83	165	<nil>
420	69	96	165	<nil>
420	74	96	170	<nil>
420	78	91	169	<nil>
420	83	86	169	<nil>
420	88	86	174	<nil>
420	78	91	169	<nil>
420	108	59	167	<nil>
420	76	93	169	<nil>
420	72	99	171	<nil>
420	106	72	178	<nil>
420	2556	98	2654	<nil>
420	86	97	183	<nil>
420	87	96	183	<nil>
420	87	96	183	<nil>
420	87	96	183	<nil>
420	106	77	183	<nil>
420	95	89	184	<nil>
420	438	0	438	rpc error: code = Unavailable desc = transport is closing
420	86	97	183	<nil>
420	2553	101	2654	<nil>
420	74	108	182	<nil>
420	86	96	182	<nil>
420	438	0	438	rpc error: code = Unavailable desc = transport is closing
420	436	0	436	rpc error: code = Unavailable desc = transport is closing
420	444	0	444	rpc error: code = Unavailable desc = transport is closing
420	439	0	439	rpc error: code = Unavailable desc = transport is closing
420	436	0	436	rpc error: code = Unavailable desc = transport is closing
420	439	0	439	rpc error: code = Unavailable desc = transport is closing
420	439	0	439	rpc error: code = Unavailable desc = transport is closing
420	322	0	322	rpc error: code = Unavailable desc = transport is closing
420	439	0	439	rpc error: code = Unavailable desc = transport is closing
420	440	0	440	rpc error: code = Unavailable desc = transport is closing
420	437	0	437	rpc error: code = Unavailable desc = transport is closing
420	401	0	401	rpc error: code = Unavailable desc = transport is closing
420	5745	0	5745	rpc error: code = Unavailable desc = transport is closing
420	1432	0	1432	rpc error: code = Unavailable desc = transport is closing
420	437	0	437	rpc error: code = Unavailable desc = transport is closing
420	439	0	439	rpc error: code = Unavailable desc = transport is closing
420	34	126	160	<nil>
420	54	118	172	<nil>
420	60	125	185	<nil>
420	61	125	186	<nil>
420	438	0	438	rpc error: code = Unavailable desc = transport is closing
420	90	46	136	<nil>
420	436	0	436	rpc error: code = Unavailable desc = transport is closing
420	402	0	402	rpc error: code = Unavailable desc = transport is closing
420	2784	0	2784	rpc error: code = Unavailable desc = transport is closing
420	97	50	147	<nil>
420	444	0	444	rpc error: code = Unavailable desc = transport is closing
420	78	50	128	<nil>
420	80	52	132	<nil>
420	97	50	147	<nil>
420	80	50	130	<nil>
420	438	0	438	rpc error: code = Unavailable desc = transport is closing
420	470	0	470	rpc error: code = Unavailable desc = transport is closing
420	79	76	155	<nil>
420	74	85	159	<nil>
420	438	0	438	rpc error: code = Unavailable desc = transport is closing
420	97	86	183	<nil>
420	5326	99	5425	<nil>
420	100	106	206	<nil>
420	112	108	220	<nil>
420	91	130	221	<nil>
420	105	115	220	<nil>
420	110	110	220	<nil>
420	92	127	219	<nil>
420	114	34	148	<nil>
420	2747	49	2796	<nil>
420	126	31	157	<nil>
420	684	0	684	rpc error: code = Unavailable desc = transport is closing
420	94	54	148	<nil>
420	104	115	219	<nil>
420	123	107	230	<nil>
420	124	24	148	<nil>
420	5331	108	5439	<nil>
420	118	120	238	<nil>
420	2728	69	2797	<nil>
420	87	74	161	<nil>
420	96	140	236	<nil>
420	98	121	219	<nil>
420	112	122	234	<nil>
420	110	129	239	<nil>
420	111	123	234	<nil>
420	2678	122	2800	<nil>
420	118	128	246	<nil>
420	93	69	162	<nil>
420	111	128	239	<nil>
420	103	130	233	<nil>
420	1585	0	1585	rpc error: code = Unavailable desc = transport is closing
420	114	111	225	<nil>
420	128	36	164	<nil>
420	2777	29	2806	<nil>
420	101	59	160	<nil>
420	1123	21	1144	<nil>
420	120	37	157	<nil>
420	111	23	134	<nil>
420	96	32	128	<nil>
420	126	39	165	<nil>
420	116	36	152	<nil>
420	116	24	140	<nil>
420	98	137	235	<nil>
420	117	131	248	<nil>
420	110	137	247	<nil>
420	111	120	231	<nil>
420	116	37	153	<nil>
420	107	42	149	<nil>
420	112	43	155	<nil>
420	1126	39	1165	<nil>
420	104	106	210	<nil>
420	125	120	245	<nil>
420	100	120	220	<nil>
420	698	0	698	rpc error: code = Unavailable desc = transport is closing
420	627	0	627	rpc error: code = Unavailable desc = transport is closing
420	6458	0	6458	rpc error: code = Unavailable desc = transport is closing
420	674	0	674	rpc error: code = Unavailable desc = transport is closing
420	672	0	672	rpc error: code = Unavailable desc = transport is closing
420	685	0	685	rpc error: code = Unavailable desc = transport is closing
420	677	0	677	rpc error: code = Unavailable desc = transport is closing
420	680	0	680	rpc error: code = Unavailable desc = transport is closing
420	117	136	253	<nil>
420	672	0	672	rpc error: code = Unavailable desc = transport is closing
420	674	0	674	rpc error: code = Unavailable desc = transport is closing
420	117	136	253	<nil>
420	1127	139	1266	<nil>
420	220	44	264	<nil>
420	669	0	669	rpc error: code = Unavailable desc = transport is closing
420	623	0	623	rpc error: code = Unavailable desc = transport is closing
420	617	0	617	rpc error: code = Unavailable desc = transport is closing
420	138	116	254	<nil>
420	2942	100	3042	<nil>
420	112	106	218	<nil>
420	138	109	247	<nil>
420	576	0	576	rpc error: code = Unavailable desc = transport is closing
420	117	138	255	<nil>
420	138	109	247	<nil>
420	100	109	209	<nil>
420	137	114	251	<nil>
420	162	106	268	<nil>
420	167	101	268	<nil>
420	686	0	686	rpc error: code = Unavailable desc = transport is closing
420	140	115	255	<nil>
420	132	123	255	<nil>
420	136	124	260	<nil>
420	137	118	255	<nil>
420	193	82	275	<nil>
420	113	114	227	<nil>
420	139	116	255	<nil>
420	110	117	227	<nil>
420	1158	109	1267	<nil>
420	146	108	254	<nil>
420	9467	112	9579	<nil>
420	137	106	243	<nil>
420	204	40	244	<nil>
420	113	114	227	<nil>
420	142	115	257	<nil>
420	159	108	267	<nil>
420	109	119	228	<nil>
420	103	124	227	<nil>
420	5480	115	5595	<nil>
420	686	0	686	rpc error: code = Unavailable desc = transport is closing
420	172	71	243	<nil>
420	169	74	243	<nil>
420	60	126	186	<nil>
420	111	216	327	<nil>
420	40	224	264	<nil>
420	119	164	283	<nil>
420	227	0	227	rpc error: code = Unavailable desc = transport is closing
420	122	175	297	<nil>
420	238	0	238	rpc error: code = Unavailable desc = transport is closing
420	221	0	221	rpc error: code = Unavailable desc = transport is closing
420	234	0	234	rpc error: code = Unavailable desc = transport is closing
420	223	0	223	rpc error: code = Unavailable desc = transport is closing
420	244	0	244	rpc error: code = Unavailable desc = transport is closing
420	120	182	302	<nil>
420	228	0	228	rpc error: code = Unavailable desc = transport is closing
420	243	0	243	rpc error: code = Unavailable desc = transport is closing
420	229	0	229	rpc error: code = Unavailable desc = transport is closing
420	134	171	305	<nil>
420	242	0	242	rpc error: code = Unavailable desc = transport is closing
420	16135	0	16135	rpc error: code = Unavailable desc = transport is closing
420	103	183	286	<nil>
420	167	111	278	<nil>
420	221	0	221	rpc error: code = Unavailable desc = transport is closing
420	110	184	294	<nil>
420	104	186	290	<nil>
420	120	186	306	<nil>
420	2912	183	3095	<nil>
420	109	179	288	<nil>
420	229	56	285	<nil>
420	211	68	279	<nil>
420	259	28	287	<nil>
420	111	168	279	<nil>
420	158	129	287	<nil>
420	173	112	285	<nil>
420	169	119	288	<nil>
420	219	68	287	<nil>
420	187	99	286	<nil>
420	224	0	224	rpc error: code = Unavailable desc = transport is closing
420	245	42	287	<nil>
420	194	92	286	<nil>
420	174	113	287	<nil>
420	117	169	286	<nil>
420	108	168	276	<nil>
420	120	169	289	<nil>
420	189	98	287	<nil>
420	119	169	288	<nil>
420	687	0	687	rpc error: code = Unavailable desc = transport is closing
420	240	80	320	<nil>
420	174	155	329	<nil>
420	210	118	328	<nil>
420	194	92	286	<nil>
420	691	0	691	rpc error: code = Unavailable desc = transport is closing
420	219	114	333	<nil>
420	204	116	320	<nil>
420	157	188	345	<nil>
420	692	0	692	rpc error: code = Unavailable desc = transport is closing
420	98	187	285	<nil>
420	652	0	652	rpc error: code = Unavailable desc = transport is closing
420	160	221	381	<nil>
420	219	173	392	<nil>
420	171	271	442	<nil>
420	246	198	444	<nil>
420	696	0	696	rpc error: code = Unavailable desc = transport is closing
420	232	215	447	<nil>
420	3199	0	3199	rpc error: code = Unavailable desc = transport is closing
420	315	0	315	rpc error: code = Unavailable desc = transport is closing
420	347	0	347	rpc error: code = Unavailable desc = transport is closing
420	338	0	338	rpc error: code = Unavailable desc = transport is closing
420	5827	0	5827	rpc error: code = Unavailable desc = transport is closing
420	347	0	347	rpc error: code = Unavailable desc = transport is closing
420	350	0	350	rpc error: code = Unavailable desc = transport is closing
420	1494	0	1494	rpc error: code = Unavailable desc = transport is closing
420	649	0	649	rpc error: code = Unavailable desc = transport is closing
420	324	0	324	rpc error: code = Unavailable desc = transport is closing
420	315	0	315	rpc error: code = Unavailable desc = transport is closing
420	308	0	308	rpc error: code = Unavailable desc = transport is closing
420	317	0	317	rpc error: code = Unavailable desc = transport is closing
420	5721	0	5721	rpc error: code = Unavailable desc = transport is closing
420	337	0	337	rpc error: code = Unavailable desc = transport is closing
420	346	0	346	rpc error: code = Unavailable desc = transport is closing
420	176	278	454	<nil>
420	315	0	315	rpc error: code = Unavailable desc = transport is closing
420	3004	0	3004	rpc error: code = Unavailable desc = transport is closing
420	344	0	344	rpc error: code = Unavailable desc = transport is closing
420	9824	291	10115	<nil>
420	231	219	450	<nil>
420	167	279	446	<nil>
420	166	275	441	<nil>
420	134	222	356	<nil>
420	108	288	396	<nil>
420	314	0	314	rpc error: code = Unavailable desc = transport is closing
420	315	0	315	rpc error: code = Unavailable desc = transport is closing
420	315	0	315	rpc error: code = Unavailable desc = transport is closing
420	120	237	357	<nil>
420	1492	0	1492	rpc error: code = Unavailable desc = transport is closing
420	161	279	440	<nil>
420	158	282	440	<nil>
420	146	295	441	<nil>
420	146	295	441	<nil>
420	140	294	434	<nil>
420	339	0	339	rpc error: code = Unavailable desc = transport is closing
420	145	312	457	<nil>
420	209	228	437	<nil>
420	210	229	439	<nil>
420	211	229	440	<nil>
420	209	228	437	<nil>
420	213	230	443	<nil>
420	210	230	440	<nil>
420	226	196	422	<nil>
420	185	236	421	<nil>
420	214	227	441	<nil>
420	713	0	713	rpc error: code = Unavailable desc = transport is closing
420	250	645	895	<nil>
420	315	591	906	<nil>
420	3203	644	3847	<nil>
420	17379	630	18009	<nil>
420	253	645	898	<nil>
420	17858	603	18461	<nil>
420	233	672	905	<nil>
420	255	645	900	<nil>
420	254	645	899	<nil>
420	295	604	899	<nil>
420	261	646	907	<nil>
420	316	0	316	rpc error: code = Unavailable desc = transport is closing
420	341	0	341	rpc error: code = Unavailable desc = transport is closing
420	341	0	341	rpc error: code = Unavailable desc = transport is closing
420	15814	0	15814	rpc error: code = Unavailable desc = transport is closing
420	318	0	318	rpc error: code = Unavailable desc = transport is closing
420	292	610	902	<nil>
420	297	605	902	<nil>
420	295	608	903	<nil>
420	254	647	901	<nil>
420	242	648	890	<nil>
420	314	589	903	<nil>
420	213	676	889	<nil>
420	716	0	716	rpc error: code = Unavailable desc = transport is closing
420	242	648	890	<nil>
420	319	0	319	rpc error: code = Unavailable desc = transport is closing
420	2541	0	2541	rpc error: code = Unavailable desc = transport is closing
420	260	646	906	<nil>
420	2669	610	3279	<nil>
420	285	518	803	<nil>
420	243	667	910	<nil>
420	238	669	907	<nil>
420	314	625	939	<nil>
420	1218	611	1829	<nil>
420	189	612	801	<nil>
420	285	625	910	<nil>
420	244	667	911	<nil>
420	241	669	910	<nil>
420	243	668	911	<nil>
420	254	668	922	<nil>
420	259	650	909	<nil>
420	241	668	909	<nil>
420	232	669	901	<nil>
420	209	713	922	<nil>
420	297	615	912	<nil>
420	243	657	900	<nil>
420	280	629	909	<nil>
420	227	547	774	<nil>
420	300	615	915	<nil>
420	248	532	780	<nil>
420	185	613	798	<nil>
420	2706	549	3255	<nil>
420	5924	534	6458	<nil>
420	197	575	772	<nil>
420	242	535	777	<nil>
420	202	525	727	<nil>
420	223	550	773	<nil>
420	232	558	790	<nil>
420	251	550	801	<nil>
420	257	570	827	<nil>
420	1315	578	1893	<nil>
420	265	578	843	<nil>
420	2767	595	3362	<nil>
420	283	575	858	<nil>
420	6007	574	6581	<nil>
420	226	578	804	<nil>
420	261	582	843	<nil>
420	261	583	844	<nil>
420	209	576	785	<nil>
420	260	583	843	<nil>
420	206	579	785	<nil>
420	216	582	798	<nil>
420	756	0	756	rpc error: code = Unavailable desc = transport is closing
420	2059	0	2059	rpc error: code = Unavailable desc = transport is closing
420	759	0	759	rpc error: code = Unavailable desc = transport is closing
420	731	0	731	rpc error: code = Unavailable desc = transport is closing
420	1507	0	1507	rpc error: code = Unavailable desc = transport is closing
420	1357	0	1357	rpc error: code = Unavailable desc = transport is closing
420	388	0	388	rpc error: code = Unavailable desc = transport is closing
420	225	602	827	<nil>
420	382	0	382	rpc error: code = Unavailable desc = transport is closing
420	223	600	823	<nil>
420	685	0	685	rpc error: code = Unavailable desc = transport is closing
420	391	0	391	rpc error: code = Unavailable desc = transport is closing
420	383	0	383	rpc error: code = Unavailable desc = transport is closing
420	16925	0	16925	rpc error: code = Unavailable desc = transport is closing
420	384	0	384	rpc error: code = Unavailable desc = transport is closing
420	389	0	389	rpc error: code = Unavailable desc = transport is closing
420	383	0	383	rpc error: code = Unavailable desc = transport is closing
420	740	0	740	rpc error: code = Unavailable desc = transport is closing
420	383	0	383	rpc error: code = Unavailable desc = transport is closing
420	1641	0	1641	rpc error: code = Unavailable desc = transport is closing
420	383	0	383	rpc error: code = Unavailable desc = transport is closing
420	358	0	358	rpc error: code = Unavailable desc = transport is closing
420	256	570	826	<nil>
420	282	560	842	<nil>
420	278	563	841	<nil>
420	265	560	825	<nil>
420	243	586	829	<nil>
420	260	562	822	<nil>
420	282	559	841	<nil>
420	1641	0	1641	rpc error: code = Unavailable desc = transport is closing
420	327	559	886	<nil>
420	266	560	826	<nil>
420	223	561	784	<nil>
420	385	0	385	rpc error: code = Unavailable desc = transport is closing
420	259	583	842	<nil>
420	1638	0	1638	rpc error: code = Unavailable desc = transport is closing
420	741	0	741	rpc error: code = Unavailable desc = transport is closing
420	282	559	841	<nil>
420	741	0	741	rpc error: code = Unavailable desc = transport is closing
420	373	0	373	rpc error: code = Unavailable desc = transport is closing
420	1639	0	1639	rpc error: code = Unavailable desc = transport is closing
420	739	0	739	rpc error: code = Unavailable desc = transport is closing
420	384	0	384	rpc error: code = Unavailable desc = transport is closing
420	743	0	743	rpc error: code = Unavailable desc = transport is closing
420	386	0	386	rpc error: code = Unavailable desc = transport is closing
420	382	0	382	rpc error: code = Unavailable desc = transport is closing
420	743	0	743	rpc error: code = Unavailable desc = transport is closing
420	743	0	743	rpc error: code = Unavailable desc = transport is closing
420	743	0	743	rpc error: code = Unavailable desc = transport is closing
420	382	0	382	rpc error: code = Unavailable desc = transport is closing
420	744	0	744	rpc error: code = Unavailable desc = transport is closing
420	758	0	758	rpc error: code = Unavailable desc = transport is closing
420	681	0	681	rpc error: code = Unavailable desc = transport is closing
420	1642	0	1642	rpc error: code = Unavailable desc = transport is closing
420	378	0	378	rpc error: code = Unavailable desc = transport is closing
420	744	0	744	rpc error: code = Unavailable desc = transport is closing
420	743	0	743	rpc error: code = Unavailable desc = transport is closing
420	11496	0	11496	rpc error: code = Unavailable desc = transport is closing
420	688	0	688	rpc error: code = Unavailable desc = transport is closing
420	16654	0	16654	rpc error: code = Unavailable desc = transport is closing
420	681	0	681	rpc error: code = Unavailable desc = transport is closing
420	756	0	756	rpc error: code = Unavailable desc = transport is closing
420	1420	0	1420	rpc error: code = Unavailable desc = transport is closing
420	758	0	758	rpc error: code = Unavailable desc = transport is closing
420	379	0	379	rpc error: code = Unavailable desc = transport is closing
420	15653	0	15653	rpc error: code = Unavailable desc = transport is closing
420	1657	0	1657	rpc error: code = Unavailable desc = transport is closing
420	759	0	759	rpc error: code = Unavailable desc = transport is closing
420	1633	0	1633	rpc error: code = Unavailable desc = transport is closing
420	384	0	384	rpc error: code = Unavailable desc = transport is closing
420	378	0	378	rpc error: code = Unavailable desc = transport is closing
420	688	0	688	rpc error: code = Unavailable desc = transport is closing
420	766	0	766	rpc error: code = Unavailable desc = transport is closing
420	1657	0	1657	rpc error: code = Unavailable desc = transport is closing
420	5818	0	5818	rpc error: code = Unavailable desc = transport is closing
420	1638	0	1638	rpc error: code = Unavailable desc = transport is closing
420	377	0	377	rpc error: code = Unavailable desc = transport is closing
420	383	0	383	rpc error: code = Unavailable desc = transport is closing
420	766	0	766	rpc error: code = Unavailable desc = transport is closing
420	764	0	764	rpc error: code = Unavailable desc = transport is closing
420	389	0	389	rpc error: code = Unavailable desc = transport is closing
420	383	0	383	rpc error: code = Unavailable desc = transport is closing
420	371	0	371	rpc error: code = Unavailable desc = transport is closing
420	759	0	759	rpc error: code = Unavailable desc = transport is closing
420	759	0	759	rpc error: code = Unavailable desc = transport is closing
420	5821	0	5821	rpc error: code = Unavailable desc = transport is closing
420	759	0	759	rpc error: code = Unavailable desc = transport is closing
420	375	0	375	rpc error: code = Unavailable desc = transport is closing
420	382	0	382	rpc error: code = Unavailable desc = transport is closing
420	762	0	762	rpc error: code = Unavailable desc = transport is closing
420	766	0	766	rpc error: code = Unavailable desc = transport is closing
420	759	0	759	rpc error: code = Unavailable desc = transport is closing
420	383	0	383	rpc error: code = Unavailable desc = transport is closing
420	1347	0	1347	rpc error: code = Unavailable desc = transport is closing
420	378	0	378	rpc error: code = Unavailable desc = transport is closing
420	368	0	368	rpc error: code = Unavailable desc = transport is closing
420	373	0	373	rpc error: code = Unavailable desc = transport is closing
420	412	0	412	rpc error: code = Unavailable desc = transport is closing
420	411	0	411	rpc error: code = Unavailable desc = transport is closing
420	417	0	417	rpc error: code = Unavailable desc = transport is closing
420	375	0	375	rpc error: code = Unavailable desc = transport is closing
420	373	0	373	rpc error: code = Unavailable desc = transport is closing
420	409	0	409	rpc error: code = Unavailable desc = transport is closing
420	425	0	425	rpc error: code = Unavailable desc = transport is closing
420	376	0	376	rpc error: code = Unavailable desc = transport is closing
420	688	343	1031	<nil>
420	689	352	1041	<nil>
420	703	354	1057	<nil>
420	702	354	1056	<nil>
420	749	354	1103	<nil>
420	691	357	1048	<nil>
420	705	357	1062	<nil>
420	705	357	1062	<nil>
420	689	357	1046	<nil>
420	704	358	1062	<nil>
420	599	357	956	<nil>
420	688	358	1046	<nil>
420	621	358	979	<nil>
420	598	372	970	<nil>
420	688	371	1059	<nil>
420	688	371	1059	<nil>
420	692	369	1061	<nil>
420	694	383	1077	<nil>
420	729	398	1127	<nil>
420	726	407	1133	<nil>
420	715	455	1170	<nil>
420	708	443	1151	<nil>
420	701	449	1150	<nil>
420	671	390	1061	<nil>
420	666	395	1061	<nil>
420	3395	398	3793	<nil>
420	623	439	1062	<nil>
420	668	409	1077	<nil>
420	697	406	1103	<nil>
420	692	408	1100	<nil>
420	690	406	1096	<nil>
420	684	412	1096	<nil>
420	698	413	1111	<nil>
420	689	406	1095	<nil>
420	691	411	1102	<nil>
420	700	408	1108	<nil>
420	647	424	1071	<nil>
420	676	406	1082	<nil>
420	700	412	1112	<nil>
420	676	413	1089	<nil>
420	688	415	1103	<nil>
420	677	413	1090	<nil>
420	681	413	1094	<nil>
420	691	415	1106	<nil>
420	694	415	1109	<nil>
420	704	403	1107	<nil>
420	6451	415	6866	<nil>
420	691	416	1107	<nil>
420	691	440	1131	<nil>
420	614	419	1033	<nil>
420	615	419	1034	<nil>
420	701	423	1124	<nil>
420	3560	421	3981	<nil>
420	615	421	1036	<nil>
420	632	413	1045	<nil>
420	612	430	1042	<nil>
420	643	369	1012	<nil>
420	615	431	1046	<nil>
420	656	355	1011	<nil>
420	684	362	1046	<nil>
420	651	393	1044	<nil>
420	681	367	1048	<nil>
420	690	359	1049	<nil>
420	717	334	1051	<nil>
420	688	361	1049	<nil>
420	656	362	1018	<nil>
420	652	398	1050	<nil>
420	683	336	1019	<nil>
420	689	362	1051	<nil>
420	371	0	371	rpc error: code = Unavailable desc = transport is closing
420	373	0	373	rpc error: code = Unavailable desc = transport is closing
420	374	0	374	rpc error: code = Unavailable desc = transport is closing
420	372	0	372	rpc error: code = Unavailable desc = transport is closing
420	374	0	374	rpc error: code = Unavailable desc = transport is closing
420	438	87	525	<nil>
420	434	78	512	<nil>
420	434	78	512	<nil>
420	431	80	511	<nil>
420	445	81	526	<nil>
420	446	80	526	<nil>
420	408	80	488	<nil>
420	340	75	415	<nil>
420	289	71	360	<nil>
420	296	71	367	<nil>
420	375	74	449	<nil>
420	9496	68	9564	<nil>
420	446	81	527	<nil>
420	287	38	325	<nil>
420	270	47	317	<nil>
420	278	38	316	<nil>
420	263	35	298	<nil>
420	1238	18	1256	<nil>
420	196	55	251	<nil>
420	195	56	251	<nil>
420	196	55	251	<nil>
420	197	55	252	<nil>
420	160	52	212	<nil>
420	155	52	207	<nil>
420	159	52	211	<nil>
420	158	52	210	<nil>
420	158	51	209	<nil>
420	159	51	210	<nil>
420	162	52	214	<nil>
420	157	54	211	<nil>
420	161	54	215	<nil>
420	161	71	232	<nil>
420	164	77	241	<nil>
420	161	79	240	<nil>
420	161	78	239	<nil>
420	114	81	195	<nil>
420	121	82	203	<nil>
420	114	81	195	<nil>
420	130	83	213	<nil>
420	119	82	201	<nil>
420	119	82	201	<nil>
420	130	83	213	<nil>
420	113	81	194	<nil>
420	121	82	203	<nil>
420	120	82	202	<nil>
420	112	82	194	<nil>
420	116	82	198	<nil>
420	132	83	215	<nil>
420	113	83	196	<nil>
420	113	83	196	<nil>
420	61	93	154	<nil>
420	101	96	197	<nil>
420	60	98	158	<nil>
420	62	98	160	<nil>
420	100	96	196	<nil>
420	114	95	209	<nil>
420	62	96	158	<nil>
420	62	128	190	<nil>
420	73	78	151	<nil>
420	273	0	273	rpc error: code = Unavailable desc = transport is closing
420	286	0	286	rpc error: code = Unavailable desc = transport is closing
420	198	0	198	rpc error: code = Unavailable desc = transport is closing
420	196	0	196	rpc error: code = Unavailable desc = transport is closing
420	2732	0	2732	rpc error: code = Unavailable desc = transport is closing
420	164	0	164	rpc error: code = Unavailable desc = transport is closing
420	5285	0	5285	rpc error: code = Unavailable desc = transport is closing
420	197	0	197	rpc error: code = Unavailable desc = transport is closing
420	265	0	265	rpc error: code = Unavailable desc = transport is closing
420	263	0	263	rpc error: code = Unavailable desc = transport is closing
420	71	83	154	<nil>
420	278	0	278	rpc error: code = Unavailable desc = transport is closing
420	264	0	264	rpc error: code = Unavailable desc = transport is closing
420	159	0	159	rpc error: code = Unavailable desc = transport is closing
420	158	0	158	rpc error: code = Unavailable desc = transport is closing
420	68	89	157	<nil>
420	130	0	130	rpc error: code = Unavailable desc = transport is closing
420	453	0	453	rpc error: code = Unavailable desc = transport is closing
420	444	0	444	rpc error: code = Unavailable desc = transport is closing
420	456	0	456	rpc error: code = Unavailable desc = transport is closing
420	162	0	162	rpc error: code = Unavailable desc = transport is closing
420	483	0	483	rpc error: code = Unavailable desc = transport is closing
420	456	0	456	rpc error: code = Unavailable desc = transport is closing
420	248	0	248	rpc error: code = Unavailable desc = transport is closing
420	159	0	159	rpc error: code = Unavailable desc = transport is closing
420	72	90	162	<nil>
420	77	84	161	<nil>
420	157	0	157	rpc error: code = Unavailable desc = transport is closing
420	5526	0	5526	rpc error: code = Unavailable desc = transport is closing
420	76	107	183	<nil>
420	74	108	182	<nil>
420	74	108	182	<nil>
420	75	139	214	<nil>
420	76	147	223	<nil>
420	79	156	235	<nil>
420	76	156	232	<nil>
420	76	160	236	<nil>
420	76	148	224	<nil>
420	47	144	191	<nil>
420	76	160	236	<nil>
420	78	159	237	<nil>
420	113	0	113	rpc error: code = Unavailable desc = transport is closing
420	115	0	115	rpc error: code = Unavailable desc = transport is closing
420	91	113	204	<nil>
420	157	0	157	rpc error: code = Unavailable desc = transport is closing
420	50	164	214	<nil>
420	2867	156	3023	<nil>
420	88	108	196	<nil>
420	46	167	213	<nil>
420	44	170	214	<nil>
420	48	171	219	<nil>
420	47	169	216	<nil>
420	51	164	215	<nil>
420	50	164	214	<nil>
420	3097	0	3097	rpc error: code = Unavailable desc = transport is closing
420	111	59	170	<nil>
420	130	47	177	<nil>
420	79	115	194	<nil>
420	77	109	186	<nil>
420	457	0	457	rpc error: code = Unavailable desc = transport is closing
420	456	0	456	rpc error: code = Unavailable desc = transport is closing
420	44	171	215	<nil>
420	469	0	469	rpc error: code = Unavailable desc = transport is closing
420	108	14	122	<nil>
420	106	14	120	<nil>
420	155	19	174	<nil>
420	447	0	447	rpc error: code = Unavailable desc = transport is closing
420	101	10	111	<nil>
420	117	5	122	<nil>
420	3008	24	3032	<nil>
420	374	0	374	rpc error: code = Unavailable desc = transport is closing
420	98	9	107	<nil>
420	101	10	111	<nil>
420	3020	10	3030	<nil>
420	120	6	126	<nil>
420	79	116	195	<nil>
420	127	62	189	<nil>
420	9065	20	9085	<nil>
420	114	72	186	<nil>
420	152	32	184	<nil>
420	136	3	139	<nil>
420	167	21	188	<nil>
420	129	59	188	<nil>
420	3006	24	3030	<nil>
420	155	35	190	<nil>
420	84	114	198	<nil>
420	77	116	193	<nil>
420	152	34	186	<nil>
420	96	11	107	<nil>
420	127	61	188	<nil>
420	47	168	215	<nil>
420	114	74	188	<nil>
420	114	75	189	<nil>
420	110	6	116	<nil>
420	154	36	190	<nil>
420	109	6	115	<nil>
420	77	136	213	<nil>
420	101	5	106	<nil>
420	405	0	405	rpc error: code = Unavailable desc = transport is closing
420	412	0	412	rpc error: code = Unavailable desc = transport is closing
420	432	0	432	rpc error: code = Unavailable desc = transport is closing
420	420	0	420	rpc error: code = Unavailable desc = transport is closing
420	453	0	453	rpc error: code = Unavailable desc = transport is closing
420	385	0	385	rpc error: code = Unavailable desc = transport is closing
420	389	0	389	rpc error: code = Unavailable desc = transport is closing
420	447	0	447	rpc error: code = Unavailable desc = transport is closing
420	385	0	385	rpc error: code = Unavailable desc = transport is closing
420	391	0	391	rpc error: code = Unavailable desc = transport is closing
420	391	0	391	rpc error: code = Unavailable desc = transport is closing
420	432	0	432	rpc error: code = Unavailable desc = transport is closing
420	108	13	121	<nil>
420	438	0	438	rpc error: code = Unavailable desc = transport is closing
420	5788	20	5808	<nil>
420	428	0	428	rpc error: code = Unavailable desc = transport is closing
420	451	0	451	rpc error: code = Unavailable desc = transport is closing
420	118	13	131	<nil>
420	109	14	123	<nil>
420	437	0	437	rpc error: code = Unavailable desc = transport is closing
420	122	15	137	<nil>
420	96	3	99	<nil>
420	110	14	124	<nil>
420	96	3	99	<nil>
420	110	4	114	<nil>
420	101	2	103	<nil>
420	150	19	169	<nil>
420	3026	13	3039	<nil>
420	110	4	114	<nil>
420	128	58	186	<nil>
420	415	0	415	rpc error: code = Unavailable desc = transport is closing
420	421	0	421	rpc error: code = Unavailable desc = transport is closing
420	421	0	421	rpc error: code = Unavailable desc = transport is closing
420	412	0	412	rpc error: code = Unavailable desc = transport is closing
420	119	5	124	<nil>
420	110	6	116	<nil>
420	140	5	145	<nil>
420	145	5	150	<nil>
420	110	5	115	<nil>
420	91	169	260	<nil>
420	119	5	124	<nil>
420	92	5	97	<nil>
420	119	5	124	<nil>
420	140	7	147	<nil>
420	119	6	125	<nil>
420	5598	7	5605	<nil>
420	118	7	125	<nil>
420	111	7	118	<nil>
420	129	61	190	<nil>
420	3230	0	3230	rpc error: code = Unavailable desc = transport is closing
420	427	0	427	rpc error: code = Unavailable desc = transport is closing
420	430	0	430	rpc error: code = Unavailable desc = transport is closing
420	446	0	446	rpc error: code = Unavailable desc = transport is closing
420	1442	0	1442	rpc error: code = Unavailable desc = transport is closing
420	5569	0	5569	rpc error: code = Unavailable desc = transport is closing
420	444	0	444	rpc error: code = Unavailable desc = transport is closing
420	276	0	276	rpc error: code = Unavailable desc = transport is closing
420	443	0	443	rpc error: code = Unavailable desc = transport is closing
420	273	0	273	rpc error: code = Unavailable desc = transport is closing
420	272	0	272	rpc error: code = Unavailable desc = transport is closing
420	302	0	302	rpc error: code = Unavailable desc = transport is closing
420	288	0	288	rpc error: code = Unavailable desc = transport is closing
420	275	0	275	rpc error: code = Unavailable desc = transport is closing
420	447	0	447	rpc error: code = Unavailable desc = transport is closing
420	292	0	292	rpc error: code = Unavailable desc = transport is closing
420	442	0	442	rpc error: code = Unavailable desc = transport is closing
420	443	0	443	rpc error: code = Unavailable desc = transport is closing
420	308	0	308	rpc error: code = Unavailable desc = transport is closing
420	444	0	444	rpc error: code = Unavailable desc = transport is closing
420	450	0	450	rpc error: code = Unavailable desc = transport is closing
420	444	0	444	rpc error: code = Unavailable desc = transport is closing
420	454	0	454	rpc error: code = Unavailable desc = transport is closing
420	444	0	444	rpc error: code = Unavailable desc = transport is closing
420	439	0	439	rpc error: code = Unavailable desc = transport is closing
420	452	0	452	rpc error: code = Unavailable desc = transport is closing
420	390	0	390	rpc error: code = Unavailable desc = transport is closing
420	375	0	375	rpc error: code = Unavailable desc = transport is closing
420	374	0	374	rpc error: code = Unavailable desc = transport is closing
420	411	0	411	rpc error: code = Unavailable desc = transport is closing
420	375	0	375	rpc error: code = Unavailable desc = transport is closing
420	407	0	407	rpc error: code = Unavailable desc = transport is closing
420	453	0	453	rpc error: code = Unavailable desc = transport is closing
420	339	0	339	rpc error: code = Unavailable desc = transport is closing
420	417	0	417	rpc error: code = Unavailable desc = transport is closing
420	437	0	437	rpc error: code = Unavailable desc = transport is closing
420	3239	0	3239	rpc error: code = Unavailable desc = transport is closing
420	368	0	368	rpc error: code = Unavailable desc = transport is closing
420	5577	0	5577	rpc error: code = Unavailable desc = transport is closing
420	445	0	445	rpc error: code = Unavailable desc = transport is closing
420	401	0	401	rpc error: code = Unavailable desc = transport is closing
420	396	0	396	rpc error: code = Unavailable desc = transport is closing
420	433	0	433	rpc error: code = Unavailable desc = transport is closing
420	449	0	449	rpc error: code = Unavailable desc = transport is closing
420	397	0	397	rpc error: code = Unavailable desc = transport is closing
420	411	0	411	rpc error: code = Unavailable desc = transport is closing
420	448	0	448	rpc error: code = Unavailable desc = transport is closing
420	400	0	400	rpc error: code = Unavailable desc = transport is closing
420	373	0	373	rpc error: code = Unavailable desc = transport is closing
420	448	0	448	rpc error: code = Unavailable desc = transport is closing
420	3241	0	3241	rpc error: code = Unavailable desc = transport is closing
420	318	0	318	rpc error: code = Unavailable desc = transport is closing
420	448	0	448	rpc error: code = Unavailable desc = transport is closing
420	5454	0	5454	rpc error: code = Unavailable desc = transport is closing
420	421	0	421	rpc error: code = Unavailable desc = transport is closing
420	443	0	443	rpc error: code = Unavailable desc = transport is closing
420	451	0	451	rpc error: code = Unavailable desc = transport is closing
420	451	0	451	rpc error: code = Unavailable desc = transport is closing
420	414	0	414	rpc error: code = Unavailable desc = transport is closing
420	455	0	455	rpc error: code = Unavailable desc = transport is closing
420	416	0	416	rpc error: code = Unavailable desc = transport is closing
420	427	0	427	rpc error: code = Unavailable desc = transport is closing
420	455	0	455	rpc error: code = Unavailable desc = transport is closing
420	419	0	419	rpc error: code = Unavailable desc = transport is closing
420	457	0	457	rpc error: code = Unavailable desc = transport is closing
420	455	0	455	rpc error: code = Unavailable desc = transport is closing
420	408	0	408	rpc error: code = Unavailable desc = transport is closing
420	430	0	430	rpc error: code = Unavailable desc = transport is closing
420	437	0	437	rpc error: code = Unavailable desc = transport is closing
420	456	0	456	rpc error: code = Unavailable desc = transport is closing
420	430	0	430	rpc error: code = Unavailable desc = transport is closing
420	406	0	406	rpc error: code = Unavailable desc = transport is closing
420	456	0	456	rpc error: code = Unavailable desc = transport is closing
420	3112	0	3112	rpc error: code = Unavailable desc = transport is closing
420	3198	0	3198	rpc error: code = Unavailable desc = transport is closing
420	428	0	428	rpc error: code = Unavailable desc = transport is closing
420	454	0	454	rpc error: code = Unavailable desc = transport is closing
420	443	0	443	rpc error: code = Unavailable desc = transport is closing
420	368	0	368	rpc error: code = Unavailable desc = transport is closing
420	437	0	437	rpc error: code = Unavailable desc = transport is closing
420	430	0	430	rpc error: code = Unavailable desc = transport is closing
420	405	0	405	rpc error: code = Unavailable desc = transport is closing
420	375	0	375	rpc error: code = Unavailable desc = transport is closing
420	454	0	454	rpc error: code = Unavailable desc = transport is closing
420	456	0	456	rpc error: code = Unavailable desc = transport is closing
420	445	0	445	rpc error: code = Unavailable desc = transport is closing
420	408	0	408	rpc error: code = Unavailable desc = transport is closing
420	436	0	436	rpc error: code = Unavailable desc = transport is closing
420	430	0	430	rpc error: code = Unavailable desc = transport is closing
420	444	0	444	rpc error: code = Unavailable desc = transport is closing
420	452	0	452	rpc error: code = Unavailable desc = transport is closing
420	454	0	454	rpc error: code = Unavailable desc = transport is closing
420	414	0	414	rpc error: code = Unavailable desc = transport is closing
420	427	0	427	rpc error: code = Unavailable desc = transport is closing
420	455	0	455	rpc error: code = Unavailable desc = transport is closing
420	1462	0	1462	rpc error: code = Unavailable desc = transport is closing
420	430	0	430	rpc error: code = Unavailable desc = transport is closing
420	429	0	429	rpc error: code = Unavailable desc = transport is closing
420	457	0	457	rpc error: code = Unavailable desc = transport is closing
420	421	0	421	rpc error: code = Unavailable desc = transport is closing
420	427	0	427	rpc error: code = Unavailable desc = transport is closing
420	429	0	429	rpc error: code = Unavailable desc = transport is closing
420	441	0	441	rpc error: code = Unavailable desc = transport is closing
420	428	0	428	rpc error: code = Unavailable desc = transport is closing
420	426	0	426	rpc error: code = Unavailable desc = transport is closing
420	422	0	422	rpc error: code = Unavailable desc = transport is closing
420	432	0	432	rpc error: code = Unavailable desc = transport is closing
420	443	0	443	rpc error: code = Unavailable desc = transport is closing
420	417	0	417	rpc error: code = Unavailable desc = transport is closing
420	448	0	448	rpc error: code = Unavailable desc = transport is closing
420	447	0	447	rpc error: code = Unavailable desc = transport is closing
420	3283	0	3283	rpc error: code = Unavailable desc = transport is closing
420	429	0	429	rpc error: code = Unavailable desc = transport is closing
420	1440	0	1440	rpc error: code = Unavailable desc = transport is closing
420	3245	0	3245	rpc error: code = Unavailable desc = transport is closing
420	442	0	442	rpc error: code = Unavailable desc = transport is closing
420	1441	0	1441	rpc error: code = Unavailable desc = transport is closing
420	3140	0	3140	rpc error: code = Unavailable desc = transport is closing
420	3140	0	3140	rpc error: code = Unavailable desc = transport is closing
420	446	0	446	rpc error: code = Unavailable desc = transport is closing
420	423	0	423	rpc error: code = Unavailable desc = transport is closing
420	419	0	419	rpc error: code = Unavailable desc = transport is closing
420	441	0	441	rpc error: code = Unavailable desc = transport is closing
420	1455	0	1455	rpc error: code = Unavailable desc = transport is closing
420	417	0	417	rpc error: code = Unavailable desc = transport is closing
420	3192	0	3192	rpc error: code = Unavailable desc = transport is closing
420	1443	0	1443	rpc error: code = Unavailable desc = transport is closing
420	432	0	432	rpc error: code = Unavailable desc = transport is closing
420	429	0	429	rpc error: code = Unavailable desc = transport is closing
420	442	0	442	rpc error: code = Unavailable desc = transport is closing
420	429	0	429	rpc error: code = Unavailable desc = transport is closing
420	418	0	418	rpc error: code = Unavailable desc = transport is closing
420	428	0	428	rpc error: code = Unavailable desc = transport is closing
420	419	0	419	rpc error: code = Unavailable desc = transport is closing
420	654	0	654	rpc error: code = Unavailable desc = transport is closing
420	638	48	686	<nil>
420	671	0	671	rpc error: code = Unavailable desc = transport is closing
420	638	0	638	rpc error: code = Unavailable desc = transport is closing
420	673	0	673	rpc error: code = Unavailable desc = transport is closing
420	631	0	631	rpc error: code = Unavailable desc = transport is closing
420	634	0	634	rpc error: code = Unavailable desc = transport is closing
420	690	34	724	<nil>
420	10423	40	10463	<nil>
420	647	39	686	<nil>
420	669	21	690	<nil>
420	682	18	700	<nil>
420	671	18	689	<nil>
420	682	28	710	<nil>
420	673	19	692	<nil>
420	264	7	271	<nil>
420	1404	18	1422	<nil>
420	1334	9	1343	<nil>
420	680	8	688	<nil>
420	685	23	708	<nil>
420	687	10	697	<nil>
420	684	14	698	<nil>
420	685	11	696	<nil>
420	262	15	277	<nil>
420	681	16	697	<nil>
420	690	8	698	<nil>
420	682	15	697	<nil>
420	677	0	677	rpc error: code = Unavailable desc = transport is closing
420	672	16	688	<nil>
420	1253	7	1260	<nil>
420	689	9	698	<nil>
420	693	6	699	<nil>
420	689	10	699	<nil>
420	230	6	236	<nil>
420	234	8	242	<nil>
420	178	6	184	<nil>
420	5700	10	5710	<nil>
420	177	11	188	<nil>
420	1415	6	1421	<nil>
420	697	21	718	<nil>
420	690	27	717	<nil>
420	5513	28	5541	<nil>
420	182	24	206	<nil>
420	696	21	717	<nil>
420	705	58	763	<nil>
420	191	56	247	<nil>
420	186	76	262	<nil>
420	177	65	242	<nil>
420	243	75	318	<nil>
420	170	75	245	<nil>
420	190	75	265	<nil>
420	189	74	263	<nil>
420	190	75	265	<nil>
420	2980	74	3054	<nil>
420	191	75	266	<nil>
420	190	74	264	<nil>
420	189	74	263	<nil>
420	192	74	266	<nil>
420	180	95	275	<nil>
420	198	95	293	<nil>
420	172	104	276	<nil>
420	188	108	296	<nil>
420	186	109	295	<nil>
420	185	109	294	<nil>
420	1408	109	1517	<nil>
420	200	89	289	<nil>
420	239	113	352	<nil>
420	176	109	285	<nil>
420	200	96	296	<nil>
420	185	109	294	<nil>
420	204	90	294	<nil>
420	204	91	295	<nil>
420	188	97	285	<nil>
420	3031	92	3123	<nil>
420	170	109	279	<nil>
420	2845	109	2954	<nil>
420	259	91	350	<nil>
420	242	64	306	<nil>
420	2920	47	2967	<nil>
420	2837	56	2893	<nil>
420	121	59	180	<nil>
420	122	62	184	<nil>
420	112	47	159	<nil>
420	123	63	186	<nil>
420	128	58	186	<nil>
420	123	62	185	<nil>
420	129	39	168	<nil>
420	129	40	169	<nil>
420	122	46	168	<nil>
420	140	40	180	<nil>
420	134	52	186	<nil>
420	131	48	179	<nil>
420	123	64	187	<nil>
420	126	63	189	<nil>
420	104	64	168	<nil>
420	129	40	169	<nil>
420	121	59	180	<nil>
420	122	57	179	<nil>
420	121	57	178	<nil>
420	139	42	181	<nil>
420	129	43	172	<nil>
420	133	50	183	<nil>
420	90	51	141	<nil>
420	121	51	172	<nil>
420	145	51	196	<nil>
420	156	27	183	<nil>
420	132	57	189	<nil>
420	149	20	169	<nil>
420	127	50	177	<nil>
420	163	22	185	<nil>
420	150	26	176	<nil>
420	160	24	184	<nil>
420	160	30	190	<nil>
420	156	29	185	<nil>
420	150	29	179	<nil>
420	158	30	188	<nil>
420	167	33	200	<nil>
420	150	47	197	<nil>
420	154	105	259	<nil>
420	154	112	266	<nil>
420	154	118	272	<nil>
420	120	116	236	<nil>
420	87	119	206	<nil>
420	123	116	239	<nil>
420	91	123	214	<nil>
420	89	125	214	<nil>
420	65	101	166	<nil>
420	64	104	168	<nil>
420	89	124	213	<nil>
420	90	125	215	<nil>
420	65	106	171	<nil>
420	81	102	183	<nil>
420	88	127	215	<nil>
420	90	124	214	<nil>
420	5724	98	5822	<nil>
420	67	102	169	<nil>
420	81	87	168	<nil>
420	80	105	185	<nil>
420	92	123	215	<nil>
420	78	105	183	<nil>
420	87	82	169	<nil>
420	5717	107	5824	<nil>
420	108	105	213	<nil>
420	84	86	170	<nil>
420	5866	108	5974	<nil>
420	85	131	216	<nil>
420	80	105	185	<nil>
420	75	86	161	<nil>
420	87	127	214	<nil>
420	109	125	234	<nil>
420	65	107	172	<nil>
420	69	101	170	<nil>
420	4605	104	4709	<nil>
420	90	125	215	<nil>
420	69	99	168	<nil>
420	71	93	164	<nil>
420	69	104	173	<nil>
420	84	90	174	<nil>
420	93	31	124	<nil>
420	92	40	132	<nil>
420	104	30	134	<nil>
420	104	30	134	<nil>
420	115	36	151	<nil>
420	105	30	135	<nil>
420	95	36	131	<nil>
420	104	37	141	<nil>
420	97	34	131	<nil>
420	96	35	131	<nil>
420	103	81	184	<nil>
420	122	58	180	<nil>
420	100	111	211	<nil>
420	104	97	201	<nil>
420	100	143	243	<nil>
420	124	129	253	<nil>
420	101	127	228	<nil>
420	1113	149	1262	<nil>
420	117	127	244	<nil>
420	115	127	242	<nil>
420	4620	125	4745	<nil>
420	130	119	249	<nil>
420	128	125	253	<nil>
420	127	135	262	<nil>
420	127	136	263	<nil>
420	1114	148	1262	<nil>
420	57	145	202	<nil>
420	156	97	253	<nil>
420	2589	145	2734	<nil>
420	145	24	169	<nil>
420	5951	138	6089	<nil>
420	146	25	171	<nil>
420	127	126	253	<nil>
420	118	132	250	<nil>
420	120	126	246	<nil>
420	138	19	157	<nil>
420	170	44	214	<nil>
420	128	126	254	<nil>
420	1106	146	1252	<nil>
420	117	144	261	<nil>
420	117	144	261	<nil>
420	126	21	147	<nil>
420	145	25	170	<nil>
420	144	25	169	<nil>
420	128	144	272	<nil>
420	118	148	266	<nil>
420	178	34	212	<nil>
420	120	145	265	<nil>
420	155	61	216	<nil>
420	170	45	215	<nil>
420	194	20	214	<nil>
420	10083	45	10128	<nil>
420	162	54	216	<nil>
420	176	40	216	<nil>
420	165	49	214	<nil>
420	176	41	217	<nil>
420	155	62	217	<nil>
420	160	54	214	<nil>
420	168	61	229	<nil>
420	160	66	226	<nil>
420	170	60	230	<nil>
420	210	8	218	<nil>
420	167	61	228	<nil>
420	88	69	157	<nil>
420	168	62	230	<nil>
420	162	70	232	<nil>
420	75	1	76	<nil>
420	168	63	231	<nil>
420	74	1	75	<nil>
420	73	1	74	<nil>
420	92	71	163	<nil>
420	108	64	172	<nil>
420	163	1	164	<nil>
420	160	73	233	<nil>
420	75	1	76	<nil>
420	155	80	235	<nil>
420	234	1	235	<nil>
420	170	46	216	<nil>
420	210	7	217	<nil>
420	9640	72	9712	<nil>
420	147	16	163	<nil>
420	178	37	215	<nil>
420	156	74	230	<nil>
420	98	60	158	<nil>
420	161	67	228	<nil>
420	216	12	228	<nil>
420	170	62	232	<nil>
420	165	2	167	<nil>
420	73	1	74	<nil>
420	169	48	217	<nil>
420	233	1	234	<nil>
420	149	56	205	<nil>
420	2800	1	2801	<nil>
420	4952	2	4954	<nil>
420	140	1	141	<nil>
420	78	4	82	<nil>
420	2789	3	2792	<nil>
420	78	4	82	<nil>
420	141	30	171	<nil>
420	81	3	84	<nil>
420	6051	21	6072	<nil>
420	221	21	242	<nil>
420	219	56	275	<nil>
420	2785	136	2921	<nil>
420	90	403	493	<nil>
420	15855	415	16270	<nil>
420	65	417	482	<nil>
420	63	415	478	<nil>
420	4837	417	5254	<nil>
420	32	420	452	<nil>
420	2820	387	3207	<nil>
420	101	387	488	<nil>
420	134	368	502	<nil>
420	5093	46	5139	<nil>
420	441	14	455	<nil>
420	3225	15	3240	<nil>
420	437	15	452	<nil>
420	429	24	453	<nil>
420	440	13	453	<nil>
420	5389	12	5401	<nil>
420	440	15	455	<nil>
420	440	13	453	<nil>
420	440	13	453	<nil>
420	454	13	467	<nil>
420	488	41	529	<nil>
420	439	15	454	<nil>
420	455	14	469	<nil>
420	455	14	469	<nil>
420	440	15	455	<nil>
420	436	15	451	<nil>
420	442	13	455	<nil>
420	437	16	453	<nil>
420	453	14	467	<nil>
420	456	14	470	<nil>
420	434	15	449	<nil>
420	441	15	456	<nil>
420	434	15	449	<nil>
420	448	15	463	<nil>
420	455	13	468	<nil>
420	448	14	462	<nil>
420	454	21	475	<nil>
420	445	22	467	<nil>
420	453	78	531	<nil>
420	452	79	531	<nil>
420	453	96	549	<nil>
420	459	97	556	<nil>
420	446	97	543	<nil>
420	449	96	545	<nil>
420	447	98	545	<nil>
420	465	97	562	<nil>
420	452	99	551	<nil>
420	445	98	543	<nil>
420	448	96	544	<nil>
420	1169	92	1261	<nil>
420	52	92	144	<nil>
420	466	86	552	<nil>
420	458	92	550	<nil>
420	461	92	553	<nil>
420	3245	107	3352	<nil>
420	469	85	554	<nil>
420	426	86	512	<nil>
420	476	85	561	<nil>
420	478	93	571	<nil>
420	448	107	555	<nil>
420	5420	86	5506	<nil>
420	464	107	571	<nil>
420	414	86	500	<nil>
420	407	92	499	<nil>
420	5933	92	6025	<nil>
420	469	85	554	<nil>
420	461	93	554	<nil>
420	50	103	153	<nil>
420	52	106	158	<nil>
420	52	105	157	<nil>
420	45	112	157	<nil>
420	51	122	173	<nil>
420	58	115	173	<nil>
420	82	57	139	<nil>
420	97	82	179	<nil>
420	107	74	181	<nil>
420	90	90	180	<nil>
420	94	86	180	<nil>
420	5495	93	5588	<nil>
420	673	0	673	rpc error: code = Unavailable desc = transport is closing
420	1422	0	1422	rpc error: code = Unavailable desc = transport is closing
420	95	87	182	<nil>
420	94	88	182	<nil>
420	2810	0	2810	rpc error: code = Unavailable desc = transport is closing
420	680	0	680	rpc error: code = Unavailable desc = transport is closing
420	454	0	454	rpc error: code = Unavailable desc = transport is closing
420	726	0	726	rpc error: code = Unavailable desc = transport is closing
420	452	0	452	rpc error: code = Unavailable desc = transport is closing
420	683	0	683	rpc error: code = Unavailable desc = transport is closing
420	1329	0	1329	rpc error: code = Unavailable desc = transport is closing
420	689	0	689	rpc error: code = Unavailable desc = transport is closing
420	686	0	686	rpc error: code = Unavailable desc = transport is closing
420	686	0	686	rpc error: code = Unavailable desc = transport is closing
420	96	91	187	<nil>
420	2997	0	2997	rpc error: code = Unavailable desc = transport is closing
420	683	0	683	rpc error: code = Unavailable desc = transport is closing
420	690	0	690	rpc error: code = Unavailable desc = transport is closing
420	440	0	440	rpc error: code = Unavailable desc = transport is closing
420	382	0	382	rpc error: code = Unavailable desc = transport is closing
420	465	0	465	rpc error: code = Unavailable desc = transport is closing
420	464	0	464	rpc error: code = Unavailable desc = transport is closing
420	460	0	460	rpc error: code = Unavailable desc = transport is closing
420	447	0	447	rpc error: code = Unavailable desc = transport is closing
420	440	0	440	rpc error: code = Unavailable desc = transport is closing
420	447	0	447	rpc error: code = Unavailable desc = transport is closing
420	5400	0	5400	rpc error: code = Unavailable desc = transport is closing
420	5297	0	5297	rpc error: code = Unavailable desc = transport is closing
420	99	91	190	<nil>
420	92	91	183	<nil>
420	99	90	189	<nil>
420	94	95	189	<nil>
420	95	123	218	<nil>
420	94	124	218	<nil>
420	106	79	185	<nil>
420	81	123	204	<nil>
420	95	125	220	<nil>
420	112	134	246	<nil>
420	136	123	259	<nil>
420	126	135	261	<nil>
420	126	135	261	<nil>
420	127	135	262	<nil>
420	93	162	255	<nil>
420	103	136	239	<nil>
420	87	136	223	<nil>
420	86	138	224	<nil>
420	112	136	248	<nil>
420	75	136	211	<nil>
420	88	83	171	<nil>
420	55	140	195	<nil>
420	89	84	173	<nil>
420	718	0	718	rpc error: code = Unavailable desc = transport is closing
420	87	84	171	<nil>
420	5530	141	5671	<nil>
420	81	84	165	<nil>
420	680	0	680	rpc error: code = Unavailable desc = transport is closing
420	4929	84	5013	<nil>
420	130	27	157	<nil>
420	147	24	171	<nil>
420	107	61	168	<nil>
420	72	106	178	<nil>
420	135	38	173	<nil>
420	1128	27	1155	<nil>
420	141	27	168	<nil>
420	4995	38	5033	<nil>
420	99	6	105	<nil>
420	1082	7	1089	<nil>
420	147	35	182	<nil>
420	152	36	188	<nil>
420	74	7	81	<nil>
420	103	34	137	<nil>
420	80	32	112	<nil>
420	102	11	113	<nil>
420	142	35	177	<nil>
420	73	9	82	<nil>
420	1102	33	1135	<nil>
420	1117	48	1165	<nil>
420	92	33	125	<nil>
420	56	28	84	<nil>
420	140	43	183	<nil>
420	5568	34	5602	<nil>
420	79	117	196	<nil>
420	5418	6	5424	<nil>
420	1098	1	1099	<nil>
420	64	11	75	<nil>
420	112	1	113	<nil>
420	83	30	113	<nil>
420	175	11	186	<nil>
420	72	12	84	<nil>
420	77	8	85	<nil>
420	131	57	188	<nil>
420	101	16	117	<nil>
420	105	9	114	<nil>
420	83	118	201	<nil>
420	101	16	117	<nil>
420	69	19	88	<nil>
420	80	39	119	<nil>
420	5554	49	5603	<nil>
420	137	52	189	<nil>
420	1096	74	1170	<nil>
420	78	41	119	<nil>
420	92	39	131	<nil>
420	81	39	120	<nil>
420	148	42	190	<nil>
420	121	60	181	<nil>
420	5593	14	5607	<nil>
420	106	14	120	<nil>
420	5585	19	5604	<nil>
420	74	15	89	<nil>
420	130	55	185	<nil>
420	67	20	87	<nil>
420	88	122	210	<nil>
420	79	42	121	<nil>
420	63	20	83	<nil>
420	138	43	181	<nil>
420	73	12	85	<nil>
420	98	21	119	<nil>
420	140	48	188	<nil>
420	55	32	87	<nil>
420	72	14	86	<nil>
420	124	58	182	<nil>
420	91	120	211	<nil>
420	83	145	228	<nil>
420	80	113	193	<nil>
420	55	154	209	<nil>
420	696	0	696	rpc error: code = Unavailable desc = transport is closing
420	689	0	689	rpc error: code = Unavailable desc = transport is closing
420	693	0	693	rpc error: code = Unavailable desc = transport is closing
420	682	0	682	rpc error: code = Unavailable desc = transport is closing
420	683	0	683	rpc error: code = Unavailable desc = transport is closing
420	685	0	685	rpc error: code = Unavailable desc = transport is closing
420	2769	0	2769	rpc error: code = Unavailable desc = transport is closing
420	674	0	674	rpc error: code = Unavailable desc = transport is closing
420	276	0	276	rpc error: code = Unavailable desc = transport is closing
420	669	0	669	rpc error: code = Unavailable desc = transport is closing
420	667	0	667	rpc error: code = Unavailable desc = transport is closing
420	686	0	686	rpc error: code = Unavailable desc = transport is closing
420	701	0	701	rpc error: code = Unavailable desc = transport is closing
420	670	0	670	rpc error: code = Unavailable desc = transport is closing
420	667	0	667	rpc error: code = Unavailable desc = transport is closing
420	215	69	284	<nil>
420	699	0	699	rpc error: code = Unavailable desc = transport is closing
420	668	0	668	rpc error: code = Unavailable desc = transport is closing
420	669	0	669	rpc error: code = Unavailable desc = transport is closing
420	664	0	664	rpc error: code = Unavailable desc = transport is closing
420	1251	62	1313	<nil>
420	1228	13	1241	<nil>
420	215	12	227	<nil>
420	204	13	217	<nil>
420	1240	29	1269	<nil>
420	678	0	678	rpc error: code = Unavailable desc = transport is closing
420	235	16	251	<nil>
420	215	16	231	<nil>
420	242	15	257	<nil>
420	237	16	253	<nil>
420	241	16	257	<nil>
420	214	16	230	<nil>
420	220	16	236	<nil>
420	243	17	260	<nil>
420	212	12	224	<nil>
420	247	13	260	<nil>
420	219	13	232	<nil>
420	238	23	261	<nil>
420	680	0	680	rpc error: code = Unavailable desc = transport is closing
420	205	20	225	<nil>
420	699	0	699	rpc error: code = Unavailable desc = transport is closing
420	219	14	233	<nil>
420	663	0	663	rpc error: code = Unavailable desc = transport is closing
420	247	14	261	<nil>
420	213	14	227	<nil>
420	243	13	256	<nil>
420	246	15	261	<nil>
420	663	0	663	rpc error: code = Unavailable desc = transport is closing
420	683	0	683	rpc error: code = Unavailable desc = transport is closing
420	662	0	662	rpc error: code = Unavailable desc = transport is closing
420	663	0	663	rpc error: code = Unavailable desc = transport is closing
420	654	0	654	rpc error: code = Unavailable desc = transport is closing
420	663	0	663	rpc error: code = Unavailable desc = transport is closing
420	219	18	237	<nil>
420	247	18	265	<nil>
420	211	18	229	<nil>
420	247	18	265	<nil>
420	211	19	230	<nil>
420	246	19	265	<nil>
420	209	19	228	<nil>
420	212	21	233	<nil>
420	212	21	233	<nil>
420	211	18	229	<nil>
420	219	21	240	<nil>
420	691	0	691	rpc error: code = Unavailable desc = transport is closing
420	9501	24	9525	<nil>
420	1233	24	1257	<nil>
420	214	16	230	<nil>
420	648	0	648	rpc error: code = Unavailable desc = transport is closing
420	210	25	235	<nil>
420	661	0	661	rpc error: code = Unavailable desc = transport is closing
420	677	0	677	rpc error: code = Unavailable desc = transport is closing
420	211	27	238	<nil>
420	211	27	238	<nil>
420	678	0	678	rpc error: code = Unavailable desc = transport is closing
420	221	14	235	<nil>
420	149	27	176	<nil>
420	221	27	248	<nil>
420	166	28	194	<nil>
420	657	0	657	rpc error: code = Unavailable desc = transport is closing
420	220	19	239	<nil>
420	218	18	236	<nil>
420	222	18	240	<nil>
420	219	18	237	<nil>
420	229	20	249	<nil>
420	220	20	240	<nil>
420	158	21	179	<nil>
420	216	21	237	<nil>
420	650	0	650	rpc error: code = Unavailable desc = transport is closing
420	149	31	180	<nil>
420	2642	21	2663	<nil>
420	211	32	243	<nil>
420	221	23	244	<nil>
420	656	0	656	rpc error: code = Unavailable desc = transport is closing
420	655	0	655	rpc error: code = Unavailable desc = transport is closing
420	5515	24	5539	<nil>
420	219	24	243	<nil>
420	158	26	184	<nil>
420	225	26	251	<nil>
420	675	0	675	rpc error: code = Unavailable desc = transport is closing
420	5456	28	5484	<nil>
420	229	27	256	<nil>
420	101	28	129	<nil>
420	120	30	150	<nil>
420	225	28	253	<nil>
420	101	29	130	<nil>
420	211	39	250	<nil>
420	218	30	248	<nil>
420	160	29	189	<nil>
420	229	30	259	<nil>
420	137	30	167	<nil>
420	103	32	135	<nil>
420	122	31	153	<nil>
420	1113	30	1143	<nil>
420	653	0	653	rpc error: code = Unavailable desc = transport is closing
420	99	33	132	<nil>
420	659	0	659	rpc error: code = Unavailable desc = transport is closing
420	140	32	172	<nil>
420	685	0	685	rpc error: code = Unavailable desc = transport is closing
420	438	0	438	rpc error: code = Unavailable desc = transport is closing
420	100	52	152	<nil>
420	650	0	650	rpc error: code = Unavailable desc = transport is closing
420	450	0	450	rpc error: code = Unavailable desc = transport is closing
420	292	86	378	<nil>
420	122	111	233	<nil>
420	122	111	233	<nil>
420	1089	120	1209	<nil>
420	48	119	167	<nil>
420	25471	112	25583	<nil>
420	104	140	244	<nil>
420	48	108	156	<nil>
420	121	141	262	<nil>
420	105	111	216	<nil>
420	49	139	188	<nil>
420	91	138	229	<nil>
420	101	109	210	<nil>
420	99	111	210	<nil>
420	218	111	329	<nil>
420	1093	139	1232	<nil>
420	5266	109	5375	<nil>
420	100	111	211	<nil>
420	228	109	337	<nil>
420	5267	138	5405	<nil>
420	243	0	243	rpc error: code = Unavailable desc = transport is closing
420	180	0	180	rpc error: code = Unavailable desc = transport is closing
420	183	0	183	rpc error: code = Unavailable desc = transport is closing
420	253	0	253	rpc error: code = Unavailable desc = transport is closing
420	174	0	174	rpc error: code = Unavailable desc = transport is closing
420	231	0	231	rpc error: code = Unavailable desc = transport is closing
420	1400	0	1400	rpc error: code = Unavailable desc = transport is closing
420	2702	0	2702	rpc error: code = Unavailable desc = transport is closing
420	201	0	201	rpc error: code = Unavailable desc = transport is closing
420	169	0	169	rpc error: code = Unavailable desc = transport is closing
420	3017	0	3017	rpc error: code = Unavailable desc = transport is closing
420	266	0	266	rpc error: code = Unavailable desc = transport is closing
420	686	0	686	rpc error: code = Unavailable desc = transport is closing
420	2913	0	2913	rpc error: code = Unavailable desc = transport is closing
420	189	0	189	rpc error: code = Unavailable desc = transport is closing
420	175	0	175	rpc error: code = Unavailable desc = transport is closing
420	184	0	184	rpc error: code = Unavailable desc = transport is closing
420	197	0	197	rpc error: code = Unavailable desc = transport is closing
420	241	0	241	rpc error: code = Unavailable desc = transport is closing
420	197	0	197	rpc error: code = Unavailable desc = transport is closing
420	2826	0	2826	rpc error: code = Unavailable desc = transport is closing
420	178	0	178	rpc error: code = Unavailable desc = transport is closing
420	309	0	309	rpc error: code = Unavailable desc = transport is closing
420	339	0	339	rpc error: code = Unavailable desc = transport is closing
420	173	0	173	rpc error: code = Unavailable desc = transport is closing
420	186	0	186	rpc error: code = Unavailable desc = transport is closing
420	324	0	324	rpc error: code = Unavailable desc = transport is closing
420	169	0	169	rpc error: code = Unavailable desc = transport is closing
420	244	0	244	rpc error: code = Unavailable desc = transport is closing
420	187	0	187	rpc error: code = Unavailable desc = transport is closing
420	244	0	244	rpc error: code = Unavailable desc = transport is closing
420	248	0	248	rpc error: code = Unavailable desc = transport is closing
420	281	0	281	rpc error: code = Unavailable desc = transport is closing
420	268	0	268	rpc error: code = Unavailable desc = transport is closing
420	682	0	682	rpc error: code = Unavailable desc = transport is closing
420	8189	0	8189	rpc error: code = Unavailable desc = transport is closing
420	178	0	178	rpc error: code = Unavailable desc = transport is closing
420	221	0	221	rpc error: code = Unavailable desc = transport is closing
420	204	0	204	rpc error: code = Unavailable desc = transport is closing
420	690	0	690	rpc error: code = Unavailable desc = transport is closing
420	684	0	684	rpc error: code = Unavailable desc = transport is closing
420	197	0	197	rpc error: code = Unavailable desc = transport is closing
420	680	0	680	rpc error: code = Unavailable desc = transport is closing
420	682	0	682	rpc error: code = Unavailable desc = transport is closing
420	244	0	244	rpc error: code = Unavailable desc = transport is closing
420	181	0	181	rpc error: code = Unavailable desc = transport is closing
420	271	0	271	rpc error: code = Unavailable desc = transport is closing
420	10426	0	10426	rpc error: code = Unavailable desc = transport is closing
420	9958	31	9989	<nil>
420	686	0	686	rpc error: code = Unavailable desc = transport is closing
420	1638	0	1638	rpc error: code = Unavailable desc = transport is closing
420	280	31	311	<nil>
420	167	0	167	rpc error: code = Unavailable desc = transport is closing
420	178	0	178	rpc error: code = Unavailable desc = transport is closing
420	688	0	688	rpc error: code = Unavailable desc = transport is closing
420	174	0	174	rpc error: code = Unavailable desc = transport is closing
420	270	0	270	rpc error: code = Unavailable desc = transport is closing
420	695	0	695	rpc error: code = Unavailable desc = transport is closing
420	1333	0	1333	rpc error: code = Unavailable desc = transport is closing
420	254	0	254	rpc error: code = Unavailable desc = transport is closing
420	681	0	681	rpc error: code = Unavailable desc = transport is closing
420	1633	0	1633	rpc error: code = Unavailable desc = transport is closing
420	267	0	267	rpc error: code = Unavailable desc = transport is closing
420	5634	0	5634	rpc error: code = Unavailable desc = transport is closing
420	1375	0	1375	rpc error: code = Unavailable desc = transport is closing
420	688	0	688	rpc error: code = Unavailable desc = transport is closing
420	25539	0	25539	rpc error: code = Unavailable desc = transport is closing
420	1408	0	1408	rpc error: code = Unavailable desc = transport is closing
420	5510	0	5510	rpc error: code = Unavailable desc = transport is closing
420	688	0	688	rpc error: code = Unavailable desc = transport is closing
420	1302	0	1302	rpc error: code = Unavailable desc = transport is closing
420	1415	0	1415	rpc error: code = Unavailable desc = transport is closing
420	1423	0	1423	rpc error: code = Unavailable desc = transport is closing
420	270	0	270	rpc error: code = Unavailable desc = transport is closing
420	246	0	246	rpc error: code = Unavailable desc = transport is closing
420	690	0	690	rpc error: code = Unavailable desc = transport is closing
420	681	0	681	rpc error: code = Unavailable desc = transport is closing
420	1428	0	1428	rpc error: code = Unavailable desc = transport is closing
420	205	0	205	rpc error: code = Unavailable desc = transport is closing
420	682	0	682	rpc error: code = Unavailable desc = transport is closing
420	1316	0	1316	rpc error: code = Unavailable desc = transport is closing
420	5684	0	5684	rpc error: code = Unavailable desc = transport is closing
420	687	0	687	rpc error: code = Unavailable desc = transport is closing
420	2817	0	2817	rpc error: code = Unavailable desc = transport is closing
420	266	0	266	rpc error: code = Unavailable desc = transport is closing
420	687	0	687	rpc error: code = Unavailable desc = transport is closing
420	1408	0	1408	rpc error: code = Unavailable desc = transport is closing
420	687	0	687	rpc error: code = Unavailable desc = transport is closing
420	706	0	706	rpc error: code = Unavailable desc = transport is closing
420	303	21	324	<nil>
420	286	9	295	<nil>
420	270	23	293	<nil>
420	302	22	324	<nil>
420	294	21	315	<nil>
420	688	0	688	rpc error: code = Unavailable desc = transport is closing
420	284	30	314	<nil>
420	289	31	320	<nil>
420	5514	0	5514	rpc error: code = Unavailable desc = transport is closing
420	327	14	341	<nil>
420	272	42	314	<nil>
420	321	16	337	<nil>
420	688	0	688	rpc error: code = Unavailable desc = transport is closing
420	299	23	322	<nil>
420	277	15	292	<nil>
420	284	31	315	<nil>
420	296	24	320	<nil>
420	304	10	314	<nil>
420	331	27	358	<nil>
420	687	0	687	rpc error: code = Unavailable desc = transport is closing
420	687	0	687	rpc error: code = Unavailable desc = transport is closing
420	290	23	313	<nil>
420	15673	0	15673	rpc error: code = Unavailable desc = transport is closing
420	301	39	340	<nil>
420	683	0	683	rpc error: code = Unavailable desc = transport is closing
420	282	30	312	<nil>
420	1430	0	1430	rpc error: code = Unavailable desc = transport is closing
420	288	25	313	<nil>
420	283	9	292	<nil>
420	319	8	327	<nil>
420	274	23	297	<nil>
420	2812	0	2812	rpc error: code = Unavailable desc = transport is closing
420	1249	0	1249	rpc error: code = Unavailable desc = transport is closing
420	1263	24	1287	<nil>
420	269	26	295	<nil>
420	254	43	297	<nil>
420	284	43	327	<nil>
420	318	58	376	<nil>
420	265	23	288	<nil>
420	294	21	315	<nil>
420	287	10	297	<nil>
420	272	19	291	<nil>
420	302	22	324	<nil>
420	290	23	313	<nil>
420	260	36	296	<nil>
420	238	42	280	<nil>
420	26128	0	26128	rpc error: code = Unavailable desc = transport is closing
420	290	91	381	<nil>
420	290	87	377	<nil>
420	315	83	398	<nil>
420	311	63	374	<nil>
420	290	90	380	<nil>
420	312	103	415	<nil>
420	341	485	826	<nil>
420	332	517	849	<nil>
420	325	528	853	<nil>
420	322	522	844	<nil>
420	312	518	830	<nil>
420	231	522	753	<nil>
420	10033	515	10548	<nil>
420	309	521	830	<nil>
420	307	523	830	<nil>
420	328	525	853	<nil>
420	354	490	844	<nil>
420	341	515	856	<nil>
420	339	517	856	<nil>
420	323	520	843	<nil>
420	309	520	829	<nil>
420	307	524	831	<nil>
420	367	491	858	<nil>
420	359	495	854	<nil>
420	5605	521	6126	<nil>
420	310	520	830	<nil>
420	338	516	854	<nil>
420	333	519	852	<nil>
420	1342	492	1834	<nil>
420	1364	520	1884	<nil>
420	1337	527	1864	<nil>
420	17414	522	17936	<nil>
420	25848	521	26369	<nil>
420	1365	544	1909	<nil>
420	363	544	907	<nil>
420	362	544	906	<nil>
420	345	544	889	<nil>
420	360	545	905	<nil>
420	1262	0	1262	rpc error: code = Unavailable desc = transport is closing
420	367	569	936	<nil>
420	370	568	938	<nil>
420	376	568	944	<nil>
420	1364	558	1922	<nil>
420	8596	559	9155	<nil>
420	382	558	940	<nil>
420	1359	558	1917	<nil>
420	371	560	931	<nil>
420	1255	0	1255	rpc error: code = Unavailable desc = transport is closing
420	306	631	937	<nil>
420	672	0	672	rpc error: code = Unavailable desc = transport is closing
420	671	0	671	rpc error: code = Unavailable desc = transport is closing
420	672	0	672	rpc error: code = Unavailable desc = transport is closing
420	2809	0	2809	rpc error: code = Unavailable desc = transport is closing
420	670	0	670	rpc error: code = Unavailable desc = transport is closing
420	5599	0	5599	rpc error: code = Unavailable desc = transport is closing
420	2674	0	2674	rpc error: code = Unavailable desc = transport is closing
420	325	628	953	<nil>
420	1622	0	1622	rpc error: code = Unavailable desc = transport is closing
420	673	0	673	rpc error: code = Unavailable desc = transport is closing
420	1372	592	1964	<nil>
420	325	665	990	<nil>
420	670	0	670	rpc error: code = Unavailable desc = transport is closing
420	5494	0	5494	rpc error: code = Unavailable desc = transport is closing
420	671	0	671	rpc error: code = Unavailable desc = transport is closing
420	354	646	1000	<nil>
420	5496	0	5496	rpc error: code = Unavailable desc = transport is closing
420	268	620	888	<nil>
420	323	703	1026	<nil>
420	1360	645	2005	<nil>
420	360	656	1016	<nil>
420	314	703	1017	<nil>
420	673	0	673	rpc error: code = Unavailable desc = transport is closing
420	372	656	1028	<nil>
420	386	645	1031	<nil>
420	328	704	1032	<nil>
420	326	698	1024	<nil>
420	191	703	894	<nil>
420	356	647	1003	<nil>
420	672	0	672	rpc error: code = Unavailable desc = transport is closing
420	334	699	1033	<nil>
420	298	704	1002	<nil>
420	375	647	1022	<nil>
420	325	704	1029	<nil>
420	397	618	1015	<nil>
420	191	705	896	<nil>
420	329	699	1028	<nil>
420	304	700	1004	<nil>
420	1325	700	2025	<nil>
420	1364	646	2010	<nil>
420	689	0	689	rpc error: code = Unavailable desc = transport is closing
420	331	700	1031	<nil>
420	2696	645	3341	<nil>
420	133	597	730	<nil>
420	325	700	1025	<nil>
420	1352	602	1954	<nil>
420	416	608	1024	<nil>
420	317	701	1018	<nil>
420	1405	603	2008	<nil>
420	402	602	1004	<nil>
420	426	597	1023	<nil>
420	308	699	1007	<nil>
420	100	636	736	<nil>
420	398	604	1002	<nil>
420	492	266	758	<nil>
420	417	604	1021	<nil>
420	315	707	1022	<nil>
420	304	714	1018	<nil>
420	116	617	733	<nil>
420	328	697	1025	<nil>
420	8567	627	9194	<nil>
420	309	707	1016	<nil>
420	433	603	1036	<nil>
420	325	714	1039	<nil>
420	380	639	1019	<nil>
420	536	322	858	<nil>
420	581	0	581	rpc error: code = Unavailable desc = transport is closing
420	581	0	581	rpc error: code = Unavailable desc = transport is closing
420	580	0	580	rpc error: code = Unavailable desc = transport is closing
420	539	333	872	<nil>
420	541	0	541	rpc error: code = Unavailable desc = transport is closing
420	540	0	540	rpc error: code = Unavailable desc = transport is closing
420	539	343	882	<nil>
420	553	345	898	<nil>
420	539	343	882	<nil>
420	582	0	582	rpc error: code = Unavailable desc = transport is closing
420	605	0	605	rpc error: code = Unavailable desc = transport is closing
420	605	0	605	rpc error: code = Unavailable desc = transport is closing
420	605	0	605	rpc error: code = Unavailable desc = transport is closing
420	605	0	605	rpc error: code = Unavailable desc = transport is closing
420	606	0	606	rpc error: code = Unavailable desc = transport is closing
420	666	210	876	<nil>
420	688	209	897	<nil>
420	369	33	402	<nil>
420	761	77	838	<nil>
420	318	85	403	<nil>
420	364	35	399	<nil>
420	356	55	411	<nil>
420	230	34	264	<nil>
420	341	34	375	<nil>
420	365	34	399	<nil>
420	2971	1	2972	<nil>
420	224	18	242	<nil>
420	317	86	403	<nil>
420	325	87	412	<nil>
420	9226	86	9312	<nil>
420	2870	87	2957	<nil>
420	366	37	403	<nil>
420	776	86	862	<nil>
420	213	17	230	<nil>
420	2927	43	2970	<nil>
420	2937	33	2970	<nil>
420	231	33	264	<nil>
420	2922	43	2965	<nil>
420	246	43	289	<nil>
420	2930	34	2964	<nil>
420	219	34	253	<nil>
420	27839	44	27883	<nil>
420	216	19	235	<nil>
420	292	46	338	<nil>
420	246	45	291	<nil>
420	249	44	293	<nil>
420	280	45	325	<nil>
420	1281	46	1327	<nil>
420	2918	47	2965	<nil>
420	290	47	337	<nil>
420	315	48	363	<nil>
420	279	47	326	<nil>
420	363	49	412	<nil>
420	1284	47	1331	<nil>
420	317	50	367	<nil>
420	317	86	403	<nil>
420	339	35	374	<nil>
420	2921	48	2969	<nil>
420	295	50	345	<nil>
420	292	51	343	<nil>
420	210	18	228	<nil>
420	1340	56	1396	<nil>
420	2922	52	2974	<nil>
420	317	86	403	<nil>
420	239	4	243	<nil>
420	217	16	233	<nil>
420	216	16	232	<nil>
420	196	43	239	<nil>
420	210	20	230	<nil>
420	356	49	405	<nil>
420	89	8	97	<nil>
420	218	34	252	<nil>
420	2907	46	2953	<nil>
420	211	17	228	<nil>
420	2919	48	2967	<nil>
420	217	17	234	<nil>
420	221	46	267	<nil>
420	316	50	366	<nil>
420	210	17	227	<nil>
420	216	23	239	<nil>
420	103	9	112	<nil>
420	280	58	338	<nil>
420	222	23	245	<nil>
420	205	43	248	<nil>
420	216	24	240	<nil>
420	211	25	236	<nil>
420	219	19	238	<nil>
420	2957	23	2980	<nil>
420	279	59	338	<nil>
420	206	24	230	<nil>
420	215	25	240	<nil>
420	2937	46	2983	<nil>
420	208	28	236	<nil>
420	58	14	72	<nil>
420	78	15	93	<nil>
420	226	20	246	<nil>
420	2967	12	2979	<nil>
420	113	25	138	<nil>
420	210	26	236	<nil>
420	2707	28	2735	<nil>
420	214	26	240	<nil>
420	215	27	242	<nil>
420	223	26	249	<nil>
420	186	46	232	<nil>
420	90	17	107	<nil>
420	205	46	251	<nil>
420	224	24	248	<nil>
420	217	26	243	<nil>
420	1121	11	1132	<nil>
420	219	20	239	<nil>
420	2972	12	2984	<nil>
420	101	13	114	<nil>
420	196	47	243	<nil>
420	98	16	114	<nil>
420	58	15	73	<nil>
420	224	25	249	<nil>
420	66	11	77	<nil>
420	2956	22	2978	<nil>
420	1055	159	1214	<nil>
420	60	207	267	<nil>
420	54	197	251	<nil>
420	56	198	254	<nil>
420	211	16	227	<nil>
420	195	18	213	<nil>
420	212	15	227	<nil>
420	3186	11	3197	<nil>
420	234	1	235	<nil>
420	221	1	222	<nil>
420	236	2	238	<nil>
420	217	8	225	<nil>
420	213	22	235	<nil>
420	198	21	219	<nil>
420	206	25	231	<nil>
420	213	22	235	<nil>
420	237	0	237	<nil>
420	210	21	231	<nil>
420	197	22	219	<nil>
420	212	22	234	<nil>
420	206	25	231	<nil>
420	234	9	243	<nil>
420	225	26	251	<nil>
420	203	22	225	<nil>
420	220	26	246	<nil>
420	218	9	227	<nil>
420	227	5	232	<nil>
420	210	26	236	<nil>
420	228	11	239	<nil>
420	218	9	227	<nil>
420	204	26	230	<nil>
420	227	4	231	<nil>
420	208	27	235	<nil>
420	200	4	204	<nil>
420	215	6	221	<nil>
420	226	10	236	<nil>
420	38	3	41	<nil>
420	40	2	42	<nil>
420	227	5	232	<nil>
420	224	8	232	<nil>
420	231	7	238	<nil>
420	94	3	97	<nil>
420	9684	9	9693	<nil>
420	3210	9	3219	<nil>
420	37	4	41	<nil>
420	220	1	221	<nil>
420	3207	7	3214	<nil>
420	213	7	220	<nil>
420	230	9	239	<nil>
420	215	5	220	<nil>
420	219	1	220	<nil>
420	197	3	200	<nil>
420	3183	15	3198	<nil>
420	220	16	236	<nil>
420	204	15	219	<nil>
420	222	2	224	<nil>
420	231	3	234	<nil>
420	199	8	207	<nil>
420	9961	3	9964	<nil>
420	228	7	235	<nil>
420	1115	11	1126	<nil>
420	232	4	236	<nil>
420	233	2	235	<nil>
420	211	16	227	<nil>
420	217	6	223	<nil>
420	227	3	230	<nil>
420	1120	6	1126	<nil>
420	232	4	236	<nil>
420	202	6	208	<nil>
420	230	5	235	<nil>
420	217	7	224	<nil>
420	219	6	225	<nil>
420	234	8	242	<nil>
420	216	8	224	<nil>
420	232	9	241	<nil>
420	201	7	208	<nil>
420	234	1	235	<nil>
420	212	21	233	<nil>
420	199	9	208	<nil>
420	230	2	232	<nil>
420	1127	1	1128	<nil>
420	232	5	237	<nil>
420	2973	0	2973	<nil>
420	224	12	236	<nil>
420	209	22	231	<nil>
420	225	11	236	<nil>
420	209	1	210	<nil>
420	207	24	231	<nil>
420	217	10	227	<nil>
420	212	26	238	<nil>
420	222	26	248	<nil>
420	230	10	240	<nil>
420	228	4	232	<nil>
420	206	21	227	<nil>
420	229	10	239	<nil>
420	1287	0	1287	rpc error: code = Unavailable desc = transport is closing
420	1286	0	1286	rpc error: code = Unavailable desc = transport is closing
420	196	0	196	rpc error: code = Unavailable desc = transport is closing
420	2925	0	2925	rpc error: code = Unavailable desc = transport is closing
420	245	0	245	rpc error: code = Unavailable desc = transport is closing
420	279	0	279	rpc error: code = Unavailable desc = transport is closing
420	757	0	757	rpc error: code = Unavailable desc = transport is closing
420	750	0	750	rpc error: code = Unavailable desc = transport is closing
420	147	14	161	<nil>
420	757	0	757	rpc error: code = Unavailable desc = transport is closing
420	750	0	750	rpc error: code = Unavailable desc = transport is closing
420	753	0	753	rpc error: code = Unavailable desc = transport is closing
420	757	0	757	rpc error: code = Unavailable desc = transport is closing
420	749	0	749	rpc error: code = Unavailable desc = transport is closing
420	1745	0	1745	rpc error: code = Unavailable desc = transport is closing
420	158	13	171	<nil>
420	753	0	753	rpc error: code = Unavailable desc = transport is closing
420	198	0	198	rpc error: code = Unavailable desc = transport is closing
420	758	0	758	rpc error: code = Unavailable desc = transport is closing
420	183	0	183	rpc error: code = Unavailable desc = transport is closing
420	750	0	750	rpc error: code = Unavailable desc = transport is closing
420	205	0	205	rpc error: code = Unavailable desc = transport is closing
420	209	0	209	rpc error: code = Unavailable desc = transport is closing
420	828	0	828	rpc error: code = Unavailable desc = transport is closing
420	2873	0	2873	rpc error: code = Unavailable desc = transport is closing
420	147	12	159	<nil>
420	761	0	761	rpc error: code = Unavailable desc = transport is closing
420	148	13	161	<nil>
420	145	13	158	<nil>
420	145	14	159	<nil>
420	749	0	749	rpc error: code = Unavailable desc = transport is closing
420	145	15	160	<nil>
420	164	13	177	<nil>
420	147	10	157	<nil>
420	144	15	159	<nil>
420	149	14	163	<nil>
420	146	13	159	<nil>
420	755	0	755	rpc error: code = Unavailable desc = transport is closing
420	149	14	163	<nil>
420	151	14	165	<nil>
420	149	17	166	<nil>
420	153	12	165	<nil>
420	749	0	749	rpc error: code = Unavailable desc = transport is closing
420	158	9	167	<nil>
420	154	11	165	<nil>
420	152	13	165	<nil>
420	156	9	165	<nil>
420	158	9	167	<nil>
420	157	9	166	<nil>
420	156	9	165	<nil>
420	757	0	757	rpc error: code = Unavailable desc = transport is closing
420	147	18	165	<nil>
420	151	13	164	<nil>
420	148	17	165	<nil>
420	772	0	772	rpc error: code = Unavailable desc = transport is closing
420	156	39	195	<nil>
420	152	13	165	<nil>
420	786	0	786	rpc error: code = Unavailable desc = transport is closing
420	786	0	786	rpc error: code = Unavailable desc = transport is closing
420	770	0	770	rpc error: code = Unavailable desc = transport is closing
420	766	0	766	rpc error: code = Unavailable desc = transport is closing
420	771	0	771	rpc error: code = Unavailable desc = transport is closing
420	155	39	194	<nil>
420	787	0	787	rpc error: code = Unavailable desc = transport is closing
420	786	0	786	rpc error: code = Unavailable desc = transport is closing
420	152	13	165	<nil>
420	834	0	834	rpc error: code = Unavailable desc = transport is closing
420	785	0	785	rpc error: code = Unavailable desc = transport is closing
420	755	0	755	rpc error: code = Unavailable desc = transport is closing
420	213	0	213	rpc error: code = Unavailable desc = transport is closing
420	758	0	758	rpc error: code = Unavailable desc = transport is closing
420	155	9	164	<nil>
420	756	0	756	rpc error: code = Unavailable desc = transport is closing
420	759	0	759	rpc error: code = Unavailable desc = transport is closing
420	773	0	773	rpc error: code = Unavailable desc = transport is closing
420	1746	0	1746	rpc error: code = Unavailable desc = transport is closing
420	776	0	776	rpc error: code = Unavailable desc = transport is closing
420	779	0	779	rpc error: code = Unavailable desc = transport is closing
420	770	0	770	rpc error: code = Unavailable desc = transport is closing
420	772	0	772	rpc error: code = Unavailable desc = transport is closing
420	785	0	785	rpc error: code = Unavailable desc = transport is closing
420	155	44	199	<nil>
420	2877	0	2877	rpc error: code = Unavailable desc = transport is closing
420	156	43	199	<nil>
420	772	0	772	rpc error: code = Unavailable desc = transport is closing
420	748	0	748	rpc error: code = Unavailable desc = transport is closing
420	771	0	771	rpc error: code = Unavailable desc = transport is closing
420	748	0	748	rpc error: code = Unavailable desc = transport is closing
420	157	43	200	<nil>
420	771	0	771	rpc error: code = Unavailable desc = transport is closing
420	757	0	757	rpc error: code = Unavailable desc = transport is closing
420	154	13	167	<nil>
420	756	0	756	rpc error: code = Unavailable desc = transport is closing
420	759	0	759	rpc error: code = Unavailable desc = transport is closing
420	768	0	768	rpc error: code = Unavailable desc = transport is closing
420	786	0	786	rpc error: code = Unavailable desc = transport is closing
420	770	0	770	rpc error: code = Unavailable desc = transport is closing
420	786	0	786	rpc error: code = Unavailable desc = transport is closing
420	786	0	786	rpc error: code = Unavailable desc = transport is closing
420	780	0	780	rpc error: code = Unavailable desc = transport is closing
420	746	0	746	rpc error: code = Unavailable desc = transport is closing
420	779	0	779	rpc error: code = Unavailable desc = transport is closing
420	770	0	770	rpc error: code = Unavailable desc = transport is closing
420	9740	0	9740	rpc error: code = Unavailable desc = transport is closing
420	772	0	772	rpc error: code = Unavailable desc = transport is closing
420	778	0	778	rpc error: code = Unavailable desc = transport is closing
420	217	0	217	rpc error: code = Unavailable desc = transport is closing
420	157	39	196	<nil>
420	220	0	220	rpc error: code = Unavailable desc = transport is closing
420	774	0	774	rpc error: code = Unavailable desc = transport is closing
420	212	0	212	rpc error: code = Unavailable desc = transport is closing
420	217	0	217	rpc error: code = Unavailable desc = transport is closing
420	773	0	773	rpc error: code = Unavailable desc = transport is closing
420	850	0	850	rpc error: code = Unavailable desc = transport is closing
420	773	0	773	rpc error: code = Unavailable desc = transport is closing
420	771	0	771	rpc error: code = Unavailable desc = transport is closing
420	779	0	779	rpc error: code = Unavailable desc = transport is closing
420	748	0	748	rpc error: code = Unavailable desc = transport is closing
420	152	12	164	<nil>
420	156	9	165	<nil>
420	188	10	198	<nil>
420	154	44	198	<nil>
420	784	0	784	rpc error: code = Unavailable desc = transport is closing
420	1754	0	1754	rpc error: code = Unavailable desc = transport is closing
420	816	0	816	rpc error: code = Unavailable desc = transport is closing
420	775	0	775	rpc error: code = Unavailable desc = transport is closing
420	337	0	337	rpc error: code = Unavailable desc = transport is closing
420	773	0	773	rpc error: code = Unavailable desc = transport is closing
420	225	0	225	rpc error: code = Unavailable desc = transport is closing
420	750	0	750	rpc error: code = Unavailable desc = transport is closing
420	233	0	233	rpc error: code = Unavailable desc = transport is closing
420	50	29	79	<nil>
420	196	29	225	<nil>
420	210	0	210	rpc error: code = Unavailable desc = transport is closing
420	771	0	771	rpc error: code = Unavailable desc = transport is closing
420	779	0	779	rpc error: code = Unavailable desc = transport is closing
420	783	0	783	rpc error: code = Unavailable desc = transport is closing
420	233	0	233	rpc error: code = Unavailable desc = transport is closing
420	219	0	219	rpc error: code = Unavailable desc = transport is closing
420	168	27	195	<nil>
420	179	36	215	<nil>
420	316	0	316	rpc error: code = Unavailable desc = transport is closing
420	179	294	473	<nil>
420	1356	0	1356	rpc error: code = Unavailable desc = transport is closing
420	179	301	480	<nil>
420	772	0	772	rpc error: code = Unavailable desc = transport is closing
420	178	46	224	<nil>
420	2918	0	2918	rpc error: code = Unavailable desc = transport is closing
420	179	45	224	<nil>
420	194	30	224	<nil>
420	776	0	776	rpc error: code = Unavailable desc = transport is closing
420	205	265	470	<nil>
420	348	0	348	rpc error: code = Unavailable desc = transport is closing
420	95	274	369	<nil>
420	175	300	475	<nil>
420	152	297	449	<nil>
420	179	301	480	<nil>
420	178	301	479	<nil>
420	218	302	520	<nil>
420	119	302	421	<nil>
420	338	0	338	rpc error: code = Unavailable desc = transport is closing
420	183	337	520	<nil>
420	177	352	529	<nil>
420	211	324	535	<nil>
420	84	351	435	<nil>
420	179	339	518	<nil>
420	26013	351	26364	<nil>
420	184	351	535	<nil>
420	183	352	535	<nil>
420	181	357	538	<nil>
420	208	327	535	<nil>
420	183	353	536	<nil>
420	178	354	532	<nil>
420	209	327	536	<nil>
420	178	354	532	<nil>
420	152	355	507	<nil>
420	185	353	538	<nil>
420	182	352	534	<nil>
420	178	368	546	<nil>
420	183	368	551	<nil>
420	152	381	533	<nil>
420	182	368	550	<nil>
420	210	341	551	<nil>
420	177	368	545	<nil>
420	174	384	558	<nil>
420	73	367	440	<nil>
420	182	368	550	<nil>
420	182	367	549	<nil>
420	181	368	549	<nil>
420	183	368	551	<nil>
420	205	341	546	<nil>
420	178	373	551	<nil>
420	182	373	555	<nil>
420	182	373	555	<nil>
420	84	371	455	<nil>
420	153	367	520	<nil>
420	182	381	563	<nil>
420	178	392	570	<nil>
420	205	365	570	<nil>
420	353	0	353	rpc error: code = Unavailable desc = transport is closing
420	181	388	569	<nil>
420	214	385	599	<nil>
420	1357	0	1357	rpc error: code = Unavailable desc = transport is closing
420	606	0	606	rpc error: code = Unavailable desc = transport is closing
420	368	0	368	rpc error: code = Unavailable desc = transport is closing
420	368	0	368	rpc error: code = Unavailable desc = transport is closing
420	71	484	555	<nil>
420	632	0	632	rpc error: code = Unavailable desc = transport is closing
420	210	0	210	rpc error: code = Unavailable desc = transport is closing
420	633	0	633	rpc error: code = Unavailable desc = transport is closing
420	222	0	222	rpc error: code = Unavailable desc = transport is closing
420	644	0	644	rpc error: code = Unavailable desc = transport is closing
420	677	0	677	rpc error: code = Unavailable desc = transport is closing
420	697	0	697	rpc error: code = Unavailable desc = transport is closing
420	656	0	656	rpc error: code = Unavailable desc = transport is closing
420	681	0	681	rpc error: code = Unavailable desc = transport is closing
420	635	0	635	rpc error: code = Unavailable desc = transport is closing
420	196	0	196	rpc error: code = Unavailable desc = transport is closing
420	701	0	701	rpc error: code = Unavailable desc = transport is closing
420	691	0	691	rpc error: code = Unavailable desc = transport is closing
420	689	0	689	rpc error: code = Unavailable desc = transport is closing
420	659	0	659	rpc error: code = Unavailable desc = transport is closing
420	677	0	677	rpc error: code = Unavailable desc = transport is closing
420	714	0	714	rpc error: code = Unavailable desc = transport is closing
420	3368	0	3368	rpc error: code = Unavailable desc = transport is closing
420	632	0	632	rpc error: code = Unavailable desc = transport is closing
420	678	0	678	rpc error: code = Unavailable desc = transport is closing
420	689	0	689	rpc error: code = Unavailable desc = transport is closing
420	691	0	691	rpc error: code = Unavailable desc = transport is closing
420	680	0	680	rpc error: code = Unavailable desc = transport is closing
420	709	0	709	rpc error: code = Unavailable desc = transport is closing
420	682	0	682	rpc error: code = Unavailable desc = transport is closing
420	704	0	704	rpc error: code = Unavailable desc = transport is closing
420	689	0	689	rpc error: code = Unavailable desc = transport is closing
420	699	0	699	rpc error: code = Unavailable desc = transport is closing
420	682	0	682	rpc error: code = Unavailable desc = transport is closing
420	717	0	717	rpc error: code = Unavailable desc = transport is closing
420	677	0	677	rpc error: code = Unavailable desc = transport is closing
420	197	0	197	rpc error: code = Unavailable desc = transport is closing
420	679	0	679	rpc error: code = Unavailable desc = transport is closing
420	680	0	680	rpc error: code = Unavailable desc = transport is closing
420	688	0	688	rpc error: code = Unavailable desc = transport is closing
420	766	0	766	rpc error: code = Unavailable desc = transport is closing
420	702	0	702	rpc error: code = Unavailable desc = transport is closing
420	679	0	679	rpc error: code = Unavailable desc = transport is closing
420	659	0	659	rpc error: code = Unavailable desc = transport is closing
420	684	0	684	rpc error: code = Unavailable desc = transport is closing
420	686	0	686	rpc error: code = Unavailable desc = transport is closing
420	681	0	681	rpc error: code = Unavailable desc = transport is closing
420	671	0	671	rpc error: code = Unavailable desc = transport is closing
420	704	0	704	rpc error: code = Unavailable desc = transport is closing
420	82	488	570	<nil>
420	80	488	568	<nil>
420	230	0	230	rpc error: code = Unavailable desc = transport is closing
420	228	0	228	rpc error: code = Unavailable desc = transport is closing
420	312	344	656	<nil>
420	337	317	654	<nil>
420	336	303	639	<nil>
420	375	270	645	<nil>
420	420	250	670	<nil>
420	480	205	685	<nil>
420	549	144	693	<nil>
420	550	145	695	<nil>
420	519	146	665	<nil>
420	549	145	694	<nil>
420	589	59	648	<nil>
420	594	59	653	<nil>
420	615	57	672	<nil>
420	612	59	671	<nil>
420	610	57	667	<nil>
420	599	57	656	<nil>
420	622	56	678	<nil>
420	619	55	674	<nil>
420	627	52	679	<nil>
420	627	54	681	<nil>
420	643	53	696	<nil>
420	620	59	679	<nil>
420	625	51	676	<nil>
420	621	51	672	<nil>
420	629	51	680	<nil>
420	618	53	671	<nil>
420	630	50	680	<nil>
420	9414	75	9489	<nil>
420	633	76	709	<nil>
420	630	76	706	<nil>
420	630	77	707	<nil>
420	602	53	655	<nil>
420	632	76	708	<nil>
420	630	78	708	<nil>
420	631	82	713	<nil>
420	632	82	714	<nil>
420	619	82	701	<nil>
420	622	85	707	<nil>
420	618	82	700	<nil>
420	632	82	714	<nil>
420	632	83	715	<nil>
420	655	82	737	<nil>
420	636	84	720	<nil>
420	632	83	715	<nil>
420	633	82	715	<nil>
420	608	82	690	<nil>
420	633	84	717	<nil>
420	626	81	707	<nil>
420	629	82	711	<nil>
420	619	84	703	<nil>
420	629	84	713	<nil>
420	649	83	732	<nil>
420	618	85	703	<nil>
420	632	81	713	<nil>
420	633	83	716	<nil>
420	612	82	694	<nil>
420	621	85	706	<nil>
420	635	84	719	<nil>
420	620	85	705	<nil>
420	632	81	713	<nil>
420	624	100	724	<nil>
420	657	111	768	<nil>
420	10412	113	10525	<nil>
420	635	100	735	<nil>
420	258	89	347	<nil>
420	305	43	348	<nil>
420	78	42	120	<nil>
420	307	43	350	<nil>
420	451	44	495	<nil>
420	339	44	383	<nil>
420	442	44	486	<nil>
420	625	85	710	<nil>
420	619	124	743	<nil>
420	624	123	747	<nil>
420	92	3	95	<nil>
420	1483	26	1509	<nil>
420	655	125	780	<nil>
420	1483	27	1510	<nil>
420	725	26	751	<nil>
420	91	27	118	<nil>
420	632	118	750	<nil>
420	634	120	754	<nil>
420	589	87	676	<nil>
420	649	100	749	<nil>
420	452	43	495	<nil>
420	632	135	767	<nil>
420	76	43	119	<nil>
420	215	35	250	<nil>
420	122	7	129	<nil>
420	452	82	534	<nil>
420	304	120	424	<nil>
420	1591	146	1737	<nil>
420	1625	7	1632	<nil>
420	255	11	266	<nil>
420	634	123	757	<nil>
420	622	135	757	<nil>
420	638	132	770	<nil>
420	1367	137	1504	<nil>
420	345	128	473	<nil>
420	634	124	758	<nil>
420	107	3	110	<nil>
420	397	4	401	<nil>
420	622	125	747	<nil>
420	387	2	389	<nil>
420	86	24	110	<nil>
420	784	4	788	<nil>
420	434	3	437	<nil>
420	1486	4	1490	<nil>
420	260	4	264	<nil>
420	625	134	759	<nil>
420	399	5	404	<nil>
420	632	86	718	<nil>
420	612	84	696	<nil>
420	635	88	723	<nil>
420	623	85	708	<nil>
420	623	88	711	<nil>
420	637	127	764	<nil>
420	1507	7	1514	<nil>
420	207	31	238	<nil>
420	632	118	750	<nil>
420	630	129	759	<nil>
420	492	24	516	<nil>
420	621	148	769	<nil>
420	209	40	249	<nil>
420	2822	27	2849	<nil>
420	1609	40	1649	<nil>
420	1397	130	1527	<nil>
420	208	28	236	<nil>
420	224	23	247	<nil>
420	723	42	765	<nil>
420	223	14	237	<nil>
420	224	13	237	<nil>
420	228	18	246	<nil>
420	1397	131	1528	<nil>
420	60	44	104	<nil>
420	211	23	234	<nil>
420	218	29	247	<nil>
420	602	141	743	<nil>
420	15023	15	15038	<nil>
420	509	14	523	<nil>
420	738	45	783	<nil>
420	739	30	769	<nil>
420	508	14	522	<nil>
420	643	121	764	<nil>
420	210	42	252	<nil>
420	1481	131	1612	<nil>
420	215	34	249	<nil>
420	645	127	772	<nil>
420	637	136	773	<nil>
420	286	132	418	<nil>
420	335	131	466	<nil>
420	336	132	468	<nil>
420	623	132	755	<nil>
420	337	143	480	<nil>
420	1627	38	1665	<nil>
420	235	21	256	<nil>
420	753	39	792	<nil>
420	338	134	472	<nil>
420	662	130	792	<nil>
420	741	41	782	<nil>
420	156	28	184	<nil>
420	229	22	251	<nil>
420	1212	21	1233	<nil>
420	144	122	266	<nil>
420	137	120	257	<nil>
420	389	81	470	<nil>
420	642	132	774	<nil>
420	214	134	348	<nil>
420	2471	129	2600	<nil>
420	73	26	99	<nil>
420	757	21	778	<nil>
420	234	18	252	<nil>
420	636	131	767	<nil>
420	75	31	106	<nil>
420	77	19	96	<nil>
420	290	132	422	<nil>
420	249	11	260	<nil>
420	340	131	471	<nil>
420	415	121	536	<nil>
420	290	131	421	<nil>
420	2523	137	2660	<nil>
420	739	41	780	<nil>
420	242	19	261	<nil>
420	653	127	780	<nil>
420	1532	134	1666	<nil>
420	1346	127	1473	<nil>
420	400	26	426	<nil>
420	1437	39	1476	<nil>
420	1488	54	1542	<nil>
420	63	46	109	<nil>
420	1437	41	1478	<nil>
420	624	130	754	<nil>
420	664	132	796	<nil>
420	2856	0	2856	<nil>
420	2804	130	2934	<nil>
420	282	88	370	<nil>
420	207	59	266	<nil>
420	1499	45	1544	<nil>
420	1522	21	1543	<nil>
420	239	23	262	<nil>
420	339	137	476	<nil>
420	1359	124	1483	<nil>
420	9536	46	9582	<nil>
420	236	24	260	<nil>
420	384	63	447	<nil>
420	89	91	180	<nil>
420	654	132	786	<nil>
420	325	119	444	<nil>
420	384	138	522	<nil>
420	511	10	521	<nil>
420	431	47	478	<nil>
420	241	7	248	<nil>
420	203	63	266	<nil>
420	2781	88	2869	<nil>
420	695	89	784	<nil>
420	666	134	800	<nil>
420	1559	62	1621	<nil>
420	252	14	266	<nil>
420	647	102	749	<nil>
420	239	28	267	<nil>
420	134	1	135	<nil>
420	724	64	788	<nil>
420	263	4	267	<nil>
420	269	3	272	<nil>
420	655	124	779	<nil>
420	480	4	484	<nil>
420	431	3	434	<nil>
420	1487	4	1491	<nil>
420	629	127	756	<nil>
420	635	116	751	<nil>
420	1488	3	1491	<nil>
420	622	126	748	<nil>
420	2939	7	2946	<nil>
420	724	26	750	<nil>
420	623	133	756	<nil>
420	281	0	281	<nil>
420	446	86	532	<nil>
420	134	1	135	<nil>
420	798	1	799	<nil>
420	638	133	771	<nil>
420	141	0	141	<nil>
420	143	1	144	<nil>
420	2876	30	2906	<nil>
420	403	29	432	<nil>
420	426	30	456	<nil>
420	570	33	603	<nil>
420	403	28	431	<nil>
420	1091	32	1123	<nil>
420	2042	32	2074	<nil>
420	569	34	603	<nil>
420	321	9	330	<nil>
420	329	1	330	<nil>
420	323	1	324	<nil>
420	329	1	330	<nil>
420	329	1	330	<nil>
420	570	35	605	<nil>
420	573	38	611	<nil>
420	569	36	605	<nil>
420	322	8	330	<nil>
420	575	36	611	<nil>
420	1949	36	1985	<nil>
420	331	1	332	<nil>
420	2042	36	2078	<nil>
420	389	37	426	<nil>
420	1973	37	2010	<nil>
420	570	37	607	<nil>
420	1788	37	1825	<nil>
420	572	38	610	<nil>
420	574	39	613	<nil>
420	565	43	608	<nil>
420	554	45	599	<nil>
420	344	9	353	<nil>
420	570	39	609	<nil>
420	323	9	332	<nil>
420	322	10	332	<nil>
420	1388	9	1397	<nil>
420	1090	36	1126	<nil>
420	300	41	341	<nil>
420	428	41	469	<nil>
420	394	43	437	<nil>
420	418	42	460	<nil>
420	322	45	367	<nil>
420	393	44	437	<nil>
420	425	44	469	<nil>
420	289	44	333	<nil>
420	299	42	341	<nil>
420	426	43	469	<nil>
420	317	16	333	<nil>
420	27136	52	27188	<nil>
420	398	51	449	<nil>
420	324	51	375	<nil>
420	425	59	484	<nil>
420	393	59	452	<nil>
420	3179	60	3239	<nil>
420	394	60	454	<nil>
420	15326	59	15385	<nil>
420	396	59	455	<nil>
420	1091	61	1152	<nil>
420	567	64	631	<nil>
420	322	58	380	<nil>
420	367	65	432	<nil>
420	563	70	633	<nil>
420	329	38	367	<nil>
420	322	47	369	<nil>
420	366	46	412	<nil>
420	341	39	380	<nil>
420	331	39	370	<nil>
420	417	49	466	<nil>
440	331	399	730	<nil>
440	319	412	731	<nil>
440	2711	405	3116	<nil>
440	319	414	733	<nil>
440	333	410	743	<nil>
440	379	413	792	<nil>
440	368	412	780	<nil>
440	320	413	733	<nil>
440	352	415	767	<nil>
440	388	400	788	<nil>
440	319	413	732	<nil>
440	333	404	737	<nil>
440	325	409	734	<nil>
440	335	401	736	<nil>
440	328	401	729	<nil>
440	335	401	736	<nil>
440	335	400	735	<nil>
440	339	402	741	<nil>
440	318	412	730	<nil>
440	325	408	733	<nil>
440	331	403	734	<nil>
440	332	401	733	<nil>
440	333	402	735	<nil>
440	323	409	732	<nil>
440	330	400	730	<nil>
440	335	402	737	<nil>
440	344	400	744	<nil>
440	334	401	735	<nil>
440	333	402	735	<nil>
440	14949	409	15358	<nil>
440	327	409	736	<nil>
440	380	412	792	<nil>
440	3206	412	3618	<nil>
440	431	404	835	<nil>
440	327	412	739	<nil>
440	385	400	785	<nil>
440	322	472	794	<nil>
440	1335	473	1808	<nil>
440	327	473	800	<nil>
440	338	466	804	<nil>
440	345	466	811	<nil>
440	325	477	802	<nil>
440	341	466	807	<nil>
440	322	478	800	<nil>
440	396	466	862	<nil>
440	339	488	827	<nil>
440	425	488	913	<nil>
440	332	489	821	<nil>
440	339	489	828	<nil>
440	396	489	885	<nil>
440	339	489	828	<nil>
440	337	489	826	<nil>
440	337	487	824	<nil>
440	339	491	830	<nil>
440	3232	479	3711	<nil>
440	346	507	853	<nil>
440	373	480	853	<nil>
440	373	483	856	<nil>
440	469	487	956	<nil>
440	409	467	876	<nil>
440	392	482	874	<nil>
440	431	484	915	<nil>
440	373	483	856	<nil>
440	327	529	856	<nil>
440	391	466	857	<nil>
440	325	531	856	<nil>
440	386	475	861	<nil>
440	326	529	855	<nil>
440	381	477	858	<nil>
440	386	465	851	<nil>
440	471	456	927	<nil>
440	711	184	895	<nil>
440	707	189	896	<nil>
440	724	173	897	<nil>
440	709	190	899	<nil>
440	3108	173	3281	<nil>
440	499	114	613	<nil>
440	498	115	613	<nil>
440	500	118	618	<nil>
440	498	118	616	<nil>
440	499	118	617	<nil>
440	498	118	616	<nil>
440	509	109	618	<nil>
440	500	120	620	<nil>
440	508	111	619	<nil>
440	500	119	619	<nil>
440	499	156	655	<nil>
440	522	136	658	<nil>
440	512	137	649	<nil>
440	521	139	660	<nil>
440	925	141	1066	<nil>
440	519	142	661	<nil>
440	850	140	990	<nil>
440	513	142	655	<nil>
440	853	139	992	<nil>
440	908	141	1049	<nil>
440	855	140	995	<nil>
440	855	140	995	<nil>
440	512	145	657	<nil>
440	887	143	1030	<nil>
440	883	112	995	<nil>
440	855	147	1002	<nil>
440	928	135	1063	<nil>
440	854	148	1002	<nil>
440	889	108	997	<nil>
440	854	148	1002	<nil>
440	853	148	1001	<nil>
440	855	149	1004	<nil>
440	3193	123	3316	<nil>
440	850	148	998	<nil>
440	3806	148	3954	<nil>
440	3700	149	3849	<nil>
440	953	122	1075	<nil>
440	888	114	1002	<nil>
440	954	120	1074	<nil>
440	930	148	1078	<nil>
440	887	145	1032	<nil>
440	886	131	1017	<nil>
440	892	132	1024	<nil>
440	934	89	1023	<nil>
440	883	135	1018	<nil>
440	3274	132	3406	<nil>
440	884	132	1016	<nil>
440	891	130	1021	<nil>
440	889	132	1021	<nil>
440	876	145	1021	<nil>
440	887	130	1017	<nil>
440	892	133	1025	<nil>
440	855	147	1002	<nil>
440	3760	142	3902	<nil>
440	883	136	1019	<nil>
440	890	130	1020	<nil>
440	916	173	1089	<nil>
440	890	136	1026	<nil>
440	886	145	1031	<nil>
440	944	142	1086	<nil>
440	889	146	1035	<nil>
440	927	105	1032	<nil>
440	3506	156	3662	<nil>
440	936	155	1091	<nil>
440	3214	148	3362	<nil>
440	991	90	1081	<nil>
440	3544	132	3676	<nil>
440	3768	132	3900	<nil>
440	878	138	1016	<nil>
440	881	143	1024	<nil>
440	883	174	1057	<nil>
440	884	207	1091	<nil>
440	892	282	1174	<nil>
440	890	310	1200	<nil>
440	3923	324	4247	<nil>
440	10478	332	10810	<nil>
440	884	331	1215	<nil>
440	563	331	894	<nil>
440	888	335	1223	<nil>
440	885	333	1218	<nil>
440	952	346	1298	<nil>
440	934	339	1273	<nil>
440	926	343	1269	<nil>
440	896	335	1231	<nil>
440	883	362	1245	<nil>
440	963	336	1299	<nil>
440	890	335	1225	<nil>
440	880	354	1234	<nil>
440	921	335	1256	<nil>
440	3201	353	3554	<nil>
440	893	350	1243	<nil>
440	888	353	1241	<nil>
440	883	355	1238	<nil>
440	3776	350	4126	<nil>
440	875	364	1239	<nil>
440	886	351	1237	<nil>
440	932	311	1243	<nil>
440	913	364	1277	<nil>
440	927	351	1278	<nil>
440	3190	362	3552	<nil>
440	932	362	1294	<nil>
440	922	354	1276	<nil>
440	542	343	885	<nil>
440	887	359	1246	<nil>
440	890	363	1253	<nil>
440	133	316	449	<nil>
440	887	359	1246	<nil>
440	922	361	1283	<nil>
440	886	367	1253	<nil>
440	926	360	1286	<nil>
440	881	369	1250	<nil>
440	134	318	452	<nil>
440	892	364	1256	<nil>
440	969	321	1290	<nil>
440	909	345	1254	<nil>
440	3280	361	3641	<nil>
440	892	365	1257	<nil>
440	592	317	909	<nil>
440	136	318	454	<nil>
440	1513	221	1734	<nil>
440	1387	217	1604	<nil>
440	133	319	452	<nil>
440	9474	217	9691	<nil>
440	5211	278	5489	<nil>
440	136	268	404	<nil>
440	950	307	1257	<nil>
440	5227	266	5493	<nil>
440	149	267	416	<nil>
440	951	307	1258	<nil>
440	166	220	386	<nil>
440	134	269	403	<nil>
440	888	367	1255	<nil>
440	949	308	1257	<nil>
440	121	307	428	<nil>
440	919	350	1269	<nil>
440	927	368	1295	<nil>
440	929	326	1255	<nil>
440	3893	352	4245	<nil>
440	925	336	1261	<nil>
440	1399	233	1632	<nil>
440	1525	232	1757	<nil>
440	1526	231	1757	<nil>
440	1406	227	1633	<nil>
440	1404	255	1659	<nil>
440	9410	260	9670	<nil>
440	1404	255	1659	<nil>
440	1528	256	1784	<nil>
440	1385	257	1642	<nil>
440	5272	261	5533	<nil>
440	3348	258	3606	<nil>
440	5274	256	5530	<nil>
440	1400	260	1660	<nil>
440	3420	259	3679	<nil>
440	298	266	564	<nil>
440	374	170	544	<nil>
440	305	255	560	<nil>
440	1459	205	1664	<nil>
440	1646	144	1790	<nil>
440	302	265	567	<nil>
440	1386	261	1647	<nil>
440	3542	145	3687	<nil>
440	378	191	569	<nil>
440	415	155	570	<nil>
440	3422	189	3611	<nil>
440	1583	206	1789	<nil>
440	5268	266	5534	<nil>
440	1527	262	1789	<nil>
440	1594	352	1946	<nil>
440	1665	317	1982	<nil>
440	1520	353	1873	<nil>
440	1477	379	1856	<nil>
440	1521	356	1877	<nil>
440	190	449	639	<nil>
440	297	423	720	<nil>
440	235	404	639	<nil>
440	5363	387	5750	<nil>
440	237	407	644	<nil>
440	190	466	656	<nil>
440	280	363	643	<nil>
440	1569	388	1957	<nil>
440	281	364	645	<nil>
440	352	364	716	<nil>
440	315	424	739	<nil>
440	327	393	720	<nil>
440	280	363	643	<nil>
440	352	367	719	<nil>
440	291	429	720	<nil>
440	720	457	1177	<nil>
440	156	387	543	<nil>
440	167	380	547	<nil>
440	270	269	539	<nil>
440	421	238	659	<nil>
440	269	269	538	<nil>
440	272	265	537	<nil>
440	389	270	659	<nil>
440	393	266	659	<nil>
440	358	301	659	<nil>
440	362	297	659	<nil>
440	211	336	547	<nil>
440	346	300	646	<nil>
440	169	380	549	<nil>
440	923	267	1190	<nil>
440	913	277	1190	<nil>
440	5501	331	5832	<nil>
440	935	344	1279	<nil>
440	922	341	1263	<nil>
440	939	326	1265	<nil>
440	900	342	1242	<nil>
440	904	346	1250	<nil>
440	939	317	1256	<nil>
440	919	347	1266	<nil>
440	923	343	1266	<nil>
440	919	376	1295	<nil>
440	901	373	1274	<nil>
440	922	375	1297	<nil>
440	923	353	1276	<nil>
440	293	358	651	<nil>
440	263	351	614	<nil>
440	882	360	1242	<nil>
440	939	353	1292	<nil>
440	953	349	1302	<nil>
440	276	360	636	<nil>
440	342	361	703	<nil>
440	353	353	706	<nil>
440	938	368	1306	<nil>
440	1291	363	1654	<nil>
440	1294	359	1653	<nil>
440	237	354	591	<nil>
440	1286	368	1654	<nil>
440	5511	380	5891	<nil>
440	1292	366	1658	<nil>
440	284	359	643	<nil>
440	1303	348	1651	<nil>
440	371	336	707	<nil>
440	355	355	710	<nil>
440	939	349	1288	<nil>
440	354	356	710	<nil>
440	347	362	709	<nil>
440	352	360	712	<nil>
440	150	288	438	<nil>
440	217	227	444	<nil>
440	894	361	1255	<nil>
440	884	371	1255	<nil>
440	933	368	1301	<nil>
440	1434	228	1662	<nil>
440	1395	268	1663	<nil>
440	357	362	719	<nil>
440	1373	288	1661	<nil>
440	5525	369	5894	<nil>
440	5675	222	5897	<nil>
440	176	270	446	<nil>
440	157	270	427	<nil>
440	1432	230	1662	<nil>
440	10383	336	10719	<nil>
440	120	291	411	<nil>
440	499	158	657	<nil>
440	343	372	715	<nil>
440	263	166	429	<nil>
440	1292	373	1665	<nil>
440	1393	272	1665	<nil>
440	290	370	660	<nil>
440	5528	374	5902	<nil>
440	1286	377	1663	<nil>
440	1440	227	1667	<nil>
440	1458	210	1668	<nil>
440	1326	340	1666	<nil>
440	5519	384	5903	<nil>
440	1296	373	1669	<nil>
440	234	165	399	<nil>
440	263	172	435	<nil>
440	267	164	431	<nil>
440	271	165	436	<nil>
440	509	162	671	<nil>
440	1507	161	1668	<nil>
440	1158	161	1319	<nil>
440	469	165	634	<nil>
440	1146	164	1310	<nil>
440	2869	165	3034	<nil>
440	1159	165	1324	<nil>
440	413	134	547	<nil>
440	458	166	624	<nil>
440	494	142	636	<nil>
440	508	134	642	<nil>
440	413	167	580	<nil>
440	481	146	627	<nil>
440	503	137	640	<nil>
440	499	141	640	<nil>
440	500	128	628	<nil>
440	503	138	641	<nil>
440	490	139	629	<nil>
440	500	129	629	<nil>
440	5790	130	5920	<nil>
440	492	143	635	<nil>
440	511	139	650	<nil>
440	471	140	611	<nil>
440	490	142	632	<nil>
440	1536	151	1687	<nil>
440	1546	141	1687	<nil>
440	493	151	644	<nil>
440	944	358	1302	<nil>
440	339	400	739	<nil>
440	5778	812	6590	<nil>
440	276	811	1087	<nil>
440	438	820	1258	<nil>
440	491	812	1303	<nil>
440	243	812	1055	<nil>
440	332	756	1088	<nil>
440	344	756	1100	<nil>
440	347	811	1158	<nil>
440	275	812	1087	<nil>
440	333	756	1089	<nil>
440	382	705	1087	<nil>
440	2931	739	3670	<nil>
440	1273	718	1991	<nil>
440	5889	704	6593	<nil>
440	1139	812	1951	<nil>
440	124	723	847	<nil>
440	1280	718	1998	<nil>
440	2898	718	3616	<nil>
440	92	753	845	<nil>
440	303	756	1059	<nil>
440	101	749	850	<nil>
440	124	723	847	<nil>
440	285	803	1088	<nil>
440	334	755	1089	<nil>
440	343	718	1061	<nil>
440	1149	804	1953	<nil>
440	542	812	1354	<nil>
440	347	755	1102	<nil>
440	1280	718	1998	<nil>
440	2871	740	3611	<nil>
440	286	812	1098	<nil>
440	333	756	1089	<nil>
440	332	757	1089	<nil>
440	1642	719	2361	<nil>
440	1235	719	1954	<nil>
440	101	748	849	<nil>
440	1286	718	2004	<nil>
440	1285	718	2003	<nil>
440	312	755	1067	<nil>
440	1294	718	2012	<nil>
440	382	707	1089	<nil>
440	427	662	1089	<nil>
440	855	678	1533	<nil>
440	383	707	1090	<nil>
440	147	682	829	<nil>
440	155	682	837	<nil>
440	428	662	1090	<nil>
440	375	663	1038	<nil>
440	164	659	823	<nil>
440	856	677	1533	<nil>
440	857	677	1534	<nil>
440	44	706	750	<nil>
440	371	720	1091	<nil>
440	400	663	1063	<nil>
440	1295	719	2014	<nil>
440	427	664	1091	<nil>
440	5898	697	6595	<nil>
440	427	663	1090	<nil>
440	855	678	1533	<nil>
440	5886	706	6592	<nil>
440	427	663	1090	<nil>
440	166	659	825	<nil>
440	25670	706	26376	<nil>
440	855	677	1532	<nil>
440	426	664	1090	<nil>
440	152	685	837	<nil>
440	42	706	748	<nil>
440	427	663	1090	<nil>
440	1280	707	1987	<nil>
440	855	678	1533	<nil>
440	177	660	837	<nil>
440	45	706	751	<nil>
440	345	707	1052	<nil>
440	855	678	1533	<nil>
440	382	706	1088	<nil>
440	427	663	1090	<nil>
440	435	665	1100	<nil>
440	54	696	750	<nil>
440	857	677	1534	<nil>
440	165	661	826	<nil>
440	919	0	919	rpc error: code = Unavailable desc = transport is closing
440	914	0	914	rpc error: code = Unavailable desc = transport is closing
440	917	0	917	rpc error: code = Unavailable desc = transport is closing
440	914	0	914	rpc error: code = Unavailable desc = transport is closing
440	918	0	918	rpc error: code = Unavailable desc = transport is closing
440	924	0	924	rpc error: code = Unavailable desc = transport is closing
440	1143	0	1143	rpc error: code = Unavailable desc = transport is closing
440	1194	0	1194	rpc error: code = Unavailable desc = transport is closing
440	918	0	918	rpc error: code = Unavailable desc = transport is closing
440	1194	0	1194	rpc error: code = Unavailable desc = transport is closing
440	6701	0	6701	rpc error: code = Unavailable desc = transport is closing
440	1200	0	1200	rpc error: code = Unavailable desc = transport is closing
440	1209	0	1209	rpc error: code = Unavailable desc = transport is closing
440	1157	0	1157	rpc error: code = Unavailable desc = transport is closing
440	924	0	924	rpc error: code = Unavailable desc = transport is closing
440	867	0	867	rpc error: code = Unavailable desc = transport is closing
440	1196	0	1196	rpc error: code = Unavailable desc = transport is closing
440	1200	0	1200	rpc error: code = Unavailable desc = transport is closing
440	921	0	921	rpc error: code = Unavailable desc = transport is closing
440	1200	0	1200	rpc error: code = Unavailable desc = transport is closing
440	1194	0	1194	rpc error: code = Unavailable desc = transport is closing
440	918	0	918	rpc error: code = Unavailable desc = transport is closing
440	1199	0	1199	rpc error: code = Unavailable desc = transport is closing
440	1156	0	1156	rpc error: code = Unavailable desc = transport is closing
440	3825	0	3825	rpc error: code = Unavailable desc = transport is closing
440	1200	0	1200	rpc error: code = Unavailable desc = transport is closing
440	920	0	920	rpc error: code = Unavailable desc = transport is closing
440	1144	0	1144	rpc error: code = Unavailable desc = transport is closing
440	915	0	915	rpc error: code = Unavailable desc = transport is closing
440	857	0	857	rpc error: code = Unavailable desc = transport is closing
440	1199	0	1199	rpc error: code = Unavailable desc = transport is closing
440	2060	0	2060	rpc error: code = Unavailable desc = transport is closing
440	917	0	917	rpc error: code = Unavailable desc = transport is closing
440	10869	32	10901	<nil>
440	842	31	873	<nil>
440	918	0	918	rpc error: code = Unavailable desc = transport is closing
440	825	32	857	<nil>
440	845	31	876	<nil>
440	1144	0	1144	rpc error: code = Unavailable desc = transport is closing
440	856	32	888	<nil>
440	2060	0	2060	rpc error: code = Unavailable desc = transport is closing
440	1166	0	1166	rpc error: code = Unavailable desc = transport is closing
440	1184	32	1216	<nil>
440	2859	33	2892	<nil>
440	1185	31	1216	<nil>
440	844	32	876	<nil>
440	1200	0	1200	rpc error: code = Unavailable desc = transport is closing
440	6703	0	6703	rpc error: code = Unavailable desc = transport is closing
440	1199	0	1199	rpc error: code = Unavailable desc = transport is closing
440	1184	32	1216	<nil>
440	2096	0	2096	rpc error: code = Unavailable desc = transport is closing
440	1209	0	1209	rpc error: code = Unavailable desc = transport is closing
440	1200	0	1200	rpc error: code = Unavailable desc = transport is closing
440	921	0	921	rpc error: code = Unavailable desc = transport is closing
440	1144	0	1144	rpc error: code = Unavailable desc = transport is closing
440	1200	0	1200	rpc error: code = Unavailable desc = transport is closing
440	1194	0	1194	rpc error: code = Unavailable desc = transport is closing
440	922	0	922	rpc error: code = Unavailable desc = transport is closing
440	3721	0	3721	rpc error: code = Unavailable desc = transport is closing
440	1193	0	1193	rpc error: code = Unavailable desc = transport is closing
440	922	0	922	rpc error: code = Unavailable desc = transport is closing
440	915	0	915	rpc error: code = Unavailable desc = transport is closing
440	1191	0	1191	rpc error: code = Unavailable desc = transport is closing
440	884	0	884	rpc error: code = Unavailable desc = transport is closing
440	1194	0	1194	rpc error: code = Unavailable desc = transport is closing
440	2063	0	2063	rpc error: code = Unavailable desc = transport is closing
440	1199	0	1199	rpc error: code = Unavailable desc = transport is closing
440	1198	0	1198	rpc error: code = Unavailable desc = transport is closing
440	1145	0	1145	rpc error: code = Unavailable desc = transport is closing
440	1147	0	1147	rpc error: code = Unavailable desc = transport is closing
440	916	0	916	rpc error: code = Unavailable desc = transport is closing
440	827	31	858	<nil>
440	1200	0	1200	rpc error: code = Unavailable desc = transport is closing
440	1758	35	1793	<nil>
440	1201	0	1201	rpc error: code = Unavailable desc = transport is closing
440	1199	0	1199	rpc error: code = Unavailable desc = transport is closing
440	806	33	839	<nil>
440	1760	32	1792	<nil>
440	1200	0	1200	rpc error: code = Unavailable desc = transport is closing
440	1763	32	1795	<nil>
440	136	34	170	<nil>
440	1185	36	1221	<nil>
440	841	36	877	<nil>
440	138	32	170	<nil>
440	2757	36	2793	<nil>
440	2525	35	2560	<nil>
440	137	33	170	<nil>
440	827	36	863	<nil>
440	1209	0	1209	rpc error: code = Unavailable desc = transport is closing
440	1760	37	1797	<nil>
440	1199	0	1199	rpc error: code = Unavailable desc = transport is closing
440	833	35	868	<nil>
440	1196	0	1196	rpc error: code = Unavailable desc = transport is closing
440	1763	36	1799	<nil>
440	806	36	842	<nil>
440	138	37	175	<nil>
440	832	45	877	<nil>
440	138	76	214	<nil>
440	141	76	217	<nil>
440	140	76	216	<nil>
440	139	106	245	<nil>
440	139	184	323	<nil>
440	2939	196	3135	<nil>
440	139	197	336	<nil>
440	128	201	329	<nil>
440	130	230	360	<nil>
440	130	230	360	<nil>
440	130	230	360	<nil>
440	130	230	360	<nil>
440	132	228	360	<nil>
440	142	229	371	<nil>
440	130	230	360	<nil>
440	140	229	369	<nil>
440	137	236	373	<nil>
440	137	227	364	<nil>
440	133	231	364	<nil>
440	133	231	364	<nil>
440	132	242	374	<nil>
440	141	238	379	<nil>
440	140	234	374	<nil>
440	137	226	363	<nil>
440	137	235	372	<nil>
440	157	224	381	<nil>
440	169	72	241	<nil>
440	133	231	364	<nil>
440	152	230	382	<nil>
440	120	125	245	<nil>
440	133	240	373	<nil>
440	142	223	365	<nil>
440	156	226	382	<nil>
440	147	229	376	<nil>
440	154	227	381	<nil>
440	150	225	375	<nil>
440	122	112	234	<nil>
440	150	224	374	<nil>
440	133	231	364	<nil>
440	151	231	382	<nil>
440	129	237	366	<nil>
440	146	237	383	<nil>
440	147	241	388	<nil>
440	137	241	378	<nil>
440	137	238	375	<nil>
440	106	125	231	<nil>
440	136	240	376	<nil>
440	137	240	377	<nil>
440	147	236	383	<nil>
440	146	238	384	<nil>
440	127	240	367	<nil>
440	146	237	383	<nil>
440	157	229	386	<nil>
440	147	227	374	<nil>
440	165	217	382	<nil>
440	171	79	250	<nil>
440	186	147	333	<nil>
440	190	162	352	<nil>
440	203	139	342	<nil>
440	206	138	344	<nil>
440	170	163	333	<nil>
440	203	137	340	<nil>
440	201	138	339	<nil>
440	203	137	340	<nil>
440	197	139	336	<nil>
440	197	144	341	<nil>
440	199	146	345	<nil>
440	201	146	347	<nil>
440	232	115	347	<nil>
440	232	114	346	<nil>
440	233	115	348	<nil>
440	237	111	348	<nil>
440	234	114	348	<nil>
440	233	114	347	<nil>
440	248	109	357	<nil>
440	233	113	346	<nil>
440	244	105	349	<nil>
440	236	114	350	<nil>
440	3136	112	3248	<nil>
440	244	105	349	<nil>
440	245	105	350	<nil>
440	193	113	306	<nil>
440	237	111	348	<nil>
440	260	92	352	<nil>
440	241	111	352	<nil>
440	243	109	352	<nil>
440	249	101	350	<nil>
440	249	101	350	<nil>
440	232	117	349	<nil>
440	254	97	351	<nil>
440	1203	30	1233	<nil>
440	235	114	349	<nil>
440	237	113	350	<nil>
440	233	115	348	<nil>
440	252	96	348	<nil>
440	241	110	351	<nil>
440	235	116	351	<nil>
440	1276	54	1330	<nil>
440	242	107	349	<nil>
440	244	109	353	<nil>
440	244	110	354	<nil>
440	244	109	353	<nil>
440	244	111	355	<nil>
440	236	117	353	<nil>
440	1204	26	1230	<nil>
440	246	108	354	<nil>
440	329	23	352	<nil>
440	152	14	166	<nil>
440	234	112	346	<nil>
440	239	116	355	<nil>
440	299	54	353	<nil>
440	3216	111	3327	<nil>
440	299	55	354	<nil>
440	235	110	345	<nil>
440	235	119	354	<nil>
440	239	109	348	<nil>
440	291	74	365	<nil>
440	246	109	355	<nil>
440	181	113	294	<nil>
440	233	116	349	<nil>
440	189	92	281	<nil>
440	5425	114	5539	<nil>
440	305	36	341	<nil>
440	238	111	349	<nil>
440	236	111	347	<nil>
440	254	100	354	<nil>
440	331	28	359	<nil>
440	226	34	260	<nil>
440	3013	82	3095	<nil>
440	1275	83	1358	<nil>
440	171	31	202	<nil>
440	1203	36	1239	<nil>
440	163	30	193	<nil>
440	208	83	291	<nil>
440	152	14	166	<nil>
440	1276	81	1357	<nil>
440	294	64	358	<nil>
440	268	83	351	<nil>
440	241	106	347	<nil>
440	1213	31	1244	<nil>
440	292	63	355	<nil>
440	1210	32	1242	<nil>
440	5270	14	5284	<nil>
440	149	17	166	<nil>
440	144	21	165	<nil>
440	149	17	166	<nil>
440	5729	112	5841	<nil>
440	1175	65	1240	<nil>
440	120	15	135	<nil>
440	347	15	362	<nil>
440	131	16	147	<nil>
440	152	16	168	<nil>
440	130	16	146	<nil>
440	162	5	167	<nil>
440	144	6	150	<nil>
440	144	4	148	<nil>
440	141	7	148	<nil>
440	140	8	148	<nil>
440	142	6	148	<nil>
440	151	7	158	<nil>
440	140	6	146	<nil>
440	140	9	149	<nil>
440	116	10	126	<nil>
440	115	10	125	<nil>
440	119	8	127	<nil>
440	117	11	128	<nil>
440	112	10	122	<nil>
440	118	10	128	<nil>
440	117	11	128	<nil>
440	114	11	125	<nil>
440	116	13	129	<nil>
440	115	10	125	<nil>
440	113	44	157	<nil>
440	115	54	169	<nil>
440	114	44	158	<nil>
440	116	44	160	<nil>
440	26492	42	26534	<nil>
440	124	50	174	<nil>
440	115	53	168	<nil>
440	5209	53	5262	<nil>
440	2928	54	2982	<nil>
440	118	44	162	<nil>
440	112	56	168	<nil>
440	116	65	181	<nil>
440	112	68	180	<nil>
440	119	54	173	<nil>
440	112	57	169	<nil>
440	116	43	159	<nil>
440	117	59	176	<nil>
440	113	67	180	<nil>
440	115	53	168	<nil>
440	247	0	247	rpc error: code = Unavailable desc = transport is closing
440	1225	0	1225	rpc error: code = Unavailable desc = transport is closing
440	140	0	140	rpc error: code = Unavailable desc = transport is closing
440	129	0	129	rpc error: code = Unavailable desc = transport is closing
440	146	0	146	rpc error: code = Unavailable desc = transport is closing
440	137	0	137	rpc error: code = Unavailable desc = transport is closing
440	144	0	144	rpc error: code = Unavailable desc = transport is closing
440	137	0	137	rpc error: code = Unavailable desc = transport is closing
440	137	0	137	rpc error: code = Unavailable desc = transport is closing
440	130	0	130	rpc error: code = Unavailable desc = transport is closing
440	133	0	133	rpc error: code = Unavailable desc = transport is closing
440	127	0	127	rpc error: code = Unavailable desc = transport is closing
440	133	0	133	rpc error: code = Unavailable desc = transport is closing
440	144	0	144	rpc error: code = Unavailable desc = transport is closing
440	133	0	133	rpc error: code = Unavailable desc = transport is closing
440	132	0	132	rpc error: code = Unavailable desc = transport is closing
440	139	0	139	rpc error: code = Unavailable desc = transport is closing
440	2943	0	2943	rpc error: code = Unavailable desc = transport is closing
440	130	0	130	rpc error: code = Unavailable desc = transport is closing
440	199	37	236	<nil>
440	326	0	326	rpc error: code = Unavailable desc = transport is closing
440	226	0	226	rpc error: code = Unavailable desc = transport is closing
440	823	0	823	rpc error: code = Unavailable desc = transport is closing
440	238	30	268	<nil>
440	805	0	805	rpc error: code = Unavailable desc = transport is closing
440	155	0	155	rpc error: code = Unavailable desc = transport is closing
440	1224	0	1224	rpc error: code = Unavailable desc = transport is closing
440	801	0	801	rpc error: code = Unavailable desc = transport is closing
440	838	0	838	rpc error: code = Unavailable desc = transport is closing
440	838	0	838	rpc error: code = Unavailable desc = transport is closing
440	822	0	822	rpc error: code = Unavailable desc = transport is closing
440	809	0	809	rpc error: code = Unavailable desc = transport is closing
440	809	0	809	rpc error: code = Unavailable desc = transport is closing
440	233	0	233	rpc error: code = Unavailable desc = transport is closing
440	846	0	846	rpc error: code = Unavailable desc = transport is closing
440	228	0	228	rpc error: code = Unavailable desc = transport is closing
440	827	0	827	rpc error: code = Unavailable desc = transport is closing
440	2741	14	2755	<nil>
440	835	0	835	rpc error: code = Unavailable desc = transport is closing
440	138	0	138	rpc error: code = Unavailable desc = transport is closing
440	818	0	818	rpc error: code = Unavailable desc = transport is closing
440	226	0	226	rpc error: code = Unavailable desc = transport is closing
440	832	0	832	rpc error: code = Unavailable desc = transport is closing
440	832	0	832	rpc error: code = Unavailable desc = transport is closing
440	224	0	224	rpc error: code = Unavailable desc = transport is closing
440	232	0	232	rpc error: code = Unavailable desc = transport is closing
440	806	0	806	rpc error: code = Unavailable desc = transport is closing
440	824	0	824	rpc error: code = Unavailable desc = transport is closing
440	229	0	229	rpc error: code = Unavailable desc = transport is closing
440	820	0	820	rpc error: code = Unavailable desc = transport is closing
440	1172	0	1172	rpc error: code = Unavailable desc = transport is closing
440	807	0	807	rpc error: code = Unavailable desc = transport is closing
440	225	0	225	rpc error: code = Unavailable desc = transport is closing
440	2860	0	2860	rpc error: code = Unavailable desc = transport is closing
440	791	0	791	rpc error: code = Unavailable desc = transport is closing
440	1453	0	1453	rpc error: code = Unavailable desc = transport is closing
440	798	0	798	rpc error: code = Unavailable desc = transport is closing
440	826	0	826	rpc error: code = Unavailable desc = transport is closing
440	801	0	801	rpc error: code = Unavailable desc = transport is closing
440	848	0	848	rpc error: code = Unavailable desc = transport is closing
440	804	0	804	rpc error: code = Unavailable desc = transport is closing
440	826	0	826	rpc error: code = Unavailable desc = transport is closing
440	853	0	853	rpc error: code = Unavailable desc = transport is closing
440	256	0	256	rpc error: code = Unavailable desc = transport is closing
440	835	0	835	rpc error: code = Unavailable desc = transport is closing
440	3751	0	3751	rpc error: code = Unavailable desc = transport is closing
440	811	0	811	rpc error: code = Unavailable desc = transport is closing
440	245	7	252	<nil>
440	233	20	253	<nil>
440	234	21	255	<nil>
440	834	0	834	rpc error: code = Unavailable desc = transport is closing
440	810	0	810	rpc error: code = Unavailable desc = transport is closing
440	805	0	805	rpc error: code = Unavailable desc = transport is closing
440	796	0	796	rpc error: code = Unavailable desc = transport is closing
440	226	37	263	<nil>
440	806	0	806	rpc error: code = Unavailable desc = transport is closing
440	805	0	805	rpc error: code = Unavailable desc = transport is closing
440	260	7	267	<nil>
440	825	0	825	rpc error: code = Unavailable desc = transport is closing
440	808	0	808	rpc error: code = Unavailable desc = transport is closing
440	813	0	813	rpc error: code = Unavailable desc = transport is closing
440	803	0	803	rpc error: code = Unavailable desc = transport is closing
440	843	0	843	rpc error: code = Unavailable desc = transport is closing
440	263	19	282	<nil>
440	260	4	264	<nil>
440	244	39	283	<nil>
440	804	0	804	rpc error: code = Unavailable desc = transport is closing
440	820	0	820	rpc error: code = Unavailable desc = transport is closing
440	226	41	267	<nil>
440	1185	0	1185	rpc error: code = Unavailable desc = transport is closing
440	802	0	802	rpc error: code = Unavailable desc = transport is closing
440	228	44	272	<nil>
440	230	19	249	<nil>
440	799	0	799	rpc error: code = Unavailable desc = transport is closing
440	224	40	264	<nil>
440	245	0	245	rpc error: code = Unavailable desc = transport is closing
440	238	43	281	<nil>
440	3733	0	3733	rpc error: code = Unavailable desc = transport is closing
440	799	0	799	rpc error: code = Unavailable desc = transport is closing
440	818	0	818	rpc error: code = Unavailable desc = transport is closing
440	823	0	823	rpc error: code = Unavailable desc = transport is closing
440	228	43	271	<nil>
440	247	32	279	<nil>
440	244	42	286	<nil>
440	2705	41	2746	<nil>
440	229	42	271	<nil>
440	226	27	253	<nil>
440	815	0	815	rpc error: code = Unavailable desc = transport is closing
440	243	44	287	<nil>
440	198	0	198	rpc error: code = Unavailable desc = transport is closing
440	868	0	868	rpc error: code = Unavailable desc = transport is closing
440	802	0	802	rpc error: code = Unavailable desc = transport is closing
440	2961	0	2961	rpc error: code = Unavailable desc = transport is closing
440	247	9	256	<nil>
440	793	0	793	rpc error: code = Unavailable desc = transport is closing
440	158	0	158	rpc error: code = Unavailable desc = transport is closing
440	158	0	158	rpc error: code = Unavailable desc = transport is closing
440	250	6	256	<nil>
440	246	9	255	<nil>
440	229	47	276	<nil>
440	247	11	258	<nil>
440	247	8	255	<nil>
440	1761	0	1761	rpc error: code = Unavailable desc = transport is closing
440	796	0	796	rpc error: code = Unavailable desc = transport is closing
440	812	0	812	rpc error: code = Unavailable desc = transport is closing
440	158	0	158	rpc error: code = Unavailable desc = transport is closing
440	170	13	183	<nil>
440	833	0	833	rpc error: code = Unavailable desc = transport is closing
440	235	49	284	<nil>
440	139	0	139	rpc error: code = Unavailable desc = transport is closing
440	804	0	804	rpc error: code = Unavailable desc = transport is closing
440	819	0	819	rpc error: code = Unavailable desc = transport is closing
440	815	0	815	rpc error: code = Unavailable desc = transport is closing
440	247	0	247	rpc error: code = Unavailable desc = transport is closing
440	832	0	832	rpc error: code = Unavailable desc = transport is closing
440	154	0	154	rpc error: code = Unavailable desc = transport is closing
440	832	0	832	rpc error: code = Unavailable desc = transport is closing
440	121	18	139	<nil>
440	176	18	194	<nil>
440	244	18	262	<nil>
440	258	21	279	<nil>
440	246	25	271	<nil>
440	247	27	274	<nil>
440	258	52	310	<nil>
440	176	63	239	<nil>
440	247	623	870	<nil>
440	247	624	871	<nil>
440	2775	645	3420	<nil>
440	246	640	886	<nil>
440	264	628	892	<nil>
440	271	629	900	<nil>
440	271	629	900	<nil>
440	199	629	828	<nil>
440	272	629	901	<nil>
440	273	630	903	<nil>
440	194	629	823	<nil>
440	273	629	902	<nil>
440	193	628	821	<nil>
440	273	628	901	<nil>
440	2768	628	3396	<nil>
440	2768	628	3396	<nil>
440	273	627	900	<nil>
440	270	628	898	<nil>
440	300	613	913	<nil>
440	281	628	909	<nil>
440	289	612	901	<nil>
440	274	627	901	<nil>
440	287	614	901	<nil>
440	287	613	900	<nil>
440	289	613	902	<nil>
440	278	628	906	<nil>
440	287	614	901	<nil>
440	216	614	830	<nil>
440	288	614	902	<nil>
440	287	614	901	<nil>
440	212	614	826	<nil>
440	289	615	904	<nil>
440	274	628	902	<nil>
440	288	616	904	<nil>
440	2784	615	3399	<nil>
440	287	614	901	<nil>
440	212	614	826	<nil>
440	79	615	694	<nil>
440	282	615	897	<nil>
440	292	615	907	<nil>
440	290	615	905	<nil>
440	279	668	947	<nil>
440	307	641	948	<nil>
440	151	641	792	<nil>
440	239	641	880	<nil>
440	310	642	952	<nil>
440	310	641	951	<nil>
440	2102	0	2102	rpc error: code = Unavailable desc = transport is closing
440	4857	0	4857	rpc error: code = Unavailable desc = transport is closing
440	242	0	242	rpc error: code = Unavailable desc = transport is closing
440	2065	0	2065	rpc error: code = Unavailable desc = transport is closing
440	2115	0	2115	rpc error: code = Unavailable desc = transport is closing
440	2115	0	2115	rpc error: code = Unavailable desc = transport is closing
440	2124	0	2124	rpc error: code = Unavailable desc = transport is closing
440	2124	0	2124	rpc error: code = Unavailable desc = transport is closing
440	29875	0	29875	rpc error: code = Unavailable desc = transport is closing
440	327	631	958	<nil>
440	320	631	951	<nil>
440	236	0	236	rpc error: code = Unavailable desc = transport is closing
440	237	0	237	rpc error: code = Unavailable desc = transport is closing
440	237	0	237	rpc error: code = Unavailable desc = transport is closing
440	251	0	251	rpc error: code = Unavailable desc = transport is closing
440	379	575	954	<nil>
440	373	574	947	<nil>
440	253	628	881	<nil>
440	356	598	954	<nil>
440	350	597	947	<nil>
440	2851	597	3448	<nil>
440	356	598	954	<nil>
440	297	586	883	<nil>
440	371	576	947	<nil>
440	235	0	235	rpc error: code = Unavailable desc = transport is closing
440	229	0	229	rpc error: code = Unavailable desc = transport is closing
440	2806	0	2806	rpc error: code = Unavailable desc = transport is closing
440	233	0	233	rpc error: code = Unavailable desc = transport is closing
440	308	648	956	<nil>
440	364	590	954	<nil>
440	320	638	958	<nil>
440	662	139	801	<nil>
440	669	142	811	<nil>
440	699	104	803	<nil>
440	716	107	823	<nil>
440	699	106	805	<nil>
440	717	108	825	<nil>
440	714	107	821	<nil>
440	247	820	1067	<nil>
440	737	73	810	<nil>
440	749	52	801	<nil>
440	691	105	796	<nil>
440	729	68	797	<nil>
440	700	106	806	<nil>
440	694	106	800	<nil>
440	694	108	802	<nil>
440	742	69	811	<nil>
440	742	56	798	<nil>
440	880	106	986	<nil>
440	693	108	801	<nil>
440	706	107	813	<nil>
440	689	107	796	<nil>
440	728	62	790	<nil>
440	726	84	810	<nil>
440	740	51	791	<nil>
440	3541	51	3592	<nil>
440	743	66	809	<nil>
440	755	49	804	<nil>
440	715	74	789	<nil>
440	715	73	788	<nil>
440	743	73	816	<nil>
440	737	74	811	<nil>
440	724	85	809	<nil>
440	16105	62	16167	<nil>
440	729	74	803	<nil>
440	732	75	807	<nil>
440	755	50	805	<nil>
440	691	105	796	<nil>
440	737	75	812	<nil>
440	732	75	807	<nil>
440	188	816	1004	<nil>
440	3519	73	3592	<nil>
440	732	73	805	<nil>
440	3530	67	3597	<nil>
440	742	60	802	<nil>
440	745	61	806	<nil>
440	694	106	800	<nil>
440	764	62	826	<nil>
440	726	49	775	<nil>
440	756	53	809	<nil>
440	3556	57	3613	<nil>
440	755	54	809	<nil>
440	755	54	809	<nil>
440	743	49	792	<nil>
440	761	58	819	<nil>
440	753	56	809	<nil>
440	752	58	810	<nil>
440	764	67	831	<nil>
440	147	52	199	<nil>
440	751	58	809	<nil>
440	143	47	190	<nil>
440	143	48	191	<nil>
440	144	57	201	<nil>
440	144	47	191	<nil>
440	145	52	197	<nil>
440	757	54	811	<nil>
440	152	40	192	<nil>
440	750	65	815	<nil>
440	166	95	261	<nil>
440	753	157	910	<nil>
440	760	60	820	<nil>
440	143	58	201	<nil>
440	153	38	191	<nil>
440	166	34	200	<nil>
440	169	72	241	<nil>
440	714	54	768	<nil>
440	751	57	808	<nil>
440	764	61	825	<nil>
440	706	67	773	<nil>
440	711	57	768	<nil>
440	754	54	808	<nil>
440	761	158	919	<nil>
440	756	155	911	<nil>
440	770	157	927	<nil>
440	153	146	299	<nil>
440	142	155	297	<nil>
440	145	153	298	<nil>
440	3138	166	3304	<nil>
440	141	155	296	<nil>
440	144	155	299	<nil>
440	147	150	297	<nil>
440	760	173	933	<nil>
440	755	155	910	<nil>
440	751	159	910	<nil>
440	144	146	290	<nil>
440	751	171	922	<nil>
440	667	169	836	<nil>
440	154	172	326	<nil>
440	754	58	812	<nil>
440	760	58	818	<nil>
440	144	47	191	<nil>
440	143	58	201	<nil>
440	768	57	825	<nil>
440	3555	58	3613	<nil>
440	144	47	191	<nil>
440	742	66	808	<nil>
440	3556	57	3613	<nil>
440	768	57	825	<nil>
440	711	57	768	<nil>
440	760	58	818	<nil>
440	768	64	832	<nil>
440	669	57	726	<nil>
440	754	57	811	<nil>
440	711	62	773	<nil>
440	753	57	810	<nil>
440	755	170	925	<nil>
440	143	146	289	<nil>
440	152	144	296	<nil>
440	136	150	286	<nil>
440	150	146	296	<nil>
440	152	147	299	<nil>
440	2913	148	3061	<nil>
440	148	152	300	<nil>
440	152	148	300	<nil>
440	752	172	924	<nil>
440	762	170	932	<nil>
440	741	63	804	<nil>
440	752	57	809	<nil>
440	147	205	352	<nil>
440	144	273	417	<nil>
440	152	322	474	<nil>
440	2868	322	3190	<nil>
440	789	322	1111	<nil>
440	789	343	1132	<nil>
440	787	343	1130	<nil>
440	170	290	460	<nil>
440	1136	310	1446	<nil>
440	829	309	1138	<nil>
440	790	350	1140	<nil>
440	854	291	1145	<nil>
440	278	184	462	<nil>
440	828	319	1147	<nil>
440	3508	91	3599	<nil>
440	858	291	1149	<nil>
440	923	222	1145	<nil>
440	819	325	1144	<nil>
440	136	328	464	<nil>
440	787	355	1142	<nil>
440	873	269	1142	<nil>
440	140	327	467	<nil>
440	278	186	464	<nil>
440	818	326	1144	<nil>
440	790	351	1141	<nil>
440	140	329	469	<nil>
440	2778	217	2995	<nil>
440	140	329	469	<nil>
440	166	302	468	<nil>
440	947	214	1161	<nil>
440	132	339	471	<nil>
440	914	253	1167	<nil>
440	255	216	471	<nil>
440	968	200	1168	<nil>
440	947	221	1168	<nil>
440	166	304	470	<nil>
440	134	335	469	<nil>
440	427	52	479	<nil>
440	152	320	472	<nil>
440	962	191	1153	<nil>
440	135	337	472	<nil>
440	131	340	471	<nil>
440	134	338	472	<nil>
440	134	338	472	<nil>
440	133	339	472	<nil>
440	828	335	1163	<nil>
440	240	232	472	<nil>
440	180	335	515	<nil>
440	962	195	1157	<nil>
440	3258	295	3553	<nil>
440	2888	360	3248	<nil>
440	814	329	1143	<nil>
440	257	214	471	<nil>
440	825	330	1155	<nil>
440	137	334	471	<nil>
440	877	265	1142	<nil>
440	143	331	474	<nil>
440	818	340	1158	<nil>
440	110	353	463	<nil>
440	850	290	1140	<nil>
440	135	321	456	<nil>
440	257	219	476	<nil>
440	3279	324	3603	<nil>
440	858	310	1168	<nil>
440	128	343	471	<nil>
440	133	344	477	<nil>
440	3259	344	3603	<nil>
440	864	300	1164	<nil>
440	855	314	1169	<nil>
440	829	341	1170	<nil>
440	1628	346	1974	<nil>
440	2954	289	3243	<nil>
440	3219	341	3560	<nil>
440	823	344	1167	<nil>
440	946	221	1167	<nil>
440	279	185	464	<nil>
440	3072	63	3135	<nil>
440	3290	306	3596	<nil>
440	133	384	517	<nil>
440	199	391	590	<nil>
440	133	451	584	<nil>
440	3078	394	3472	<nil>
440	336	246	582	<nil>
440	153	432	585	<nil>
440	278	288	566	<nil>
440	39	528	567	<nil>
440	443	227	670	<nil>
440	157	394	551	<nil>
440	1764	228	1992	<nil>
440	156	393	549	<nil>
440	322	245	567	<nil>
440	163	387	550	<nil>
440	324	245	569	<nil>
440	3576	220	3796	<nil>
440	3307	190	3497	<nil>
440	1136	228	1364	<nil>
440	1142	222	1364	<nil>
440	3573	221	3794	<nil>
440	3266	227	3493	<nil>
440	3448	178	3626	<nil>
440	1616	223	1839	<nil>
440	1174	189	1363	<nil>
440	1772	223	1995	<nil>
440	1143	223	1366	<nil>
440	3004	223	3227	<nil>
440	5804	223	6027	<nil>
440	1810	188	1998	<nil>
440	3206	229	3435	<nil>
440	3326	195	3521	<nil>
440	3614	211	3825	<nil>
440	17585	218	17803	<nil>
440	1175	215	1390	<nil>
440	1172	215	1387	<nil>
440	1178	213	1391	<nil>
440	1189	212	1401	<nil>
440	1816	216	2032	<nil>
440	1176	225	1401	<nil>
440	6666	217	6883	<nil>
440	1176	224	1400	<nil>
440	1171	229	1400	<nil>
440	1180	217	1397	<nil>
440	1170	260	1430	<nil>
440	1171	254	1425	<nil>
440	1846	240	2086	<nil>
440	3245	302	3547	<nil>
440	1642	307	1949	<nil>
440	1193	281	1474	<nil>
440	1181	293	1474	<nil>
440	364	304	668	<nil>
440	1192	285	1477	<nil>
440	363	306	669	<nil>
440	362	306	668	<nil>
440	341	307	648	<nil>
440	363	310	673	<nil>
440	356	316	672	<nil>
440	366	308	674	<nil>
440	383	289	672	<nil>
440	364	308	672	<nil>
440	362	295	657	<nil>
440	355	326	681	<nil>
440	343	337	680	<nil>
440	350	332	682	<nil>
440	344	844	1188	<nil>
440	372	837	1209	<nil>
440	349	848	1197	<nil>
440	368	850	1218	<nil>
440	349	844	1193	<nil>
440	302	861	1163	<nil>
440	342	862	1204	<nil>
440	338	866	1204	<nil>
440	335	869	1204	<nil>
440	330	852	1182	<nil>
440	344	852	1196	<nil>
440	355	851	1206	<nil>
440	3606	864	4470	<nil>
440	353	862	1215	<nil>
440	325	856	1181	<nil>
440	364	861	1225	<nil>
440	2712	847	3559	<nil>
440	349	861	1210	<nil>
440	3574	856	4430	<nil>
440	327	784	1111	<nil>
440	330	780	1110	<nil>
440	398	834	1232	<nil>
440	385	846	1231	<nil>
440	1310	855	2165	<nil>
440	314	798	1112	<nil>
440	2723	833	3556	<nil>
440	367	834	1201	<nil>
440	376	856	1232	<nil>
440	309	798	1107	<nil>
440	286	821	1107	<nil>
440	456	775	1231	<nil>
440	5725	857	6582	<nil>
440	376	856	1232	<nil>
440	386	847	1233	<nil>
440	2693	856	3549	<nil>
440	367	834	1201	<nil>
440	3260	856	4116	<nil>
440	3270	848	4118	<nil>
440	5604	862	6466	<nil>
440	421	798	1219	<nil>
440	461	770	1231	<nil>
440	268	846	1114	<nil>
440	162	822	984	<nil>
440	568	674	1242	<nil>
440	2918	646	3564	<nil>
440	376	826	1202	<nil>
440	221	694	915	<nil>
440	537	705	1242	<nil>
440	5842	636	6478	<nil>
440	8789	671	9460	<nil>
440	450	782	1232	<nil>
440	257	630	887	<nil>
440	601	644	1245	<nil>
440	1412	647	2059	<nil>
440	571	671	1242	<nil>
440	2905	659	3564	<nil>
440	614	630	1244	<nil>
440	471	658	1129	<nil>
440	259	636	895	<nil>
440	457	647	1104	<nil>
440	262	659	921	<nil>
440	253	645	898	<nil>
440	489	636	1125	<nil>
440	1604	647	2251	<nil>
440	251	636	887	<nil>
440	264	632	896	<nil>
440	490	636	1126	<nil>
440	482	646	1128	<nil>
440	479	647	1126	<nil>
440	502	625	1127	<nil>
440	272	622	894	<nil>
440	567	674	1241	<nil>
440	588	648	1236	<nil>
440	246	643	889	<nil>
440	466	659	1125	<nil>
440	479	648	1127	<nil>
440	2930	646	3576	<nil>
440	343	834	1177	<nil>
440	1611	646	2257	<nil>
440	274	739	1013	<nil>
440	629	736	1365	<nil>
440	279	730	1009	<nil>
440	3694	736	4430	<nil>
440	650	736	1386	<nil>
440	1449	729	2178	<nil>
440	519	727	1246	<nil>
440	3290	738	4028	<nil>
440	623	730	1353	<nil>
440	1509	729	2238	<nil>
440	517	734	1251	<nil>
440	479	758	1237	<nil>
440	3913	720	4633	<nil>
440	352	708	1060	<nil>
440	281	727	1008	<nil>
440	305	706	1011	<nil>
440	494	730	1224	<nil>
440	492	734	1226	<nil>
440	305	706	1011	<nil>
440	299	706	1005	<nil>
440	292	707	999	<nil>
440	357	727	1084	<nil>
440	278	730	1008	<nil>
440	496	734	1230	<nil>
440	301	707	1008	<nil>
440	3355	706	4061	<nil>
440	3735	721	4456	<nil>
440	3555	719	4274	<nil>
440	528	719	1247	<nil>
440	305	725	1030	<nil>
440	3560	719	4279	<nil>
440	292	728	1020	<nil>
440	527	720	1247	<nil>
440	287	729	1016	<nil>
440	1484	718	2202	<nil>
440	854	0	854	rpc error: code = Unavailable desc = transport is closing
440	855	0	855	rpc error: code = Unavailable desc = transport is closing
440	856	0	856	rpc error: code = Unavailable desc = transport is closing
440	672	0	672	rpc error: code = Unavailable desc = transport is closing
440	952	0	952	rpc error: code = Unavailable desc = transport is closing
440	676	275	951	<nil>
440	672	279	951	<nil>
440	867	274	1141	<nil>
440	673	289	962	<nil>
440	675	296	971	<nil>
440	666	305	971	<nil>
440	846	296	1142	<nil>
440	848	296	1144	<nil>
440	850	297	1147	<nil>
440	852	297	1149	<nil>
440	867	297	1164	<nil>
440	852	298	1150	<nil>
440	691	280	971	<nil>
440	674	296	970	<nil>
440	868	296	1164	<nil>
440	675	297	972	<nil>
440	875	275	1150	<nil>
440	855	296	1151	<nil>
440	884	287	1171	<nil>
440	691	286	977	<nil>
440	832	0	832	rpc error: code = Unavailable desc = transport is closing
440	677	287	964	<nil>
440	814	0	814	rpc error: code = Unavailable desc = transport is closing
440	677	282	959	<nil>
440	818	0	818	rpc error: code = Unavailable desc = transport is closing
440	831	0	831	rpc error: code = Unavailable desc = transport is closing
440	777	0	777	rpc error: code = Unavailable desc = transport is closing
440	1017	0	1017	rpc error: code = Unavailable desc = transport is closing
440	831	0	831	rpc error: code = Unavailable desc = transport is closing
440	1026	0	1026	rpc error: code = Unavailable desc = transport is closing
440	1031	149	1180	<nil>
440	819	152	971	<nil>
440	1029	0	1029	rpc error: code = Unavailable desc = transport is closing
440	796	0	796	rpc error: code = Unavailable desc = transport is closing
440	832	0	832	rpc error: code = Unavailable desc = transport is closing
440	846	0	846	rpc error: code = Unavailable desc = transport is closing
440	1281	0	1281	rpc error: code = Unavailable desc = transport is closing
440	1041	0	1041	rpc error: code = Unavailable desc = transport is closing
440	1011	0	1011	rpc error: code = Unavailable desc = transport is closing
440	948	0	948	rpc error: code = Unavailable desc = transport is closing
440	305	27	332	<nil>
440	289	44	333	<nil>
440	1023	0	1023	rpc error: code = Unavailable desc = transport is closing
440	1004	0	1004	rpc error: code = Unavailable desc = transport is closing
440	318	26	344	<nil>
440	1014	0	1014	rpc error: code = Unavailable desc = transport is closing
440	1002	0	1002	rpc error: code = Unavailable desc = transport is closing
440	274	37	311	<nil>
440	192	27	219	<nil>
440	192	27	219	<nil>
440	1022	0	1022	rpc error: code = Unavailable desc = transport is closing
440	275	37	312	<nil>
440	181	6	187	<nil>
440	181	7	188	<nil>
440	1205	9	1214	<nil>
440	1021	0	1021	rpc error: code = Unavailable desc = transport is closing
440	1017	0	1017	rpc error: code = Unavailable desc = transport is closing
440	831	0	831	rpc error: code = Unavailable desc = transport is closing
440	1023	0	1023	rpc error: code = Unavailable desc = transport is closing
440	1022	0	1022	rpc error: code = Unavailable desc = transport is closing
440	959	0	959	rpc error: code = Unavailable desc = transport is closing
440	3718	0	3718	rpc error: code = Unavailable desc = transport is closing
440	1023	0	1023	rpc error: code = Unavailable desc = transport is closing
440	835	0	835	rpc error: code = Unavailable desc = transport is closing
440	1026	0	1026	rpc error: code = Unavailable desc = transport is closing
440	3715	0	3715	rpc error: code = Unavailable desc = transport is closing
440	1023	0	1023	rpc error: code = Unavailable desc = transport is closing
440	1020	0	1020	rpc error: code = Unavailable desc = transport is closing
440	733	149	882	<nil>
440	1243	0	1243	rpc error: code = Unavailable desc = transport is closing
440	43855	150	44005	<nil>
440	1163	0	1163	rpc error: code = Unavailable desc = transport is closing
440	796	0	796	rpc error: code = Unavailable desc = transport is closing
440	1184	0	1184	rpc error: code = Unavailable desc = transport is closing
440	1027	150	1177	<nil>
440	1027	149	1176	<nil>
440	1258	0	1258	rpc error: code = Unavailable desc = transport is closing
440	361	0	361	<nil>
440	897	151	1048	<nil>
440	3721	0	3721	rpc error: code = Unavailable desc = transport is closing
440	738	149	887	<nil>
440	775	152	927	<nil>
440	4287	0	4287	rpc error: code = Unavailable desc = transport is closing
440	3719	0	3719	rpc error: code = Unavailable desc = transport is closing
440	1391	0	1391	rpc error: code = Unavailable desc = transport is closing
440	1032	149	1181	<nil>
440	778	151	929	<nil>
440	889	346	1235	<nil>
440	734	149	883	<nil>
440	740	150	890	<nil>
440	705	149	854	<nil>
440	869	151	1020	<nil>
440	738	150	888	<nil>
440	3721	151	3872	<nil>
440	736	151	887	<nil>
440	1026	150	1176	<nil>
440	4347	152	4499	<nil>
440	1045	150	1195	<nil>
440	784	152	936	<nil>
440	732	150	882	<nil>
440	1027	150	1177	<nil>
440	765	152	917	<nil>
440	850	122	972	<nil>
440	781	153	934	<nil>
440	872	100	972	<nil>
440	735	151	886	<nil>
440	816	121	937	<nil>
440	796	0	796	rpc error: code = Unavailable desc = transport is closing
440	733	151	884	<nil>
440	9618	153	9771	<nil>
440	815	153	968	<nil>
440	1295	152	1447	<nil>
440	701	152	853	<nil>
440	783	154	937	<nil>
440	1253	153	1406	<nil>
440	714	152	866	<nil>
440	714	140	854	<nil>
440	706	152	858	<nil>
440	1284	153	1437	<nil>
440	715	139	854	<nil>
440	784	153	937	<nil>
440	700	152	852	<nil>
440	1213	153	1366	<nil>
440	714	153	867	<nil>
440	819	154	973	<nil>
440	775	99	874	<nil>
440	272	64	336	<nil>
440	289	37	326	<nil>
440	289	36	325	<nil>
440	279	62	341	<nil>
440	289	37	326	<nil>
440	272	65	337	<nil>
440	2945	65	3010	<nil>
440	2954	57	3011	<nil>
440	288	37	325	<nil>
440	284	42	326	<nil>
440	287	68	355	<nil>
440	284	66	350	<nil>
440	284	42	326	<nil>
440	283	68	351	<nil>
440	289	52	341	<nil>
440	1017	0	1017	rpc error: code = Unavailable desc = transport is closing
440	5961	26	5987	<nil>
440	290	27	317	<nil>
440	299	40	339	<nil>
440	301	28	329	<nil>
440	284	69	353	<nil>
440	289	44	333	<nil>
440	793	83	876	<nil>
440	300	28	328	<nil>
440	301	27	328	<nil>
440	301	28	329	<nil>
440	301	27	328	<nil>
440	301	27	328	<nil>
440	301	32	333	<nil>
440	2631	27	2658	<nil>
440	307	31	338	<nil>
440	288	40	328	<nil>
440	291	31	322	<nil>
440	305	32	337	<nil>
440	288	41	329	<nil>
440	300	33	333	<nil>
440	290	31	321	<nil>
440	289	33	322	<nil>
440	299	31	330	<nil>
440	288	45	333	<nil>
440	300	28	328	<nil>
440	5747	0	5747	rpc error: code = Unavailable desc = transport is closing
440	275	26	301	<nil>
440	1267	28	1295	<nil>
440	1269	26	1295	<nil>
440	3000	25	3025	<nil>
440	1270	26	1296	<nil>
440	312	27	339	<nil>
440	1247	26	1273	<nil>
440	5895	30	5925	<nil>
440	313	27	340	<nil>
440	304	39	343	<nil>
440	273	26	299	<nil>
440	313	27	340	<nil>
440	314	26	340	<nil>
440	1290	27	1317	<nil>
440	267	27	294	<nil>
440	276	27	303	<nil>
440	275	27	302	<nil>
440	314	27	341	<nil>
440	1265	31	1296	<nil>
440	283	27	310	<nil>
440	313	26	339	<nil>
440	1269	27	1296	<nil>
440	1303	27	1330	<nil>
440	5128	27	5155	<nil>
440	1267	29	1296	<nil>
440	820	0	820	rpc error: code = Unavailable desc = transport is closing
440	85	4	89	<nil>
440	196	26	222	<nil>
440	85	6	91	<nil>
440	1269	37	1306	<nil>
440	156	25	181	<nil>
440	196	26	222	<nil>
440	158	26	184	<nil>
440	1183	26	1209	<nil>
440	273	40	313	<nil>
440	178	5	183	<nil>
440	16356	0	16356	rpc error: code = Unavailable desc = transport is closing
440	289	38	327	<nil>
440	196	26	222	<nil>
440	270	37	307	<nil>
440	177	6	183	<nil>
440	312	38	350	<nil>
440	180	3	183	<nil>
440	188	26	214	<nil>
440	1183	27	1210	<nil>
440	196	27	223	<nil>
440	68	5	73	<nil>
440	196	27	223	<nil>
440	191	26	217	<nil>
440	1289	38	1327	<nil>
440	182	4	186	<nil>
440	84	5	89	<nil>
440	180	5	185	<nil>
440	70	7	77	<nil>
440	181	5	186	<nil>
440	9804	5	9809	<nil>
440	180	5	185	<nil>
440	194	4	198	<nil>
440	1014	0	1014	rpc error: code = Unavailable desc = transport is closing
440	1291	36	1327	<nil>
440	88	5	93	<nil>
440	88	6	94	<nil>
440	1024	0	1024	rpc error: code = Unavailable desc = transport is closing
440	24973	5	24978	<nil>
440	181	3	184	<nil>
440	283	37	320	<nil>
440	1021	0	1021	rpc error: code = Unavailable desc = transport is closing
440	1290	37	1327	<nil>
440	1207	4	1211	<nil>
440	89	5	94	<nil>
440	207	7	214	<nil>
440	1044	0	1044	rpc error: code = Unavailable desc = transport is closing
440	182	7	189	<nil>
440	180	6	186	<nil>
440	180	7	187	<nil>
440	179	8	187	<nil>
440	1205	8	1213	<nil>
440	185	6	191	<nil>
440	9801	8	9809	<nil>
440	1011	0	1011	rpc error: code = Unavailable desc = transport is closing
440	1005	0	1005	rpc error: code = Unavailable desc = transport is closing
440	4352	0	4352	rpc error: code = Unavailable desc = transport is closing
440	4652	0	4652	rpc error: code = Unavailable desc = transport is closing
440	323	85	408	<nil>
440	343	86	429	<nil>
440	306	85	391	<nil>
440	270	86	356	<nil>
440	310	85	395	<nil>
440	16559	85	16644	<nil>
440	325	86	411	<nil>
440	270	91	361	<nil>
440	271	86	357	<nil>
440	271	96	367	<nil>
440	360	68	428	<nil>
440	358	49	407	<nil>
440	307	92	399	<nil>
440	398	46	444	<nil>
440	10082	91	10173	<nil>
440	1392	44	1436	<nil>
440	3064	97	3161	<nil>
440	320	52	372	<nil>
440	313	94	407	<nil>
440	339	70	409	<nil>
440	343	94	437	<nil>
440	271	96	367	<nil>
440	361	47	408	<nil>
440	393	46	439	<nil>
440	2948	87	3035	<nil>
440	383	45	428	<nil>
440	313	87	400	<nil>
440	398	46	444	<nil>
440	326	45	371	<nil>
440	325	47	372	<nil>
440	387	46	433	<nil>
440	305	93	398	<nil>
440	395	60	455	<nil>
440	2939	93	3032	<nil>
440	333	37	370	<nil>
440	334	37	371	<nil>
440	365	40	405	<nil>
440	315	97	412	<nil>
440	3028	38	3066	<nil>
440	353	37	390	<nil>
440	335	38	373	<nil>
440	355	36	391	<nil>
440	351	38	389	<nil>
440	261	37	298	<nil>
440	352	37	389	<nil>
440	3025	42	3067	<nil>
440	355	36	391	<nil>
440	345	40	385	<nil>
440	348	37	385	<nil>
440	348	36	384	<nil>
440	334	40	374	<nil>
440	260	40	300	<nil>
440	353	37	390	<nil>
440	263	37	300	<nil>
440	355	37	392	<nil>
440	354	36	390	<nil>
440	354	36	390	<nil>
440	265	37	302	<nil>
440	350	39	389	<nil>
440	357	45	402	<nil>
440	356	43	399	<nil>
440	353	43	396	<nil>
440	262	36	298	<nil>
440	388	46	434	<nil>
440	356	46	402	<nil>
440	357	46	403	<nil>
440	3026	39	3065	<nil>
440	354	37	391	<nil>
440	353	37	390	<nil>
440	262	36	298	<nil>
440	346	43	389	<nil>
440	260	38	298	<nil>
440	355	135	490	<nil>
440	350	136	486	<nil>
440	357	136	493	<nil>
440	3569	136	3705	<nil>
440	350	136	486	<nil>
440	392	117	509	<nil>
440	390	121	511	<nil>
440	397	112	509	<nil>
440	385	124	509	<nil>
440	403	115	518	<nil>
440	3079	117	3196	<nil>
440	404	114	518	<nil>
440	404	114	518	<nil>
440	392	128	520	<nil>
440	395	130	525	<nil>
440	404	116	520	<nil>
440	396	118	514	<nil>
440	390	130	520	<nil>
440	402	120	522	<nil>
440	472	120	592	<nil>
440	413	109	522	<nil>
440	402	118	520	<nil>
440	391	131	522	<nil>
440	392	130	522	<nil>
440	299	131	430	<nil>
440	400	122	522	<nil>
440	409	120	529	<nil>
440	389	141	530	<nil>
440	384	129	513	<nil>
440	402	130	532	<nil>
440	401	128	529	<nil>
440	300	137	437	<nil>
440	404	125	529	<nil>
440	3068	138	3206	<nil>
440	138	31	169	<nil>
440	3078	125	3203	<nil>
440	409	129	538	<nil>
440	411	131	542	<nil>
440	388	126	514	<nil>
440	387	141	528	<nil>
440	385	128	513	<nil>
440	5691	23	5714	<nil>
440	143	32	175	<nil>
440	42667	141	42808	<nil>
440	2814	126	2940	<nil>
440	389	139	528	<nil>
440	403	125	528	<nil>
440	389	140	529	<nil>
440	388	139	527	<nil>
440	3083	126	3209	<nil>
440	414	126	540	<nil>
440	404	125	529	<nil>
440	389	142	531	<nil>
440	5564	138	5702	<nil>
440	404	126	530	<nil>
440	397	130	527	<nil>
440	400	129	529	<nil>
440	398	128	526	<nil>
440	406	122	528	<nil>
440	388	141	529	<nil>
440	397	132	529	<nil>
440	401	127	528	<nil>
440	407	126	533	<nil>
440	406	123	529	<nil>
440	387	141	528	<nil>
440	402	127	529	<nil>
440	435	79	514	<nil>
440	399	127	526	<nil>
440	400	130	530	<nil>
440	400	130	530	<nil>
440	383	128	511	<nil>
440	152	32	184	<nil>
440	380	131	511	<nil>
440	98	87	185	<nil>
440	406	131	537	<nil>
440	410	131	541	<nil>
440	374	137	511	<nil>
440	376	136	512	<nil>
440	97	86	183	<nil>
440	142	24	166	<nil>
440	3098	121	3219	<nil>
440	375	135	510	<nil>
440	376	135	511	<nil>
440	313	136	449	<nil>
440	389	106	495	<nil>
440	318	132	450	<nil>
440	1390	132	1522	<nil>
440	146	39	185	<nil>
440	429	109	538	<nil>
440	406	137	543	<nil>
440	393	131	524	<nil>
440	403	125	528	<nil>
440	410	117	527	<nil>
440	115	70	185	<nil>
440	360	137	497	<nil>
440	312	125	437	<nil>
440	401	136	537	<nil>
440	3102	121	3223	<nil>
440	153	33	186	<nil>
440	131	23	154	<nil>
440	143	18	161	<nil>
440	296	142	438	<nil>
440	431	107	538	<nil>
440	148	25	173	<nil>
440	152	25	177	<nil>
440	86	99	185	<nil>
440	122	19	141	<nil>
440	124	20	144	<nil>
440	124	20	144	<nil>
440	123	21	144	<nil>
440	122	22	144	<nil>
440	136	21	157	<nil>
440	129	22	151	<nil>
440	122	24	146	<nil>
440	123	23	146	<nil>
440	123	22	145	<nil>
440	123	24	147	<nil>
440	122	25	147	<nil>
440	122	25	147	<nil>
440	5006	25	5031	<nil>
440	122	26	148	<nil>
440	126	25	151	<nil>
440	122	26	148	<nil>
440	123	25	148	<nil>
440	134	13	147	<nil>
440	136	14	150	<nil>
440	137	14	151	<nil>
440	135	16	151	<nil>
440	137	14	151	<nil>
440	126	17	143	<nil>
440	136	16	152	<nil>
440	128	16	144	<nil>
440	128	15	143	<nil>
440	125	19	144	<nil>
440	128	17	145	<nil>
440	127	18	145	<nil>
440	129	35	164	<nil>
440	127	39	166	<nil>
440	128	681	809	<nil>
440	128	683	811	<nil>
440	128	682	810	<nil>
440	128	688	816	<nil>
440	127	687	814	<nil>
440	127	687	814	<nil>
440	124	702	826	<nil>
440	127	702	829	<nil>
440	127	702	829	<nil>
440	128	702	830	<nil>
440	124	704	828	<nil>
440	127	718	845	<nil>
440	125	720	845	<nil>
440	126	720	846	<nil>
440	128	718	846	<nil>
440	127	717	844	<nil>
440	127	719	846	<nil>
440	127	719	846	<nil>
440	127	718	845	<nil>
440	128	717	845	<nil>
440	127	717	844	<nil>
440	128	717	845	<nil>
440	124	703	827	<nil>
440	816	33	849	<nil>
440	825	28	853	<nil>
440	820	30	850	<nil>
440	5865	28	5893	<nil>
440	785	26	811	<nil>
440	794	38	832	<nil>
440	788	26	814	<nil>
440	814	29	843	<nil>
440	823	29	852	<nil>
440	812	27	839	<nil>
440	818	25	843	<nil>
440	785	26	811	<nil>
440	816	30	846	<nil>
440	790	23	813	<nil>
440	821	28	849	<nil>
440	815	28	843	<nil>
440	825	25	850	<nil>
440	801	16	817	<nil>
440	803	17	820	<nil>
440	797	18	815	<nil>
440	816	24	840	<nil>
440	798	26	824	<nil>
440	785	29	814	<nil>
440	790	28	818	<nil>
440	806	36	842	<nil>
440	801	23	824	<nil>
440	790	28	818	<nil>
440	815	27	842	<nil>
440	804	17	821	<nil>
440	795	30	825	<nil>
440	798	27	825	<nil>
440	795	27	822	<nil>
440	806	34	840	<nil>
440	808	17	825	<nil>
440	3144	16	3160	<nil>
440	6149	34	6183	<nil>
440	795	30	825	<nil>
440	807	34	841	<nil>
440	806	37	843	<nil>
440	808	34	842	<nil>
440	815	27	842	<nil>
440	798	38	836	<nil>
440	806	37	843	<nil>
440	830	40	870	<nil>
440	795	32	827	<nil>
440	797	34	831	<nil>
440	806	32	838	<nil>
440	809	32	841	<nil>
440	803	33	836	<nil>
440	800	41	841	<nil>
440	839	13	852	<nil>
440	839	13	852	<nil>
440	837	15	852	<nil>
440	839	107	946	<nil>
440	841	112	953	<nil>
440	830	107	937	<nil>
440	857	106	963	<nil>
440	830	105	935	<nil>
440	859	124	983	<nil>
440	860	124	984	<nil>
440	852	0	852	rpc error: code = Unavailable desc = transport is closing
440	841	123	964	<nil>
440	842	124	966	<nil>
440	844	122	966	<nil>
440	838	130	968	<nil>
440	845	0	845	rpc error: code = Unavailable desc = transport is closing
440	872	0	872	rpc error: code = Unavailable desc = transport is closing
440	859	0	859	rpc error: code = Unavailable desc = transport is closing
440	860	0	860	rpc error: code = Unavailable desc = transport is closing
440	851	0	851	rpc error: code = Unavailable desc = transport is closing
440	849	126	975	<nil>
440	853	0	853	rpc error: code = Unavailable desc = transport is closing
440	6232	127	6359	<nil>
440	833	171	1004	<nil>
440	158	185	343	<nil>
440	853	175	1028	<nil>
440	818	0	818	rpc error: code = Unavailable desc = transport is closing
440	795	0	795	rpc error: code = Unavailable desc = transport is closing
440	857	178	1035	<nil>
440	840	196	1036	<nil>
440	3180	189	3369	<nil>
440	853	189	1042	<nil>
440	853	175	1028	<nil>
440	5641	0	5641	rpc error: code = Unavailable desc = transport is closing
440	863	177	1040	<nil>
440	852	177	1029	<nil>
440	5878	173	6051	<nil>
440	859	174	1033	<nil>
440	807	0	807	rpc error: code = Unavailable desc = transport is closing
440	3105	182	3287	<nil>
440	806	0	806	rpc error: code = Unavailable desc = transport is closing
440	3740	0	3740	rpc error: code = Unavailable desc = transport is closing
440	852	178	1030	<nil>
440	858	174	1032	<nil>
440	843	186	1029	<nil>
440	842	191	1033	<nil>
440	861	180	1041	<nil>
440	848	181	1029	<nil>
440	836	196	1032	<nil>
440	855	175	1030	<nil>
440	1340	187	1527	<nil>
440	5934	181	6115	<nil>
440	852	182	1034	<nil>
440	824	0	824	rpc error: code = Unavailable desc = transport is closing
440	852	184	1036	<nil>
440	836	186	1022	<nil>
440	6232	190	6422	<nil>
440	843	0	843	rpc error: code = Unavailable desc = transport is closing
440	826	0	826	rpc error: code = Unavailable desc = transport is closing
440	843	0	843	rpc error: code = Unavailable desc = transport is closing
440	843	0	843	rpc error: code = Unavailable desc = transport is closing
440	851	0	851	rpc error: code = Unavailable desc = transport is closing
440	860	198	1058	<nil>
440	844	193	1037	<nil>
440	861	184	1045	<nil>
440	853	193	1046	<nil>
440	145	180	325	<nil>
440	839	200	1039	<nil>
440	841	197	1038	<nil>
440	850	187	1037	<nil>
440	860	180	1040	<nil>
440	855	187	1042	<nil>
440	870	182	1052	<nil>
440	854	185	1039	<nil>
440	851	186	1037	<nil>
440	857	168	1025	<nil>
440	798	0	798	rpc error: code = Unavailable desc = transport is closing
440	796	0	796	rpc error: code = Unavailable desc = transport is closing
440	840	0	840	rpc error: code = Unavailable desc = transport is closing
440	839	200	1039	<nil>
440	1587	186	1773	<nil>
440	845	195	1040	<nil>
440	831	196	1027	<nil>
440	862	0	862	rpc error: code = Unavailable desc = transport is closing
440	853	172	1025	<nil>
440	837	0	837	rpc error: code = Unavailable desc = transport is closing
440	814	0	814	rpc error: code = Unavailable desc = transport is closing
440	850	190	1040	<nil>
440	840	174	1014	<nil>
440	850	186	1036	<nil>
440	853	184	1037	<nil>
440	852	189	1041	<nil>
440	792	0	792	rpc error: code = Unavailable desc = transport is closing
440	844	203	1047	<nil>
440	845	202	1047	<nil>
440	153	198	351	<nil>
440	1605	200	1805	<nil>
440	857	227	1084	<nil>
440	153	308	461	<nil>
440	1376	357	1733	<nil>
440	838	359	1197	<nil>
440	828	359	1187	<nil>
440	146	358	504	<nil>
440	3169	362	3531	<nil>
440	1382	360	1742	<nil>
440	843	359	1202	<nil>
440	1711	357	2068	<nil>
440	9362	349	9711	<nil>
440	3159	358	3517	<nil>
440	2695	364	3059	<nil>
440	172	187	359	<nil>
440	173	186	359	<nil>
440	154	351	505	<nil>
440	165	185	350	<nil>
440	169	190	359	<nil>
440	166	191	357	<nil>
440	5853	166	6019	<nil>
440	187	192	379	<nil>
440	189	188	377	<nil>
440	167	8	175	<nil>
440	174	190	364	<nil>
440	234	126	360	<nil>
440	171	189	360	<nil>
440	142	21	163	<nil>
440	185	192	377	<nil>
440	209	152	361	<nil>
440	219	143	362	<nil>
440	182	197	379	<nil>
440	1544	201	1745	<nil>
440	170	188	358	<nil>
440	171	6	177	<nil>
440	173	188	361	<nil>
440	169	189	358	<nil>
440	169	192	361	<nil>
440	203	164	367	<nil>
440	168	190	358	<nil>
440	215	156	371	<nil>
440	171	8	179	<nil>
440	216	150	366	<nil>
440	204	167	371	<nil>
440	208	158	366	<nil>
440	103	139	242	<nil>
440	121	123	244	<nil>
440	206	168	374	<nil>
440	206	175	381	<nil>
440	194	150	344	<nil>
440	95	157	252	<nil>
440	104	144	248	<nil>
440	159	21	180	<nil>
440	208	160	368	<nil>
440	223	158	381	<nil>
440	163	19	182	<nil>
440	206	167	373	<nil>
440	164	19	183	<nil>
440	205	170	375	<nil>
440	163	19	182	<nil>
440	228	148	376	<nil>
440	200	169	369	<nil>
440	98	149	247	<nil>
440	154	19	173	<nil>
440	216	161	377	<nil>
440	164	20	184	<nil>
440	226	148	374	<nil>
440	109	147	256	<nil>
440	156	22	178	<nil>
440	178	29	207	<nil>
440	230	149	379	<nil>
440	98	157	255	<nil>
440	103	143	246	<nil>
440	1075	148	1223	<nil>
440	1080	143	1223	<nil>
440	95	160	255	<nil>
440	216	160	376	<nil>
440	175	7	182	<nil>
440	216	160	376	<nil>
440	232	151	383	<nil>
440	171	7	178	<nil>
440	200	171	371	<nil>
440	173	187	360	<nil>
440	111	144	255	<nil>
440	171	190	361	<nil>
440	170	7	177	<nil>
440	169	192	361	<nil>
440	206	166	372	<nil>
440	175	3	178	<nil>
440	166	13	179	<nil>
440	6455	160	6615	<nil>
440	104	149	253	<nil>
440	223	150	373	<nil>
440	172	8	180	<nil>
440	177	2	179	<nil>
440	58	160	218	<nil>
440	94	161	255	<nil>
440	216	162	378	<nil>
440	106	158	264	<nil>
440	94	170	264	<nil>
440	206	166	372	<nil>
440	209	170	379	<nil>
440	228	159	387	<nil>
440	1193	171	1364	<nil>
440	163	24	187	<nil>
440	166	21	187	<nil>
440	169	19	188	<nil>
440	111	158	269	<nil>
440	168	20	188	<nil>
440	165	24	189	<nil>
440	15010	168	15178	<nil>
440	169	20	189	<nil>
440	165	24	189	<nil>
440	103	159	262	<nil>
440	105	164	269	<nil>
440	169	21	190	<nil>
440	169	22	191	<nil>
440	169	22	191	<nil>
440	173	18	191	<nil>
440	163	29	192	<nil>
440	170	23	193	<nil>
440	150	21	171	<nil>
440	169	23	192	<nil>
440	168	24	192	<nil>
440	6561	24	6585	<nil>
440	169	25	194	<nil>
440	167	26	193	<nil>
440	169	26	195	<nil>
440	171	23	194	<nil>
440	169	26	195	<nil>
440	170	25	195	<nil>
440	172	24	196	<nil>
440	167	28	195	<nil>
440	167	27	194	<nil>
440	167	30	197	<nil>
440	169	28	197	<nil>
440	181	17	198	<nil>
440	171	27	198	<nil>
440	168	30	198	<nil>
440	163	36	199	<nil>
440	174	23	197	<nil>
440	159	37	196	<nil>
440	164	34	198	<nil>
440	168	31	199	<nil>
440	165	33	198	<nil>
440	167	32	199	<nil>
440	164	36	200	<nil>
440	105	25	130	<nil>
440	168	32	200	<nil>
440	167	24	191	<nil>
440	172	29	201	<nil>
440	169	23	192	<nil>
440	168	34	202	<nil>
440	167	35	202	<nil>
440	169	34	203	<nil>
440	179	23	202	<nil>
440	4812	28	4840	<nil>
440	168	35	203	<nil>
440	168	36	204	<nil>
440	15716	36	15752	<nil>
440	171	33	204	<nil>
440	174	31	205	<nil>
440	167	37	204	<nil>
440	169	36	205	<nil>
440	319	0	319	rpc error: code = Unavailable desc = transport is closing
440	327	0	327	rpc error: code = Unavailable desc = transport is closing
440	3122	0	3122	rpc error: code = Unavailable desc = transport is closing
440	325	0	325	rpc error: code = Unavailable desc = transport is closing
440	325	0	325	rpc error: code = Unavailable desc = transport is closing
440	323	0	323	rpc error: code = Unavailable desc = transport is closing
440	326	0	326	rpc error: code = Unavailable desc = transport is closing
440	357	0	357	rpc error: code = Unavailable desc = transport is closing
440	324	0	324	rpc error: code = Unavailable desc = transport is closing
440	323	0	323	rpc error: code = Unavailable desc = transport is closing
440	324	0	324	rpc error: code = Unavailable desc = transport is closing
440	358	0	358	rpc error: code = Unavailable desc = transport is closing
440	347	0	347	rpc error: code = Unavailable desc = transport is closing
440	326	0	326	rpc error: code = Unavailable desc = transport is closing
440	396	0	396	rpc error: code = Unavailable desc = transport is closing
440	326	0	326	rpc error: code = Unavailable desc = transport is closing
440	386	0	386	rpc error: code = Unavailable desc = transport is closing
440	326	0	326	rpc error: code = Unavailable desc = transport is closing
440	328	0	328	rpc error: code = Unavailable desc = transport is closing
440	327	0	327	rpc error: code = Unavailable desc = transport is closing
440	389	0	389	rpc error: code = Unavailable desc = transport is closing
440	254	0	254	rpc error: code = Unavailable desc = transport is closing
440	358	0	358	rpc error: code = Unavailable desc = transport is closing
440	328	0	328	rpc error: code = Unavailable desc = transport is closing
440	327	0	327	rpc error: code = Unavailable desc = transport is closing
440	361	0	361	rpc error: code = Unavailable desc = transport is closing
440	5498	0	5498	rpc error: code = Unavailable desc = transport is closing
440	323	0	323	rpc error: code = Unavailable desc = transport is closing
440	395	0	395	rpc error: code = Unavailable desc = transport is closing
440	323	0	323	rpc error: code = Unavailable desc = transport is closing
440	330	0	330	rpc error: code = Unavailable desc = transport is closing
440	329	0	329	rpc error: code = Unavailable desc = transport is closing
440	328	0	328	rpc error: code = Unavailable desc = transport is closing
440	329	0	329	rpc error: code = Unavailable desc = transport is closing
440	242	0	242	rpc error: code = Unavailable desc = transport is closing
440	394	0	394	rpc error: code = Unavailable desc = transport is closing
440	330	0	330	rpc error: code = Unavailable desc = transport is closing
440	320	0	320	rpc error: code = Unavailable desc = transport is closing
440	323	0	323	rpc error: code = Unavailable desc = transport is closing
440	3005	0	3005	rpc error: code = Unavailable desc = transport is closing
440	329	0	329	rpc error: code = Unavailable desc = transport is closing
440	339	0	339	rpc error: code = Unavailable desc = transport is closing
440	363	0	363	rpc error: code = Unavailable desc = transport is closing
440	357	0	357	rpc error: code = Unavailable desc = transport is closing
440	336	0	336	rpc error: code = Unavailable desc = transport is closing
440	334	0	334	rpc error: code = Unavailable desc = transport is closing
440	399	0	399	rpc error: code = Unavailable desc = transport is closing
440	333	0	333	rpc error: code = Unavailable desc = transport is closing
440	3010	0	3010	rpc error: code = Unavailable desc = transport is closing
440	338	0	338	rpc error: code = Unavailable desc = transport is closing
440	334	0	334	rpc error: code = Unavailable desc = transport is closing
440	328	0	328	rpc error: code = Unavailable desc = transport is closing
440	2739	0	2739	rpc error: code = Unavailable desc = transport is closing
440	332	0	332	rpc error: code = Unavailable desc = transport is closing
440	354	0	354	rpc error: code = Unavailable desc = transport is closing
440	333	0	333	rpc error: code = Unavailable desc = transport is closing
440	332	0	332	rpc error: code = Unavailable desc = transport is closing
440	342	0	342	rpc error: code = Unavailable desc = transport is closing
440	342	0	342	rpc error: code = Unavailable desc = transport is closing
440	359	0	359	rpc error: code = Unavailable desc = transport is closing
440	342	0	342	rpc error: code = Unavailable desc = transport is closing
440	343	0	343	rpc error: code = Unavailable desc = transport is closing
440	344	0	344	rpc error: code = Unavailable desc = transport is closing
440	345	0	345	rpc error: code = Unavailable desc = transport is closing
440	3022	0	3022	rpc error: code = Unavailable desc = transport is closing
440	254	0	254	rpc error: code = Unavailable desc = transport is closing
440	3023	0	3023	rpc error: code = Unavailable desc = transport is closing
440	260	0	260	rpc error: code = Unavailable desc = transport is closing
440	3032	0	3032	rpc error: code = Unavailable desc = transport is closing
440	261	0	261	rpc error: code = Unavailable desc = transport is closing
440	352	0	352	rpc error: code = Unavailable desc = transport is closing
440	5966	0	5966	rpc error: code = Unavailable desc = transport is closing
440	389	0	389	rpc error: code = Unavailable desc = transport is closing
440	274	119	393	<nil>
440	309	116	425	<nil>
440	350	0	350	rpc error: code = Unavailable desc = transport is closing
440	306	116	422	<nil>
440	385	0	385	rpc error: code = Unavailable desc = transport is closing
440	300	0	300	rpc error: code = Unavailable desc = transport is closing
440	391	0	391	rpc error: code = Unavailable desc = transport is closing
440	391	0	391	rpc error: code = Unavailable desc = transport is closing
440	391	0	391	rpc error: code = Unavailable desc = transport is closing
440	271	0	271	rpc error: code = Unavailable desc = transport is closing
440	299	212	511	<nil>
440	311	0	311	rpc error: code = Unavailable desc = transport is closing
440	313	213	526	<nil>
440	308	0	308	rpc error: code = Unavailable desc = transport is closing
440	270	0	270	rpc error: code = Unavailable desc = transport is closing
440	310	216	526	<nil>
440	295	216	511	<nil>
440	258	216	474	<nil>
440	310	217	527	<nil>
440	272	0	272	rpc error: code = Unavailable desc = transport is closing
440	311	216	527	<nil>
440	287	217	504	<nil>
440	370	0	370	rpc error: code = Unavailable desc = transport is closing
440	314	0	314	rpc error: code = Unavailable desc = transport is closing
440	269	0	269	rpc error: code = Unavailable desc = transport is closing
440	403	0	403	rpc error: code = Unavailable desc = transport is closing
440	383	0	383	rpc error: code = Unavailable desc = transport is closing
440	377	0	377	rpc error: code = Unavailable desc = transport is closing
440	290	0	290	rpc error: code = Unavailable desc = transport is closing
440	286	0	286	rpc error: code = Unavailable desc = transport is closing
440	327	0	327	rpc error: code = Unavailable desc = transport is closing
440	391	0	391	rpc error: code = Unavailable desc = transport is closing
440	3074	0	3074	rpc error: code = Unavailable desc = transport is closing
440	282	0	282	rpc error: code = Unavailable desc = transport is closing
440	383	0	383	rpc error: code = Unavailable desc = transport is closing
440	289	0	289	rpc error: code = Unavailable desc = transport is closing
440	399	0	399	rpc error: code = Unavailable desc = transport is closing
440	372	0	372	rpc error: code = Unavailable desc = transport is closing
440	383	0	383	rpc error: code = Unavailable desc = transport is closing
440	381	0	381	rpc error: code = Unavailable desc = transport is closing
440	405	0	405	rpc error: code = Unavailable desc = transport is closing
440	389	0	389	rpc error: code = Unavailable desc = transport is closing
440	368	0	368	rpc error: code = Unavailable desc = transport is closing
440	375	0	375	rpc error: code = Unavailable desc = transport is closing
440	453	0	453	rpc error: code = Unavailable desc = transport is closing
440	377	0	377	rpc error: code = Unavailable desc = transport is closing
440	431	0	431	rpc error: code = Unavailable desc = transport is closing
440	401	0	401	rpc error: code = Unavailable desc = transport is closing
440	416	0	416	rpc error: code = Unavailable desc = transport is closing
440	397	0	397	rpc error: code = Unavailable desc = transport is closing
440	397	0	397	rpc error: code = Unavailable desc = transport is closing
440	440	0	440	rpc error: code = Unavailable desc = transport is closing
440	392	0	392	rpc error: code = Unavailable desc = transport is closing
440	382	0	382	rpc error: code = Unavailable desc = transport is closing
440	438	0	438	rpc error: code = Unavailable desc = transport is closing
440	385	0	385	rpc error: code = Unavailable desc = transport is closing
440	418	0	418	rpc error: code = Unavailable desc = transport is closing
440	394	0	394	rpc error: code = Unavailable desc = transport is closing
440	431	0	431	rpc error: code = Unavailable desc = transport is closing
440	394	0	394	rpc error: code = Unavailable desc = transport is closing
440	4839	0	4839	rpc error: code = Unavailable desc = transport is closing
440	374	0	374	rpc error: code = Unavailable desc = transport is closing
440	404	0	404	rpc error: code = Unavailable desc = transport is closing
440	16126	0	16126	rpc error: code = Unavailable desc = transport is closing
440	435	0	435	rpc error: code = Unavailable desc = transport is closing
440	392	0	392	rpc error: code = Unavailable desc = transport is closing
440	397	0	397	rpc error: code = Unavailable desc = transport is closing
440	386	0	386	rpc error: code = Unavailable desc = transport is closing
440	396	0	396	rpc error: code = Unavailable desc = transport is closing
440	434	0	434	rpc error: code = Unavailable desc = transport is closing
440	390	0	390	rpc error: code = Unavailable desc = transport is closing
440	387	0	387	rpc error: code = Unavailable desc = transport is closing
440	435	0	435	rpc error: code = Unavailable desc = transport is closing
440	429	0	429	rpc error: code = Unavailable desc = transport is closing
440	420	0	420	rpc error: code = Unavailable desc = transport is closing
440	425	0	425	rpc error: code = Unavailable desc = transport is closing
440	385	0	385	rpc error: code = Unavailable desc = transport is closing
440	434	0	434	rpc error: code = Unavailable desc = transport is closing
440	450	0	450	rpc error: code = Unavailable desc = transport is closing
440	416	0	416	rpc error: code = Unavailable desc = transport is closing
440	427	0	427	rpc error: code = Unavailable desc = transport is closing
440	428	0	428	rpc error: code = Unavailable desc = transport is closing
440	428	0	428	rpc error: code = Unavailable desc = transport is closing
440	433	0	433	rpc error: code = Unavailable desc = transport is closing
440	434	0	434	rpc error: code = Unavailable desc = transport is closing
440	395	0	395	rpc error: code = Unavailable desc = transport is closing
440	396	0	396	rpc error: code = Unavailable desc = transport is closing
440	431	0	431	rpc error: code = Unavailable desc = transport is closing
440	427	0	427	rpc error: code = Unavailable desc = transport is closing
440	381	0	381	rpc error: code = Unavailable desc = transport is closing
440	396	0	396	rpc error: code = Unavailable desc = transport is closing
440	385	0	385	rpc error: code = Unavailable desc = transport is closing
440	451	224	675	<nil>
440	448	232	680	<nil>
440	439	238	677	<nil>
440	473	183	656	<nil>
440	493	185	678	<nil>
440	221	169	390	<nil>
440	487	192	679	<nil>
440	486	192	678	<nil>
440	486	192	678	<nil>
440	494	186	680	<nil>
440	5315	180	5495	<nil>
440	492	185	677	<nil>
440	461	198	659	<nil>
440	469	185	654	<nil>
440	469	185	654	<nil>
440	493	186	679	<nil>
440	470	184	654	<nil>
440	223	169	392	<nil>
440	471	182	653	<nil>
440	462	191	653	<nil>
440	257	190	447	<nil>
440	257	190	447	<nil>
440	255	190	445	<nil>
440	260	186	446	<nil>
440	257	191	448	<nil>
440	282	164	446	<nil>
440	272	175	447	<nil>
440	281	167	448	<nil>
440	275	176	451	<nil>
440	303	148	451	<nil>
440	276	179	455	<nil>
440	271	179	450	<nil>
440	272	180	452	<nil>
440	275	179	454	<nil>
440	275	179	454	<nil>
440	188	170	358	<nil>
440	5379	180	5559	<nil>
440	272	179	451	<nil>
440	193	87	280	<nil>
440	275	180	455	<nil>
440	283	169	452	<nil>
440	271	180	451	<nil>
440	177	96	273	<nil>
440	183	96	279	<nil>
440	186	87	273	<nil>
440	269	108	377	<nil>
440	287	108	395	<nil>
440	269	108	377	<nil>
440	199	97	296	<nil>
440	282	108	390	<nil>
440	177	96	273	<nil>
440	185	88	273	<nil>
440	1203	96	1299	<nil>
440	177	96	273	<nil>
440	1183	94	1277	<nil>
440	1225	106	1331	<nil>
440	224	106	330	<nil>
440	289	109	398	<nil>
440	179	94	273	<nil>
440	289	110	399	<nil>
440	288	110	398	<nil>
440	5503	96	5599	<nil>
440	226	79	305	<nil>
440	226	72	298	<nil>
440	1211	72	1283	<nil>
440	193	112	305	<nil>
440	226	72	298	<nil>
440	228	72	300	<nil>
440	275	179	454	<nil>
440	185	94	279	<nil>
440	226	78	304	<nil>
440	226	75	301	<nil>
440	178	178	356	<nil>
440	180	177	357	<nil>
440	180	177	357	<nil>
440	192	180	372	<nil>
440	182	176	358	<nil>
440	182	179	361	<nil>
440	227	184	411	<nil>
440	226	186	412	<nil>
440	178	179	357	<nil>
440	243	150	393	<nil>
440	253	139	392	<nil>
440	244	154	398	<nil>
440	250	149	399	<nil>
440	255	140	395	<nil>
440	238	155	393	<nil>
440	258	135	393	<nil>
440	269	133	402	<nil>
440	275	124	399	<nil>
440	258	140	398	<nil>
440	276	124	400	<nil>
440	276	125	401	<nil>
440	262	139	401	<nil>
440	337	64	401	<nil>
440	287	115	402	<nil>
440	268	141	409	<nil>
440	247	159	406	<nil>
440	276	126	402	<nil>
440	279	130	409	<nil>
440	287	115	402	<nil>
440	271	134	405	<nil>
440	298	118	416	<nil>
440	245	170	415	<nil>
440	298	117	415	<nil>
440	1195	140	1335	<nil>
440	335	64	399	<nil>
440	276	140	416	<nil>
440	286	115	401	<nil>
440	288	114	402	<nil>
440	237	180	417	<nil>
440	286	148	434	<nil>
440	285	149	434	<nil>
440	288	157	445	<nil>
440	295	141	436	<nil>
440	260	177	437	<nil>
440	287	149	436	<nil>
440	299	138	437	<nil>
440	214	112	326	<nil>
440	261	176	437	<nil>
440	325	119	444	<nil>
440	273	161	434	<nil>
440	222	106	328	<nil>
440	178	149	327	<nil>
440	179	149	328	<nil>
440	178	149	327	<nil>
440	205	121	326	<nil>
440	245	84	329	<nil>
440	296	142	438	<nil>
440	185	141	326	<nil>
440	187	139	326	<nil>
440	176	166	342	<nil>
440	217	148	365	<nil>
440	176	282	458	<nil>
440	177	284	461	<nil>
440	194	211	405	<nil>
440	212	248	460	<nil>
440	5307	284	5591	<nil>
440	181	228	409	<nil>
440	166	294	460	<nil>
440	232	228	460	<nil>
440	199	212	411	<nil>
440	200	211	411	<nil>
440	249	211	460	<nil>
440	194	214	408	<nil>
440	194	213	407	<nil>
440	211	251	462	<nil>
440	220	195	415	<nil>
440	177	285	462	<nil>
440	199	210	409	<nil>
440	237	160	397	<nil>
440	234	159	393	<nil>
440	2731	203	2934	<nil>
440	192	164	356	<nil>
440	245	152	397	<nil>
440	237	160	397	<nil>
440	284	113	397	<nil>
440	2733	199	2932	<nil>
440	185	200	385	<nil>
440	193	162	355	<nil>
440	233	163	396	<nil>
440	1254	162	1416	<nil>
440	195	159	354	<nil>
440	2684	161	2845	<nil>
440	5185	161	5346	<nil>
440	220	200	420	<nil>
440	5454	169	5623	<nil>
440	219	200	419	<nil>
440	2820	113	2933	<nil>
440	235	162	397	<nil>
440	199	162	361	<nil>
440	2742	162	2904	<nil>
440	197	163	360	<nil>
440	200	161	361	<nil>
440	203	162	365	<nil>
440	2757	162	2919	<nil>
440	198	163	361	<nil>
440	1193	162	1355	<nil>
440	196	164	360	<nil>
440	180	175	355	<nil>
440	195	173	368	<nil>
440	194	175	369	<nil>
440	165	175	340	<nil>
440	198	163	361	<nil>
440	195	173	368	<nil>
440	196	163	359	<nil>
440	198	163	361	<nil>
440	191	177	368	<nil>
440	1216	200	1416	<nil>
440	258	138	396	<nil>
440	247	137	384	<nil>
440	282	146	428	<nil>
440	299	98	397	<nil>
440	1255	169	1424	<nil>
440	3183	145	3328	<nil>
440	2807	168	2975	<nil>
440	2830	184	3014	<nil>
440	282	260	542	<nil>
440	153	285	438	<nil>
440	5522	283	5805	<nil>
440	281	262	543	<nil>
440	147	285	432	<nil>
440	192	206	398	<nil>
440	139	284	423	<nil>
440	184	212	396	<nil>
440	188	210	398	<nil>
440	192	206	398	<nil>
440	192	205	397	<nil>
440	187	209	396	<nil>
440	186	212	398	<nil>
440	284	151	435	<nil>
440	3230	151	3381	<nil>
440	283	129	412	<nil>
440	276	130	406	<nil>
440	308	127	435	<nil>
440	299	129	428	<nil>
440	290	136	426	<nil>
440	280	152	432	<nil>
440	299	128	427	<nil>
440	303	129	432	<nil>
440	280	150	430	<nil>
440	316	130	446	<nil>
440	312	129	441	<nil>
440	49689	112	49801	<nil>
440	325	116	441	<nil>
440	345	133	478	<nil>
440	318	1110	1428	<nil>
440	350	1112	1462	<nil>
440	3429	1111	4540	<nil>
440	309	1104	1413	<nil>
440	3065	1111	4176	<nil>
440	308	1104	1412	<nil>
440	345	1111	1456	<nil>
440	357	1100	1457	<nil>
440	303	1101	1404	<nil>
440	344	1101	1445	<nil>
440	1318	1101	2419	<nil>
440	345	1086	1431	<nil>
440	350	1106	1456	<nil>
440	329	1101	1430	<nil>
440	352	1101	1453	<nil>
440	370	1087	1457	<nil>
440	350	1101	1451	<nil>
440	364	1087	1451	<nil>
440	330	1100	1430	<nil>
440	368	1087	1455	<nil>
440	3308	1100	4408	<nil>
440	3441	1102	4543	<nil>
440	341	1091	1432	<nil>
440	368	1092	1460	<nil>
440	330	1102	1432	<nil>
440	329	1103	1432	<nil>
440	347	1090	1437	<nil>
440	311	1090	1401	<nil>
440	488	0	488	rpc error: code = Unavailable desc = transport is closing
440	195	0	195	rpc error: code = Unavailable desc = transport is closing
440	26684	0	26684	rpc error: code = Unavailable desc = transport is closing
440	3512	1086	4598	<nil>
440	273	0	273	rpc error: code = Unavailable desc = transport is closing
440	256	0	256	rpc error: code = Unavailable desc = transport is closing
440	259	0	259	rpc error: code = Unavailable desc = transport is closing
440	274	0	274	rpc error: code = Unavailable desc = transport is closing
440	275	0	275	rpc error: code = Unavailable desc = transport is closing
440	272	0	272	rpc error: code = Unavailable desc = transport is closing
440	3139	1087	4226	<nil>
440	272	0	272	rpc error: code = Unavailable desc = transport is closing
440	254	0	254	rpc error: code = Unavailable desc = transport is closing
440	222	0	222	rpc error: code = Unavailable desc = transport is closing
440	433	0	433	rpc error: code = Unavailable desc = transport is closing
440	254	0	254	rpc error: code = Unavailable desc = transport is closing
440	275	0	275	rpc error: code = Unavailable desc = transport is closing
440	274	0	274	rpc error: code = Unavailable desc = transport is closing
440	271	0	271	rpc error: code = Unavailable desc = transport is closing
440	286	0	286	rpc error: code = Unavailable desc = transport is closing
440	287	0	287	rpc error: code = Unavailable desc = transport is closing
440	222	0	222	rpc error: code = Unavailable desc = transport is closing
440	270	0	270	rpc error: code = Unavailable desc = transport is closing
440	429	0	429	rpc error: code = Unavailable desc = transport is closing
440	411	0	411	rpc error: code = Unavailable desc = transport is closing
440	430	0	430	rpc error: code = Unavailable desc = transport is closing
440	254	0	254	rpc error: code = Unavailable desc = transport is closing
440	435	0	435	rpc error: code = Unavailable desc = transport is closing
440	323	0	323	rpc error: code = Unavailable desc = transport is closing
440	410	0	410	rpc error: code = Unavailable desc = transport is closing
440	299	0	299	rpc error: code = Unavailable desc = transport is closing
440	433	0	433	rpc error: code = Unavailable desc = transport is closing
440	435	0	435	rpc error: code = Unavailable desc = transport is closing
440	427	0	427	rpc error: code = Unavailable desc = transport is closing
440	423	0	423	rpc error: code = Unavailable desc = transport is closing
440	408	0	408	rpc error: code = Unavailable desc = transport is closing
440	224	0	224	rpc error: code = Unavailable desc = transport is closing
440	224	0	224	rpc error: code = Unavailable desc = transport is closing
440	5006	0	5006	rpc error: code = Unavailable desc = transport is closing
440	225	0	225	rpc error: code = Unavailable desc = transport is closing
440	425	0	425	rpc error: code = Unavailable desc = transport is closing
440	427	0	427	rpc error: code = Unavailable desc = transport is closing
440	433	0	433	rpc error: code = Unavailable desc = transport is closing
440	435	0	435	rpc error: code = Unavailable desc = transport is closing
440	424	0	424	rpc error: code = Unavailable desc = transport is closing
440	431	0	431	rpc error: code = Unavailable desc = transport is closing
440	226	0	226	rpc error: code = Unavailable desc = transport is closing
440	413	0	413	rpc error: code = Unavailable desc = transport is closing
440	434	0	434	rpc error: code = Unavailable desc = transport is closing
440	225	0	225	rpc error: code = Unavailable desc = transport is closing
440	413	0	413	rpc error: code = Unavailable desc = transport is closing
440	433	0	433	rpc error: code = Unavailable desc = transport is closing
440	431	0	431	rpc error: code = Unavailable desc = transport is closing
440	429	0	429	rpc error: code = Unavailable desc = transport is closing
440	429	0	429	rpc error: code = Unavailable desc = transport is closing
440	410	0	410	rpc error: code = Unavailable desc = transport is closing
440	413	0	413	rpc error: code = Unavailable desc = transport is closing
440	439	0	439	rpc error: code = Unavailable desc = transport is closing
440	427	0	427	rpc error: code = Unavailable desc = transport is closing
440	424	0	424	rpc error: code = Unavailable desc = transport is closing
440	430	0	430	rpc error: code = Unavailable desc = transport is closing
440	429	0	429	rpc error: code = Unavailable desc = transport is closing
440	430	0	430	rpc error: code = Unavailable desc = transport is closing
440	430	0	430	rpc error: code = Unavailable desc = transport is closing
440	423	0	423	rpc error: code = Unavailable desc = transport is closing
440	414	0	414	rpc error: code = Unavailable desc = transport is closing
440	437	0	437	rpc error: code = Unavailable desc = transport is closing
440	434	0	434	rpc error: code = Unavailable desc = transport is closing
440	431	0	431	rpc error: code = Unavailable desc = transport is closing
440	436	0	436	rpc error: code = Unavailable desc = transport is closing
440	412	0	412	rpc error: code = Unavailable desc = transport is closing
440	432	0	432	rpc error: code = Unavailable desc = transport is closing
440	414	0	414	rpc error: code = Unavailable desc = transport is closing
440	429	0	429	rpc error: code = Unavailable desc = transport is closing
440	437	0	437	rpc error: code = Unavailable desc = transport is closing
440	424	0	424	rpc error: code = Unavailable desc = transport is closing
440	414	0	414	rpc error: code = Unavailable desc = transport is closing
440	414	0	414	rpc error: code = Unavailable desc = transport is closing
440	438	0	438	rpc error: code = Unavailable desc = transport is closing
440	406	0	406	rpc error: code = Unavailable desc = transport is closing
440	417	0	417	rpc error: code = Unavailable desc = transport is closing
440	427	0	427	rpc error: code = Unavailable desc = transport is closing
440	432	0	432	rpc error: code = Unavailable desc = transport is closing
440	422	0	422	rpc error: code = Unavailable desc = transport is closing
440	422	0	422	rpc error: code = Unavailable desc = transport is closing
440	9037	0	9037	rpc error: code = Unavailable desc = transport is closing
440	420	0	420	rpc error: code = Unavailable desc = transport is closing
440	431	0	431	rpc error: code = Unavailable desc = transport is closing
440	452	0	452	rpc error: code = Unavailable desc = transport is closing
440	285	0	285	rpc error: code = Unavailable desc = transport is closing
440	270	0	270	rpc error: code = Unavailable desc = transport is closing
440	284	0	284	rpc error: code = Unavailable desc = transport is closing
440	270	0	270	rpc error: code = Unavailable desc = transport is closing
440	269	0	269	rpc error: code = Unavailable desc = transport is closing
440	286	0	286	rpc error: code = Unavailable desc = transport is closing
440	288	0	288	rpc error: code = Unavailable desc = transport is closing
440	288	0	288	rpc error: code = Unavailable desc = transport is closing
440	288	0	288	rpc error: code = Unavailable desc = transport is closing
440	341	1234	1575	<nil>
440	288	0	288	rpc error: code = Unavailable desc = transport is closing
440	182	0	182	rpc error: code = Unavailable desc = transport is closing
440	182	0	182	rpc error: code = Unavailable desc = transport is closing
440	179	0	179	rpc error: code = Unavailable desc = transport is closing
440	267	0	267	rpc error: code = Unavailable desc = transport is closing
440	222	0	222	rpc error: code = Unavailable desc = transport is closing
440	267	0	267	rpc error: code = Unavailable desc = transport is closing
440	186	0	186	rpc error: code = Unavailable desc = transport is closing
440	275	0	275	rpc error: code = Unavailable desc = transport is closing
440	257	0	257	rpc error: code = Unavailable desc = transport is closing
440	255	0	255	rpc error: code = Unavailable desc = transport is closing
440	273	0	273	rpc error: code = Unavailable desc = transport is closing
440	5551	0	5551	rpc error: code = Unavailable desc = transport is closing
440	274	0	274	rpc error: code = Unavailable desc = transport is closing
440	486	0	486	rpc error: code = Unavailable desc = transport is closing
440	272	0	272	rpc error: code = Unavailable desc = transport is closing
440	271	0	271	rpc error: code = Unavailable desc = transport is closing
440	289	0	289	rpc error: code = Unavailable desc = transport is closing
440	471	0	471	rpc error: code = Unavailable desc = transport is closing
440	272	0	272	rpc error: code = Unavailable desc = transport is closing
440	470	0	470	rpc error: code = Unavailable desc = transport is closing
440	468	0	468	rpc error: code = Unavailable desc = transport is closing
440	270	1294	1564	<nil>
440	261	0	261	rpc error: code = Unavailable desc = transport is closing
440	268	1277	1545	<nil>
440	271	0	271	rpc error: code = Unavailable desc = transport is closing
440	189	0	189	rpc error: code = Unavailable desc = transport is closing
440	194	0	194	rpc error: code = Unavailable desc = transport is closing
440	287	0	287	rpc error: code = Unavailable desc = transport is closing
440	257	0	257	rpc error: code = Unavailable desc = transport is closing
440	273	1295	1568	<nil>
440	474	0	474	rpc error: code = Unavailable desc = transport is closing
440	273	1293	1566	<nil>
440	272	0	272	rpc error: code = Unavailable desc = transport is closing
440	3154	1299	4453	<nil>
440	3150	1298	4448	<nil>
440	273	1297	1570	<nil>
440	3523	1298	4821	<nil>
440	273	1298	1571	<nil>
440	269	1299	1568	<nil>
440	314	1282	1596	<nil>
440	5873	1299	7172	<nil>
440	3542	1315	4857	<nil>
440	270	1341	1611	<nil>
440	320	1335	1655	<nil>
440	372	1334	1706	<nil>
440	320	1346	1666	<nil>
440	317	1353	1670	<nil>
440	320	1349	1669	<nil>
440	320	1363	1683	<nil>
440	258	1372	1630	<nil>
440	321	1377	1698	<nil>
440	4536	407	4943	<nil>
440	292	1381	1673	<nil>
440	4505	407	4912	<nil>
440	295	1381	1676	<nil>
440	293	1380	1673	<nil>
440	3187	1381	4568	<nil>
440	1266	439	1705	<nil>
440	1266	439	1705	<nil>
440	4173	440	4613	<nil>
440	1265	441	1706	<nil>
440	4536	441	4977	<nil>
440	1320	418	1738	<nil>
440	1275	437	1712	<nil>
440	1265	443	1708	<nil>
440	4197	414	4611	<nil>
440	1296	414	1710	<nil>
440	1275	444	1719	<nil>
440	4562	426	4988	<nil>
440	1278	447	1725	<nil>
440	4576	415	4991	<nil>
440	4331	437	4768	<nil>
440	1287	447	1734	<nil>
440	4562	448	5010	<nil>
440	1289	490	1779	<nil>
440	1210	504	1714	<nil>
440	4253	478	4731	<nil>
440	2184	486	2670	<nil>
440	4559	496	5055	<nil>
440	1316	498	1814	<nil>
440	3837	488	4325	<nil>
440	1155	509	1664	<nil>
440	4583	479	5062	<nil>
440	10071	514	10585	<nil>
440	1167	503	1670	<nil>
440	1277	514	1791	<nil>
440	1123	483	1606	<nil>
440	1125	482	1607	<nil>
440	1135	472	1607	<nil>
440	1165	503	1668	<nil>
440	1289	503	1792	<nil>
440	2161	516	2677	<nil>
440	1155	515	1670	<nil>
440	1274	515	1789	<nil>
440	1124	521	1645	<nil>
440	1126	519	1645	<nil>
460	1161	562	1723	<nil>
460	1137	556	1693	<nil>
460	1138	556	1694	<nil>
460	1138	557	1695	<nil>
460	6683	559	7242	<nil>
460	1138	560	1698	<nil>
460	1138	560	1698	<nil>
460	28497	559	29056	<nil>
460	1344	299	1643	<nil>
460	1340	308	1648	<nil>
460	1407	236	1643	<nil>
460	1343	300	1643	<nil>
460	1399	244	1643	<nil>
460	1278	313	1591	<nil>
460	1342	300	1642	<nil>
460	1328	314	1642	<nil>
460	1330	314	1644	<nil>
460	1363	286	1649	<nil>
460	1339	309	1648	<nil>
460	1332	318	1650	<nil>
460	399	227	626	<nil>
460	1292	306	1598	<nil>
460	402	224	626	<nil>
460	404	222	626	<nil>
460	18315	307	18622	<nil>
460	400	225	625	<nil>
460	1292	379	1671	<nil>
460	404	309	713	<nil>
460	403	308	711	<nil>
460	400	308	708	<nil>
460	413	299	712	<nil>
460	401	313	714	<nil>
460	459	251	710	<nil>
460	403	309	712	<nil>
460	459	251	710	<nil>
460	410	300	710	<nil>
460	403	312	715	<nil>
460	400	309	709	<nil>
460	436	278	714	<nil>
460	401	310	711	<nil>
460	462	238	700	<nil>
460	430	285	715	<nil>
460	461	209	670	<nil>
460	1471	224	1695	<nil>
460	496	170	666	<nil>
460	501	164	665	<nil>
460	500	166	666	<nil>
460	501	166	667	<nil>
460	499	167	666	<nil>
460	506	167	673	<nil>
460	477	218	695	<nil>
460	489	183	672	<nil>
460	493	172	665	<nil>
460	498	167	665	<nil>
460	496	171	667	<nil>
460	498	170	668	<nil>
460	1495	207	1702	<nil>
460	499	170	669	<nil>
460	498	128	626	<nil>
460	537	138	675	<nil>
460	491	168	659	<nil>
460	499	171	670	<nil>
460	489	176	665	<nil>
460	463	206	669	<nil>
460	465	132	597	<nil>
460	433	131	564	<nil>
460	540	129	669	<nil>
460	541	127	668	<nil>
460	455	35	490	<nil>
460	337	136	473	<nil>
460	481	189	670	<nil>
460	492	182	674	<nil>
460	489	176	665	<nil>
460	42017	129	42146	<nil>
460	536	133	669	<nil>
460	483	170	653	<nil>
460	575	49	624	<nil>
460	492	175	667	<nil>
460	605	131	736	<nil>
460	600	140	740	<nil>
460	537	144	681	<nil>
460	335	135	470	<nil>
460	602	139	741	<nil>
460	442	140	582	<nil>
460	540	130	670	<nil>
460	497	176	673	<nil>
460	292	132	424	<nil>
460	493	176	669	<nil>
460	230	135	365	<nil>
460	542	132	674	<nil>
460	545	130	675	<nil>
460	599	142	741	<nil>
460	596	141	737	<nil>
460	449	36	485	<nil>
460	603	36	639	<nil>
460	537	50	587	<nil>
460	3130	39	3169	<nil>
460	248	41	289	<nil>
460	243	53	296	<nil>
460	505	43	548	<nil>
460	408	44	452	<nil>
460	551	44	595	<nil>
460	523	44	567	<nil>
460	247	41	288	<nil>
460	503	44	547	<nil>
460	244	45	289	<nil>
460	521	47	568	<nil>
460	255	45	300	<nil>
460	262	46	308	<nil>
460	501	44	545	<nil>
460	435	47	482	<nil>
460	443	45	488	<nil>
460	451	40	491	<nil>
460	191	42	233	<nil>
460	631	45	676	<nil>
460	446	42	488	<nil>
460	281	45	326	<nil>
460	563	48	611	<nil>
460	554	47	601	<nil>
460	563	48	611	<nil>
460	563	49	612	<nil>
460	482	53	535	<nil>
460	273	46	319	<nil>
460	470	49	519	<nil>
460	462	49	511	<nil>
460	457	49	506	<nil>
460	589	47	636	<nil>
460	273	46	319	<nil>
460	260	46	306	<nil>
460	281	75	356	<nil>
460	512	20	532	<nil>
460	272	64	336	<nil>
460	222	71	293	<nil>
460	310	68	378	<nil>
460	534	2	536	<nil>
460	311	70	381	<nil>
460	126	74	200	<nil>
460	168	77	245	<nil>
460	742	6	748	<nil>
460	216	76	292	<nil>
460	741	8	749	<nil>
460	567	89	656	<nil>
460	9497	78	9575	<nil>
460	597	62	659	<nil>
460	588	62	650	<nil>
460	588	65	653	<nil>
460	588	63	651	<nil>
460	515	53	568	<nil>
460	501	57	558	<nil>
460	581	34	615	<nil>
460	551	9	560	<nil>
460	162	74	236	<nil>
460	564	62	626	<nil>
460	118	75	193	<nil>
460	518	50	568	<nil>
460	561	75	636	<nil>
460	579	77	656	<nil>
460	467	68	535	<nil>
460	228	11	239	<nil>
460	469	70	539	<nil>
460	10606	70	10676	<nil>
460	124	73	197	<nil>
460	281	84	365	<nil>
460	740	8	748	<nil>
460	745	6	751	<nil>
460	737	8	745	<nil>
460	293	5	298	<nil>
460	353	4	357	<nil>
460	734	10	744	<nil>
460	415	9	424	<nil>
460	699	7	706	<nil>
460	460	6	466	<nil>
460	738	5	743	<nil>
460	738	6	744	<nil>
460	310	77	387	<nil>
460	728	5	733	<nil>
460	733	7	740	<nil>
460	579	76	655	<nil>
460	590	0	590	<nil>
460	742	7	749	<nil>
460	739	7	746	<nil>
460	4867	76	4943	<nil>
460	738	7	745	<nil>
460	2689	82	2771	<nil>
460	308	66	374	<nil>
460	6794	10	6804	<nil>
460	510	57	567	<nil>
460	748	11	759	<nil>
460	562	58	620	<nil>
460	744	10	754	<nil>
460	559	60	619	<nil>
460	215	63	278	<nil>
460	561	62	623	<nil>
460	559	60	619	<nil>
460	572	63	635	<nil>
460	510	46	556	<nil>
460	580	63	643	<nil>
460	272	63	335	<nil>
460	567	24	591	<nil>
460	519	48	567	<nil>
460	451	32	483	<nil>
460	518	47	565	<nil>
460	517	51	568	<nil>
460	515	52	567	<nil>
460	488	49	537	<nil>
460	182	63	245	<nil>
460	486	54	540	<nil>
460	3203	56	3259	<nil>
460	515	56	571	<nil>
460	698	23	721	<nil>
460	408	7	415	<nil>
460	632	73	705	<nil>
460	234	22	256	<nil>
460	751	23	774	<nil>
460	511	55	566	<nil>
460	2800	63	2863	<nil>
460	581	75	656	<nil>
460	759	25	784	<nil>
460	203	23	226	<nil>
460	259	24	283	<nil>
460	225	8	233	<nil>
460	501	41	542	<nil>
460	2794	24	2818	<nil>
460	486	57	543	<nil>
460	516	60	576	<nil>
460	467	61	528	<nil>
460	210	24	234	<nil>
460	271	10	281	<nil>
460	411	8	419	<nil>
460	518	59	577	<nil>
460	517	58	575	<nil>
460	743	26	769	<nil>
460	226	9	235	<nil>
460	459	76	535	<nil>
460	2772	11	2783	<nil>
460	224	13	237	<nil>
460	228	10	238	<nil>
460	231	7	238	<nil>
460	231	8	239	<nil>
460	227	12	239	<nil>
460	268	12	280	<nil>
460	228	11	239	<nil>
460	452	7	459	<nil>
460	222	16	238	<nil>
460	266	14	280	<nil>
460	255	12	267	<nil>
460	331	71	402	<nil>
460	25683	4	25687	<nil>
460	2792	3	2795	<nil>
460	738	7	745	<nil>
460	6406	5	6411	<nil>
460	335	4	339	<nil>
460	785	6	791	<nil>
460	449	10	459	<nil>
460	787	4	791	<nil>
460	470	6	476	<nil>
460	371	3	374	<nil>
460	334	4	338	<nil>
460	695	5	700	<nil>
460	747	4	751	<nil>
460	738	5	743	<nil>
460	694	5	699	<nil>
460	9916	4	9920	<nil>
460	333	4	337	<nil>
460	5022	5	5027	<nil>
460	744	9	753	<nil>
460	295	1	296	<nil>
460	745	6	751	<nil>
460	457	0	457	<nil>
460	251	0	251	<nil>
460	2676	123	2799	<nil>
460	1230	21	1251	<nil>
460	404	139	543	<nil>
460	511	30	541	<nil>
460	414	121	535	<nil>
460	1230	26	1256	<nil>
460	520	16	536	<nil>
460	516	16	532	<nil>
460	3001	15	3016	<nil>
460	525	15	540	<nil>
460	520	21	541	<nil>
460	406	19	425	<nil>
460	402	126	528	<nil>
460	528	16	544	<nil>
460	9396	5	9401	<nil>
460	529	9	538	<nil>
460	540	11	551	<nil>
460	415	10	425	<nil>
460	531	10	541	<nil>
460	412	10	422	<nil>
460	529	10	539	<nil>
460	461	79	540	<nil>
460	1112	150	1262	<nil>
460	525	24	549	<nil>
460	501	8	509	<nil>
460	511	9	520	<nil>
460	409	26	435	<nil>
460	400	150	550	<nil>
460	539	11	550	<nil>
460	515	11	526	<nil>
460	438	112	550	<nil>
460	397	154	551	<nil>
460	2774	7	2781	<nil>
460	3136	19	3155	<nil>
460	503	16	519	<nil>
460	499	16	515	<nil>
460	531	16	547	<nil>
460	525	20	545	<nil>
460	410	140	550	<nil>
460	498	19	517	<nil>
460	522	18	540	<nil>
460	514	17	531	<nil>
460	391	18	409	<nil>
460	421	19	440	<nil>
460	532	20	552	<nil>
460	541	19	560	<nil>
460	499	19	518	<nil>
460	543	18	561	<nil>
460	418	152	570	<nil>
460	509	54	563	<nil>
460	411	48	459	<nil>
460	512	53	565	<nil>
460	2886	53	2939	<nil>
460	385	169	554	<nil>
460	501	160	661	<nil>
460	2887	164	3051	<nil>
460	547	150	697	<nil>
460	514	151	665	<nil>
460	525	151	676	<nil>
460	2703	151	2854	<nil>
460	516	163	679	<nil>
460	402	166	568	<nil>
460	390	197	587	<nil>
460	528	197	725	<nil>
460	499	197	696	<nil>
460	512	198	710	<nil>
460	2930	158	3088	<nil>
460	582	146	728	<nil>
460	520	190	710	<nil>
460	526	185	711	<nil>
460	456	172	628	<nil>
460	563	146	709	<nil>
460	433	157	590	<nil>
460	530	179	709	<nil>
460	505	185	690	<nil>
460	563	149	712	<nil>
460	578	146	724	<nil>
460	566	162	728	<nil>
460	448	211	659	<nil>
460	567	198	765	<nil>
460	540	201	741	<nil>
460	595	161	756	<nil>
460	620	146	766	<nil>
460	528	241	769	<nil>
460	409	239	648	<nil>
460	511	170	681	<nil>
460	500	241	741	<nil>
460	498	244	742	<nil>
460	570	204	774	<nil>
460	506	239	745	<nil>
460	460	205	665	<nil>
460	500	242	742	<nil>
460	509	138	647	<nil>
460	418	241	659	<nil>
460	560	207	767	<nil>
460	595	174	769	<nil>
460	412	236	648	<nil>
460	406	238	644	<nil>
460	2947	201	3148	<nil>
460	528	239	767	<nil>
460	414	240	654	<nil>
460	402	242	644	<nil>
460	675	95	770	<nil>
460	402	242	644	<nil>
460	417	239	656	<nil>
460	407	245	652	<nil>
460	406	241	647	<nil>
460	5813	245	6058	<nil>
460	442	204	646	<nil>
460	441	225	666	<nil>
460	540	183	723	<nil>
460	563	222	785	<nil>
460	596	192	788	<nil>
460	444	226	670	<nil>
460	527	297	824	<nil>
460	5847	324	6171	<nil>
460	5851	340	6191	<nil>
460	561	342	903	<nil>
460	552	230	782	<nil>
460	593	208	801	<nil>
460	3055	230	3285	<nil>
460	619	231	850	<nil>
460	619	232	851	<nil>
460	579	204	783	<nil>
460	648	204	852	<nil>
460	594	315	909	<nil>
460	610	232	842	<nil>
460	619	233	852	<nil>
460	630	212	842	<nil>
460	184	205	389	<nil>
460	633	204	837	<nil>
460	632	213	845	<nil>
460	663	205	868	<nil>
460	632	206	838	<nil>
460	704	207	911	<nil>
460	2961	209	3170	<nil>
460	2944	229	3173	<nil>
460	592	211	803	<nil>
460	631	207	838	<nil>
460	652	187	839	<nil>
460	634	211	845	<nil>
460	633	211	844	<nil>
460	634	205	839	<nil>
460	635	211	846	<nil>
460	615	233	848	<nil>
460	634	208	842	<nil>
460	214	191	405	<nil>
460	667	214	881	<nil>
460	636	214	850	<nil>
460	3138	161	3299	<nil>
460	638	212	850	<nil>
460	652	159	811	<nil>
460	252	154	406	<nil>
460	694	154	848	<nil>
460	688	162	850	<nil>
460	650	160	810	<nil>
460	624	186	810	<nil>
460	690	119	809	<nil>
460	658	159	817	<nil>
460	667	196	863	<nil>
460	706	151	857	<nil>
460	626	196	822	<nil>
460	2781	215	2996	<nil>
460	652	320	972	<nil>
460	645	326	971	<nil>
460	656	322	978	<nil>
460	625	354	979	<nil>
460	650	348	998	<nil>
460	204	243	447	<nil>
460	253	342	595	<nil>
460	165	284	449	<nil>
460	3063	353	3416	<nil>
460	190	259	449	<nil>
460	669	340	1009	<nil>
460	663	345	1008	<nil>
460	245	366	611	<nil>
460	2732	343	3075	<nil>
460	668	346	1014	<nil>
460	738	280	1018	<nil>
460	178	275	453	<nil>
460	765	253	1018	<nil>
460	758	260	1018	<nil>
460	727	291	1018	<nil>
460	751	267	1018	<nil>
460	142	310	452	<nil>
460	776	343	1119	<nil>
460	351	258	609	<nil>
460	719	300	1019	<nil>
460	389	304	693	<nil>
460	393	304	697	<nil>
460	702	412	1114	<nil>
460	374	345	719	<nil>
460	818	315	1133	<nil>
460	394	326	720	<nil>
460	176	347	523	<nil>
460	214	328	542	<nil>
460	386	350	736	<nil>
460	353	369	722	<nil>
460	380	343	723	<nil>
460	816	324	1140	<nil>
460	15716	319	16035	<nil>
460	409	334	743	<nil>
460	942	319	1261	<nil>
460	940	326	1266	<nil>
460	9957	196	10153	<nil>
460	361	373	734	<nil>
460	373	353	726	<nil>
460	15761	276	16037	<nil>
460	199	328	527	<nil>
460	356	369	725	<nil>
460	159	320	479	<nil>
460	189	331	520	<nil>
460	810	330	1140	<nil>
460	2873	328	3201	<nil>
460	2827	374	3201	<nil>
460	3081	329	3410	<nil>
460	155	328	483	<nil>
460	6173	241	6414	<nil>
460	729	414	1143	<nil>
460	813	327	1140	<nil>
460	2945	328	3273	<nil>
460	811	329	1140	<nil>
460	151	375	526	<nil>
460	747	395	1142	<nil>
460	200	320	520	<nil>
460	3078	335	3413	<nil>
460	393	332	725	<nil>
460	503	196	699	<nil>
460	94	283	377	<nil>
460	1064	334	1398	<nil>
460	530	199	729	<nil>
460	157	323	480	<nil>
460	528	198	726	<nil>
460	6279	140	6419	<nil>
460	494	200	694	<nil>
460	515	211	726	<nil>
460	500	226	726	<nil>
460	322	38	360	<nil>
460	550	133	683	<nil>
460	552	128	680	<nil>
460	540	140	680	<nil>
460	1114	129	1243	<nil>
460	1109	133	1242	<nil>
460	1116	222	1338	<nil>
460	694	220	914	<nil>
460	307	227	534	<nil>
460	10102	222	10324	<nil>
460	1109	226	1335	<nil>
460	1233	226	1459	<nil>
460	1147	225	1372	<nil>
460	3197	202	3399	<nil>
460	488	226	714	<nil>
460	521	222	743	<nil>
460	1108	222	1330	<nil>
460	298	227	525	<nil>
460	1108	226	1334	<nil>
460	488	226	714	<nil>
460	309	227	536	<nil>
460	6426	184	6610	<nil>
460	335	191	526	<nil>
460	221	523	744	<nil>
460	11067	191	11258	<nil>
460	727	189	916	<nil>
460	299	227	526	<nil>
460	293	232	525	<nil>
460	298	228	526	<nil>
460	719	198	917	<nil>
460	731	190	921	<nil>
460	736	201	937	<nil>
460	720	202	922	<nil>
460	3374	230	3604	<nil>
460	694	226	920	<nil>
460	721	201	922	<nil>
460	725	192	917	<nil>
460	1106	226	1332	<nil>
460	731	191	922	<nil>
460	1107	226	1333	<nil>
460	737	200	937	<nil>
460	721	200	921	<nil>
460	328	1335	1663	<nil>
460	334	1335	1669	<nil>
460	719	1333	2052	<nil>
460	6193	1357	7550	<nil>
460	304	1357	1661	<nil>
460	1135	1336	2471	<nil>
460	722	1334	2056	<nil>
460	1144	1327	2471	<nil>
460	453	1359	1812	<nil>
460	1134	1336	2470	<nil>
460	1113	1358	2471	<nil>
460	127	1328	1455	<nil>
460	1144	1327	2471	<nil>
460	1122	1349	2471	<nil>
460	1191	1357	2548	<nil>
460	1143	1327	2470	<nil>
460	304	1359	1663	<nil>
460	517	1363	1880	<nil>
460	325	1338	1663	<nil>
460	137	1358	1495	<nil>
460	3083	1341	4424	<nil>
460	127	1326	1453	<nil>
460	1144	1328	2472	<nil>
460	1181	1338	2519	<nil>
460	724	1349	2073	<nil>
460	456	1358	1814	<nil>
460	507	1197	1704	<nil>
460	3421	1117	4538	<nil>
460	2503	27	2530	<nil>
460	2512	26	2538	<nil>
460	2512	29	2541	<nil>
460	5009	29	5038	<nil>
460	2513	29	2542	<nil>
460	2512	28	2540	<nil>
460	2629	29	2658	<nil>
460	2513	29	2542	<nil>
460	2514	28	2542	<nil>
460	2505	29	2534	<nil>
460	2513	28	2541	<nil>
460	2523	19	2542	<nil>
460	2513	28	2541	<nil>
460	2513	28	2541	<nil>
460	1712	29	1741	<nil>
460	2505	29	2534	<nil>
460	2513	28	2541	<nil>
460	2512	30	2542	<nil>
460	2513	28	2541	<nil>
460	2513	28	2541	<nil>
460	2513	30	2543	<nil>
460	2521	21	2542	<nil>
460	2513	28	2541	<nil>
460	2512	30	2542	<nil>
460	1701	31	1732	<nil>
460	2513	28	2541	<nil>
460	2512	31	2543	<nil>
460	1703	29	1732	<nil>
460	2514	29	2543	<nil>
460	1707	28	1735	<nil>
460	2628	30	2658	<nil>
460	2513	29	2542	<nil>
460	2514	29	2543	<nil>
460	2522	22	2544	<nil>
460	2528	14	2542	<nil>
460	1708	23	1731	<nil>
460	1930	23	1953	<nil>
460	1615	29	1644	<nil>
460	2686	31	2717	<nil>
460	1710	30	1740	<nil>
460	1708	28	1736	<nil>
460	4582	31	4613	<nil>
460	2695	23	2718	<nil>
460	4584	33	4617	<nil>
460	1711	35	1746	<nil>
460	1719	136	1855	<nil>
460	1712	133	1845	<nil>
460	1732	127	1859	<nil>
460	1728	129	1857	<nil>
460	1705	150	1855	<nil>
460	1728	130	1858	<nil>
460	2533	134	2667	<nil>
460	1734	134	1868	<nil>
460	1733	134	1867	<nil>
460	1738	130	1868	<nil>
460	1728	130	1858	<nil>
460	1970	136	2106	<nil>
460	1913	136	2049	<nil>
460	4602	130	4732	<nil>
460	1738	130	1868	<nil>
460	2957	130	3087	<nil>
460	1725	130	1855	<nil>
460	1725	134	1859	<nil>
460	1734	131	1865	<nil>
460	17432	144	17576	<nil>
460	1540	140	1680	<nil>
460	2532	146	2678	<nil>
460	2533	145	2678	<nil>
460	1746	145	1891	<nil>
460	1913	148	2061	<nil>
460	6320	150	6470	<nil>
460	2530	148	2678	<nil>
460	2530	151	2681	<nil>
460	1881	212	2093	<nil>
460	2533	217	2750	<nil>
460	1913	219	2132	<nil>
460	4599	218	4817	<nil>
460	1869	239	2108	<nil>
460	1871	239	2110	<nil>
460	1876	241	2117	<nil>
460	1875	241	2116	<nil>
460	1874	241	2115	<nil>
460	1390	242	1632	<nil>
460	115	125	240	<nil>
460	1878	239	2117	<nil>
460	2874	243	3117	<nil>
460	1874	243	2117	<nil>
460	1346	112	1458	<nil>
460	1360	94	1454	<nil>
460	1485	230	1715	<nil>
460	1344	140	1484	<nil>
460	1389	241	1630	<nil>
460	25	225	250	<nil>
460	66	241	307	<nil>
460	2719	229	2948	<nil>
460	2140	243	2383	<nil>
460	1789	241	2030	<nil>
460	108	130	238	<nil>
460	2795	241	3036	<nil>
460	2706	241	2947	<nil>
460	1879	243	2122	<nil>
460	1875	249	2124	<nil>
460	1876	248	2124	<nil>
460	10303	241	10544	<nil>
460	112	129	241	<nil>
460	64	243	307	<nil>
460	1344	109	1453	<nil>
460	1335	95	1430	<nil>
460	1344	114	1458	<nil>
460	1362	93	1455	<nil>
460	1344	112	1456	<nil>
460	1384	64	1448	<nil>
460	1343	113	1456	<nil>
460	1336	112	1448	<nil>
460	1380	77	1457	<nil>
460	1377	80	1457	<nil>
460	1340	117	1457	<nil>
460	1344	113	1457	<nil>
460	1344	112	1456	<nil>
460	1329	78	1407	<nil>
460	1353	105	1458	<nil>
460	1874	249	2123	<nil>
460	1379	79	1458	<nil>
460	1317	113	1430	<nil>
460	64	243	307	<nil>
460	1872	245	2117	<nil>
460	1342	142	1484	<nil>
460	1343	143	1486	<nil>
460	1343	141	1484	<nil>
460	2353	81	2434	<nil>
460	1332	141	1473	<nil>
460	1395	100	1495	<nil>
460	185	101	286	<nil>
460	1362	123	1485	<nil>
460	1396	88	1484	<nil>
460	1395	90	1485	<nil>
460	1336	140	1476	<nil>
460	1343	144	1487	<nil>
460	2353	70	2423	<nil>
460	1872	251	2123	<nil>
460	1340	122	1462	<nil>
460	1341	143	1484	<nil>
460	1340	143	1483	<nil>
460	1346	152	1498	<nil>
460	199	82	281	<nil>
460	1344	151	1495	<nil>
460	205	84	289	<nil>
460	194	87	281	<nil>
460	16321	67	16388	<nil>
460	180	64	244	<nil>
460	236	69	305	<nil>
460	246	57	303	<nil>
460	231	72	303	<nil>
460	236	68	304	<nil>
460	245	59	304	<nil>
460	316	68	384	<nil>
460	1630	68	1698	<nil>
460	231	68	299	<nil>
460	1717	196	1913	<nil>
460	1764	236	2000	<nil>
460	319	226	545	<nil>
460	1632	236	1868	<nil>
460	2123	241	2364	<nil>
460	42879	242	43121	<nil>
460	4846	242	5088	<nil>
460	1718	241	1959	<nil>
460	9179	242	9421	<nil>
460	155	214	369	<nil>
460	4878	211	5089	<nil>
460	159	211	370	<nil>
460	6602	213	6815	<nil>
460	195	211	406	<nil>
460	347	207	554	<nil>
460	3074	207	3281	<nil>
460	1795	213	2008	<nil>
460	3073	208	3281	<nil>
460	263	213	476	<nil>
460	3064	212	3276	<nil>
460	1800	208	2008	<nil>
460	323	224	547	<nil>
460	138	217	355	<nil>
460	132	231	363	<nil>
460	2997	219	3216	<nil>
460	123	248	371	<nil>
460	143	246	389	<nil>
460	158	224	382	<nil>
460	157	224	381	<nil>
460	133	248	381	<nil>
460	165	263	428	<nil>
460	9617	280	9897	<nil>
460	145	295	440	<nil>
460	145	296	441	<nil>
460	138	310	448	<nil>
460	124	325	449	<nil>
460	134	315	449	<nil>
460	139	309	448	<nil>
460	261	329	590	<nil>
460	58	300	358	<nil>
460	275	317	592	<nil>
460	10331	302	10633	<nil>
460	60	303	363	<nil>
460	67	318	385	<nil>
460	58	315	373	<nil>
460	91	263	354	<nil>
460	304	130	434	<nil>
460	340	132	472	<nil>
460	334	138	472	<nil>
460	51	307	358	<nil>
460	336	133	469	<nil>
460	5149	263	5412	<nil>
460	505	106	611	<nil>
460	2414	80	2494	<nil>
460	2394	103	2497	<nil>
460	273	340	613	<nil>
460	99	264	363	<nil>
460	9213	314	9527	<nil>
460	41	308	349	<nil>
460	299	108	407	<nil>
460	3259	136	3395	<nil>
460	2385	112	2497	<nil>
460	45	318	363	<nil>
460	2390	107	2497	<nil>
460	58	313	371	<nil>
460	50	307	357	<nil>
460	52	309	361	<nil>
460	62	322	384	<nil>
460	2430	113	2543	<nil>
460	504	112	616	<nil>
460	297	112	409	<nil>
460	296	113	409	<nil>
460	12936	111	13047	<nil>
460	495	156	651	<nil>
460	501	187	688	<nil>
460	340	193	533	<nil>
460	493	229	722	<nil>
460	3306	234	3540	<nil>
460	472	238	710	<nil>
460	502	239	741	<nil>
460	503	238	741	<nil>
460	3289	237	3526	<nil>
460	507	235	742	<nil>
460	507	235	742	<nil>
460	3275	235	3510	<nil>
460	505	235	740	<nil>
460	499	247	746	<nil>
460	507	241	748	<nil>
460	503	243	746	<nil>
460	488	248	736	<nil>
460	210	240	450	<nil>
460	505	241	746	<nil>
460	505	243	748	<nil>
460	215	242	457	<nil>
460	503	243	746	<nil>
460	501	246	747	<nil>
460	504	244	748	<nil>
460	506	242	748	<nil>
460	500	248	748	<nil>
460	3304	243	3547	<nil>
460	505	242	747	<nil>
460	218	241	459	<nil>
460	217	248	465	<nil>
460	218	249	467	<nil>
460	113	189	302	<nil>
460	90	189	279	<nil>
460	89	222	311	<nil>
460	281	262	543	<nil>
460	89	269	358	<nil>
460	9530	269	9799	<nil>
460	5171	268	5439	<nil>
460	292	256	548	<nil>
460	314	233	547	<nil>
460	308	239	547	<nil>
460	287	256	543	<nil>
460	312	228	540	<nil>
460	310	238	548	<nil>
460	292	255	547	<nil>
460	289	253	542	<nil>
460	288	256	544	<nil>
460	9569	236	9805	<nil>
460	102	260	362	<nil>
460	108	262	370	<nil>
460	88	270	358	<nil>
460	110	258	368	<nil>
460	120	251	371	<nil>
460	129	288	417	<nil>
460	111	292	403	<nil>
460	5649	291	5940	<nil>
460	115	291	406	<nil>
460	114	290	404	<nil>
460	108	296	404	<nil>
460	114	295	409	<nil>
460	127	296	423	<nil>
460	126	288	414	<nil>
460	115	311	426	<nil>
460	25	307	332	<nil>
460	319	313	632	<nil>
460	265	172	437	<nil>
460	111	313	424	<nil>
460	457	176	633	<nil>
460	441	190	631	<nil>
460	254	182	436	<nil>
460	223	193	416	<nil>
460	318	313	631	<nil>
460	442	191	633	<nil>
460	318	313	631	<nil>
460	116	315	431	<nil>
460	322	314	636	<nil>
460	243	185	428	<nil>
460	320	314	634	<nil>
460	441	201	642	<nil>
460	460	184	644	<nil>
460	464	181	645	<nil>
460	461	181	642	<nil>
460	257	181	438	<nil>
460	457	186	643	<nil>
460	459	762	1221	<nil>
460	461	765	1226	<nil>
460	457	767	1224	<nil>
460	458	768	1226	<nil>
460	458	770	1228	<nil>
460	174	735	909	<nil>
460	169	734	903	<nil>
460	5394	731	6125	<nil>
460	463	765	1228	<nil>
460	169	733	902	<nil>
460	494	734	1228	<nil>
460	463	764	1227	<nil>
460	457	771	1228	<nil>
460	200	732	932	<nil>
460	457	773	1230	<nil>
460	465	764	1229	<nil>
460	459	769	1228	<nil>
460	454	771	1225	<nil>
460	493	735	1228	<nil>
460	166	737	903	<nil>
460	70	614	684	<nil>
460	72	613	685	<nil>
460	90	684	774	<nil>
460	108	657	765	<nil>
460	103	656	759	<nil>
460	92	684	776	<nil>
460	575	657	1232	<nil>
460	90	685	775	<nil>
460	7252	602	7854	<nil>
460	2314	600	2914	<nil>
460	119	655	774	<nil>
460	119	655	774	<nil>
460	2329	602	2931	<nil>
460	221	737	958	<nil>
460	162	744	906	<nil>
460	107	623	730	<nil>
460	107	658	765	<nil>
460	109	659	768	<nil>
460	94	657	751	<nil>
460	179	744	923	<nil>
460	281	624	905	<nil>
460	90	688	778	<nil>
460	9827	660	10487	<nil>
460	108	658	766	<nil>
460	220	736	956	<nil>
460	5462	614	6076	<nil>
460	72	614	686	<nil>
460	90	685	775	<nil>
460	249	657	906	<nil>
460	281	623	904	<nil>
460	70	707	777	<nil>
460	65	620	685	<nil>
460	280	653	933	<nil>
460	574	658	1232	<nil>
460	494	656	1150	<nil>
460	254	657	911	<nil>
460	173	739	912	<nil>
460	5469	657	6126	<nil>
460	53	604	657	<nil>
460	90	685	775	<nil>
460	208	623	831	<nil>
460	90	693	783	<nil>
460	234	624	858	<nil>
460	10319	624	10943	<nil>
460	220	738	958	<nil>
460	216	738	954	<nil>
460	30	589	619	<nil>
460	5713	738	6451	<nil>
460	576	658	1234	<nil>
460	109	657	766	<nil>
460	257	658	915	<nil>
460	3453	658	4111	<nil>
460	9873	613	10486	<nil>
460	2400	604	3004	<nil>
460	2373	584	2957	<nil>
460	2384	607	2991	<nil>
460	2362	605	2967	<nil>
460	2351	605	2956	<nil>
460	1223	49	1272	<nil>
460	6192	46	6238	<nil>
460	91	557	648	<nil>
460	2361	595	2956	<nil>
460	8193	587	8780	<nil>
460	11662	572	12234	<nil>
460	2345	612	2957	<nil>
460	2383	607	2990	<nil>
460	18380	620	19000	<nil>
460	47	604	651	<nil>
460	1282	149	1431	<nil>
460	1276	160	1436	<nil>
460	949	165	1114	<nil>
460	946	165	1111	<nil>
460	1278	160	1438	<nil>
460	1283	154	1437	<nil>
460	1273	165	1438	<nil>
460	1273	160	1433	<nil>
460	1282	156	1438	<nil>
460	1269	168	1437	<nil>
460	1268	161	1429	<nil>
460	1270	168	1438	<nil>
460	1198	153	1351	<nil>
460	659	153	812	<nil>
460	1270	167	1437	<nil>
460	1189	171	1360	<nil>
460	1270	168	1438	<nil>
460	1278	153	1431	<nil>
460	797	180	977	<nil>
460	824	190	1014	<nil>
460	1292	190	1482	<nil>
460	780	205	985	<nil>
460	865	144	1009	<nil>
460	967	208	1175	<nil>
460	901	116	1017	<nil>
460	818	208	1026	<nil>
460	819	198	1017	<nil>
460	835	198	1033	<nil>
460	874	146	1020	<nil>
460	865	152	1017	<nil>
460	874	152	1026	<nil>
460	1042	137	1179	<nil>
460	1027	152	1179	<nil>
460	1071	112	1183	<nil>
460	1028	150	1178	<nil>
460	1000	180	1180	<nil>
460	6136	151	6287	<nil>
460	6607	113	6720	<nil>
460	200	0	200	rpc error: code = Unavailable desc = transport is closing
460	803	171	974	<nil>
460	1037	139	1176	<nil>
460	1072	139	1211	<nil>
460	1022	133	1155	<nil>
460	744	121	865	<nil>
460	746	162	908	<nil>
460	777	150	927	<nil>
460	215	103	318	<nil>
460	205	107	312	<nil>
460	4334	57	4391	<nil>
460	4347	57	4404	<nil>
460	771	180	951	<nil>
460	804	170	974	<nil>
460	288	41	329	<nil>
460	4470	45	4515	<nil>
460	231	44	275	<nil>
460	4366	43	4409	<nil>
460	782	171	953	<nil>
460	715	174	889	<nil>
460	232	42	274	<nil>
460	736	155	891	<nil>
460	755	135	890	<nil>
460	774	202	976	<nil>
460	284	47	331	<nil>
460	199	45	244	<nil>
460	1087	115	1202	<nil>
460	286	48	334	<nil>
460	713	174	887	<nil>
460	771	208	979	<nil>
460	802	174	976	<nil>
460	1068	138	1206	<nil>
460	10727	171	10898	<nil>
460	262	14	276	<nil>
460	1036	119	1155	<nil>
460	1682	180	1862	<nil>
460	1715	179	1894	<nil>
460	1045	151	1196	<nil>
460	312	22	334	<nil>
460	196	0	196	rpc error: code = Unavailable desc = transport is closing
460	1752	147	1899	<nil>
460	766	145	911	<nil>
460	1717	181	1898	<nil>
460	1786	110	1896	<nil>
460	1754	149	1903	<nil>
460	718	187	905	<nil>
460	767	135	902	<nil>
460	3811	0	3811	rpc error: code = Unavailable desc = transport is closing
460	747	154	901	<nil>
460	1678	187	1865	<nil>
460	1684	190	1874	<nil>
460	194	0	194	rpc error: code = Unavailable desc = transport is closing
460	1024	159	1183	<nil>
460	731	189	920	<nil>
460	4455	0	4455	rpc error: code = Unavailable desc = transport is closing
460	4350	33	4383	<nil>
460	214	102	316	<nil>
460	696	196	892	<nil>
460	3557	126	3683	<nil>
460	306	22	328	<nil>
460	1031	151	1182	<nil>
460	200	126	326	<nil>
460	194	128	322	<nil>
460	214	104	318	<nil>
460	6827	58	6885	<nil>
460	267	51	318	<nil>
460	4337	50	4387	<nil>
460	4426	59	4485	<nil>
460	710	199	909	<nil>
460	244	76	320	<nil>
460	731	157	888	<nil>
460	214	106	320	<nil>
460	214	103	317	<nil>
460	4455	49	4504	<nil>
460	207	20	227	<nil>
460	1198	127	1325	<nil>
460	232	87	319	<nil>
460	1193	98	1291	<nil>
460	237	74	311	<nil>
460	4460	52	4512	<nil>
460	267	53	320	<nil>
460	768	163	931	<nil>
460	2968	130	3098	<nil>
460	175	89	264	<nil>
460	3322	20	3342	<nil>
460	230	90	320	<nil>
460	4456	53	4509	<nil>
460	229	90	319	<nil>
460	4427	58	4485	<nil>
460	214	105	319	<nil>
460	4336	52	4388	<nil>
460	926	114	1040	<nil>
460	4455	54	4509	<nil>
460	131	203	334	<nil>
460	242	78	320	<nil>
460	4448	59	4507	<nil>
460	237	76	313	<nil>
460	195	0	195	rpc error: code = Unavailable desc = transport is closing
460	206	109	315	<nil>
460	9370	54	9424	<nil>
460	187	77	264	<nil>
460	185	78	263	<nil>
460	4331	53	4384	<nil>
460	4481	38	4519	<nil>
460	235	77	312	<nil>
460	278	36	314	<nil>
460	1184	107	1291	<nil>
460	1184	108	1292	<nil>
460	315	23	338	<nil>
460	278	39	317	<nil>
460	227	38	265	<nil>
460	243	26	269	<nil>
460	289	34	323	<nil>
460	1045	133	1178	<nil>
460	287	37	324	<nil>
460	308	24	332	<nil>
460	769	170	939	<nil>
460	285	44	329	<nil>
460	286	44	330	<nil>
460	176	27	203	<nil>
460	280	43	323	<nil>
460	770	205	975	<nil>
460	289	41	330	<nil>
460	279	44	323	<nil>
460	1029	151	1180	<nil>
460	13908	44	13952	<nil>
460	280	41	321	<nil>
460	279	44	323	<nil>
460	870	106	976	<nil>
460	279	44	323	<nil>
460	286	45	331	<nil>
460	1068	110	1178	<nil>
460	839	137	976	<nil>
460	258	16	274	<nil>
460	1064	139	1203	<nil>
460	287	46	333	<nil>
460	282	46	328	<nil>
460	284	47	331	<nil>
460	278	48	326	<nil>
460	288	46	334	<nil>
460	752	138	890	<nil>
460	278	47	325	<nil>
460	728	160	888	<nil>
460	310	22	332	<nil>
460	316	10	326	<nil>
460	731	186	917	<nil>
460	262	15	277	<nil>
460	200	125	325	<nil>
460	205	102	307	<nil>
460	4449	58	4507	<nil>
460	229	37	266	<nil>
460	14084	57	14141	<nil>
460	300	32	332	<nil>
460	276	40	316	<nil>
460	314	18	332	<nil>
460	4360	46	4406	<nil>
460	718	175	893	<nil>
460	312	21	333	<nil>
460	193	30	223	<nil>
460	300	35	335	<nil>
460	311	24	335	<nil>
460	316	21	337	<nil>
460	303	37	340	<nil>
460	306	33	339	<nil>
460	3739	22	3761	<nil>
460	1141	18	1159	<nil>
460	1144	23	1167	<nil>
460	1180	18	1198	<nil>
460	311	29	340	<nil>
460	1247	24	1271	<nil>
460	306	35	341	<nil>
460	120	24	144	<nil>
460	113	25	138	<nil>
460	119	25	144	<nil>
460	124	21	145	<nil>
460	120	25	145	<nil>
460	119	26	145	<nil>
460	119	27	146	<nil>
460	119	28	147	<nil>
460	117	27	144	<nil>
460	120	28	148	<nil>
460	121	28	149	<nil>
460	124	26	150	<nil>
460	121	30	151	<nil>
460	120	31	151	<nil>
460	82	30	112	<nil>
460	66	29	95	<nil>
460	84	29	113	<nil>
460	3110	30	3140	<nil>
460	117	29	146	<nil>
460	61	33	94	<nil>
460	64	32	96	<nil>
460	66	31	97	<nil>
460	302	97	399	<nil>
460	302	137	439	<nil>
460	347	59	406	<nil>
460	349	0	349	rpc error: code = Unavailable desc = transport is closing
460	4238	158	4396	<nil>
460	347	116	463	<nil>
460	288	107	395	<nil>
460	303	99	402	<nil>
460	375	85	460	<nil>
460	402	0	402	rpc error: code = Unavailable desc = transport is closing
460	312	59	371	<nil>
460	4257	132	4389	<nil>
460	386	83	469	<nil>
460	423	0	423	rpc error: code = Unavailable desc = transport is closing
460	406	0	406	rpc error: code = Unavailable desc = transport is closing
460	359	0	359	rpc error: code = Unavailable desc = transport is closing
460	358	0	358	rpc error: code = Unavailable desc = transport is closing
460	413	0	413	rpc error: code = Unavailable desc = transport is closing
460	415	87	502	<nil>
460	404	0	404	rpc error: code = Unavailable desc = transport is closing
460	411	0	411	rpc error: code = Unavailable desc = transport is closing
460	365	0	365	rpc error: code = Unavailable desc = transport is closing
460	398	0	398	rpc error: code = Unavailable desc = transport is closing
460	365	0	365	rpc error: code = Unavailable desc = transport is closing
460	427	0	427	rpc error: code = Unavailable desc = transport is closing
460	360	0	360	rpc error: code = Unavailable desc = transport is closing
460	363	0	363	rpc error: code = Unavailable desc = transport is closing
460	8561	0	8561	rpc error: code = Unavailable desc = transport is closing
460	401	93	494	<nil>
460	363	0	363	rpc error: code = Unavailable desc = transport is closing
460	363	0	363	rpc error: code = Unavailable desc = transport is closing
460	366	0	366	rpc error: code = Unavailable desc = transport is closing
460	367	0	367	rpc error: code = Unavailable desc = transport is closing
460	370	0	370	rpc error: code = Unavailable desc = transport is closing
460	366	0	366	rpc error: code = Unavailable desc = transport is closing
460	363	0	363	rpc error: code = Unavailable desc = transport is closing
460	368	0	368	rpc error: code = Unavailable desc = transport is closing
460	366	0	366	rpc error: code = Unavailable desc = transport is closing
460	4336	0	4336	rpc error: code = Unavailable desc = transport is closing
460	374	0	374	rpc error: code = Unavailable desc = transport is closing
460	368	0	368	rpc error: code = Unavailable desc = transport is closing
460	374	0	374	rpc error: code = Unavailable desc = transport is closing
460	377	0	377	rpc error: code = Unavailable desc = transport is closing
460	376	0	376	rpc error: code = Unavailable desc = transport is closing
460	375	0	375	rpc error: code = Unavailable desc = transport is closing
460	418	0	418	rpc error: code = Unavailable desc = transport is closing
460	375	0	375	rpc error: code = Unavailable desc = transport is closing
460	383	0	383	rpc error: code = Unavailable desc = transport is closing
460	374	0	374	rpc error: code = Unavailable desc = transport is closing
460	376	0	376	rpc error: code = Unavailable desc = transport is closing
460	1305	0	1305	rpc error: code = Unavailable desc = transport is closing
460	380	0	380	rpc error: code = Unavailable desc = transport is closing
460	380	0	380	rpc error: code = Unavailable desc = transport is closing
460	1296	0	1296	rpc error: code = Unavailable desc = transport is closing
460	381	0	381	rpc error: code = Unavailable desc = transport is closing
460	388	0	388	rpc error: code = Unavailable desc = transport is closing
460	383	0	383	rpc error: code = Unavailable desc = transport is closing
460	405	0	405	rpc error: code = Unavailable desc = transport is closing
460	377	0	377	rpc error: code = Unavailable desc = transport is closing
460	382	0	382	rpc error: code = Unavailable desc = transport is closing
460	381	0	381	rpc error: code = Unavailable desc = transport is closing
460	383	0	383	rpc error: code = Unavailable desc = transport is closing
460	381	0	381	rpc error: code = Unavailable desc = transport is closing
460	381	0	381	rpc error: code = Unavailable desc = transport is closing
460	386	0	386	rpc error: code = Unavailable desc = transport is closing
460	403	104	507	<nil>
460	377	0	377	rpc error: code = Unavailable desc = transport is closing
460	381	0	381	rpc error: code = Unavailable desc = transport is closing
460	384	0	384	rpc error: code = Unavailable desc = transport is closing
460	402	108	510	<nil>
460	403	110	513	<nil>
460	1296	0	1296	rpc error: code = Unavailable desc = transport is closing
460	380	0	380	rpc error: code = Unavailable desc = transport is closing
460	379	0	379	rpc error: code = Unavailable desc = transport is closing
460	381	0	381	rpc error: code = Unavailable desc = transport is closing
460	380	0	380	rpc error: code = Unavailable desc = transport is closing
460	378	0	378	rpc error: code = Unavailable desc = transport is closing
460	421	0	421	rpc error: code = Unavailable desc = transport is closing
460	391	0	391	rpc error: code = Unavailable desc = transport is closing
460	9830	0	9830	rpc error: code = Unavailable desc = transport is closing
460	380	0	380	rpc error: code = Unavailable desc = transport is closing
460	377	0	377	rpc error: code = Unavailable desc = transport is closing
460	383	0	383	rpc error: code = Unavailable desc = transport is closing
460	380	0	380	rpc error: code = Unavailable desc = transport is closing
460	383	0	383	rpc error: code = Unavailable desc = transport is closing
460	386	0	386	rpc error: code = Unavailable desc = transport is closing
460	387	0	387	rpc error: code = Unavailable desc = transport is closing
460	388	0	388	rpc error: code = Unavailable desc = transport is closing
460	4094	0	4094	rpc error: code = Unavailable desc = transport is closing
460	381	0	381	rpc error: code = Unavailable desc = transport is closing
460	388	0	388	rpc error: code = Unavailable desc = transport is closing
460	1322	0	1322	rpc error: code = Unavailable desc = transport is closing
460	406	0	406	rpc error: code = Unavailable desc = transport is closing
460	389	0	389	rpc error: code = Unavailable desc = transport is closing
460	1310	0	1310	rpc error: code = Unavailable desc = transport is closing
460	389	0	389	rpc error: code = Unavailable desc = transport is closing
460	390	0	390	rpc error: code = Unavailable desc = transport is closing
460	392	0	392	rpc error: code = Unavailable desc = transport is closing
460	381	0	381	rpc error: code = Unavailable desc = transport is closing
460	1303	0	1303	rpc error: code = Unavailable desc = transport is closing
460	404	104	508	<nil>
460	403	105	508	<nil>
460	402	106	508	<nil>
460	404	104	508	<nil>
460	380	0	380	rpc error: code = Unavailable desc = transport is closing
460	9821	0	9821	rpc error: code = Unavailable desc = transport is closing
460	404	104	508	<nil>
460	403	106	509	<nil>
460	5047	107	5154	<nil>
460	406	103	509	<nil>
460	372	0	372	rpc error: code = Unavailable desc = transport is closing
460	3862	0	3862	rpc error: code = Unavailable desc = transport is closing
460	381	0	381	rpc error: code = Unavailable desc = transport is closing
460	1295	0	1295	rpc error: code = Unavailable desc = transport is closing
460	406	108	514	<nil>
460	402	105	507	<nil>
460	401	111	512	<nil>
460	399	106	505	<nil>
460	404	105	509	<nil>
460	404	105	509	<nil>
460	404	103	507	<nil>
460	404	106	510	<nil>
460	380	0	380	rpc error: code = Unavailable desc = transport is closing
460	396	0	396	rpc error: code = Unavailable desc = transport is closing
460	402	108	510	<nil>
460	383	0	383	rpc error: code = Unavailable desc = transport is closing
460	392	115	507	<nil>
460	397	111	508	<nil>
460	397	107	504	<nil>
460	405	108	513	<nil>
460	402	110	512	<nil>
460	402	110	512	<nil>
460	401	112	513	<nil>
460	383	0	383	rpc error: code = Unavailable desc = transport is closing
460	389	0	389	rpc error: code = Unavailable desc = transport is closing
460	450	88	538	<nil>
460	426	121	547	<nil>
460	408	145	553	<nil>
460	402	146	548	<nil>
460	445	90	535	<nil>
460	90	25	115	<nil>
460	453	87	540	<nil>
460	123	26	149	<nil>
460	2459	27	2486	<nil>
460	459	89	548	<nil>
460	71	57	128	<nil>
460	5121	89	5210	<nil>
460	95	15	110	<nil>
460	413	119	532	<nil>
460	15901	87	15988	<nil>
460	5437	86	5523	<nil>
460	5319	145	5464	<nil>
460	388	148	536	<nil>
460	414	122	536	<nil>
460	450	90	540	<nil>
460	8704	84	8788	<nil>
460	484	64	548	<nil>
460	402	146	548	<nil>
460	407	147	554	<nil>
460	402	145	547	<nil>
460	423	125	548	<nil>
460	414	122	536	<nil>
460	405	148	553	<nil>
460	451	97	548	<nil>
460	423	125	548	<nil>
460	402	147	549	<nil>
460	391	145	536	<nil>
460	48	41	89	<nil>
460	456	257	713	<nil>
460	426	298	724	<nil>
460	122	203	325	<nil>
460	124	201	325	<nil>
460	129	203	332	<nil>
460	395	321	716	<nil>
460	102	192	294	<nil>
460	137	186	323	<nil>
460	450	256	706	<nil>
460	94	199	293	<nil>
460	132	201	333	<nil>
460	1427	297	1724	<nil>
460	5195	188	5383	<nil>
460	134	190	324	<nil>
460	425	294	719	<nil>
460	429	293	722	<nil>
460	95	175	270	<nil>
460	402	322	724	<nil>
460	429	294	723	<nil>
460	429	293	722	<nil>
460	415	300	715	<nil>
460	429	293	722	<nil>
460	402	321	723	<nil>
460	395	325	720	<nil>
460	448	262	710	<nil>
460	402	322	724	<nil>
460	94	200	294	<nil>
460	423	292	715	<nil>
460	110	184	294	<nil>
460	464	258	722	<nil>
460	460	263	723	<nil>
460	453	262	715	<nil>
460	464	258	722	<nil>
460	461	262	723	<nil>
460	106	175	281	<nil>
460	110	181	291	<nil>
460	141	195	336	<nil>
460	128	277	405	<nil>
460	116	276	392	<nil>
460	141	321	462	<nil>
460	106	321	427	<nil>
460	106	287	393	<nil>
460	141	322	463	<nil>
460	48	313	361	<nil>
460	107	324	431	<nil>
460	118	253	371	<nil>
460	148	221	369	<nil>
460	155	285	440	<nil>
460	2502	279	2781	<nil>
460	136	251	387	<nil>
460	90	295	385	<nil>
460	106	338	444	<nil>
460	94	282	376	<nil>
460	115	268	383	<nil>
460	2566	218	2784	<nil>
460	141	339	480	<nil>
460	164	202	366	<nil>
460	79	377	456	<nil>
460	81	420	501	<nil>
460	298	240	538	<nil>
460	235	240	475	<nil>
460	288	240	528	<nil>
460	295	240	535	<nil>
460	243	264	507	<nil>
460	243	266	509	<nil>
460	245	266	511	<nil>
460	247	266	513	<nil>
460	215	266	481	<nil>
460	232	269	501	<nil>
460	2603	267	2870	<nil>
460	243	268	511	<nil>
460	268	268	536	<nil>
460	336	210	546	<nil>
460	358	210	568	<nil>
460	364	210	574	<nil>
460	359	211	570	<nil>
460	337	210	547	<nil>
460	359	211	570	<nil>
460	351	210	561	<nil>
460	311	210	521	<nil>
460	323	213	536	<nil>
460	352	209	561	<nil>
460	352	209	561	<nil>
460	359	212	571	<nil>
460	340	211	551	<nil>
460	360	211	571	<nil>
460	306	212	518	<nil>
460	9076	199	9275	<nil>
460	314	177	491	<nil>
460	295	211	506	<nil>
460	294	197	491	<nil>
460	300	197	497	<nil>
460	363	201	564	<nil>
460	366	199	565	<nil>
460	4313	197	4510	<nil>
460	317	175	492	<nil>
460	385	179	564	<nil>
460	314	178	492	<nil>
460	362	214	576	<nil>
460	5457	198	5655	<nil>
460	319	220	539	<nil>
460	365	200	565	<nil>
460	357	179	536	<nil>
460	392	221	613	<nil>
460	352	213	565	<nil>
460	403	213	616	<nil>
460	1292	174	1466	<nil>
460	1288	176	1464	<nil>
460	4264	211	4475	<nil>
460	336	212	548	<nil>
460	5333	211	5544	<nil>
460	411	210	621	<nil>
460	15625	211	15836	<nil>
460	402	219	621	<nil>
460	1245	220	1465	<nil>
460	328	221	549	<nil>
460	328	220	548	<nil>
460	2649	212	2861	<nil>
460	319	229	548	<nil>
460	327	222	549	<nil>
460	400	221	621	<nil>
460	2842	229	3071	<nil>
460	5325	220	5545	<nil>
460	330	219	549	<nil>
460	5573	212	5785	<nil>
460	336	213	549	<nil>
460	321	228	549	<nil>
460	410	210	620	<nil>
460	391	230	621	<nil>
460	392	230	622	<nil>
460	335	214	549	<nil>
460	2828	207	3035	<nil>
460	451	225	676	<nil>
460	1296	246	1542	<nil>
460	441	245	686	<nil>
460	5620	276	5896	<nil>
460	1299	279	1578	<nil>
460	1296	246	1542	<nil>
460	461	282	743	<nil>
460	458	298	756	<nil>
460	448	299	747	<nil>
460	448	298	746	<nil>
460	463	299	762	<nil>
460	462	328	790	<nil>
460	457	324	781	<nil>
460	279	325	604	<nil>
460	277	328	605	<nil>
460	311	295	606	<nil>
460	309	295	604	<nil>
460	322	286	608	<nil>
460	326	304	630	<nil>
460	329	306	635	<nil>
460	506	309	815	<nil>
460	329	307	636	<nil>
460	330	308	638	<nil>
460	330	310	640	<nil>
460	328	310	638	<nil>
460	2779	309	3088	<nil>
460	331	310	641	<nil>
460	330	351	681	<nil>
460	319	351	670	<nil>
460	329	351	680	<nil>
460	16198	352	16550	<nil>
460	2746	353	3099	<nil>
460	331	352	683	<nil>
460	329	352	681	<nil>
460	322	351	673	<nil>
460	331	351	682	<nil>
460	5763	352	6115	<nil>
460	5510	350	5860	<nil>
460	314	352	666	<nil>
460	334	352	686	<nil>
460	2994	352	3346	<nil>
460	316	400	716	<nil>
460	316	400	716	<nil>
460	316	400	716	<nil>
460	322	401	723	<nil>
460	210	384	594	<nil>
460	342	394	736	<nil>
460	211	383	594	<nil>
460	10148	392	10540	<nil>
460	3007	390	3397	<nil>
460	2795	391	3186	<nil>
460	212	384	596	<nil>
460	213	384	597	<nil>
460	211	384	595	<nil>
460	4427	330	4757	<nil>
460	4392	330	4722	<nil>
460	4396	329	4725	<nil>
460	4411	327	4738	<nil>
460	4405	332	4737	<nil>
460	4402	333	4735	<nil>
460	4394	333	4727	<nil>
460	4408	333	4741	<nil>
460	4396	333	4729	<nil>
460	4412	317	4729	<nil>
460	4407	332	4739	<nil>
460	4398	334	4732	<nil>
460	4396	333	4729	<nil>
460	4390	338	4728	<nil>
460	4392	338	4730	<nil>
460	4389	339	4728	<nil>
460	4392	337	4729	<nil>
460	262	341	603	<nil>
460	4400	337	4737	<nil>
460	4426	305	4731	<nil>
460	4398	334	4732	<nil>
460	4442	294	4736	<nil>
460	4483	253	4736	<nil>
460	4438	294	4732	<nil>
460	20484	294	20778	<nil>
460	4429	302	4731	<nil>
460	4427	306	4733	<nil>
460	4390	340	4730	<nil>
460	378	217	595	<nil>
460	377	216	593	<nil>
460	4475	260	4735	<nil>
460	1390	216	1606	<nil>
460	348	221	569	<nil>
460	377	215	592	<nil>
460	312	282	594	<nil>
460	5909	213	6122	<nil>
460	379	216	595	<nil>
460	1387	212	1599	<nil>
460	4443	293	4736	<nil>
460	1413	158	1571	<nil>
460	4404	331	4735	<nil>
460	330	221	551	<nil>
460	364	206	570	<nil>
460	1450	155	1605	<nil>
460	354	155	509	<nil>
460	356	153	509	<nil>
460	357	157	514	<nil>
460	354	156	510	<nil>
460	356	153	509	<nil>
460	326	151	477	<nil>
460	308	152	460	<nil>
460	332	153	485	<nil>
460	1329	151	1480	<nil>
460	329	152	481	<nil>
460	329	152	481	<nil>
460	329	154	483	<nil>
460	1330	153	1483	<nil>
460	1329	151	1480	<nil>
460	387	36	423	<nil>
460	382	37	419	<nil>
460	388	34	422	<nil>
460	387	37	424	<nil>
460	394	30	424	<nil>
460	383	40	423	<nil>
460	386	36	422	<nil>
460	386	35	421	<nil>
460	384	37	421	<nil>
460	386	35	421	<nil>
460	386	35	421	<nil>
460	357	34	391	<nil>
460	338	35	373	<nil>
460	386	36	422	<nil>
460	387	36	423	<nil>
460	387	32	419	<nil>
460	386	35	421	<nil>
460	372	36	408	<nil>
460	387	35	422	<nil>
460	388	35	423	<nil>
460	16905	35	16940	<nil>
460	387	35	422	<nil>
460	324	35	359	<nil>
460	387	36	423	<nil>
460	388	35	423	<nil>
460	335	35	370	<nil>
460	343	36	379	<nil>
460	77863	35	77898	<nil>
460	389	35	424	<nil>
460	388	38	426	<nil>
460	338	36	374	<nil>
460	3167	35	3202	<nil>
460	339	34	373	<nil>
460	339	36	375	<nil>
460	340	34	374	<nil>
460	281	34	315	<nil>
460	293	34	327	<nil>
460	9708	36	9744	<nil>
460	291	36	327	<nil>
460	2793	36	2829	<nil>
460	297	36	333	<nil>
460	297	36	333	<nil>
460	297	37	334	<nil>
460	299	37	336	<nil>
460	295	37	332	<nil>
460	296	38	334	<nil>
460	297	38	335	<nil>
460	294	40	334	<nil>
460	129	22	151	<nil>
460	294	41	335	<nil>
460	134	23	157	<nil>
460	132	23	155	<nil>
460	134	23	157	<nil>
460	130	23	153	<nil>
460	296	42	338	<nil>
460	295	43	338	<nil>
460	296	43	339	<nil>
460	130	25	155	<nil>
460	295	44	339	<nil>
460	297	42	339	<nil>
460	299	41	340	<nil>
460	297	44	341	<nil>
460	296	47	343	<nil>
460	287	44	331	<nil>
460	297	45	342	<nil>
460	224	42	266	<nil>
460	2977	42	3019	<nil>
460	300	43	343	<nil>
460	301	43	344	<nil>
460	228	42	270	<nil>
460	225	42	267	<nil>
460	263	43	306	<nil>
460	16921	44	16965	<nil>
460	224	44	268	<nil>
460	303	44	347	<nil>
460	158	38	196	<nil>
460	159	38	197	<nil>
460	162	38	200	<nil>
460	158	38	196	<nil>
460	232	38	270	<nil>
460	130	35	165	<nil>
460	184	39	223	<nil>
460	132	35	167	<nil>
460	157	39	196	<nil>
460	90	33	123	<nil>
460	91	32	123	<nil>
460	132	36	168	<nil>
460	89	32	121	<nil>
460	91	33	124	<nil>
460	88	33	121	<nil>
460	91	33	124	<nil>
460	89	33	122	<nil>
460	93	34	127	<nil>
460	89	33	122	<nil>
460	90	34	124	<nil>
460	87	34	121	<nil>
460	89	34	123	<nil>
460	228	50	278	<nil>
460	90	169	259	<nil>
460	335	46	381	<nil>
460	324	47	371	<nil>
460	285	44	329	<nil>
460	334	43	377	<nil>
460	9493	45	9538	<nil>
460	279	46	325	<nil>
460	332	46	378	<nil>
460	282	43	325	<nil>
460	361	16	377	<nil>
460	295	47	342	<nil>
460	10049	48	10097	<nil>
460	346	37	383	<nil>
460	355	18	373	<nil>
460	296	22	318	<nil>
460	325	45	370	<nil>
460	283	45	328	<nil>
460	365	23	388	<nil>
460	318	27	345	<nil>
460	367	17	384	<nil>
460	318	9	327	<nil>
460	319	27	346	<nil>
460	296	22	318	<nil>
460	346	35	381	<nil>
460	292	25	317	<nil>
460	382	6	388	<nil>
460	341	6	347	<nil>
460	296	23	319	<nil>
460	367	7	374	<nil>
460	335	12	347	<nil>
460	375	7	382	<nil>
460	385	6	391	<nil>
460	376	8	384	<nil>
460	376	7	383	<nil>
460	265	49	314	<nil>
460	331	43	374	<nil>
460	388	6	394	<nil>
460	316	9	325	<nil>
460	373	9	382	<nil>
460	347	13	360	<nil>
460	389	20	409	<nil>
460	1371	45	1416	<nil>
460	349	10	359	<nil>
460	141	18	159	<nil>
460	354	25	379	<nil>
460	336	64	400	<nil>
460	370	57	427	<nil>
460	332	102	434	<nil>
460	358	103	461	<nil>
460	9963	104	10067	<nil>
460	1388	104	1492	<nil>
460	389	104	493	<nil>
460	2864	105	2969	<nil>
460	395	106	501	<nil>
460	359	109	468	<nil>
460	336	111	447	<nil>
460	336	109	445	<nil>
460	377	105	482	<nil>
460	372	114	486	<nil>
460	367	103	470	<nil>
460	361	106	467	<nil>
460	363	109	472	<nil>
460	361	106	467	<nil>
460	358	110	468	<nil>
460	362	110	472	<nil>
460	399	111	510	<nil>
460	389	112	501	<nil>
460	341	107	448	<nil>
460	395	110	505	<nil>
460	363	108	471	<nil>
460	343	106	449	<nil>
460	405	112	517	<nil>
460	353	111	464	<nil>
460	355	112	467	<nil>
460	355	111	466	<nil>
460	342	109	451	<nil>
460	369	109	478	<nil>
460	397	114	511	<nil>
460	379	109	488	<nil>
460	335	113	448	<nil>
460	377	109	486	<nil>
460	389	109	498	<nil>
460	414	193	607	<nil>
460	395	195	590	<nil>
460	345	197	542	<nil>
460	379	199	578	<nil>
460	373	198	571	<nil>
460	1131	198	1329	<nil>
460	346	200	546	<nil>
460	340	199	539	<nil>
460	356	200	556	<nil>
460	360	198	558	<nil>
460	406	186	592	<nil>
460	400	200	600	<nil>
460	385	198	583	<nil>
460	344	200	544	<nil>
460	379	179	558	<nil>
460	391	199	590	<nil>
460	371	186	557	<nil>
460	415	185	600	<nil>
460	4461	0	4461	rpc error: code = Unavailable desc = transport is closing
460	280	0	280	rpc error: code = Unavailable desc = transport is closing
460	358	206	564	<nil>
460	368	198	566	<nil>
460	361	199	560	<nil>
460	339	199	538	<nil>
460	392	200	592	<nil>
460	365	200	565	<nil>
460	353	186	539	<nil>
460	370	185	555	<nil>
460	305	0	305	rpc error: code = Unavailable desc = transport is closing
460	340	200	540	<nil>
460	380	160	540	<nil>
460	342	0	342	rpc error: code = Unavailable desc = transport is closing
460	344	0	344	rpc error: code = Unavailable desc = transport is closing
460	373	0	373	rpc error: code = Unavailable desc = transport is closing
460	361	0	361	rpc error: code = Unavailable desc = transport is closing
460	358	0	358	rpc error: code = Unavailable desc = transport is closing
460	348	0	348	rpc error: code = Unavailable desc = transport is closing
460	331	0	331	rpc error: code = Unavailable desc = transport is closing
460	297	0	297	rpc error: code = Unavailable desc = transport is closing
460	329	0	329	rpc error: code = Unavailable desc = transport is closing
460	319	0	319	rpc error: code = Unavailable desc = transport is closing
460	305	0	305	rpc error: code = Unavailable desc = transport is closing
460	366	0	366	rpc error: code = Unavailable desc = transport is closing
460	349	0	349	rpc error: code = Unavailable desc = transport is closing
460	331	0	331	rpc error: code = Unavailable desc = transport is closing
460	5761	0	5761	rpc error: code = Unavailable desc = transport is closing
460	348	0	348	rpc error: code = Unavailable desc = transport is closing
460	364	0	364	rpc error: code = Unavailable desc = transport is closing
460	298	0	298	rpc error: code = Unavailable desc = transport is closing
460	306	0	306	rpc error: code = Unavailable desc = transport is closing
460	359	0	359	rpc error: code = Unavailable desc = transport is closing
460	348	0	348	rpc error: code = Unavailable desc = transport is closing
460	393	0	393	rpc error: code = Unavailable desc = transport is closing
460	379	281	660	<nil>
460	359	0	359	rpc error: code = Unavailable desc = transport is closing
460	331	0	331	rpc error: code = Unavailable desc = transport is closing
460	368	0	368	rpc error: code = Unavailable desc = transport is closing
460	343	0	343	rpc error: code = Unavailable desc = transport is closing
460	387	0	387	rpc error: code = Unavailable desc = transport is closing
460	343	0	343	rpc error: code = Unavailable desc = transport is closing
460	379	0	379	rpc error: code = Unavailable desc = transport is closing
460	381	0	381	rpc error: code = Unavailable desc = transport is closing
460	335	301	636	<nil>
460	365	295	660	<nil>
460	340	0	340	rpc error: code = Unavailable desc = transport is closing
460	365	0	365	rpc error: code = Unavailable desc = transport is closing
460	394	0	394	rpc error: code = Unavailable desc = transport is closing
460	5630	0	5630	rpc error: code = Unavailable desc = transport is closing
460	356	297	653	<nil>
460	299	0	299	rpc error: code = Unavailable desc = transport is closing
460	368	0	368	rpc error: code = Unavailable desc = transport is closing
460	1301	0	1301	rpc error: code = Unavailable desc = transport is closing
460	340	0	340	rpc error: code = Unavailable desc = transport is closing
460	339	0	339	rpc error: code = Unavailable desc = transport is closing
460	381	0	381	rpc error: code = Unavailable desc = transport is closing
460	394	0	394	rpc error: code = Unavailable desc = transport is closing
460	366	0	366	rpc error: code = Unavailable desc = transport is closing
460	378	0	378	rpc error: code = Unavailable desc = transport is closing
460	337	0	337	rpc error: code = Unavailable desc = transport is closing
460	343	0	343	rpc error: code = Unavailable desc = transport is closing
460	335	0	335	rpc error: code = Unavailable desc = transport is closing
460	343	0	343	rpc error: code = Unavailable desc = transport is closing
460	392	0	392	rpc error: code = Unavailable desc = transport is closing
460	340	298	638	<nil>
460	376	285	661	<nil>
460	272	0	272	rpc error: code = Unavailable desc = transport is closing
460	342	0	342	rpc error: code = Unavailable desc = transport is closing
460	1396	0	1396	rpc error: code = Unavailable desc = transport is closing
460	366	0	366	rpc error: code = Unavailable desc = transport is closing
460	377	0	377	rpc error: code = Unavailable desc = transport is closing
460	345	0	345	rpc error: code = Unavailable desc = transport is closing
460	8324	297	8621	<nil>
460	389	0	389	rpc error: code = Unavailable desc = transport is closing
460	341	298	639	<nil>
460	364	0	364	rpc error: code = Unavailable desc = transport is closing
460	378	0	378	rpc error: code = Unavailable desc = transport is closing
460	285	0	285	rpc error: code = Unavailable desc = transport is closing
460	24598	0	24598	rpc error: code = Unavailable desc = transport is closing
460	382	0	382	rpc error: code = Unavailable desc = transport is closing
460	332	0	332	rpc error: code = Unavailable desc = transport is closing
460	320	0	320	rpc error: code = Unavailable desc = transport is closing
460	355	0	355	rpc error: code = Unavailable desc = transport is closing
460	361	0	361	rpc error: code = Unavailable desc = transport is closing
460	1216	281	1497	<nil>
460	5063	0	5063	rpc error: code = Unavailable desc = transport is closing
460	400	0	400	rpc error: code = Unavailable desc = transport is closing
460	402	0	402	rpc error: code = Unavailable desc = transport is closing
460	398	0	398	rpc error: code = Unavailable desc = transport is closing
460	214	295	509	<nil>
460	292	209	501	<nil>
460	416	0	416	rpc error: code = Unavailable desc = transport is closing
460	399	0	399	rpc error: code = Unavailable desc = transport is closing
460	401	0	401	rpc error: code = Unavailable desc = transport is closing
460	252	228	480	<nil>
460	271	234	505	<nil>
460	258	248	506	<nil>
460	272	234	506	<nil>
460	258	248	506	<nil>
460	402	0	402	rpc error: code = Unavailable desc = transport is closing
460	272	234	506	<nil>
460	258	249	507	<nil>
460	246	262	508	<nil>
460	267	239	506	<nil>
460	246	262	508	<nil>
460	1295	223	1518	<nil>
460	272	235	507	<nil>
460	272	235	507	<nil>
460	271	235	506	<nil>
460	246	262	508	<nil>
460	251	252	503	<nil>
460	6120	215	6335	<nil>
460	251	254	505	<nil>
460	405	0	405	rpc error: code = Unavailable desc = transport is closing
460	251	334	585	<nil>
460	321	0	321	rpc error: code = Unavailable desc = transport is closing
460	260	341	601	<nil>
460	284	0	284	rpc error: code = Unavailable desc = transport is closing
460	243	370	613	<nil>
460	272	343	615	<nil>
460	390	0	390	rpc error: code = Unavailable desc = transport is closing
460	392	0	392	rpc error: code = Unavailable desc = transport is closing
460	6104	313	6417	<nil>
460	407	0	407	rpc error: code = Unavailable desc = transport is closing
460	403	0	403	rpc error: code = Unavailable desc = transport is closing
460	273	342	615	<nil>
460	389	0	389	rpc error: code = Unavailable desc = transport is closing
460	400	0	400	rpc error: code = Unavailable desc = transport is closing
460	302	312	614	<nil>
460	296	316	612	<nil>
460	403	0	403	rpc error: code = Unavailable desc = transport is closing
460	291	318	609	<nil>
460	389	0	389	rpc error: code = Unavailable desc = transport is closing
460	253	364	617	<nil>
460	301	315	616	<nil>
460	254	365	619	<nil>
460	388	0	388	rpc error: code = Unavailable desc = transport is closing
460	393	0	393	rpc error: code = Unavailable desc = transport is closing
460	388	0	388	rpc error: code = Unavailable desc = transport is closing
460	381	0	381	rpc error: code = Unavailable desc = transport is closing
460	5334	0	5334	rpc error: code = Unavailable desc = transport is closing
460	304	315	619	<nil>
460	386	0	386	rpc error: code = Unavailable desc = transport is closing
460	408	0	408	rpc error: code = Unavailable desc = transport is closing
460	326	0	326	rpc error: code = Unavailable desc = transport is closing
460	393	0	393	rpc error: code = Unavailable desc = transport is closing
460	298	320	618	<nil>
460	293	320	613	<nil>
460	302	309	611	<nil>
460	251	318	569	<nil>
460	300	321	621	<nil>
460	409	0	409	rpc error: code = Unavailable desc = transport is closing
460	304	317	621	<nil>
460	329	277	606	<nil>
460	317	303	620	<nil>
460	5835	318	6153	<nil>
460	405	0	405	rpc error: code = Unavailable desc = transport is closing
460	286	305	591	<nil>
460	5290	0	5290	rpc error: code = Unavailable desc = transport is closing
460	363	0	363	rpc error: code = Unavailable desc = transport is closing
460	364	0	364	rpc error: code = Unavailable desc = transport is closing
460	317	421	738	<nil>
460	205	420	625	<nil>
460	5801	398	6199	<nil>
460	229	399	628	<nil>
460	10299	401	10700	<nil>
460	244	382	626	<nil>
460	223	404	627	<nil>
460	340	245	585	<nil>
460	309	318	627	<nil>
460	240	387	627	<nil>
460	288	318	606	<nil>
460	269	386	655	<nil>
460	225	403	628	<nil>
460	275	374	649	<nil>
460	308	319	627	<nil>
460	224	404	628	<nil>
460	225	402	627	<nil>
460	277	352	629	<nil>
460	225	403	628	<nil>
460	246	389	635	<nil>
460	287	319	606	<nil>
460	1197	402	1599	<nil>
460	1281	320	1601	<nil>
460	219	387	606	<nil>
460	5753	246	5999	<nil>
460	288	319	607	<nil>
460	225	403	628	<nil>
460	231	407	638	<nil>
460	309	323	632	<nil>
460	287	344	631	<nil>
460	5814	390	6204	<nil>
460	191	407	598	<nil>
460	327	248	575	<nil>
460	223	408	631	<nil>
460	245	408	653	<nil>
460	1343	248	1591	<nil>
460	257	376	633	<nil>
460	224	408	632	<nil>
460	5954	410	6364	<nil>
460	373	173	546	<nil>
460	6180	190	6370	<nil>
460	333	188	521	<nil>
460	353	171	524	<nil>
460	6417	190	6607	<nil>
460	332	189	521	<nil>
460	406	189	595	<nil>
460	342	240	582	<nil>
460	296	253	549	<nil>
460	374	172	546	<nil>
460	374	171	545	<nil>
460	389	172	561	<nil>
460	300	252	552	<nil>
460	330	253	583	<nil>
460	298	251	549	<nil>
460	357	189	546	<nil>
460	355	201	556	<nil>
460	10425	387	10812	<nil>
460	330	302	632	<nil>
460	297	0	297	rpc error: code = Unavailable desc = transport is closing
460	330	351	681	<nil>
460	332	349	681	<nil>
460	331	352	683	<nil>
460	326	352	678	<nil>
460	330	354	684	<nil>
460	330	355	685	<nil>
460	360	0	360	rpc error: code = Unavailable desc = transport is closing
460	350	337	687	<nil>
460	10328	355	10683	<nil>
460	336	350	686	<nil>
460	369	311	680	<nil>
460	302	307	609	<nil>
460	305	346	651	<nil>
460	320	309	629	<nil>
460	4391	0	4391	rpc error: code = Unavailable desc = transport is closing
460	344	309	653	<nil>
460	337	0	337	rpc error: code = Unavailable desc = transport is closing
460	348	304	652	<nil>
460	320	306	626	<nil>
460	1342	305	1647	<nil>
460	387	0	387	rpc error: code = Unavailable desc = transport is closing
460	337	309	646	<nil>
460	350	307	657	<nil>
460	321	311	632	<nil>
460	331	299	630	<nil>
460	336	0	336	rpc error: code = Unavailable desc = transport is closing
460	388	310	698	<nil>
460	336	0	336	rpc error: code = Unavailable desc = transport is closing
460	10803	314	11117	<nil>
460	401	315	716	<nil>
460	403	312	715	<nil>
460	402	315	717	<nil>
460	4429	0	4429	rpc error: code = Unavailable desc = transport is closing
460	403	320	723	<nil>
460	407	316	723	<nil>
460	4434	0	4434	rpc error: code = Unavailable desc = transport is closing
460	426	317	743	<nil>
460	403	318	721	<nil>
460	319	0	319	rpc error: code = Unavailable desc = transport is closing
460	6358	317	6675	<nil>
460	401	323	724	<nil>
460	422	317	739	<nil>
460	417	323	740	<nil>
460	438	0	438	rpc error: code = Unavailable desc = transport is closing
460	4441	0	4441	rpc error: code = Unavailable desc = transport is closing
460	4392	0	4392	rpc error: code = Unavailable desc = transport is closing
460	333	0	333	rpc error: code = Unavailable desc = transport is closing
460	330	0	330	rpc error: code = Unavailable desc = transport is closing
460	4397	0	4397	rpc error: code = Unavailable desc = transport is closing
460	336	0	336	rpc error: code = Unavailable desc = transport is closing
460	330	0	330	rpc error: code = Unavailable desc = transport is closing
460	360	0	360	rpc error: code = Unavailable desc = transport is closing
460	364	0	364	rpc error: code = Unavailable desc = transport is closing
460	337	0	337	rpc error: code = Unavailable desc = transport is closing
460	330	0	330	rpc error: code = Unavailable desc = transport is closing
460	319	0	319	rpc error: code = Unavailable desc = transport is closing
460	326	0	326	rpc error: code = Unavailable desc = transport is closing
460	4451	0	4451	rpc error: code = Unavailable desc = transport is closing
460	322	0	322	rpc error: code = Unavailable desc = transport is closing
460	462	0	462	rpc error: code = Unavailable desc = transport is closing
460	322	0	322	rpc error: code = Unavailable desc = transport is closing
460	337	0	337	rpc error: code = Unavailable desc = transport is closing
460	330	0	330	rpc error: code = Unavailable desc = transport is closing
460	5512	0	5512	rpc error: code = Unavailable desc = transport is closing
460	355	0	355	rpc error: code = Unavailable desc = transport is closing
460	5749	0	5749	rpc error: code = Unavailable desc = transport is closing
460	337	0	337	rpc error: code = Unavailable desc = transport is closing
460	461	375	836	<nil>
460	484	376	860	<nil>
460	494	370	864	<nil>
460	421	376	797	<nil>
460	483	376	859	<nil>
460	483	379	862	<nil>
460	6096	384	6480	<nil>
460	6268	371	6639	<nil>
460	500	362	862	<nil>
460	452	361	813	<nil>
460	487	378	865	<nil>
460	483	380	863	<nil>
460	6182	369	6551	<nil>
460	494	371	865	<nil>
460	474	370	844	<nil>
460	1492	370	1862	<nil>
460	473	371	844	<nil>
460	450	371	821	<nil>
460	503	362	865	<nil>
460	454	352	806	<nil>
460	444	363	807	<nil>
460	498	366	864	<nil>
460	485	376	861	<nil>
460	485	353	838	<nil>
460	467	371	838	<nil>
460	499	361	860	<nil>
460	483	378	861	<nil>
460	486	378	864	<nil>
460	446	378	824	<nil>
460	478	362	840	<nil>
460	483	378	861	<nil>
460	472	394	866	<nil>
460	522	387	909	<nil>
460	535	413	948	<nil>
460	494	455	949	<nil>
460	448	456	904	<nil>
460	506	402	908	<nil>
460	2728	382	3110	<nil>
460	1370	460	1830	<nil>
460	5802	449	6251	<nil>
460	1404	395	1799	<nil>
460	492	459	951	<nil>
460	41840	458	42298	<nil>
460	468	457	925	<nil>
460	375	382	757	<nil>
460	458	457	915	<nil>
460	1363	466	1829	<nil>
460	558	394	952	<nil>
460	487	466	953	<nil>
460	515	396	911	<nil>
460	394	373	767	<nil>
460	6099	377	6476	<nil>
460	382	460	842	<nil>
460	386	377	763	<nil>
460	386	377	763	<nil>
460	356	407	763	<nil>
460	6200	375	6575	<nil>
460	387	376	763	<nil>
460	372	400	772	<nil>
460	9204	406	9610	<nil>
460	2741	391	3132	<nil>
460	356	427	783	<nil>
460	9548	391	9939	<nil>
460	1438	390	1828	<nil>
460	393	390	783	<nil>
460	399	392	791	<nil>
460	389	396	785	<nil>
460	394	396	790	<nil>
460	393	390	783	<nil>
460	363	419	782	<nil>
460	387	396	783	<nil>
460	391	392	783	<nil>
460	405	417	822	<nil>
460	395	415	810	<nil>
460	393	426	819	<nil>
460	2760	415	3175	<nil>
460	392	426	818	<nil>
460	378	435	813	<nil>
460	326	478	804	<nil>
460	9517	443	9960	<nil>
460	360	442	802	<nil>
460	359	442	801	<nil>
460	362	443	805	<nil>
460	358	444	802	<nil>
460	353	443	796	<nil>
460	358	447	805	<nil>
460	358	446	804	<nil>
460	353	449	802	<nil>
460	359	444	803	<nil>
460	359	445	804	<nil>
460	361	443	804	<nil>
460	405	402	807	<nil>
460	4831	457	5288	<nil>
460	377	457	834	<nil>
460	378	459	837	<nil>
460	385	457	842	<nil>
460	425	448	873	<nil>
460	426	447	873	<nil>
460	432	450	882	<nil>
460	433	449	882	<nil>
460	432	449	881	<nil>
460	433	448	881	<nil>
460	430	451	881	<nil>
460	426	450	876	<nil>
460	430	449	879	<nil>
460	1401	451	1852	<nil>
460	434	451	885	<nil>
460	1400	450	1850	<nil>
460	11150	534	11684	<nil>
460	459	536	995	<nil>
460	440	534	974	<nil>
460	428	538	966	<nil>
460	428	540	968	<nil>
460	427	539	966	<nil>
460	452	537	989	<nil>
460	462	539	1001	<nil>
460	1428	540	1968	<nil>
460	1429	540	1969	<nil>
460	435	460	895	<nil>
460	424	460	884	<nil>
460	1427	553	1980	<nil>
460	431	461	892	<nil>
460	6790	458	7248	<nil>
460	463	470	933	<nil>
460	461	591	1052	<nil>
460	3014	501	3515	<nil>
460	6425	503	6928	<nil>
460	26483	501	26984	<nil>
460	3031	530	3561	<nil>
460	6293	600	6893	<nil>
460	11151	601	11752	<nil>
460	427	603	1030	<nil>
460	6435	493	6928	<nil>
460	481	463	944	<nil>
460	422	512	934	<nil>
460	433	508	941	<nil>
460	464	479	943	<nil>
460	433	512	945	<nil>
460	3033	512	3545	<nil>
460	463	601	1064	<nil>
460	3130	512	3642	<nil>
460	3071	457	3528	<nil>
460	429	514	943	<nil>
460	452	496	948	<nil>
460	3017	511	3528	<nil>
460	424	509	933	<nil>
460	3127	517	3644	<nil>
460	513	518	1031	<nil>
460	516	518	1034	<nil>
460	465	518	983	<nil>
460	540	507	1047	<nil>
460	493	508	1001	<nil>
460	507	492	999	<nil>
460	491	507	998	<nil>
460	26705	507	27212	<nil>
460	553	509	1062	<nil>
460	490	508	998	<nil>
460	488	509	997	<nil>
460	517	481	998	<nil>
460	490	508	998	<nil>
460	505	493	998	<nil>
460	537	508	1045	<nil>
460	534	509	1043	<nil>
460	551	507	1058	<nil>
460	541	537	1078	<nil>
460	551	523	1074	<nil>
460	573	523	1096	<nil>
460	546	530	1076	<nil>
460	535	542	1077	<nil>
460	541	543	1084	<nil>
460	560	517	1077	<nil>
460	547	516	1063	<nil>
460	536	541	1077	<nil>
460	537	527	1064	<nil>
460	521	544	1065	<nil>
460	567	516	1083	<nil>
460	549	529	1078	<nil>
460	6346	516	6862	<nil>
460	537	531	1068	<nil>
460	551	527	1078	<nil>
460	569	509	1078	<nil>
460	11356	484	11840	<nil>
460	480	0	480	rpc error: code = Unavailable desc = transport is closing
460	484	0	484	rpc error: code = Unavailable desc = transport is closing
460	600	489	1089	<nil>
460	3279	0	3279	rpc error: code = Unavailable desc = transport is closing
460	474	0	474	rpc error: code = Unavailable desc = transport is closing
460	6605	0	6605	rpc error: code = Unavailable desc = transport is closing
460	9806	0	9806	rpc error: code = Unavailable desc = transport is closing
460	452	0	452	rpc error: code = Unavailable desc = transport is closing
460	467	0	467	rpc error: code = Unavailable desc = transport is closing
460	454	0	454	rpc error: code = Unavailable desc = transport is closing
460	485	0	485	rpc error: code = Unavailable desc = transport is closing
460	483	0	483	rpc error: code = Unavailable desc = transport is closing
460	480	0	480	rpc error: code = Unavailable desc = transport is closing
460	482	0	482	rpc error: code = Unavailable desc = transport is closing
460	481	0	481	rpc error: code = Unavailable desc = transport is closing
460	501	0	501	rpc error: code = Unavailable desc = transport is closing
460	479	0	479	rpc error: code = Unavailable desc = transport is closing
460	476	489	965	<nil>
460	26150	489	26639	<nil>
460	460	0	460	rpc error: code = Unavailable desc = transport is closing
460	3325	416	3741	<nil>
460	497	416	913	<nil>
460	3326	415	3741	<nil>
460	1476	416	1892	<nil>
460	482	435	917	<nil>
460	505	417	922	<nil>
460	497	417	914	<nil>
460	5293	0	5293	rpc error: code = Unavailable desc = transport is closing
460	458	0	458	rpc error: code = Unavailable desc = transport is closing
460	543	0	543	rpc error: code = Unavailable desc = transport is closing
460	3053	0	3053	rpc error: code = Unavailable desc = transport is closing
460	625	330	955	<nil>
460	539	331	870	<nil>
460	556	313	869	<nil>
460	468	416	884	<nil>
460	539	331	870	<nil>
460	675	292	967	<nil>
460	584	288	872	<nil>
460	17035	304	17339	<nil>
460	1609	337	1946	<nil>
460	555	317	872	<nil>
460	547	333	880	<nil>
460	527	337	864	<nil>
460	1656	289	1945	<nil>
460	535	422	957	<nil>
460	565	305	870	<nil>
460	1656	289	1945	<nil>
460	1641	305	1946	<nil>
460	521	351	872	<nil>
460	547	335	882	<nil>
460	576	317	893	<nil>
460	677	293	970	<nil>
460	577	336	913	<nil>
460	534	431	965	<nil>
460	688	280	968	<nil>
460	547	430	977	<nil>
460	578	304	882	<nil>
460	613	359	972	<nil>
460	679	289	968	<nil>
460	536	344	880	<nil>
460	539	339	878	<nil>
460	654	324	978	<nil>
460	595	412	1007	<nil>
460	594	413	1007	<nil>
460	594	413	1007	<nil>
460	594	413	1007	<nil>
460	593	412	1005	<nil>
460	595	413	1008	<nil>
460	592	413	1005	<nil>
460	519	412	931	<nil>
460	587	411	998	<nil>
460	516	412	928	<nil>
460	580	412	992	<nil>
460	519	411	930	<nil>
460	595	412	1007	<nil>
460	2907	413	3320	<nil>
460	513	410	923	<nil>
460	592	413	1005	<nil>
460	519	410	929	<nil>
460	497	411	908	<nil>
460	513	411	924	<nil>
460	517	411	928	<nil>
460	513	411	924	<nil>
460	585	413	998	<nil>
460	592	412	1004	<nil>
460	594	413	1007	<nil>
460	520	412	932	<nil>
460	526	468	994	<nil>
460	586	410	996	<nil>
460	571	425	996	<nil>
460	603	395	998	<nil>
460	567	429	996	<nil>
460	606	395	1001	<nil>
460	602	398	1000	<nil>
460	604	394	998	<nil>
460	609	395	1004	<nil>
460	609	391	1000	<nil>
460	605	396	1001	<nil>
460	560	395	955	<nil>
460	3011	391	3402	<nil>
460	1568	392	1960	<nil>
460	590	393	983	<nil>
460	563	394	957	<nil>
460	561	394	955	<nil>
460	1566	396	1962	<nil>
460	5682	396	6078	<nil>
460	1567	395	1962	<nil>
460	610	396	1006	<nil>
460	563	397	960	<nil>
460	3006	399	3405	<nil>
460	563	398	961	<nil>
460	1567	398	1965	<nil>
460	563	399	962	<nil>
460	565	400	965	<nil>
460	1566	492	2058	<nil>
460	633	442	1075	<nil>
460	472	488	960	<nil>
460	561	501	1062	<nil>
460	474	488	962	<nil>
460	478	487	965	<nil>
460	470	487	957	<nil>
460	561	501	1062	<nil>
460	570	492	1062	<nil>
460	473	488	961	<nil>
460	1583	484	2067	<nil>
460	564	492	1056	<nil>
460	478	490	968	<nil>
460	562	494	1056	<nil>
460	3015	492	3507	<nil>
460	1472	487	1959	<nil>
460	479	486	965	<nil>
460	477	489	966	<nil>
460	473	488	961	<nil>
460	478	485	963	<nil>
460	479	487	966	<nil>
460	494	495	989	<nil>
460	478	486	964	<nil>
460	633	0	633	rpc error: code = Unavailable desc = transport is closing
460	552	0	552	rpc error: code = Unavailable desc = transport is closing
460	617	0	617	rpc error: code = Unavailable desc = transport is closing
460	620	0	620	rpc error: code = Unavailable desc = transport is closing
460	642	0	642	rpc error: code = Unavailable desc = transport is closing
460	692	0	692	rpc error: code = Unavailable desc = transport is closing
460	630	0	630	rpc error: code = Unavailable desc = transport is closing
460	538	0	538	rpc error: code = Unavailable desc = transport is closing
460	633	0	633	rpc error: code = Unavailable desc = transport is closing
460	716	0	716	rpc error: code = Unavailable desc = transport is closing
460	552	0	552	rpc error: code = Unavailable desc = transport is closing
460	652	0	652	rpc error: code = Unavailable desc = transport is closing
460	545	0	545	rpc error: code = Unavailable desc = transport is closing
460	612	0	612	rpc error: code = Unavailable desc = transport is closing
460	575	0	575	rpc error: code = Unavailable desc = transport is closing
460	658	0	658	rpc error: code = Unavailable desc = transport is closing
460	641	0	641	rpc error: code = Unavailable desc = transport is closing
460	555	0	555	rpc error: code = Unavailable desc = transport is closing
460	717	0	717	rpc error: code = Unavailable desc = transport is closing
460	613	0	613	rpc error: code = Unavailable desc = transport is closing
460	712	0	712	rpc error: code = Unavailable desc = transport is closing
460	574	0	574	rpc error: code = Unavailable desc = transport is closing
460	576	0	576	rpc error: code = Unavailable desc = transport is closing
460	563	0	563	rpc error: code = Unavailable desc = transport is closing
460	558	0	558	rpc error: code = Unavailable desc = transport is closing
460	551	504	1055	<nil>
460	548	507	1055	<nil>
460	550	504	1054	<nil>
460	555	504	1059	<nil>
460	549	504	1053	<nil>
460	1538	503	2041	<nil>
460	543	501	1044	<nil>
460	541	503	1044	<nil>
460	1547	502	2049	<nil>
460	511	502	1013	<nil>
460	544	502	1046	<nil>
460	1551	523	2074	<nil>
460	1552	524	2076	<nil>
460	549	522	1071	<nil>
460	1536	524	2060	<nil>
460	1428	533	1961	<nil>
460	432	555	987	<nil>
460	447	543	990	<nil>
460	3041	533	3574	<nil>
460	17960	556	18516	<nil>
460	408	514	922	<nil>
460	5435	542	5977	<nil>
460	1424	540	1964	<nil>
460	1518	445	1963	<nil>
460	3207	540	3747	<nil>
460	521	469	990	<nil>
460	466	520	986	<nil>
460	3302	445	3747	<nil>
460	471	449	920	<nil>
460	541	444	985	<nil>
460	466	541	1007	<nil>
460	3199	549	3748	<nil>
460	1523	445	1968	<nil>
460	448	540	988	<nil>
460	1483	519	2002	<nil>
460	540	446	986	<nil>
460	1556	448	2004	<nil>
460	3041	536	3577	<nil>
460	519	477	996	<nil>
460	436	493	929	<nil>
460	1505	494	1999	<nil>
460	468	520	988	<nil>
460	457	549	1006	<nil>
460	512	482	994	<nil>
460	486	521	1007	<nil>
460	450	545	995	<nil>
460	407	525	932	<nil>
460	470	497	967	<nil>
460	3302	520	3822	<nil>
460	547	537	1084	<nil>
460	5764	555	6319	<nil>
460	414	563	977	<nil>
460	465	538	1003	<nil>
460	2838	521	3359	<nil>
460	469	521	990	<nil>
460	1647	523	2170	<nil>
460	469	523	992	<nil>
460	414	588	1002	<nil>
460	471	521	992	<nil>
460	468	524	992	<nil>
460	469	524	993	<nil>
460	471	523	994	<nil>
460	469	525	994	<nil>
460	1469	525	1994	<nil>
460	470	524	994	<nil>
460	469	525	994	<nil>
460	427	587	1014	<nil>
460	471	588	1059	<nil>
460	411	590	1001	<nil>
460	473	591	1064	<nil>
460	408	608	1016	<nil>
460	411	608	1019	<nil>
460	412	607	1019	<nil>
460	393	607	1000	<nil>
460	394	607	1001	<nil>
460	394	604	998	<nil>
460	410	608	1018	<nil>
460	18432	622	19054	<nil>
460	408	610	1018	<nil>
460	393	611	1004	<nil>
460	403	613	1016	<nil>
460	388	611	999	<nil>
460	410	609	1019	<nil>
460	403	608	1011	<nil>
460	407	604	1011	<nil>
460	411	610	1021	<nil>
460	405	611	1016	<nil>
460	410	610	1020	<nil>
460	400	607	1007	<nil>
460	411	610	1021	<nil>
460	404	609	1013	<nil>
460	401	608	1009	<nil>
460	411	614	1025	<nil>
460	505	658	1163	<nil>
460	488	658	1146	<nil>
460	487	658	1145	<nil>
460	500	644	1144	<nil>
460	500	645	1145	<nil>
460	540	606	1146	<nil>
460	561	647	1208	<nil>
460	546	648	1194	<nil>
460	549	658	1207	<nil>
460	543	648	1191	<nil>
460	546	648	1194	<nil>
460	10779	648	11427	<nil>
460	534	655	1189	<nil>
460	534	655	1189	<nil>
460	1555	647	2202	<nil>
460	542	648	1190	<nil>
460	1529	681	2210	<nil>
460	552	681	1233	<nil>
460	551	681	1232	<nil>
460	597	653	1250	<nil>
460	5889	682	6571	<nil>
460	1532	678	2210	<nil>
460	602	630	1232	<nil>
460	562	682	1244	<nil>
460	15227	599	15826	<nil>
460	559	0	559	rpc error: code = Unavailable desc = transport is closing
460	6203	0	6203	rpc error: code = Unavailable desc = transport is closing
460	554	0	554	rpc error: code = Unavailable desc = transport is closing
460	547	0	547	rpc error: code = Unavailable desc = transport is closing
460	543	0	543	rpc error: code = Unavailable desc = transport is closing
460	559	0	559	rpc error: code = Unavailable desc = transport is closing
460	613	0	613	rpc error: code = Unavailable desc = transport is closing
460	565	0	565	rpc error: code = Unavailable desc = transport is closing
460	581	0	581	rpc error: code = Unavailable desc = transport is closing
460	613	0	613	rpc error: code = Unavailable desc = transport is closing
460	555	0	555	rpc error: code = Unavailable desc = transport is closing
460	580	0	580	rpc error: code = Unavailable desc = transport is closing
460	556	0	556	rpc error: code = Unavailable desc = transport is closing
460	591	0	591	rpc error: code = Unavailable desc = transport is closing
460	581	0	581	rpc error: code = Unavailable desc = transport is closing
460	562	0	562	rpc error: code = Unavailable desc = transport is closing
460	550	0	550	rpc error: code = Unavailable desc = transport is closing
460	573	0	573	rpc error: code = Unavailable desc = transport is closing
460	576	0	576	rpc error: code = Unavailable desc = transport is closing
460	577	0	577	rpc error: code = Unavailable desc = transport is closing
460	582	0	582	rpc error: code = Unavailable desc = transport is closing
460	587	0	587	rpc error: code = Unavailable desc = transport is closing
460	560	627	1187	<nil>
460	576	628	1204	<nil>
460	577	627	1204	<nil>
460	573	629	1202	<nil>
460	563	640	1203	<nil>
460	607	646	1253	<nil>
460	601	646	1247	<nil>
460	615	622	1237	<nil>
460	641	608	1249	<nil>
460	599	657	1256	<nil>
460	6100	0	6100	rpc error: code = Unavailable desc = transport is closing
460	562	0	562	rpc error: code = Unavailable desc = transport is closing
460	564	0	564	rpc error: code = Unavailable desc = transport is closing
460	1568	0	1568	rpc error: code = Unavailable desc = transport is closing
460	568	0	568	rpc error: code = Unavailable desc = transport is closing
460	568	0	568	rpc error: code = Unavailable desc = transport is closing
460	588	0	588	rpc error: code = Unavailable desc = transport is closing
460	589	0	589	rpc error: code = Unavailable desc = transport is closing
460	591	0	591	rpc error: code = Unavailable desc = transport is closing
460	589	0	589	rpc error: code = Unavailable desc = transport is closing
460	592	0	592	rpc error: code = Unavailable desc = transport is closing
460	594	0	594	rpc error: code = Unavailable desc = transport is closing
460	1594	0	1594	rpc error: code = Unavailable desc = transport is closing
460	590	0	590	rpc error: code = Unavailable desc = transport is closing
460	592	0	592	rpc error: code = Unavailable desc = transport is closing
460	594	0	594	rpc error: code = Unavailable desc = transport is closing
460	16949	0	16949	rpc error: code = Unavailable desc = transport is closing
460	592	0	592	rpc error: code = Unavailable desc = transport is closing
460	592	0	592	rpc error: code = Unavailable desc = transport is closing
460	592	0	592	rpc error: code = Unavailable desc = transport is closing
460	593	0	593	rpc error: code = Unavailable desc = transport is closing
460	594	0	594	rpc error: code = Unavailable desc = transport is closing
460	1578	0	1578	rpc error: code = Unavailable desc = transport is closing
460	592	0	592	rpc error: code = Unavailable desc = transport is closing
460	595	0	595	rpc error: code = Unavailable desc = transport is closing
480	269	20	289	<nil>
480	224	14	238	<nil>
480	650	108	758	<nil>
480	213	6	219	<nil>
480	217	3	220	<nil>
480	2658	24	2682	<nil>
480	211	8	219	<nil>
480	224	17	241	<nil>
480	216	3	219	<nil>
480	411	29	440	<nil>
480	215	7	222	<nil>
480	213	6	219	<nil>
480	217	3	220	<nil>
480	212	9	221	<nil>
480	410	31	441	<nil>
480	225	17	242	<nil>
480	217	7	224	<nil>
480	467	59	526	<nil>
480	505	66	571	<nil>
480	1198	7	1205	<nil>
480	409	29	438	<nil>
480	409	32	441	<nil>
480	409	31	440	<nil>
480	655	84	739	<nil>
480	410	32	442	<nil>
480	309	29	338	<nil>
480	209	15	224	<nil>
480	224	19	243	<nil>
480	410	32	442	<nil>
480	505	68	573	<nil>
480	505	68	573	<nil>
480	1357	32	1389	<nil>
480	223	2	225	<nil>
480	96	10	106	<nil>
480	105	4	109	<nil>
480	94	13	107	<nil>
480	102	5	107	<nil>
480	103	18	121	<nil>
480	103	19	122	<nil>
480	104	16	120	<nil>
480	107	17	124	<nil>
480	104	17	121	<nil>
480	107	17	124	<nil>
480	103	17	120	<nil>
480	105	17	122	<nil>
480	105	24	129	<nil>
480	107	26	133	<nil>
480	105	25	130	<nil>
480	104	26	130	<nil>
480	107	26	133	<nil>
480	103	29	132	<nil>
480	122	20	142	<nil>
480	105	34	139	<nil>
480	112	26	138	<nil>
480	91	45	136	<nil>
480	112	67	179	<nil>
480	128	75	203	<nil>
480	111	90	201	<nil>
480	118	84	202	<nil>
480	119	85	204	<nil>
480	112	92	204	<nil>
480	104	86	190	<nil>
480	96	94	190	<nil>
480	111	94	205	<nil>
480	71	14	85	<nil>
480	67	16	83	<nil>
480	79	9	88	<nil>
480	77	9	86	<nil>
480	30	80	110	<nil>
480	73	13	86	<nil>
480	23	86	109	<nil>
480	24	84	108	<nil>
480	41	106	147	<nil>
480	22	84	106	<nil>
480	81	33	114	<nil>
480	86	25	111	<nil>
480	76	33	109	<nil>
480	78	33	111	<nil>
480	78	33	111	<nil>
480	15547	33	15580	<nil>
480	85	81	166	<nil>
480	16589	64	16653	<nil>
480	109	89	198	<nil>
480	132	69	201	<nil>
480	58	91	149	<nil>
480	1112	43	1155	<nil>
480	114	13	127	<nil>
480	111	88	199	<nil>
480	121	43	164	<nil>
480	119	8	127	<nil>
480	114	9	123	<nil>
480	111	12	123	<nil>
480	117	10	127	<nil>
480	114	41	155	<nil>
480	116	41	157	<nil>
480	1082	49	1131	<nil>
480	89	70	159	<nil>
480	87	72	159	<nil>
480	84	74	158	<nil>
480	90	68	158	<nil>
480	86	72	158	<nil>
480	87	84	171	<nil>
480	90	92	182	<nil>
480	117	93	210	<nil>
480	87	95	182	<nil>
480	5115	92	5207	<nil>
480	88	97	185	<nil>
480	1070	94	1164	<nil>
480	93	93	186	<nil>
480	16804	93	16897	<nil>
480	56	95	151	<nil>
480	63	31	94	<nil>
480	67	95	162	<nil>
480	1073	93	1166	<nil>
480	5179	38	5217	<nil>
480	82	31	113	<nil>
480	5187	76	5263	<nil>
480	82	58	140	<nil>
480	641	0	641	rpc error: code = Unavailable desc = transport is closing
480	641	0	641	rpc error: code = Unavailable desc = transport is closing
480	629	0	629	rpc error: code = Unavailable desc = transport is closing
480	1812	0	1812	rpc error: code = Unavailable desc = transport is closing
480	15801	0	15801	rpc error: code = Unavailable desc = transport is closing
480	1750	0	1750	rpc error: code = Unavailable desc = transport is closing
480	44116	0	44116	rpc error: code = Unavailable desc = transport is closing
480	27082	0	27082	rpc error: code = Unavailable desc = transport is closing
480	648	0	648	rpc error: code = Unavailable desc = transport is closing
480	1769	0	1769	rpc error: code = Unavailable desc = transport is closing
480	308	0	308	rpc error: code = Unavailable desc = transport is closing
480	69	78	147	<nil>
480	15909	0	15909	rpc error: code = Unavailable desc = transport is closing
480	660	0	660	rpc error: code = Unavailable desc = transport is closing
480	91	78	169	<nil>
480	661	0	661	rpc error: code = Unavailable desc = transport is closing
480	1768	0	1768	rpc error: code = Unavailable desc = transport is closing
480	746	0	746	rpc error: code = Unavailable desc = transport is closing
480	638	0	638	rpc error: code = Unavailable desc = transport is closing
480	747	0	747	rpc error: code = Unavailable desc = transport is closing
480	1812	0	1812	rpc error: code = Unavailable desc = transport is closing
480	638	0	638	rpc error: code = Unavailable desc = transport is closing
480	648	0	648	rpc error: code = Unavailable desc = transport is closing
480	615	0	615	rpc error: code = Unavailable desc = transport is closing
480	9657	0	9657	rpc error: code = Unavailable desc = transport is closing
480	648	0	648	rpc error: code = Unavailable desc = transport is closing
480	745	0	745	rpc error: code = Unavailable desc = transport is closing
480	650	0	650	rpc error: code = Unavailable desc = transport is closing
480	1778	0	1778	rpc error: code = Unavailable desc = transport is closing
480	309	0	309	rpc error: code = Unavailable desc = transport is closing
480	1767	0	1767	rpc error: code = Unavailable desc = transport is closing
480	664	0	664	rpc error: code = Unavailable desc = transport is closing
480	309	0	309	rpc error: code = Unavailable desc = transport is closing
480	647	0	647	rpc error: code = Unavailable desc = transport is closing
480	2888	125	3013	<nil>
480	16896	123	17019	<nil>
480	2981	150	3131	<nil>
480	2609	181	2790	<nil>
480	62	201	263	<nil>
480	5208	201	5409	<nil>
480	28	199	227	<nil>
480	85	201	286	<nil>
480	58	202	260	<nil>
480	80	173	253	<nil>
480	646	0	646	rpc error: code = Unavailable desc = transport is closing
480	655	0	655	rpc error: code = Unavailable desc = transport is closing
480	643	0	643	rpc error: code = Unavailable desc = transport is closing
480	646	0	646	rpc error: code = Unavailable desc = transport is closing
480	659	0	659	rpc error: code = Unavailable desc = transport is closing
480	653	0	653	rpc error: code = Unavailable desc = transport is closing
480	1356	0	1356	rpc error: code = Unavailable desc = transport is closing
480	695	0	695	rpc error: code = Unavailable desc = transport is closing
480	689	0	689	rpc error: code = Unavailable desc = transport is closing
480	341	0	341	rpc error: code = Unavailable desc = transport is closing
480	357	0	357	rpc error: code = Unavailable desc = transport is closing
480	1357	0	1357	rpc error: code = Unavailable desc = transport is closing
480	696	0	696	rpc error: code = Unavailable desc = transport is closing
480	2431	216	2647	<nil>
480	81	243	324	<nil>
480	406	0	406	rpc error: code = Unavailable desc = transport is closing
480	409	0	409	rpc error: code = Unavailable desc = transport is closing
480	406	0	406	rpc error: code = Unavailable desc = transport is closing
480	406	0	406	rpc error: code = Unavailable desc = transport is closing
480	405	0	405	rpc error: code = Unavailable desc = transport is closing
480	80	246	326	<nil>
480	59	242	301	<nil>
480	409	0	409	rpc error: code = Unavailable desc = transport is closing
480	409	0	409	rpc error: code = Unavailable desc = transport is closing
480	408	0	408	rpc error: code = Unavailable desc = transport is closing
480	410	0	410	rpc error: code = Unavailable desc = transport is closing
480	411	0	411	rpc error: code = Unavailable desc = transport is closing
480	410	0	410	rpc error: code = Unavailable desc = transport is closing
480	409	0	409	rpc error: code = Unavailable desc = transport is closing
480	410	0	410	rpc error: code = Unavailable desc = transport is closing
480	644	0	644	rpc error: code = Unavailable desc = transport is closing
480	641	0	641	rpc error: code = Unavailable desc = transport is closing
480	408	0	408	rpc error: code = Unavailable desc = transport is closing
480	726	0	726	rpc error: code = Unavailable desc = transport is closing
480	409	0	409	rpc error: code = Unavailable desc = transport is closing
480	709	0	709	rpc error: code = Unavailable desc = transport is closing
480	716	0	716	rpc error: code = Unavailable desc = transport is closing
480	643	0	643	rpc error: code = Unavailable desc = transport is closing
480	535	0	535	rpc error: code = Unavailable desc = transport is closing
480	202	137	339	<nil>
480	725	0	725	rpc error: code = Unavailable desc = transport is closing
480	199	223	422	<nil>
480	191	222	413	<nil>
480	202	224	426	<nil>
480	727	0	727	rpc error: code = Unavailable desc = transport is closing
480	728	0	728	rpc error: code = Unavailable desc = transport is closing
480	1639	0	1639	rpc error: code = Unavailable desc = transport is closing
480	1658	0	1658	rpc error: code = Unavailable desc = transport is closing
480	731	0	731	rpc error: code = Unavailable desc = transport is closing
480	194	224	418	<nil>
480	728	0	728	rpc error: code = Unavailable desc = transport is closing
480	727	0	727	rpc error: code = Unavailable desc = transport is closing
480	194	225	419	<nil>
480	209	224	433	<nil>
480	736	0	736	rpc error: code = Unavailable desc = transport is closing
480	733	0	733	rpc error: code = Unavailable desc = transport is closing
480	733	0	733	rpc error: code = Unavailable desc = transport is closing
480	2580	227	2807	<nil>
480	207	224	431	<nil>
480	195	223	418	<nil>
480	1662	0	1662	rpc error: code = Unavailable desc = transport is closing
480	203	223	426	<nil>
480	2586	225	2811	<nil>
480	728	0	728	rpc error: code = Unavailable desc = transport is closing
480	205	226	431	<nil>
480	726	0	726	rpc error: code = Unavailable desc = transport is closing
480	3368	0	3368	rpc error: code = Unavailable desc = transport is closing
480	734	0	734	rpc error: code = Unavailable desc = transport is closing
480	17403	0	17403	rpc error: code = Unavailable desc = transport is closing
480	736	0	736	rpc error: code = Unavailable desc = transport is closing
480	736	0	736	rpc error: code = Unavailable desc = transport is closing
480	112	0	112	rpc error: code = Unavailable desc = transport is closing
480	738	0	738	rpc error: code = Unavailable desc = transport is closing
480	721	0	721	rpc error: code = Unavailable desc = transport is closing
480	735	0	735	rpc error: code = Unavailable desc = transport is closing
480	731	0	731	rpc error: code = Unavailable desc = transport is closing
480	732	0	732	rpc error: code = Unavailable desc = transport is closing
480	735	0	735	rpc error: code = Unavailable desc = transport is closing
480	466	0	466	rpc error: code = Unavailable desc = transport is closing
480	472	0	472	rpc error: code = Unavailable desc = transport is closing
480	470	0	470	rpc error: code = Unavailable desc = transport is closing
480	465	0	465	rpc error: code = Unavailable desc = transport is closing
480	466	0	466	rpc error: code = Unavailable desc = transport is closing
480	467	0	467	rpc error: code = Unavailable desc = transport is closing
480	5439	0	5439	rpc error: code = Unavailable desc = transport is closing
480	664	0	664	rpc error: code = Unavailable desc = transport is closing
480	3078	0	3078	rpc error: code = Unavailable desc = transport is closing
480	505	0	505	rpc error: code = Unavailable desc = transport is closing
480	505	0	505	rpc error: code = Unavailable desc = transport is closing
480	505	0	505	rpc error: code = Unavailable desc = transport is closing
480	216	0	216	rpc error: code = Unavailable desc = transport is closing
480	5501	336	5837	<nil>
480	248	0	248	rpc error: code = Unavailable desc = transport is closing
480	210	0	210	rpc error: code = Unavailable desc = transport is closing
480	479	0	479	rpc error: code = Unavailable desc = transport is closing
480	216	0	216	rpc error: code = Unavailable desc = transport is closing
480	247	323	570	<nil>
480	240	0	240	rpc error: code = Unavailable desc = transport is closing
480	214	0	214	rpc error: code = Unavailable desc = transport is closing
480	238	0	238	rpc error: code = Unavailable desc = transport is closing
480	521	0	521	rpc error: code = Unavailable desc = transport is closing
480	215	0	215	rpc error: code = Unavailable desc = transport is closing
480	505	0	505	rpc error: code = Unavailable desc = transport is closing
480	505	0	505	rpc error: code = Unavailable desc = transport is closing
480	246	324	570	<nil>
480	9596	325	9921	<nil>
480	246	323	569	<nil>
480	506	0	506	rpc error: code = Unavailable desc = transport is closing
480	2882	323	3205	<nil>
480	216	0	216	rpc error: code = Unavailable desc = transport is closing
480	241	326	567	<nil>
480	246	325	571	<nil>
480	545	0	545	rpc error: code = Unavailable desc = transport is closing
480	543	0	543	rpc error: code = Unavailable desc = transport is closing
480	543	0	543	rpc error: code = Unavailable desc = transport is closing
480	545	0	545	rpc error: code = Unavailable desc = transport is closing
480	545	0	545	rpc error: code = Unavailable desc = transport is closing
480	279	0	279	rpc error: code = Unavailable desc = transport is closing
480	278	423	701	<nil>
480	305	0	305	rpc error: code = Unavailable desc = transport is closing
480	294	0	294	rpc error: code = Unavailable desc = transport is closing
480	337	0	337	rpc error: code = Unavailable desc = transport is closing
480	278	0	278	rpc error: code = Unavailable desc = transport is closing
480	306	0	306	rpc error: code = Unavailable desc = transport is closing
480	2916	421	3337	<nil>
480	698	0	698	rpc error: code = Unavailable desc = transport is closing
480	647	0	647	rpc error: code = Unavailable desc = transport is closing
480	9883	421	10304	<nil>
480	698	0	698	rpc error: code = Unavailable desc = transport is closing
480	707	0	707	rpc error: code = Unavailable desc = transport is closing
480	1708	0	1708	rpc error: code = Unavailable desc = transport is closing
480	282	421	703	<nil>
480	706	0	706	rpc error: code = Unavailable desc = transport is closing
480	652	0	652	rpc error: code = Unavailable desc = transport is closing
480	686	0	686	rpc error: code = Unavailable desc = transport is closing
480	705	0	705	rpc error: code = Unavailable desc = transport is closing
480	3185	0	3185	rpc error: code = Unavailable desc = transport is closing
480	712	0	712	rpc error: code = Unavailable desc = transport is closing
480	682	0	682	rpc error: code = Unavailable desc = transport is closing
480	1697	0	1697	rpc error: code = Unavailable desc = transport is closing
480	706	0	706	rpc error: code = Unavailable desc = transport is closing
480	705	0	705	rpc error: code = Unavailable desc = transport is closing
480	664	0	664	rpc error: code = Unavailable desc = transport is closing
480	2696	422	3118	<nil>
480	651	0	651	rpc error: code = Unavailable desc = transport is closing
480	651	0	651	rpc error: code = Unavailable desc = transport is closing
480	651	0	651	rpc error: code = Unavailable desc = transport is closing
480	649	0	649	rpc error: code = Unavailable desc = transport is closing
480	277	423	700	<nil>
480	647	0	647	rpc error: code = Unavailable desc = transport is closing
480	649	0	649	rpc error: code = Unavailable desc = transport is closing
480	648	0	648	rpc error: code = Unavailable desc = transport is closing
480	649	0	649	rpc error: code = Unavailable desc = transport is closing
480	649	0	649	rpc error: code = Unavailable desc = transport is closing
480	10148	0	10148	rpc error: code = Unavailable desc = transport is closing
480	1653	0	1653	rpc error: code = Unavailable desc = transport is closing
480	644	0	644	rpc error: code = Unavailable desc = transport is closing
480	294	431	725	<nil>
480	294	522	816	<nil>
480	294	519	813	<nil>
480	643	0	643	rpc error: code = Unavailable desc = transport is closing
480	16654	0	16654	rpc error: code = Unavailable desc = transport is closing
480	655	0	655	rpc error: code = Unavailable desc = transport is closing
480	648	0	648	rpc error: code = Unavailable desc = transport is closing
480	656	0	656	rpc error: code = Unavailable desc = transport is closing
480	677	0	677	rpc error: code = Unavailable desc = transport is closing
480	656	0	656	rpc error: code = Unavailable desc = transport is closing
480	338	505	843	<nil>
480	2600	506	3106	<nil>
480	337	506	843	<nil>
480	229	0	229	rpc error: code = Unavailable desc = transport is closing
480	360	0	360	rpc error: code = Unavailable desc = transport is closing
480	359	516	875	<nil>
480	5630	513	6143	<nil>
480	5633	0	5633	rpc error: code = Unavailable desc = transport is closing
480	343	535	878	<nil>
480	344	532	876	<nil>
480	363	516	879	<nil>
480	362	513	875	<nil>
480	2618	516	3134	<nil>
480	618	0	618	rpc error: code = Unavailable desc = transport is closing
480	364	518	882	<nil>
480	365	520	885	<nil>
480	228	514	742	<nil>
480	661	0	661	rpc error: code = Unavailable desc = transport is closing
480	365	0	365	rpc error: code = Unavailable desc = transport is closing
480	231	514	745	<nil>
480	224	0	224	rpc error: code = Unavailable desc = transport is closing
480	5631	523	6154	<nil>
480	229	517	746	<nil>
480	346	580	926	<nil>
480	345	580	925	<nil>
480	349	583	932	<nil>
480	392	558	950	<nil>
480	393	557	950	<nil>
480	388	562	950	<nil>
480	393	573	966	<nil>
480	395	572	967	<nil>
480	393	572	965	<nil>
480	397	572	969	<nil>
480	394	574	968	<nil>
480	5860	547	6407	<nil>
480	395	574	969	<nil>
480	410	531	941	<nil>
480	417	527	944	<nil>
480	386	593	979	<nil>
480	439	536	975	<nil>
480	409	566	975	<nil>
480	351	627	978	<nil>
480	455	2710	3165	<nil>
480	607	0	607	rpc error: code = Unavailable desc = transport is closing
480	611	0	611	rpc error: code = Unavailable desc = transport is closing
480	609	0	609	rpc error: code = Unavailable desc = transport is closing
480	615	0	615	rpc error: code = Unavailable desc = transport is closing
480	656	0	656	rpc error: code = Unavailable desc = transport is closing
480	608	0	608	rpc error: code = Unavailable desc = transport is closing
480	613	0	613	rpc error: code = Unavailable desc = transport is closing
480	658	0	658	rpc error: code = Unavailable desc = transport is closing
480	698	0	698	rpc error: code = Unavailable desc = transport is closing
480	643	0	643	rpc error: code = Unavailable desc = transport is closing
480	612	0	612	rpc error: code = Unavailable desc = transport is closing
480	643	0	643	rpc error: code = Unavailable desc = transport is closing
480	652	0	652	rpc error: code = Unavailable desc = transport is closing
480	663	0	663	rpc error: code = Unavailable desc = transport is closing
480	578	0	578	rpc error: code = Unavailable desc = transport is closing
480	389	0	389	rpc error: code = Unavailable desc = transport is closing
480	646	0	646	rpc error: code = Unavailable desc = transport is closing
480	44008	0	44008	rpc error: code = Unavailable desc = transport is closing
480	655	0	655	rpc error: code = Unavailable desc = transport is closing
480	644	0	644	rpc error: code = Unavailable desc = transport is closing
480	666	0	666	rpc error: code = Unavailable desc = transport is closing
480	565	0	565	rpc error: code = Unavailable desc = transport is closing
480	2970	0	2970	rpc error: code = Unavailable desc = transport is closing
480	645	0	645	rpc error: code = Unavailable desc = transport is closing
480	644	0	644	rpc error: code = Unavailable desc = transport is closing
480	644	0	644	rpc error: code = Unavailable desc = transport is closing
480	581	0	581	rpc error: code = Unavailable desc = transport is closing
480	595	0	595	rpc error: code = Unavailable desc = transport is closing
480	596	0	596	rpc error: code = Unavailable desc = transport is closing
480	646	0	646	rpc error: code = Unavailable desc = transport is closing
480	593	0	593	rpc error: code = Unavailable desc = transport is closing
480	410	0	410	rpc error: code = Unavailable desc = transport is closing
480	649	0	649	rpc error: code = Unavailable desc = transport is closing
480	1592	0	1592	rpc error: code = Unavailable desc = transport is closing
480	592	0	592	rpc error: code = Unavailable desc = transport is closing
480	656	0	656	rpc error: code = Unavailable desc = transport is closing
480	565	0	565	rpc error: code = Unavailable desc = transport is closing
480	568	0	568	rpc error: code = Unavailable desc = transport is closing
480	567	0	567	rpc error: code = Unavailable desc = transport is closing
480	645	0	645	rpc error: code = Unavailable desc = transport is closing
480	648	0	648	rpc error: code = Unavailable desc = transport is closing
480	3435	0	3435	rpc error: code = Unavailable desc = transport is closing
480	633	0	633	rpc error: code = Unavailable desc = transport is closing
480	643	0	643	rpc error: code = Unavailable desc = transport is closing
480	565	0	565	rpc error: code = Unavailable desc = transport is closing
480	609	0	609	rpc error: code = Unavailable desc = transport is closing
480	648	0	648	rpc error: code = Unavailable desc = transport is closing
480	543	0	543	rpc error: code = Unavailable desc = transport is closing
480	377	0	377	rpc error: code = Unavailable desc = transport is closing
480	647	0	647	rpc error: code = Unavailable desc = transport is closing
480	599	0	599	rpc error: code = Unavailable desc = transport is closing
480	582	0	582	rpc error: code = Unavailable desc = transport is closing
480	567	0	567	rpc error: code = Unavailable desc = transport is closing
480	10794	0	10794	rpc error: code = Unavailable desc = transport is closing
480	662	0	662	rpc error: code = Unavailable desc = transport is closing
480	550	0	550	rpc error: code = Unavailable desc = transport is closing
480	2910	0	2910	rpc error: code = Unavailable desc = transport is closing
480	554	0	554	rpc error: code = Unavailable desc = transport is closing
480	671	0	671	rpc error: code = Unavailable desc = transport is closing
480	6146	0	6146	rpc error: code = Unavailable desc = transport is closing
480	607	0	607	rpc error: code = Unavailable desc = transport is closing
480	6115	0	6115	rpc error: code = Unavailable desc = transport is closing
480	601	0	601	rpc error: code = Unavailable desc = transport is closing
480	600	0	600	rpc error: code = Unavailable desc = transport is closing
480	601	0	601	rpc error: code = Unavailable desc = transport is closing
480	3509	0	3509	rpc error: code = Unavailable desc = transport is closing
480	3216	0	3216	rpc error: code = Unavailable desc = transport is closing
480	3525	0	3525	rpc error: code = Unavailable desc = transport is closing
480	625	0	625	rpc error: code = Unavailable desc = transport is closing
480	3512	0	3512	rpc error: code = Unavailable desc = transport is closing
480	613	0	613	rpc error: code = Unavailable desc = transport is closing
480	625	0	625	rpc error: code = Unavailable desc = transport is closing
480	628	0	628	rpc error: code = Unavailable desc = transport is closing
480	670	0	670	rpc error: code = Unavailable desc = transport is closing
480	675	0	675	rpc error: code = Unavailable desc = transport is closing
480	717	0	717	rpc error: code = Unavailable desc = transport is closing
480	628	0	628	rpc error: code = Unavailable desc = transport is closing
480	630	0	630	rpc error: code = Unavailable desc = transport is closing
480	3363	0	3363	rpc error: code = Unavailable desc = transport is closing
480	639	0	639	rpc error: code = Unavailable desc = transport is closing
480	6384	0	6384	rpc error: code = Unavailable desc = transport is closing
480	10493	0	10493	rpc error: code = Unavailable desc = transport is closing
480	2540	92	2632	<nil>
480	2334	85	2419	<nil>
480	3335	86	3421	<nil>
480	2288	84	2372	<nil>
480	4902	86	4988	<nil>
480	2355	86	2441	<nil>
480	2336	86	2422	<nil>
480	2256	84	2340	<nil>
480	2376	87	2463	<nil>
480	2631	24	2655	<nil>
480	106	7	113	<nil>
480	92	19	111	<nil>
480	18930	84	19014	<nil>
480	103	7	110	<nil>
480	106	6	112	<nil>
480	87	25	112	<nil>
480	87	25	112	<nil>
480	106	7	113	<nil>
480	98	13	111	<nil>
480	106	7	113	<nil>
480	108	4	112	<nil>
480	107	10	117	<nil>
480	100	7	107	<nil>
480	108	7	115	<nil>
480	101	7	108	<nil>
480	99	7	106	<nil>
480	108	7	115	<nil>
480	99	7	106	<nil>
480	89	7	96	<nil>
480	106	16	122	<nil>
480	2997	41	3038	<nil>
480	126	42	168	<nil>
480	120	41	161	<nil>
480	118	41	159	<nil>
480	118	42	160	<nil>
480	2464	42	2506	<nil>
480	117	42	159	<nil>
480	119	40	159	<nil>
480	120	42	162	<nil>
480	121	43	164	<nil>
480	124	38	162	<nil>
480	121	47	168	<nil>
480	143	9	152	<nil>
480	122	46	168	<nil>
480	120	43	163	<nil>
480	125	39	164	<nil>
480	124	40	164	<nil>
480	109	46	155	<nil>
480	121	48	169	<nil>
480	120	41	161	<nil>
480	118	52	170	<nil>
480	120	48	168	<nil>
480	127	29	156	<nil>
480	117	52	169	<nil>
480	109	57	166	<nil>
480	108	58	166	<nil>
480	123	53	176	<nil>
480	112	53	165	<nil>
480	119	57	176	<nil>
480	123	53	176	<nil>
480	119	58	177	<nil>
480	114	90	204	<nil>
480	119	92	211	<nil>
480	119	84	203	<nil>
480	118	92	210	<nil>
480	118	117	235	<nil>
480	123	114	237	<nil>
480	9581	129	9710	<nil>
480	109	129	238	<nil>
480	107	131	238	<nil>
480	8853	129	8982	<nil>
480	115	130	245	<nil>
480	121	129	250	<nil>
480	59	93	152	<nil>
480	58	94	152	<nil>
480	109	129	238	<nil>
480	127	18	145	<nil>
480	73	81	154	<nil>
480	103	31	134	<nil>
480	60	92	152	<nil>
480	35	132	167	<nil>
480	128	18	146	<nil>
480	102	43	145	<nil>
480	128	17	145	<nil>
480	59	94	153	<nil>
480	116	33	149	<nil>
480	61	94	155	<nil>
480	135	18	153	<nil>
480	5378	33	5411	<nil>
480	112	34	146	<nil>
480	103	34	137	<nil>
480	62	94	156	<nil>
480	112	36	148	<nil>
480	109	38	147	<nil>
480	112	34	146	<nil>
480	132	46	178	<nil>
480	109	74	183	<nil>
480	109	88	197	<nil>
480	112	85	197	<nil>
480	111	89	200	<nil>
480	103	99	202	<nil>
480	78	69	147	<nil>
480	77	69	146	<nil>
480	2860	69	2929	<nil>
480	236	72	308	<nil>
480	5228	78	5306	<nil>
480	83	82	165	<nil>
480	78	69	147	<nil>
480	135	71	206	<nil>
480	238	73	311	<nil>
480	77	71	148	<nil>
480	78	75	153	<nil>
480	105	99	204	<nil>
480	42	78	120	<nil>
480	110	89	199	<nil>
480	75	80	155	<nil>
480	90	76	166	<nil>
480	79	79	158	<nil>
480	73	79	152	<nil>
480	73	79	152	<nil>
480	86	88	174	<nil>
480	77	83	160	<nil>
480	2817	87	2904	<nil>
480	87	85	172	<nil>
480	84	74	158	<nil>
480	79	82	161	<nil>
480	78	84	162	<nil>
480	78	85	163	<nil>
480	74	87	161	<nil>
480	75	82	157	<nil>
480	9718	87	9805	<nil>
480	99	44	143	<nil>
480	16018	0	16018	rpc error: code = DeadlineExceeded desc = context deadline exceeded
480	58	86	144	<nil>
480	76	85	161	<nil>
480	73	84	157	<nil>
480	5134	85	5219	<nil>
480	78	96	174	<nil>
480	98	50	148	<nil>
480	56	50	106	<nil>
480	117	50	167	<nil>
480	9744	50	9794	<nil>
480	712	0	712	rpc error: code = DeadlineExceeded desc = context deadline exceeded
480	726	0	726	rpc error: code = DeadlineExceeded desc = context deadline exceeded
480	744	0	744	rpc error: code = DeadlineExceeded desc = context deadline exceeded
480	740	0	740	rpc error: code = DeadlineExceeded desc = context deadline exceeded
480	783	0	783	rpc error: code = DeadlineExceeded desc = context deadline exceeded
480	771	0	771	rpc error: code = DeadlineExceeded desc = context deadline exceeded
480	746	0	746	rpc error: code = DeadlineExceeded desc = context deadline exceeded
480	746	0	746	rpc error: code = DeadlineExceeded desc = context deadline exceeded
480	786	0	786	rpc error: code = DeadlineExceeded desc = context deadline exceeded
480	54	112	166	<nil>
480	743	0	743	rpc error: code = DeadlineExceeded desc = context deadline exceeded
480	55	129	184	<nil>
480	57	114	171	<nil>
480	52	142	194	<nil>
480	57	142	199	<nil>
480	71	123	194	<nil>
480	56	142	198	<nil>
480	83	109	192	<nil>
480	76	122	198	<nil>
480	57	142	199	<nil>
480	71	122	193	<nil>
480	69	131	200	<nil>
480	68	131	199	<nil>
480	74	129	203	<nil>
480	71	127	198	<nil>
480	70	128	198	<nil>
480	84	115	199	<nil>
480	72	128	200	<nil>
480	70	128	198	<nil>
480	70	129	199	<nil>
480	85	115	200	<nil>
480	84	115	199	<nil>
480	68	131	199	<nil>
480	71	128	199	<nil>
480	71	129	200	<nil>
480	66	119	185	<nil>
480	64	132	196	<nil>
480	5143	131	5274	<nil>
480	1770	0	1770	rpc error: code = DeadlineExceeded desc = context deadline exceeded
480	705	0	705	rpc error: code = DeadlineExceeded desc = context deadline exceeded
480	40	162	202	<nil>
480	36	162	198	<nil>
480	1812	0	1812	rpc error: code = DeadlineExceeded desc = context deadline exceeded
480	1783	0	1783	rpc error: code = DeadlineExceeded desc = context deadline exceeded
480	45	201	246	<nil>
480	717	0	717	rpc error: code = DeadlineExceeded desc = context deadline exceeded
480	717	0	717	rpc error: code = DeadlineExceeded desc = context deadline exceeded
480	33	198	231	<nil>
480	716	0	716	rpc error: code = DeadlineExceeded desc = context deadline exceeded
480	707	0	707	rpc error: code = DeadlineExceeded desc = context deadline exceeded
480	718	0	718	rpc error: code = DeadlineExceeded desc = context deadline exceeded
480	718	0	718	rpc error: code = DeadlineExceeded desc = context deadline exceeded
480	718	0	718	rpc error: code = DeadlineExceeded desc = context deadline exceeded
480	717	0	717	rpc error: code = DeadlineExceeded desc = context deadline exceeded
480	717	0	717	rpc error: code = DeadlineExceeded desc = context deadline exceeded
480	718	0	718	rpc error: code = DeadlineExceeded desc = context deadline exceeded
480	717	0	717	rpc error: code = DeadlineExceeded desc = context deadline exceeded
480	15831	0	15831	rpc error: code = DeadlineExceeded desc = context deadline exceeded
480	64	210	274	<nil>
480	704	0	704	rpc error: code = DeadlineExceeded desc = context deadline exceeded
480	34	197	231	<nil>
480	717	0	717	rpc error: code = DeadlineExceeded desc = context deadline exceeded
480	717	0	717	rpc error: code = DeadlineExceeded desc = context deadline exceeded
480	708	0	708	rpc error: code = DeadlineExceeded desc = context deadline exceeded
480	716	0	716	rpc error: code = DeadlineExceeded desc = context deadline exceeded
480	715	0	715	rpc error: code = DeadlineExceeded desc = context deadline exceeded
480	718	0	718	rpc error: code = DeadlineExceeded desc = context deadline exceeded
480	704	0	704	rpc error: code = DeadlineExceeded desc = context deadline exceeded
480	716	0	716	rpc error: code = DeadlineExceeded desc = context deadline exceeded
480	709	0	709	rpc error: code = DeadlineExceeded desc = context deadline exceeded
480	718	0	718	rpc error: code = DeadlineExceeded desc = context deadline exceeded
480	1622	0	1622	rpc error: code = DeadlineExceeded desc = context deadline exceeded
480	22	218	240	<nil>
480	118	113	231	<nil>
480	92	138	230	<nil>
480	109	139	248	<nil>
480	96	139	235	<nil>
480	116	111	227	<nil>
480	116	115	231	<nil>
480	109	116	225	<nil>
480	117	115	232	<nil>
480	118	115	233	<nil>
480	109	113	222	<nil>
480	628	0	628	rpc error: code = DeadlineExceeded desc = context deadline exceeded
480	104	140	244	<nil>
480	627	0	627	rpc error: code = DeadlineExceeded desc = context deadline exceeded
480	635	0	635	rpc error: code = DeadlineExceeded desc = context deadline exceeded
480	621	0	621	rpc error: code = DeadlineExceeded desc = context deadline exceeded
480	118	158	276	<nil>
480	128	160	288	<nil>
480	118	200	318	<nil>
480	119	199	318	<nil>
480	119	199	318	<nil>
480	118	201	319	<nil>
480	127	201	328	<nil>
480	2783	202	2985	<nil>
480	121	201	322	<nil>
480	123	202	325	<nil>
480	118	202	320	<nil>
480	126	199	325	<nil>
480	117	203	320	<nil>
480	118	202	320	<nil>
480	118	251	369	<nil>
480	3037	254	3291	<nil>
480	118	258	376	<nil>
480	151	231	382	<nil>
480	5266	231	5497	<nil>
480	9224	230	9454	<nil>
480	150	232	382	<nil>
480	150	228	378	<nil>
480	150	230	380	<nil>
480	146	233	379	<nil>
480	153	232	385	<nil>
480	152	231	383	<nil>
480	151	228	379	<nil>
480	113	227	340	<nil>
480	121	259	380	<nil>
480	150	228	378	<nil>
480	98	231	329	<nil>
480	153	239	392	<nil>
480	67	240	307	<nil>
480	71	242	313	<nil>
480	101	172	273	<nil>
480	82	190	272	<nil>
480	101	170	271	<nil>
480	67	244	311	<nil>
480	102	170	272	<nil>
480	72	241	313	<nil>
480	65	244	309	<nil>
480	69	240	309	<nil>
480	69	241	310	<nil>
480	104	171	275	<nil>
480	112	195	307	<nil>
480	104	172	276	<nil>
480	68	241	309	<nil>
480	70	240	310	<nil>
480	154	239	393	<nil>
480	101	171	272	<nil>
480	151	240	391	<nil>
480	101	171	272	<nil>
480	215	59	274	<nil>
480	192	84	276	<nil>
480	186	73	259	<nil>
480	188	73	261	<nil>
480	201	83	284	<nil>
480	225	58	283	<nil>
480	204	84	288	<nil>
480	217	58	275	<nil>
480	172	84	256	<nil>
480	203	84	287	<nil>
480	199	84	283	<nil>
480	216	97	313	<nil>
480	210	118	328	<nil>
480	197	122	319	<nil>
480	185	147	332	<nil>
480	210	177	387	<nil>
480	225	186	411	<nil>
480	197	197	394	<nil>
480	215	197	412	<nil>
480	174	174	348	<nil>
480	3040	172	3212	<nil>
480	180	168	348	<nil>
480	198	169	367	<nil>
480	181	171	352	<nil>
480	4864	166	5030	<nil>
480	16673	160	16833	<nil>
480	172	160	332	<nil>
480	170	161	331	<nil>
480	170	163	333	<nil>
480	185	152	337	<nil>
480	178	162	340	<nil>
480	182	155	337	<nil>
480	171	166	337	<nil>
480	5063	167	5230	<nil>
480	177	163	340	<nil>
480	223	116	339	<nil>
480	239	103	342	<nil>
480	240	105	345	<nil>
480	234	108	342	<nil>
480	2986	158	3144	<nil>
480	237	102	339	<nil>
480	234	106	340	<nil>
480	173	112	285	<nil>
480	174	170	344	<nil>
480	201	87	288	<nil>
480	257	87	344	<nil>
480	178	164	342	<nil>
480	174	166	340	<nil>
480	317	28	345	<nil>
480	161	18	179	<nil>
480	120	8	128	<nil>
480	153	18	171	<nil>
480	5358	8	5366	<nil>
480	5763	167	5930	<nil>
480	119	10	129	<nil>
480	183	159	342	<nil>
480	193	24	217	<nil>
480	167	12	179	<nil>
480	221	24	245	<nil>
480	4985	57	5042	<nil>
480	171	19	190	<nil>
480	164	21	185	<nil>
480	185	34	219	<nil>
480	5202	34	5236	<nil>
480	204	34	238	<nil>
480	259	94	353	<nil>
480	221	25	246	<nil>
480	208	34	242	<nil>
480	177	19	196	<nil>
480	231	109	340	<nil>
480	183	110	293	<nil>
480	200	110	310	<nil>
480	9607	33	9640	<nil>
480	200	34	234	<nil>
480	165	12	177	<nil>
480	190	95	285	<nil>
480	178	111	289	<nil>
480	183	111	294	<nil>
480	216	35	251	<nil>
480	242	111	353	<nil>
480	199	95	294	<nil>
480	192	34	226	<nil>
480	183	112	295	<nil>
480	199	94	293	<nil>
480	244	112	356	<nil>
480	116	8	124	<nil>
480	173	7	180	<nil>
480	117	8	125	<nil>
480	163	17	180	<nil>
480	161	18	179	<nil>
480	165	17	182	<nil>
480	164	18	182	<nil>
480	160	19	179	<nil>
480	163	17	180	<nil>
480	115	9	124	<nil>
480	163	18	181	<nil>
480	163	17	180	<nil>
480	257	85	342	<nil>
480	161	18	179	<nil>
480	172	8	180	<nil>
480	187	156	343	<nil>
480	174	169	343	<nil>
480	4558	19	4577	<nil>
480	9528	102	9630	<nil>
480	240	102	342	<nil>
480	158	10	168	<nil>
480	123	11	134	<nil>
480	211	33	244	<nil>
480	5041	15	5056	<nil>
480	158	16	174	<nil>
480	148	16	164	<nil>
480	5048	9	5057	<nil>
480	123	9	132	<nil>
480	180	9	189	<nil>
480	165	10	175	<nil>
480	114	9	123	<nil>
480	114	10	124	<nil>
480	122	11	133	<nil>
480	123	10	133	<nil>
480	121	10	131	<nil>
480	123	10	133	<nil>
480	121	11	132	<nil>
480	113	12	125	<nil>
480	126	10	136	<nil>
480	123	11	134	<nil>
480	121	10	131	<nil>
480	120	11	131	<nil>
480	125	11	136	<nil>
480	120	11	131	<nil>
480	117	11	128	<nil>
480	113	12	125	<nil>
480	114	10	124	<nil>
480	120	12	132	<nil>
480	161	18	179	<nil>
480	376	12	388	<nil>
480	368	10	378	<nil>
480	348	5	353	<nil>
480	354	5	359	<nil>
480	362	9	371	<nil>
480	6112	10	6122	<nil>
480	361	10	371	<nil>
480	358	11	369	<nil>
480	376	12	388	<nil>
480	351	9	360	<nil>
480	373	11	384	<nil>
480	342	10	352	<nil>
480	343	12	355	<nil>
480	366	12	378	<nil>
480	367	12	379	<nil>
480	339	13	352	<nil>
480	342	11	353	<nil>
480	358	5	363	<nil>
480	344	11	355	<nil>
480	373	13	386	<nil>
480	353	5	358	<nil>
480	363	5	368	<nil>
480	390	2	392	<nil>
480	375	12	387	<nil>
480	368	11	379	<nil>
480	386	6	392	<nil>
480	345	12	357	<nil>
480	358	13	371	<nil>
480	353	12	365	<nil>
480	10004	15	10019	<nil>
480	5408	14	5422	<nil>
480	388	12	400	<nil>
480	349	12	361	<nil>
480	348	13	361	<nil>
480	5410	12	5422	<nil>
480	350	13	363	<nil>
480	349	13	362	<nil>
480	359	13	372	<nil>
480	352	14	366	<nil>
480	354	12	366	<nil>
480	349	12	361	<nil>
480	350	12	362	<nil>
480	5407	20	5427	<nil>
480	347	29	376	<nil>
480	350	86	436	<nil>
480	388	86	474	<nil>
480	358	86	444	<nil>
480	388	87	475	<nil>
480	368	104	472	<nil>
480	355	107	462	<nil>
480	352	106	458	<nil>
480	355	107	462	<nil>
480	390	106	496	<nil>
480	1097	97	1194	<nil>
480	373	97	470	<nil>
480	368	103	471	<nil>
480	354	116	470	<nil>
480	349	116	465	<nil>
480	358	114	472	<nil>
480	365	103	468	<nil>
480	355	115	470	<nil>
480	368	103	471	<nil>
480	362	103	465	<nil>
480	355	113	468	<nil>
480	357	116	473	<nil>
480	368	103	471	<nil>
480	347	118	465	<nil>
480	352	116	468	<nil>
480	351	114	465	<nil>
480	362	117	479	<nil>
480	391	75	466	<nil>
480	352	117	469	<nil>
480	354	117	471	<nil>
480	363	116	479	<nil>
480	15418	111	15529	<nil>
480	375	106	481	<nil>
480	373	115	488	<nil>
480	365	121	486	<nil>
480	367	123	490	<nil>
480	359	127	486	<nil>
480	17230	122	17352	<nil>
480	373	118	491	<nil>
480	368	127	495	<nil>
480	110	17	127	<nil>
480	374	122	496	<nil>
480	108	25	133	<nil>
480	364	129	493	<nil>
480	5568	129	5697	<nil>
480	100	36	136	<nil>
480	368	130	498	<nil>
480	1048	129	1177	<nil>
480	363	128	491	<nil>
480	368	128	496	<nil>
480	365	129	494	<nil>
480	101	27	128	<nil>
480	372	123	495	<nil>
480	96	37	133	<nil>
480	92	36	128	<nil>
480	102	26	128	<nil>
480	363	129	492	<nil>
480	99	32	131	<nil>
480	101	61	162	<nil>
480	102	131	233	<nil>
480	97	137	234	<nil>
480	103	139	242	<nil>
480	345	0	345	rpc error: code = Unavailable desc = transport is closing
480	354	0	354	rpc error: code = Unavailable desc = transport is closing
480	367	0	367	rpc error: code = Unavailable desc = transport is closing
480	371	0	371	rpc error: code = Unavailable desc = transport is closing
480	370	0	370	rpc error: code = Unavailable desc = transport is closing
480	343	0	343	rpc error: code = Unavailable desc = transport is closing
480	347	0	347	rpc error: code = Unavailable desc = transport is closing
480	5402	0	5402	rpc error: code = Unavailable desc = transport is closing
480	5409	0	5409	rpc error: code = Unavailable desc = transport is closing
480	368	0	368	rpc error: code = Unavailable desc = transport is closing
480	1082	0	1082	rpc error: code = Unavailable desc = transport is closing
480	98	144	242	<nil>
480	123	121	244	<nil>
480	4739	0	4739	rpc error: code = Unavailable desc = transport is closing
480	356	0	356	rpc error: code = Unavailable desc = transport is closing
480	379	0	379	rpc error: code = Unavailable desc = transport is closing
480	357	0	357	rpc error: code = Unavailable desc = transport is closing
480	356	0	356	rpc error: code = Unavailable desc = transport is closing
480	36	147	183	<nil>
480	350	0	350	rpc error: code = Unavailable desc = transport is closing
480	50	132	182	<nil>
480	152	5	157	<nil>
480	1327	0	1327	rpc error: code = Unavailable desc = transport is closing
480	354	0	354	rpc error: code = Unavailable desc = transport is closing
480	375	0	375	rpc error: code = Unavailable desc = transport is closing
480	129	116	245	<nil>
480	111	132	243	<nil>
480	124	119	243	<nil>
480	114	118	232	<nil>
480	5006	6	5012	<nil>
480	386	0	386	rpc error: code = Unavailable desc = transport is closing
480	10005	0	10005	rpc error: code = Unavailable desc = transport is closing
480	101	142	243	<nil>
480	101	143	244	<nil>
480	5676	7	5683	<nil>
480	102	142	244	<nil>
480	101	144	245	<nil>
480	128	103	231	<nil>
480	1130	8	1138	<nil>
480	111	120	231	<nil>
480	98	147	245	<nil>
480	110	133	243	<nil>
480	109	122	231	<nil>
480	107	114	221	<nil>
480	109	123	232	<nil>
480	350	0	350	rpc error: code = Unavailable desc = transport is closing
480	101	143	244	<nil>
480	113	122	235	<nil>
480	131	104	235	<nil>
480	71	95	166	<nil>
480	4893	116	5009	<nil>
480	1057	147	1204	<nil>
480	125	125	250	<nil>
480	1057	147	1204	<nil>
480	114	134	248	<nil>
480	8473	133	8606	<nil>
480	137	22	159	<nil>
480	68	96	164	<nil>
480	112	132	244	<nil>
480	8897	7	8904	<nil>
480	128	7	135	<nil>
480	131	7	138	<nil>
480	129	5	134	<nil>
480	110	135	245	<nil>
480	360	0	360	rpc error: code = Unavailable desc = transport is closing
480	118	127	245	<nil>
480	126	4	130	<nil>
480	114	134	248	<nil>
480	125	5	130	<nil>
480	360	0	360	rpc error: code = Unavailable desc = transport is closing
480	125	6	131	<nil>
480	350	0	350	rpc error: code = Unavailable desc = transport is closing
480	121	24	145	<nil>
480	143	5	148	<nil>
480	122	5	127	<nil>
480	109	134	243	<nil>
480	130	6	136	<nil>
480	101	143	244	<nil>
480	137	5	142	<nil>
480	126	7	133	<nil>
480	126	7	133	<nil>
480	125	8	133	<nil>
480	15540	112	15652	<nil>
480	125	8	133	<nil>
480	101	143	244	<nil>
480	125	8	133	<nil>
480	35	126	161	<nil>
480	126	8	134	<nil>
480	130	9	139	<nil>
480	127	8	135	<nil>
480	124	10	134	<nil>
480	123	9	132	<nil>
480	119	9	128	<nil>
480	129	9	138	<nil>
480	126	10	136	<nil>
480	125	10	135	<nil>
480	126	10	136	<nil>
480	125	12	137	<nil>
480	85	11	96	<nil>
480	85	11	96	<nil>
480	120	14	134	<nil>
480	84	13	97	<nil>
480	84	13	97	<nil>
480	127	12	139	<nil>
480	74	11	85	<nil>
480	126	13	139	<nil>
480	127	13	140	<nil>
480	1122	14	1136	<nil>
480	119	14	133	<nil>
480	126	14	140	<nil>
480	112	15	127	<nil>
480	84	16	100	<nil>
480	91	15	106	<nil>
480	93	15	108	<nil>
480	5682	10	5692	<nil>
480	560	0	560	rpc error: code = Unavailable desc = transport is closing
480	153	13	166	<nil>
480	177	14	191	<nil>
480	180	14	194	<nil>
480	5488	14	5502	<nil>
480	5166	15	5181	<nil>
480	153	14	167	<nil>
480	154	21	175	<nil>
480	154	14	168	<nil>
480	223	15	238	<nil>
480	179	15	194	<nil>
480	153	16	169	<nil>
480	176	15	191	<nil>
480	177	15	192	<nil>
480	153	15	168	<nil>
480	176	13	189	<nil>
480	162	13	175	<nil>
480	161	21	182	<nil>
480	158	13	171	<nil>
480	164	15	179	<nil>
480	176	6	182	<nil>
480	162	13	175	<nil>
480	167	14	181	<nil>
480	164	20	184	<nil>
480	152	21	173	<nil>
480	5044	13	5057	<nil>
480	184	13	197	<nil>
480	166	13	179	<nil>
480	177	20	197	<nil>
480	163	13	176	<nil>
480	160	11	171	<nil>
480	183	21	204	<nil>
480	179	13	192	<nil>
480	8518	21	8539	<nil>
480	155	21	176	<nil>
480	5841	20	5861	<nil>
480	168	13	181	<nil>
480	163	11	174	<nil>
480	176	21	197	<nil>
480	554	0	554	rpc error: code = Unavailable desc = transport is closing
480	4888	16	4904	<nil>
480	158	17	175	<nil>
480	185	15	200	<nil>
480	160	15	175	<nil>
480	164	15	179	<nil>
480	159	16	175	<nil>
480	176	3	179	<nil>
480	165	11	176	<nil>
480	188	6	194	<nil>
480	176	6	182	<nil>
480	173	6	179	<nil>
480	1106	7	1113	<nil>
480	177	50	227	<nil>
480	175	68	243	<nil>
480	175	69	244	<nil>
480	196	69	265	<nil>
480	173	70	243	<nil>
480	171	69	240	<nil>
480	176	68	244	<nil>
480	1114	66	1180	<nil>
480	198	66	264	<nil>
480	177	67	244	<nil>
480	177	90	267	<nil>
480	174	89	263	<nil>
480	175	93	268	<nil>
480	179	91	270	<nil>
480	190	93	283	<nil>
480	1114	89	1203	<nil>
480	182	88	270	<nil>
480	180	89	269	<nil>
480	181	89	270	<nil>
480	1098	93	1191	<nil>
480	177	91	268	<nil>
480	175	92	267	<nil>
480	180	86	266	<nil>
480	87	0	87	rpc error: code = Unavailable desc = transport is closing
480	97	0	97	rpc error: code = Unavailable desc = transport is closing
480	180	89	269	<nil>
480	181	98	279	<nil>
480	174	103	277	<nil>
480	170	102	272	<nil>
480	5188	103	5291	<nil>
480	2837	0	2837	rpc error: code = Unavailable desc = transport is closing
480	2557	0	2557	rpc error: code = Unavailable desc = transport is closing
480	2701	0	2701	rpc error: code = Unavailable desc = transport is closing
480	87	35	122	<nil>
480	178	124	302	<nil>
480	106	0	106	rpc error: code = Unavailable desc = transport is closing
480	2713	0	2713	rpc error: code = Unavailable desc = transport is closing
480	2557	0	2557	rpc error: code = Unavailable desc = transport is closing
480	174	102	276	<nil>
480	2612	0	2612	rpc error: code = Unavailable desc = transport is closing
480	2256	0	2256	rpc error: code = Unavailable desc = transport is closing
480	2556	0	2556	rpc error: code = Unavailable desc = transport is closing
480	172	127	299	<nil>
480	5241	0	5241	rpc error: code = Unavailable desc = transport is closing
480	2722	0	2722	rpc error: code = Unavailable desc = transport is closing
480	2710	0	2710	rpc error: code = Unavailable desc = transport is closing
480	2555	0	2555	rpc error: code = Unavailable desc = transport is closing
480	121	0	121	rpc error: code = Unavailable desc = transport is closing
480	178	124	302	<nil>
480	118	0	118	rpc error: code = Unavailable desc = transport is closing
480	107	0	107	rpc error: code = Unavailable desc = transport is closing
480	108	0	108	rpc error: code = Unavailable desc = transport is closing
480	2707	0	2707	rpc error: code = Unavailable desc = transport is closing
480	2718	0	2718	rpc error: code = Unavailable desc = transport is closing
480	118	0	118	rpc error: code = Unavailable desc = transport is closing
480	108	0	108	rpc error: code = Unavailable desc = transport is closing
480	2828	0	2828	rpc error: code = Unavailable desc = transport is closing
480	106	0	106	rpc error: code = Unavailable desc = transport is closing
480	105	0	105	rpc error: code = Unavailable desc = transport is closing
480	2557	0	2557	rpc error: code = Unavailable desc = transport is closing
480	3561	0	3561	rpc error: code = Unavailable desc = transport is closing
480	8693	0	8693	rpc error: code = Unavailable desc = transport is closing
480	3715	0	3715	rpc error: code = Unavailable desc = transport is closing
480	2718	0	2718	rpc error: code = Unavailable desc = transport is closing
480	175	126	301	<nil>
480	181	120	301	<nil>
480	98	0	98	rpc error: code = Unavailable desc = transport is closing
480	179	124	303	<nil>
480	117	0	117	rpc error: code = Unavailable desc = transport is closing
480	2715	0	2715	rpc error: code = Unavailable desc = transport is closing
480	168	127	295	<nil>
480	173	129	302	<nil>
480	173	127	300	<nil>
480	175	127	302	<nil>
480	1112	125	1237	<nil>
480	178	123	301	<nil>
480	173	123	296	<nil>
480	180	123	303	<nil>
480	178	123	301	<nil>
480	176	126	302	<nil>
480	177	124	301	<nil>
480	2711	0	2711	rpc error: code = Unavailable desc = transport is closing
480	2560	0	2560	rpc error: code = Unavailable desc = transport is closing
480	171	126	297	<nil>
480	180	124	304	<nil>
480	69	59	128	<nil>
480	178	99	277	<nil>
480	2835	0	2835	rpc error: code = Unavailable desc = transport is closing
480	1113	124	1237	<nil>
480	170	127	297	<nil>
480	175	127	302	<nil>
480	2336	0	2336	rpc error: code = Unavailable desc = transport is closing
480	1110	126	1236	<nil>
480	8542	123	8665	<nil>
480	120	24	144	<nil>
480	118	0	118	rpc error: code = Unavailable desc = transport is closing
480	109	0	109	rpc error: code = Unavailable desc = transport is closing
480	174	126	300	<nil>
480	171	137	308	<nil>
480	73	58	131	<nil>
480	118	30	148	<nil>
480	136	11	147	<nil>
480	9093	128	9221	<nil>
480	88	34	122	<nil>
480	177	124	301	<nil>
480	182	129	311	<nil>
480	175	134	309	<nil>
480	118	21	139	<nil>
480	176	135	311	<nil>
480	179	123	302	<nil>
480	174	131	305	<nil>
480	94	43	137	<nil>
480	172	127	299	<nil>
480	124	25	149	<nil>
480	120	29	149	<nil>
480	121	28	149	<nil>
480	120	29	149	<nil>
480	8660	32	8692	<nil>
480	99	23	122	<nil>
480	124	28	152	<nil>
480	178	128	306	<nil>
480	116	33	149	<nil>
480	120	30	150	<nil>
480	176	132	308	<nil>
480	138	13	151	<nil>
480	115	33	148	<nil>
480	116	33	149	<nil>
480	136	13	149	<nil>
480	110	38	148	<nil>
480	119	31	150	<nil>
480	115	34	149	<nil>
480	113	36	149	<nil>
480	120	29	149	<nil>
480	7380	0	7380	rpc error: code = Unavailable desc = transport is closing
480	174	174	348	<nil>
480	175	172	347	<nil>
480	172	170	342	<nil>
480	141	54	195	<nil>
480	142	81	223	<nil>
480	141	82	223	<nil>
480	26780	87	26867	<nil>
480	5053	88	5141	<nil>
480	134	88	222	<nil>
480	140	82	222	<nil>
480	101	87	188	<nil>
480	145	78	223	<nil>
480	135	82	217	<nil>
480	142	81	223	<nil>
480	115	87	202	<nil>
480	136	171	307	<nil>
480	5562	158	5720	<nil>
480	9944	227	10171	<nil>
480	143	229	372	<nil>
480	9172	227	9399	<nil>
480	146	229	375	<nil>
480	121	249	370	<nil>
480	134	260	394	<nil>
480	221	198	419	<nil>
480	190	226	416	<nil>
480	137	280	417	<nil>
480	146	277	423	<nil>
480	144	278	422	<nil>
480	82	280	362	<nil>
480	4853	280	5133	<nil>
480	82	281	363	<nil>
480	1107	229	1336	<nil>
480	138	230	368	<nil>
480	82	281	363	<nil>
480	82	280	362	<nil>
480	1080	279	1359	<nil>
480	84	279	363	<nil>
480	83	280	363	<nil>
480	83	280	363	<nil>
480	81	281	362	<nil>
480	52	285	337	<nil>
480	4867	282	5149	<nil>
480	296	0	296	rpc error: code = Unavailable desc = transport is closing
480	1065	282	1347	<nil>
480	255	0	255	rpc error: code = Unavailable desc = transport is closing
480	53	282	335	<nil>
480	296	0	296	rpc error: code = Unavailable desc = transport is closing
480	5203	282	5485	<nil>
480	275	91	366	<nil>
480	298	80	378	<nil>
480	298	80	378	<nil>
480	298	80	378	<nil>
480	279	99	378	<nil>
480	9246	282	9528	<nil>
480	63	282	345	<nil>
480	260	0	260	rpc error: code = Unavailable desc = transport is closing
480	296	84	380	<nil>
480	54	282	336	<nil>
480	571	0	571	rpc error: code = DeadlineExceeded desc = context deadline exceeded
480	325	409	734	<nil>
480	313	409	722	<nil>
480	304	408	712	<nil>
480	325	399	724	<nil>
480	283	411	694	<nil>
480	301	412	713	<nil>
480	284	410	694	<nil>
480	321	411	732	<nil>
480	310	408	718	<nil>
480	1300	396	1696	<nil>
480	287	416	703	<nil>
480	321	420	741	<nil>
480	251	417	668	<nil>
480	1278	440	1718	<nil>
480	302	417	719	<nil>
480	289	418	707	<nil>
480	288	416	704	<nil>
480	347	399	746	<nil>
480	287	417	704	<nil>
480	284	418	702	<nil>
480	290	418	708	<nil>
480	292	414	706	<nil>
480	294	412	706	<nil>
480	292	414	706	<nil>
480	283	412	695	<nil>
480	333	411	744	<nil>
480	326	404	730	<nil>
480	336	397	733	<nil>
480	333	400	733	<nil>
480	5451	418	5869	<nil>
480	290	415	705	<nil>
480	291	415	706	<nil>
480	311	422	733	<nil>
480	348	397	745	<nil>
480	291	415	706	<nil>
480	571	0	571	rpc error: code = DeadlineExceeded desc = context deadline exceeded
480	334	400	734	<nil>
480	315	424	739	<nil>
480	339	406	745	<nil>
480	320	405	725	<nil>
480	338	396	734	<nil>
480	288	413	701	<nil>
480	337	396	733	<nil>
480	573	0	573	rpc error: code = DeadlineExceeded desc = context deadline exceeded
480	338	398	736	<nil>
480	347	398	745	<nil>
480	1297	400	1697	<nil>
480	643	0	643	rpc error: code = DeadlineExceeded desc = context deadline exceeded
480	339	405	744	<nil>
480	675	0	675	rpc error: code = DeadlineExceeded desc = context deadline exceeded
480	648	0	648	rpc error: code = DeadlineExceeded desc = context deadline exceeded
480	318	403	721	<nil>
480	347	396	743	<nil>
480	339	395	734	<nil>
480	335	399	734	<nil>
480	337	406	743	<nil>
480	349	395	744	<nil>
480	10964	0	10964	rpc error: code = DeadlineExceeded desc = context deadline exceeded
480	340	408	748	<nil>
480	346	398	744	<nil>
480	346	400	746	<nil>
480	349	394	743	<nil>
480	346	398	744	<nil>
480	317	422	739	<nil>
480	329	396	725	<nil>
480	333	398	731	<nil>
480	317	405	722	<nil>
480	326	399	725	<nil>
480	336	406	742	<nil>
480	337	405	742	<nil>
480	341	395	736	<nil>
480	156	397	553	<nil>
480	328	397	725	<nil>
480	348	395	743	<nil>
480	338	404	742	<nil>
480	318	408	726	<nil>
480	338	395	733	<nil>
480	333	402	735	<nil>
480	346	400	746	<nil>
480	348	395	743	<nil>
480	25099	398	25497	<nil>
480	349	399	748	<nil>
480	347	398	745	<nil>
480	114	396	510	<nil>
480	115	396	511	<nil>
480	337	399	736	<nil>
480	348	398	746	<nil>
480	345	400	745	<nil>
480	116	396	512	<nil>
480	115	396	511	<nil>
480	96	396	492	<nil>
480	1303	398	1701	<nil>
480	343	395	738	<nil>
480	1299	399	1698	<nil>
480	606	0	606	rpc error: code = DeadlineExceeded desc = context deadline exceeded
480	571	0	571	rpc error: code = DeadlineExceeded desc = context deadline exceeded
480	274	416	690	<nil>
480	350	395	745	<nil>
480	328	406	734	<nil>
480	349	394	743	<nil>
480	351	395	746	<nil>
480	295	413	708	<nil>
480	305	396	701	<nil>
480	350	395	745	<nil>
480	9586	395	9981	<nil>
480	1298	397	1695	<nil>
480	348	397	745	<nil>
480	293	412	705	<nil>
480	318	421	739	<nil>
480	351	395	746	<nil>
480	572	0	572	rpc error: code = DeadlineExceeded desc = context deadline exceeded
480	281	416	697	<nil>
480	1301	398	1699	<nil>
480	318	422	740	<nil>
480	272	415	687	<nil>
480	338	398	736	<nil>
480	1293	401	1694	<nil>
480	329	405	734	<nil>
480	339	403	742	<nil>
480	640	0	640	rpc error: code = DeadlineExceeded desc = context deadline exceeded
480	347	396	743	<nil>
480	649	0	649	rpc error: code = DeadlineExceeded desc = context deadline exceeded
480	643	0	643	rpc error: code = DeadlineExceeded desc = context deadline exceeded
480	331	395	726	<nil>
480	280	410	690	<nil>
480	263	419	682	<nil>
480	570	0	570	rpc error: code = DeadlineExceeded desc = context deadline exceeded
480	571	0	571	rpc error: code = DeadlineExceeded desc = context deadline exceeded
480	8573	411	8984	<nil>
480	300	441	741	<nil>
480	342	401	743	<nil>
480	650	0	650	rpc error: code = DeadlineExceeded desc = context deadline exceeded
480	339	405	744	<nil>
480	318	405	723	<nil>
480	2828	0	2828	rpc error: code = DeadlineExceeded desc = context deadline exceeded
480	2837	0	2837	rpc error: code = DeadlineExceeded desc = context deadline exceeded
480	2837	0	2837	rpc error: code = DeadlineExceeded desc = context deadline exceeded
480	2837	0	2837	rpc error: code = DeadlineExceeded desc = context deadline exceeded
480	2838	0	2838	rpc error: code = DeadlineExceeded desc = context deadline exceeded
480	2835	0	2835	rpc error: code = DeadlineExceeded desc = context deadline exceeded
480	2710	0	2710	rpc error: code = DeadlineExceeded desc = context deadline exceeded
480	2837	0	2837	rpc error: code = DeadlineExceeded desc = context deadline exceeded
480	3723	0	3723	rpc error: code = DeadlineExceeded desc = context deadline exceeded
480	2825	0	2825	rpc error: code = DeadlineExceeded desc = context deadline exceeded
480	13061	0	13061	rpc error: code = DeadlineExceeded desc = context deadline exceeded
480	2710	0	2710	rpc error: code = DeadlineExceeded desc = context deadline exceeded
480	2837	0	2837	rpc error: code = DeadlineExceeded desc = context deadline exceeded
480	2711	0	2711	rpc error: code = DeadlineExceeded desc = context deadline exceeded
480	2838	0	2838	rpc error: code = DeadlineExceeded desc = context deadline exceeded
480	2711	0	2711	rpc error: code = DeadlineExceeded desc = context deadline exceeded
480	2710	0	2710	rpc error: code = DeadlineExceeded desc = context deadline exceeded
480	2709	0	2709	rpc error: code = DeadlineExceeded desc = context deadline exceeded
480	2711	0	2711	rpc error: code = DeadlineExceeded desc = context deadline exceeded
480	2710	0	2710	rpc error: code = DeadlineExceeded desc = context deadline exceeded
480	2706	0	2706	rpc error: code = DeadlineExceeded desc = context deadline exceeded
480	2714	0	2714	rpc error: code = DeadlineExceeded desc = context deadline exceeded
480	2714	0	2714	rpc error: code = DeadlineExceeded desc = context deadline exceeded
480	5142	0	5142	rpc error: code = DeadlineExceeded desc = context deadline exceeded
480	2258	0	2258	rpc error: code = DeadlineExceeded desc = context deadline exceeded
480	2698	0	2698	rpc error: code = DeadlineExceeded desc = context deadline exceeded
480	2711	0	2711	rpc error: code = DeadlineExceeded desc = context deadline exceeded
480	3561	0	3561	rpc error: code = DeadlineExceeded desc = context deadline exceeded
480	2291	0	2291	rpc error: code = DeadlineExceeded desc = context deadline exceeded
480	2602	0	2602	rpc error: code = DeadlineExceeded desc = context deadline exceeded
480	2715	0	2715	rpc error: code = DeadlineExceeded desc = context deadline exceeded
480	18924	0	18924	rpc error: code = DeadlineExceeded desc = context deadline exceeded
480	2372	0	2372	rpc error: code = DeadlineExceeded desc = context deadline exceeded
480	2716	0	2716	rpc error: code = DeadlineExceeded desc = context deadline exceeded
480	2715	0	2715	rpc error: code = DeadlineExceeded desc = context deadline exceeded
480	7922	0	7922	rpc error: code = DeadlineExceeded desc = context deadline exceeded
480	2722	0	2722	rpc error: code = DeadlineExceeded desc = context deadline exceeded
480	2715	0	2715	rpc error: code = DeadlineExceeded desc = context deadline exceeded
480	2715	0	2715	rpc error: code = DeadlineExceeded desc = context deadline exceeded
480	2559	0	2559	rpc error: code = DeadlineExceeded desc = context deadline exceeded
480	3647	0	3647	rpc error: code = DeadlineExceeded desc = context deadline exceeded
480	3557	0	3557	rpc error: code = DeadlineExceeded desc = context deadline exceeded
480	2355	0	2355	rpc error: code = DeadlineExceeded desc = context deadline exceeded
480	2603	0	2603	rpc error: code = DeadlineExceeded desc = context deadline exceeded
480	2555	0	2555	rpc error: code = DeadlineExceeded desc = context deadline exceeded
480	2559	0	2559	rpc error: code = DeadlineExceeded desc = context deadline exceeded
480	2717	0	2717	rpc error: code = DeadlineExceeded desc = context deadline exceeded
480	2555	0	2555	rpc error: code = DeadlineExceeded desc = context deadline exceeded
480	2701	0	2701	rpc error: code = DeadlineExceeded desc = context deadline exceeded
480	2715	0	2715	rpc error: code = DeadlineExceeded desc = context deadline exceeded
480	2603	0	2603	rpc error: code = DeadlineExceeded desc = context deadline exceeded
480	3560	0	3560	rpc error: code = DeadlineExceeded desc = context deadline exceeded
480	2333	0	2333	rpc error: code = DeadlineExceeded desc = context deadline exceeded
480	3558	0	3558	rpc error: code = DeadlineExceeded desc = context deadline exceeded
480	2722	0	2722	rpc error: code = DeadlineExceeded desc = context deadline exceeded
480	2715	0	2715	rpc error: code = DeadlineExceeded desc = context deadline exceeded
480	5114	0	5114	rpc error: code = DeadlineExceeded desc = context deadline exceeded
480	96	2855	2951	<nil>
480	5132	0	5132	rpc error: code = DeadlineExceeded desc = context deadline exceeded
480	3558	0	3558	rpc error: code = DeadlineExceeded desc = context deadline exceeded
480	2603	0	2603	rpc error: code = DeadlineExceeded desc = context deadline exceeded
480	2722	0	2722	rpc error: code = DeadlineExceeded desc = context deadline exceeded
480	2580	0	2580	rpc error: code = DeadlineExceeded desc = context deadline exceeded
480	632	2563	3195	<nil>
480	2715	0	2715	rpc error: code = DeadlineExceeded desc = context deadline exceeded
480	2601	0	2601	rpc error: code = DeadlineExceeded desc = context deadline exceeded
480	5297	0	5297	rpc error: code = DeadlineExceeded desc = context deadline exceeded
480	2604	0	2604	rpc error: code = DeadlineExceeded desc = context deadline exceeded
480	3560	0	3560	rpc error: code = DeadlineExceeded desc = context deadline exceeded
480	2336	0	2336	rpc error: code = DeadlineExceeded desc = context deadline exceeded
480	2376	0	2376	rpc error: code = DeadlineExceeded desc = context deadline exceeded
480	2721	0	2721	rpc error: code = DeadlineExceeded desc = context deadline exceeded
480	2603	0	2603	rpc error: code = DeadlineExceeded desc = context deadline exceeded
480	2722	0	2722	rpc error: code = DeadlineExceeded desc = context deadline exceeded
480	653	2564	3217	<nil>
480	345	2871	3216	<nil>
480	665	2554	3219	<nil>
480	655	2553	3208	<nil>
480	677	2560	3237	<nil>
480	697	2554	3251	<nil>
480	2958	0	2958	rpc error: code = Unavailable desc = transport is closing
480	2954	0	2954	rpc error: code = Unavailable desc = transport is closing
480	2972	0	2972	rpc error: code = Unavailable desc = transport is closing
480	2971	0	2971	rpc error: code = Unavailable desc = transport is closing
480	2943	0	2943	rpc error: code = Unavailable desc = transport is closing
480	18553	0	18553	rpc error: code = Unavailable desc = transport is closing
480	19185	0	19185	rpc error: code = Unavailable desc = transport is closing
480	2966	0	2966	rpc error: code = Unavailable desc = transport is closing
480	2959	0	2959	rpc error: code = Unavailable desc = transport is closing
480	2907	0	2907	rpc error: code = Unavailable desc = transport is closing
480	2908	0	2908	rpc error: code = Unavailable desc = transport is closing
480	2957	0	2957	rpc error: code = Unavailable desc = transport is closing
480	2905	0	2905	rpc error: code = Unavailable desc = transport is closing
480	11956	0	11956	rpc error: code = Unavailable desc = transport is closing
480	2967	0	2967	rpc error: code = Unavailable desc = transport is closing
480	2964	0	2964	rpc error: code = Unavailable desc = transport is closing
480	2615	0	2615	rpc error: code = Unavailable desc = transport is closing
480	2976	0	2976	rpc error: code = Unavailable desc = transport is closing
480	11955	0	11955	rpc error: code = Unavailable desc = transport is closing
480	11776	0	11776	rpc error: code = Unavailable desc = transport is closing
480	2974	0	2974	rpc error: code = Unavailable desc = transport is closing
480	8121	0	8121	rpc error: code = Unavailable desc = transport is closing
480	2976	0	2976	rpc error: code = Unavailable desc = transport is closing
480	3727	0	3727	rpc error: code = Unavailable desc = transport is closing
480	2979	0	2979	rpc error: code = Unavailable desc = transport is closing
480	2976	0	2976	rpc error: code = Unavailable desc = transport is closing
480	2613	0	2613	rpc error: code = Unavailable desc = transport is closing
480	2978	0	2978	rpc error: code = Unavailable desc = transport is closing
480	11938	0	11938	rpc error: code = Unavailable desc = transport is closing
480	11956	0	11956	rpc error: code = Unavailable desc = transport is closing
480	2978	0	2978	rpc error: code = Unavailable desc = transport is closing
480	2602	0	2602	rpc error: code = Unavailable desc = transport is closing
480	2948	0	2948	rpc error: code = Unavailable desc = transport is closing
480	8607	0	8607	rpc error: code = Unavailable desc = transport is closing
480	12437	0	12437	rpc error: code = Unavailable desc = transport is closing
480	8118	0	8118	rpc error: code = Unavailable desc = transport is closing
480	2978	0	2978	rpc error: code = Unavailable desc = transport is closing
480	3591	0	3591	rpc error: code = Unavailable desc = transport is closing
480	3687	0	3687	rpc error: code = Unavailable desc = transport is closing
480	3591	0	3591	rpc error: code = Unavailable desc = transport is closing
480	3593	0	3593	rpc error: code = Unavailable desc = transport is closing
480	7660	0	7660	rpc error: code = Unavailable desc = transport is closing
480	2613	0	2613	rpc error: code = Unavailable desc = transport is closing
480	2679	60	2739	<nil>
480	3902	61	3963	<nil>
480	11097	60	11157	<nil>
480	2671	61	2732	<nil>
480	265	57	322	<nil>
480	10544	61	10605	<nil>
480	3754	61	3815	<nil>
480	268	57	325	<nil>
480	266	56	322	<nil>
480	269	56	325	<nil>
480	269	56	325	<nil>
480	146	37	183	<nil>
480	152	35	187	<nil>
480	141	45	186	<nil>
480	172	23	195	<nil>
480	141	47	188	<nil>
480	139	49	188	<nil>
480	162	34	196	<nil>
480	167	29	196	<nil>
480	122	49	171	<nil>
480	152	29	181	<nil>
480	153	31	184	<nil>
480	163	19	182	<nil>
480	167	21	188	<nil>
480	177	19	196	<nil>
480	180	19	199	<nil>
480	177	18	195	<nil>
480	16581	55	16636	<nil>
480	141	55	196	<nil>
480	159	40	199	<nil>
480	170	19	189	<nil>
480	125	37	162	<nil>
480	158	19	177	<nil>
480	145	44	189	<nil>
480	163	32	195	<nil>
480	173	23	196	<nil>
480	25529	54	25583	<nil>
480	170	26	196	<nil>
480	170	24	194	<nil>
480	152	41	193	<nil>
480	170	61	231	<nil>
480	163	69	232	<nil>
480	177	62	239	<nil>
480	175	65	240	<nil>
480	123	63	186	<nil>
480	177	62	239	<nil>
480	177	62	239	<nil>
480	173	62	235	<nil>
480	134	99	233	<nil>
480	141	96	237	<nil>
480	60	74	134	<nil>
480	82	54	136	<nil>
480	169	76	245	<nil>
480	81	55	136	<nil>
480	78	56	134	<nil>
480	77	57	134	<nil>
480	73	63	136	<nil>
480	80	54	134	<nil>
480	82	54	136	<nil>
480	70	67	137	<nil>
480	83	67	150	<nil>
480	81	69	150	<nil>
480	78	67	145	<nil>
480	78	67	145	<nil>
480	42117	67	42184	<nil>
480	84	66	150	<nil>
480	80	68	148	<nil>
480	79	70	149	<nil>
480	77	48	125	<nil>
480	96	45	141	<nil>
480	108	44	152	<nil>
480	103	50	153	<nil>
480	82	45	127	<nil>
480	103	54	157	<nil>
480	83	65	148	<nil>
480	83	70	153	<nil>
480	78	70	148	<nil>
480	108	44	152	<nil>
480	71	51	122	<nil>
480	108	45	153	<nil>
480	104	48	152	<nil>
480	109	46	155	<nil>
480	98	47	145	<nil>
480	93	63	156	<nil>
480	108	46	154	<nil>
480	16700	50	16750	<nil>
480	108	47	155	<nil>
480	98	49	147	<nil>
480	82	74	156	<nil>
480	108	47	155	<nil>
480	82	71	153	<nil>
480	79	47	126	<nil>
480	105	55	160	<nil>
480	78	82	160	<nil>
480	77	81	158	<nil>
480	79	80	159	<nil>
480	79	80	159	<nil>
480	79	80	159	<nil>
480	79	80	159	<nil>
480	78	80	158	<nil>
480	92	82	174	<nil>
480	89	84	173	<nil>
480	92	85	177	<nil>
480	92	83	175	<nil>
480	92	85	177	<nil>
480	88	86	174	<nil>
480	87	84	171	<nil>
480	89	85	174	<nil>
480	84	85	169	<nil>
480	90	85	175	<nil>
480	124	49	173	<nil>
480	121	49	170	<nil>
480	123	36	159	<nil>
480	122	36	158	<nil>
480	109	52	161	<nil>
480	99	59	158	<nil>
480	99	60	159	<nil>
480	145	27	172	<nil>
480	100	59	159	<nil>
480	142	40	182	<nil>
480	108	50	158	<nil>
480	9529	60	9589	<nil>
480	9534	55	9589	<nil>
480	99	65	164	<nil>
480	106	53	159	<nil>
480	105	53	158	<nil>
480	117	55	172	<nil>
480	121	51	172	<nil>
480	131	31	162	<nil>
480	116	48	164	<nil>
480	108	51	159	<nil>
480	97	63	160	<nil>
480	103	89	192	<nil>
480	85	85	170	<nil>
480	102	91	193	<nil>
480	9093	91	9184	<nil>
480	102	91	193	<nil>
480	103	91	194	<nil>
480	102	91	193	<nil>
480	102	91	193	<nil>
480	81	86	167	<nil>
480	102	91	193	<nil>
480	108	115	223	<nil>
480	83	85	168	<nil>
480	103	91	194	<nil>
480	83	86	169	<nil>
480	82	86	168	<nil>
480	84	87	171	<nil>
480	102	89	191	<nil>
480	83	87	170	<nil>
480	83	89	172	<nil>
480	83	89	172	<nil>
480	86	71	157	<nil>
480	88	71	159	<nil>
480	79	71	150	<nil>
480	88	73	161	<nil>
480	94	49	143	<nil>
480	108	51	159	<nil>
480	108	17	125	<nil>
480	123	42	165	<nil>
480	86	87	173	<nil>
480	84	22	106	<nil>
480	68	4	72	<nil>
480	133	24	157	<nil>
480	108	52	160	<nil>
480	141	19	160	<nil>
480	130	38	168	<nil>
480	108	55	163	<nil>
480	121	51	172	<nil>
480	112	30	142	<nil>
480	102	61	163	<nil>
480	86	18	104	<nil>
480	84	8	92	<nil>
480	88	73	161	<nil>
480	71	14	85	<nil>
480	77	12	89	<nil>
480	75	13	88	<nil>
480	80	9	89	<nil>
480	75	5	80	<nil>
480	86	22	108	<nil>
480	119	23	142	<nil>
480	71	1	72	<nil>
480	78	14	92	<nil>
480	126	39	165	<nil>
480	116	27	143	<nil>
480	112	24	136	<nil>
480	85	2	87	<nil>
480	87	4	91	<nil>
480	108	58	166	<nil>
480	88	22	110	<nil>
480	88	56	144	<nil>
480	111	58	169	<nil>
480	109	24	133	<nil>
480	119	25	144	<nil>
480	90	20	110	<nil>
480	119	25	144	<nil>
480	102	65	167	<nil>
480	141	24	165	<nil>
480	108	41	149	<nil>
480	88	73	161	<nil>
480	9629	49	9678	<nil>
480	84	4	88	<nil>
480	87	18	105	<nil>
480	84	1	85	<nil>
480	86	12	98	<nil>
480	75	14	89	<nil>
480	77	9	86	<nil>
480	132	27	159	<nil>
480	87	2	89	<nil>
480	85	23	108	<nil>
480	85	2	87	<nil>
480	85	2	87	<nil>
480	68	1	69	<nil>
480	77	10	87	<nil>
480	70	5	75	<nil>
480	87	13	100	<nil>
480	67	7	74	<nil>
480	84	14	98	<nil>
480	70	7	77	<nil>
480	91	7	98	<nil>
480	68	9	77	<nil>
480	82	8	90	<nil>
480	71	6	77	<nil>
480	73	6	79	<nil>
480	69	8	77	<nil>
480	129	13	142	<nil>
480	129	12	141	<nil>
480	130	13	143	<nil>
480	112	10	122	<nil>
480	102	20	122	<nil>
480	103	19	122	<nil>
480	104	19	123	<nil>
480	135	14	149	<nil>
480	107	20	127	<nil>
480	143	5	148	<nil>
480	123	5	128	<nil>
480	145	4	149	<nil>
480	120	3	123	<nil>
480	125	5	130	<nil>
480	130	19	149	<nil>
480	137	13	150	<nil>
480	136	10	146	<nil>
480	103	21	124	<nil>
480	129	21	150	<nil>
480	119	5	124	<nil>
480	117	10	127	<nil>
480	114	12	126	<nil>
480	140	11	151	<nil>
480	112	10	122	<nil>
480	130	20	150	<nil>
480	112	10	122	<nil>
480	138	12	150	<nil>
480	139	10	149	<nil>
480	113	10	123	<nil>
480	112	10	122	<nil>
480	111	10	121	<nil>
480	103	19	122	<nil>
480	138	12	150	<nil>
480	111	10	121	<nil>
480	135	11	146	<nil>
480	107	12	119	<nil>
480	121	5	126	<nil>
480	133	20	153	<nil>
480	119	5	124	<nil>
480	129	20	149	<nil>
480	147	5	152	<nil>
480	137	10	147	<nil>
480	119	5	124	<nil>
480	114	9	123	<nil>
480	122	25	147	<nil>
480	147	22	169	<nil>
480	121	26	147	<nil>
480	146	25	171	<nil>
480	120	25	145	<nil>
480	118	25	143	<nil>
480	121	25	146	<nil>
480	124	26	150	<nil>
480	129	87	216	<nil>
480	119	87	206	<nil>
480	119	88	207	<nil>
480	115	88	203	<nil>
480	122	89	211	<nil>
480	118	105	223	<nil>
480	116	105	221	<nil>
480	119	107	226	<nil>
480	116	107	223	<nil>
480	124	107	231	<nil>
480	117	109	226	<nil>
480	124	109	233	<nil>
480	116	118	234	<nil>
480	122	108	230	<nil>
480	117	109	226	<nil>
480	81	33	114	<nil>
480	129	109	238	<nil>
480	121	109	230	<nil>
480	121	121	242	<nil>
480	116	120	236	<nil>
480	126	108	234	<nil>
480	115	122	237	<nil>
480	116	122	238	<nil>
480	117	123	240	<nil>
480	121	119	240	<nil>
480	115	122	237	<nil>
480	117	122	239	<nil>
480	26	96	122	<nil>
480	125	119	244	<nil>
480	82	38	120	<nil>
480	83	38	121	<nil>
480	84	37	121	<nil>
480	81	39	120	<nil>
480	28	101	129	<nil>
480	83	83	166	<nil>
480	83	90	173	<nil>
480	83	90	173	<nil>
480	83	105	188	<nil>
480	97	91	188	<nil>
480	83	106	189	<nil>
480	102	88	190	<nil>
500	101	88	189	<nil>
500	97	94	191	<nil>
500	100	90	190	<nil>
500	83	108	191	<nil>
480	101	89	190	<nil>
500	97	93	190	<nil>
500	88	109	197	<nil>
480	101	89	190	<nil>
500	111	88	199	<nil>
500	111	88	199	<nil>
500	113	86	199	<nil>
500	110	88	198	<nil>
500	112	86	198	<nil>
500	113	86	199	<nil>
500	113	86	199	<nil>
500	112	88	200	<nil>
500	114	85	199	<nil>
500	112	87	199	<nil>
500	75	86	161	<nil>
500	114	86	200	<nil>
500	100	99	199	<nil>
500	112	86	198	<nil>
500	110	86	196	<nil>
500	102	97	199	<nil>
500	113	86	199	<nil>
500	111	88	199	<nil>
500	111	88	199	<nil>
500	120	115	235	<nil>
500	81	163	244	<nil>
500	89	149	238	<nil>
500	123	172	295	<nil>
500	41	175	216	<nil>
500	43	174	217	<nil>
500	17137	175	17312	<nil>
500	117	82	199	<nil>
500	74	112	186	<nil>
500	82	105	187	<nil>
500	43	180	223	<nil>
500	117	85	202	<nil>
500	78	106	184	<nil>
500	116	77	193	<nil>
500	138	51	189	<nil>
500	105	89	194	<nil>
500	85	107	192	<nil>
500	103	87	190	<nil>
500	129	177	306	<nil>
500	105	182	287	<nil>
500	95	87	182	<nil>
500	122	185	307	<nil>
500	38	189	227	<nil>
500	75	137	212	<nil>
500	72	143	215	<nil>
500	70	143	213	<nil>
500	70	114	184	<nil>
500	89	97	186	<nil>
500	101	96	197	<nil>
500	85	203	288	<nil>
500	79	115	194	<nil>
500	82	128	210	<nil>
500	100	94	194	<nil>
500	78	115	193	<nil>
500	87	126	213	<nil>
500	103	94	197	<nil>
500	174	48	222	<nil>
500	166	67	233	<nil>
500	59	235	294	<nil>
500	166	69	235	<nil>
500	76	243	319	<nil>
500	164	58	222	<nil>
500	161	95	256	<nil>
500	174	68	242	<nil>
500	115	440	555	<nil>
500	125	432	557	<nil>
500	9520	433	9953	<nil>
500	109	446	555	<nil>
500	117	423	540	<nil>
500	117	420	537	<nil>
500	1073	428	1501	<nil>
500	117	421	538	<nil>
500	117	422	539	<nil>
500	79	428	507	<nil>
500	84	423	507	<nil>
500	118	420	538	<nil>
500	109	428	537	<nil>
500	109	428	537	<nil>
500	109	429	538	<nil>
500	113	424	537	<nil>
500	113	424	537	<nil>
500	110	428	538	<nil>
500	109	428	537	<nil>
500	109	429	538	<nil>
500	120	422	542	<nil>
500	122	415	537	<nil>
500	117	421	538	<nil>
500	109	428	537	<nil>
500	86	421	507	<nil>
500	137	391	528	<nil>
500	137	391	528	<nil>
500	138	391	529	<nil>
500	9408	377	9785	<nil>
500	222	337	559	<nil>
500	119	409	528	<nil>
500	221	338	559	<nil>
500	214	338	552	<nil>
500	223	337	560	<nil>
500	222	338	560	<nil>
500	478	3	481	<nil>
500	1533	3	1536	<nil>
500	1528	8	1536	<nil>
500	442	26	468	<nil>
500	470	4	474	<nil>
500	1511	23	1534	<nil>
500	1512	24	1536	<nil>
500	1530	6	1536	<nil>
500	1533	3	1536	<nil>
500	1533	4	1537	<nil>
500	1533	3	1536	<nil>
500	1536	5	1541	<nil>
500	1533	3	1536	<nil>
500	1533	4	1537	<nil>
500	1515	24	1539	<nil>
500	1535	5	1540	<nil>
500	1535	6	1541	<nil>
500	15899	7	15906	<nil>
500	9971	3	9974	<nil>
500	1534	16	1550	<nil>
500	477	16	493	<nil>
500	1534	13	1547	<nil>
500	1536	14	1550	<nil>
500	471	14	485	<nil>
500	475	14	489	<nil>
500	1533	13	1546	<nil>
500	1532	14	1546	<nil>
500	1528	18	1546	<nil>
500	1532	14	1546	<nil>
500	512	22	534	<nil>
500	467	21	488	<nil>
500	1531	24	1555	<nil>
500	1534	41	1575	<nil>
500	1534	40	1574	<nil>
500	1534	42	1576	<nil>
500	1529	43	1572	<nil>
500	1534	56	1590	<nil>
500	462	65	527	<nil>
500	464	77	541	<nil>
500	1536	78	1614	<nil>
500	1531	78	1609	<nil>
500	1535	77	1612	<nil>
500	1535	74	1609	<nil>
500	46	80	126	<nil>
500	45	79	124	<nil>
500	46	79	125	<nil>
500	355	82	437	<nil>
500	46	85	131	<nil>
500	47	79	126	<nil>
500	46	82	128	<nil>
500	47	79	126	<nil>
500	45	80	125	<nil>
500	46	82	128	<nil>
500	50	80	130	<nil>
500	48	79	127	<nil>
500	45	80	125	<nil>
500	50	82	132	<nil>
500	51	80	131	<nil>
500	50	91	141	<nil>
500	56	76	132	<nil>
500	50	81	131	<nil>
500	49	82	131	<nil>
500	45	87	132	<nil>
500	50	82	132	<nil>
500	50	82	132	<nil>
500	45	88	133	<nil>
500	56	78	134	<nil>
500	50	91	141	<nil>
500	30	91	121	<nil>
500	50	81	131	<nil>
500	30	113	143	<nil>
500	29	116	145	<nil>
500	28	116	144	<nil>
500	29	151	180	<nil>
500	29	152	181	<nil>
500	36	146	182	<nil>
500	28	154	182	<nil>
500	35	147	182	<nil>
500	38	144	182	<nil>
500	55	88	143	<nil>
500	41	98	139	<nil>
500	57	100	157	<nil>
500	17	137	154	<nil>
500	39	116	155	<nil>
500	61	87	148	<nil>
500	57	100	157	<nil>
500	9504	87	9591	<nil>
500	65	87	152	<nil>
500	65	87	152	<nil>
500	3760	0	3760	rpc error: code = Unavailable desc = transport is closing
500	60	88	148	<nil>
500	60	88	148	<nil>
500	59	93	152	<nil>
500	80	76	156	<nil>
500	99	57	156	<nil>
500	65	91	156	<nil>
500	58	91	149	<nil>
500	65	91	156	<nil>
500	57	94	151	<nil>
500	28718	0	28718	rpc error: code = Unavailable desc = transport is closing
500	80	88	168	<nil>
500	80	77	157	<nil>
500	80	88	168	<nil>
500	76	103	179	<nil>
500	124	0	124	rpc error: code = Unavailable desc = transport is closing
500	76	105	181	<nil>
500	112	0	112	rpc error: code = Unavailable desc = transport is closing
500	90	136	226	<nil>
500	73	141	214	<nil>
500	73	141	214	<nil>
500	140	0	140	rpc error: code = Unavailable desc = transport is closing
500	79	143	222	<nil>
500	80	142	222	<nil>
500	72	143	215	<nil>
500	84	139	223	<nil>
500	122	0	122	rpc error: code = Unavailable desc = transport is closing
500	121	0	121	rpc error: code = Unavailable desc = transport is closing
500	122	0	122	rpc error: code = Unavailable desc = transport is closing
500	121	0	121	rpc error: code = Unavailable desc = transport is closing
500	120	0	120	rpc error: code = Unavailable desc = transport is closing
500	121	0	121	rpc error: code = Unavailable desc = transport is closing
500	119	0	119	rpc error: code = Unavailable desc = transport is closing
500	120	0	120	rpc error: code = Unavailable desc = transport is closing
500	121	0	121	rpc error: code = Unavailable desc = transport is closing
500	78	71	149	<nil>
500	77	74	151	<nil>
500	18280	0	18280	rpc error: code = Unavailable desc = transport is closing
500	3913	0	3913	rpc error: code = Unavailable desc = transport is closing
500	77	74	151	<nil>
500	71	81	152	<nil>
500	43	118	161	<nil>
500	67	81	148	<nil>
500	37	148	185	<nil>
500	67	118	185	<nil>
500	46	118	164	<nil>
500	33	145	178	<nil>
500	54	136	190	<nil>
500	117	0	117	rpc error: code = Unavailable desc = transport is closing
500	41	148	189	<nil>
500	36	148	184	<nil>
500	79	81	160	<nil>
500	91	132	223	<nil>
500	119	0	119	rpc error: code = Unavailable desc = transport is closing
500	88	62	150	<nil>
500	77	102	179	<nil>
500	73	106	179	<nil>
500	78	102	180	<nil>
500	78	103	181	<nil>
500	78	160	238	<nil>
500	103	130	233	<nil>
500	74	164	238	<nil>
500	82	173	255	<nil>
500	108	152	260	<nil>
500	87	154	241	<nil>
500	82	154	236	<nil>
500	76	177	253	<nil>
500	78	170	248	<nil>
500	77	140	217	<nil>
500	73	143	216	<nil>
500	74	141	215	<nil>
500	70	177	247	<nil>
500	70	172	242	<nil>
500	76	176	252	<nil>
500	74	170	244	<nil>
500	81	170	251	<nil>
500	80	173	253	<nil>
500	70	137	207	<nil>
500	72	171	243	<nil>
500	74	146	220	<nil>
500	77	145	222	<nil>
500	69	140	209	<nil>
500	66	146	212	<nil>
500	76	143	219	<nil>
500	83	169	252	<nil>
500	76	176	252	<nil>
500	72	161	233	<nil>
500	69	157	226	<nil>
500	90	108	198	<nil>
500	69	128	197	<nil>
500	72	161	233	<nil>
500	103	107	210	<nil>
500	78	158	236	<nil>
500	3850	0	3850	rpc error: code = Unavailable desc = transport is closing
500	130	83	213	<nil>
500	124	72	196	<nil>
500	83	198	281	<nil>
500	137	73	210	<nil>
500	78	200	278	<nil>
500	126	80	206	<nil>
500	68	160	228	<nil>
500	34	198	232	<nil>
500	121	92	213	<nil>
500	69	158	227	<nil>
500	69	157	226	<nil>
500	40	199	239	<nil>
500	3894	0	3894	rpc error: code = Unavailable desc = transport is closing
500	129	89	218	<nil>
500	71	132	203	<nil>
500	28784	113	28897	<nil>
500	10098	112	10210	<nil>
500	11118	0	11118	rpc error: code = Unavailable desc = transport is closing
500	123	87	210	<nil>
500	69	161	230	<nil>
500	123	96	219	<nil>
500	105	113	218	<nil>
500	122	96	218	<nil>
500	88	78	166	<nil>
500	97	113	210	<nil>
500	92	85	177	<nil>
500	92	88	180	<nil>
500	89	88	177	<nil>
500	69	139	208	<nil>
500	105	152	257	<nil>
500	109	179	288	<nil>
500	10189	0	10189	rpc error: code = Unavailable desc = transport is closing
500	135	0	135	rpc error: code = Unavailable desc = transport is closing
500	10364	0	10364	rpc error: code = Unavailable desc = transport is closing
500	106	192	298	<nil>
500	139	0	139	rpc error: code = Unavailable desc = transport is closing
500	106	192	298	<nil>
500	158	0	158	rpc error: code = Unavailable desc = transport is closing
500	143	0	143	rpc error: code = Unavailable desc = transport is closing
500	9373	0	9373	rpc error: code = Unavailable desc = transport is closing
500	135	0	135	rpc error: code = Unavailable desc = transport is closing
500	151	0	151	rpc error: code = Unavailable desc = transport is closing
500	152	0	152	rpc error: code = Unavailable desc = transport is closing
500	141	0	141	rpc error: code = Unavailable desc = transport is closing
500	90	188	278	<nil>
500	148	0	148	rpc error: code = Unavailable desc = transport is closing
500	97	182	279	<nil>
500	85	191	276	<nil>
500	84	190	274	<nil>
500	3795	0	3795	rpc error: code = Unavailable desc = transport is closing
500	150	0	150	rpc error: code = Unavailable desc = transport is closing
500	83	190	273	<nil>
500	10362	0	10362	rpc error: code = Unavailable desc = transport is closing
500	97	209	306	<nil>
500	98	214	312	<nil>
500	178	0	178	rpc error: code = Unavailable desc = transport is closing
500	162	0	162	rpc error: code = Unavailable desc = transport is closing
500	98	231	329	<nil>
500	138	0	138	rpc error: code = Unavailable desc = transport is closing
500	99	230	329	<nil>
500	98	233	331	<nil>
500	15713	0	15713	rpc error: code = Unavailable desc = transport is closing
500	118	215	333	<nil>
500	165	0	165	rpc error: code = Unavailable desc = transport is closing
500	124	215	339	<nil>
500	99	234	333	<nil>
500	125	215	340	<nil>
500	2680	0	2680	rpc error: code = Unavailable desc = transport is closing
500	146	187	333	<nil>
500	98	235	333	<nil>
500	10360	0	10360	rpc error: code = Unavailable desc = transport is closing
500	175	0	175	rpc error: code = Unavailable desc = transport is closing
500	117	216	333	<nil>
500	3467	0	3467	rpc error: code = Unavailable desc = transport is closing
500	4288	0	4288	rpc error: code = Unavailable desc = transport is closing
500	3165	0	3165	rpc error: code = Unavailable desc = transport is closing
500	5203	0	5203	rpc error: code = Unavailable desc = transport is closing
500	4968	0	4968	rpc error: code = Unavailable desc = transport is closing
500	12273	0	12273	rpc error: code = Unavailable desc = transport is closing
500	5142	0	5142	rpc error: code = Unavailable desc = transport is closing
500	11115	0	11115	rpc error: code = Unavailable desc = transport is closing
500	3110	0	3110	rpc error: code = Unavailable desc = transport is closing
500	4939	0	4939	rpc error: code = Unavailable desc = transport is closing
500	180	0	180	rpc error: code = Unavailable desc = transport is closing
500	25876	0	25876	rpc error: code = Unavailable desc = transport is closing
500	3333	0	3333	rpc error: code = Unavailable desc = transport is closing
500	3277	0	3277	rpc error: code = Unavailable desc = transport is closing
500	18277	0	18277	rpc error: code = Unavailable desc = transport is closing
500	28837	0	28837	rpc error: code = Unavailable desc = transport is closing
500	5197	0	5197	rpc error: code = Unavailable desc = transport is closing
500	3467	0	3467	rpc error: code = Unavailable desc = transport is closing
500	3278	0	3278	rpc error: code = Unavailable desc = transport is closing
500	97	235	332	<nil>
500	118	214	332	<nil>
500	134	0	134	rpc error: code = Unavailable desc = transport is closing
500	173	0	173	rpc error: code = Unavailable desc = transport is closing
500	3323	0	3323	rpc error: code = Unavailable desc = transport is closing
500	118	215	333	<nil>
500	19277	0	19277	rpc error: code = Unavailable desc = transport is closing
500	3593	0	3593	rpc error: code = Unavailable desc = transport is closing
500	7856	0	7856	rpc error: code = Unavailable desc = transport is closing
500	149	0	149	rpc error: code = Unavailable desc = transport is closing
500	12019	0	12019	rpc error: code = Unavailable desc = transport is closing
500	5198	0	5198	rpc error: code = Unavailable desc = transport is closing
500	2525	0	2525	rpc error: code = Unavailable desc = transport is closing
500	10360	0	10360	rpc error: code = Unavailable desc = transport is closing
500	11310	0	11310	rpc error: code = Unavailable desc = transport is closing
500	7758	0	7758	rpc error: code = Unavailable desc = transport is closing
500	3165	0	3165	rpc error: code = Unavailable desc = transport is closing
500	3592	0	3592	rpc error: code = Unavailable desc = transport is closing
500	118	215	333	<nil>
500	99	234	333	<nil>
500	3760	0	3760	rpc error: code = Unavailable desc = transport is closing
500	141	0	141	rpc error: code = Unavailable desc = transport is closing
500	18026	0	18026	rpc error: code = Unavailable desc = transport is closing
500	3585	0	3585	rpc error: code = Unavailable desc = transport is closing
500	146	188	334	<nil>
500	118	351	469	<nil>
500	118	351	469	<nil>
500	110	359	469	<nil>
500	98	321	419	<nil>
500	118	352	470	<nil>
500	85	350	435	<nil>
500	108	0	108	rpc error: code = Unavailable desc = transport is closing
500	99	326	425	<nil>
500	110	361	471	<nil>
500	1122	354	1476	<nil>
500	85	340	425	<nil>
500	1055	339	1394	<nil>
500	70	340	410	<nil>
500	47	387	434	<nil>
500	266	0	266	rpc error: code = Unavailable desc = transport is closing
500	265	0	265	rpc error: code = Unavailable desc = transport is closing
500	265	0	265	rpc error: code = Unavailable desc = transport is closing
500	269	0	269	rpc error: code = Unavailable desc = transport is closing
500	269	0	269	rpc error: code = Unavailable desc = transport is closing
500	268	0	268	rpc error: code = Unavailable desc = transport is closing
500	266	0	266	rpc error: code = Unavailable desc = transport is closing
500	266	0	266	rpc error: code = Unavailable desc = transport is closing
500	314	0	314	rpc error: code = Unavailable desc = transport is closing
500	266	0	266	rpc error: code = Unavailable desc = transport is closing
500	267	0	267	rpc error: code = Unavailable desc = transport is closing
500	10363	0	10363	rpc error: code = Unavailable desc = transport is closing
500	10410	306	10716	<nil>
500	265	0	265	rpc error: code = Unavailable desc = transport is closing
500	25491	0	25491	rpc error: code = Unavailable desc = transport is closing
500	124	277	401	<nil>
500	136	264	400	<nil>
500	38	390	428	<nil>
500	131	272	403	<nil>
500	135	270	405	<nil>
500	50	389	439	<nil>
500	136	280	416	<nil>
500	137	263	400	<nil>
500	72292	403	72695	<nil>
500	127	266	393	<nil>
500	126	306	432	<nil>
500	137	264	401	<nil>
500	115	321	436	<nil>
500	134	263	397	<nil>
500	135	270	405	<nil>
500	46204	0	46204	rpc error: code = Unavailable desc = transport is closing
500	196	226	422	<nil>
500	308	132	440	<nil>
500	311	110	421	<nil>
500	265	0	265	rpc error: code = Unavailable desc = transport is closing
500	312	108	420	<nil>
500	239	182	421	<nil>
500	171	252	423	<nil>
500	191	229	420	<nil>
500	176	247	423	<nil>
500	1147	227	1374	<nil>
500	196	227	423	<nil>
500	192	228	420	<nil>
500	189	235	424	<nil>
500	199	227	426	<nil>
500	212	229	441	<nil>
500	204	237	441	<nil>
500	310	108	418	<nil>
500	335	120	455	<nil>
500	196	242	438	<nil>
500	316	136	452	<nil>
500	314	139	453	<nil>
500	311	139	450	<nil>
500	312	152	464	<nil>
500	290	171	461	<nil>
500	1284	162	1446	<nil>
500	311	172	483	<nil>
500	330	172	502	<nil>
500	313	202	515	<nil>
500	317	195	512	<nil>
500	318	193	511	<nil>
500	311	201	512	<nil>
500	313	213	526	<nil>
500	1262	255	1517	<nil>
500	1302	635	1937	<nil>
500	328	628	956	<nil>
500	303	643	946	<nil>
500	329	630	959	<nil>
500	1313	631	1944	<nil>
500	309	646	955	<nil>
500	1271	643	1914	<nil>
500	1240	643	1883	<nil>
500	1302	642	1944	<nil>
500	200	637	837	<nil>
500	291	668	959	<nil>
500	2679	0	2679	rpc error: code = Unavailable desc = transport is closing
500	10363	0	10363	rpc error: code = Unavailable desc = transport is closing
500	4291	0	4291	rpc error: code = Unavailable desc = transport is closing
500	11109	0	11109	rpc error: code = Unavailable desc = transport is closing
500	10938	0	10938	rpc error: code = Unavailable desc = transport is closing
500	4289	0	4289	rpc error: code = Unavailable desc = transport is closing
500	2668	0	2668	rpc error: code = Unavailable desc = transport is closing
500	4289	0	4289	rpc error: code = Unavailable desc = transport is closing
500	2680	0	2680	rpc error: code = Unavailable desc = transport is closing
500	4291	0	4291	rpc error: code = Unavailable desc = transport is closing
500	11290	0	11290	rpc error: code = Unavailable desc = transport is closing
500	11110	0	11110	rpc error: code = Unavailable desc = transport is closing
500	306	652	958	<nil>
500	313	639	952	<nil>
500	29784	0	29784	rpc error: code = Unavailable desc = transport is closing
500	212	614	826	<nil>
500	1225	614	1839	<nil>
500	1229	615	1844	<nil>
500	4291	0	4291	rpc error: code = Unavailable desc = transport is closing
500	18648	0	18648	rpc error: code = Unavailable desc = transport is closing
500	212	619	831	<nil>
500	2679	0	2679	rpc error: code = Unavailable desc = transport is closing
500	1216	614	1830	<nil>
500	219	615	834	<nil>
500	210	621	831	<nil>
500	209	621	830	<nil>
500	2680	0	2680	rpc error: code = Unavailable desc = transport is closing
500	2669	0	2669	rpc error: code = Unavailable desc = transport is closing
500	1223	641	1864	<nil>
500	1214	652	1866	<nil>
500	216	646	862	<nil>
500	213	651	864	<nil>
500	1219	651	1870	<nil>
500	1218	650	1868	<nil>
500	1249	619	1868	<nil>
500	1250	619	1869	<nil>
500	1251	622	1873	<nil>
500	1252	625	1877	<nil>
500	1267	622	1889	<nil>
500	1269	621	1890	<nil>
500	1269	621	1890	<nil>
500	255	612	867	<nil>
500	1232	612	1844	<nil>
500	252	583	835	<nil>
500	267	613	880	<nil>
500	253	614	867	<nil>
500	1262	583	1845	<nil>
500	288	571	859	<nil>
500	252	608	860	<nil>
500	257	578	835	<nil>
500	262	571	833	<nil>
500	1234	613	1847	<nil>
500	1262	584	1846	<nil>
500	228	608	836	<nil>
500	227	608	835	<nil>
500	254	614	868	<nil>
500	1281	569	1850	<nil>
500	350	542	892	<nil>
500	357	529	886	<nil>
500	333	528	861	<nil>
500	373	519	892	<nil>
500	1342	529	1871	<nil>
500	348	521	869	<nil>
500	365	528	893	<nil>
500	1351	523	1874	<nil>
500	1335	497	1832	<nil>
500	4520	0	4520	rpc error: code = Unavailable desc = transport is closing
500	365	526	891	<nil>
500	253	549	802	<nil>
500	10800	0	10800	rpc error: code = Unavailable desc = transport is closing
500	4289	0	4289	rpc error: code = Unavailable desc = transport is closing
500	4538	0	4538	rpc error: code = Unavailable desc = transport is closing
500	1342	566	1908	<nil>
500	647	114	761	<nil>
500	1339	526	1865	<nil>
500	276	559	835	<nil>
500	406	526	932	<nil>
500	1328	526	1854	<nil>
500	1339	526	1865	<nil>
500	2947	107	3054	<nil>
500	304	525	829	<nil>
500	1380	529	1909	<nil>
500	304	525	829	<nil>
500	303	526	829	<nil>
500	700	134	834	<nil>
500	406	526	932	<nil>
500	305	525	830	<nil>
500	308	526	834	<nil>
500	310	525	835	<nil>
500	403	528	931	<nil>
500	648	112	760	<nil>
500	698	138	836	<nil>
500	309	527	836	<nil>
500	1382	528	1910	<nil>
500	275	556	831	<nil>
500	308	526	834	<nil>
500	400	530	930	<nil>
500	694	135	829	<nil>
500	305	525	830	<nil>
500	255	579	834	<nil>
500	402	528	930	<nil>
500	372	533	905	<nil>
500	653	99	752	<nil>
500	1383	527	1910	<nil>
500	650	102	752	<nil>
500	288	543	831	<nil>
500	1332	533	1865	<nil>
500	652	99	751	<nil>
500	661	98	759	<nil>
500	655	99	754	<nil>
500	1336	531	1867	<nil>
500	370	529	899	<nil>
500	309	528	837	<nil>
500	698	138	836	<nil>
500	660	99	759	<nil>
500	660	100	760	<nil>
500	4533	0	4533	rpc error: code = Unavailable desc = transport is closing
500	1342	566	1908	<nil>
500	1338	526	1864	<nil>
500	661	103	764	<nil>
500	655	100	755	<nil>
500	295	526	821	<nil>
500	659	107	766	<nil>
500	695	134	829	<nil>
500	6312	100	6412	<nil>
500	2955	186	3141	<nil>
500	623	185	808	<nil>
500	626	181	807	<nil>
500	621	186	807	<nil>
500	628	181	809	<nil>
500	613	176	789	<nil>
500	17800	0	17800	rpc error: code = Unavailable desc = transport is closing
500	614	177	791	<nil>
500	615	177	792	<nil>
500	630	177	807	<nil>
500	630	177	807	<nil>
500	629	177	806	<nil>
500	2971	177	3148	<nil>
500	2968	177	3145	<nil>
500	630	194	824	<nil>
500	616	195	811	<nil>
500	617	195	812	<nil>
500	2991	173	3164	<nil>
500	630	178	808	<nil>
500	654	177	831	<nil>
500	629	195	824	<nil>
500	654	173	827	<nil>
500	2970	195	3165	<nil>
500	11091	0	11091	rpc error: code = Unavailable desc = transport is closing
500	637	189	826	<nil>
500	602	206	808	<nil>
500	646	206	852	<nil>
500	656	216	872	<nil>
500	657	214	871	<nil>
500	660	212	872	<nil>
500	2994	214	3208	<nil>
500	646	207	853	<nil>
500	654	218	872	<nil>
500	598	207	805	<nil>
500	621	193	814	<nil>
500	646	205	851	<nil>
500	579	206	785	<nil>
500	4289	0	4289	rpc error: code = Unavailable desc = transport is closing
500	639	215	854	<nil>
500	582	210	792	<nil>
500	636	189	825	<nil>
500	635	189	824	<nil>
500	619	193	812	<nil>
500	644	212	856	<nil>
500	669	189	858	<nil>
500	4284	0	4284	rpc error: code = Unavailable desc = transport is closing
500	3003	212	3215	<nil>
500	3005	212	3217	<nil>
500	3026	190	3216	<nil>
500	647	212	859	<nil>
500	652	206	858	<nil>
500	673	213	886	<nil>
500	3029	215	3244	<nil>
500	629	213	842	<nil>
500	626	215	841	<nil>
500	627	216	843	<nil>
500	627	215	842	<nil>
500	3030	217	3247	<nil>
500	607	216	823	<nil>
500	607	280	887	<nil>
500	627	284	911	<nil>
500	3031	283	3314	<nil>
500	18171	0	18171	rpc error: code = Unavailable desc = transport is closing
500	147	273	420	<nil>
500	606	289	895	<nil>
500	142	282	424	<nil>
500	3029	290	3319	<nil>
500	146	276	422	<nil>
500	150	273	423	<nil>
500	628	290	918	<nil>
500	3029	291	3320	<nil>
500	628	291	919	<nil>
500	178	241	419	<nil>
500	148	276	424	<nil>
500	153	254	407	<nil>
500	135	285	420	<nil>
500	153	271	424	<nil>
500	628	292	920	<nil>
500	136	284	420	<nil>
500	134	290	424	<nil>
500	143	289	432	<nil>
500	147	282	429	<nil>
500	147	289	436	<nil>
500	146	290	436	<nil>
500	135	297	432	<nil>
500	182	254	436	<nil>
500	180	254	434	<nil>
500	166	267	433	<nil>
500	179	254	433	<nil>
500	153	267	420	<nil>
500	149	282	431	<nil>
500	166	268	434	<nil>
500	165	268	433	<nil>
500	142	296	438	<nil>
500	142	297	439	<nil>
500	181	226	407	<nil>
500	156	346	502	<nil>
500	10741	0	10741	rpc error: code = Unavailable desc = transport is closing
500	169	337	506	<nil>
500	121	353	474	<nil>
500	153	341	494	<nil>
500	143	353	496	<nil>
500	153	342	495	<nil>
500	166	343	509	<nil>
500	182	316	498	<nil>
500	168	323	491	<nil>
500	152	343	495	<nil>
500	166	331	497	<nil>
500	152	343	495	<nil>
500	121	373	494	<nil>
500	153	362	515	<nil>
500	10740	0	10740	rpc error: code = Unavailable desc = transport is closing
500	3067	380	3447	<nil>
500	176	427	603	<nil>
500	12572	0	12572	rpc error: code = Unavailable desc = transport is closing
500	167	414	581	<nil>
500	1171	398	1569	<nil>
500	168	412	580	<nil>
500	3166	0	3166	rpc error: code = Unavailable desc = transport is closing
500	188	380	568	<nil>
500	188	374	562	<nil>
500	198	354	552	<nil>
500	121	460	581	<nil>
500	3165	0	3165	rpc error: code = Unavailable desc = transport is closing
500	3144	0	3144	rpc error: code = Unavailable desc = transport is closing
500	199	357	556	<nil>
500	3144	0	3144	rpc error: code = Unavailable desc = transport is closing
500	3144	0	3144	rpc error: code = Unavailable desc = transport is closing
500	3166	0	3166	rpc error: code = Unavailable desc = transport is closing
500	18432	0	18432	rpc error: code = Unavailable desc = transport is closing
500	3145	0	3145	rpc error: code = Unavailable desc = transport is closing
500	199	352	551	<nil>
500	3166	0	3166	rpc error: code = Unavailable desc = transport is closing
500	7963	0	7963	rpc error: code = Unavailable desc = transport is closing
500	177	377	554	<nil>
500	265	240	505	<nil>
500	3168	0	3168	rpc error: code = Unavailable desc = transport is closing
500	7775	0	7775	rpc error: code = Unavailable desc = transport is closing
500	133	448	581	<nil>
500	176	375	551	<nil>
500	199	355	554	<nil>
500	199	355	554	<nil>
500	158	413	571	<nil>
500	200	355	555	<nil>
500	199	357	556	<nil>
500	3165	0	3165	rpc error: code = Unavailable desc = transport is closing
500	199	358	557	<nil>
500	209	348	557	<nil>
500	208	313	521	<nil>
500	209	314	523	<nil>
500	1199	345	1544	<nil>
500	215	328	543	<nil>
500	203	325	528	<nil>
500	215	314	529	<nil>
500	212	314	526	<nil>
500	214	314	528	<nil>
500	212	346	558	<nil>
500	280	225	505	<nil>
500	211	315	526	<nil>
500	209	314	523	<nil>
500	199	359	558	<nil>
500	205	324	529	<nil>
500	216	313	529	<nil>
500	202	357	559	<nil>
500	206	322	528	<nil>
500	208	320	528	<nil>
500	188	375	563	<nil>
500	199	361	560	<nil>
500	200	359	559	<nil>
500	2766	300	3066	<nil>
500	271	230	501	<nil>
500	278	231	509	<nil>
500	326	182	508	<nil>
500	278	232	510	<nil>
500	337	162	499	<nil>
500	339	163	502	<nil>
500	3323	0	3323	rpc error: code = Unavailable desc = transport is closing
500	338	164	502	<nil>
500	10358	0	10358	rpc error: code = Unavailable desc = transport is closing
500	348	160	508	<nil>
500	4968	0	4968	rpc error: code = Unavailable desc = transport is closing
500	353	151	504	<nil>
500	12019	0	12019	rpc error: code = Unavailable desc = transport is closing
500	8090	0	8090	rpc error: code = Unavailable desc = transport is closing
500	337	166	503	<nil>
500	354	150	504	<nil>
500	339	164	503	<nil>
500	337	170	507	<nil>
500	376	135	511	<nil>
500	348	164	512	<nil>
500	350	152	502	<nil>
500	354	150	504	<nil>
500	342	165	507	<nil>
500	341	161	502	<nil>
500	343	162	505	<nil>
500	313	47	360	<nil>
500	328	61	389	<nil>
500	341	60	401	<nil>
500	344	58	402	<nil>
500	345	166	511	<nil>
500	341	166	507	<nil>
500	348	161	509	<nil>
500	330	181	511	<nil>
500	341	166	507	<nil>
500	339	169	508	<nil>
500	353	155	508	<nil>
500	1310	50	1360	<nil>
500	338	170	508	<nil>
500	339	170	509	<nil>
500	342	170	512	<nil>
500	465	46	511	<nil>
500	378	131	509	<nil>
500	341	162	503	<nil>
500	359	150	509	<nil>
500	353	158	511	<nil>
500	350	162	512	<nil>
500	345	166	511	<nil>
500	1305	48	1353	<nil>
500	334	175	509	<nil>
500	351	164	515	<nil>
500	354	157	511	<nil>
500	459	53	512	<nil>
500	256	161	417	<nil>
500	350	165	515	<nil>
500	338	164	502	<nil>
500	351	163	514	<nil>
500	316	189	505	<nil>
500	369	48	417	<nil>
500	375	44	419	<nil>
500	374	46	420	<nil>
500	374	44	418	<nil>
500	356	48	404	<nil>
500	371	47	418	<nil>
500	259	161	420	<nil>
500	238	161	399	<nil>
500	375	46	421	<nil>
500	257	162	419	<nil>
500	355	153	508	<nil>
500	308	49	357	<nil>
500	338	64	402	<nil>
500	263	143	406	<nil>
500	310	47	357	<nil>
500	238	165	403	<nil>
500	311	47	358	<nil>
500	307	50	357	<nil>
500	243	164	407	<nil>
500	244	163	407	<nil>
500	309	49	358	<nil>
500	349	58	407	<nil>
500	319	80	399	<nil>
500	307	49	356	<nil>
500	321	80	401	<nil>
500	313	47	360	<nil>
500	327	75	402	<nil>
500	342	59	401	<nil>
500	356	157	513	<nil>
500	311	47	358	<nil>
500	343	168	511	<nil>
500	343	169	512	<nil>
500	312	47	359	<nil>
500	295	35	330	<nil>
500	1306	47	1353	<nil>
500	466	46	512	<nil>
500	1320	35	1355	<nil>
500	340	61	401	<nil>
500	323	36	359	<nil>
500	347	166	513	<nil>
500	1319	36	1355	<nil>
500	323	36	359	<nil>
500	324	36	360	<nil>
500	322	38	360	<nil>
500	1318	37	1355	<nil>
500	1320	38	1358	<nil>
500	1319	38	1357	<nil>
500	323	39	362	<nil>
500	1312	46	1358	<nil>
500	322	40	362	<nil>
500	1318	39	1357	<nil>
500	293	41	334	<nil>
500	255	43	298	<nil>
500	1318	42	1360	<nil>
500	1318	42	1360	<nil>
500	1318	41	1359	<nil>
500	1319	42	1361	<nil>
500	231	35	266	<nil>
500	194	32	226	<nil>
500	254	39	293	<nil>
500	17028	38	17066	<nil>
500	209	32	241	<nil>
500	208	33	241	<nil>
500	171	32	203	<nil>
500	199	33	232	<nil>
500	236	32	268	<nil>
500	215	33	248	<nil>
500	249	33	282	<nil>
500	237	31	268	<nil>
500	251	31	282	<nil>
500	217	32	249	<nil>
500	225	32	257	<nil>
500	218	33	251	<nil>
500	1156	33	1189	<nil>
500	147	33	180	<nil>
500	222	29	251	<nil>
500	153	36	189	<nil>
500	2577	37	2614	<nil>
500	152	37	189	<nil>
500	1237	38	1275	<nil>
500	131	38	169	<nil>
500	220	38	258	<nil>
500	208	37	245	<nil>
500	131	38	169	<nil>
500	205	39	244	<nil>
500	11106	0	11106	rpc error: code = Unavailable desc = transport is closing
500	140	29	169	<nil>
500	1166	30	1196	<nil>
500	2588	30	2618	<nil>
500	167	38	205	<nil>
500	2590	31	2621	<nil>
500	128	31	159	<nil>
500	216	30	246	<nil>
500	2613	29	2642	<nil>
500	233	30	263	<nil>
500	120	33	153	<nil>
500	218	31	249	<nil>
500	142	30	172	<nil>
500	142	29	171	<nil>
500	1167	28	1195	<nil>
500	3410	0	3410	rpc error: code = Unavailable desc = transport is closing
500	232	31	263	<nil>
500	125	30	155	<nil>
500	1136	40	1176	<nil>
500	129	29	158	<nil>
500	232	32	264	<nil>
500	233	31	264	<nil>
500	214	31	245	<nil>
500	129	31	160	<nil>
500	179	30	209	<nil>
500	1167	29	1196	<nil>
500	131	40	171	<nil>
500	255	0	255	<nil>
500	8006	0	8006	rpc error: code = Unavailable desc = transport is closing
500	3470	0	3470	rpc error: code = Unavailable desc = transport is closing
500	5203	0	5203	rpc error: code = Unavailable desc = transport is closing
500	5049	0	5049	rpc error: code = Unavailable desc = transport is closing
500	3467	0	3467	rpc error: code = Unavailable desc = transport is closing
500	3471	0	3471	rpc error: code = Unavailable desc = transport is closing
500	12275	0	12275	rpc error: code = Unavailable desc = transport is closing
500	3489	0	3489	rpc error: code = Unavailable desc = transport is closing
500	3585	0	3585	rpc error: code = Unavailable desc = transport is closing
500	3585	0	3585	rpc error: code = Unavailable desc = transport is closing
500	4949	0	4949	rpc error: code = Unavailable desc = transport is closing
500	3591	0	3591	rpc error: code = Unavailable desc = transport is closing
500	3587	0	3587	rpc error: code = Unavailable desc = transport is closing
500	3585	0	3585	rpc error: code = Unavailable desc = transport is closing
500	3586	0	3586	rpc error: code = Unavailable desc = transport is closing
500	11102	0	11102	rpc error: code = Unavailable desc = transport is closing
500	3587	0	3587	rpc error: code = Unavailable desc = transport is closing
500	3594	0	3594	rpc error: code = Unavailable desc = transport is closing
500	7742	0	7742	rpc error: code = Unavailable desc = transport is closing
500	7763	0	7763	rpc error: code = Unavailable desc = transport is closing
500	12547	0	12547	rpc error: code = Unavailable desc = transport is closing
500	766	0	766	rpc error: code = Unavailable desc = transport is closing
500	782	0	782	rpc error: code = Unavailable desc = transport is closing
500	790	0	790	rpc error: code = Unavailable desc = transport is closing
500	16035	0	16035	rpc error: code = Unavailable desc = transport is closing
500	664	79	743	<nil>
500	793	92	885	<nil>
500	779	0	779	rpc error: code = Unavailable desc = transport is closing
500	801	36	837	<nil>
500	1855	0	1855	rpc error: code = Unavailable desc = transport is closing
500	765	0	765	rpc error: code = Unavailable desc = transport is closing
500	780	0	780	rpc error: code = Unavailable desc = transport is closing
500	752	0	752	rpc error: code = Unavailable desc = transport is closing
500	765	0	765	rpc error: code = Unavailable desc = transport is closing
500	783	0	783	rpc error: code = Unavailable desc = transport is closing
500	1819	0	1819	rpc error: code = Unavailable desc = transport is closing
500	775	0	775	rpc error: code = Unavailable desc = transport is closing
500	1840	0	1840	rpc error: code = Unavailable desc = transport is closing
500	765	0	765	rpc error: code = Unavailable desc = transport is closing
500	778	0	778	rpc error: code = Unavailable desc = transport is closing
500	3350	67	3417	<nil>
500	781	0	781	rpc error: code = Unavailable desc = transport is closing
500	787	0	787	rpc error: code = Unavailable desc = transport is closing
500	15878	0	15878	rpc error: code = Unavailable desc = transport is closing
500	1784	96	1880	<nil>
500	730	69	799	<nil>
500	724	0	724	rpc error: code = Unavailable desc = transport is closing
500	797	0	797	rpc error: code = Unavailable desc = transport is closing
500	607	0	607	rpc error: code = Unavailable desc = transport is closing
500	792	0	792	rpc error: code = Unavailable desc = transport is closing
500	749	0	749	rpc error: code = Unavailable desc = transport is closing
500	791	0	791	rpc error: code = Unavailable desc = transport is closing
500	793	0	793	rpc error: code = Unavailable desc = transport is closing
500	611	0	611	rpc error: code = Unavailable desc = transport is closing
500	1835	89	1924	<nil>
500	744	90	834	<nil>
500	777	79	856	<nil>
500	744	0	744	rpc error: code = Unavailable desc = transport is closing
500	772	85	857	<nil>
500	739	0	739	rpc error: code = Unavailable desc = transport is closing
500	784	29	813	<nil>
500	759	0	759	rpc error: code = Unavailable desc = transport is closing
500	764	0	764	rpc error: code = Unavailable desc = transport is closing
500	748	27	775	<nil>
500	743	32	775	<nil>
500	766	28	794	<nil>
500	783	74	857	<nil>
500	804	30	834	<nil>
500	821	72	893	<nil>
500	779	74	853	<nil>
500	804	23	827	<nil>
500	764	31	795	<nil>
500	3365	33	3398	<nil>
500	773	29	802	<nil>
500	843	0	843	rpc error: code = Unavailable desc = transport is closing
500	768	31	799	<nil>
500	772	34	806	<nil>
500	731	0	731	rpc error: code = Unavailable desc = transport is closing
500	620	0	620	rpc error: code = Unavailable desc = transport is closing
500	744	102	846	<nil>
500	781	0	781	rpc error: code = Unavailable desc = transport is closing
500	1820	82	1902	<nil>
500	781	0	781	rpc error: code = Unavailable desc = transport is closing
500	731	0	731	rpc error: code = Unavailable desc = transport is closing
500	3324	0	3324	rpc error: code = Unavailable desc = transport is closing
500	1852	0	1852	rpc error: code = Unavailable desc = transport is closing
500	915	0	915	rpc error: code = Unavailable desc = transport is closing
500	731	88	819	<nil>
500	1791	97	1888	<nil>
500	749	0	749	rpc error: code = Unavailable desc = transport is closing
500	762	74	836	<nil>
500	798	0	798	rpc error: code = Unavailable desc = transport is closing
500	3367	0	3367	rpc error: code = Unavailable desc = transport is closing
500	773	24	797	<nil>
500	833	23	856	<nil>
500	3425	24	3449	<nil>
500	807	23	830	<nil>
500	803	24	827	<nil>
500	744	32	776	<nil>
500	772	25	797	<nil>
500	1840	0	1840	rpc error: code = Unavailable desc = transport is closing
500	807	28	835	<nil>
500	3429	27	3456	<nil>
500	778	27	805	<nil>
500	633	31	664	<nil>
500	799	30	829	<nil>
500	3398	28	3426	<nil>
500	781	24	805	<nil>
500	839	91	930	<nil>
500	796	116	912	<nil>
500	810	106	916	<nil>
500	806	108	914	<nil>
500	631	129	760	<nil>
500	840	130	970	<nil>
500	781	130	911	<nil>
500	810	151	961	<nil>
500	843	171	1014	<nil>
500	843	176	1019	<nil>
500	842	175	1017	<nil>
500	16118	178	16296	<nil>
500	813	177	990	<nil>
500	803	177	980	<nil>
500	3406	179	3585	<nil>
500	813	178	991	<nil>
500	815	180	995	<nil>
500	788	181	969	<nil>
500	849	202	1051	<nil>
500	773	224	997	<nil>
500	819	206	1025	<nil>
500	829	203	1032	<nil>
500	792	215	1007	<nil>
500	797	202	999	<nil>
500	804	202	1006	<nil>
500	829	204	1033	<nil>
500	818	208	1026	<nil>
500	833	203	1036	<nil>
500	875	193	1068	<nil>
500	857	212	1069	<nil>
500	901	177	1078	<nil>
500	3444	205	3649	<nil>
500	915	140	1055	<nil>
500	897	155	1052	<nil>
500	826	229	1055	<nil>
500	587	140	727	<nil>
500	843	200	1043	<nil>
500	856	163	1019	<nil>
500	872	183	1055	<nil>
500	572	157	729	<nil>
500	884	186	1070	<nil>
500	543	177	720	<nil>
500	856	229	1085	<nil>
500	875	226	1101	<nil>
500	885	186	1071	<nil>
500	897	156	1053	<nil>
500	889	243	1132	<nil>
500	832	283	1115	<nil>
500	851	281	1132	<nil>
500	929	215	1144	<nil>
500	885	229	1114	<nil>
500	803	283	1086	<nil>
500	796	288	1084	<nil>
500	888	250	1138	<nil>
500	899	222	1121	<nil>
500	898	224	1122	<nil>
500	833	289	1122	<nil>
500	825	297	1122	<nil>
500	887	251	1138	<nil>
500	858	291	1149	<nil>
500	844	277	1121	<nil>
500	898	225	1123	<nil>
500	1187	159	1346	<nil>
500	885	237	1122	<nil>
500	940	208	1148	<nil>
500	842	296	1138	<nil>
500	187	159	346	<nil>
500	826	296	1122	<nil>
500	113	275	388	<nil>
500	922	223	1145	<nil>
500	845	277	1122	<nil>
500	830	289	1119	<nil>
500	872	276	1148	<nil>
500	832	290	1122	<nil>
500	1220	129	1349	<nil>
500	1120	294	1414	<nil>
500	28246	288	28534	<nil>
500	898	223	1121	<nil>
500	859	287	1146	<nil>
500	885	239	1124	<nil>
500	889	258	1147	<nil>
500	856	304	1160	<nil>
500	846	284	1130	<nil>
500	849	297	1146	<nil>
500	1243	178	1421	<nil>
500	1247	196	1443	<nil>
500	1251	202	1453	<nil>
500	238	202	440	<nil>
500	1246	202	1448	<nil>
500	234	194	428	<nil>
500	1263	186	1449	<nil>
500	1260	195	1455	<nil>
500	240	195	435	<nil>
500	290	131	421	<nil>
500	290	131	421	<nil>
500	276	132	408	<nil>
500	266	151	417	<nil>
500	282	133	415	<nil>
500	275	140	415	<nil>
500	293	121	414	<nil>
500	266	157	423	<nil>
500	252	157	409	<nil>
500	264	157	421	<nil>
500	3054	140	3194	<nil>
500	9580	140	9720	<nil>
500	279	141	420	<nil>
500	294	166	460	<nil>
500	273	178	451	<nil>
500	282	172	454	<nil>
500	289	169	458	<nil>
500	2735	170	2905	<nil>
500	289	168	457	<nil>
500	285	174	459	<nil>
500	282	182	464	<nil>
500	277	182	459	<nil>
500	285	171	456	<nil>
500	294	172	466	<nil>
500	280	176	456	<nil>
500	289	177	466	<nil>
500	283	178	461	<nil>
500	296	172	468	<nil>
500	294	174	468	<nil>
500	287	176	463	<nil>
500	295	177	472	<nil>
500	290	183	473	<nil>
500	2743	183	2926	<nil>
500	276	191	467	<nil>
500	289	187	476	<nil>
500	293	181	474	<nil>
500	4689	184	4873	<nil>
500	293	182	475	<nil>
500	290	186	476	<nil>
500	281	181	462	<nil>
500	277	181	458	<nil>
500	331	139	470	<nil>
500	2861	138	2999	<nil>
500	295	189	484	<nil>
500	341	139	480	<nil>
500	337	136	473	<nil>
500	331	138	469	<nil>
500	342	138	480	<nil>
500	329	135	464	<nil>
500	334	138	472	<nil>
500	289	189	478	<nil>
500	357	113	470	<nil>
500	216	151	367	<nil>
500	1185	148	1333	<nil>
500	244	37	281	<nil>
500	2658	38	2696	<nil>
500	333	137	470	<nil>
500	243	40	283	<nil>
500	338	141	479	<nil>
500	329	135	464	<nil>
500	330	142	472	<nil>
500	378	94	472	<nil>
500	367	113	480	<nil>
500	322	143	465	<nil>
500	338	143	481	<nil>
500	394	87	481	<nil>
500	298	140	438	<nil>
500	357	118	475	<nil>
500	356	125	481	<nil>
500	326	148	474	<nil>
500	329	141	470	<nil>
500	334	141	475	<nil>
500	2855	85	2940	<nil>
500	229	96	325	<nil>
500	228	149	377	<nil>
500	2610	85	2695	<nil>
500	234	91	325	<nil>
500	205	119	324	<nil>
500	2527	146	2673	<nil>
500	235	119	354	<nil>
500	279	119	398	<nil>
500	239	159	398	<nil>
500	196	86	282	<nil>
500	338	152	490	<nil>
500	243	40	283	<nil>
500	2853	39	2892	<nil>
500	243	38	281	<nil>
500	356	115	471	<nil>
500	2574	38	2612	<nil>
500	223	98	321	<nil>
500	1240	91	1331	<nil>
500	222	40	262	<nil>
500	334	137	471	<nil>
500	196	85	281	<nil>
500	2914	39	2953	<nil>
500	235	89	324	<nil>
500	4743	149	4892	<nil>
500	204	40	244	<nil>
500	3131	149	3280	<nil>
500	235	89	324	<nil>
500	210	86	296	<nil>
500	270	128	398	<nil>
500	329	135	464	<nil>
500	1232	102	1334	<nil>
500	209	39	248	<nil>
500	208	39	247	<nil>
500	209	38	247	<nil>
500	330	139	469	<nil>
500	4854	38	4892	<nil>
500	244	39	283	<nil>
500	2855	78	2933	<nil>
500	206	40	246	<nil>
500	208	39	247	<nil>
500	228	126	354	<nil>
500	236	89	325	<nil>
500	209	39	248	<nil>
500	245	37	282	<nil>
500	2826	39	2865	<nil>
500	209	40	249	<nil>
500	227	40	267	<nil>
500	4863	33	4896	<nil>
500	204	33	237	<nil>
500	171	33	204	<nil>
500	2666	33	2699	<nil>
500	171	34	205	<nil>
500	211	29	240	<nil>
500	2665	33	2698	<nil>
500	176	34	210	<nil>
500	177	31	208	<nil>
500	17152	32	17184	<nil>
500	178	32	210	<nil>
500	165	29	194	<nil>
500	221	31	252	<nil>
500	17398	28	17426	<nil>
500	225	29	254	<nil>
500	169	29	198	<nil>
500	185	29	214	<nil>
500	221	30	251	<nil>
500	168	30	198	<nil>
500	168	30	198	<nil>
500	218	31	249	<nil>
500	168	34	202	<nil>
500	183	20	203	<nil>
500	4889	23	4912	<nil>
500	182	20	202	<nil>
500	4889	21	4910	<nil>
500	94	21	115	<nil>
500	198	20	218	<nil>
500	45172	23	45195	<nil>
500	183	22	205	<nil>
500	182	22	204	<nil>
500	181	24	205	<nil>
500	182	23	205	<nil>
500	182	24	206	<nil>
500	182	27	209	<nil>
500	182	28	210	<nil>
500	181	29	210	<nil>
500	148	30	178	<nil>
500	2668	30	2698	<nil>
500	83	30	113	<nil>
500	2666	32	2698	<nil>
500	181	31	212	<nil>
500	4889	32	4921	<nil>
500	122	32	154	<nil>
500	85	31	116	<nil>
500	4890	31	4921	<nil>
500	4890	33	4923	<nil>
500	30109	33	30142	<nil>
500	84	34	118	<nil>
500	86	32	118	<nil>
500	86	33	119	<nil>
500	85	33	118	<nil>
500	85	33	118	<nil>
500	4889	34	4923	<nil>
500	85	33	118	<nil>
500	270	24	294	<nil>
500	5145	25	5170	<nil>
500	304	26	330	<nil>
500	286	24	310	<nil>
500	220	24	244	<nil>
500	4969	24	4993	<nil>
500	302	24	326	<nil>
500	2922	24	2946	<nil>
500	270	24	294	<nil>
500	312	24	336	<nil>
500	303	25	328	<nil>
500	286	25	311	<nil>
500	289	25	314	<nil>
500	270	25	295	<nil>
500	313	27	340	<nil>
500	274	26	300	<nil>
500	303	26	329	<nil>
500	279	25	304	<nil>
500	312	27	339	<nil>
500	301	25	326	<nil>
500	305	33	338	<nil>
500	289	32	321	<nil>
500	253	22	275	<nil>
500	305	31	336	<nil>
500	287	31	318	<nil>
500	283	31	314	<nil>
500	303	32	335	<nil>
500	290	26	316	<nil>
500	297	41	338	<nil>
500	280	23	303	<nil>
500	2949	33	2982	<nil>
500	250	25	275	<nil>
500	297	22	319	<nil>
500	275	35	310	<nil>
500	262	23	285	<nil>
500	292	26	318	<nil>
500	304	26	330	<nil>
500	287	38	325	<nil>
500	5163	24	5187	<nil>
500	287	40	327	<nil>
500	265	25	290	<nil>
500	5165	23	5188	<nil>
500	252	23	275	<nil>
500	255	37	292	<nil>
500	5157	30	5187	<nil>
500	294	36	330	<nil>
500	311	24	335	<nil>
500	2968	26	2994	<nil>
500	268	23	291	<nil>
500	258	33	291	<nil>
500	301	29	330	<nil>
500	255	36	291	<nil>
500	287	39	326	<nil>
500	280	40	320	<nil>
500	2957	34	2991	<nil>
500	289	41	330	<nil>
500	291	30	321	<nil>
500	2942	29	2971	<nil>
500	269	30	299	<nil>
500	252	38	290	<nil>
500	253	27	280	<nil>
500	293	477	770	<nil>
500	5190	484	5674	<nil>
500	289	483	772	<nil>
500	313	484	797	<nil>
500	293	486	779	<nil>
500	279	484	763	<nil>
500	289	489	778	<nil>
500	295	484	779	<nil>
500	290	490	780	<nil>
500	296	487	783	<nil>
500	294	484	778	<nil>
500	287	492	779	<nil>
500	287	492	779	<nil>
500	5191	484	5675	<nil>
500	5190	486	5676	<nil>
500	276	485	761	<nil>
500	298	486	784	<nil>
500	277	487	764	<nil>
500	293	491	784	<nil>
500	294	488	782	<nil>
500	283	487	770	<nil>
500	266	490	756	<nil>
500	271	491	762	<nil>
500	5186	491	5677	<nil>
500	296	489	785	<nil>
500	286	494	780	<nil>
500	268	488	756	<nil>
500	5189	494	5683	<nil>
500	263	494	757	<nil>
500	5185	493	5678	<nil>
500	298	487	785	<nil>
500	293	487	780	<nil>
500	5191	487	5678	<nil>
500	279	487	766	<nil>
500	267	493	760	<nil>
500	283	499	782	<nil>
500	294	488	782	<nil>
500	275	499	774	<nil>
500	266	488	754	<nil>
500	295	488	783	<nil>
500	302	488	790	<nil>
500	5191	488	5679	<nil>
500	295	489	784	<nil>
500	291	492	783	<nil>
500	288	493	781	<nil>
500	296	488	784	<nil>
500	289	494	783	<nil>
500	298	489	787	<nil>
500	298	490	788	<nil>
500	283	490	773	<nil>
500	2971	486	3457	<nil>
500	2967	488	3455	<nil>
500	280	495	775	<nil>
500	289	493	782	<nil>
500	262	494	756	<nil>
500	278	493	771	<nil>
500	276	488	764	<nil>
500	290	494	784	<nil>
500	269	486	755	<nil>
500	290	490	780	<nil>
500	304	489	793	<nil>
500	2993	490	3483	<nil>
500	5188	491	5679	<nil>
500	5189	490	5679	<nil>
500	292	487	779	<nil>
500	294	489	783	<nil>
500	2994	488	3482	<nil>
500	293	489	782	<nil>
500	289	495	784	<nil>
500	299	490	789	<nil>
500	285	489	774	<nil>
500	5190	489	5679	<nil>
500	295	489	784	<nil>
500	290	493	783	<nil>
500	298	489	787	<nil>
500	295	490	785	<nil>
500	287	485	772	<nil>
500	286	493	779	<nil>
500	280	495	775	<nil>
500	283	491	774	<nil>
500	291	493	784	<nil>
500	295	489	784	<nil>
500	294	489	783	<nil>
500	289	491	780	<nil>
500	298	643	941	<nil>
500	273	643	916	<nil>
500	298	647	945	<nil>
500	5216	626	5842	<nil>
500	770	0	770	rpc error: code = Unavailable desc = transport is closing
500	289	653	942	<nil>
500	5184	0	5184	rpc error: code = Unavailable desc = transport is closing
500	770	0	770	rpc error: code = Unavailable desc = transport is closing
500	763	0	763	rpc error: code = Unavailable desc = transport is closing
500	762	0	762	rpc error: code = Unavailable desc = transport is closing
500	766	0	766	rpc error: code = Unavailable desc = transport is closing
500	293	0	293	rpc error: code = Unavailable desc = transport is closing
500	5165	0	5165	rpc error: code = Unavailable desc = transport is closing
500	295	0	295	rpc error: code = Unavailable desc = transport is closing
500	298	653	951	<nil>
500	771	0	771	rpc error: code = Unavailable desc = transport is closing
500	740	0	740	rpc error: code = Unavailable desc = transport is closing
500	277	0	277	rpc error: code = Unavailable desc = transport is closing
500	804	0	804	rpc error: code = Unavailable desc = transport is closing
500	761	0	761	rpc error: code = Unavailable desc = transport is closing
500	292	0	292	rpc error: code = Unavailable desc = transport is closing
500	256	0	256	rpc error: code = Unavailable desc = transport is closing
500	801	0	801	rpc error: code = Unavailable desc = transport is closing
500	805	0	805	rpc error: code = Unavailable desc = transport is closing
500	802	0	802	rpc error: code = Unavailable desc = transport is closing
500	746	0	746	rpc error: code = Unavailable desc = transport is closing
500	761	0	761	rpc error: code = Unavailable desc = transport is closing
500	757	0	757	rpc error: code = Unavailable desc = transport is closing
500	774	0	774	rpc error: code = Unavailable desc = transport is closing
500	794	0	794	rpc error: code = Unavailable desc = transport is closing
500	746	0	746	rpc error: code = Unavailable desc = transport is closing
500	744	0	744	rpc error: code = Unavailable desc = transport is closing
500	745	0	745	rpc error: code = Unavailable desc = transport is closing
500	747	0	747	rpc error: code = Unavailable desc = transport is closing
500	764	0	764	rpc error: code = Unavailable desc = transport is closing
500	763	0	763	rpc error: code = Unavailable desc = transport is closing
500	763	0	763	rpc error: code = Unavailable desc = transport is closing
500	287	0	287	rpc error: code = Unavailable desc = transport is closing
500	762	0	762	rpc error: code = Unavailable desc = transport is closing
500	765	0	765	rpc error: code = Unavailable desc = transport is closing
500	762	0	762	rpc error: code = Unavailable desc = transport is closing
500	753	0	753	rpc error: code = Unavailable desc = transport is closing
500	800	0	800	rpc error: code = Unavailable desc = transport is closing
500	843	0	843	rpc error: code = Unavailable desc = transport is closing
500	295	0	295	rpc error: code = Unavailable desc = transport is closing
500	770	0	770	rpc error: code = Unavailable desc = transport is closing
500	767	0	767	rpc error: code = Unavailable desc = transport is closing
500	802	0	802	rpc error: code = Unavailable desc = transport is closing
500	255	0	255	rpc error: code = Unavailable desc = transport is closing
500	272	0	272	rpc error: code = Unavailable desc = transport is closing
500	2935	0	2935	rpc error: code = Unavailable desc = transport is closing
500	770	0	770	rpc error: code = Unavailable desc = transport is closing
500	289	0	289	rpc error: code = Unavailable desc = transport is closing
500	768	0	768	rpc error: code = Unavailable desc = transport is closing
500	290	0	290	rpc error: code = Unavailable desc = transport is closing
500	280	0	280	rpc error: code = Unavailable desc = transport is closing
500	280	0	280	rpc error: code = Unavailable desc = transport is closing
500	758	0	758	rpc error: code = Unavailable desc = transport is closing
500	629	0	629	rpc error: code = Unavailable desc = transport is closing
500	747	0	747	rpc error: code = Unavailable desc = transport is closing
500	759	0	759	rpc error: code = Unavailable desc = transport is closing
500	767	0	767	rpc error: code = Unavailable desc = transport is closing
500	771	0	771	rpc error: code = Unavailable desc = transport is closing
500	767	0	767	rpc error: code = Unavailable desc = transport is closing
500	742	0	742	rpc error: code = Unavailable desc = transport is closing
500	252	0	252	rpc error: code = Unavailable desc = transport is closing
500	746	0	746	rpc error: code = Unavailable desc = transport is closing
500	760	0	760	rpc error: code = Unavailable desc = transport is closing
500	760	0	760	rpc error: code = Unavailable desc = transport is closing
500	747	0	747	rpc error: code = Unavailable desc = transport is closing
500	741	0	741	rpc error: code = Unavailable desc = transport is closing
500	3355	0	3355	rpc error: code = Unavailable desc = transport is closing
500	771	0	771	rpc error: code = Unavailable desc = transport is closing
500	771	0	771	rpc error: code = Unavailable desc = transport is closing
500	807	0	807	rpc error: code = Unavailable desc = transport is closing
500	801	0	801	rpc error: code = Unavailable desc = transport is closing
500	768	0	768	rpc error: code = Unavailable desc = transport is closing
500	752	0	752	rpc error: code = Unavailable desc = transport is closing
500	775	0	775	rpc error: code = Unavailable desc = transport is closing
500	775	0	775	rpc error: code = Unavailable desc = transport is closing
500	756	0	756	rpc error: code = Unavailable desc = transport is closing
500	767	0	767	rpc error: code = Unavailable desc = transport is closing
500	800	0	800	rpc error: code = Unavailable desc = transport is closing
500	765	0	765	rpc error: code = Unavailable desc = transport is closing
500	770	0	770	rpc error: code = Unavailable desc = transport is closing
500	766	0	766	rpc error: code = Unavailable desc = transport is closing
500	746	0	746	rpc error: code = Unavailable desc = transport is closing
500	760	0	760	rpc error: code = Unavailable desc = transport is closing
500	779	0	779	rpc error: code = Unavailable desc = transport is closing
500	748	0	748	rpc error: code = Unavailable desc = transport is closing
500	803	0	803	rpc error: code = Unavailable desc = transport is closing
500	781	0	781	rpc error: code = Unavailable desc = transport is closing
500	744	0	744	rpc error: code = Unavailable desc = transport is closing
500	760	0	760	rpc error: code = Unavailable desc = transport is closing
500	803	0	803	rpc error: code = Unavailable desc = transport is closing
500	744	0	744	rpc error: code = Unavailable desc = transport is closing
500	747	0	747	rpc error: code = Unavailable desc = transport is closing
500	761	0	761	rpc error: code = Unavailable desc = transport is closing
500	746	0	746	rpc error: code = Unavailable desc = transport is closing
500	744	0	744	rpc error: code = Unavailable desc = transport is closing
500	800	0	800	rpc error: code = Unavailable desc = transport is closing
500	774	0	774	rpc error: code = Unavailable desc = transport is closing
500	771	0	771	rpc error: code = Unavailable desc = transport is closing
500	758	0	758	rpc error: code = Unavailable desc = transport is closing
500	763	0	763	rpc error: code = Unavailable desc = transport is closing
500	664	0	664	rpc error: code = Unavailable desc = transport is closing
500	662	0	662	rpc error: code = Unavailable desc = transport is closing
500	652	0	652	rpc error: code = Unavailable desc = transport is closing
500	661	0	661	rpc error: code = Unavailable desc = transport is closing
500	5839	0	5839	rpc error: code = Unavailable desc = transport is closing
500	650	0	650	rpc error: code = Unavailable desc = transport is closing
500	5840	0	5840	rpc error: code = Unavailable desc = transport is closing
500	655	0	655	rpc error: code = Unavailable desc = transport is closing
500	669	0	669	rpc error: code = Unavailable desc = transport is closing
500	651	0	651	rpc error: code = Unavailable desc = transport is closing
500	651	0	651	rpc error: code = Unavailable desc = transport is closing
500	651	0	651	rpc error: code = Unavailable desc = transport is closing
500	669	0	669	rpc error: code = Unavailable desc = transport is closing
500	663	0	663	rpc error: code = Unavailable desc = transport is closing
500	784	0	784	rpc error: code = Unavailable desc = transport is closing
500	779	0	779	rpc error: code = Unavailable desc = transport is closing
500	729	0	729	rpc error: code = Unavailable desc = transport is closing
500	638	239	877	<nil>
500	638	240	878	<nil>
500	638	240	878	<nil>
500	668	240	908	<nil>
500	665	241	906	<nil>
500	677	241	918	<nil>
500	686	220	906	<nil>
500	739	194	933	<nil>
500	728	194	922	<nil>
500	739	204	943	<nil>
500	739	204	943	<nil>
500	728	206	934	<nil>
500	784	162	946	<nil>
500	778	168	946	<nil>
500	775	171	946	<nil>
500	370	90	460	<nil>
500	260	65	325	<nil>
500	242	68	310	<nil>
500	242	67	309	<nil>
500	259	69	328	<nil>
500	257	52	309	<nil>
500	254	69	323	<nil>
500	242	67	309	<nil>
500	243	67	310	<nil>
500	240	68	308	<nil>
500	242	67	309	<nil>
500	259	52	311	<nil>
500	257	53	310	<nil>
500	263	53	316	<nil>
500	2857	67	2924	<nil>
500	256	52	308	<nil>
500	228	27	255	<nil>
500	1234	41	1275	<nil>
500	231	34	265	<nil>
500	234	28	262	<nil>
500	217	41	258	<nil>
500	229	36	265	<nil>
500	235	35	270	<nil>
500	231	36	267	<nil>
500	231	54	285	<nil>
500	228	50	278	<nil>
500	1248	51	1299	<nil>
500	229	53	282	<nil>
500	292	49	341	<nil>
500	236	54	290	<nil>
500	236	53	289	<nil>
500	231	54	285	<nil>
500	236	56	292	<nil>
500	230	57	287	<nil>
500	227	51	278	<nil>
500	233	55	288	<nil>
500	1248	57	1305	<nil>
500	234	55	289	<nil>
500	229	66	295	<nil>
500	94	43	137	<nil>
500	229	67	296	<nil>
500	89	52	141	<nil>
500	292	66	358	<nil>
500	1247	71	1318	<nil>
500	232	66	298	<nil>
500	229	67	296	<nil>
500	91	52	143	<nil>
500	90	53	143	<nil>
500	232	68	300	<nil>
500	94	68	162	<nil>
500	93	68	161	<nil>
500	94	68	162	<nil>
500	93	126	219	<nil>
500	93	126	219	<nil>
500	2954	117	3071	<nil>
500	78	118	196	<nil>
500	80	118	198	<nil>
500	78	119	197	<nil>
500	2603	120	2723	<nil>
500	80	121	201	<nil>
500	79	120	199	<nil>
500	78	121	199	<nil>
500	79	144	223	<nil>
500	82	115	197	<nil>
500	75	121	196	<nil>
500	80	115	195	<nil>
500	80	119	199	<nil>
500	63	146	209	<nil>
500	43	116	159	<nil>
500	74	123	197	<nil>
500	74	123	197	<nil>
500	70	121	191	<nil>
500	126	65	191	<nil>
500	2891	128	3019	<nil>
500	120	63	183	<nil>
500	126	65	191	<nil>
500	64	125	189	<nil>
500	127	62	189	<nil>
500	125	66	191	<nil>
500	128	64	192	<nil>
500	98	64	162	<nil>
500	151	50	201	<nil>
500	141	50	191	<nil>
500	118	64	182	<nil>
500	141	51	192	<nil>
500	151	52	203	<nil>
500	150	51	201	<nil>
500	142	50	192	<nil>
500	149	52	201	<nil>
500	150	51	201	<nil>
500	149	52	201	<nil>
500	151	51	202	<nil>
500	15378	62	15440	<nil>
500	100	63	163	<nil>
500	93	62	155	<nil>
500	150	51	201	<nil>
500	119	76	195	<nil>
500	118	83	201	<nil>
500	127	105	232	<nil>
500	102	107	209	<nil>
500	102	107	209	<nil>
500	102	106	208	<nil>
500	126	108	234	<nil>
500	147	89	236	<nil>
500	148	84	232	<nil>
500	16425	84	16509	<nil>
500	2775	88	2863	<nil>
500	154	83	237	<nil>
500	120	114	234	<nil>
500	1097	114	1211	<nil>
500	143	92	235	<nil>
500	137	78	215	<nil>
500	151	81	232	<nil>
500	146	81	227	<nil>
500	157	83	240	<nil>
500	148	79	227	<nil>
500	131	96	227	<nil>
500	158	126	284	<nil>
500	131	125	256	<nil>
500	1196	103	1299	<nil>
500	180	106	286	<nil>
500	92	125	217	<nil>
500	92	127	219	<nil>
500	2835	126	2961	<nil>
500	88	128	216	<nil>
500	2813	128	2941	<nil>
500	91	127	218	<nil>
500	120	128	248	<nil>
500	94	97	191	<nil>
500	9754	128	9882	<nil>
500	91	98	189	<nil>
500	100	103	203	<nil>
500	9973	101	10074	<nil>
500	119	103	222	<nil>
500	119	103	222	<nil>
500	89	127	216	<nil>
500	106	109	215	<nil>
500	2848	98	2946	<nil>
500	70	98	168	<nil>
500	87	106	193	<nil>
500	88	111	199	<nil>
500	81	101	182	<nil>
500	70	101	171	<nil>
500	92	106	198	<nil>
500	87	111	198	<nil>
500	81	86	167	<nil>
500	123	98	221	<nil>
500	124	97	221	<nil>
500	87	112	199	<nil>
500	108	125	233	<nil>
500	126	110	236	<nil>
500	2901	124	3025	<nil>
500	124	111	235	<nil>
500	2915	111	3026	<nil>
500	29085	112	29197	<nil>
500	107	129	236	<nil>
500	16803	127	16930	<nil>
500	122	115	237	<nil>
500	109	132	241	<nil>
500	110	149	259	<nil>
500	2915	135	3050	<nil>
500	2901	172	3073	<nil>
500	64	189	253	<nil>
500	79	163	242	<nil>
500	78	163	241	<nil>
500	52	161	213	<nil>
500	79	162	241	<nil>
500	51	634	685	<nil>
500	57	636	693	<nil>
500	58	635	693	<nil>
500	81	613	694	<nil>
500	100	577	677	<nil>
500	68	618	686	<nil>
500	109	577	686	<nil>
500	85	615	700	<nil>
500	76	614	690	<nil>
500	77	613	690	<nil>
500	78	618	696	<nil>
500	146	545	691	<nil>
500	73	510	583	<nil>
500	128	560	688	<nil>
500	76	615	691	<nil>
500	108	581	689	<nil>
500	75	618	693	<nil>
500	120	577	697	<nil>
500	71	544	615	<nil>
500	5029	509	5538	<nil>
500	87	510	597	<nil>
500	73	544	617	<nil>
500	93	486	579	<nil>
500	57	579	636	<nil>
500	99	509	608	<nil>
500	61	579	640	<nil>
500	50	485	535	<nil>
500	90	510	600	<nil>
500	101	510	611	<nil>
500	107	509	616	<nil>
500	96	584	680	<nil>
500	59	486	545	<nil>
500	100	508	608	<nil>
500	60	582	642	<nil>
500	57	584	641	<nil>
500	98	510	608	<nil>
500	99	510	609	<nil>
500	97	484	581	<nil>
500	90	510	600	<nil>
500	57	584	641	<nil>
500	92	508	600	<nil>
500	72	544	616	<nil>
500	94	486	580	<nil>
500	108	500	608	<nil>
500	60	484	544	<nil>
500	87	510	597	<nil>
500	71	546	617	<nil>
500	98	510	608	<nil>
500	70	546	616	<nil>
500	105	510	615	<nil>
500	69	547	616	<nil>
500	98	582	680	<nil>
500	107	509	616	<nil>
500	72	523	595	<nil>
500	66	524	590	<nil>
500	71	524	595	<nil>
500	55	524	579	<nil>
500	72	524	596	<nil>
500	56	524	580	<nil>
500	67	525	592	<nil>
500	55	524	579	<nil>
500	55	524	579	<nil>
500	93	10	103	<nil>
500	17295	10	17305	<nil>
500	574	35	609	<nil>
500	16252	35	16287	<nil>
500	97	7	104	<nil>
500	92	9	101	<nil>
500	5358	14	5372	<nil>
500	84	7	91	<nil>
500	552	35	587	<nil>
500	92	10	102	<nil>
500	537	14	551	<nil>
500	93	9	102	<nil>
500	86	7	93	<nil>
500	92	10	102	<nil>
500	91	9	100	<nil>
500	2467	9	2476	<nil>
500	569	15	584	<nil>
500	566	36	602	<nil>
500	549	36	585	<nil>
500	84	9	93	<nil>
500	92	9	101	<nil>
500	98	9	107	<nil>
500	86	9	95	<nil>
500	84	15	99	<nil>
500	98	20	118	<nil>
500	91	22	113	<nil>
500	93	23	116	<nil>
500	85	28	113	<nil>
500	89	24	113	<nil>
500	89	29	118	<nil>
500	91	9	100	<nil>
500	88	10	98	<nil>
500	101	10	111	<nil>
500	91	20	111	<nil>
500	92	20	112	<nil>
500	88	21	109	<nil>
500	93	21	114	<nil>
500	90	20	110	<nil>
500	91	20	111	<nil>
500	94	21	115	<nil>
500	2523	25	2548	<nil>
500	90	25	115	<nil>
500	86	25	111	<nil>
500	90	24	114	<nil>
500	5371	25	5396	<nil>
500	90	26	116	<nil>
500	93	27	120	<nil>
500	93	26	119	<nil>
500	90	25	115	<nil>
500	91	28	119	<nil>
500	94	34	128	<nil>
500	98	82	180	<nil>
500	93	101	194	<nil>
500	44	100	144	<nil>
500	61	84	145	<nil>
500	45	98	143	<nil>
500	108	95	203	<nil>
500	2514	87	2601	<nil>
500	75	102	177	<nil>
500	48	95	143	<nil>
500	80	97	177	<nil>
500	82	96	178	<nil>
500	5047	99	5146	<nil>
500	43	102	145	<nil>
500	46	99	145	<nil>
500	61	84	145	<nil>
500	43	104	147	<nil>
500	46	103	149	<nil>
500	17	91	108	<nil>
500	82	100	182	<nil>
500	14	98	112	<nil>
500	17	131	148	<nil>
500	23	131	154	<nil>
500	72	62	134	<nil>
500	75	61	136	<nil>
500	86	61	147	<nil>
500	74	61	135	<nil>
500	78	61	139	<nil>
500	76	62	138	<nil>
500	78	60	138	<nil>
500	144	8	152	<nil>
500	129	9	138	<nil>
500	78	60	138	<nil>
500	75	63	138	<nil>
500	78	60	138	<nil>
500	2571	62	2633	<nil>
500	76	62	138	<nil>
500	2414	93	2507	<nil>
500	137	57	194	<nil>
500	126	58	184	<nil>
500	129	54	183	<nil>
500	129	54	183	<nil>
500	129	53	182	<nil>
500	111	76	187	<nil>
500	137	56	193	<nil>
500	137	61	198	<nil>
500	111	76	187	<nil>
500	111	67	178	<nil>
500	126	67	193	<nil>
500	111	81	192	<nil>
500	129	65	194	<nil>
500	131	63	194	<nil>
500	126	91	217	<nil>
500	127	117	244	<nil>
500	145	113	258	<nil>
500	126	118	244	<nil>
500	125	118	243	<nil>
500	116	128	244	<nil>
500	129	115	244	<nil>
500	111	140	251	<nil>
500	132	121	253	<nil>
500	127	125	252	<nil>
500	114	136	250	<nil>
500	126	126	252	<nil>
500	125	125	250	<nil>
500	116	136	252	<nil>
500	122	128	250	<nil>
500	124	155	279	<nil>
500	124	156	280	<nil>
500	58	150	208	<nil>
500	127	158	285	<nil>
500	2499	151	2650	<nil>
500	1073	149	1222	<nil>
500	2903	150	3053	<nil>
500	75	134	209	<nil>
500	49	161	210	<nil>
500	65	160	225	<nil>
500	96	118	214	<nil>
500	2522	118	2640	<nil>
500	95	120	215	<nil>
500	97	117	214	<nil>
500	97	117	214	<nil>
500	93	122	215	<nil>
500	94	120	214	<nil>
500	95	121	216	<nil>
500	94	120	214	<nil>
500	96	121	217	<nil>
500	97	130	227	<nil>
500	126	72	198	<nil>
500	2703	130	2833	<nil>
500	2604	75	2679	<nil>
500	131	72	203	<nil>
500	147	77	224	<nil>
500	103	78	181	<nil>
500	2573	107	2680	<nil>
500	1566	0	1566	rpc error: code = Unavailable desc = transport is closing
500	140	106	246	<nil>
500	135	109	244	<nil>
500	105	107	212	<nil>
500	110	113	223	<nil>
500	101	114	215	<nil>
500	2732	113	2845	<nil>
500	2605	114	2719	<nil>
500	1092	114	1206	<nil>
500	145	116	261	<nil>
500	96	112	208	<nil>
500	80	116	196	<nil>
500	2635	112	2747	<nil>
500	81	136	217	<nil>
500	86	131	217	<nil>
500	5728	0	5728	rpc error: code = Unavailable desc = transport is closing
500	316	0	316	rpc error: code = Unavailable desc = transport is closing
500	825	0	825	rpc error: code = Unavailable desc = transport is closing
500	6038	0	6038	rpc error: code = Unavailable desc = transport is closing
500	1121	111	1232	<nil>
500	2737	141	2878	<nil>
500	6028	0	6028	rpc error: code = Unavailable desc = transport is closing
500	1094	138	1232	<nil>
500	2647	112	2759	<nil>
500	1127	111	1238	<nil>
500	2879	124	3003	<nil>
500	1126	113	1239	<nil>
500	253	0	253	rpc error: code = Unavailable desc = transport is closing
500	97	111	208	<nil>
500	117	119	236	<nil>
500	118	135	253	<nil>
500	2825	0	2825	rpc error: code = Unavailable desc = transport is closing
500	117	135	252	<nil>
500	1576	0	1576	rpc error: code = Unavailable desc = transport is closing
500	371	0	371	rpc error: code = Unavailable desc = transport is closing
500	1423	0	1423	rpc error: code = Unavailable desc = transport is closing
500	388	0	388	rpc error: code = Unavailable desc = transport is closing
500	5690	0	5690	rpc error: code = Unavailable desc = transport is closing
500	6070	0	6070	rpc error: code = Unavailable desc = transport is closing
500	38	165	203	<nil>
500	2782	164	2946	<nil>
500	66	165	231	<nil>
500	393	0	393	rpc error: code = Unavailable desc = transport is closing
500	1576	0	1576	rpc error: code = Unavailable desc = transport is closing
500	335	0	335	rpc error: code = Unavailable desc = transport is closing
500	822	0	822	rpc error: code = Unavailable desc = transport is closing
500	92	190	282	<nil>
500	90	192	282	<nil>
500	2624	192	2816	<nil>
500	77	180	257	<nil>
500	110	179	289	<nil>
500	2663	181	2844	<nil>
500	82	179	261	<nil>
500	81	180	261	<nil>
500	57	180	237	<nil>
500	2662	180	2842	<nil>
500	23	194	217	<nil>
500	2635	194	2829	<nil>
500	21	192	213	<nil>
500	30	179	209	<nil>
500	39	178	217	<nil>
500	80	197	277	<nil>
500	18	194	212	<nil>
500	18	193	211	<nil>
500	14	194	208	<nil>
500	21	179	200	<nil>
500	6025	0	6025	rpc error: code = Unavailable desc = transport is closing
500	28	176	204	<nil>
500	43	166	209	<nil>
500	47	171	218	<nil>
500	19	199	218	<nil>
500	33	168	201	<nil>
500	69	145	214	<nil>
500	2746	136	2882	<nil>
500	41	176	217	<nil>
500	46	164	210	<nil>
500	68	159	227	<nil>
500	67	159	226	<nil>
500	85	148	233	<nil>
500	66	160	226	<nil>
500	66	160	226	<nil>
500	106	145	251	<nil>
500	65	183	248	<nil>
500	75	177	252	<nil>
500	68	183	251	<nil>
500	74	174	248	<nil>
500	93	0	93	rpc error: code = Unavailable desc = transport is closing
500	57	173	230	<nil>
500	46	188	234	<nil>
500	2755	192	2947	<nil>
500	76	188	264	<nil>
500	813	0	813	rpc error: code = Unavailable desc = transport is closing
500	6024	0	6024	rpc error: code = Unavailable desc = transport is closing
500	6020	0	6020	rpc error: code = Unavailable desc = transport is closing
500	1456	0	1456	rpc error: code = Unavailable desc = transport is closing
500	6026	0	6026	rpc error: code = Unavailable desc = transport is closing
500	1530	0	1530	rpc error: code = Unavailable desc = transport is closing
500	828	0	828	rpc error: code = Unavailable desc = transport is closing
500	751	0	751	rpc error: code = Unavailable desc = transport is closing
500	30231	0	30231	rpc error: code = Unavailable desc = transport is closing
500	102	134	236	<nil>
500	6030	0	6030	rpc error: code = Unavailable desc = transport is closing
500	95	140	235	<nil>
500	111	112	223	<nil>
500	77	77	154	<nil>
500	94	116	210	<nil>
500	65	88	153	<nil>
500	1456	0	1456	rpc error: code = Unavailable desc = transport is closing
500	64	194	258	<nil>
500	1486	0	1486	rpc error: code = Unavailable desc = transport is closing
500	109	118	227	<nil>
500	3082	192	3274	<nil>
500	3024	0	3024	rpc error: code = Unavailable desc = transport is closing
500	840	0	840	rpc error: code = Unavailable desc = transport is closing
500	357	0	357	rpc error: code = Unavailable desc = transport is closing
500	6030	0	6030	rpc error: code = Unavailable desc = transport is closing
500	354	0	354	rpc error: code = Unavailable desc = transport is closing
500	346	0	346	rpc error: code = Unavailable desc = transport is closing
500	350	0	350	rpc error: code = Unavailable desc = transport is closing
500	1507	0	1507	rpc error: code = Unavailable desc = transport is closing
500	100	137	237	<nil>
500	6028	0	6028	rpc error: code = Unavailable desc = transport is closing
500	6029	0	6029	rpc error: code = Unavailable desc = transport is closing
500	802	0	802	rpc error: code = Unavailable desc = transport is closing
500	1761	0	1761	rpc error: code = Unavailable desc = transport is closing
500	118	114	232	<nil>
500	122	110	232	<nil>
500	54	1	55	<nil>
500	95	1	96	<nil>
500	828	0	828	rpc error: code = Unavailable desc = transport is closing
500	91	114	205	<nil>
500	346	0	346	rpc error: code = Unavailable desc = transport is closing
500	85	114	199	<nil>
500	828	0	828	rpc error: code = Unavailable desc = transport is closing
500	121	135	256	<nil>
500	113	115	228	<nil>
500	255	0	255	rpc error: code = Unavailable desc = transport is closing
500	2909	195	3104	<nil>
500	242	0	242	rpc error: code = Unavailable desc = transport is closing
500	95	0	95	rpc error: code = Unavailable desc = transport is closing
500	94	0	94	rpc error: code = Unavailable desc = transport is closing
500	90	0	90	rpc error: code = Unavailable desc = transport is closing
500	94	0	94	rpc error: code = Unavailable desc = transport is closing
500	67	77	144	<nil>
500	348	0	348	rpc error: code = Unavailable desc = transport is closing
500	241	0	241	rpc error: code = Unavailable desc = transport is closing
500	110	99	209	<nil>
500	100	40	140	<nil>
500	103	100	203	<nil>
500	96	112	208	<nil>
500	2856	100	2956	<nil>
500	6028	0	6028	rpc error: code = Unavailable desc = transport is closing
500	16794	117	16911	<nil>
500	42	194	236	<nil>
500	99	101	200	<nil>
500	1076	99	1175	<nil>
500	242	0	242	rpc error: code = Unavailable desc = transport is closing
500	87	112	199	<nil>
500	87	94	181	<nil>
500	100	27	127	<nil>
500	2555	74	2629	<nil>
500	64	111	175	<nil>
500	68	11	79	<nil>
500	60	0	60	<nil>
500	67	10	77	<nil>
500	67	13	80	<nil>
500	65	101	166	<nil>
500	69	77	146	<nil>
500	256	0	256	rpc error: code = Unavailable desc = transport is closing
500	2800	0	2800	rpc error: code = Unavailable desc = transport is closing
500	98	111	209	<nil>
500	85	47	132	<nil>
500	89	23	112	<nil>
500	101	29	130	<nil>
500	101	30	131	<nil>
500	84	46	130	<nil>
500	84	46	130	<nil>
500	70	1	71	<nil>
500	65	97	162	<nil>
500	113	2	115	<nil>
500	2948	1	2949	<nil>
500	122	0	122	<nil>
500	1221	0	1221	rpc error: code = Unavailable desc = transport is closing
500	215	0	215	rpc error: code = Unavailable desc = transport is closing
500	86	51	137	<nil>
500	95	2	97	<nil>
500	85	27	112	<nil>
500	215	0	215	rpc error: code = Unavailable desc = transport is closing
500	220	0	220	rpc error: code = Unavailable desc = transport is closing
500	233	0	233	rpc error: code = Unavailable desc = transport is closing
500	68	68	136	<nil>
500	77	91	168	<nil>
500	111	102	213	<nil>
500	107	0	107	rpc error: code = Unavailable desc = transport is closing
500	256	0	256	rpc error: code = Unavailable desc = transport is closing
500	256	0	256	rpc error: code = Unavailable desc = transport is closing
500	85	28	113	<nil>
500	83	28	111	<nil>
500	112	55	167	<nil>
500	77	8	85	<nil>
500	55	1	56	<nil>
500	106	9	115	<nil>
500	94	0	94	rpc error: code = Unavailable desc = transport is closing
500	56	0	56	<nil>
500	95	0	95	rpc error: code = Unavailable desc = transport is closing
500	70	10	80	<nil>
500	54	1	55	<nil>
500	70	10	80	<nil>
500	106	10	116	<nil>
500	77	11	88	<nil>
500	232	0	232	rpc error: code = Unavailable desc = transport is closing
500	232	0	232	rpc error: code = Unavailable desc = transport is closing
500	230	0	230	rpc error: code = Unavailable desc = transport is closing
500	127	12	139	<nil>
500	110	101	211	<nil>
500	231	0	231	rpc error: code = Unavailable desc = transport is closing
500	64	96	160	<nil>
500	83	78	161	<nil>
500	88	23	111	<nil>
500	99	48	147	<nil>
500	83	23	106	<nil>
500	65	98	163	<nil>
500	68	99	167	<nil>
500	106	6	112	<nil>
500	256	0	256	rpc error: code = Unavailable desc = transport is closing
500	93	112	205	<nil>
500	256	0	256	rpc error: code = Unavailable desc = transport is closing
500	77	9	86	<nil>
500	257	0	257	rpc error: code = Unavailable desc = transport is closing
500	1248	0	1248	rpc error: code = Unavailable desc = transport is closing
500	228	0	228	rpc error: code = Unavailable desc = transport is closing
500	826	0	826	rpc error: code = Unavailable desc = transport is closing
500	114	116	230	<nil>
500	3213	137	3350	<nil>
500	236	0	236	rpc error: code = Unavailable desc = transport is closing
500	2796	0	2796	rpc error: code = Unavailable desc = transport is closing
500	230	0	230	rpc error: code = Unavailable desc = transport is closing
500	1215	0	1215	rpc error: code = Unavailable desc = transport is closing
500	1221	0	1221	rpc error: code = Unavailable desc = transport is closing
500	233	0	233	rpc error: code = Unavailable desc = transport is closing
500	1246	0	1246	rpc error: code = Unavailable desc = transport is closing
500	230	0	230	rpc error: code = Unavailable desc = transport is closing
500	291	0	291	rpc error: code = Unavailable desc = transport is closing
500	231	0	231	rpc error: code = Unavailable desc = transport is closing
500	1219	0	1219	rpc error: code = Unavailable desc = transport is closing
500	230	0	230	rpc error: code = Unavailable desc = transport is closing
500	1247	0	1247	rpc error: code = Unavailable desc = transport is closing
500	292	0	292	rpc error: code = Unavailable desc = transport is closing
500	227	0	227	rpc error: code = Unavailable desc = transport is closing
500	229	0	229	rpc error: code = Unavailable desc = transport is closing
500	234	0	234	rpc error: code = Unavailable desc = transport is closing
500	1248	0	1248	rpc error: code = Unavailable desc = transport is closing
500	236	0	236	rpc error: code = Unavailable desc = transport is closing
500	1247	0	1247	rpc error: code = Unavailable desc = transport is closing
500	2568	0	2568	rpc error: code = Unavailable desc = transport is closing
500	1248	0	1248	rpc error: code = Unavailable desc = transport is closing
500	229	0	229	rpc error: code = Unavailable desc = transport is closing
500	242	0	242	rpc error: code = Unavailable desc = transport is closing
500	231	0	231	rpc error: code = Unavailable desc = transport is closing
500	232	0	232	rpc error: code = Unavailable desc = transport is closing
500	836	0	836	rpc error: code = Unavailable desc = transport is closing
500	803	0	803	rpc error: code = Unavailable desc = transport is closing
500	233	0	233	rpc error: code = Unavailable desc = transport is closing
500	803	0	803	rpc error: code = Unavailable desc = transport is closing
500	829	0	829	rpc error: code = Unavailable desc = transport is closing
500	229	0	229	rpc error: code = Unavailable desc = transport is closing
500	1765	0	1765	rpc error: code = Unavailable desc = transport is closing
500	822	0	822	rpc error: code = Unavailable desc = transport is closing
500	840	0	840	rpc error: code = Unavailable desc = transport is closing
500	1762	0	1762	rpc error: code = Unavailable desc = transport is closing
500	230	0	230	rpc error: code = Unavailable desc = transport is closing
500	838	0	838	rpc error: code = Unavailable desc = transport is closing
500	829	0	829	rpc error: code = Unavailable desc = transport is closing
500	840	0	840	rpc error: code = Unavailable desc = transport is closing
500	802	0	802	rpc error: code = Unavailable desc = transport is closing
500	828	0	828	rpc error: code = Unavailable desc = transport is closing
500	828	0	828	rpc error: code = Unavailable desc = transport is closing
500	828	0	828	rpc error: code = Unavailable desc = transport is closing
500	828	0	828	rpc error: code = Unavailable desc = transport is closing
500	6025	0	6025	rpc error: code = Unavailable desc = transport is closing
500	3213	356	3569	<nil>
500	232	0	232	rpc error: code = Unavailable desc = transport is closing
500	310	356	666	<nil>
500	274	352	626	<nil>
500	264	353	617	<nil>
500	217	0	217	rpc error: code = Unavailable desc = transport is closing
500	297	357	654	<nil>
500	280	352	632	<nil>
500	295	352	647	<nil>
500	301	352	653	<nil>
500	296	352	648	<nil>
500	262	354	616	<nil>
500	297	352	649	<nil>
500	295	352	647	<nil>
500	300	354	654	<nil>
500	300	354	654	<nil>
500	276	352	628	<nil>
500	6030	0	6030	rpc error: code = Unavailable desc = transport is closing
500	353	0	353	rpc error: code = Unavailable desc = transport is closing
500	6032	0	6032	rpc error: code = Unavailable desc = transport is closing
500	6030	0	6030	rpc error: code = Unavailable desc = transport is closing
500	561	0	561	rpc error: code = Unavailable desc = transport is closing
500	5223	0	5223	rpc error: code = Unavailable desc = transport is closing
500	573	0	573	rpc error: code = Unavailable desc = transport is closing
500	575	0	575	rpc error: code = Unavailable desc = transport is closing
500	560	0	560	rpc error: code = Unavailable desc = transport is closing
500	571	0	571	rpc error: code = Unavailable desc = transport is closing
500	591	0	591	rpc error: code = Unavailable desc = transport is closing
500	594	0	594	rpc error: code = Unavailable desc = transport is closing
500	571	0	571	rpc error: code = Unavailable desc = transport is closing
500	533	0	533	rpc error: code = Unavailable desc = transport is closing
500	572	0	572	rpc error: code = Unavailable desc = transport is closing
500	6029	0	6029	rpc error: code = Unavailable desc = transport is closing
500	6029	0	6029	rpc error: code = Unavailable desc = transport is closing
500	596	0	596	rpc error: code = Unavailable desc = transport is closing
500	3232	0	3232	rpc error: code = Unavailable desc = transport is closing
500	566	0	566	rpc error: code = Unavailable desc = transport is closing
500	573	0	573	rpc error: code = Unavailable desc = transport is closing
500	596	0	596	rpc error: code = Unavailable desc = transport is closing
500	596	0	596	rpc error: code = Unavailable desc = transport is closing
500	6029	0	6029	rpc error: code = Unavailable desc = transport is closing
500	590	0	590	rpc error: code = Unavailable desc = transport is closing
500	601	0	601	rpc error: code = Unavailable desc = transport is closing
500	621	111	732	<nil>
500	621	111	732	<nil>
500	448	111	559	<nil>
500	618	110	728	<nil>
500	620	111	731	<nil>
500	657	75	732	<nil>
500	461	113	574	<nil>
500	571	111	682	<nil>
500	614	118	732	<nil>
500	571	111	682	<nil>
500	619	114	733	<nil>
500	614	118	732	<nil>
500	618	112	730	<nil>
500	617	114	731	<nil>
500	612	116	728	<nil>
500	617	114	731	<nil>
500	619	110	729	<nil>
500	617	111	728	<nil>
500	616	111	727	<nil>
500	660	115	775	<nil>
500	655	124	779	<nil>
500	655	124	779	<nil>
500	2792	132	2924	<nil>
500	24836	131	24967	<nil>
500	651	132	783	<nil>
500	654	134	788	<nil>
500	657	133	790	<nil>
500	650	140	790	<nil>
500	665	124	789	<nil>
500	636	134	770	<nil>
500	668	121	789	<nil>
500	648	122	770	<nil>
500	416	125	541	<nil>
500	675	124	799	<nil>
500	673	124	797	<nil>
500	5370	101	5471	<nil>
500	115	101	216	<nil>
500	117	107	224	<nil>
500	117	108	225	<nil>
500	119	106	225	<nil>
500	119	106	225	<nil>
500	138	87	225	<nil>
500	119	107	226	<nil>
500	118	108	226	<nil>
500	119	106	225	<nil>
500	119	107	226	<nil>
500	138	89	227	<nil>
500	127	103	230	<nil>
500	138	91	229	<nil>
500	138	91	229	<nil>
500	139	115	254	<nil>
500	137	91	228	<nil>
500	126	110	236	<nil>
500	138	91	229	<nil>
500	154	75	229	<nil>
500	158	71	229	<nil>
500	155	77	232	<nil>
500	155	46	201	<nil>
500	2877	46	2923	<nil>
500	155	47	202	<nil>
500	2901	72	2973	<nil>
500	179	76	255	<nil>
500	2721	118	2839	<nil>
500	2849	74	2923	<nil>
500	113	117	230	<nil>
500	130	127	257	<nil>
500	2761	76	2837	<nil>
500	2886	87	2973	<nil>
500	153	76	229	<nil>
500	2931	76	3007	<nil>
500	153	76	229	<nil>
500	154	48	202	<nil>
500	153	69	222	<nil>
500	150	105	255	<nil>
500	149	140	289	<nil>
500	150	139	289	<nil>
500	143	141	284	<nil>
500	1154	143	1297	<nil>
500	149	142	291	<nil>
500	142	139	281	<nil>
500	152	140	292	<nil>
500	145	140	285	<nil>
500	142	143	285	<nil>
500	156	149	305	<nil>
500	145	171	316	<nil>
500	2970	171	3141	<nil>
500	131	171	302	<nil>
500	146	180	326	<nil>
500	144	183	327	<nil>
500	103	174	277	<nil>
500	110	174	284	<nil>
500	2967	182	3149	<nil>
500	107	177	284	<nil>
500	156	96	252	<nil>
500	143	133	276	<nil>
500	131	133	264	<nil>
500	146	133	279	<nil>
500	148	133	281	<nil>
500	173	51	224	<nil>
500	131	133	264	<nil>
500	138	127	265	<nil>
500	131	133	264	<nil>
500	172	53	225	<nil>
500	171	81	252	<nil>
500	151	71	222	<nil>
500	3018	137	3155	<nil>
500	3025	132	3157	<nil>
500	5150	175	5325	<nil>
500	109	175	284	<nil>
500	145	184	329	<nil>
500	99	138	237	<nil>
500	171	52	223	<nil>
500	131	134	265	<nil>
500	142	138	280	<nil>
500	109	175	284	<nil>
500	1169	82	1251	<nil>
500	164	84	248	<nil>
500	167	80	247	<nil>
500	169	83	252	<nil>
500	171	82	253	<nil>
500	170	82	252	<nil>
500	162	84	246	<nil>
500	1163	89	1252	<nil>
500	2987	133	3120	<nil>
500	144	78	222	<nil>
500	131	133	264	<nil>
500	137	81	218	<nil>
500	127	138	265	<nil>
500	5931	71	6002	<nil>
500	8894	56	8950	<nil>
500	161	67	228	<nil>
500	170	87	257	<nil>
500	171	87	258	<nil>
500	169	88	257	<nil>
500	167	92	259	<nil>
500	163	89	252	<nil>
500	169	86	255	<nil>
500	173	89	262	<nil>
500	170	104	274	<nil>
500	2511	149	2660	<nil>
500	196	150	346	<nil>
500	16418	149	16567	<nil>
500	184	162	346	<nil>
500	173	150	323	<nil>
500	182	130	312	<nil>
500	158	154	312	<nil>
500	182	166	348	<nil>
500	182	170	352	<nil>
500	2733	177	2910	<nil>
500	179	172	351	<nil>
500	8935	186	9121	<nil>
500	181	173	354	<nil>
500	181	171	352	<nil>
500	181	172	353	<nil>
500	183	173	356	<nil>
500	176	175	351	<nil>
500	182	172	354	<nil>
500	142	186	328	<nil>
500	180	175	355	<nil>
500	130	145	275	<nil>
500	2772	147	2919	<nil>
500	181	174	355	<nil>
500	189	182	371	<nil>
500	217	138	355	<nil>
500	132	145	277	<nil>
500	8807	145	8952	<nil>
500	129	146	275	<nil>
500	129	145	274	<nil>
500	131	147	278	<nil>
500	130	145	275	<nil>
500	129	146	275	<nil>
500	130	146	276	<nil>
500	190	181	371	<nil>
500	191	182	373	<nil>
500	2817	90	2907	<nil>
500	127	147	274	<nil>
500	181	174	355	<nil>
500	175	66	241	<nil>
500	173	66	239	<nil>
500	180	66	246	<nil>
500	9072	106	9178	<nil>
500	151	103	254	<nil>
500	180	107	287	<nil>
500	175	106	281	<nil>
500	17177	104	17281	<nil>
500	152	105	257	<nil>
500	180	107	287	<nil>
500	1173	98	1271	<nil>
500	157	99	256	<nil>
500	170	88	258	<nil>
500	147	98	245	<nil>
500	152	107	259	<nil>
500	170	87	257	<nil>
500	2661	114	2775	<nil>
500	148	113	261	<nil>
500	162	96	258	<nil>
500	167	94	261	<nil>
500	196	76	272	<nil>
500	177	85	262	<nil>
500	199	57	256	<nil>
500	228	49	277	<nil>
500	191	80	271	<nil>
500	196	60	256	<nil>
500	173	83	256	<nil>
500	204	53	257	<nil>
500	2940	73	3013	<nil>
500	6212	73	6285	<nil>
500	190	75	265	<nil>
500	200	61	261	<nil>
500	182	77	259	<nil>
500	144	76	220	<nil>
500	203	55	258	<nil>
500	173	86	259	<nil>
500	188	71	259	<nil>
500	174	86	260	<nil>
500	169	89	258	<nil>
500	187	74	261	<nil>
500	197	62	259	<nil>
500	183	76	259	<nil>
500	2749	62	2811	<nil>
500	182	76	258	<nil>
500	199	62	261	<nil>
500	196	64	260	<nil>
500	146	42	188	<nil>
500	183	79	262	<nil>
500	198	64	262	<nil>
500	188	73	261	<nil>
500	129	50	179	<nil>
500	160	66	226	<nil>
500	124	57	181	<nil>
500	147	56	203	<nil>
500	4914	57	4971	<nil>
500	190	71	261	<nil>
500	107	90	197	<nil>
500	2803	59	2862	<nil>
500	96	91	187	<nil>
500	56	58	114	<nil>
500	124	107	231	<nil>
500	98	60	158	<nil>
500	55	91	146	<nil>
500	82	57	139	<nil>
500	75	73	148	<nil>
500	83	58	141	<nil>
500	84	58	142	<nil>
500	104	94	198	<nil>
500	114	74	188	<nil>
500	90	59	149	<nil>
500	84	72	156	<nil>
500	89	68	157	<nil>
500	9226	72	9298	<nil>
500	85	78	163	<nil>
500	74	86	160	<nil>
500	89	76	165	<nil>
500	40	75	115	<nil>
500	93	68	161	<nil>
500	89	72	161	<nil>
500	24	75	99	<nil>
500	91	71	162	<nil>
500	91	73	164	<nil>
500	87	74	161	<nil>
500	93	80	173	<nil>
500	93	73	166	<nil>
500	39	72	111	<nil>
500	73	68	141	<nil>
500	24	73	97	<nil>
500	21	75	96	<nil>
500	39	75	114	<nil>
500	39	76	115	<nil>
500	1080	74	1154	<nil>
500	27	74	101	<nil>
500	95	73	168	<nil>
500	26	70	96	<nil>
500	39	76	115	<nil>
500	27	74	101	<nil>
500	22	77	99	<nil>
500	1077	70	1147	<nil>
500	87	70	157	<nil>
500	21	76	97	<nil>
500	35	77	112	<nil>
500	3010	67	3077	<nil>
500	39	76	115	<nil>
500	39	77	116	<nil>
500	81	76	157	<nil>
500	89	76	165	<nil>
500	37	77	114	<nil>
500	93	73	166	<nil>
500	87	70	157	<nil>
500	80	6	86	<nil>
500	100	8	108	<nil>
500	76	7	83	<nil>
500	88	7	95	<nil>
500	77	6	83	<nil>
500	80	6	86	<nil>
500	79	7	86	<nil>
500	81	8	89	<nil>
500	79	7	86	<nil>
500	80	7	87	<nil>
500	9305	6	9311	<nil>
500	76	7	83	<nil>
500	79	7	86	<nil>
500	81	7	88	<nil>
500	78	7	85	<nil>
500	79	7	86	<nil>
500	78	7	85	<nil>
500	79	6	85	<nil>
500	77	8	85	<nil>
500	79	7	86	<nil>
500	80	7	87	<nil>
500	82	7	89	<nil>
500	89	7	96	<nil>
500	82	5	87	<nil>
500	85	8	93	<nil>
500	80	8	88	<nil>
500	87	6	93	<nil>
500	91	54	145	<nil>
500	85	54	139	<nil>
500	84	54	138	<nil>
500	92	64	156	<nil>
500	85	79	164	<nil>
500	82	114	196	<nil>
500	115	86	201	<nil>
500	83	114	197	<nil>
500	88	114	202	<nil>
500	77	118	195	<nil>
500	653	0	653	rpc error: code = Unavailable desc = transport is closing
500	649	0	649	rpc error: code = Unavailable desc = transport is closing
500	2790	0	2790	rpc error: code = Unavailable desc = transport is closing
500	657	0	657	rpc error: code = Unavailable desc = transport is closing
500	650	0	650	rpc error: code = Unavailable desc = transport is closing
500	636	0	636	rpc error: code = Unavailable desc = transport is closing
500	648	0	648	rpc error: code = Unavailable desc = transport is closing
500	118	0	118	rpc error: code = Unavailable desc = transport is closing
500	119	0	119	rpc error: code = Unavailable desc = transport is closing
500	117	0	117	rpc error: code = Unavailable desc = transport is closing
500	138	0	138	rpc error: code = Unavailable desc = transport is closing
500	152	0	152	rpc error: code = Unavailable desc = transport is closing
500	2892	0	2892	rpc error: code = Unavailable desc = transport is closing
500	150	0	150	rpc error: code = Unavailable desc = transport is closing
500	187	0	187	rpc error: code = Unavailable desc = transport is closing
500	148	0	148	rpc error: code = Unavailable desc = transport is closing
500	486	0	486	rpc error: code = Unavailable desc = transport is closing
500	612	0	612	rpc error: code = Unavailable desc = transport is closing
500	472	0	472	rpc error: code = Unavailable desc = transport is closing
500	510	52	562	<nil>
500	509	51	560	<nil>
500	655	0	655	rpc error: code = Unavailable desc = transport is closing
500	521	40	561	<nil>
500	618	0	618	rpc error: code = Unavailable desc = transport is closing
500	2759	0	2759	rpc error: code = Unavailable desc = transport is closing
500	509	52	561	<nil>
500	502	51	553	<nil>
500	520	40	560	<nil>
500	650	0	650	rpc error: code = Unavailable desc = transport is closing
500	615	0	615	rpc error: code = Unavailable desc = transport is closing
500	547	26	573	<nil>
500	488	55	543	<nil>
500	514	41	555	<nil>
500	5547	53	5600	<nil>
500	653	0	653	rpc error: code = Unavailable desc = transport is closing
500	654	0	654	rpc error: code = Unavailable desc = transport is closing
500	480	0	480	rpc error: code = Unavailable desc = transport is closing
500	468	0	468	rpc error: code = Unavailable desc = transport is closing
500	657	0	657	rpc error: code = Unavailable desc = transport is closing
500	654	0	654	rpc error: code = Unavailable desc = transport is closing
500	649	0	649	rpc error: code = Unavailable desc = transport is closing
500	629	0	629	rpc error: code = Unavailable desc = transport is closing
500	651	0	651	rpc error: code = Unavailable desc = transport is closing
500	524	41	565	<nil>
500	526	45	571	<nil>
500	522	49	571	<nil>
500	516	49	565	<nil>
500	524	41	565	<nil>
500	522	43	565	<nil>
500	516	50	566	<nil>
500	515	50	565	<nil>
500	655	0	655	rpc error: code = Unavailable desc = transport is closing
500	649	0	649	rpc error: code = Unavailable desc = transport is closing
500	657	0	657	rpc error: code = Unavailable desc = transport is closing
500	655	0	655	rpc error: code = Unavailable desc = transport is closing
500	647	0	647	rpc error: code = Unavailable desc = transport is closing
500	529	42	571	<nil>
500	629	0	629	rpc error: code = Unavailable desc = transport is closing
500	651	0	651	rpc error: code = Unavailable desc = transport is closing
500	2754	0	2754	rpc error: code = Unavailable desc = transport is closing
500	652	0	652	rpc error: code = Unavailable desc = transport is closing
500	564	9	573	<nil>
500	521	43	564	<nil>
500	651	0	651	rpc error: code = Unavailable desc = transport is closing
500	515	39	554	<nil>
500	619	0	619	rpc error: code = Unavailable desc = transport is closing
500	551	10	561	<nil>
500	566	9	575	<nil>
500	552	26	578	<nil>
500	546	26	572	<nil>
500	544	28	572	<nil>
500	564	8	572	<nil>
500	552	18	570	<nil>
500	520	46	566	<nil>
500	553	28	581	<nil>
500	562	11	573	<nil>
500	556	17	573	<nil>
500	565	11	576	<nil>
500	561	12	573	<nil>
500	562	11	573	<nil>
500	9700	9	9709	<nil>
500	562	10	572	<nil>
500	571	9	580	<nil>
500	564	10	574	<nil>
500	649	0	649	rpc error: code = Unavailable desc = transport is closing
500	562	11	573	<nil>
500	562	12	574	<nil>
500	531	49	580	<nil>
500	5369	14	5383	<nil>
500	564	13	577	<nil>
500	618	0	618	rpc error: code = Unavailable desc = transport is closing
500	551	13	564	<nil>
500	568	16	584	<nil>
500	551	15	566	<nil>
500	3452	15	3467	<nil>
500	557	21	578	<nil>
500	564	15	579	<nil>
500	564	74	638	<nil>
500	552	133	685	<nil>
500	561	153	714	<nil>
500	9459	153	9612	<nil>
500	618	0	618	rpc error: code = Unavailable desc = transport is closing
500	553	172	725	<nil>
500	568	176	744	<nil>
500	608	0	608	rpc error: code = Unavailable desc = transport is closing
500	610	0	610	rpc error: code = Unavailable desc = transport is closing
500	610	0	610	rpc error: code = Unavailable desc = transport is closing
500	563	187	750	<nil>
500	550	188	738	<nil>
500	607	0	607	rpc error: code = Unavailable desc = transport is closing
500	609	0	609	rpc error: code = Unavailable desc = transport is closing
500	622	0	622	rpc error: code = Unavailable desc = transport is closing
500	606	0	606	rpc error: code = Unavailable desc = transport is closing
500	605	0	605	rpc error: code = Unavailable desc = transport is closing
500	621	0	621	rpc error: code = Unavailable desc = transport is closing
500	609	0	609	rpc error: code = Unavailable desc = transport is closing
500	608	0	608	rpc error: code = Unavailable desc = transport is closing
500	575	0	575	rpc error: code = Unavailable desc = transport is closing
500	609	0	609	rpc error: code = Unavailable desc = transport is closing
500	548	191	739	<nil>
500	563	176	739	<nil>
500	590	163	753	<nil>
500	608	0	608	rpc error: code = Unavailable desc = transport is closing
500	557	187	744	<nil>
500	610	0	610	rpc error: code = Unavailable desc = transport is closing
500	608	0	608	rpc error: code = Unavailable desc = transport is closing
500	3177	187	3364	<nil>
500	465	169	634	<nil>
500	549	185	734	<nil>
500	557	176	733	<nil>
500	609	0	609	rpc error: code = Unavailable desc = transport is closing
500	562	186	748	<nil>
500	9567	188	9755	<nil>
500	562	188	750	<nil>
500	5132	175	5307	<nil>
500	1120	154	1274	<nil>
500	442	176	618	<nil>
500	620	0	620	rpc error: code = Unavailable desc = transport is closing
500	609	0	609	rpc error: code = Unavailable desc = transport is closing
500	605	0	605	rpc error: code = Unavailable desc = transport is closing
500	608	0	608	rpc error: code = Unavailable desc = transport is closing
500	141	64	205	<nil>
500	551	186	737	<nil>
500	171	23	194	<nil>
500	607	0	607	rpc error: code = Unavailable desc = transport is closing
500	555	185	740	<nil>
500	546	192	738	<nil>
500	71	179	250	<nil>
500	438	179	617	<nil>
500	568	175	743	<nil>
500	2432	180	2612	<nil>
500	69	182	251	<nil>
500	40702	178	40880	<nil>
500	579	163	742	<nil>
500	565	176	741	<nil>
500	153	36	189	<nil>
500	80	150	230	<nil>
500	86	143	229	<nil>
500	71	180	251	<nil>
500	577	176	753	<nil>
500	459	163	622	<nil>
500	153	40	193	<nil>
500	171	17	188	<nil>
500	75	176	251	<nil>
500	9884	176	10060	<nil>
500	567	176	743	<nil>
500	171	17	188	<nil>
500	562	173	735	<nil>
500	87	143	230	<nil>
500	592	148	740	<nil>
500	610	0	610	rpc error: code = Unavailable desc = transport is closing
500	169	19	188	<nil>
500	443	179	622	<nil>
500	1151	64	1215	<nil>
500	86	143	229	<nil>
500	79	150	229	<nil>
500	100	130	230	<nil>
500	86	144	230	<nil>
500	613	130	743	<nil>
500	2704	178	2882	<nil>
500	100	130	230	<nil>
500	88	142	230	<nil>
500	71	180	251	<nil>
500	605	0	605	rpc error: code = Unavailable desc = transport is closing
500	554	187	741	<nil>
500	171	37	208	<nil>
500	161	90	251	<nil>
500	1171	187	1358	<nil>
500	165	188	353	<nil>
500	172	187	359	<nil>
500	176	187	363	<nil>
500	171	191	362	<nil>
500	157	191	348	<nil>
500	175	187	362	<nil>
500	166	188	354	<nil>
500	169	190	359	<nil>
500	166	195	361	<nil>
500	165	195	360	<nil>
500	165	195	360	<nil>
500	165	195	360	<nil>
500	163	196	359	<nil>
500	183	180	363	<nil>
500	149	179	328	<nil>
500	194	168	362	<nil>
500	196	165	361	<nil>
500	196	166	362	<nil>
500	196	166	362	<nil>
500	182	179	361	<nil>
500	166	181	347	<nil>
500	195	3	198	<nil>
500	5581	166	5747	<nil>
500	2527	178	2705	<nil>
500	192	168	360	<nil>
500	209	153	362	<nil>
500	184	179	363	<nil>
500	210	153	363	<nil>
500	5860	145	6005	<nil>
500	215	168	383	<nil>
500	1179	11	1190	<nil>
500	196	15	211	<nil>
500	193	176	369	<nil>
500	194	177	371	<nil>
500	177	162	339	<nil>
500	181	188	369	<nil>
500	176	163	339	<nil>
500	192	178	370	<nil>
500	163	12	175	<nil>
500	168	12	180	<nil>
500	192	180	372	<nil>
500	167	15	182	<nil>
500	170	14	184	<nil>
500	181	189	370	<nil>
500	2563	179	2742	<nil>
500	193	177	370	<nil>
500	186	186	372	<nil>
500	182	191	373	<nil>
500	170	15	185	<nil>
500	192	180	372	<nil>
500	182	190	372	<nil>
500	193	179	372	<nil>
500	195	179	374	<nil>
500	199	176	375	<nil>
500	208	155	363	<nil>
500	5182	166	5348	<nil>
500	161	15	176	<nil>
500	181	20	201	<nil>
500	184	20	204	<nil>
500	616	0	616	rpc error: code = Unavailable desc = transport is closing
500	255	127	382	<nil>
500	567	0	567	rpc error: code = Unavailable desc = transport is closing
500	618	0	618	rpc error: code = Unavailable desc = transport is closing
500	184	20	204	<nil>
500	572	0	572	rpc error: code = Unavailable desc = transport is closing
500	2650	168	2818	<nil>
500	233	146	379	<nil>
500	212	167	379	<nil>
500	194	169	363	<nil>
500	617	0	617	rpc error: code = Unavailable desc = transport is closing
500	612	0	612	rpc error: code = Unavailable desc = transport is closing
500	236	145	381	<nil>
500	1178	10	1188	<nil>
500	247	132	379	<nil>
500	5952	17	5969	<nil>
500	199	5	204	<nil>
500	170	19	189	<nil>
500	165	20	185	<nil>
500	238	145	383	<nil>
500	235	145	380	<nil>
500	161	24	185	<nil>
500	70	167	237	<nil>
500	186	12	198	<nil>
500	174	11	185	<nil>
500	92	146	238	<nil>
500	184	20	204	<nil>
500	189	18	207	<nil>
500	189	31	220	<nil>
500	185	15	200	<nil>
500	188	11	199	<nil>
500	195	12	207	<nil>
500	198	7	205	<nil>
500	188	11	199	<nil>
500	188	13	201	<nil>
500	187	12	199	<nil>
500	235	146	381	<nil>
500	273	108	381	<nil>
500	616	0	616	rpc error: code = Unavailable desc = transport is closing
500	177	9	186	<nil>
500	176	10	186	<nil>
500	5350	144	5494	<nil>
500	2901	200	3101	<nil>
500	187	14	201	<nil>
500	179	203	382	<nil>
500	187	12	199	<nil>
500	2739	16	2755	<nil>
500	1178	14	1192	<nil>
500	206	177	383	<nil>
500	190	10	200	<nil>
500	194	169	363	<nil>
500	5993	14	6007	<nil>
500	187	12	199	<nil>
500	255	130	385	<nil>
500	186	13	199	<nil>
500	197	11	208	<nil>
500	197	167	364	<nil>
500	193	16	209	<nil>
500	195	15	210	<nil>
500	209	154	363	<nil>
500	193	16	209	<nil>
500	612	0	612	rpc error: code = Unavailable desc = transport is closing
500	194	13	207	<nil>
500	168	12	180	<nil>
500	163	11	174	<nil>
500	195	12	207	<nil>
500	167	14	181	<nil>
500	2835	13	2848	<nil>
500	16172	0	16172	rpc error: code = Unavailable desc = transport is closing
500	195	12	207	<nil>
500	167	13	180	<nil>
500	167	13	180	<nil>
500	183	187	370	<nil>
500	195	13	208	<nil>
500	199	13	212	<nil>
500	182	12	194	<nil>
500	181	13	194	<nil>
500	166	13	179	<nil>
500	168	13	181	<nil>
500	2998	14	3012	<nil>
500	166	13	179	<nil>
500	166	14	180	<nil>
500	162	13	175	<nil>
500	168	12	180	<nil>
500	168	12	180	<nil>
500	193	164	357	<nil>
500	168	13	181	<nil>
500	168	14	182	<nil>
500	168	190	358	<nil>
500	162	14	176	<nil>
500	196	177	373	<nil>
500	196	178	374	<nil>
500	617	0	617	rpc error: code = Unavailable desc = transport is closing
500	164	16	180	<nil>
500	107	144	251	<nil>
500	195	11	206	<nil>
500	165	22	187	<nil>
500	180	40	220	<nil>
500	162	25	187	<nil>
500	172	16	188	<nil>
500	161	27	188	<nil>
500	2372	27	2399	<nil>
500	163	29	192	<nil>
500	2734	18	2752	<nil>
500	189	10	199	<nil>
500	183	22	205	<nil>
500	1135	18	1153	<nil>
500	1135	20	1155	<nil>
500	172	21	193	<nil>
500	225	8	233	<nil>
500	2846	22	2868	<nil>
500	627	0	627	rpc error: code = Unavailable desc = transport is closing
500	255	0	255	rpc error: code = Unavailable desc = transport is closing
500	255	0	255	rpc error: code = Unavailable desc = transport is closing
500	619	0	619	rpc error: code = Unavailable desc = transport is closing
500	256	0	256	rpc error: code = Unavailable desc = transport is closing
500	256	0	256	rpc error: code = Unavailable desc = transport is closing
500	615	0	615	rpc error: code = Unavailable desc = transport is closing
500	567	0	567	rpc error: code = Unavailable desc = transport is closing
500	492	0	492	rpc error: code = Unavailable desc = transport is closing
500	571	0	571	rpc error: code = Unavailable desc = transport is closing
500	619	0	619	rpc error: code = Unavailable desc = transport is closing
500	621	0	621	rpc error: code = Unavailable desc = transport is closing
500	620	0	620	rpc error: code = Unavailable desc = transport is closing
500	619	0	619	rpc error: code = Unavailable desc = transport is closing
500	6113	0	6113	rpc error: code = Unavailable desc = transport is closing
500	619	0	619	rpc error: code = Unavailable desc = transport is closing
500	6034	0	6034	rpc error: code = Unavailable desc = transport is closing
500	616	0	616	rpc error: code = Unavailable desc = transport is closing
500	618	0	618	rpc error: code = Unavailable desc = transport is closing
500	358	0	358	rpc error: code = Unavailable desc = transport is closing
500	1436	0	1436	rpc error: code = Unavailable desc = transport is closing
500	353	0	353	rpc error: code = Unavailable desc = transport is closing
500	6033	0	6033	rpc error: code = Unavailable desc = transport is closing
500	351	0	351	rpc error: code = Unavailable desc = transport is closing
500	6032	0	6032	rpc error: code = Unavailable desc = transport is closing
500	6033	0	6033	rpc error: code = Unavailable desc = transport is closing
500	353	0	353	rpc error: code = Unavailable desc = transport is closing
500	357	0	357	rpc error: code = Unavailable desc = transport is closing
500	242	0	242	rpc error: code = Unavailable desc = transport is closing
500	617	0	617	rpc error: code = Unavailable desc = transport is closing
500	620	0	620	rpc error: code = Unavailable desc = transport is closing
500	617	0	617	rpc error: code = Unavailable desc = transport is closing
500	615	0	615	rpc error: code = Unavailable desc = transport is closing
500	621	0	621	rpc error: code = Unavailable desc = transport is closing
500	241	0	241	rpc error: code = Unavailable desc = transport is closing
500	630	0	630	rpc error: code = Unavailable desc = transport is closing
500	354	0	354	rpc error: code = Unavailable desc = transport is closing
500	655	0	655	rpc error: code = Unavailable desc = transport is closing
500	617	0	617	rpc error: code = Unavailable desc = transport is closing
500	2794	0	2794	rpc error: code = Unavailable desc = transport is closing
500	1541	0	1541	rpc error: code = Unavailable desc = transport is closing
500	609	0	609	rpc error: code = Unavailable desc = transport is closing
500	6037	0	6037	rpc error: code = Unavailable desc = transport is closing
500	6035	0	6035	rpc error: code = Unavailable desc = transport is closing
500	607	0	607	rpc error: code = Unavailable desc = transport is closing
500	622	0	622	rpc error: code = Unavailable desc = transport is closing
500	622	0	622	rpc error: code = Unavailable desc = transport is closing
500	618	0	618	rpc error: code = Unavailable desc = transport is closing
500	609	0	609	rpc error: code = Unavailable desc = transport is closing
500	607	0	607	rpc error: code = Unavailable desc = transport is closing
500	620	0	620	rpc error: code = Unavailable desc = transport is closing
500	604	0	604	rpc error: code = Unavailable desc = transport is closing
500	610	0	610	rpc error: code = Unavailable desc = transport is closing
500	3079	147	3226	<nil>
500	608	0	608	rpc error: code = Unavailable desc = transport is closing
500	301	140	441	<nil>
500	264	0	264	rpc error: code = Unavailable desc = transport is closing
500	301	146	447	<nil>
500	296	143	439	<nil>
500	265	0	265	rpc error: code = Unavailable desc = transport is closing
500	305	142	447	<nil>
500	282	147	429	<nil>
500	308	0	308	rpc error: code = Unavailable desc = transport is closing
500	299	147	446	<nil>
500	265	0	265	rpc error: code = Unavailable desc = transport is closing
500	282	0	282	rpc error: code = Unavailable desc = transport is closing
500	307	0	307	rpc error: code = Unavailable desc = transport is closing
500	307	0	307	rpc error: code = Unavailable desc = transport is closing
500	264	147	411	<nil>
500	273	147	420	<nil>
500	266	0	266	rpc error: code = Unavailable desc = transport is closing
500	247	147	394	<nil>
500	285	0	285	rpc error: code = Unavailable desc = transport is closing
500	265	0	265	rpc error: code = Unavailable desc = transport is closing
500	305	0	305	rpc error: code = Unavailable desc = transport is closing
500	302	0	302	rpc error: code = Unavailable desc = transport is closing
500	273	0	273	rpc error: code = Unavailable desc = transport is closing
500	278	0	278	rpc error: code = Unavailable desc = transport is closing
500	280	0	280	rpc error: code = Unavailable desc = transport is closing
500	301	0	301	rpc error: code = Unavailable desc = transport is closing
500	274	0	274	rpc error: code = Unavailable desc = transport is closing
500	290	0	290	rpc error: code = Unavailable desc = transport is closing
500	313	0	313	rpc error: code = Unavailable desc = transport is closing
500	297	0	297	rpc error: code = Unavailable desc = transport is closing
500	287	0	287	rpc error: code = Unavailable desc = transport is closing
500	4866	0	4866	rpc error: code = Unavailable desc = transport is closing
500	1233	0	1233	rpc error: code = Unavailable desc = transport is closing
500	290	0	290	rpc error: code = Unavailable desc = transport is closing
500	311	0	311	rpc error: code = Unavailable desc = transport is closing
500	3139	0	3139	rpc error: code = Unavailable desc = transport is closing
500	293	0	293	rpc error: code = Unavailable desc = transport is closing
500	307	0	307	rpc error: code = Unavailable desc = transport is closing
500	302	0	302	rpc error: code = Unavailable desc = transport is closing
500	377	89	466	<nil>
500	393	89	482	<nil>
500	379	93	472	<nil>
500	273	93	366	<nil>
500	380	89	469	<nil>
500	380	89	469	<nil>
500	377	92	469	<nil>
500	394	93	487	<nil>
500	383	92	475	<nil>
500	3137	90	3227	<nil>
500	379	94	473	<nil>
500	1358	92	1450	<nil>
500	379	94	473	<nil>
500	390	91	481	<nil>
500	1249	91	1340	<nil>
500	379	96	475	<nil>
500	382	98	480	<nil>
500	2852	91	2943	<nil>
500	382	95	477	<nil>
500	395	99	494	<nil>
500	388	90	478	<nil>
500	389	89	478	<nil>
500	236	93	329	<nil>
500	388	89	477	<nil>
500	381	96	477	<nil>
500	3141	91	3232	<nil>
500	379	98	477	<nil>
500	393	91	484	<nil>
500	232	96	328	<nil>
500	211	89	300	<nil>
500	382	96	478	<nil>
500	390	90	480	<nil>
500	393	93	486	<nil>
500	4941	89	5030	<nil>
500	385	93	478	<nil>
500	282	90	372	<nil>
500	3168	96	3264	<nil>
500	389	96	485	<nil>
500	379	98	477	<nil>
500	387	90	477	<nil>
500	387	90	477	<nil>
500	389	91	480	<nil>
500	238	89	327	<nil>
500	388	89	477	<nil>
500	1364	92	1456	<nil>
500	390	90	480	<nil>
500	387	91	478	<nil>
500	282	90	372	<nil>
500	291	89	380	<nil>
500	231	96	327	<nil>
500	206	95	301	<nil>
500	382	95	477	<nil>
500	385	92	477	<nil>
500	381	96	477	<nil>
500	394	84	478	<nil>
500	390	90	480	<nil>
500	292	90	382	<nil>
500	381	96	477	<nil>
500	4940	89	5029	<nil>
500	388	89	477	<nil>
500	285	97	382	<nil>
500	283	98	381	<nil>
500	230	96	326	<nil>
500	394	83	477	<nil>
500	388	89	477	<nil>
500	385	91	476	<nil>
500	385	92	477	<nil>
500	385	92	477	<nil>
500	4768	95	4863	<nil>
500	2984	97	3081	<nil>
500	389	89	478	<nil>
500	382	95	477	<nil>
500	16100	0	16100	rpc error: code = DeadlineExceeded desc = context deadline exceeded
500	6027	0	6027	rpc error: code = DeadlineExceeded desc = context deadline exceeded
500	6029	0	6029	rpc error: code = DeadlineExceeded desc = context deadline exceeded
500	6027	0	6027	rpc error: code = DeadlineExceeded desc = context deadline exceeded
500	1511	0	1511	rpc error: code = DeadlineExceeded desc = context deadline exceeded
500	1552	0	1552	rpc error: code = DeadlineExceeded desc = context deadline exceeded
500	347	0	347	rpc error: code = DeadlineExceeded desc = context deadline exceeded
500	6031	0	6031	rpc error: code = DeadlineExceeded desc = context deadline exceeded
500	1556	0	1556	rpc error: code = DeadlineExceeded desc = context deadline exceeded
500	1488	0	1488	rpc error: code = DeadlineExceeded desc = context deadline exceeded
500	6030	0	6030	rpc error: code = DeadlineExceeded desc = context deadline exceeded
500	374	0	374	rpc error: code = DeadlineExceeded desc = context deadline exceeded
500	1547	0	1547	rpc error: code = DeadlineExceeded desc = context deadline exceeded
500	6030	0	6030	rpc error: code = DeadlineExceeded desc = context deadline exceeded
500	6025	0	6025	rpc error: code = DeadlineExceeded desc = context deadline exceeded
500	4942	538	5480	<nil>
500	394	538	932	<nil>
520	351	0	351	rpc error: code = DeadlineExceeded desc = context deadline exceeded
520	6029	0	6029	rpc error: code = DeadlineExceeded desc = context deadline exceeded
520	1563	0	1563	rpc error: code = DeadlineExceeded desc = context deadline exceeded
520	369	0	369	rpc error: code = DeadlineExceeded desc = context deadline exceeded
520	394	556	950	<nil>
520	395	555	950	<nil>
520	360	0	360	rpc error: code = DeadlineExceeded desc = context deadline exceeded
520	6026	0	6026	rpc error: code = DeadlineExceeded desc = context deadline exceeded
520	6029	0	6029	rpc error: code = DeadlineExceeded desc = context deadline exceeded
520	332	0	332	rpc error: code = DeadlineExceeded desc = context deadline exceeded
520	256	0	256	rpc error: code = DeadlineExceeded desc = context deadline exceeded
520	6029	0	6029	rpc error: code = DeadlineExceeded desc = context deadline exceeded
520	395	558	953	<nil>
520	152	536	688	<nil>
520	166	515	681	<nil>
520	181	552	733	<nil>
520	4888	551	5439	<nil>
520	148	533	681	<nil>
520	160	539	699	<nil>
520	161	539	700	<nil>
520	148	539	687	<nil>
520	167	551	718	<nil>
520	166	552	718	<nil>
520	2917	552	3469	<nil>
520	162	534	696	<nil>
520	146	534	680	<nil>
520	395	631	1026	<nil>
520	396	630	1026	<nil>
520	395	631	1026	<nil>
520	183	594	777	<nil>
520	396	630	1026	<nil>
520	395	631	1026	<nil>
520	5018	565	5583	<nil>
520	3027	597	3624	<nil>
520	188	596	784	<nil>
520	177	676	853	<nil>
520	398	707	1105	<nil>
520	152	643	795	<nil>
520	156	647	803	<nil>
520	154	648	802	<nil>
520	169	635	804	<nil>
520	166	634	800	<nil>
520	165	638	803	<nil>
520	163	637	800	<nil>
520	113	628	741	<nil>
520	113	629	742	<nil>
520	177	628	805	<nil>
520	105	629	734	<nil>
520	4950	636	5586	<nil>
520	166	639	805	<nil>
520	173	629	802	<nil>
520	98	628	726	<nil>
520	2885	642	3527	<nil>
520	166	639	805	<nil>
520	177	628	805	<nil>
520	97	628	725	<nil>
520	168	636	804	<nil>
520	97	628	725	<nil>
520	105	629	734	<nil>
520	98	629	727	<nil>
520	168	638	806	<nil>
520	98	628	726	<nil>
520	165	639	804	<nil>
520	165	639	804	<nil>
520	167	637	804	<nil>
520	174	628	802	<nil>
520	98	628	726	<nil>
520	164	637	801	<nil>
520	4958	646	5604	<nil>
520	104	646	750	<nil>
520	104	646	750	<nil>
520	97	715	812	<nil>
520	98	720	818	<nil>
520	96	723	819	<nil>
520	97	733	830	<nil>
520	87	735	822	<nil>
520	96	736	832	<nil>
520	86	736	822	<nil>
520	5045	736	5781	<nil>
520	10786	738	11524	<nil>
520	86	738	824	<nil>
520	85	737	822	<nil>
520	87	737	824	<nil>
520	97	737	834	<nil>
520	87	738	825	<nil>
520	87	737	824	<nil>
520	87	737	824	<nil>
520	86	738	824	<nil>
520	87	737	824	<nil>
520	87	737	824	<nil>
520	551	234	785	<nil>
520	66	739	805	<nil>
520	3404	234	3638	<nil>
520	5007	738	5745	<nil>
520	87	739	826	<nil>
520	519	268	787	<nil>
520	60	739	799	<nil>
520	519	268	787	<nil>
520	747	101	848	<nil>
520	740	101	841	<nil>
520	729	102	831	<nil>
520	735	104	839	<nil>
520	5774	103	5877	<nil>
520	5763	104	5867	<nil>
520	736	104	840	<nil>
520	736	104	840	<nil>
520	740	104	844	<nil>
520	723	104	827	<nil>
520	737	104	841	<nil>
520	1732	104	1836	<nil>
520	315	0	315	rpc error: code = Unavailable desc = transport is closing
520	330	0	330	rpc error: code = Unavailable desc = transport is closing
520	310	0	310	rpc error: code = Unavailable desc = transport is closing
520	311	0	311	rpc error: code = Unavailable desc = transport is closing
520	3082	0	3082	rpc error: code = Unavailable desc = transport is closing
520	1734	137	1871	<nil>
520	352	0	352	rpc error: code = Unavailable desc = transport is closing
520	742	142	884	<nil>
520	304	0	304	rpc error: code = Unavailable desc = transport is closing
520	323	0	323	rpc error: code = Unavailable desc = transport is closing
520	318	0	318	rpc error: code = Unavailable desc = transport is closing
520	320	0	320	rpc error: code = Unavailable desc = transport is closing
520	318	0	318	rpc error: code = Unavailable desc = transport is closing
520	340	0	340	rpc error: code = Unavailable desc = transport is closing
520	349	0	349	rpc error: code = Unavailable desc = transport is closing
520	2915	0	2915	rpc error: code = Unavailable desc = transport is closing
520	323	0	323	rpc error: code = Unavailable desc = transport is closing
520	337	0	337	rpc error: code = Unavailable desc = transport is closing
520	349	0	349	rpc error: code = Unavailable desc = transport is closing
520	315	0	315	rpc error: code = Unavailable desc = transport is closing
520	327	0	327	rpc error: code = Unavailable desc = transport is closing
520	367	0	367	rpc error: code = Unavailable desc = transport is closing
520	315	0	315	rpc error: code = Unavailable desc = transport is closing
520	1732	137	1869	<nil>
520	743	141	884	<nil>
520	5732	141	5873	<nil>
520	5683	145	5828	<nil>
520	6293	141	6434	<nil>
520	314	0	314	rpc error: code = Unavailable desc = transport is closing
520	739	144	883	<nil>
520	275	144	419	<nil>
520	5767	141	5908	<nil>
520	738	163	901	<nil>
520	5596	163	5759	<nil>
520	264	165	429	<nil>
520	276	184	460	<nil>
520	264	164	428	<nil>
520	5768	164	5932	<nil>
520	279	183	462	<nil>
520	298	212	510	<nil>
520	774	192	966	<nil>
520	296	218	514	<nil>
520	755	215	970	<nil>
520	2833	210	3043	<nil>
520	317	197	514	<nil>
520	318	199	517	<nil>
520	295	199	494	<nil>
520	5798	199	5997	<nil>
520	313	199	512	<nil>
520	27016	210	27226	<nil>
520	313	198	511	<nil>
520	5639	196	5835	<nil>
520	353	159	512	<nil>
520	352	162	514	<nil>
520	300	211	511	<nil>
520	1446	198	1644	<nil>
520	317	200	517	<nil>
520	307	199	506	<nil>
520	751	219	970	<nil>
520	45246	196	45442	<nil>
520	314	198	512	<nil>
520	318	197	515	<nil>
520	1489	160	1649	<nil>
520	325	0	325	rpc error: code = Unavailable desc = transport is closing
520	355	162	517	<nil>
520	305	213	518	<nil>
520	1492	161	1653	<nil>
520	5756	163	5919	<nil>
520	313	198	511	<nil>
520	345	0	345	rpc error: code = Unavailable desc = transport is closing
520	340	0	340	rpc error: code = Unavailable desc = transport is closing
520	332	0	332	rpc error: code = Unavailable desc = transport is closing
520	382	0	382	rpc error: code = Unavailable desc = transport is closing
520	341	0	341	rpc error: code = Unavailable desc = transport is closing
520	358	174	532	<nil>
520	1290	0	1290	rpc error: code = Unavailable desc = transport is closing
520	319	0	319	rpc error: code = Unavailable desc = transport is closing
520	318	0	318	rpc error: code = Unavailable desc = transport is closing
520	325	0	325	rpc error: code = Unavailable desc = transport is closing
520	318	0	318	rpc error: code = Unavailable desc = transport is closing
520	1305	0	1305	rpc error: code = Unavailable desc = transport is closing
520	1309	172	1481	<nil>
520	365	173	538	<nil>
520	371	176	547	<nil>
520	3082	177	3259	<nil>
520	215	39	254	<nil>
520	318	0	318	rpc error: code = Unavailable desc = transport is closing
520	300	44	344	<nil>
520	1169	48	1217	<nil>
520	215	51	266	<nil>
520	215	51	266	<nil>
520	329	45	374	<nil>
520	332	0	332	rpc error: code = Unavailable desc = transport is closing
520	3162	0	3162	rpc error: code = Unavailable desc = transport is closing
520	339	0	339	rpc error: code = Unavailable desc = transport is closing
520	2635	25	2660	<nil>
520	325	49	374	<nil>
520	343	0	343	rpc error: code = Unavailable desc = transport is closing
520	326	0	326	rpc error: code = Unavailable desc = transport is closing
520	1237	0	1237	rpc error: code = Unavailable desc = transport is closing
520	1510	169	1679	<nil>
520	540	8	548	<nil>
520	340	0	340	rpc error: code = Unavailable desc = transport is closing
520	341	0	341	rpc error: code = Unavailable desc = transport is closing
520	376	170	546	<nil>
520	377	169	546	<nil>
520	26482	0	26482	rpc error: code = Unavailable desc = transport is closing
520	326	0	326	rpc error: code = Unavailable desc = transport is closing
520	327	0	327	rpc error: code = Unavailable desc = transport is closing
520	1304	0	1304	rpc error: code = Unavailable desc = transport is closing
520	325	0	325	rpc error: code = Unavailable desc = transport is closing
520	368	0	368	rpc error: code = Unavailable desc = transport is closing
520	373	173	546	<nil>
520	341	0	341	rpc error: code = Unavailable desc = transport is closing
520	5723	0	5723	rpc error: code = Unavailable desc = transport is closing
520	1309	171	1480	<nil>
520	125	140	265	<nil>
520	408	118	526	<nil>
520	374	170	544	<nil>
520	1313	0	1313	rpc error: code = Unavailable desc = transport is closing
520	1307	175	1482	<nil>
520	5961	9	5970	<nil>
520	1308	173	1481	<nil>
520	352	174	526	<nil>
520	1390	91	1481	<nil>
520	324	0	324	rpc error: code = Unavailable desc = transport is closing
520	345	117	462	<nil>
520	363	101	464	<nil>
520	365	100	465	<nil>
520	448	101	549	<nil>
520	364	100	464	<nil>
520	131	132	263	<nil>
520	371	170	541	<nil>
520	1719	173	1892	<nil>
520	1447	36	1483	<nil>
520	284	172	456	<nil>
520	404	123	527	<nil>
520	347	0	347	rpc error: code = Unavailable desc = transport is closing
520	144	8	152	<nil>
520	371	173	544	<nil>
520	1307	174	1481	<nil>
520	376	80	456	<nil>
520	491	36	527	<nil>
520	469	57	526	<nil>
520	353	173	526	<nil>
520	5928	106	6034	<nil>
520	318	0	318	rpc error: code = Unavailable desc = transport is closing
520	324	0	324	rpc error: code = Unavailable desc = transport is closing
520	374	175	549	<nil>
520	370	174	544	<nil>
520	2637	173	2810	<nil>
520	1380	103	1483	<nil>
520	1503	176	1679	<nil>
520	1309	176	1485	<nil>
520	1486	175	1661	<nil>
520	1719	177	1896	<nil>
520	1434	178	1612	<nil>
520	354	175	529	<nil>
520	5889	61	5950	<nil>
520	5821	177	5998	<nil>
520	186	74	260	<nil>
520	340	0	340	rpc error: code = Unavailable desc = transport is closing
520	492	38	530	<nil>
520	456	77	533	<nil>
520	491	40	531	<nil>
520	216	40	256	<nil>
520	215	39	254	<nil>
520	5995	40	6035	<nil>
520	218	41	259	<nil>
520	218	43	261	<nil>
520	493	42	535	<nil>
520	1497	170	1667	<nil>
520	214	42	256	<nil>
520	309	44	353	<nil>
520	314	44	358	<nil>
520	218	48	266	<nil>
520	218	48	266	<nil>
520	1194	48	1242	<nil>
520	196	48	244	<nil>
520	218	47	265	<nil>
520	1203	48	1251	<nil>
520	218	47	265	<nil>
520	199	48	247	<nil>
520	325	45	370	<nil>
520	217	48	265	<nil>
520	310	43	353	<nil>
520	5890	51	5941	<nil>
520	309	44	353	<nil>
520	215	51	266	<nil>
520	301	44	345	<nil>
520	368	164	532	<nil>
520	319	45	364	<nil>
520	354	178	532	<nil>
520	357	182	539	<nil>
520	371	163	534	<nil>
520	305	46	351	<nil>
520	323	0	323	rpc error: code = Unavailable desc = transport is closing
520	166	19	185	<nil>
520	392	0	392	rpc error: code = Unavailable desc = transport is closing
520	310	47	357	<nil>
520	6104	9	6113	<nil>
520	173	7	180	<nil>
520	379	9	388	<nil>
520	1494	8	1502	<nil>
520	1175	8	1183	<nil>
520	325	0	325	rpc error: code = Unavailable desc = transport is closing
520	3279	7	3286	<nil>
520	361	14	375	<nil>
520	539	9	548	<nil>
520	394	7	401	<nil>
520	383	5	388	<nil>
520	304	0	304	rpc error: code = Unavailable desc = transport is closing
520	306	48	354	<nil>
520	544	4	548	<nil>
520	347	0	347	rpc error: code = Unavailable desc = transport is closing
520	387	4	391	<nil>
520	406	7	413	<nil>
520	325	0	325	rpc error: code = Unavailable desc = transport is closing
520	354	17	371	<nil>
520	375	171	546	<nil>
520	138	11	149	<nil>
520	408	119	527	<nil>
520	133	11	144	<nil>
520	171	16	187	<nil>
520	3209	13	3222	<nil>
520	366	15	381	<nil>
520	352	14	366	<nil>
520	344	13	357	<nil>
520	173	12	185	<nil>
520	5922	45	5967	<nil>
520	374	14	388	<nil>
520	366	17	383	<nil>
520	360	17	377	<nil>
520	349	18	367	<nil>
520	6046	16	6062	<nil>
520	174	16	190	<nil>
520	140	15	155	<nil>
520	134	16	150	<nil>
520	3269	16	3285	<nil>
520	135	15	150	<nil>
520	157	18	175	<nil>
520	133	18	151	<nil>
520	5582	19	5601	<nil>
520	145	17	162	<nil>
520	135	18	153	<nil>
520	115	19	134	<nil>
520	3230	19	3249	<nil>
520	87	19	106	<nil>
520	3169	21	3190	<nil>
520	1498	20	1518	<nil>
520	1500	19	1519	<nil>
520	6046	19	6065	<nil>
520	179	18	197	<nil>
520	146	8	154	<nil>
520	481	20	501	<nil>
520	286	3	289	<nil>
520	3546	27	3573	<nil>
520	421	19	440	<nil>
520	420	19	439	<nil>
520	1398	28	1426	<nil>
520	420	28	448	<nil>
520	1790	16	1806	<nil>
520	9077	16	9093	<nil>
520	419	21	440	<nil>
520	411	29	440	<nil>
520	1471	15	1486	<nil>
520	426	22	448	<nil>
520	393	28	421	<nil>
520	370	18	388	<nil>
520	471	16	487	<nil>
520	401	20	421	<nil>
520	424	18	442	<nil>
520	346	18	364	<nil>
520	420	29	449	<nil>
520	345	18	363	<nil>
520	343	18	361	<nil>
520	295	18	313	<nil>
520	342	20	362	<nil>
520	322	18	340	<nil>
520	291	18	309	<nil>
520	284	13	297	<nil>
520	345	18	363	<nil>
520	300	21	321	<nil>
520	3462	28	3490	<nil>
520	320	21	341	<nil>
520	418	35	453	<nil>
520	435	29	464	<nil>
520	1789	28	1817	<nil>
520	315	13	328	<nil>
520	424	28	452	<nil>
520	291	20	311	<nil>
520	424	29	453	<nil>
520	424	29	453	<nil>
520	292	20	312	<nil>
520	356	22	378	<nil>
520	425	29	454	<nil>
520	473	28	501	<nil>
520	323	24	347	<nil>
520	342	21	363	<nil>
520	1369	18	1387	<nil>
520	296	18	314	<nil>
520	364	18	382	<nil>
520	469	26	495	<nil>
520	347	18	365	<nil>
520	477	28	505	<nil>
520	341	26	367	<nil>
520	296	19	315	<nil>
520	470	32	502	<nil>
520	287	25	312	<nil>
520	353	27	380	<nil>
520	341	26	367	<nil>
520	290	27	317	<nil>
520	289	27	316	<nil>
520	347	19	366	<nil>
520	412	46	458	<nil>
520	6341	33	6374	<nil>
520	348	23	371	<nil>
520	1399	37	1436	<nil>
520	6176	34	6210	<nil>
520	297	97	394	<nil>
520	296	106	402	<nil>
520	354	711	1065	<nil>
520	331	713	1044	<nil>
520	348	714	1062	<nil>
520	296	715	1011	<nil>
520	296	714	1010	<nil>
520	298	714	1012	<nil>
520	302	717	1019	<nil>
520	297	718	1015	<nil>
520	291	718	1009	<nil>
520	298	717	1015	<nil>
520	347	718	1065	<nil>
520	310	718	1028	<nil>
520	299	718	1017	<nil>
520	320	718	1038	<nil>
520	339	685	1024	<nil>
520	317	714	1031	<nil>
520	296	718	1014	<nil>
520	350	704	1054	<nil>
520	301	726	1027	<nil>
520	312	715	1027	<nil>
520	369	719	1088	<nil>
520	307	722	1029	<nil>
520	308	722	1030	<nil>
520	366	725	1091	<nil>
520	359	731	1090	<nil>
520	309	738	1047	<nil>
520	338	731	1069	<nil>
520	365	740	1105	<nil>
520	310	738	1048	<nil>
520	5993	739	6732	<nil>
520	360	731	1091	<nil>
520	358	742	1100	<nil>
520	304	742	1046	<nil>
520	359	740	1099	<nil>
520	3172	713	3885	<nil>
520	371	734	1105	<nil>
520	361	716	1077	<nil>
520	307	745	1052	<nil>
520	307	740	1047	<nil>
520	306	743	1049	<nil>
520	304	743	1047	<nil>
520	307	739	1046	<nil>
520	308	742	1050	<nil>
520	296	746	1042	<nil>
520	4979	713	5692	<nil>
520	4715	743	5458	<nil>
520	310	742	1052	<nil>
520	311	739	1050	<nil>
520	305	742	1047	<nil>
520	304	744	1048	<nil>
520	106	688	794	<nil>
520	104	689	793	<nil>
520	1010	94	1104	<nil>
520	1062	94	1156	<nil>
520	1032	108	1140	<nil>
520	1009	108	1117	<nil>
520	1046	78	1124	<nil>
520	1021	99	1120	<nil>
520	1029	91	1120	<nil>
520	1030	91	1121	<nil>
520	1063	89	1152	<nil>
520	1040	81	1121	<nil>
520	1055	80	1135	<nil>
520	1095	90	1185	<nil>
520	1081	99	1180	<nil>
520	2089	100	2189	<nil>
520	1013	103	1116	<nil>
520	1040	91	1131	<nil>
520	1030	101	1131	<nil>
520	1050	101	1151	<nil>
520	1025	102	1127	<nil>
520	1089	102	1191	<nil>
520	1040	91	1131	<nil>
520	1030	100	1130	<nil>
520	1101	82	1183	<nil>
520	1047	82	1129	<nil>
520	1046	81	1127	<nil>
520	1044	84	1128	<nil>
520	1047	82	1129	<nil>
520	1044	85	1129	<nil>
520	1092	91	1183	<nil>
520	1050	82	1132	<nil>
520	3714	84	3798	<nil>
520	1030	103	1133	<nil>
520	1046	84	1130	<nil>
520	1040	92	1132	<nil>
520	1102	87	1189	<nil>
520	1046	84	1130	<nil>
520	3811	84	3895	<nil>
520	1046	100	1146	<nil>
520	1036	115	1151	<nil>
520	1043	109	1152	<nil>
520	1106	126	1232	<nil>
520	1051	144	1195	<nil>
520	1106	144	1250	<nil>
520	1051	145	1196	<nil>
520	3718	146	3864	<nil>
520	1047	150	1197	<nil>
520	1050	164	1214	<nil>
520	1049	169	1218	<nil>
520	1049	171	1220	<nil>
520	1051	170	1221	<nil>
520	1054	166	1220	<nil>
520	1052	165	1217	<nil>
520	1051	167	1218	<nil>
520	1049	166	1215	<nil>
520	1048	172	1220	<nil>
520	1050	168	1218	<nil>
520	1053	168	1221	<nil>
520	1053	167	1220	<nil>
520	1053	166	1219	<nil>
520	1047	170	1217	<nil>
520	1082	134	1216	<nil>
520	1050	169	1219	<nil>
520	1086	135	1221	<nil>
520	1048	172	1220	<nil>
520	1053	167	1220	<nil>
520	1054	168	1222	<nil>
520	1050	169	1219	<nil>
520	1050	170	1220	<nil>
520	1108	168	1276	<nil>
520	1052	168	1220	<nil>
520	1049	168	1217	<nil>
520	1084	136	1220	<nil>
520	1053	166	1219	<nil>
520	777	135	912	<nil>
520	1052	174	1226	<nil>
520	1086	135	1221	<nil>
520	775	138	913	<nil>
520	778	138	916	<nil>
520	776	137	913	<nil>
520	780	138	918	<nil>
520	1084	137	1221	<nil>
520	781	137	918	<nil>
520	778	138	916	<nil>
520	1096	125	1221	<nil>
520	774	138	912	<nil>
520	1052	167	1219	<nil>
520	1086	137	1223	<nil>
520	780	137	917	<nil>
520	780	137	917	<nil>
520	775	137	912	<nil>
520	1086	136	1222	<nil>
520	776	136	912	<nil>
520	768	137	905	<nil>
520	785	142	927	<nil>
520	1111	125	1236	<nil>
520	1112	124	1236	<nil>
520	1088	151	1239	<nil>
520	1112	123	1235	<nil>
520	110	123	233	<nil>
520	1110	125	1235	<nil>
520	107	125	232	<nil>
520	1094	142	1236	<nil>
520	785	142	927	<nil>
520	785	147	932	<nil>
520	1092	147	1239	<nil>
520	790	142	932	<nil>
520	784	142	926	<nil>
520	786	148	934	<nil>
520	66467	143	66610	<nil>
520	1113	143	1256	<nil>
520	94	143	237	<nil>
520	91	213	304	<nil>
520	89	213	302	<nil>
520	1115	258	1373	<nil>
520	68	265	333	<nil>
520	5458	198	5656	<nil>
520	97	197	294	<nil>
520	1209	183	1392	<nil>
520	1207	185	1392	<nil>
520	77	200	277	<nil>
520	79	206	285	<nil>
520	223	162	385	<nil>
520	928	170	1098	<nil>
520	227	159	386	<nil>
520	195	177	372	<nil>
520	79	213	292	<nil>
520	1212	182	1394	<nil>
520	82	202	284	<nil>
520	97	206	303	<nil>
520	1213	181	1394	<nil>
520	213	158	371	<nil>
520	1210	184	1394	<nil>
520	103	188	291	<nil>
520	223	163	386	<nil>
520	1202	186	1388	<nil>
520	77	200	277	<nil>
520	77	206	283	<nil>
520	1212	182	1394	<nil>
520	79	202	281	<nil>
520	104	169	273	<nil>
520	106	168	274	<nil>
520	924	169	1093	<nil>
520	190	165	355	<nil>
520	189	168	357	<nil>
520	1225	168	1393	<nil>
520	925	169	1094	<nil>
520	197	169	366	<nil>
520	209	169	378	<nil>
520	929	168	1097	<nil>
520	109	164	273	<nil>
520	105	169	274	<nil>
520	207	168	375	<nil>
520	107	168	275	<nil>
520	205	166	371	<nil>
520	108	165	273	<nil>
520	78	201	279	<nil>
520	90	188	278	<nil>
520	184	188	372	<nil>
520	2944	189	3133	<nil>
520	85	189	274	<nil>
520	183	190	373	<nil>
520	90	189	279	<nil>
520	183	189	372	<nil>
520	205	169	374	<nil>
520	183	190	373	<nil>
520	186	189	375	<nil>
520	184	189	373	<nil>
520	189	186	375	<nil>
520	1213	181	1394	<nil>
520	87	180	267	<nil>
520	89	192	281	<nil>
520	57	196	253	<nil>
520	185	196	381	<nil>
520	188	192	380	<nil>
520	188	213	401	<nil>
520	206	197	403	<nil>
520	183	218	401	<nil>
520	185	217	402	<nil>
520	183	339	522	<nil>
520	184	338	522	<nil>
520	875	301	1176	<nil>
520	226	302	528	<nil>
520	851	331	1182	<nil>
520	5634	311	5945	<nil>
520	198	168	366	<nil>
520	156	207	363	<nil>
520	268	198	466	<nil>
520	301	159	460	<nil>
520	170	198	368	<nil>
520	3287	306	3593	<nil>
520	219	161	380	<nil>
520	204	175	379	<nil>
520	170	202	372	<nil>
520	273	204	477	<nil>
520	153	231	384	<nil>
520	269	199	468	<nil>
520	93	306	399	<nil>
520	220	160	380	<nil>
520	295	159	454	<nil>
520	275	181	456	<nil>
520	280	181	461	<nil>
520	275	192	467	<nil>
520	169	202	371	<nil>
520	290	181	471	<nil>
520	198	191	389	<nil>
520	3343	190	3533	<nil>
520	204	184	388	<nil>
520	2955	168	3123	<nil>
520	293	192	485	<nil>
520	202	187	389	<nil>
520	291	191	482	<nil>
520	279	192	471	<nil>
520	295	168	463	<nil>
520	198	190	388	<nil>
520	302	170	472	<nil>
520	199	190	389	<nil>
520	273	190	463	<nil>
520	197	234	431	<nil>
520	205	226	431	<nil>
520	198	229	427	<nil>
520	227	204	431	<nil>
520	179	266	445	<nil>
520	227	235	462	<nil>
520	228	256	484	<nil>
520	178	273	451	<nil>
520	2955	241	3196	<nil>
520	249	234	483	<nil>
520	231	256	487	<nil>
520	225	267	492	<nil>
520	205	277	482	<nil>
520	219	277	496	<nil>
520	195	304	499	<nil>
520	198	302	500	<nil>
520	195	302	497	<nil>
520	198	301	499	<nil>
520	143	293	436	<nil>
520	198	301	499	<nil>
520	181	366	547	<nil>
520	3345	365	3710	<nil>
520	205	361	566	<nil>
520	182	368	550	<nil>
520	5965	366	6331	<nil>
520	198	367	565	<nil>
520	221	344	565	<nil>
520	154	365	519	<nil>
520	173	229	402	<nil>
520	44	393	437	<nil>
520	167	234	401	<nil>
520	179	253	432	<nil>
520	184	235	419	<nil>
520	250	168	418	<nil>
520	80	353	433	<nil>
520	395	191	586	<nil>
520	232	183	415	<nil>
520	6270	194	6464	<nil>
520	185	235	420	<nil>
520	415	186	601	<nil>
520	222	201	423	<nil>
520	388	198	586	<nil>
520	389	207	596	<nil>
520	403	207	610	<nil>
520	415	195	610	<nil>
520	386	209	595	<nil>
520	378	273	651	<nil>
520	390	261	651	<nil>
520	366	269	635	<nil>
520	378	239	617	<nil>
520	353	265	618	<nil>
520	278	271	549	<nil>
520	365	280	645	<nil>
520	400	257	657	<nil>
520	379	306	685	<nil>
520	370	296	666	<nil>
520	386	299	685	<nil>
520	379	287	666	<nil>
520	377	309	686	<nil>
520	335	303	638	<nil>
520	386	302	688	<nil>
520	361	298	659	<nil>
520	359	319	678	<nil>
520	348	298	646	<nil>
520	384	313	697	<nil>
520	349	320	669	<nil>
520	359	345	704	<nil>
520	359	354	713	<nil>
520	337	345	682	<nil>
520	278	319	597	<nil>
520	195	350	545	<nil>
520	1638	337	1975	<nil>
520	1664	313	1977	<nil>
520	221	324	545	<nil>
520	197	347	544	<nil>
520	1641	337	1978	<nil>
520	1634	336	1970	<nil>
520	4314	313	4627	<nil>
520	207	338	545	<nil>
520	1641	337	1978	<nil>
520	207	337	544	<nil>
520	1640	347	1987	<nil>
520	1637	354	1991	<nil>
520	208	353	561	<nil>
520	1620	364	1984	<nil>
520	1665	339	2004	<nil>
520	205	367	572	<nil>
520	189	363	552	<nil>
520	214	364	578	<nil>
520	1637	364	2001	<nil>
520	206	365	571	<nil>
520	2833	592	3425	<nil>
520	136	592	728	<nil>
520	117	591	708	<nil>
520	109	592	701	<nil>
520	133	590	723	<nil>
520	67	660	727	<nil>
520	63	662	725	<nil>
520	249	379	628	<nil>
520	1497	507	2004	<nil>
520	9473	389	9862	<nil>
520	274	423	697	<nil>
520	374	336	710	<nil>
520	206	508	714	<nil>
520	9246	389	9635	<nil>
520	403	498	901	<nil>
520	278	432	710	<nil>
520	100	505	605	<nil>
520	1504	506	2010	<nil>
520	1479	539	2018	<nil>
520	221	382	603	<nil>
520	357	538	895	<nil>
520	374	336	710	<nil>
520	240	398	638	<nil>
520	400	494	894	<nil>
520	198	337	535	<nil>
520	1483	539	2022	<nil>
520	374	337	711	<nil>
520	403	492	895	<nil>
520	26033	379	26412	<nil>
520	398	498	896	<nil>
520	357	538	895	<nil>
520	425	469	894	<nil>
520	205	507	712	<nil>
520	431	469	900	<nil>
520	1481	509	1990	<nil>
520	201	506	707	<nil>
520	102	506	608	<nil>
520	1472	512	1984	<nil>
520	406	491	897	<nil>
520	1474	542	2016	<nil>
520	1511	507	2018	<nil>
520	122	439	561	<nil>
520	317	439	756	<nil>
520	1507	510	2017	<nil>
520	28	328	356	<nil>
520	29	329	358	<nil>
520	1497	521	2018	<nil>
520	1510	514	2024	<nil>
520	396	514	910	<nil>
520	274	444	718	<nil>
520	232	390	622	<nil>
520	2576	327	2903	<nil>
520	375	346	721	<nil>
520	1505	515	2020	<nil>
520	387	512	899	<nil>
520	278	438	716	<nil>
520	2552	368	2920	<nil>
520	375	353	728	<nil>
520	5167	355	5522	<nil>
520	1503	514	2017	<nil>
520	396	504	900	<nil>
520	226	390	616	<nil>
520	409	502	911	<nil>
520	1505	515	2020	<nil>
520	1488	536	2024	<nil>
520	2913	24	2937	<nil>
520	388	511	899	<nil>
520	30	328	358	<nil>
520	1497	529	2026	<nil>
520	147	622	769	<nil>
520	355	551	906	<nil>
520	387	522	909	<nil>
520	212	413	625	<nil>
520	263	647	910	<nil>
520	105	621	726	<nil>
520	370	353	723	<nil>
520	386	524	910	<nil>
520	1476	554	2030	<nil>
520	387	524	911	<nil>
520	370	354	724	<nil>
520	89	611	700	<nil>
520	334	31	365	<nil>
520	105	620	725	<nil>
520	329	34	363	<nil>
520	295	408	703	<nil>
520	401	512	913	<nil>
520	373	355	728	<nil>
520	373	355	728	<nil>
520	332	33	365	<nil>
520	68	437	505	<nil>
520	2568	356	2924	<nil>
520	186	375	561	<nil>
520	232	358	590	<nil>
520	335	32	367	<nil>
520	323	32	355	<nil>
520	375	355	730	<nil>
520	188	373	561	<nil>
520	347	20	367	<nil>
520	68	344	412	<nil>
520	276	456	732	<nil>
520	222	357	579	<nil>
520	2566	358	2924	<nil>
520	2512	412	2924	<nil>
520	136	528	664	<nil>
520	510	17	527	<nil>
520	513	17	530	<nil>
520	2910	18	2928	<nil>
520	351	26	377	<nil>
520	351	26	377	<nil>
520	348	27	375	<nil>
520	10905	19	10924	<nil>
520	508	18	526	<nil>
520	515	18	533	<nil>
520	544	20	564	<nil>
520	2913	19	2932	<nil>
520	543	20	563	<nil>
520	351	26	377	<nil>
520	545	19	564	<nil>
520	2902	27	2929	<nil>
520	351	26	377	<nil>
520	546	18	564	<nil>
520	545	23	568	<nil>
520	517	24	541	<nil>
520	510	25	535	<nil>
520	5376	24	5400	<nil>
520	6085	24	6109	<nil>
520	2580	327	2907	<nil>
520	461	215	676	<nil>
520	637	230	867	<nil>
520	720	230	950	<nil>
520	484	231	715	<nil>
520	675	230	905	<nil>
520	2916	231	3147	<nil>
520	926	232	1158	<nil>
520	928	235	1163	<nil>
520	727	148	875	<nil>
520	927	235	1162	<nil>
520	868	238	1106	<nil>
520	928	235	1163	<nil>
520	915	234	1149	<nil>
520	1013	150	1163	<nil>
520	571	150	721	<nil>
520	1032	137	1169	<nil>
520	737	137	874	<nil>
520	727	149	876	<nil>
520	855	235	1090	<nil>
520	754	236	990	<nil>
520	584	137	721	<nil>
520	1011	151	1162	<nil>
520	1014	149	1163	<nil>
520	1014	148	1162	<nil>
520	928	234	1162	<nil>
520	927	235	1162	<nil>
520	3035	137	3172	<nil>
520	1011	151	1162	<nil>
520	759	149	908	<nil>
520	3572	150	3722	<nil>
520	1012	151	1163	<nil>
520	928	235	1163	<nil>
520	554	148	702	<nil>
520	935	234	1169	<nil>
520	928	234	1162	<nil>
520	1013	150	1163	<nil>
520	878	235	1113	<nil>
520	2830	174	3004	<nil>
520	356	283	639	<nil>
520	741	270	1011	<nil>
520	3023	198	3221	<nil>
520	3020	169	3189	<nil>
520	737	285	1022	<nil>
520	2819	173	2992	<nil>
520	518	173	691	<nil>
520	496	176	672	<nil>
520	741	261	1002	<nil>
520	517	188	705	<nil>
520	825	188	1013	<nil>
520	2857	271	3128	<nil>
520	408	276	684	<nil>
520	432	273	705	<nil>
520	823	174	997	<nil>
520	433	284	717	<nil>
520	830	199	1029	<nil>
520	2908	198	3106	<nil>
520	354	284	638	<nil>
520	484	167	651	<nil>
520	132	200	332	<nil>
520	355	286	641	<nil>
520	485	198	683	<nil>
520	2590	51	2641	<nil>
520	2938	168	3106	<nil>
520	2589	57	2646	<nil>
520	2592	57	2649	<nil>
520	2596	57	2653	<nil>
520	2596	57	2653	<nil>
520	133	199	332	<nil>
520	357	285	642	<nil>
520	2822	302	3124	<nil>
520	437	309	746	<nil>
520	2596	76	2672	<nil>
520	2596	110	2706	<nil>
520	2584	112	2696	<nil>
520	131	260	391	<nil>
520	2595	131	2726	<nil>
520	145	298	443	<nil>
520	2726	99	2825	<nil>
520	2644	169	2813	<nil>
520	2695	118	2813	<nil>
520	2653	171	2824	<nil>
520	2645	179	2824	<nil>
520	2651	169	2820	<nil>
520	2648	173	2821	<nil>
520	2642	189	2831	<nil>
520	2647	172	2819	<nil>
520	2643	194	2837	<nil>
520	2644	197	2841	<nil>
520	2701	151	2852	<nil>
520	2637	209	2846	<nil>
520	2645	207	2852	<nil>
520	2649	204	2853	<nil>
520	2649	204	2853	<nil>
520	2646	208	2854	<nil>
520	2646	195	2841	<nil>
520	2643	215	2858	<nil>
520	2638	219	2857	<nil>
520	2649	211	2860	<nil>
520	2701	199	2900	<nil>
520	2647	253	2900	<nil>
520	2700	199	2899	<nil>
520	2643	263	2906	<nil>
520	5504	234	5738	<nil>
520	2633	263	2896	<nil>
520	2635	263	2898	<nil>
520	5932	258	6190	<nil>
520	2649	258	2907	<nil>
520	2648	259	2907	<nil>
520	2633	267	2900	<nil>
520	323	260	583	<nil>
520	337	269	606	<nil>
520	315	298	613	<nil>
520	376	238	614	<nil>
520	323	292	615	<nil>
520	325	289	614	<nil>
520	317	297	614	<nil>
520	322	295	617	<nil>
520	326	282	608	<nil>
520	322	299	621	<nil>
520	316	307	623	<nil>
520	323	300	623	<nil>
520	307	305	612	<nil>
520	342	247	589	<nil>
520	377	247	624	<nil>
520	315	308	623	<nil>
520	321	302	623	<nil>
520	358	310	668	<nil>
520	3206	346	3552	<nil>
520	323	350	673	<nil>
520	320	348	668	<nil>
520	304	359	663	<nil>
520	312	351	663	<nil>
520	372	298	670	<nil>
520	321	352	673	<nil>
520	311	356	667	<nil>
520	306	361	667	<nil>
520	395	278	673	<nil>
520	316	358	674	<nil>
520	3248	333	3581	<nil>
520	312	368	680	<nil>
520	314	349	663	<nil>
520	292	377	669	<nil>
520	201	400	601	<nil>
520	321	405	726	<nil>
520	348	347	695	<nil>
520	182	292	474	<nil>
520	2334	386	2720	<nil>
520	2400	320	2720	<nil>
520	2437	283	2720	<nil>
520	2400	319	2719	<nil>
520	2427	297	2724	<nil>
520	2474	252	2726	<nil>
520	2370	362	2732	<nil>
520	2430	298	2728	<nil>
520	2476	283	2759	<nil>
520	2427	355	2782	<nil>
520	2461	317	2778	<nil>
520	412	370	782	<nil>
520	2414	359	2773	<nil>
520	198	323	521	<nil>
520	94	433	527	<nil>
520	453	327	780	<nil>
520	14588	335	14923	<nil>
520	372	414	786	<nil>
520	324	439	763	<nil>
520	467	341	808	<nil>
520	357	448	805	<nil>
520	359	448	807	<nil>
520	3318	394	3712	<nil>
520	444	347	791	<nil>
520	487	342	829	<nil>
520	462	368	830	<nil>
520	149	417	566	<nil>
520	438	403	841	<nil>
520	463	368	831	<nil>
520	219	347	566	<nil>
520	8774	453	9227	<nil>
520	227	339	566	<nil>
520	165	401	566	<nil>
520	3322	321	3643	<nil>
520	3067	371	3438	<nil>
520	169	405	574	<nil>
520	468	361	829	<nil>
520	577	289	866	<nil>
520	546	289	835	<nil>
520	1504	315	1819	<nil>
520	3431	341	3772	<nil>
520	243	340	583	<nil>
520	3111	341	3452	<nil>
520	207	357	564	<nil>
520	26210	354	26564	<nil>
520	237	330	567	<nil>
520	199	370	569	<nil>
520	5975	384	6359	<nil>
520	28358	332	28690	<nil>
520	200	386	586	<nil>
520	441	336	777	<nil>
520	167	397	564	<nil>
520	115	342	457	<nil>
520	250	340	590	<nil>
520	265	339	604	<nil>
520	438	339	777	<nil>
520	439	340	779	<nil>
520	255	337	592	<nil>
520	1134	342	1476	<nil>
520	256	339	595	<nil>
520	253	339	592	<nil>
520	255	339	594	<nil>
520	579	351	930	<nil>
520	254	339	593	<nil>
520	580	355	935	<nil>
520	52	358	410	<nil>
520	260	369	629	<nil>
520	260	652	912	<nil>
520	5580	652	6232	<nil>
520	273	620	893	<nil>
520	292	622	914	<nil>
520	299	617	916	<nil>
520	296	621	917	<nil>
520	299	617	916	<nil>
520	307	609	916	<nil>
520	342	575	917	<nil>
520	546	569	1115	<nil>
520	275	621	896	<nil>
520	346	574	920	<nil>
520	538	569	1107	<nil>
520	535	569	1104	<nil>
520	1266	531	1797	<nil>
520	3376	568	3944	<nil>
520	343	575	918	<nil>
520	301	595	896	<nil>
520	325	539	864	<nil>
520	536	570	1106	<nil>
520	537	570	1107	<nil>
520	707	535	1242	<nil>
520	290	575	865	<nil>
520	85	577	662	<nil>
520	345	574	919	<nil>
520	544	567	1111	<nil>
520	348	570	918	<nil>
520	342	577	919	<nil>
520	404	516	920	<nil>
520	92	574	666	<nil>
520	703	540	1243	<nil>
520	650	463	1113	<nil>
520	60	446	506	<nil>
520	795	449	1244	<nil>
520	833	415	1248	<nil>
520	1197	449	1646	<nil>
520	185	482	667	<nil>
520	658	466	1124	<nil>
520	813	415	1228	<nil>
520	404	520	924	<nil>
520	441	482	923	<nil>
520	408	514	922	<nil>
520	1066	518	1584	<nil>
520	401	520	921	<nil>
520	656	465	1121	<nil>
520	169	495	664	<nil>
520	59	517	576	<nil>
520	10091	520	10611	<nil>
520	24	438	462	<nil>
520	407	521	928	<nil>
520	212	449	661	<nil>
520	772	440	1212	<nil>
520	211	519	730	<nil>
520	656	465	1121	<nil>
520	648	466	1114	<nil>
520	473	450	923	<nil>
520	68	394	462	<nil>
520	403	519	922	<nil>
520	25	439	464	<nil>
520	397	527	924	<nil>
520	693	521	1214	<nil>
520	403	521	924	<nil>
520	59	413	472	<nil>
520	809	420	1229	<nil>
520	597	403	1000	<nil>
520	421	515	936	<nil>
520	26549	403	26952	<nil>
520	544	404	948	<nil>
520	522	404	926	<nil>
520	10074	403	10477	<nil>
520	525	403	928	<nil>
520	544	402	946	<nil>
520	73	403	476	<nil>
520	63	341	404	<nil>
520	548	404	952	<nil>
520	1371	406	1777	<nil>
520	567	382	949	<nil>
520	197	382	579	<nil>
520	76	365	441	<nil>
520	4772	339	5111	<nil>
520	86	382	468	<nil>
520	56	356	412	<nil>
520	9804	382	10186	<nil>
520	766	371	1137	<nil>
520	61	380	441	<nil>
520	758	379	1137	<nil>
520	762	379	1141	<nil>
520	9131	366	9497	<nil>
520	587	364	951	<nil>
520	94	383	477	<nil>
520	768	372	1140	<nil>
520	52	370	422	<nil>
520	9111	386	9497	<nil>
520	40	339	379	<nil>
520	6462	361	6823	<nil>
520	475	485	960	<nil>
520	1481	486	1967	<nil>
520	475	485	960	<nil>
520	468	487	955	<nil>
520	3441	492	3933	<nil>
520	10860	497	11357	<nil>
520	1481	494	1975	<nil>
520	1487	498	1985	<nil>
520	1481	494	1975	<nil>
520	475	493	968	<nil>
520	432	497	929	<nil>
520	9264	500	9764	<nil>
520	674	493	1167	<nil>
520	473	497	970	<nil>
520	789	0	789	rpc error: code = Unavailable desc = transport is closing
520	889	0	889	rpc error: code = Unavailable desc = transport is closing
520	1814	0	1814	rpc error: code = Unavailable desc = transport is closing
520	891	0	891	rpc error: code = Unavailable desc = transport is closing
520	667	0	667	rpc error: code = Unavailable desc = transport is closing
520	646	0	646	rpc error: code = Unavailable desc = transport is closing
520	10875	0	10875	rpc error: code = Unavailable desc = transport is closing
520	667	0	667	rpc error: code = Unavailable desc = transport is closing
520	9863	0	9863	rpc error: code = Unavailable desc = transport is closing
520	560	0	560	rpc error: code = Unavailable desc = transport is closing
520	1788	0	1788	rpc error: code = Unavailable desc = transport is closing
520	1155	0	1155	rpc error: code = Unavailable desc = transport is closing
520	895	0	895	rpc error: code = Unavailable desc = transport is closing
520	1129	0	1129	rpc error: code = Unavailable desc = transport is closing
520	667	0	667	rpc error: code = Unavailable desc = transport is closing
520	646	0	646	rpc error: code = Unavailable desc = transport is closing
520	658	0	658	rpc error: code = Unavailable desc = transport is closing
520	772	0	772	rpc error: code = Unavailable desc = transport is closing
520	779	0	779	rpc error: code = Unavailable desc = transport is closing
520	1144	0	1144	rpc error: code = Unavailable desc = transport is closing
520	895	0	895	rpc error: code = Unavailable desc = transport is closing
520	1790	0	1790	rpc error: code = Unavailable desc = transport is closing
520	895	0	895	rpc error: code = Unavailable desc = transport is closing
520	791	0	791	rpc error: code = Unavailable desc = transport is closing
520	781	0	781	rpc error: code = Unavailable desc = transport is closing
520	791	0	791	rpc error: code = Unavailable desc = transport is closing
520	786	0	786	rpc error: code = Unavailable desc = transport is closing
520	1140	0	1140	rpc error: code = Unavailable desc = transport is closing
520	890	0	890	rpc error: code = Unavailable desc = transport is closing
520	783	0	783	rpc error: code = Unavailable desc = transport is closing
520	1115	0	1115	rpc error: code = Unavailable desc = transport is closing
520	539	0	539	rpc error: code = Unavailable desc = transport is closing
520	1514	0	1514	rpc error: code = Unavailable desc = transport is closing
520	9738	0	9738	rpc error: code = Unavailable desc = transport is closing
520	1789	0	1789	rpc error: code = Unavailable desc = transport is closing
520	9882	0	9882	rpc error: code = Unavailable desc = transport is closing
520	625	0	625	rpc error: code = Unavailable desc = transport is closing
520	559	0	559	rpc error: code = Unavailable desc = transport is closing
520	662	0	662	rpc error: code = Unavailable desc = transport is closing
520	906	0	906	rpc error: code = Unavailable desc = transport is closing
520	1206	0	1206	rpc error: code = Unavailable desc = transport is closing
520	559	0	559	rpc error: code = Unavailable desc = transport is closing
520	676	0	676	rpc error: code = Unavailable desc = transport is closing
520	1151	0	1151	rpc error: code = Unavailable desc = transport is closing
520	660	0	660	rpc error: code = Unavailable desc = transport is closing
520	9532	0	9532	rpc error: code = Unavailable desc = transport is closing
520	1129	0	1129	rpc error: code = Unavailable desc = transport is closing
520	787	0	787	rpc error: code = Unavailable desc = transport is closing
520	1870	0	1870	rpc error: code = Unavailable desc = transport is closing
520	791	0	791	rpc error: code = Unavailable desc = transport is closing
520	772	0	772	rpc error: code = Unavailable desc = transport is closing
520	599	48	647	<nil>
520	1194	0	1194	rpc error: code = Unavailable desc = transport is closing
520	538	0	538	rpc error: code = Unavailable desc = transport is closing
520	645	0	645	rpc error: code = Unavailable desc = transport is closing
520	538	0	538	rpc error: code = Unavailable desc = transport is closing
520	875	0	875	rpc error: code = Unavailable desc = transport is closing
520	553	0	553	rpc error: code = Unavailable desc = transport is closing
520	555	0	555	rpc error: code = Unavailable desc = transport is closing
520	778	0	778	rpc error: code = Unavailable desc = transport is closing
520	561	0	561	rpc error: code = Unavailable desc = transport is closing
520	540	0	540	rpc error: code = Unavailable desc = transport is closing
520	1910	0	1910	rpc error: code = Unavailable desc = transport is closing
520	767	0	767	rpc error: code = Unavailable desc = transport is closing
520	540	0	540	rpc error: code = Unavailable desc = transport is closing
520	898	0	898	rpc error: code = Unavailable desc = transport is closing
520	540	0	540	rpc error: code = Unavailable desc = transport is closing
520	649	0	649	rpc error: code = Unavailable desc = transport is closing
520	553	0	553	rpc error: code = Unavailable desc = transport is closing
520	651	0	651	rpc error: code = Unavailable desc = transport is closing
520	27192	0	27192	rpc error: code = Unavailable desc = transport is closing
520	9901	0	9901	rpc error: code = Unavailable desc = transport is closing
520	1114	0	1114	rpc error: code = Unavailable desc = transport is closing
520	562	0	562	rpc error: code = Unavailable desc = transport is closing
520	624	0	624	rpc error: code = Unavailable desc = transport is closing
520	899	0	899	rpc error: code = Unavailable desc = transport is closing
520	871	0	871	rpc error: code = Unavailable desc = transport is closing
520	1097	0	1097	rpc error: code = Unavailable desc = transport is closing
520	645	0	645	rpc error: code = Unavailable desc = transport is closing
520	570	0	570	rpc error: code = Unavailable desc = transport is closing
520	651	0	651	rpc error: code = Unavailable desc = transport is closing
520	900	0	900	rpc error: code = Unavailable desc = transport is closing
520	645	0	645	rpc error: code = Unavailable desc = transport is closing
520	658	0	658	rpc error: code = Unavailable desc = transport is closing
520	904	0	904	rpc error: code = Unavailable desc = transport is closing
520	640	0	640	rpc error: code = Unavailable desc = transport is closing
520	1893	0	1893	rpc error: code = Unavailable desc = transport is closing
520	787	0	787	rpc error: code = Unavailable desc = transport is closing
520	650	0	650	rpc error: code = Unavailable desc = transport is closing
520	783	0	783	rpc error: code = Unavailable desc = transport is closing
520	649	0	649	rpc error: code = Unavailable desc = transport is closing
520	618	0	618	rpc error: code = Unavailable desc = transport is closing
520	736	0	736	rpc error: code = Unavailable desc = transport is closing
520	633	0	633	rpc error: code = Unavailable desc = transport is closing
520	786	0	786	rpc error: code = Unavailable desc = transport is closing
520	622	0	622	rpc error: code = Unavailable desc = transport is closing
520	620	0	620	rpc error: code = Unavailable desc = transport is closing
520	9868	0	9868	rpc error: code = Unavailable desc = transport is closing
520	886	0	886	rpc error: code = Unavailable desc = transport is closing
520	895	0	895	rpc error: code = Unavailable desc = transport is closing
520	346	48	394	<nil>
520	344	48	392	<nil>
520	348	43	391	<nil>
520	326	50	376	<nil>
520	351	48	399	<nil>
520	330	46	376	<nil>
520	328	48	376	<nil>
520	329	49	378	<nil>
520	348	72	420	<nil>
520	329	48	377	<nil>
520	328	48	376	<nil>
520	329	45	374	<nil>
520	305	46	351	<nil>
520	333	43	376	<nil>
520	327	50	377	<nil>
520	329	48	377	<nil>
520	350	48	398	<nil>
520	2890	61	2951	<nil>
520	325	48	373	<nil>
520	10515	78	10593	<nil>
520	356	82	438	<nil>
520	348	107	455	<nil>
520	348	186	534	<nil>
520	348	60	408	<nil>
520	309	240	549	<nil>
520	327	314	641	<nil>
520	325	319	644	<nil>
520	350	319	669	<nil>
520	350	324	674	<nil>
520	332	322	654	<nil>
520	319	322	641	<nil>
520	327	318	645	<nil>
520	328	318	646	<nil>
520	337	332	669	<nil>
520	323	319	642	<nil>
520	352	324	676	<nil>
520	348	320	668	<nil>
520	348	322	670	<nil>
520	282	318	600	<nil>
520	2906	335	3241	<nil>
520	327	318	645	<nil>
520	328	317	645	<nil>
520	327	320	647	<nil>
520	317	319	636	<nil>
520	9870	324	10194	<nil>
520	15734	380	16114	<nil>
520	328	405	733	<nil>
520	27446	419	27865	<nil>
520	9828	423	10251	<nil>
520	9992	426	10418	<nil>
520	338	425	763	<nil>
520	9957	428	10385	<nil>
520	362	427	789	<nil>
520	362	428	790	<nil>
520	342	428	770	<nil>
520	361	428	789	<nil>
520	331	429	760	<nil>
520	287	431	718	<nil>
520	2784	479	3263	<nil>
520	2884	485	3369	<nil>
520	341	485	826	<nil>
520	149	456	605	<nil>
520	146	455	601	<nil>
520	351	488	839	<nil>
520	145	465	610	<nil>
520	142	478	620	<nil>
520	275	488	763	<nil>
520	331	488	819	<nil>
520	321	205	526	<nil>
520	172	362	534	<nil>
520	356	488	844	<nil>
520	5678	463	6141	<nil>
520	163	456	619	<nil>
520	276	487	763	<nil>
520	337	496	833	<nil>
520	146	462	608	<nil>
520	360	488	848	<nil>
520	9909	497	10406	<nil>
520	331	497	828	<nil>
520	2889	497	3386	<nil>
520	147	479	626	<nil>
520	146	490	636	<nil>
520	142	494	636	<nil>
520	1126	465	1591	<nil>
520	165	502	667	<nil>
520	326	205	531	<nil>
520	327	207	534	<nil>
520	39	495	534	<nil>
520	199	328	527	<nil>
520	95	438	533	<nil>
520	164	504	668	<nil>
520	174	359	533	<nil>
520	15931	344	16275	<nil>
520	331	487	818	<nil>
520	355	488	843	<nil>
520	298	211	509	<nil>
520	2477	509	2986	<nil>
520	365	171	536	<nil>
520	380	175	555	<nil>
520	368	181	549	<nil>
520	1352	187	1539	<nil>
520	365	171	536	<nil>
520	381	174	555	<nil>
520	383	155	538	<nil>
520	1388	158	1546	<nil>
520	1371	174	1545	<nil>
520	360	154	514	<nil>
520	361	153	514	<nil>
520	401	160	561	<nil>
520	10415	187	10602	<nil>
520	369	192	561	<nil>
520	423	1090	1513	<nil>
520	372	1131	1503	<nil>
520	414	1093	1507	<nil>
520	399	1098	1497	<nil>
520	416	1089	1505	<nil>
520	396	1101	1497	<nil>
520	416	1099	1515	<nil>
520	435	1093	1528	<nil>
520	456	1099	1555	<nil>
520	399	1099	1498	<nil>
520	406	1100	1506	<nil>
520	471	1083	1554	<nil>
520	370	1132	1502	<nil>
520	415	1086	1501	<nil>
520	454	1104	1558	<nil>
520	395	1101	1496	<nil>
520	421	1097	1518	<nil>
520	421	1098	1519	<nil>
520	421	1097	1518	<nil>
520	416	1103	1519	<nil>
520	443	1080	1523	<nil>
520	364	1168	1532	<nil>
520	512	1073	1585	<nil>
520	10337	1086	11423	<nil>
520	420	1163	1583	<nil>
520	5872	1180	7052	<nil>
520	459	1077	1536	<nil>
520	370	1180	1550	<nil>
520	370	1182	1552	<nil>
520	467	1095	1562	<nil>
520	466	1093	1559	<nil>
520	471	1097	1568	<nil>
520	473	1096	1569	<nil>
520	1455	1091	2546	<nil>
520	534	1091	1625	<nil>
520	467	1097	1564	<nil>
520	481	1107	1588	<nil>
520	469	1113	1582	<nil>
520	551	1098	1649	<nil>
520	6204	1099	7303	<nil>
520	488	1105	1593	<nil>
520	9630	1078	10708	<nil>
520	570	1080	1650	<nil>
520	465	1092	1557	<nil>
520	549	1087	1636	<nil>
520	570	1082	1652	<nil>
520	1491	1080	2571	<nil>
520	401	1083	1484	<nil>
520	274	1058	1332	<nil>
520	1562	1084	2646	<nil>
520	3335	1082	4417	<nil>
520	562	1091	1653	<nil>
520	608	1046	1654	<nil>
520	634	1028	1662	<nil>
520	1524	1059	2583	<nil>
520	571	1082	1653	<nil>
520	6026	1081	7107	<nil>
520	321	1031	1352	<nil>
520	562	1091	1653	<nil>
520	5091	1081	6172	<nil>
520	550	1091	1641	<nil>
520	5093	1076	6169	<nil>
520	506	1092	1598	<nil>
520	595	1058	1653	<nil>
520	1422	1082	2504	<nil>
520	306	1026	1332	<nil>
520	6250	1057	7307	<nil>
520	569	1084	1653	<nil>
520	466	1097	1563	<nil>
520	596	1058	1654	<nil>
520	506	1092	1598	<nil>
520	500	1097	1597	<nil>
520	556	1099	1655	<nil>
520	563	1092	1655	<nil>
520	392	1042	1434	<nil>
520	556	1097	1653	<nil>
520	8869	1081	9950	<nil>
520	499	1099	1598	<nil>
520	1413	1092	2505	<nil>
520	514	1084	1598	<nil>
520	555	1100	1655	<nil>
520	1566	1082	2648	<nil>
520	570	1084	1654	<nil>
520	571	1084	1655	<nil>
520	562	1092	1654	<nil>
520	320	1029	1349	<nil>
520	285	1045	1330	<nil>
520	1427	1070	2497	<nil>
520	1585	1059	2644	<nil>
520	570	1083	1653	<nil>
520	1162	251	1413	<nil>
520	6040	240	6280	<nil>
520	5979	243	6222	<nil>
520	1210	247	1457	<nil>
520	1208	250	1458	<nil>
520	1136	236	1372	<nil>
520	1143	236	1379	<nil>
520	5946	245	6191	<nil>
520	1079	232	1311	<nil>
520	1107	236	1343	<nil>
520	1107	237	1344	<nil>
520	1139	231	1370	<nil>
520	3663	238	3901	<nil>
520	3598	237	3835	<nil>
520	1079	232	1311	<nil>
520	1134	236	1370	<nil>
520	1215	249	1464	<nil>
520	1248	224	1472	<nil>
520	1120	225	1345	<nil>
520	6086	227	6313	<nil>
520	1096	226	1322	<nil>
520	5928	264	6192	<nil>
520	1120	253	1373	<nil>
520	6123	249	6372	<nil>
520	1144	233	1377	<nil>
520	5253	232	5485	<nil>
520	5252	233	5485	<nil>
520	5272	232	5504	<nil>
520	5249	235	5484	<nil>
520	5276	232	5508	<nil>
520	5276	232	5508	<nil>
520	1150	232	1382	<nil>
520	5249	234	5483	<nil>
520	5266	233	5499	<nil>
520	1152	274	1426	<nil>
520	1140	265	1405	<nil>
520	1132	262	1394	<nil>
520	5862	260	6122	<nil>
520	1123	262	1385	<nil>
520	1418	0	1418	rpc error: code = Unavailable desc = transport is closing
520	1242	189	1431	<nil>
520	1416	0	1416	rpc error: code = Unavailable desc = transport is closing
520	1243	187	1430	<nil>
520	1241	0	1241	rpc error: code = Unavailable desc = transport is closing
520	4181	0	4181	rpc error: code = Unavailable desc = transport is closing
520	1249	185	1434	<nil>
520	1247	186	1433	<nil>
520	1242	191	1433	<nil>
520	1217	183	1400	<nil>
520	1241	198	1439	<nil>
520	1247	189	1436	<nil>
520	1425	0	1425	rpc error: code = Unavailable desc = transport is closing
520	570	0	570	rpc error: code = Unavailable desc = transport is closing
520	1424	0	1424	rpc error: code = Unavailable desc = transport is closing
520	1460	0	1460	rpc error: code = Unavailable desc = transport is closing
520	1427	0	1427	rpc error: code = Unavailable desc = transport is closing
520	1244	189	1433	<nil>
520	1241	0	1241	rpc error: code = Unavailable desc = transport is closing
520	277	137	414	<nil>
520	6367	153	6520	<nil>
520	5984	192	6176	<nil>
520	1260	179	1439	<nil>
520	1253	171	1424	<nil>
520	1241	197	1438	<nil>
520	11790	192	11982	<nil>
520	1248	172	1420	<nil>
520	332	0	332	rpc error: code = Unavailable desc = transport is closing
520	1232	182	1414	<nil>
520	1242	0	1242	rpc error: code = Unavailable desc = transport is closing
520	1248	193	1441	<nil>
520	1239	190	1429	<nil>
520	3897	198	4095	<nil>
520	6091	197	6288	<nil>
520	2771	0	2771	rpc error: code = Unavailable desc = transport is closing
520	292	0	292	rpc error: code = Unavailable desc = transport is closing
520	341	0	341	rpc error: code = Unavailable desc = transport is closing
520	334	0	334	rpc error: code = Unavailable desc = transport is closing
520	1430	0	1430	rpc error: code = Unavailable desc = transport is closing
520	398	0	398	rpc error: code = Unavailable desc = transport is closing
520	354	0	354	rpc error: code = Unavailable desc = transport is closing
520	1179	0	1179	rpc error: code = Unavailable desc = transport is closing
520	274	0	274	rpc error: code = Unavailable desc = transport is closing
520	333	0	333	rpc error: code = Unavailable desc = transport is closing
520	1416	0	1416	rpc error: code = Unavailable desc = transport is closing
520	329	0	329	rpc error: code = Unavailable desc = transport is closing
520	1415	0	1415	rpc error: code = Unavailable desc = transport is closing
520	1231	190	1421	<nil>
520	1276	0	1276	rpc error: code = Unavailable desc = transport is closing
520	1156	0	1156	rpc error: code = Unavailable desc = transport is closing
520	1239	187	1426	<nil>
520	1454	0	1454	rpc error: code = Unavailable desc = transport is closing
520	296	0	296	rpc error: code = Unavailable desc = transport is closing
520	3276	191	3467	<nil>
520	1248	185	1433	<nil>
520	1242	203	1445	<nil>
520	1248	189	1437	<nil>
520	6162	144	6306	<nil>
520	1283	142	1425	<nil>
520	570	0	570	rpc error: code = Unavailable desc = transport is closing
520	1353	0	1353	rpc error: code = Unavailable desc = transport is closing
520	1247	193	1440	<nil>
520	6285	194	6479	<nil>
520	6282	140	6422	<nil>
520	6367	139	6506	<nil>
520	1524	139	1663	<nil>
520	1250	138	1388	<nil>
520	1525	139	1664	<nil>
520	1543	138	1681	<nil>
520	298	138	436	<nil>
520	6343	143	6486	<nil>
520	1527	139	1666	<nil>
520	3288	179	3467	<nil>
520	1486	179	1665	<nil>
520	3786	183	3969	<nil>
520	6365	143	6508	<nil>
520	1250	201	1451	<nil>
520	1311	141	1452	<nil>
520	1267	180	1447	<nil>
520	3228	0	3228	rpc error: code = Unavailable desc = transport is closing
520	15739	0	15739	rpc error: code = Unavailable desc = transport is closing
520	1310	148	1458	<nil>
520	1310	149	1459	<nil>
520	1209	0	1209	rpc error: code = Unavailable desc = transport is closing
520	320	0	320	rpc error: code = Unavailable desc = transport is closing
520	2435	0	2435	rpc error: code = Unavailable desc = transport is closing
520	277	130	407	<nil>
520	1550	144	1694	<nil>
520	17595	151	17746	<nil>
520	1848	150	1998	<nil>
520	6348	151	6499	<nil>
520	1542	153	1695	<nil>
520	1543	152	1695	<nil>
520	514	0	514	rpc error: code = Unavailable desc = transport is closing
520	266	138	404	<nil>
520	5887	144	6031	<nil>
520	1285	140	1425	<nil>
520	1809	179	1988	<nil>
520	1248	192	1440	<nil>
520	1417	0	1417	rpc error: code = Unavailable desc = transport is closing
520	2191	151	2342	<nil>
520	6347	152	6499	<nil>
520	8769	194	8963	<nil>
520	252	155	407	<nil>
520	9950	134	10084	<nil>
520	253	155	408	<nil>
520	257	156	413	<nil>
520	310	0	310	rpc error: code = Unavailable desc = transport is closing
520	1469	0	1469	rpc error: code = Unavailable desc = transport is closing
520	408	0	408	rpc error: code = Unavailable desc = transport is closing
520	435	0	435	rpc error: code = Unavailable desc = transport is closing
520	251	156	407	<nil>
520	278	162	440	<nil>
520	274	113	387	<nil>
520	14444	112	14556	<nil>
520	252	156	408	<nil>
520	287	82	369	<nil>
520	296	112	408	<nil>
520	279	108	387	<nil>
520	257	157	414	<nil>
520	289	80	369	<nil>
520	278	162	440	<nil>
520	394	0	394	rpc error: code = Unavailable desc = transport is closing
520	289	87	376	<nil>
520	352	0	352	rpc error: code = Unavailable desc = transport is closing
520	293	218	511	<nil>
520	296	216	512	<nil>
520	294	216	510	<nil>
520	293	217	510	<nil>
520	292	291	583	<nil>
520	310	318	628	<nil>
520	298	317	615	<nil>
520	314	317	631	<nil>
520	541	0	541	rpc error: code = Unavailable desc = transport is closing
520	294	350	644	<nil>
520	324	0	324	rpc error: code = Unavailable desc = transport is closing
520	330	317	647	<nil>
520	335	314	649	<nil>
520	337	314	651	<nil>
520	1454	0	1454	rpc error: code = Unavailable desc = transport is closing
520	336	314	650	<nil>
520	345	307	652	<nil>
520	631	0	631	rpc error: code = Unavailable desc = transport is closing
520	417	0	417	rpc error: code = Unavailable desc = transport is closing
520	330	328	658	<nil>
520	354	343	697	<nil>
520	334	315	649	<nil>
520	170	319	489	<nil>
520	1377	0	1377	rpc error: code = Unavailable desc = transport is closing
520	444	0	444	rpc error: code = Unavailable desc = transport is closing
520	15733	0	15733	rpc error: code = Unavailable desc = transport is closing
520	330	335	665	<nil>
520	335	333	668	<nil>
520	341	327	668	<nil>
520	329	339	668	<nil>
520	324	333	657	<nil>
520	332	336	668	<nil>
520	343	326	669	<nil>
520	336	348	684	<nil>
520	449	0	449	rpc error: code = Unavailable desc = transport is closing
520	355	0	355	rpc error: code = Unavailable desc = transport is closing
520	337	21	358	<nil>
520	329	328	657	<nil>
520	338	317	655	<nil>
520	325	332	657	<nil>
520	234	312	546	<nil>
520	240	314	554	<nil>
520	275	280	555	<nil>
520	241	309	550	<nil>
520	328	327	655	<nil>
520	222	311	533	<nil>
520	235	311	546	<nil>
520	247	302	549	<nil>
520	240	306	546	<nil>
520	332	346	678	<nil>
520	234	311	545	<nil>
520	294	359	653	<nil>
520	225	336	561	<nil>
520	368	15	383	<nil>
520	4945	318	5263	<nil>
520	330	348	678	<nil>
520	3103	348	3451	<nil>
520	342	316	658	<nil>
520	1391	0	1391	rpc error: code = Unavailable desc = transport is closing
520	324	354	678	<nil>
520	241	318	559	<nil>
520	333	346	679	<nil>
520	322	355	677	<nil>
520	323	355	678	<nil>
520	277	279	556	<nil>
520	332	349	681	<nil>
520	332	322	654	<nil>
520	238	317	555	<nil>
520	324	359	683	<nil>
520	254	303	557	<nil>
520	256	301	557	<nil>
520	158	324	482	<nil>
520	17780	329	18109	<nil>
520	338	42	380	<nil>
520	2905	136	3041	<nil>
520	339	343	682	<nil>
520	328	354	682	<nil>
520	161	321	482	<nil>
520	293	0	293	rpc error: code = Unavailable desc = transport is closing
520	371	0	371	rpc error: code = Unavailable desc = transport is closing
520	171	311	482	<nil>
520	3118	330	3448	<nil>
520	195	302	497	<nil>
520	291	0	291	rpc error: code = Unavailable desc = transport is closing
520	161	325	486	<nil>
520	332	0	332	rpc error: code = Unavailable desc = transport is closing
520	276	269	545	<nil>
520	119	325	444	<nil>
520	154	334	488	<nil>
520	125	323	448	<nil>
520	170	324	494	<nil>
520	341	335	676	<nil>
520	131	315	446	<nil>
520	184	304	488	<nil>
520	3071	332	3403	<nil>
520	118	326	444	<nil>
520	313	63	376	<nil>
520	357	0	357	rpc error: code = Unavailable desc = transport is closing
520	1375	0	1375	rpc error: code = Unavailable desc = transport is closing
520	1380	0	1380	rpc error: code = Unavailable desc = transport is closing
520	138	312	450	<nil>
520	165	332	497	<nil>
520	404	0	404	rpc error: code = Unavailable desc = transport is closing
520	1391	0	1391	rpc error: code = Unavailable desc = transport is closing
520	167	334	501	<nil>
520	311	61	372	<nil>
520	490	0	490	rpc error: code = Unavailable desc = transport is closing
520	1381	0	1381	rpc error: code = Unavailable desc = transport is closing
520	311	61	372	<nil>
520	284	66	350	<nil>
520	310	62	372	<nil>
520	345	19	364	<nil>
520	331	18	349	<nil>
520	355	33	388	<nil>
520	338	32	370	<nil>
520	328	69	397	<nil>
520	329	27	356	<nil>
520	246	310	556	<nil>
520	363	8	371	<nil>
520	332	48	380	<nil>
520	5298	32	5330	<nil>
520	368	6	374	<nil>
520	236	330	566	<nil>
520	308	0	308	rpc error: code = Unavailable desc = transport is closing
520	347	15	362	<nil>
520	379	9	388	<nil>
520	362	22	384	<nil>
520	294	108	402	<nil>
520	367	301	668	<nil>
520	358	21	379	<nil>
520	386	3	389	<nil>
520	258	154	412	<nil>
520	388	4	392	<nil>
520	375	5	380	<nil>
520	9187	19	9206	<nil>
520	356	17	373	<nil>
520	340	48	388	<nil>
520	312	63	375	<nil>
520	354	41	395	<nil>
520	371	9	380	<nil>
520	336	59	395	<nil>
520	250	153	403	<nil>
520	337	56	393	<nil>
520	333	58	391	<nil>
520	116	345	461	<nil>
520	385	12	397	<nil>
520	355	49	404	<nil>
520	340	16	356	<nil>
520	331	67	398	<nil>
520	388	15	403	<nil>
520	340	17	357	<nil>
520	349	55	404	<nil>
520	343	54	397	<nil>
520	335	11	346	<nil>
520	375	29	404	<nil>
520	348	50	398	<nil>
520	333	55	388	<nil>
520	371	34	405	<nil>
520	374	14	388	<nil>
520	25717	12	25729	<nil>
520	334	16	350	<nil>
520	393	15	408	<nil>
520	353	58	411	<nil>
520	346	63	409	<nil>
520	370	40	410	<nil>
520	337	30	367	<nil>
520	348	54	402	<nil>
520	360	49	409	<nil>
520	338	31	369	<nil>
520	362	58	420	<nil>
520	346	24	370	<nil>
520	401	34	435	<nil>
520	393	21	414	<nil>
520	361	49	410	<nil>
520	368	45	413	<nil>
520	342	44	386	<nil>
520	344	49	393	<nil>
520	328	74	402	<nil>
520	10693	46	10739	<nil>
520	348	47	395	<nil>
520	336	55	391	<nil>
520	349	60	409	<nil>
520	283	105	388	<nil>
520	385	25	410	<nil>
520	323	55	378	<nil>
520	356	33	389	<nil>
520	351	52	403	<nil>
520	269	136	405	<nil>
520	376	15	391	<nil>
520	370	47	417	<nil>
520	350	32	382	<nil>
520	364	8	372	<nil>
520	327	72	399	<nil>
520	358	48	406	<nil>
520	343	50	393	<nil>
520	342	26	368	<nil>
520	356	53	409	<nil>
520	346	63	409	<nil>
520	343	55	398	<nil>
520	357	49	406	<nil>
520	366	52	418	<nil>
520	349	21	370	<nil>
520	335	21	356	<nil>
520	352	21	373	<nil>
520	355	53	408	<nil>
520	389	19	408	<nil>
520	401	19	420	<nil>
520	347	49	396	<nil>
520	374	27	401	<nil>
520	393	26	419	<nil>
520	343	52	395	<nil>
520	378	43	421	<nil>
520	345	51	396	<nil>
520	27208	52	27260	<nil>
520	345	52	397	<nil>
520	367	30	397	<nil>
520	344	53	397	<nil>
520	363	42	405	<nil>
520	365	33	398	<nil>
520	397	26	423	<nil>
520	198	37	235	<nil>
520	5311	47	5358	<nil>
520	351	55	406	<nil>
520	370	56	426	<nil>
520	350	57	407	<nil>
520	370	57	427	<nil>
520	358	51	409	<nil>
520	201	39	240	<nil>
520	344	58	402	<nil>
520	202	38	240	<nil>
520	358	52	410	<nil>
520	357	53	410	<nil>
520	205	60	265	<nil>
520	170	21	191	<nil>
520	151	53	204	<nil>
520	169	19	188	<nil>
520	130	17	147	<nil>
520	3096	54	3150	<nil>
520	137	15	152	<nil>
520	94	57	151	<nil>
520	100	54	154	<nil>
520	244	302	546	<nil>
520	131	29	160	<nil>
520	27998	20	28018	<nil>
520	122	29	151	<nil>
520	139	26	165	<nil>
520	131	20	151	<nil>
520	81	50	131	<nil>
520	442	0	442	<nil>
520	1418	0	1418	rpc error: code = Unavailable desc = transport is closing
520	1424	0	1424	rpc error: code = Unavailable desc = transport is closing
520	325	0	325	rpc error: code = Unavailable desc = transport is closing
520	327	0	327	rpc error: code = Unavailable desc = transport is closing
520	326	0	326	rpc error: code = Unavailable desc = transport is closing
520	326	0	326	rpc error: code = Unavailable desc = transport is closing
520	327	0	327	rpc error: code = Unavailable desc = transport is closing
520	1430	0	1430	rpc error: code = Unavailable desc = transport is closing
520	501	0	501	rpc error: code = Unavailable desc = transport is closing
520	560	52	612	<nil>
520	565	10	575	<nil>
520	555	17	572	<nil>
520	5882	0	5882	rpc error: code = Unavailable desc = transport is closing
520	572	29	601	<nil>
520	567	0	567	rpc error: code = Unavailable desc = transport is closing
520	547	0	547	rpc error: code = Unavailable desc = transport is closing
520	520	0	520	rpc error: code = Unavailable desc = transport is closing
520	614	0	614	rpc error: code = Unavailable desc = transport is closing
520	531	0	531	rpc error: code = Unavailable desc = transport is closing
520	609	0	609	rpc error: code = Unavailable desc = transport is closing
520	529	0	529	rpc error: code = Unavailable desc = transport is closing
520	524	0	524	rpc error: code = Unavailable desc = transport is closing
520	523	0	523	rpc error: code = Unavailable desc = transport is closing
520	5872	0	5872	rpc error: code = Unavailable desc = transport is closing
520	560	0	560	rpc error: code = Unavailable desc = transport is closing
520	524	0	524	rpc error: code = Unavailable desc = transport is closing
520	529	0	529	rpc error: code = Unavailable desc = transport is closing
520	519	49	568	<nil>
520	582	48	630	<nil>
520	591	50	641	<nil>
520	557	50	607	<nil>
520	556	49	605	<nil>
520	26624	52	26676	<nil>
520	559	50	609	<nil>
520	546	50	596	<nil>
520	546	52	598	<nil>
520	547	52	599	<nil>
520	593	9	602	<nil>
520	519	51	570	<nil>
520	529	53	582	<nil>
520	626	0	626	rpc error: code = Unavailable desc = transport is closing
520	589	12	601	<nil>
520	596	8	604	<nil>
520	576	0	576	rpc error: code = Unavailable desc = transport is closing
520	568	11	579	<nil>
520	559	15	574	<nil>
520	565	11	576	<nil>
520	519	0	519	rpc error: code = Unavailable desc = transport is closing
520	563	17	580	<nil>
520	580	19	599	<nil>
520	589	17	606	<nil>
520	522	0	522	rpc error: code = Unavailable desc = transport is closing
520	526	0	526	rpc error: code = Unavailable desc = transport is closing
520	570	83	653	<nil>
520	5095	97	5192	<nil>
520	589	75	664	<nil>
520	619	76	695	<nil>
520	16567	78	16645	<nil>
520	3386	79	3465	<nil>
520	590	76	666	<nil>
520	587	77	664	<nil>
520	577	76	653	<nil>
520	586	92	678	<nil>
520	627	77	704	<nil>
520	585	79	664	<nil>
520	576	106	682	<nil>
520	592	100	692	<nil>
520	582	93	675	<nil>
520	586	101	687	<nil>
520	609	102	711	<nil>
520	583	93	676	<nil>
520	604	98	702	<nil>
520	591	101	692	<nil>
520	584	100	684	<nil>
520	591	108	699	<nil>
520	618	96	714	<nil>
520	595	101	696	<nil>
520	631	94	725	<nil>
520	597	101	698	<nil>
520	593	101	694	<nil>
520	626	96	722	<nil>
520	597	97	694	<nil>
520	585	102	687	<nil>
520	572	104	676	<nil>
520	625	100	725	<nil>
520	582	97	679	<nil>
520	581	101	682	<nil>
520	592	102	694	<nil>
520	590	100	690	<nil>
520	5099	102	5201	<nil>
520	591	99	690	<nil>
520	622	100	722	<nil>
520	604	99	703	<nil>
520	598	98	696	<nil>
520	609	99	708	<nil>
520	596	97	693	<nil>
520	591	103	694	<nil>
520	630	100	730	<nil>
520	608	89	697	<nil>
520	604	105	709	<nil>
520	620	101	721	<nil>
520	625	102	727	<nil>
520	596	102	698	<nil>
520	594	101	695	<nil>
520	589	95	684	<nil>
520	618	106	724	<nil>
520	596	96	692	<nil>
520	592	106	698	<nil>
520	592	99	691	<nil>
520	591	101	692	<nil>
520	583	99	682	<nil>
520	597	97	694	<nil>
520	597	99	696	<nil>
520	596	96	692	<nil>
520	594	101	695	<nil>
520	607	95	702	<nil>
520	594	104	698	<nil>
520	573	102	675	<nil>
520	597	97	694	<nil>
520	573	104	677	<nil>
520	606	98	704	<nil>
520	577	102	679	<nil>
520	1513	100	1613	<nil>
520	606	101	707	<nil>
520	628	93	721	<nil>
520	3391	100	3491	<nil>
520	578	101	679	<nil>
520	590	101	691	<nil>
520	594	101	695	<nil>
520	593	102	695	<nil>
520	595	99	694	<nil>
520	624	101	725	<nil>
520	595	100	695	<nil>
520	683	97	780	<nil>
520	591	100	691	<nil>
520	3052	100	3152	<nil>
520	591	105	696	<nil>
520	596	105	701	<nil>
520	582	103	685	<nil>
520	1496	102	1598	<nil>
520	620	106	726	<nil>
520	594	105	699	<nil>
520	605	106	711	<nil>
520	627	94	721	<nil>
520	583	108	691	<nil>
520	603	93	696	<nil>
520	592	100	692	<nil>
520	588	95	683	<nil>
520	638	128	766	<nil>
520	575	129	704	<nil>
520	635	137	772	<nil>
520	3156	124	3280	<nil>
520	639	145	784	<nil>
520	623	139	762	<nil>
520	635	142	777	<nil>
520	5186	142	5328	<nil>
520	601	143	744	<nil>
520	2588	82	2670	<nil>
520	605	145	750	<nil>
520	598	148	746	<nil>
520	639	137	776	<nil>
520	5981	145	6126	<nil>
520	2906	7	2913	<nil>
520	609	153	762	<nil>
520	613	147	760	<nil>
520	122	165	287	<nil>
520	169	17	186	<nil>
520	1155	6	1161	<nil>
520	172	9	181	<nil>
520	1472	166	1638	<nil>
520	140	7	147	<nil>
520	589	166	755	<nil>
520	175	11	186	<nil>
520	2833	83	2916	<nil>
520	3336	169	3505	<nil>
520	71	6	77	<nil>
520	66	6	72	<nil>
520	2907	8	2915	<nil>
520	149	9	158	<nil>
520	612	162	774	<nil>
520	616	147	763	<nil>
520	2849	67	2916	<nil>
520	165	14	179	<nil>
520	71	223	294	<nil>
520	57	250	307	<nil>
520	57	250	307	<nil>
520	158	283	441	<nil>
520	151	277	428	<nil>
520	92	301	393	<nil>
520	167	303	470	<nil>
520	94	304	398	<nil>
520	8690	304	8994	<nil>
520	167	306	473	<nil>
520	3236	304	3540	<nil>
520	170	305	475	<nil>
520	2793	305	3098	<nil>
520	210	269	479	<nil>
520	168	308	476	<nil>
520	1178	307	1485	<nil>
520	188	214	402	<nil>
520	2898	202	3100	<nil>
520	189	213	402	<nil>
520	189	213	402	<nil>
520	188	214	402	<nil>
520	189	213	402	<nil>
520	370	162	532	<nil>
520	2897	164	3061	<nil>
520	368	165	533	<nil>
520	382	154	536	<nil>
520	1413	135	1548	<nil>
520	328	137	465	<nil>
520	408	137	545	<nil>
520	1397	152	1549	<nil>
520	382	154	536	<nil>
520	396	137	533	<nil>
520	383	153	536	<nil>
520	3875	96	3971	<nil>
520	383	155	538	<nil>
520	8908	152	9060	<nil>
520	403	136	539	<nil>
520	1412	137	1549	<nil>
520	383	151	534	<nil>
520	330	136	466	<nil>
520	1413	136	1549	<nil>
520	389	151	540	<nil>
520	386	155	541	<nil>
520	387	154	541	<nil>
520	405	137	542	<nil>
520	382	152	534	<nil>
520	391	153	544	<nil>
520	370	88	458	<nil>
520	3298	114	3412	<nil>
520	427	114	541	<nil>
520	423	115	538	<nil>
520	426	113	539	<nil>
520	425	112	537	<nil>
520	431	106	537	<nil>
520	423	115	538	<nil>
520	426	113	539	<nil>
520	459	79	538	<nil>
520	422	81	503	<nil>
520	461	80	541	<nil>
520	347	36	383	<nil>
520	427	113	540	<nil>
520	3579	114	3693	<nil>
520	427	114	541	<nil>
520	431	113	544	<nil>
520	426	114	540	<nil>
520	424	115	539	<nil>
520	426	111	537	<nil>
520	427	111	538	<nil>
520	450	89	539	<nil>
520	515	32	547	<nil>
520	3813	36	3849	<nil>
520	500	49	549	<nil>
520	422	114	536	<nil>
520	461	90	551	<nil>
520	467	52	519	<nil>
520	452	100	552	<nil>
520	476	41	517	<nil>
520	453	100	553	<nil>
520	503	49	552	<nil>
520	443	72	515	<nil>
520	459	94	553	<nil>
520	421	94	515	<nil>
520	504	45	549	<nil>
520	454	94	548	<nil>
520	3043	89	3132	<nil>
520	460	91	551	<nil>
520	469	43	512	<nil>
520	4002	94	4096	<nil>
520	496	54	550	<nil>
520	511	40	551	<nil>
520	9545	127	9672	<nil>
520	458	93	551	<nil>
520	458	95	553	<nil>
520	424	92	516	<nil>
520	483	73	556	<nil>
520	496	54	550	<nil>
520	403	117	520	<nil>
520	426	127	553	<nil>
520	110	11	121	<nil>
520	425	128	553	<nil>
520	455	96	551	<nil>
520	459	91	550	<nil>
520	463	91	554	<nil>
520	3944	127	4071	<nil>
520	504	46	550	<nil>
520	295	94	389	<nil>
520	455	95	550	<nil>
520	296	71	367	<nil>
520	448	100	548	<nil>
520	3009	126	3135	<nil>
520	178	7	185	<nil>
520	497	54	551	<nil>
520	3374	52	3426	<nil>
520	481	72	553	<nil>
520	178	7	185	<nil>
520	179	7	186	<nil>
520	476	74	550	<nil>
520	181	7	188	<nil>
520	458	91	549	<nil>
520	3092	37	3129	<nil>
520	431	127	558	<nil>
520	423	116	539	<nil>
520	498	50	548	<nil>
520	109	11	120	<nil>
520	109	12	121	<nil>
520	108	12	120	<nil>
520	555	2	557	<nil>
520	3373	56	3429	<nil>
520	451	101	552	<nil>
520	117	11	128	<nil>
520	512	47	559	<nil>
520	108	12	120	<nil>
520	108	11	119	<nil>
520	108	13	121	<nil>
520	1380	68	1448	<nil>
520	501	64	565	<nil>
520	372	700	1072	<nil>
520	420	745	1165	<nil>
520	586	0	586	rpc error: code = Unavailable desc = transport is closing
520	548	0	548	rpc error: code = Unavailable desc = transport is closing
520	482	644	1126	<nil>
520	417	748	1165	<nil>
520	3293	748	4041	<nil>
520	433	745	1178	<nil>
520	420	749	1169	<nil>
520	418	0	418	rpc error: code = Unavailable desc = transport is closing
520	532	0	532	rpc error: code = Unavailable desc = transport is closing
520	528	0	528	rpc error: code = Unavailable desc = transport is closing
520	533	0	533	rpc error: code = Unavailable desc = transport is closing
520	535	0	535	rpc error: code = Unavailable desc = transport is closing
520	420	0	420	rpc error: code = Unavailable desc = transport is closing
520	419	0	419	rpc error: code = Unavailable desc = transport is closing
520	547	0	547	rpc error: code = Unavailable desc = transport is closing
520	563	0	563	rpc error: code = Unavailable desc = transport is closing
520	573	0	573	rpc error: code = Unavailable desc = transport is closing
520	540	0	540	rpc error: code = Unavailable desc = transport is closing
520	594	0	594	rpc error: code = Unavailable desc = transport is closing
520	762	58	820	<nil>
520	534	0	534	rpc error: code = Unavailable desc = transport is closing
520	417	0	417	rpc error: code = Unavailable desc = transport is closing
520	572	0	572	rpc error: code = Unavailable desc = transport is closing
520	515	700	1215	<nil>
520	533	0	533	rpc error: code = Unavailable desc = transport is closing
520	563	0	563	rpc error: code = Unavailable desc = transport is closing
520	533	0	533	rpc error: code = Unavailable desc = transport is closing
520	4101	627	4728	<nil>
520	424	758	1182	<nil>
520	532	0	532	rpc error: code = Unavailable desc = transport is closing
520	563	0	563	rpc error: code = Unavailable desc = transport is closing
520	542	0	542	rpc error: code = Unavailable desc = transport is closing
520	420	760	1180	<nil>
520	44702	628	45330	<nil>
520	425	758	1183	<nil>
520	417	0	417	rpc error: code = Unavailable desc = transport is closing
520	425	758	1183	<nil>
520	434	752	1186	<nil>
520	511	673	1184	<nil>
520	4078	628	4706	<nil>
520	549	0	549	rpc error: code = Unavailable desc = transport is closing
520	549	0	549	rpc error: code = Unavailable desc = transport is closing
520	545	0	545	rpc error: code = Unavailable desc = transport is closing
520	547	0	547	rpc error: code = Unavailable desc = transport is closing
520	580	0	580	rpc error: code = Unavailable desc = transport is closing
520	543	0	543	rpc error: code = Unavailable desc = transport is closing
520	574	0	574	rpc error: code = Unavailable desc = transport is closing
520	540	0	540	rpc error: code = Unavailable desc = transport is closing
520	563	0	563	rpc error: code = Unavailable desc = transport is closing
520	564	0	564	rpc error: code = Unavailable desc = transport is closing
520	553	0	553	rpc error: code = Unavailable desc = transport is closing
520	536	0	536	rpc error: code = Unavailable desc = transport is closing
520	574	0	574	rpc error: code = Unavailable desc = transport is closing
520	563	0	563	rpc error: code = Unavailable desc = transport is closing
520	545	0	545	rpc error: code = Unavailable desc = transport is closing
520	547	0	547	rpc error: code = Unavailable desc = transport is closing
520	548	0	548	rpc error: code = Unavailable desc = transport is closing
520	593	0	593	rpc error: code = Unavailable desc = transport is closing
520	543	0	543	rpc error: code = Unavailable desc = transport is closing
520	548	0	548	rpc error: code = Unavailable desc = transport is closing
520	553	0	553	rpc error: code = Unavailable desc = transport is closing
520	545	0	545	rpc error: code = Unavailable desc = transport is closing
520	541	0	541	rpc error: code = Unavailable desc = transport is closing
520	540	0	540	rpc error: code = Unavailable desc = transport is closing
520	548	0	548	rpc error: code = Unavailable desc = transport is closing
520	540	0	540	rpc error: code = Unavailable desc = transport is closing
520	421	748	1169	<nil>
520	542	0	542	rpc error: code = Unavailable desc = transport is closing
520	552	0	552	rpc error: code = Unavailable desc = transport is closing
520	543	0	543	rpc error: code = Unavailable desc = transport is closing
520	566	0	566	rpc error: code = Unavailable desc = transport is closing
520	547	0	547	rpc error: code = Unavailable desc = transport is closing
520	575	0	575	rpc error: code = Unavailable desc = transport is closing
520	581	0	581	rpc error: code = Unavailable desc = transport is closing
520	570	0	570	rpc error: code = Unavailable desc = transport is closing
520	577	0	577	rpc error: code = Unavailable desc = transport is closing
520	580	0	580	rpc error: code = Unavailable desc = transport is closing
520	556	0	556	rpc error: code = Unavailable desc = transport is closing
520	588	0	588	rpc error: code = Unavailable desc = transport is closing
520	608	0	608	rpc error: code = Unavailable desc = transport is closing
520	420	748	1168	<nil>
520	535	0	535	rpc error: code = Unavailable desc = transport is closing
520	580	0	580	rpc error: code = Unavailable desc = transport is closing
520	578	0	578	rpc error: code = Unavailable desc = transport is closing
520	566	0	566	rpc error: code = Unavailable desc = transport is closing
520	560	0	560	rpc error: code = Unavailable desc = transport is closing
520	550	0	550	rpc error: code = Unavailable desc = transport is closing
520	607	0	607	rpc error: code = Unavailable desc = transport is closing
520	568	0	568	rpc error: code = Unavailable desc = transport is closing
520	578	0	578	rpc error: code = Unavailable desc = transport is closing
520	607	0	607	rpc error: code = Unavailable desc = transport is closing
520	569	0	569	rpc error: code = Unavailable desc = transport is closing
520	563	0	563	rpc error: code = Unavailable desc = transport is closing
520	594	0	594	rpc error: code = Unavailable desc = transport is closing
520	569	0	569	rpc error: code = Unavailable desc = transport is closing
520	593	0	593	rpc error: code = Unavailable desc = transport is closing
520	557	0	557	rpc error: code = Unavailable desc = transport is closing
520	483	696	1179	<nil>
520	587	0	587	rpc error: code = Unavailable desc = transport is closing
520	556	0	556	rpc error: code = Unavailable desc = transport is closing
520	561	0	561	rpc error: code = Unavailable desc = transport is closing
520	350	698	1048	<nil>
520	485	711	1196	<nil>
520	1230	697	1927	<nil>
520	4341	55	4396	<nil>
520	3395	698	4093	<nil>
520	490	698	1188	<nil>
520	3095	704	3799	<nil>
520	499	721	1220	<nil>
520	186	697	883	<nil>
520	826	37	863	<nil>
520	822	39	861	<nil>
520	826	38	864	<nil>
520	825	40	865	<nil>
520	824	44	868	<nil>
520	824	44	868	<nil>
520	830	54	884	<nil>
520	760	46	806	<nil>
520	827	45	872	<nil>
520	829	44	873	<nil>
520	769	48	817	<nil>
520	827	47	874	<nil>
520	823	48	871	<nil>
520	511	704	1215	<nil>
520	1121	95	1216	<nil>
520	479	704	1183	<nil>
520	497	718	1215	<nil>
520	518	697	1215	<nil>
520	157	696	853	<nil>
520	506	712	1218	<nil>
520	1123	96	1219	<nil>
520	554	0	554	rpc error: code = Unavailable desc = transport is closing
520	821	41	862	<nil>
520	535	0	535	rpc error: code = Unavailable desc = transport is closing
520	708	55	763	<nil>
520	699	208	907	<nil>
520	722	206	928	<nil>
520	715	210	925	<nil>
520	5922	210	6132	<nil>
520	708	216	924	<nil>
520	724	216	940	<nil>
520	721	214	935	<nil>
520	706	216	922	<nil>
520	832	217	1049	<nil>
520	5931	214	6145	<nil>
520	711	214	925	<nil>
520	832	219	1051	<nil>
520	9904	232	10136	<nil>
520	715	217	932	<nil>
520	725	243	968	<nil>
520	10313	244	10557	<nil>
520	726	247	973	<nil>
520	727	252	979	<nil>
520	847	245	1092	<nil>
520	745	222	967	<nil>
520	846	245	1091	<nil>
520	720	252	972	<nil>
520	845	248	1093	<nil>
520	749	227	976	<nil>
520	845	256	1101	<nil>
520	722	257	979	<nil>
520	741	239	980	<nil>
520	10340	240	10580	<nil>
520	779	198	977	<nil>
520	752	227	979	<nil>
520	723	265	988	<nil>
520	724	255	979	<nil>
520	720	264	984	<nil>
520	846	256	1102	<nil>
520	744	232	976	<nil>
520	867	233	1100	<nil>
520	741	251	992	<nil>
520	709	286	995	<nil>
520	864	259	1123	<nil>
520	739	261	1000	<nil>
520	755	237	992	<nil>
520	737	273	1010	<nil>
520	857	270	1127	<nil>
520	747	250	997	<nil>
520	751	251	1002	<nil>
520	742	261	1003	<nil>
520	707	295	1002	<nil>
520	782	209	991	<nil>
520	847	270	1117	<nil>
520	718	274	992	<nil>
520	711	283	994	<nil>
520	732	279	1011	<nil>
520	1412	277	1689	<nil>
520	713	307	1020	<nil>
520	731	276	1007	<nil>
520	747	265	1012	<nil>
520	749	266	1015	<nil>
520	733	277	1010	<nil>
520	703	311	1014	<nil>
520	708	302	1010	<nil>
520	735	275	1010	<nil>
520	5950	295	6245	<nil>
520	5559	259	5818	<nil>
520	829	307	1136	<nil>
520	718	293	1011	<nil>
520	722	301	1023	<nil>
520	722	291	1013	<nil>
520	716	292	1008	<nil>
520	854	287	1141	<nil>
520	737	275	1012	<nil>
520	722	289	1011	<nil>
520	826	283	1109	<nil>
520	754	276	1030	<nil>
520	719	272	991	<nil>
520	784	234	1018	<nil>
520	254	142	396	<nil>
520	859	295	1154	<nil>
520	3006	168	3174	<nil>
520	1286	0	1286	rpc error: code = Unavailable desc = transport is closing
520	1425	270	1695	<nil>
520	704	319	1023	<nil>
520	701	321	1022	<nil>
520	733	290	1023	<nil>
520	743	280	1023	<nil>
520	1415	284	1699	<nil>
520	726	297	1023	<nil>
520	712	310	1022	<nil>
520	749	274	1023	<nil>
520	733	291	1024	<nil>
520	705	319	1024	<nil>
520	1414	281	1695	<nil>
520	1389	307	1696	<nil>
520	5979	281	6260	<nil>
520	739	284	1023	<nil>
520	714	309	1023	<nil>
520	5553	308	5861	<nil>
520	274	0	274	rpc error: code = Unavailable desc = transport is closing
520	1389	309	1698	<nil>
520	751	260	1011	<nil>
520	738	284	1022	<nil>
520	266	131	397	<nil>
520	714	309	1023	<nil>
520	704	319	1023	<nil>
520	276	229	505	<nil>
520	274	121	395	<nil>
520	5678	309	5987	<nil>
520	1218	188	1406	<nil>
520	742	281	1023	<nil>
520	1391	0	1391	rpc error: code = DeadlineExceeded desc = context deadline exceeded
520	1378	319	1697	<nil>
520	228	168	396	<nil>
520	4299	0	4299	rpc error: code = DeadlineExceeded desc = context deadline exceeded
520	1380	0	1380	rpc error: code = DeadlineExceeded desc = context deadline exceeded
520	1381	0	1381	rpc error: code = DeadlineExceeded desc = context deadline exceeded
520	7136	0	7136	rpc error: code = DeadlineExceeded desc = context deadline exceeded
520	750	273	1023	<nil>
520	1408	285	1693	<nil>
520	1380	0	1380	rpc error: code = DeadlineExceeded desc = context deadline exceeded
520	1391	0	1391	rpc error: code = DeadlineExceeded desc = context deadline exceeded
520	1374	0	1374	rpc error: code = DeadlineExceeded desc = context deadline exceeded
520	2399	0	2399	rpc error: code = DeadlineExceeded desc = context deadline exceeded
520	1388	0	1388	rpc error: code = DeadlineExceeded desc = context deadline exceeded
520	1399	0	1399	rpc error: code = DeadlineExceeded desc = context deadline exceeded
520	3105	323	3428	<nil>
520	288	341	629	<nil>
520	5882	340	6222	<nil>
520	5702	339	6041	<nil>
520	318	0	318	rpc error: code = Unavailable desc = transport is closing
520	304	0	304	rpc error: code = Unavailable desc = transport is closing
520	340	0	340	rpc error: code = Unavailable desc = transport is closing
520	3193	0	3193	rpc error: code = Unavailable desc = transport is closing
520	340	304	644	<nil>
520	6199	309	6508	<nil>
520	3159	310	3469	<nil>
520	342	311	653	<nil>
520	3117	310	3427	<nil>
520	17233	301	17534	<nil>
520	312	0	312	rpc error: code = Unavailable desc = transport is closing
520	354	307	661	<nil>
520	293	308	601	<nil>
520	289	309	598	<nil>
520	353	313	666	<nil>
520	285	313	598	<nil>
520	353	313	666	<nil>
520	287	314	601	<nil>
520	3127	313	3440	<nil>
520	346	0	346	rpc error: code = Unavailable desc = transport is closing
520	298	298	596	<nil>
520	386	0	386	rpc error: code = Unavailable desc = transport is closing
520	361	0	361	rpc error: code = Unavailable desc = transport is closing
520	342	311	653	<nil>
520	3159	316	3475	<nil>
520	288	316	604	<nil>
520	393	0	393	rpc error: code = Unavailable desc = transport is closing
520	369	298	667	<nil>
520	3153	293	3446	<nil>
520	371	298	669	<nil>
520	6794	301	7095	<nil>
520	3086	297	3383	<nil>
520	376	293	669	<nil>
520	276	392	668	<nil>
520	274	386	660	<nil>
520	298	373	671	<nil>
520	367	306	673	<nil>
520	295	376	671	<nil>
520	272	377	649	<nil>
520	302	390	692	<nil>
520	1392	294	1686	<nil>
520	297	376	673	<nil>
520	286	378	664	<nil>
520	15591	378	15969	<nil>
520	403	267	670	<nil>
520	367	293	660	<nil>
520	284	391	675	<nil>
520	399	265	664	<nil>
520	286	378	664	<nil>
520	388	266	654	<nil>
520	274	378	652	<nil>
520	329	324	653	<nil>
520	344	308	652	<nil>
520	386	266	652	<nil>
520	3322	267	3589	<nil>
520	474	188	662	<nil>
520	312	363	675	<nil>
520	269	383	652	<nil>
520	365	295	660	<nil>
520	386	266	652	<nil>
520	343	321	664	<nil>
520	497	178	675	<nil>
520	482	192	674	<nil>
520	277	385	662	<nil>
520	293	365	658	<nil>
520	369	298	667	<nil>
520	396	272	668	<nil>
520	356	326	682	<nil>
520	392	269	661	<nil>
520	335	323	658	<nil>
520	322	148	470	<nil>
520	399	268	667	<nil>
520	3475	132	3607	<nil>
520	368	296	664	<nil>
520	322	128	450	<nil>
520	494	180	674	<nil>
520	73946	178	74124	<nil>
520	474	192	666	<nil>
520	487	180	667	<nil>
520	485	191	676	<nil>
520	344	149	493	<nil>
520	354	152	506	<nil>
520	1253	380	1633	<nil>
520	461	206	667	<nil>
520	343	149	492	<nil>
520	459	207	666	<nil>
520	512	154	666	<nil>
520	470	206	676	<nil>
520	328	145	473	<nil>
520	467	208	675	<nil>
520	328	146	474	<nil>
520	9503	153	9656	<nil>
520	342	150	492	<nil>
520	3410	152	3562	<nil>
520	344	148	492	<nil>
520	3427	191	3618	<nil>
520	494	181	675	<nil>
520	344	148	492	<nil>
520	345	148	493	<nil>
520	278	384	662	<nil>
520	524	153	677	<nil>
520	524	152	676	<nil>
520	330	146	476	<nil>
520	482	193	675	<nil>
520	10458	153	10611	<nil>
520	6213	155	6368	<nil>
520	495	180	675	<nil>
520	484	192	676	<nil>
520	343	150	493	<nil>
520	246	383	629	<nil>
520	3464	142	3606	<nil>
520	323	146	469	<nil>
520	316	131	447	<nil>
520	320	144	464	<nil>
520	1374	263	1637	<nil>
520	479	191	670	<nil>
520	322	129	451	<nil>
520	397	54	451	<nil>
520	6179	50	6229	<nil>
520	359	327	686	<nil>
520	395	58	453	<nil>
520	1398	34	1432	<nil>
520	388	35	423	<nil>
520	394	298	692	<nil>
520	385	299	684	<nil>
520	1410	45	1455	<nil>
520	390	0	390	rpc error: code = Unavailable desc = transport is closing
520	364	326	690	<nil>
520	1256	411	1667	<nil>
520	485	200	685	<nil>
520	474	213	687	<nil>
520	387	298	685	<nil>
520	352	343	695	<nil>
520	392	300	692	<nil>
520	413	51	464	<nil>
520	399	50	449	<nil>
520	497	201	698	<nil>
520	359	330	689	<nil>
520	352	345	697	<nil>
520	276	411	687	<nil>
520	388	303	691	<nil>
520	380	64	444	<nil>
520	518	177	695	<nil>
520	395	295	690	<nil>
520	278	414	692	<nil>
520	520	178	698	<nil>
520	1368	72	1440	<nil>
520	408	45	453	<nil>
520	407	43	450	<nil>
520	14940	138	15078	<nil>
520	520	177	697	<nil>
520	390	37	427	<nil>
520	524	170	694	<nil>
520	628	62	690	<nil>
520	466	221	687	<nil>
520	523	172	695	<nil>
520	398	41	439	<nil>
520	474	213	687	<nil>
520	301	35	336	<nil>
520	396	35	431	<nil>
520	400	34	434	<nil>
520	275	411	686	<nil>
520	1410	36	1446	<nil>
520	404	37	441	<nil>
520	403	37	440	<nil>
520	1398	46	1444	<nil>
520	398	299	697	<nil>
520	9616	9	9625	<nil>
520	1441	13	1454	<nil>
520	429	12	441	<nil>
520	429	13	442	<nil>
520	442	12	454	<nil>
520	431	14	445	<nil>
520	1444	12	1456	<nil>
520	1398	58	1456	<nil>
520	154	14	168	<nil>
520	350	13	363	<nil>
520	348	15	363	<nil>
520	9198	60	9258	<nil>
520	350	14	364	<nil>
520	323	19	342	<nil>
520	303	62	365	<nil>
520	3587	62	3649	<nil>
520	386	63	449	<nil>
520	430	19	449	<nil>
520	420	18	438	<nil>
520	309	59	368	<nil>
520	339	59	398	<nil>
520	9680	60	9740	<nil>
520	9682	61	9743	<nil>
520	309	61	370	<nil>
520	390	63	453	<nil>
540	402	647	1049	<nil>
540	43552	648	44200	<nil>
540	309	650	959	<nil>
540	308	705	1013	<nil>
540	308	707	1015	<nil>
540	391	704	1095	<nil>
540	9679	703	10382	<nil>
540	391	704	1095	<nil>
540	312	704	1016	<nil>
540	308	706	1014	<nil>
540	278	707	985	<nil>
540	309	708	1017	<nil>
540	309	707	1016	<nil>
540	308	707	1015	<nil>
540	308	708	1016	<nil>
540	390	708	1098	<nil>
540	9470	709	10179	<nil>
540	309	708	1017	<nil>
540	391	709	1100	<nil>
540	308	707	1015	<nil>
540	155	718	873	<nil>
540	433	679	1112	<nil>
540	307	718	1025	<nil>
540	277	718	995	<nil>
540	159	717	876	<nil>
540	162	695	857	<nil>
540	15150	723	15873	<nil>
540	310	719	1029	<nil>
540	1407	740	2147	<nil>
540	120	727	847	<nil>
540	424	705	1129	<nil>
540	150	705	855	<nil>
540	1408	738	2146	<nil>
540	280	720	1000	<nil>
540	149	705	854	<nil>
540	184	704	888	<nil>
540	395	739	1134	<nil>
540	395	741	1136	<nil>
540	9680	720	10400	<nil>
540	3488	741	4229	<nil>
540	450	736	1186	<nil>
540	445	744	1189	<nil>
540	434	755	1189	<nil>
540	187	738	925	<nil>
540	157	741	898	<nil>
540	3534	740	4274	<nil>
540	156	742	898	<nil>
540	158	738	896	<nil>
540	196	740	936	<nil>
540	153	742	895	<nil>
540	173	738	911	<nil>
540	447	739	1186	<nil>
540	157	740	897	<nil>
540	142	738	880	<nil>
540	117	743	860	<nil>
540	109	744	853	<nil>
540	4879	740	5619	<nil>
540	437	735	1172	<nil>
540	15246	740	15986	<nil>
540	177	752	929	<nil>
540	1444	751	2195	<nil>
540	1443	740	2183	<nil>
540	455	736	1191	<nil>
540	4898	737	5635	<nil>
540	1457	738	2195	<nil>
540	169	739	908	<nil>
540	158	739	897	<nil>
540	195	739	934	<nil>
540	1457	736	2193	<nil>
540	2733	739	3472	<nil>
540	438	753	1191	<nil>
540	155	739	894	<nil>
540	1454	741	2195	<nil>
540	181	740	921	<nil>
540	435	753	1188	<nil>
540	447	739	1186	<nil>
540	3632	738	4370	<nil>
540	159	720	879	<nil>
540	159	755	914	<nil>
540	189	738	927	<nil>
540	2728	740	3468	<nil>
540	309	779	1088	<nil>
540	1442	754	2196	<nil>
540	448	743	1191	<nil>
540	158	737	895	<nil>
540	175	739	914	<nil>
540	176	739	915	<nil>
540	449	743	1192	<nil>
540	163	741	904	<nil>
540	139	741	880	<nil>
540	154	740	894	<nil>
540	955	0	955	rpc error: code = Unavailable desc = transport is closing
540	907	0	907	rpc error: code = Unavailable desc = transport is closing
540	945	0	945	rpc error: code = Unavailable desc = transport is closing
540	892	0	892	rpc error: code = Unavailable desc = transport is closing
540	947	0	947	rpc error: code = Unavailable desc = transport is closing
540	972	17	989	<nil>
540	921	0	921	rpc error: code = Unavailable desc = transport is closing
540	929	0	929	rpc error: code = Unavailable desc = transport is closing
540	956	0	956	rpc error: code = Unavailable desc = transport is closing
540	927	0	927	rpc error: code = Unavailable desc = transport is closing
540	963	0	963	rpc error: code = Unavailable desc = transport is closing
540	935	0	935	rpc error: code = Unavailable desc = transport is closing
540	940	0	940	rpc error: code = Unavailable desc = transport is closing
540	1259	21	1280	<nil>
540	961	0	961	rpc error: code = Unavailable desc = transport is closing
540	10626	0	10626	rpc error: code = Unavailable desc = transport is closing
540	898	24	922	<nil>
540	909	18	927	<nil>
540	10630	20	10650	<nil>
540	907	18	925	<nil>
540	925	18	943	<nil>
540	899	0	899	rpc error: code = Unavailable desc = transport is closing
540	899	21	920	<nil>
540	246	23	269	<nil>
540	3637	23	3660	<nil>
540	968	20	988	<nil>
540	947	22	969	<nil>
540	896	0	896	rpc error: code = Unavailable desc = transport is closing
540	1632	21	1653	<nil>
540	935	0	935	rpc error: code = Unavailable desc = transport is closing
540	941	0	941	rpc error: code = Unavailable desc = transport is closing
540	932	0	932	rpc error: code = Unavailable desc = transport is closing
540	898	0	898	rpc error: code = Unavailable desc = transport is closing
540	1772	26	1798	<nil>
540	5517	22	5539	<nil>
540	898	0	898	rpc error: code = Unavailable desc = transport is closing
540	257	1	258	<nil>
540	10627	21	10648	<nil>
540	1655	8	1663	<nil>
540	5836	5	5841	<nil>
540	926	6	932	<nil>
540	1287	5	1292	<nil>
540	865	0	865	rpc error: code = Unavailable desc = transport is closing
540	3608	0	3608	rpc error: code = Unavailable desc = transport is closing
540	834	0	834	rpc error: code = Unavailable desc = transport is closing
540	15992	0	15992	rpc error: code = Unavailable desc = transport is closing
540	909	0	909	rpc error: code = Unavailable desc = transport is closing
540	916	0	916	rpc error: code = Unavailable desc = transport is closing
540	877	0	877	rpc error: code = Unavailable desc = transport is closing
540	853	0	853	rpc error: code = Unavailable desc = transport is closing
540	854	0	854	rpc error: code = Unavailable desc = transport is closing
540	889	0	889	rpc error: code = Unavailable desc = transport is closing
540	890	0	890	rpc error: code = Unavailable desc = transport is closing
540	931	0	931	rpc error: code = Unavailable desc = transport is closing
540	940	0	940	rpc error: code = Unavailable desc = transport is closing
540	925	0	925	rpc error: code = Unavailable desc = transport is closing
540	897	0	897	rpc error: code = Unavailable desc = transport is closing
540	899	0	899	rpc error: code = Unavailable desc = transport is closing
540	1659	17	1676	<nil>
540	958	59	1017	<nil>
540	5840	41	5881	<nil>
540	78195	41	78236	<nil>
540	1493	47	1540	<nil>
540	1661	53	1714	<nil>
540	1290	48	1338	<nil>
540	929	0	929	rpc error: code = Unavailable desc = transport is closing
540	935	0	935	rpc error: code = Unavailable desc = transport is closing
540	955	0	955	rpc error: code = Unavailable desc = transport is closing
540	928	0	928	rpc error: code = Unavailable desc = transport is closing
540	880	0	880	rpc error: code = Unavailable desc = transport is closing
540	922	0	922	rpc error: code = Unavailable desc = transport is closing
540	890	0	890	rpc error: code = Unavailable desc = transport is closing
540	6445	0	6445	rpc error: code = Unavailable desc = transport is closing
540	915	0	915	rpc error: code = Unavailable desc = transport is closing
540	935	0	935	rpc error: code = Unavailable desc = transport is closing
540	892	0	892	rpc error: code = Unavailable desc = transport is closing
540	918	0	918	rpc error: code = Unavailable desc = transport is closing
540	1598	0	1598	rpc error: code = Unavailable desc = transport is closing
540	874	0	874	rpc error: code = Unavailable desc = transport is closing
540	6434	0	6434	rpc error: code = Unavailable desc = transport is closing
540	248	49	297	<nil>
540	915	0	915	rpc error: code = Unavailable desc = transport is closing
540	2871	99	2970	<nil>
540	917	0	917	rpc error: code = Unavailable desc = transport is closing
540	948	0	948	rpc error: code = Unavailable desc = transport is closing
540	913	0	913	rpc error: code = Unavailable desc = transport is closing
540	953	0	953	rpc error: code = Unavailable desc = transport is closing
540	10423	0	10423	rpc error: code = Unavailable desc = transport is closing
540	954	0	954	rpc error: code = Unavailable desc = transport is closing
540	890	0	890	rpc error: code = Unavailable desc = transport is closing
540	989	106	1095	<nil>
540	903	0	903	rpc error: code = Unavailable desc = transport is closing
540	1292	175	1467	<nil>
540	972	0	972	rpc error: code = Unavailable desc = transport is closing
540	907	0	907	rpc error: code = Unavailable desc = transport is closing
540	10431	0	10431	rpc error: code = Unavailable desc = transport is closing
540	907	0	907	rpc error: code = Unavailable desc = transport is closing
540	963	0	963	rpc error: code = Unavailable desc = transport is closing
540	948	0	948	rpc error: code = Unavailable desc = transport is closing
540	962	0	962	rpc error: code = Unavailable desc = transport is closing
540	6477	0	6477	rpc error: code = Unavailable desc = transport is closing
540	903	0	903	rpc error: code = Unavailable desc = transport is closing
540	897	0	897	rpc error: code = Unavailable desc = transport is closing
540	940	0	940	rpc error: code = Unavailable desc = transport is closing
540	946	0	946	rpc error: code = Unavailable desc = transport is closing
540	898	0	898	rpc error: code = Unavailable desc = transport is closing
540	959	0	959	rpc error: code = Unavailable desc = transport is closing
540	903	0	903	rpc error: code = Unavailable desc = transport is closing
540	929	0	929	rpc error: code = Unavailable desc = transport is closing
540	904	0	904	rpc error: code = Unavailable desc = transport is closing
540	947	0	947	rpc error: code = Unavailable desc = transport is closing
540	936	0	936	rpc error: code = Unavailable desc = transport is closing
540	3645	0	3645	rpc error: code = Unavailable desc = transport is closing
540	935	0	935	rpc error: code = Unavailable desc = transport is closing
540	940	0	940	rpc error: code = Unavailable desc = transport is closing
540	1624	0	1624	rpc error: code = Unavailable desc = transport is closing
540	899	0	899	rpc error: code = Unavailable desc = transport is closing
540	961	0	961	rpc error: code = Unavailable desc = transport is closing
540	899	0	899	rpc error: code = Unavailable desc = transport is closing
540	947	0	947	rpc error: code = Unavailable desc = transport is closing
540	903	0	903	rpc error: code = Unavailable desc = transport is closing
540	923	0	923	rpc error: code = Unavailable desc = transport is closing
540	917	0	917	rpc error: code = Unavailable desc = transport is closing
540	904	0	904	rpc error: code = Unavailable desc = transport is closing
540	912	0	912	rpc error: code = Unavailable desc = transport is closing
540	921	0	921	rpc error: code = Unavailable desc = transport is closing
540	953	233	1186	<nil>
540	970	235	1205	<nil>
540	214	241	455	<nil>
540	2891	239	3130	<nil>
540	1628	256	1884	<nil>
540	3645	239	3884	<nil>
540	949	0	949	rpc error: code = Unavailable desc = transport is closing
540	899	0	899	rpc error: code = Unavailable desc = transport is closing
540	895	0	895	rpc error: code = Unavailable desc = transport is closing
540	10186	237	10423	<nil>
540	1630	240	1870	<nil>
540	10633	239	10872	<nil>
540	1002	209	1211	<nil>
540	917	222	1139	<nil>
540	130	240	370	<nil>
540	992	316	1308	<nil>
540	917	391	1308	<nil>
540	1003	350	1353	<nil>
540	10688	350	11038	<nil>
540	1699	336	2035	<nil>
540	1329	336	1665	<nil>
540	1027	334	1361	<nil>
540	983	334	1317	<nil>
540	395	328	723	<nil>
540	1722	328	2050	<nil>
540	310	328	638	<nil>
540	310	329	639	<nil>
540	6558	348	6906	<nil>
540	16060	351	16411	<nil>
540	1391	359	1750	<nil>
540	258	475	733	<nil>
540	349	360	709	<nil>
540	1378	371	1749	<nil>
540	1416	336	1752	<nil>
540	1031	359	1390	<nil>
540	1813	313	2126	<nil>
540	349	359	708	<nil>
540	1277	481	1758	<nil>
540	437	290	727	<nil>
540	2784	480	3264	<nil>
540	1492	265	1757	<nil>
540	29545	481	30026	<nil>
540	3492	290	3782	<nil>
540	1551	225	1776	<nil>
540	1167	279	1446	<nil>
540	10827	161	10988	<nil>
540	1146	300	1446	<nil>
540	1183	318	1501	<nil>
540	1884	297	2181	<nil>
540	1284	161	1445	<nil>
540	3489	300	3789	<nil>
540	1955	228	2183	<nil>
540	975	534	1509	<nil>
540	329	197	526	<nil>
540	974	526	1500	<nil>
540	2020	161	2181	<nil>
540	5941	279	6220	<nil>
540	1132	317	1449	<nil>
540	3075	243	3318	<nil>
540	615	164	779	<nil>
540	228	313	541	<nil>
540	1530	281	1811	<nil>
540	572	198	770	<nil>
540	916	549	1465	<nil>
540	472	292	764	<nil>
540	3561	252	3813	<nil>
540	432	340	772	<nil>
540	1244	371	1615	<nil>
540	1523	401	1924	<nil>
540	1630	305	1935	<nil>
540	18701	795	19496	<nil>
540	386	788	1174	<nil>
540	382	789	1171	<nil>
540	386	787	1173	<nil>
540	386	788	1174	<nil>
540	391	792	1183	<nil>
540	393	791	1184	<nil>
540	394	791	1185	<nil>
540	392	792	1184	<nil>
540	443	745	1188	<nil>
540	425	764	1189	<nil>
540	421	769	1190	<nil>
540	11084	763	11847	<nil>
540	453	737	1190	<nil>
540	452	743	1195	<nil>
540	466	743	1209	<nil>
540	462	744	1206	<nil>
540	466	744	1210	<nil>
540	1443	741	2184	<nil>
540	469	741	1210	<nil>
540	1464	743	2207	<nil>
540	466	743	1209	<nil>
540	3263	744	4007	<nil>
540	1463	743	2206	<nil>
540	468	742	1210	<nil>
540	466	746	1212	<nil>
540	450	744	1194	<nil>
540	464	744	1208	<nil>
540	1447	709	2156	<nil>
540	1489	705	2194	<nil>
540	463	708	1171	<nil>
540	471	722	1193	<nil>
540	490	713	1203	<nil>
540	491	712	1203	<nil>
540	468	734	1202	<nil>
540	6340	727	7067	<nil>
540	462	685	1147	<nil>
540	497	650	1147	<nil>
540	509	706	1215	<nil>
540	532	623	1155	<nil>
540	11308	613	11921	<nil>
540	1578	617	2195	<nil>
540	1568	614	2182	<nil>
540	1455	727	2182	<nil>
540	594	622	1216	<nil>
540	1452	725	2177	<nil>
540	1580	614	2194	<nil>
540	385	707	1092	<nil>
540	1528	708	2236	<nil>
540	481	667	1148	<nil>
540	520	739	1259	<nil>
540	429	651	1080	<nil>
540	594	623	1217	<nil>
540	454	708	1162	<nil>
540	10822	651	11473	<nil>
540	595	622	1217	<nil>
540	598	618	1216	<nil>
540	1562	620	2182	<nil>
540	3712	620	4332	<nil>
540	418	675	1093	<nil>
540	355	670	1025	<nil>
540	379	628	1007	<nil>
540	387	614	1001	<nil>
540	565	708	1273	<nil>
540	480	670	1150	<nil>
540	372	709	1081	<nil>
540	401	709	1110	<nil>
540	385	696	1081	<nil>
540	372	708	1080	<nil>
540	480	671	1151	<nil>
540	1580	618	2198	<nil>
540	649	628	1277	<nil>
540	398	696	1094	<nil>
540	368	643	1011	<nil>
540	408	631	1039	<nil>
540	1483	697	2180	<nil>
540	1572	628	2200	<nil>
540	509	706	1215	<nil>
540	382	628	1010	<nil>
540	43277	630	43907	<nil>
540	431	625	1056	<nil>
540	419	625	1044	<nil>
540	390	624	1014	<nil>
540	418	624	1042	<nil>
540	418	656	1074	<nil>
540	408	655	1063	<nil>
540	1622	665	2287	<nil>
540	417	685	1102	<nil>
540	418	715	1133	<nil>
540	392	715	1107	<nil>
540	3441	716	4157	<nil>
540	940	194	1134	<nil>
540	942	194	1136	<nil>
540	421	717	1138	<nil>
540	933	195	1128	<nil>
540	933	195	1128	<nil>
540	942	194	1136	<nil>
540	933	196	1129	<nil>
540	930	199	1129	<nil>
540	933	199	1132	<nil>
540	930	199	1129	<nil>
540	914	199	1113	<nil>
540	914	200	1114	<nil>
540	795	200	995	<nil>
540	798	190	988	<nil>
540	795	200	995	<nil>
540	792	187	979	<nil>
540	803	192	995	<nil>
540	795	202	997	<nil>
540	793	188	981	<nil>
540	793	189	982	<nil>
540	793	188	981	<nil>
540	795	189	984	<nil>
540	767	179	946	<nil>
540	770	179	949	<nil>
540	972	219	1191	<nil>
540	760	219	979	<nil>
540	759	219	978	<nil>
540	761	219	980	<nil>
540	761	220	981	<nil>
540	760	220	980	<nil>
540	749	201	950	<nil>
540	768	213	981	<nil>
540	759	192	951	<nil>
540	722	202	924	<nil>
540	780	203	983	<nil>
540	855	204	1059	<nil>
540	747	196	943	<nil>
540	720	192	912	<nil>
540	720	193	913	<nil>
540	758	194	952	<nil>
540	720	195	915	<nil>
540	716	199	915	<nil>
540	718	201	919	<nil>
540	714	202	916	<nil>
540	720	196	916	<nil>
540	732	196	928	<nil>
540	714	203	917	<nil>
540	724	193	917	<nil>
540	763	154	917	<nil>
540	10408	109	10517	<nil>
540	766	136	902	<nil>
540	764	125	889	<nil>
540	790	111	901	<nil>
540	783	136	919	<nil>
540	821	97	918	<nil>
540	735	112	847	<nil>
540	784	136	920	<nil>
540	708	97	805	<nil>
540	5894	147	6041	<nil>
540	5655	147	5802	<nil>
540	823	112	935	<nil>
540	809	111	920	<nil>
540	810	99	909	<nil>
540	755	148	903	<nil>
540	755	147	902	<nil>
540	810	115	925	<nil>
540	897	149	1046	<nil>
540	194	172	366	<nil>
540	10427	171	10598	<nil>
540	196	172	368	<nil>
540	193	172	365	<nil>
540	197	170	367	<nil>
540	189	167	356	<nil>
540	191	166	357	<nil>
540	191	166	357	<nil>
540	188	165	353	<nil>
540	183	166	349	<nil>
540	180	165	345	<nil>
540	184	165	349	<nil>
540	188	166	354	<nil>
540	181	165	346	<nil>
540	220	109	329	<nil>
540	235	110	345	<nil>
540	236	110	346	<nil>
540	233	109	342	<nil>
540	232	110	342	<nil>
540	235	110	345	<nil>
540	234	109	343	<nil>
540	234	109	343	<nil>
540	223	110	333	<nil>
540	230	110	340	<nil>
540	2622	109	2731	<nil>
540	204	106	310	<nil>
540	200	107	307	<nil>
540	204	107	311	<nil>
540	2596	107	2703	<nil>
540	207	106	313	<nil>
540	184	105	289	<nil>
540	190	107	297	<nil>
540	195	106	301	<nil>
540	186	106	292	<nil>
540	187	106	293	<nil>
540	195	106	301	<nil>
540	189	106	295	<nil>
540	188	107	295	<nil>
540	196	107	303	<nil>
540	153	109	262	<nil>
540	193	111	304	<nil>
540	182	26	208	<nil>
540	181	27	208	<nil>
540	3043	30	3073	<nil>
540	177	40	217	<nil>
540	192	110	302	<nil>
540	151	108	259	<nil>
540	192	110	302	<nil>
540	6044	110	6154	<nil>
540	2629	111	2740	<nil>
540	229	31	260	<nil>
540	193	110	303	<nil>
540	193	115	308	<nil>
540	192	109	301	<nil>
540	177	24	201	<nil>
540	183	22	205	<nil>
540	192	109	301	<nil>
540	192	110	302	<nil>
540	188	116	304	<nil>
540	2704	23	2727	<nil>
540	188	115	303	<nil>
540	193	115	308	<nil>
540	1178	29	1207	<nil>
540	193	111	304	<nil>
540	154	112	266	<nil>
540	166	110	276	<nil>
540	165	113	278	<nil>
540	270	35	305	<nil>
540	154	110	264	<nil>
540	149	112	261	<nil>
540	192	111	303	<nil>
540	188	117	305	<nil>
540	197	113	310	<nil>
540	2611	112	2723	<nil>
540	193	109	302	<nil>
540	219	25	244	<nil>
540	188	29	217	<nil>
540	180	28	208	<nil>
540	186	30	216	<nil>
540	178	26	204	<nil>
540	174	34	208	<nil>
540	178	32	210	<nil>
540	2742	29	2771	<nil>
540	6093	28	6121	<nil>
540	180	26	206	<nil>
540	187	29	216	<nil>
540	229	31	260	<nil>
540	183	37	220	<nil>
540	183	38	221	<nil>
540	149	110	259	<nil>
540	193	109	302	<nil>
540	173	36	209	<nil>
540	3120	110	3230	<nil>
540	211	30	241	<nil>
540	111	33	144	<nil>
540	177	42	219	<nil>
540	107	33	140	<nil>
540	116	28	144	<nil>
540	2728	43	2771	<nil>
540	179	45	224	<nil>
540	187	42	229	<nil>
540	179	45	224	<nil>
540	114	36	150	<nil>
540	112	38	150	<nil>
540	114	37	151	<nil>
540	111	37	148	<nil>
540	111	43	154	<nil>
540	112	80	192	<nil>
540	108	110	218	<nil>
540	119	213	332	<nil>
540	108	224	332	<nil>
540	189	0	189	rpc error: code = Unavailable desc = transport is closing
540	115	228	343	<nil>
540	466	0	466	rpc error: code = Unavailable desc = transport is closing
540	189	0	189	rpc error: code = Unavailable desc = transport is closing
540	113	250	363	<nil>
540	896	0	896	rpc error: code = Unavailable desc = transport is closing
540	894	0	894	rpc error: code = Unavailable desc = transport is closing
540	897	0	897	rpc error: code = Unavailable desc = transport is closing
540	1259	0	1259	rpc error: code = Unavailable desc = transport is closing
540	29762	0	29762	rpc error: code = Unavailable desc = transport is closing
540	3046	0	3046	rpc error: code = Unavailable desc = transport is closing
540	901	0	901	rpc error: code = Unavailable desc = transport is closing
540	6453	0	6453	rpc error: code = Unavailable desc = transport is closing
540	188	0	188	rpc error: code = Unavailable desc = transport is closing
540	8790	254	9044	<nil>
540	186	0	186	rpc error: code = Unavailable desc = transport is closing
540	111	256	367	<nil>
540	116	254	370	<nil>
540	106	255	361	<nil>
540	117	255	372	<nil>
540	119	255	374	<nil>
540	3277	0	3277	rpc error: code = Unavailable desc = transport is closing
540	5855	0	5855	rpc error: code = Unavailable desc = transport is closing
540	134	238	372	<nil>
540	2736	241	2977	<nil>
540	166	210	376	<nil>
540	2644	245	2889	<nil>
540	132	244	376	<nil>
540	3254	245	3499	<nil>
540	112	272	384	<nil>
540	1022	0	1022	rpc error: code = Unavailable desc = transport is closing
540	221	0	221	rpc error: code = Unavailable desc = transport is closing
540	1337	0	1337	rpc error: code = Unavailable desc = transport is closing
540	132	245	377	<nil>
540	3086	246	3332	<nil>
540	129	248	377	<nil>
540	111	274	385	<nil>
540	234	0	234	rpc error: code = Unavailable desc = transport is closing
540	1391	0	1391	rpc error: code = Unavailable desc = transport is closing
540	235	0	235	rpc error: code = Unavailable desc = transport is closing
540	473	0	473	rpc error: code = Unavailable desc = transport is closing
540	1932	0	1932	rpc error: code = Unavailable desc = transport is closing
540	960	0	960	rpc error: code = Unavailable desc = transport is closing
540	132	239	371	<nil>
540	141	239	380	<nil>
540	6490	0	6490	rpc error: code = Unavailable desc = transport is closing
540	234	0	234	rpc error: code = Unavailable desc = transport is closing
540	119	0	119	rpc error: code = Unavailable desc = transport is closing
540	912	0	912	rpc error: code = Unavailable desc = transport is closing
540	363	0	363	rpc error: code = Unavailable desc = transport is closing
540	230	0	230	rpc error: code = Unavailable desc = transport is closing
540	141	239	380	<nil>
540	5808	0	5808	rpc error: code = Unavailable desc = transport is closing
540	234	53	287	<nil>
540	236	51	287	<nil>
540	236	51	287	<nil>
540	235	52	287	<nil>
540	199	54	253	<nil>
540	2967	52	3019	<nil>
540	235	54	289	<nil>
540	234	56	290	<nil>
540	235	52	287	<nil>
540	233	56	289	<nil>
540	133	239	372	<nil>
540	2799	0	2799	rpc error: code = Unavailable desc = transport is closing
540	132	238	370	<nil>
540	497	0	497	rpc error: code = Unavailable desc = transport is closing
540	190	0	190	rpc error: code = Unavailable desc = transport is closing
540	238	54	292	<nil>
540	258	31	289	<nil>
540	258	33	291	<nil>
540	255	31	286	<nil>
540	237	53	290	<nil>
540	133	239	372	<nil>
540	133	239	372	<nil>
540	268	35	303	<nil>
540	454	0	454	rpc error: code = Unavailable desc = transport is closing
540	263	39	302	<nil>
540	245	35	280	<nil>
540	3484	34	3518	<nil>
540	141	239	380	<nil>
540	214	34	248	<nil>
540	283	35	318	<nil>
540	287	40	327	<nil>
540	282	34	316	<nil>
540	259	34	293	<nil>
540	115	279	394	<nil>
540	140	238	378	<nil>
540	382	0	382	rpc error: code = Unavailable desc = transport is closing
540	349	0	349	rpc error: code = Unavailable desc = transport is closing
540	1270	61	1331	<nil>
540	313	167	480	<nil>
540	248	169	417	<nil>
540	277	169	446	<nil>
540	276	170	446	<nil>
540	11175	0	11175	rpc error: code = Unavailable desc = transport is closing
540	314	171	485	<nil>
540	329	172	501	<nil>
540	1517	0	1517	rpc error: code = Unavailable desc = transport is closing
540	313	173	486	<nil>
540	342	163	505	<nil>
540	283	165	448	<nil>
540	283	165	448	<nil>
540	454	0	454	rpc error: code = Unavailable desc = transport is closing
540	1255	0	1255	rpc error: code = Unavailable desc = transport is closing
540	353	135	488	<nil>
540	331	175	506	<nil>
540	290	164	454	<nil>
540	352	135	487	<nil>
540	410	0	410	rpc error: code = Unavailable desc = transport is closing
540	337	166	503	<nil>
540	366	137	503	<nil>
540	370	136	506	<nil>
540	327	161	488	<nil>
540	190	0	190	rpc error: code = Unavailable desc = transport is closing
540	327	136	463	<nil>
540	323	166	489	<nil>
540	229	137	366	<nil>
540	287	164	451	<nil>
540	3040	176	3216	<nil>
540	23921	43	23964	<nil>
540	180	28	208	<nil>
540	378	0	378	rpc error: code = Unavailable desc = transport is closing
540	206	9	215	<nil>
540	149	0	149	rpc error: code = Unavailable desc = transport is closing
540	192	0	192	rpc error: code = Unavailable desc = transport is closing
540	11019	0	11019	rpc error: code = Unavailable desc = transport is closing
540	193	0	193	rpc error: code = Unavailable desc = transport is closing
540	11245	0	11245	rpc error: code = Unavailable desc = transport is closing
540	191	5	196	<nil>
540	213	12	225	<nil>
540	279	172	451	<nil>
540	208	14	222	<nil>
540	2921	181	3102	<nil>
540	322	131	453	<nil>
540	320	131	451	<nil>
540	1236	167	1403	<nil>
540	366	62	428	<nil>
540	427	62	489	<nil>
540	428	25	453	<nil>
540	209	14	223	<nil>
540	418	0	418	rpc error: code = Unavailable desc = transport is closing
540	328	183	511	<nil>
540	9503	182	9685	<nil>
540	303	183	486	<nil>
540	281	172	453	<nil>
540	16401	143	16544	<nil>
540	329	129	458	<nil>
540	208	15	223	<nil>
540	427	27	454	<nil>
540	279	175	454	<nil>
540	326	131	457	<nil>
540	209	16	225	<nil>
540	309	145	454	<nil>
540	308	145	453	<nil>
540	406	48	454	<nil>
540	1508	0	1508	rpc error: code = Unavailable desc = transport is closing
540	251	134	385	<nil>
540	214	15	229	<nil>
540	1324	79	1403	<nil>
540	263	144	407	<nil>
540	309	146	455	<nil>
540	491	0	491	rpc error: code = Unavailable desc = transport is closing
540	310	144	454	<nil>
540	331	184	515	<nil>
540	408	0	408	rpc error: code = Unavailable desc = transport is closing
540	561	0	561	rpc error: code = Unavailable desc = transport is closing
540	370	145	515	<nil>
540	356	97	453	<nil>
540	285	174	459	<nil>
540	10110	134	10244	<nil>
540	3066	145	3211	<nil>
540	271	183	454	<nil>
540	931	0	931	rpc error: code = Unavailable desc = transport is closing
540	359	100	459	<nil>
540	282	171	453	<nil>
540	254	14	268	<nil>
540	283	171	454	<nil>
540	3101	136	3237	<nil>
540	419	0	419	rpc error: code = Unavailable desc = transport is closing
540	534	0	534	rpc error: code = Unavailable desc = transport is closing
540	279	178	457	<nil>
540	215	13	228	<nil>
540	280	178	458	<nil>
540	374	85	459	<nil>
540	292	173	465	<nil>
540	320	137	457	<nil>
540	9715	13	9728	<nil>
540	113	149	262	<nil>
540	284	177	461	<nil>
540	474	0	474	rpc error: code = Unavailable desc = transport is closing
540	271	189	460	<nil>
540	320	137	457	<nil>
540	329	175	504	<nil>
540	10040	103	10143	<nil>
540	279	181	460	<nil>
540	280	179	459	<nil>
540	274	189	463	<nil>
540	389	69	458	<nil>
540	368	0	368	rpc error: code = Unavailable desc = transport is closing
540	103	165	268	<nil>
540	182	26	208	<nil>
540	225	25	250	<nil>
540	279	181	460	<nil>
540	224	25	249	<nil>
540	218	36	254	<nil>
540	271	187	458	<nil>
540	183	25	208	<nil>
540	223	31	254	<nil>
540	216	36	252	<nil>
540	215	15	230	<nil>
540	309	151	460	<nil>
540	179	27	206	<nil>
540	5156	15	5171	<nil>
540	3085	165	3250	<nil>
540	3091	165	3256	<nil>
540	224	28	252	<nil>
540	227	26	253	<nil>
540	226	27	253	<nil>
540	216	38	254	<nil>
540	205	45	250	<nil>
540	227	28	255	<nil>
540	378	124	502	<nil>
540	221	33	254	<nil>
540	182	28	210	<nil>
540	195	30	225	<nil>
540	192	0	192	rpc error: code = Unavailable desc = transport is closing
540	205	8	213	<nil>
540	205	9	214	<nil>
540	193	0	193	rpc error: code = Unavailable desc = transport is closing
540	376	86	462	<nil>
540	209	6	215	<nil>
540	190	8	198	<nil>
540	277	182	459	<nil>
540	208	10	218	<nil>
540	206	12	218	<nil>
540	212	7	219	<nil>
540	321	132	453	<nil>
540	283	142	425	<nil>
540	209	11	220	<nil>
540	192	9	201	<nil>
540	284	170	454	<nil>
540	320	133	453	<nil>
540	1473	0	1473	rpc error: code = Unavailable desc = transport is closing
540	186	20	206	<nil>
540	247	182	429	<nil>
540	914	0	914	rpc error: code = Unavailable desc = transport is closing
540	213	15	228	<nil>
540	209	17	226	<nil>
540	213	13	226	<nil>
540	216	20	236	<nil>
540	211	18	229	<nil>
540	1445	0	1445	rpc error: code = Unavailable desc = transport is closing
540	195	13	208	<nil>
540	211	14	225	<nil>
540	152	18	170	<nil>
540	257	12	269	<nil>
540	196	13	209	<nil>
540	428	31	459	<nil>
540	215	12	227	<nil>
540	193	16	209	<nil>
540	211	17	228	<nil>
540	215	14	229	<nil>
540	379	124	503	<nil>
540	192	18	210	<nil>
540	210	23	233	<nil>
540	1510	0	1510	rpc error: code = Unavailable desc = transport is closing
540	215	15	230	<nil>
540	213	16	229	<nil>
540	261	14	275	<nil>
540	196	19	215	<nil>
540	217	19	236	<nil>
540	213	18	231	<nil>
540	197	17	214	<nil>
540	212	22	234	<nil>
540	215	19	234	<nil>
540	217	17	234	<nil>
540	194	19	213	<nil>
540	210	22	232	<nil>
540	214	18	232	<nil>
540	196	17	213	<nil>
540	214	14	228	<nil>
540	215	14	229	<nil>
540	193	20	213	<nil>
540	214	14	228	<nil>
540	180	28	208	<nil>
540	213	45	258	<nil>
540	212	20	232	<nil>
540	1637	0	1637	rpc error: code = Unavailable desc = transport is closing
540	205	22	227	<nil>
540	214	17	231	<nil>
540	124	21	145	<nil>
540	220	15	235	<nil>
540	214	18	232	<nil>
540	211	22	233	<nil>
540	255	21	276	<nil>
540	218	17	235	<nil>
540	214	19	233	<nil>
540	1544	0	1544	rpc error: code = Unavailable desc = transport is closing
540	442	0	442	rpc error: code = Unavailable desc = transport is closing
540	519	0	519	rpc error: code = Unavailable desc = transport is closing
540	966	0	966	rpc error: code = Unavailable desc = transport is closing
540	449	0	449	rpc error: code = Unavailable desc = transport is closing
540	493	0	493	rpc error: code = Unavailable desc = transport is closing
540	508	0	508	rpc error: code = Unavailable desc = transport is closing
540	522	0	522	rpc error: code = Unavailable desc = transport is closing
540	10382	0	10382	rpc error: code = Unavailable desc = transport is closing
540	461	0	461	rpc error: code = Unavailable desc = transport is closing
540	1482	0	1482	rpc error: code = Unavailable desc = transport is closing
540	1578	0	1578	rpc error: code = Unavailable desc = transport is closing
540	479	0	479	rpc error: code = Unavailable desc = transport is closing
540	510	0	510	rpc error: code = Unavailable desc = transport is closing
540	1455	0	1455	rpc error: code = Unavailable desc = transport is closing
540	1440	0	1440	rpc error: code = Unavailable desc = transport is closing
540	602	0	602	rpc error: code = Unavailable desc = transport is closing
540	604	0	604	rpc error: code = Unavailable desc = transport is closing
540	385	0	385	rpc error: code = Unavailable desc = transport is closing
540	430	0	430	rpc error: code = Unavailable desc = transport is closing
540	1543	0	1543	rpc error: code = Unavailable desc = transport is closing
540	1444	0	1444	rpc error: code = Unavailable desc = transport is closing
540	904	0	904	rpc error: code = Unavailable desc = transport is closing
540	949	0	949	rpc error: code = Unavailable desc = transport is closing
540	394	0	394	rpc error: code = Unavailable desc = transport is closing
540	595	0	595	rpc error: code = Unavailable desc = transport is closing
540	9046	0	9046	rpc error: code = Unavailable desc = transport is closing
540	452	0	452	rpc error: code = Unavailable desc = transport is closing
540	468	0	468	rpc error: code = Unavailable desc = transport is closing
540	411	0	411	rpc error: code = Unavailable desc = transport is closing
540	1446	0	1446	rpc error: code = Unavailable desc = transport is closing
540	437	0	437	rpc error: code = Unavailable desc = transport is closing
540	483	0	483	rpc error: code = Unavailable desc = transport is closing
540	425	0	425	rpc error: code = Unavailable desc = transport is closing
540	1443	0	1443	rpc error: code = Unavailable desc = transport is closing
540	469	0	469	rpc error: code = Unavailable desc = transport is closing
540	468	0	468	rpc error: code = Unavailable desc = transport is closing
540	420	0	420	rpc error: code = Unavailable desc = transport is closing
540	988	0	988	rpc error: code = Unavailable desc = transport is closing
540	456	0	456	rpc error: code = Unavailable desc = transport is closing
540	456	0	456	rpc error: code = Unavailable desc = transport is closing
540	921	0	921	rpc error: code = Unavailable desc = transport is closing
540	10318	0	10318	rpc error: code = Unavailable desc = transport is closing
540	711	10	721	<nil>
540	711	24	735	<nil>
540	715	26	741	<nil>
540	714	10	724	<nil>
540	671	20	691	<nil>
540	665	22	687	<nil>
540	711	11	722	<nil>
540	705	22	727	<nil>
540	704	18	722	<nil>
540	713	23	736	<nil>
540	713	21	734	<nil>
540	668	19	687	<nil>
540	665	19	684	<nil>
540	665	23	688	<nil>
540	666	22	688	<nil>
540	667	24	691	<nil>
540	667	25	692	<nil>
540	666	28	694	<nil>
540	710	28	738	<nil>
540	663	24	687	<nil>
540	666	20	686	<nil>
540	668	21	689	<nil>
540	684	22	706	<nil>
540	719	26	745	<nil>
540	671	21	692	<nil>
540	717	11	728	<nil>
540	717	28	745	<nil>
540	663	25	688	<nil>
540	712	13	725	<nil>
540	680	41	721	<nil>
540	671	40	711	<nil>
540	714	46	760	<nil>
540	709	28	737	<nil>
540	673	23	696	<nil>
540	713	20	733	<nil>
540	758	22	780	<nil>
540	5600	22	5622	<nil>
540	723	22	745	<nil>
540	723	20	743	<nil>
540	2914	23	2937	<nil>
540	714	22	736	<nil>
540	715	26	741	<nil>
540	712	22	734	<nil>
540	713	22	735	<nil>
540	713	20	733	<nil>
540	709	22	731	<nil>
540	713	21	734	<nil>
540	707	25	732	<nil>
540	652	10	662	<nil>
540	705	27	732	<nil>
540	3138	21	3159	<nil>
540	735	24	759	<nil>
540	708	13	721	<nil>
540	713	26	739	<nil>
540	706	29	735	<nil>
540	17538	20	17558	<nil>
540	751	22	773	<nil>
540	2923	21	2944	<nil>
540	730	13	743	<nil>
540	766	21	787	<nil>
540	752	25	777	<nil>
540	709	34	743	<nil>
540	722	21	743	<nil>
540	756	30	786	<nil>
540	719	19	738	<nil>
540	714	21	735	<nil>
540	769	11	780	<nil>
540	727	14	741	<nil>
540	766	21	787	<nil>
540	734	25	759	<nil>
540	778	26	804	<nil>
540	746	124	870	<nil>
540	702	156	858	<nil>
540	749	152	901	<nil>
540	752	125	877	<nil>
540	723	148	871	<nil>
540	718	153	871	<nil>
540	702	153	855	<nil>
540	711	152	863	<nil>
540	3166	144	3310	<nil>
540	705	180	885	<nil>
540	718	163	881	<nil>
540	709	179	888	<nil>
540	788	145	933	<nil>
540	712	177	889	<nil>
540	16205	146	16351	<nil>
540	706	182	888	<nil>
540	718	174	892	<nil>
540	715	176	891	<nil>
540	715	176	891	<nil>
540	723	169	892	<nil>
540	718	187	905	<nil>
540	725	197	922	<nil>
540	721	172	893	<nil>
540	712	181	893	<nil>
540	706	185	891	<nil>
540	695	195	890	<nil>
540	722	189	911	<nil>
540	721	187	908	<nil>
540	726	180	906	<nil>
540	712	197	909	<nil>
540	710	180	890	<nil>
540	713	212	925	<nil>
540	721	182	903	<nil>
540	725	197	922	<nil>
540	748	179	927	<nil>
540	716	207	923	<nil>
540	725	214	939	<nil>
540	716	217	933	<nil>
540	729	212	941	<nil>
540	738	211	949	<nil>
540	2934	217	3151	<nil>
540	706	226	932	<nil>
540	159	214	373	<nil>
540	2946	194	3140	<nil>
540	727	220	947	<nil>
540	65	207	272	<nil>
540	74	205	279	<nil>
540	712	226	938	<nil>
540	721	219	940	<nil>
540	716	188	904	<nil>
540	725	229	954	<nil>
540	727	209	936	<nil>
540	730	209	939	<nil>
540	10463	211	10674	<nil>
540	713	231	944	<nil>
540	745	210	955	<nil>
540	178	104	282	<nil>
540	71	211	282	<nil>
540	725	216	941	<nil>
540	730	215	945	<nil>
540	17022	215	17237	<nil>
540	739	211	950	<nil>
540	730	215	945	<nil>
540	3081	207	3288	<nil>
540	69	213	282	<nil>
540	79	203	282	<nil>
540	737	218	955	<nil>
540	730	218	948	<nil>
540	726	218	944	<nil>
540	734	220	954	<nil>
540	731	217	948	<nil>
540	740	215	955	<nil>
540	3028	214	3242	<nil>
540	736	212	948	<nil>
540	727	221	948	<nil>
540	732	219	951	<nil>
540	700	211	911	<nil>
540	3159	223	3382	<nil>
540	748	210	958	<nil>
540	765	201	966	<nil>
540	204	212	416	<nil>
540	781	208	989	<nil>
540	723	245	968	<nil>
540	3184	221	3405	<nil>
540	758	221	979	<nil>
540	752	221	973	<nil>
540	763	221	984	<nil>
540	1292	171	1463	<nil>
540	3184	267	3451	<nil>
540	755	325	1080	<nil>
540	6179	288	6467	<nil>
540	781	319	1100	<nil>
540	3040	289	3329	<nil>
540	3005	303	3308	<nil>
540	3049	350	3399	<nil>
540	3009	303	3312	<nil>
540	756	350	1106	<nil>
540	801	336	1137	<nil>
540	2706	287	2993	<nil>
540	885	254	1139	<nil>
540	3009	332	3341	<nil>
540	14581	265	14846	<nil>
540	133	284	417	<nil>
540	900	238	1138	<nil>
540	888	254	1142	<nil>
540	891	256	1147	<nil>
540	1186	259	1445	<nil>
540	1160	285	1445	<nil>
540	3094	257	3351	<nil>
540	138	292	430	<nil>
540	179	260	439	<nil>
540	3065	284	3349	<nil>
540	170	286	456	<nil>
540	153	294	447	<nil>
540	884	261	1145	<nil>
540	1136	296	1432	<nil>
540	160	256	416	<nil>
540	173	238	411	<nil>
540	133	298	431	<nil>
540	929	233	1162	<nil>
540	926	239	1165	<nil>
540	3139	244	3383	<nil>
540	925	232	1157	<nil>
540	925	235	1160	<nil>
540	3132	237	3369	<nil>
540	3220	236	3456	<nil>
540	3228	229	3457	<nil>
540	923	236	1159	<nil>
540	935	226	1161	<nil>
540	2819	212	3031	<nil>
540	191	246	437	<nil>
540	372	249	621	<nil>
540	299	226	525	<nil>
540	3227	256	3483	<nil>
540	3157	243	3400	<nil>
540	194	327	521	<nil>
540	194	331	525	<nil>
540	194	333	527	<nil>
540	297	238	535	<nil>
540	199	334	533	<nil>
540	227	298	525	<nil>
540	219	315	534	<nil>
540	240	295	535	<nil>
540	2799	341	3140	<nil>
540	199	343	542	<nil>
540	198	343	541	<nil>
540	240	296	536	<nil>
540	201	344	545	<nil>
540	190	344	534	<nil>
540	225	322	547	<nil>
540	1245	356	1601	<nil>
540	266	269	535	<nil>
540	215	259	474	<nil>
540	79	358	437	<nil>
540	77	358	435	<nil>
540	76	358	434	<nil>
540	79	358	437	<nil>
540	76	364	440	<nil>
540	78	363	441	<nil>
540	115	326	441	<nil>
540	79	363	442	<nil>
540	988	340	1328	<nil>
540	989	348	1337	<nil>
540	5870	370	6240	<nil>
540	1473	371	1844	<nil>
540	3177	381	3558	<nil>
540	6145	377	6522	<nil>
540	3177	382	3559	<nil>
540	3271	376	3647	<nil>
540	971	380	1351	<nil>
540	5996	412	6408	<nil>
540	3399	413	3812	<nil>
540	969	412	1381	<nil>
540	24780	413	25193	<nil>
540	972	406	1378	<nil>
540	10290	412	10702	<nil>
540	3181	409	3590	<nil>
540	971	412	1383	<nil>
540	401	421	822	<nil>
540	3287	391	3678	<nil>
540	975	408	1383	<nil>
540	1468	414	1882	<nil>
540	965	413	1378	<nil>
540	973	410	1383	<nil>
540	412	429	841	<nil>
540	88	428	516	<nil>
540	86	461	547	<nil>
540	83	461	544	<nil>
540	93	458	551	<nil>
540	162	385	547	<nil>
540	439	279	718	<nil>
540	397	320	717	<nil>
540	183	353	536	<nil>
540	92	478	570	<nil>
540	435	283	718	<nil>
540	395	323	718	<nil>
540	2937	389	3326	<nil>
540	156	408	564	<nil>
540	164	385	549	<nil>
540	397	323	720	<nil>
540	216	302	518	<nil>
540	422	300	722	<nil>
540	423	299	722	<nil>
540	400	301	701	<nil>
540	430	293	723	<nil>
540	423	297	720	<nil>
540	436	287	723	<nil>
540	426	296	722	<nil>
540	433	291	724	<nil>
540	398	320	718	<nil>
540	439	661	1100	<nil>
540	421	679	1100	<nil>
540	441	669	1110	<nil>
540	423	683	1106	<nil>
540	429	680	1109	<nil>
540	423	684	1107	<nil>
540	430	677	1107	<nil>
540	435	670	1105	<nil>
540	273	606	879	<nil>
540	247	673	920	<nil>
540	234	676	910	<nil>
540	286	675	961	<nil>
540	1166	676	1842	<nil>
540	645	469	1114	<nil>
540	413	470	883	<nil>
540	435	676	1111	<nil>
540	3039	679	3718	<nil>
540	421	691	1112	<nil>
540	10665	639	11304	<nil>
540	69	674	743	<nil>
540	266	674	940	<nil>
540	422	690	1112	<nil>
540	224	674	898	<nil>
540	325	558	883	<nil>
540	410	473	883	<nil>
540	325	558	883	<nil>
540	295	585	880	<nil>
540	300	584	884	<nil>
540	3498	559	4057	<nil>
540	326	557	883	<nil>
540	41	551	592	<nil>
540	363	558	921	<nil>
540	3586	557	4143	<nil>
540	16588	551	17139	<nil>
540	326	558	884	<nil>
540	450	470	920	<nil>
540	414	469	883	<nil>
540	646	469	1115	<nil>
540	645	470	1115	<nil>
540	410	473	883	<nil>
540	329	558	887	<nil>
540	310	574	884	<nil>
540	414	470	884	<nil>
540	31	555	586	<nil>
540	646	470	1116	<nil>
540	558	558	1116	<nil>
540	50	543	593	<nil>
540	100	595	695	<nil>
540	382	502	884	<nil>
540	269	612	881	<nil>
540	348	471	819	<nil>
540	76	644	720	<nil>
540	411	473	884	<nil>
540	64	552	616	<nil>
540	557	559	1116	<nil>
540	299	584	883	<nil>
540	107	595	702	<nil>
540	9124	644	9768	<nil>
540	274	610	884	<nil>
540	302	582	884	<nil>
540	4991	618	5609	<nil>
540	414	471	885	<nil>
540	273	611	884	<nil>
540	415	470	885	<nil>
540	239	449	688	<nil>
540	610	678	1288	<nil>
540	415	471	886	<nil>
540	78	679	757	<nil>
540	115	595	710	<nil>
540	411	472	883	<nil>
540	379	505	884	<nil>
540	289	594	883	<nil>
540	240	449	689	<nil>
540	225	451	676	<nil>
540	244	450	694	<nil>
540	10702	469	11171	<nil>
540	58	422	480	<nil>
540	410	470	880	<nil>
540	9646	422	10068	<nil>
540	81	472	553	<nil>
540	297	586	883	<nil>
540	408	476	884	<nil>
540	57	517	574	<nil>
540	229	545	774	<nil>
540	552	523	1075	<nil>
540	239	569	808	<nil>
540	54	533	587	<nil>
540	36	534	570	<nil>
540	5208	522	5730	<nil>
540	62	521	583	<nil>
540	50	538	588	<nil>
540	59	535	594	<nil>
540	56	542	598	<nil>
540	16653	541	17194	<nil>
540	78	542	620	<nil>
540	51	533	584	<nil>
540	54	533	587	<nil>
540	53	534	587	<nil>
540	83	568	651	<nil>
540	721	523	1244	<nil>
540	722	523	1245	<nil>
540	50	538	588	<nil>
540	54	530	584	<nil>
540	61	560	621	<nil>
540	499	560	1059	<nil>
540	731	559	1290	<nil>
540	500	560	1060	<nil>
540	65	558	623	<nil>
540	32	562	594	<nil>
540	170	564	734	<nil>
540	732	562	1294	<nil>
540	33	561	594	<nil>
540	499	563	1062	<nil>
540	717	44	761	<nil>
540	745	46	791	<nil>
540	732	44	776	<nil>
540	743	45	788	<nil>
540	732	44	776	<nil>
540	724	46	770	<nil>
540	746	45	791	<nil>
540	744	44	788	<nil>
540	747	44	791	<nil>
540	729	46	775	<nil>
540	731	46	777	<nil>
540	863	42	905	<nil>
540	743	46	789	<nil>
540	3909	50	3959	<nil>
540	861	35	896	<nil>
540	872	41	913	<nil>
540	921	51	972	<nil>
540	729	53	782	<nil>
540	887	28	915	<nil>
540	875	43	918	<nil>
540	864	41	905	<nil>
540	713	23	736	<nil>
540	954	24	978	<nil>
540	747	53	800	<nil>
540	744	55	799	<nil>
540	10610	53	10663	<nil>
540	887	27	914	<nil>
540	730	46	776	<nil>
540	871	37	908	<nil>
540	872	51	923	<nil>
540	875	51	926	<nil>
540	886	27	913	<nil>
540	1506	23	1529	<nil>
540	737	27	764	<nil>
540	715	30	745	<nil>
540	875	51	926	<nil>
540	896	29	925	<nil>
540	852	40	892	<nil>
540	2064	26	2090	<nil>
540	881	32	913	<nil>
540	889	37	926	<nil>
540	2066	23	2089	<nil>
540	16022	29	16051	<nil>
540	886	28	914	<nil>
540	885	28	913	<nil>
540	711	32	743	<nil>
540	921	47	968	<nil>
540	860	63	923	<nil>
540	885	40	925	<nil>
540	716	29	745	<nil>
540	875	60	935	<nil>
540	747	44	791	<nil>
540	874	49	923	<nil>
540	1101	41	1142	<nil>
540	2066	39	2105	<nil>
540	9994	51	10045	<nil>
540	873	69	942	<nil>
540	831	66	897	<nil>
540	2064	37	2101	<nil>
540	4275	43	4318	<nil>
540	2067	41	2108	<nil>
540	2066	43	2109	<nil>
540	2065	44	2109	<nil>
540	11523	43	11566	<nil>
540	1103	41	1144	<nil>
540	2572	41	2613	<nil>
540	1117	44	1161	<nil>
540	4495	45	4540	<nil>
540	2067	41	2108	<nil>
540	1137	43	1180	<nil>
540	2063	43	2106	<nil>
540	3934	44	3978	<nil>
540	1486	47	1533	<nil>
540	1506	45	1551	<nil>
540	1100	44	1144	<nil>
540	1102	44	1146	<nil>
540	2064	45	2109	<nil>
540	2061	46	2107	<nil>
540	2063	45	2108	<nil>
540	5819	59	5878	<nil>
540	2068	40	2108	<nil>
540	1098	46	1144	<nil>
540	2567	43	2610	<nil>
540	895	59	954	<nil>
540	4276	40	4316	<nil>
540	2554	44	2598	<nil>
540	11387	44	11431	<nil>
540	2066	45	2111	<nil>
540	738	58	796	<nil>
540	2066	45	2111	<nil>
540	2067	44	2111	<nil>
540	2066	44	2110	<nil>
540	1118	43	1161	<nil>
540	1506	44	1550	<nil>
540	4276	54	4330	<nil>
540	2064	92	2156	<nil>
540	1100	109	1209	<nil>
540	1136	182	1318	<nil>
540	1103	243	1346	<nil>
540	1103	243	1346	<nil>
540	2069	246	2315	<nil>
540	2063	246	2309	<nil>
540	1102	246	1348	<nil>
540	1100	249	1349	<nil>
540	1105	249	1354	<nil>
540	1101	254	1355	<nil>
540	1102	253	1355	<nil>
540	1103	255	1358	<nil>
540	1104	261	1365	<nil>
540	1138	262	1400	<nil>
540	1104	261	1365	<nil>
540	1103	262	1365	<nil>
540	1326	266	1592	<nil>
540	776	269	1045	<nil>
540	1326	267	1593	<nil>
540	613	267	880	<nil>
540	614	268	882	<nil>
540	3941	268	4209	<nil>
540	252	242	494	<nil>
540	45	271	316	<nil>
540	614	273	887	<nil>
540	70	246	316	<nil>
540	45	271	316	<nil>
540	228	269	497	<nil>
540	653	245	898	<nil>
540	402	104	506	<nil>
540	653	243	896	<nil>
540	426	71	497	<nil>
540	190	106	296	<nil>
540	260	254	514	<nil>
540	400	96	496	<nil>
540	448	62	510	<nil>
540	2977	102	3079	<nil>
540	252	244	496	<nil>
540	3246	60	3306	<nil>
540	455	60	515	<nil>
540	453	60	513	<nil>
540	412	97	509	<nil>
540	652	248	900	<nil>
540	45	269	314	<nil>
540	658	243	901	<nil>
540	2640	215	2855	<nil>
540	291	205	496	<nil>
540	455	66	521	<nil>
540	452	66	518	<nil>
540	246	251	497	<nil>
540	243	251	494	<nil>
540	646	247	893	<nil>
540	277	222	499	<nil>
540	258	251	509	<nil>
540	75	258	333	<nil>
540	649	247	896	<nil>
540	259	237	496	<nil>
540	644	253	897	<nil>
540	299	191	490	<nil>
540	440	51	491	<nil>
540	179	113	292	<nil>
540	381	114	495	<nil>
540	382	117	499	<nil>
540	378	118	496	<nil>
540	644	253	897	<nil>
540	378	122	500	<nil>
540	375	122	497	<nil>
540	602	274	876	<nil>
540	388	105	493	<nil>
540	259	253	512	<nil>
540	247	255	502	<nil>
540	378	122	500	<nil>
540	320	196	516	<nil>
540	292	252	544	<nil>
540	448	53	501	<nil>
540	247	255	502	<nil>
540	251	247	498	<nil>
540	655	257	912	<nil>
540	251	248	499	<nil>
540	661	240	901	<nil>
540	1076	238	1314	<nil>
540	159	135	294	<nil>
540	243	256	499	<nil>
540	446	55	501	<nil>
540	1366	257	1623	<nil>
540	657	258	915	<nil>
540	2886	213	3099	<nil>
540	5869	257	6126	<nil>
540	247	260	507	<nil>
540	291	214	505	<nil>
540	222	271	493	<nil>
540	449	57	506	<nil>
540	282	59	341	<nil>
540	6002	130	6132	<nil>
540	245	260	505	<nil>
540	451	57	508	<nil>
540	463	59	522	<nil>
540	245	56	301	<nil>
540	449	58	507	<nil>
540	451	58	509	<nil>
540	444	65	509	<nil>
540	443	64	507	<nil>
540	445	63	508	<nil>
540	464	58	522	<nil>
540	2898	81	2979	<nil>
540	446	66	512	<nil>
540	451	61	512	<nil>
540	329	167	496	<nil>
540	466	61	527	<nil>
540	406	91	497	<nil>
540	455	60	515	<nil>
540	226	269	495	<nil>
540	226	271	497	<nil>
540	1559	234	1793	<nil>
540	458	217	675	<nil>
540	456	220	676	<nil>
540	452	220	672	<nil>
540	458	216	674	<nil>
540	468	218	686	<nil>
540	452	221	673	<nil>
540	234	216	450	<nil>
540	6081	217	6298	<nil>
540	283	161	444	<nil>
540	177	204	381	<nil>
540	6086	202	6288	<nil>
540	3103	178	3281	<nil>
540	225	180	405	<nil>
540	227	179	406	<nil>
540	268	182	450	<nil>
540	259	177	436	<nil>
540	208	198	406	<nil>
540	44710	172	44882	<nil>
540	399	168	567	<nil>
540	233	180	413	<nil>
540	478	226	704	<nil>
540	2872	173	3045	<nil>
540	517	172	689	<nil>
540	282	175	457	<nil>
540	5603	233	5836	<nil>
540	1250	235	1485	<nil>
540	397	169	566	<nil>
540	277	163	440	<nil>
540	242	217	459	<nil>
540	392	173	565	<nil>
540	3163	182	3345	<nil>
540	282	174	456	<nil>
540	275	180	455	<nil>
540	1140	208	1348	<nil>
540	263	194	457	<nil>
540	2872	173	3045	<nil>
540	468	222	690	<nil>
540	399	169	568	<nil>
540	243	214	457	<nil>
540	399	169	568	<nil>
540	416	196	612	<nil>
540	1423	169	1592	<nil>
540	392	173	565	<nil>
540	287	173	460	<nil>
540	285	173	458	<nil>
540	400	194	594	<nil>
540	3222	211	3433	<nil>
540	349	245	594	<nil>
540	239	225	464	<nil>
540	3022	201	3223	<nil>
540	468	249	717	<nil>
540	224	209	433	<nil>
540	517	201	718	<nil>
540	521	195	716	<nil>
540	237	231	468	<nil>
540	260	226	486	<nil>
540	3248	221	3469	<nil>
540	207	227	434	<nil>
540	252	260	512	<nil>
540	207	227	434	<nil>
540	242	226	468	<nil>
540	228	206	434	<nil>
540	1276	204	1480	<nil>
540	409	195	604	<nil>
540	517	201	718	<nil>
540	399	196	595	<nil>
540	228	205	433	<nil>
540	234	246	480	<nil>
540	270	189	459	<nil>
540	278	194	472	<nil>
540	309	180	489	<nil>
540	258	232	490	<nil>
540	462	258	720	<nil>
540	465	255	720	<nil>
540	289	191	480	<nil>
540	1370	252	1622	<nil>
540	272	200	472	<nil>
540	247	199	446	<nil>
540	279	181	460	<nil>
540	290	200	490	<nil>
540	296	196	492	<nil>
540	202	232	434	<nil>
540	284	190	474	<nil>
540	2627	190	2817	<nil>
540	238	249	487	<nil>
540	3178	197	3375	<nil>
540	306	208	514	<nil>
540	398	198	596	<nil>
540	290	201	491	<nil>
540	293	195	488	<nil>
540	297	191	488	<nil>
540	272	242	514	<nil>
540	230	207	437	<nil>
540	468	248	716	<nil>
540	227	205	432	<nil>
540	299	191	490	<nil>
540	455	266	721	<nil>
540	521	228	749	<nil>
540	295	223	518	<nil>
540	535	227	762	<nil>
540	3124	227	3351	<nil>
540	252	222	474	<nil>
540	281	218	499	<nil>
540	294	228	522	<nil>
540	300	219	519	<nil>
540	466	255	721	<nil>
540	291	190	481	<nil>
540	285	216	501	<nil>
540	276	200	476	<nil>
540	523	200	723	<nil>
540	237	195	432	<nil>
540	266	221	487	<nil>
540	298	221	519	<nil>
540	297	219	516	<nil>
540	6082	293	6375	<nil>
540	252	290	542	<nil>
540	237	262	499	<nil>
540	16226	279	16505	<nil>
540	294	221	515	<nil>
540	277	239	516	<nil>
540	296	220	516	<nil>
540	470	280	750	<nil>
540	253	250	503	<nil>
540	295	223	518	<nil>
540	3489	24	3513	<nil>
540	3196	81	3277	<nil>
540	374	22	396	<nil>
540	3402	24	3426	<nil>
540	601	59	660	<nil>
540	372	19	391	<nil>
540	423	23	446	<nil>
540	603	101	704	<nil>
540	630	60	690	<nil>
540	457	29	486	<nil>
540	393	31	424	<nil>
540	2761	22	2783	<nil>
540	15506	39	15545	<nil>
540	416	20	436	<nil>
540	371	20	391	<nil>
540	411	19	430	<nil>
540	391	20	411	<nil>
540	389	20	409	<nil>
540	394	21	415	<nil>
540	372	21	393	<nil>
540	383	26	409	<nil>
540	384	32	416	<nil>
540	1370	19	1389	<nil>
540	583	120	703	<nil>
540	369	28	397	<nil>
540	367	33	400	<nil>
540	372	28	400	<nil>
540	378	28	406	<nil>
540	378	30	408	<nil>
540	518	141	659	<nil>
540	531	100	631	<nil>
540	2768	34	2802	<nil>
540	621	62	683	<nil>
540	388	30	418	<nil>
540	428	29	457	<nil>
540	374	30	404	<nil>
540	1596	89	1685	<nil>
540	370	37	407	<nil>
540	539	183	722	<nil>
540	564	108	672	<nil>
540	408	26	434	<nil>
540	385	28	413	<nil>
540	415	25	440	<nil>
540	622	60	682	<nil>
540	534	131	665	<nil>
540	2781	27	2808	<nil>
540	420	291	711	<nil>
540	418	291	709	<nil>
540	392	310	702	<nil>
540	405	290	695	<nil>
540	406	290	696	<nil>
540	1412	295	1707	<nil>
540	405	290	695	<nil>
540	385	310	695	<nil>
540	423	290	713	<nil>
540	410	320	730	<nil>
540	2802	320	3122	<nil>
540	459	320	779	<nil>
540	406	336	742	<nil>
540	425	337	762	<nil>
540	388	341	729	<nil>
540	386	339	725	<nil>
540	389	340	729	<nil>
540	390	336	726	<nil>
540	407	339	746	<nil>
540	492	321	813	<nil>
540	410	321	731	<nil>
540	431	321	752	<nil>
540	381	346	727	<nil>
540	412	320	732	<nil>
540	411	321	732	<nil>
540	490	321	811	<nil>
540	1424	319	1743	<nil>
540	407	321	728	<nil>
540	406	320	726	<nil>
540	494	374	868	<nil>
540	469	373	842	<nil>
540	421	375	796	<nil>
540	441	351	792	<nil>
540	421	376	797	<nil>
540	438	361	799	<nil>
540	16861	349	17210	<nil>
540	430	362	792	<nil>
540	505	360	865	<nil>
540	3465	365	3830	<nil>
540	446	349	795	<nil>
540	445	371	816	<nil>
540	442	352	794	<nil>
540	2834	356	3190	<nil>
540	508	350	858	<nil>
540	438	352	790	<nil>
540	472	379	851	<nil>
540	437	363	800	<nil>
540	5029	367	5396	<nil>
540	439	350	789	<nil>
540	427	362	789	<nil>
540	427	362	789	<nil>
540	2821	365	3186	<nil>
540	3546	376	3922	<nil>
540	508	359	867	<nil>
540	480	378	858	<nil>
540	250	350	600	<nil>
540	472	378	850	<nil>
540	5957	378	6335	<nil>
540	2823	363	3186	<nil>
540	435	359	794	<nil>
540	497	357	854	<nil>
540	487	362	849	<nil>
540	460	364	824	<nil>
540	416	374	790	<nil>
540	1395	361	1756	<nil>
540	441	350	791	<nil>
540	440	356	796	<nil>
540	511	359	870	<nil>
540	431	369	800	<nil>
540	442	350	792	<nil>
540	510	362	872	<nil>
540	239	360	599	<nil>
540	441	357	798	<nil>
540	441	361	802	<nil>
540	435	366	801	<nil>
540	510	429	939	<nil>
540	481	238	719	<nil>
540	753	239	992	<nil>
540	488	239	727	<nil>
540	5278	239	5517	<nil>
540	481	239	720	<nil>
540	739	240	979	<nil>
540	681	241	922	<nil>
540	675	240	915	<nil>
540	15833	240	16073	<nil>
540	681	246	927	<nil>
540	4943	251	5194	<nil>
540	672	250	922	<nil>
540	674	251	925	<nil>
540	3071	263	3334	<nil>
540	744	268	1012	<nil>
540	9646	276	9922	<nil>
540	6350	276	6626	<nil>
540	3092	263	3355	<nil>
540	3595	263	3858	<nil>
540	719	254	973	<nil>
540	710	260	970	<nil>
540	3100	271	3371	<nil>
540	319	289	608	<nil>
540	711	288	999	<nil>
540	714	288	1002	<nil>
540	714	285	999	<nil>
540	735	275	1010	<nil>
540	726	274	1000	<nil>
540	535	275	810	<nil>
540	485	325	810	<nil>
540	676	325	1001	<nil>
540	757	286	1043	<nil>
540	1687	337	2024	<nil>
540	727	352	1079	<nil>
540	3071	358	3429	<nil>
540	729	309	1038	<nil>
540	1736	335	2071	<nil>
540	742	396	1138	<nil>
540	672	396	1068	<nil>
540	738	355	1093	<nil>
540	738	355	1093	<nil>
540	3875	354	4229	<nil>
540	348	354	702	<nil>
540	754	355	1109	<nil>
540	3134	355	3489	<nil>
540	391	0	391	rpc error: code = Unavailable desc = transport is closing
540	391	0	391	rpc error: code = Unavailable desc = transport is closing
540	572	0	572	rpc error: code = Unavailable desc = transport is closing
540	597	0	597	rpc error: code = Unavailable desc = transport is closing
540	596	0	596	rpc error: code = Unavailable desc = transport is closing
540	569	0	569	rpc error: code = Unavailable desc = transport is closing
540	603	0	603	rpc error: code = Unavailable desc = transport is closing
540	605	0	605	rpc error: code = Unavailable desc = transport is closing
540	594	0	594	rpc error: code = Unavailable desc = transport is closing
540	3217	0	3217	rpc error: code = Unavailable desc = transport is closing
540	596	0	596	rpc error: code = Unavailable desc = transport is closing
540	602	0	602	rpc error: code = Unavailable desc = transport is closing
540	589	0	589	rpc error: code = Unavailable desc = transport is closing
540	565	0	565	rpc error: code = Unavailable desc = transport is closing
540	566	0	566	rpc error: code = Unavailable desc = transport is closing
540	604	0	604	rpc error: code = Unavailable desc = transport is closing
540	599	0	599	rpc error: code = Unavailable desc = transport is closing
540	603	0	603	rpc error: code = Unavailable desc = transport is closing
540	3217	0	3217	rpc error: code = Unavailable desc = transport is closing
540	605	0	605	rpc error: code = Unavailable desc = transport is closing
540	567	0	567	rpc error: code = Unavailable desc = transport is closing
540	568	0	568	rpc error: code = Unavailable desc = transport is closing
540	5482	0	5482	rpc error: code = Unavailable desc = transport is closing
540	3214	0	3214	rpc error: code = Unavailable desc = transport is closing
540	3214	0	3214	rpc error: code = Unavailable desc = transport is closing
540	632	0	632	rpc error: code = Unavailable desc = transport is closing
540	670	0	670	rpc error: code = Unavailable desc = transport is closing
540	631	0	631	rpc error: code = Unavailable desc = transport is closing
540	636	0	636	rpc error: code = Unavailable desc = transport is closing
540	672	0	672	rpc error: code = Unavailable desc = transport is closing
540	634	0	634	rpc error: code = Unavailable desc = transport is closing
540	645	0	645	rpc error: code = Unavailable desc = transport is closing
540	3287	0	3287	rpc error: code = Unavailable desc = transport is closing
540	639	0	639	rpc error: code = Unavailable desc = transport is closing
540	637	0	637	rpc error: code = Unavailable desc = transport is closing
540	641	0	641	rpc error: code = Unavailable desc = transport is closing
540	27284	0	27284	rpc error: code = Unavailable desc = transport is closing
540	644	0	644	rpc error: code = Unavailable desc = transport is closing
540	5516	0	5516	rpc error: code = Unavailable desc = transport is closing
540	5498	0	5498	rpc error: code = Unavailable desc = transport is closing
540	5519	0	5519	rpc error: code = Unavailable desc = transport is closing
540	632	0	632	rpc error: code = Unavailable desc = transport is closing
540	644	0	644	rpc error: code = Unavailable desc = transport is closing
540	638	0	638	rpc error: code = Unavailable desc = transport is closing
540	641	0	641	rpc error: code = Unavailable desc = transport is closing
540	638	0	638	rpc error: code = Unavailable desc = transport is closing
540	632	0	632	rpc error: code = Unavailable desc = transport is closing
540	9981	0	9981	rpc error: code = Unavailable desc = transport is closing
540	5496	0	5496	rpc error: code = Unavailable desc = transport is closing
540	641	0	641	rpc error: code = Unavailable desc = transport is closing
540	644	0	644	rpc error: code = Unavailable desc = transport is closing
540	5590	0	5590	rpc error: code = Unavailable desc = transport is closing
540	642	0	642	rpc error: code = Unavailable desc = transport is closing
540	642	0	642	rpc error: code = Unavailable desc = transport is closing
540	632	0	632	rpc error: code = Unavailable desc = transport is closing
540	632	0	632	rpc error: code = Unavailable desc = transport is closing
540	642	0	642	rpc error: code = Unavailable desc = transport is closing
540	644	0	644	rpc error: code = Unavailable desc = transport is closing
540	633	0	633	rpc error: code = Unavailable desc = transport is closing
540	632	0	632	rpc error: code = Unavailable desc = transport is closing
540	633	0	633	rpc error: code = Unavailable desc = transport is closing
540	653	247	900	<nil>
540	1537	0	1537	rpc error: code = Unavailable desc = transport is closing
540	3301	0	3301	rpc error: code = Unavailable desc = transport is closing
540	688	0	688	rpc error: code = Unavailable desc = transport is closing
540	5821	0	5821	rpc error: code = Unavailable desc = transport is closing
540	5516	0	5516	rpc error: code = Unavailable desc = transport is closing
540	656	0	656	rpc error: code = Unavailable desc = transport is closing
540	658	0	658	rpc error: code = Unavailable desc = transport is closing
540	654	0	654	rpc error: code = Unavailable desc = transport is closing
540	641	0	641	rpc error: code = Unavailable desc = transport is closing
540	1508	0	1508	rpc error: code = Unavailable desc = transport is closing
540	1672	0	1672	rpc error: code = Unavailable desc = transport is closing
540	503	0	503	rpc error: code = Unavailable desc = transport is closing
540	657	0	657	rpc error: code = Unavailable desc = transport is closing
540	492	0	492	rpc error: code = Unavailable desc = transport is closing
540	1490	0	1490	rpc error: code = Unavailable desc = transport is closing
540	480	0	480	rpc error: code = Unavailable desc = transport is closing
540	657	0	657	rpc error: code = Unavailable desc = transport is closing
540	1535	0	1535	rpc error: code = Unavailable desc = transport is closing
540	5957	0	5957	rpc error: code = Unavailable desc = transport is closing
540	657	0	657	rpc error: code = Unavailable desc = transport is closing
540	653	0	653	rpc error: code = Unavailable desc = transport is closing
540	508	0	508	rpc error: code = Unavailable desc = transport is closing
540	5604	0	5604	rpc error: code = Unavailable desc = transport is closing
540	651	0	651	rpc error: code = Unavailable desc = transport is closing
540	3302	0	3302	rpc error: code = Unavailable desc = transport is closing
540	642	0	642	rpc error: code = Unavailable desc = transport is closing
540	1485	0	1485	rpc error: code = Unavailable desc = transport is closing
540	16288	0	16288	rpc error: code = Unavailable desc = transport is closing
540	645	0	645	rpc error: code = Unavailable desc = transport is closing
540	5605	0	5605	rpc error: code = Unavailable desc = transport is closing
540	399	0	399	rpc error: code = Unavailable desc = transport is closing
540	386	0	386	rpc error: code = Unavailable desc = transport is closing
540	638	0	638	rpc error: code = Unavailable desc = transport is closing
540	502	0	502	rpc error: code = Unavailable desc = transport is closing
540	1533	0	1533	rpc error: code = Unavailable desc = transport is closing
540	645	0	645	rpc error: code = Unavailable desc = transport is closing
540	650	0	650	rpc error: code = Unavailable desc = transport is closing
540	658	0	658	rpc error: code = Unavailable desc = transport is closing
540	5732	0	5732	rpc error: code = Unavailable desc = transport is closing
540	648	0	648	rpc error: code = Unavailable desc = transport is closing
540	1659	0	1659	rpc error: code = Unavailable desc = transport is closing
540	16067	0	16067	rpc error: code = Unavailable desc = transport is closing
540	638	0	638	rpc error: code = Unavailable desc = transport is closing
540	1405	0	1405	rpc error: code = Unavailable desc = transport is closing
540	651	0	651	rpc error: code = Unavailable desc = transport is closing
540	5519	0	5519	rpc error: code = Unavailable desc = transport is closing
540	654	0	654	rpc error: code = Unavailable desc = transport is closing
540	648	0	648	rpc error: code = Unavailable desc = transport is closing
540	3301	0	3301	rpc error: code = Unavailable desc = transport is closing
540	1533	0	1533	rpc error: code = Unavailable desc = transport is closing
540	642	0	642	rpc error: code = Unavailable desc = transport is closing
540	658	0	658	rpc error: code = Unavailable desc = transport is closing
540	648	0	648	rpc error: code = Unavailable desc = transport is closing
540	652	0	652	rpc error: code = Unavailable desc = transport is closing
540	9888	0	9888	rpc error: code = Unavailable desc = transport is closing
540	675	0	675	rpc error: code = Unavailable desc = transport is closing
540	1490	0	1490	rpc error: code = Unavailable desc = transport is closing
540	5398	0	5398	rpc error: code = Unavailable desc = transport is closing
540	1534	0	1534	rpc error: code = Unavailable desc = transport is closing
540	5778	0	5778	rpc error: code = Unavailable desc = transport is closing
540	5659	0	5659	rpc error: code = Unavailable desc = transport is closing
540	5570	0	5570	rpc error: code = Unavailable desc = transport is closing
540	10006	0	10006	rpc error: code = Unavailable desc = transport is closing
540	539	0	539	rpc error: code = Unavailable desc = transport is closing
540	5657	0	5657	rpc error: code = Unavailable desc = transport is closing
540	3367	0	3367	rpc error: code = Unavailable desc = transport is closing
540	5802	0	5802	rpc error: code = Unavailable desc = transport is closing
540	5597	0	5597	rpc error: code = Unavailable desc = transport is closing
540	5574	0	5574	rpc error: code = Unavailable desc = transport is closing
540	5665	0	5665	rpc error: code = Unavailable desc = transport is closing
540	5795	0	5795	rpc error: code = Unavailable desc = transport is closing
540	5659	0	5659	rpc error: code = Unavailable desc = transport is closing
540	5599	0	5599	rpc error: code = Unavailable desc = transport is closing
540	1550	0	1550	rpc error: code = Unavailable desc = transport is closing
540	590	0	590	rpc error: code = Unavailable desc = transport is closing
540	5751	304	6055	<nil>
540	598	0	598	rpc error: code = Unavailable desc = transport is closing
540	620	0	620	rpc error: code = Unavailable desc = transport is closing
540	629	0	629	rpc error: code = Unavailable desc = transport is closing
540	627	0	627	rpc error: code = Unavailable desc = transport is closing
540	591	0	591	rpc error: code = Unavailable desc = transport is closing
540	5645	0	5645	rpc error: code = Unavailable desc = transport is closing
540	390	0	390	rpc error: code = Unavailable desc = transport is closing
540	624	0	624	rpc error: code = Unavailable desc = transport is closing
540	625	0	625	rpc error: code = Unavailable desc = transport is closing
540	595	0	595	rpc error: code = Unavailable desc = transport is closing
540	618	0	618	rpc error: code = Unavailable desc = transport is closing
540	654	0	654	rpc error: code = Unavailable desc = transport is closing
540	647	0	647	rpc error: code = Unavailable desc = transport is closing
540	5923	0	5923	rpc error: code = Unavailable desc = transport is closing
540	16361	246	16607	<nil>
540	399	0	399	rpc error: code = Unavailable desc = transport is closing
540	388	246	634	<nil>
540	397	246	643	<nil>
540	398	252	650	<nil>
540	388	253	641	<nil>
540	389	253	642	<nil>
540	390	251	641	<nil>
540	389	252	641	<nil>
540	389	252	641	<nil>
540	394	246	640	<nil>
540	331	212	543	<nil>
540	337	212	549	<nil>
540	339	212	551	<nil>
540	275	207	482	<nil>
540	307	208	515	<nil>
540	3057	208	3265	<nil>
540	219	203	422	<nil>
540	246	206	452	<nil>
540	221	202	423	<nil>
540	220	203	423	<nil>
540	220	203	423	<nil>
540	220	203	423	<nil>
540	307	124	431	<nil>
540	312	119	431	<nil>
540	311	119	430	<nil>
540	310	119	429	<nil>
540	314	119	433	<nil>
540	311	119	430	<nil>
540	306	123	429	<nil>
540	306	124	430	<nil>
540	311	122	433	<nil>
540	310	119	429	<nil>
540	290	83	373	<nil>
540	304	76	380	<nil>
540	3284	141	3425	<nil>
540	1262	74	1336	<nil>
540	284	98	382	<nil>
540	285	94	379	<nil>
540	283	90	373	<nil>
540	238	34	272	<nil>
540	304	75	379	<nil>
540	304	75	379	<nil>
540	198	69	267	<nil>
540	206	70	276	<nil>
540	286	98	384	<nil>
540	240	33	273	<nil>
540	8852	34	8886	<nil>
540	286	98	384	<nil>
540	318	139	457	<nil>
540	228	40	268	<nil>
540	284	98	382	<nil>
540	300	75	375	<nil>
540	227	41	268	<nil>
540	226	42	268	<nil>
540	238	33	271	<nil>
540	303	76	379	<nil>
540	240	32	272	<nil>
540	239	33	272	<nil>
540	239	33	272	<nil>
540	237	33	270	<nil>
540	235	33	268	<nil>
540	240	33	273	<nil>
540	240	33	273	<nil>
540	229	43	272	<nil>
540	230	43	273	<nil>
540	230	44	274	<nil>
540	239	34	273	<nil>
540	240	33	273	<nil>
540	236	33	269	<nil>
540	227	41	268	<nil>
540	230	43	273	<nil>
540	227	45	272	<nil>
540	236	34	270	<nil>
540	285	107	392	<nil>
540	286	108	394	<nil>
540	286	108	394	<nil>
540	285	108	393	<nil>
540	285	108	393	<nil>
540	27946	46	27992	<nil>
540	238	46	284	<nil>
540	285	108	393	<nil>
540	284	112	396	<nil>
540	285	108	393	<nil>
540	236	45	281	<nil>
540	238	43	281	<nil>
540	286	108	394	<nil>
540	315	156	471	<nil>
540	236	49	285	<nil>
540	237	49	286	<nil>
540	236	59	295	<nil>
540	236	291	527	<nil>
540	237	291	528	<nil>
540	237	291	528	<nil>
540	237	291	528	<nil>
540	163	275	438	<nil>
540	236	292	528	<nil>
540	1163	279	1442	<nil>
540	158	283	441	<nil>
540	163	278	441	<nil>
540	176	265	441	<nil>
540	163	278	441	<nil>
540	168	272	440	<nil>
540	167	273	440	<nil>
540	117	270	387	<nil>
540	74	265	339	<nil>
540	116	288	404	<nil>
540	76	265	341	<nil>
540	134	276	410	<nil>
540	161	282	443	<nil>
540	140	271	411	<nil>
540	133	271	404	<nil>
540	120	292	412	<nil>
540	126	287	413	<nil>
540	74	265	339	<nil>
540	118	272	390	<nil>
540	126	286	412	<nil>
540	74	266	340	<nil>
540	1175	268	1443	<nil>
540	161	280	441	<nil>
540	75	265	340	<nil>
540	158	286	444	<nil>
540	76	265	341	<nil>
540	128	284	412	<nil>
540	128	293	421	<nil>
540	126	284	410	<nil>
540	74	266	340	<nil>
540	168	282	450	<nil>
540	158	285	443	<nil>
540	140	271	411	<nil>
540	75	265	340	<nil>
540	168	275	443	<nil>
540	127	284	411	<nil>
540	1167	276	1443	<nil>
540	133	271	404	<nil>
540	74	265	339	<nil>
540	75	266	341	<nil>
540	75	265	340	<nil>
540	151	357	508	<nil>
540	39	363	402	<nil>
540	159	365	524	<nil>
540	192	312	504	<nil>
540	219	296	515	<nil>
540	210	295	505	<nil>
540	228	296	524	<nil>
540	9137	295	9432	<nil>
540	3054	296	3350	<nil>
540	277	158	435	<nil>
540	290	158	448	<nil>
540	385	74	459	<nil>
540	400	47	447	<nil>
540	368	81	449	<nil>
540	394	53	447	<nil>
540	386	62	448	<nil>
540	371	79	450	<nil>
540	377	71	448	<nil>
540	386	61	447	<nil>
540	391	49	440	<nil>
540	406	80	486	<nil>
540	377	71	448	<nil>
540	388	60	448	<nil>
540	402	46	448	<nil>
540	377	72	449	<nil>
540	388	62	450	<nil>
540	402	48	450	<nil>
540	387	62	449	<nil>
540	370	80	450	<nil>
540	377	73	450	<nil>
540	375	77	452	<nil>
540	387	63	450	<nil>
540	383	83	466	<nil>
540	364	61	425	<nil>
540	406	51	457	<nil>
540	400	49	449	<nil>
540	407	49	456	<nil>
540	406	49	455	<nil>
540	406	50	456	<nil>
540	407	49	456	<nil>
540	405	51	456	<nil>
540	406	49	455	<nil>
540	404	50	454	<nil>
540	395	51	446	<nil>
540	404	51	455	<nil>
540	407	51	458	<nil>
540	394	51	445	<nil>
540	164	45	209	<nil>
540	401	52	453	<nil>
540	409	55	464	<nil>
540	409	55	464	<nil>
540	1307	26	1333	<nil>
540	1313	53	1366	<nil>
540	283	55	338	<nil>
540	1279	46	1325	<nil>
540	407	56	463	<nil>
540	401	54	455	<nil>
540	1307	47	1354	<nil>
540	1280	45	1325	<nil>
540	411	54	465	<nil>
540	408	57	465	<nil>
540	163	48	211	<nil>
540	398	56	454	<nil>
540	398	56	454	<nil>
540	350	53	403	<nil>
540	404	51	455	<nil>
540	1210	51	1261	<nil>
540	1312	22	1334	<nil>
540	1295	54	1349	<nil>
540	1304	96	1400	<nil>
540	1306	105	1411	<nil>
540	1254	120	1374	<nil>
540	190	139	329	<nil>
540	9833	123	9956	<nil>
540	1334	140	1474	<nil>
540	192	156	348	<nil>
540	1306	200	1506	<nil>
540	192	205	397	<nil>
540	193	206	399	<nil>
540	186	204	390	<nil>
540	1307	204	1511	<nil>
540	191	205	396	<nil>
540	1330	211	1541	<nil>
540	1306	212	1518	<nil>
540	98	199	297	<nil>
540	1332	208	1540	<nil>
540	1331	209	1540	<nil>
540	1318	210	1528	<nil>
540	1333	208	1541	<nil>
540	1311	205	1516	<nil>
540	1304	212	1516	<nil>
540	1307	209	1516	<nil>
540	1305	211	1516	<nil>
540	194	209	403	<nil>
540	1240	212	1452	<nil>
540	187	211	398	<nil>
540	1305	211	1516	<nil>
540	193	210	403	<nil>
540	138	218	356	<nil>
540	107	199	306	<nil>
540	1243	209	1452	<nil>
540	97	206	303	<nil>
540	150	207	357	<nil>
540	90	205	295	<nil>
540	9646	203	9849	<nil>
540	188	213	401	<nil>
540	9362	303	9665	<nil>
540	55	303	358	<nil>
540	15756	148	15904	<nil>
540	167	129	296	<nil>
540	192	136	328	<nil>
540	84	309	393	<nil>
540	9363	301	9664	<nil>
540	180	131	311	<nil>
540	87	304	391	<nil>
540	211	116	327	<nil>
540	2652	310	2962	<nil>
540	198	132	330	<nil>
540	194	134	328	<nil>
540	204	115	319	<nil>
540	190	138	328	<nil>
540	174	145	319	<nil>
540	192	137	329	<nil>
540	231	97	328	<nil>
540	184	135	319	<nil>
540	216	111	327	<nil>
540	188	139	327	<nil>
540	199	132	331	<nil>
540	217	136	353	<nil>
540	196	141	337	<nil>
540	204	141	345	<nil>
540	215	153	368	<nil>
540	208	161	369	<nil>
540	196	203	399	<nil>
540	209	212	421	<nil>
540	203	211	414	<nil>
540	215	208	423	<nil>
540	204	208	412	<nil>
540	204	207	411	<nil>
540	2421	212	2633	<nil>
540	189	203	392	<nil>
540	202	235	437	<nil>
540	296	147	443	<nil>
540	203	228	431	<nil>
540	337	117	454	<nil>
540	286	168	454	<nil>
540	273	163	436	<nil>
540	212	246	458	<nil>
540	267	186	453	<nil>
540	2614	153	2767	<nil>
540	277	185	462	<nil>
540	275	168	443	<nil>
540	275	168	443	<nil>
540	286	175	461	<nil>
540	283	171	454	<nil>
540	278	176	454	<nil>
540	268	175	443	<nil>
540	273	175	448	<nil>
540	269	200	469	<nil>
540	258	232	490	<nil>
540	290	201	491	<nil>
540	259	253	512	<nil>
540	189	242	431	<nil>
540	280	233	513	<nil>
540	279	244	523	<nil>
540	300	216	516	<nil>
540	281	237	518	<nil>
540	281	236	517	<nil>
540	268	249	517	<nil>
540	257	261	518	<nil>
540	2910	261	3171	<nil>
540	271	246	517	<nil>
540	1203	259	1462	<nil>
540	2709	245	2954	<nil>
540	130	218	348	<nil>
540	139	209	348	<nil>
540	115	209	324	<nil>
540	116	211	327	<nil>
540	109	218	327	<nil>
540	118	210	328	<nil>
540	17234	208	17442	<nil>
540	106	219	325	<nil>
540	106	238	344	<nil>
540	122	227	349	<nil>
540	10163	212	10375	<nil>
540	119	212	331	<nil>
540	118	214	332	<nil>
540	117	211	328	<nil>
540	2771	242	3013	<nil>
540	290	256	546	<nil>
540	120	212	332	<nil>
540	263	255	518	<nil>
540	110	220	330	<nil>
540	119	210	329	<nil>
540	116	212	328	<nil>
540	116	212	328	<nil>
540	2683	174	2857	<nil>
540	117	210	327	<nil>
540	118	210	328	<nil>
540	2623	230	2853	<nil>
540	138	208	346	<nil>
540	121	213	334	<nil>
540	147	189	336	<nil>
540	146	208	354	<nil>
540	131	225	356	<nil>
540	167	191	358	<nil>
540	95	143	238	<nil>
540	137	144	281	<nil>
540	94	143	237	<nil>
540	93	138	231	<nil>
540	92	145	237	<nil>
540	91	140	231	<nil>
540	133	98	231	<nil>
540	2845	84	2929	<nil>
540	137	100	237	<nil>
540	2941	86	3027	<nil>
540	130	102	232	<nil>
540	116	107	223	<nil>
540	133	101	234	<nil>
540	1130	62	1192	<nil>
540	115	108	223	<nil>
540	153	67	220	<nil>
540	123	87	210	<nil>
540	158	62	220	<nil>
540	1119	89	1208	<nil>
540	117	104	221	<nil>
540	133	89	222	<nil>
540	133	91	224	<nil>
540	157	64	221	<nil>
540	158	65	223	<nil>
540	159	64	223	<nil>
540	159	65	224	<nil>
540	92	59	151	<nil>
540	1095	62	1157	<nil>
540	129	62	191	<nil>
540	97	62	159	<nil>
540	107	61	168	<nil>
540	1099	63	1162	<nil>
540	148	40	188	<nil>
540	81	40	121	<nil>
540	96	41	137	<nil>
540	177	13	190	<nil>
540	96	41	137	<nil>
540	123	29	152	<nil>
540	87	33	120	<nil>
540	103	34	137	<nil>
540	79	35	114	<nil>
540	80	35	115	<nil>
540	105	36	141	<nil>
540	104	36	140	<nil>
540	78	38	116	<nil>
540	80	37	117	<nil>
540	4995	38	5033	<nil>
540	87	38	125	<nil>
540	56	32	88	<nil>
540	56	33	89	<nil>
540	40	33	73	<nil>
540	2886	33	2919	<nil>
540	51	34	85	<nil>
540	2855	34	2889	<nil>
540	375	16	391	<nil>
540	363	16	379	<nil>
540	347	17	364	<nil>
540	358	17	375	<nil>
540	356	21	377	<nil>
540	373	22	395	<nil>
540	357	22	379	<nil>
540	367	16	383	<nil>
540	3229	18	3247	<nil>
540	369	17	386	<nil>
540	363	15	378	<nil>
540	358	19	377	<nil>
540	354	22	376	<nil>
540	377	23	400	<nil>
540	2714	18	2732	<nil>
540	1375	13	1388	<nil>
540	364	17	381	<nil>
540	379	18	397	<nil>
540	2715	18	2733	<nil>
540	370	17	387	<nil>
540	3220	16	3236	<nil>
540	372	26	398	<nil>
540	16454	17	16471	<nil>
540	370	19	389	<nil>
540	367	14	381	<nil>
540	362	18	380	<nil>
540	366	14	380	<nil>
540	352	15	367	<nil>
540	376	11	387	<nil>
540	368	14	382	<nil>
540	361	11	372	<nil>
540	15114	12	15126	<nil>
540	377	13	390	<nil>
540	380	18	398	<nil>
540	375	20	395	<nil>
540	367	19	386	<nil>
540	372	12	384	<nil>
540	364	19	383	<nil>
540	360	12	372	<nil>
540	1383	124	1507	<nil>
540	375	126	501	<nil>
540	2730	144	2874	<nil>
540	375	143	518	<nil>
540	377	143	520	<nil>
540	378	146	524	<nil>
540	386	146	532	<nil>
540	376	144	520	<nil>
540	376	160	536	<nil>
540	371	147	518	<nil>
540	2807	82	2889	<nil>
540	467	59	526	<nil>
540	2730	145	2875	<nil>
540	359	160	519	<nil>
540	448	81	529	<nil>
540	10827	81	10908	<nil>
540	2809	82	2891	<nil>
540	478	52	530	<nil>
540	16443	81	16524	<nil>
540	2808	83	2891	<nil>
540	454	83	537	<nil>
540	479	59	538	<nil>
540	2729	160	2889	<nil>
540	2848	42	2890	<nil>
540	2837	57	2894	<nil>
540	377	159	536	<nil>
540	358	160	518	<nil>
540	16520	158	16678	<nil>
540	2830	58	2888	<nil>
540	470	68	538	<nil>
540	2832	62	2894	<nil>
540	435	92	527	<nil>
540	2809	90	2899	<nil>
540	423	92	515	<nil>
540	371	158	529	<nil>
540	430	134	564	<nil>
540	389	0	389	rpc error: code = Unavailable desc = transport is closing
540	306	0	306	rpc error: code = Unavailable desc = transport is closing
540	307	0	307	rpc error: code = Unavailable desc = transport is closing
540	388	0	388	rpc error: code = Unavailable desc = transport is closing
540	307	0	307	rpc error: code = Unavailable desc = transport is closing
540	420	186	606	<nil>
540	3135	0	3135	rpc error: code = Unavailable desc = transport is closing
540	308	0	308	rpc error: code = Unavailable desc = transport is closing
540	307	0	307	rpc error: code = Unavailable desc = transport is closing
540	375	0	375	rpc error: code = Unavailable desc = transport is closing
540	307	0	307	rpc error: code = Unavailable desc = transport is closing
540	307	0	307	rpc error: code = Unavailable desc = transport is closing
540	391	0	391	rpc error: code = Unavailable desc = transport is closing
540	445	161	606	<nil>
540	427	164	591	<nil>
540	469	117	586	<nil>
540	444	129	573	<nil>
540	405	185	590	<nil>
540	308	0	308	rpc error: code = Unavailable desc = transport is closing
540	388	0	388	rpc error: code = Unavailable desc = transport is closing
540	388	0	388	rpc error: code = Unavailable desc = transport is closing
540	5691	164	5855	<nil>
540	426	165	591	<nil>
540	425	163	588	<nil>
540	5934	0	5934	rpc error: code = Unavailable desc = transport is closing
540	434	164	598	<nil>
540	448	141	589	<nil>
540	470	141	611	<nil>
540	445	165	610	<nil>
540	1452	163	1615	<nil>
540	466	141	607	<nil>
540	455	152	607	<nil>
540	427	212	639	<nil>
540	465	183	648	<nil>
540	445	215	660	<nil>
540	443	218	661	<nil>
540	2806	217	3023	<nil>
540	408	0	408	rpc error: code = Unavailable desc = transport is closing
540	409	0	409	rpc error: code = Unavailable desc = transport is closing
540	398	0	398	rpc error: code = Unavailable desc = transport is closing
540	5474	0	5474	rpc error: code = Unavailable desc = transport is closing
540	427	0	427	rpc error: code = Unavailable desc = transport is closing
540	305	0	305	rpc error: code = Unavailable desc = transport is closing
540	411	0	411	rpc error: code = Unavailable desc = transport is closing
540	392	0	392	rpc error: code = Unavailable desc = transport is closing
540	394	0	394	rpc error: code = Unavailable desc = transport is closing
540	403	0	403	rpc error: code = Unavailable desc = transport is closing
540	384	0	384	rpc error: code = Unavailable desc = transport is closing
540	393	0	393	rpc error: code = Unavailable desc = transport is closing
540	386	0	386	rpc error: code = Unavailable desc = transport is closing
540	392	0	392	rpc error: code = Unavailable desc = transport is closing
540	411	0	411	rpc error: code = Unavailable desc = transport is closing
540	367	0	367	rpc error: code = Unavailable desc = transport is closing
540	4891	241	5132	<nil>
540	1146	256	1402	<nil>
540	167	234	401	<nil>
540	1158	247	1405	<nil>
540	2882	247	3129	<nil>
540	285	0	285	rpc error: code = Unavailable desc = transport is closing
540	298	0	298	rpc error: code = Unavailable desc = transport is closing
540	310	0	310	rpc error: code = Unavailable desc = transport is closing
540	389	0	389	rpc error: code = Unavailable desc = transport is closing
540	392	0	392	rpc error: code = Unavailable desc = transport is closing
540	310	0	310	rpc error: code = Unavailable desc = transport is closing
540	311	0	311	rpc error: code = Unavailable desc = transport is closing
540	310	0	310	rpc error: code = Unavailable desc = transport is closing
540	312	0	312	rpc error: code = Unavailable desc = transport is closing
540	311	0	311	rpc error: code = Unavailable desc = transport is closing
540	312	0	312	rpc error: code = Unavailable desc = transport is closing
540	390	0	390	rpc error: code = Unavailable desc = transport is closing
540	312	0	312	rpc error: code = Unavailable desc = transport is closing
540	677	0	677	rpc error: code = Unavailable desc = transport is closing
540	316	0	316	rpc error: code = Unavailable desc = transport is closing
540	140	0	140	rpc error: code = Unavailable desc = transport is closing
540	397	0	397	rpc error: code = Unavailable desc = transport is closing
540	683	0	683	rpc error: code = Unavailable desc = transport is closing
540	139	0	139	rpc error: code = Unavailable desc = transport is closing
540	131	0	131	rpc error: code = Unavailable desc = transport is closing
540	391	0	391	rpc error: code = Unavailable desc = transport is closing
540	139	305	444	<nil>
540	398	0	398	rpc error: code = Unavailable desc = transport is closing
540	391	0	391	rpc error: code = Unavailable desc = transport is closing
540	392	0	392	rpc error: code = Unavailable desc = transport is closing
540	1473	0	1473	rpc error: code = Unavailable desc = transport is closing
540	683	0	683	rpc error: code = Unavailable desc = transport is closing
540	389	0	389	rpc error: code = Unavailable desc = transport is closing
540	683	0	683	rpc error: code = Unavailable desc = transport is closing
540	2947	0	2947	rpc error: code = Unavailable desc = transport is closing
540	389	0	389	rpc error: code = Unavailable desc = transport is closing
540	396	0	396	rpc error: code = Unavailable desc = transport is closing
540	395	0	395	rpc error: code = Unavailable desc = transport is closing
540	396	0	396	rpc error: code = Unavailable desc = transport is closing
540	389	0	389	rpc error: code = Unavailable desc = transport is closing
540	314	0	314	rpc error: code = Unavailable desc = transport is closing
540	391	0	391	rpc error: code = Unavailable desc = transport is closing
540	5914	0	5914	rpc error: code = Unavailable desc = transport is closing
540	404	0	404	rpc error: code = Unavailable desc = transport is closing
540	314	0	314	rpc error: code = Unavailable desc = transport is closing
540	75	0	75	rpc error: code = Unavailable desc = transport is closing
540	682	0	682	rpc error: code = Unavailable desc = transport is closing
540	683	0	683	rpc error: code = Unavailable desc = transport is closing
540	331	0	331	rpc error: code = Unavailable desc = transport is closing
540	683	0	683	rpc error: code = Unavailable desc = transport is closing
540	144	302	446	<nil>
540	145	301	446	<nil>
540	153	304	457	<nil>
540	683	0	683	rpc error: code = Unavailable desc = transport is closing
540	140	332	472	<nil>
540	2885	331	3216	<nil>
540	404	0	404	rpc error: code = Unavailable desc = transport is closing
540	145	328	473	<nil>
540	141	363	504	<nil>
540	147	414	561	<nil>
540	141	431	572	<nil>
540	205	368	573	<nil>
540	223	349	572	<nil>
540	141	431	572	<nil>
540	139	434	573	<nil>
540	143	429	572	<nil>
540	241	0	241	rpc error: code = Unavailable desc = transport is closing
540	1170	0	1170	rpc error: code = Unavailable desc = transport is closing
540	235	0	235	rpc error: code = Unavailable desc = transport is closing
540	236	0	236	rpc error: code = Unavailable desc = transport is closing
540	3215	0	3215	rpc error: code = Unavailable desc = transport is closing
540	239	0	239	rpc error: code = Unavailable desc = transport is closing
540	10389	0	10389	rpc error: code = Unavailable desc = transport is closing
540	240	0	240	rpc error: code = Unavailable desc = transport is closing
540	236	0	236	rpc error: code = Unavailable desc = transport is closing
540	240	0	240	rpc error: code = Unavailable desc = transport is closing
540	211	361	572	<nil>
540	235	0	235	rpc error: code = Unavailable desc = transport is closing
540	238	0	238	rpc error: code = Unavailable desc = transport is closing
540	212	371	583	<nil>
540	239	0	239	rpc error: code = Unavailable desc = transport is closing
540	260	318	578	<nil>
540	193	367	560	<nil>
540	236	0	236	rpc error: code = Unavailable desc = transport is closing
540	66	0	66	rpc error: code = Unavailable desc = transport is closing
540	188	371	559	<nil>
540	278	297	575	<nil>
540	238	0	238	rpc error: code = Unavailable desc = transport is closing
540	238	0	238	rpc error: code = Unavailable desc = transport is closing
540	210	369	579	<nil>
540	213	376	589	<nil>
540	223	356	579	<nil>
540	206	377	583	<nil>
540	2969	370	3339	<nil>
540	1208	373	1581	<nil>
540	278	400	678	<nil>
540	204	483	687	<nil>
540	10502	480	10982	<nil>
540	212	485	697	<nil>
540	1133	480	1613	<nil>
540	253	444	697	<nil>
540	153	384	537	<nil>
540	160	480	640	<nil>
540	149	428	577	<nil>
540	392	0	392	rpc error: code = Unavailable desc = transport is closing
540	43149	414	43563	<nil>
540	92	465	557	<nil>
540	104	439	543	<nil>
540	108	446	554	<nil>
540	2954	480	3434	<nil>
540	350	0	350	rpc error: code = Unavailable desc = transport is closing
540	353	0	353	rpc error: code = Unavailable desc = transport is closing
540	353	0	353	rpc error: code = Unavailable desc = transport is closing
540	220	317	537	<nil>
540	5212	316	5528	<nil>
540	194	354	548	<nil>
540	359	0	359	rpc error: code = Unavailable desc = transport is closing
540	3133	0	3133	rpc error: code = Unavailable desc = transport is closing
540	384	0	384	rpc error: code = Unavailable desc = transport is closing
540	225	0	225	rpc error: code = Unavailable desc = transport is closing
540	231	315	546	<nil>
540	5926	0	5926	rpc error: code = Unavailable desc = transport is closing
540	3120	334	3454	<nil>
540	204	350	554	<nil>
540	394	0	394	rpc error: code = Unavailable desc = transport is closing
540	1192	335	1527	<nil>
540	375	0	375	rpc error: code = Unavailable desc = transport is closing
540	2958	339	3297	<nil>
540	234	334	568	<nil>
540	368	0	368	rpc error: code = Unavailable desc = transport is closing
540	408	0	408	rpc error: code = Unavailable desc = transport is closing
540	396	0	396	rpc error: code = Unavailable desc = transport is closing
540	396	0	396	rpc error: code = Unavailable desc = transport is closing
540	396	0	396	rpc error: code = Unavailable desc = transport is closing
540	2846	0	2846	rpc error: code = Unavailable desc = transport is closing
540	3125	400	3525	<nil>
540	1162	395	1557	<nil>
540	2962	401	3363	<nil>
540	230	396	626	<nil>
540	181	395	576	<nil>
540	2708	375	3083	<nil>
540	255	362	617	<nil>
540	230	395	625	<nil>
540	386	0	386	rpc error: code = Unavailable desc = transport is closing
540	285	343	628	<nil>
540	397	0	397	rpc error: code = Unavailable desc = transport is closing
540	6021	0	6021	rpc error: code = Unavailable desc = transport is closing
540	372	0	372	rpc error: code = Unavailable desc = transport is closing
540	401	227	628	<nil>
540	375	0	375	rpc error: code = Unavailable desc = transport is closing
540	289	339	628	<nil>
540	4912	248	5160	<nil>
540	263	365	628	<nil>
540	279	365	644	<nil>
540	269	341	610	<nil>
540	262	366	628	<nil>
540	263	366	629	<nil>
540	289	348	637	<nil>
540	298	298	596	<nil>
540	289	340	629	<nil>
540	16461	0	16461	rpc error: code = Unavailable desc = transport is closing
540	377	0	377	rpc error: code = Unavailable desc = transport is closing
540	386	0	386	rpc error: code = Unavailable desc = transport is closing
540	3164	364	3528	<nil>
540	287	359	646	<nil>
540	280	342	622	<nil>
540	271	325	596	<nil>
540	329	267	596	<nil>
540	376	0	376	rpc error: code = Unavailable desc = transport is closing
540	238	0	238	rpc error: code = Unavailable desc = transport is closing
540	298	314	612	<nil>
540	299	313	612	<nil>
540	301	314	615	<nil>
540	319	319	638	<nil>
540	249	342	591	<nil>
540	236	0	236	rpc error: code = Unavailable desc = transport is closing
540	372	0	372	rpc error: code = Unavailable desc = transport is closing
540	278	355	633	<nil>
540	276	377	653	<nil>
540	374	0	374	rpc error: code = Unavailable desc = transport is closing
540	236	0	236	rpc error: code = Unavailable desc = transport is closing
540	237	0	237	rpc error: code = Unavailable desc = transport is closing
540	276	416	692	<nil>
540	301	394	695	<nil>
540	291	403	694	<nil>
540	239	0	239	rpc error: code = Unavailable desc = transport is closing
540	323	390	713	<nil>
540	303	409	712	<nil>
540	291	423	714	<nil>
540	265	449	714	<nil>
540	237	0	237	rpc error: code = Unavailable desc = transport is closing
540	278	1003	1281	<nil>
540	298	983	1281	<nil>
540	5403	945	6348	<nil>
540	339	943	1282	<nil>
540	321	961	1282	<nil>
540	1293	983	2276	<nil>
540	1265	1011	2276	<nil>
540	324	959	1283	<nil>
540	2619	945	3564	<nil>
540	265	867	1132	<nil>
540	242	896	1138	<nil>
540	344	943	1287	<nil>
540	1295	888	2183	<nil>
540	5379	888	6267	<nil>
540	249	888	1137	<nil>
540	5430	924	6354	<nil>
540	342	944	1286	<nil>
540	1333	949	2282	<nil>
540	219	924	1143	<nil>
540	314	948	1262	<nil>
540	345	941	1286	<nil>
540	257	982	1239	<nil>
540	5284	888	6172	<nil>
540	239	895	1134	<nil>
540	315	944	1259	<nil>
540	343	943	1286	<nil>
540	245	889	1134	<nil>
540	262	875	1137	<nil>
540	287	850	1137	<nil>
540	5421	850	6271	<nil>
540	241	898	1139	<nil>
540	239	902	1141	<nil>
540	264	850	1114	<nil>
540	1271	850	2121	<nil>
540	245	895	1140	<nil>
540	2924	902	3826	<nil>
540	6083	843	6926	<nil>
540	290	855	1145	<nil>
540	291	854	1145	<nil>
540	254	924	1178	<nil>
540	268	913	1181	<nil>
540	268	925	1193	<nil>
540	268	925	1193	<nil>
540	268	926	1194	<nil>
540	191	0	191	rpc error: code = Unavailable desc = transport is closing
540	275	925	1200	<nil>
540	1306	0	1306	rpc error: code = Unavailable desc = transport is closing
540	1330	0	1330	rpc error: code = Unavailable desc = transport is closing
540	1279	0	1279	rpc error: code = Unavailable desc = transport is closing
540	1234	0	1234	rpc error: code = Unavailable desc = transport is closing
540	266	927	1193	<nil>
540	1237	0	1237	rpc error: code = Unavailable desc = transport is closing
540	1334	0	1334	rpc error: code = Unavailable desc = transport is closing
540	269	928	1197	<nil>
540	273	928	1201	<nil>
540	271	929	1200	<nil>
540	250	926	1176	<nil>
540	241	926	1167	<nil>
540	250	926	1176	<nil>
540	274	926	1200	<nil>
540	5367	926	6293	<nil>
540	305	868	1173	<nil>
540	314	868	1182	<nil>
540	271	910	1181	<nil>
540	285	915	1200	<nil>
540	268	931	1199	<nil>
540	314	868	1182	<nil>
540	3106	866	3972	<nil>
540	240	931	1171	<nil>
540	1309	0	1309	rpc error: code = Unavailable desc = transport is closing
540	317	873	1190	<nil>
540	319	873	1192	<nil>
540	413	845	1258	<nil>
540	411	846	1257	<nil>
540	378	0	378	rpc error: code = Unavailable desc = transport is closing
540	395	862	1257	<nil>
540	413	846	1259	<nil>
540	386	872	1258	<nil>
540	411	847	1258	<nil>
540	417	845	1262	<nil>
540	412	846	1258	<nil>
540	420	839	1259	<nil>
540	421	840	1261	<nil>
540	421	840	1261	<nil>
540	420	844	1264	<nil>
540	220	0	220	rpc error: code = Unavailable desc = transport is closing
540	438	831	1269	<nil>
540	435	829	1264	<nil>
540	285	0	285	rpc error: code = Unavailable desc = transport is closing
540	435	876	1311	<nil>
540	446	874	1320	<nil>
540	447	874	1321	<nil>
540	451	873	1324	<nil>
540	425	874	1299	<nil>
540	284	0	284	rpc error: code = Unavailable desc = transport is closing
540	1425	873	2298	<nil>
540	450	873	1323	<nil>
540	1375	872	2247	<nil>
540	448	874	1322	<nil>
540	437	872	1309	<nil>
540	447	874	1321	<nil>
540	450	871	1321	<nil>
540	460	874	1334	<nil>
540	278	0	278	rpc error: code = Unavailable desc = transport is closing
540	285	0	285	rpc error: code = Unavailable desc = transport is closing
540	367	855	1222	<nil>
540	371	856	1227	<nil>
540	285	0	285	rpc error: code = Unavailable desc = transport is closing
540	452	877	1329	<nil>
540	3035	877	3912	<nil>
540	285	0	285	rpc error: code = Unavailable desc = transport is closing
540	369	857	1226	<nil>
540	3136	0	3136	rpc error: code = Unavailable desc = transport is closing
540	285	0	285	rpc error: code = Unavailable desc = transport is closing
540	450	877	1327	<nil>
540	246	0	246	rpc error: code = Unavailable desc = transport is closing
540	249	0	249	rpc error: code = Unavailable desc = transport is closing
540	303	0	303	rpc error: code = Unavailable desc = transport is closing
540	387	0	387	rpc error: code = Unavailable desc = transport is closing
540	304	0	304	rpc error: code = Unavailable desc = transport is closing
540	273	0	273	rpc error: code = Unavailable desc = transport is closing
540	306	0	306	rpc error: code = Unavailable desc = transport is closing
540	936	334	1270	<nil>
540	936	335	1271	<nil>
540	932	335	1267	<nil>
540	938	333	1271	<nil>
540	933	333	1266	<nil>
540	936	333	1269	<nil>
540	940	332	1272	<nil>
540	936	332	1268	<nil>
540	929	330	1259	<nil>
540	940	331	1271	<nil>
540	943	332	1275	<nil>
540	948	329	1277	<nil>
540	949	329	1278	<nil>
540	952	330	1282	<nil>
540	975	308	1283	<nil>
540	950	331	1281	<nil>
540	949	331	1280	<nil>
540	1909	331	2240	<nil>
540	948	332	1280	<nil>
540	1909	334	2243	<nil>
540	975	309	1284	<nil>
540	949	334	1283	<nil>
540	846	342	1188	<nil>
540	1907	323	2230	<nil>
540	3358	313	3671	<nil>
540	970	314	1284	<nil>
540	902	331	1233	<nil>
540	970	315	1285	<nil>
540	941	343	1284	<nil>
540	1926	312	2238	<nil>
540	945	0	945	rpc error: code = Unavailable desc = transport is closing
540	949	336	1285	<nil>
540	970	316	1286	<nil>
540	946	0	946	rpc error: code = Unavailable desc = transport is closing
540	944	0	944	rpc error: code = Unavailable desc = transport is closing
540	10576	0	10576	rpc error: code = Unavailable desc = transport is closing
540	964	0	964	rpc error: code = Unavailable desc = transport is closing
540	941	0	941	rpc error: code = Unavailable desc = transport is closing
540	948	0	948	rpc error: code = Unavailable desc = transport is closing
540	2686	0	2686	rpc error: code = Unavailable desc = transport is closing
540	945	0	945	rpc error: code = Unavailable desc = transport is closing
540	971	314	1285	<nil>
540	940	0	940	rpc error: code = Unavailable desc = transport is closing
540	944	227	1171	<nil>
540	16775	322	17097	<nil>
540	962	320	1282	<nil>
540	961	335	1296	<nil>
540	1011	271	1282	<nil>
540	6552	276	6828	<nil>
540	968	328	1296	<nil>
540	976	305	1281	<nil>
540	946	263	1209	<nil>
540	963	264	1227	<nil>
540	962	336	1298	<nil>
540	947	265	1212	<nil>
540	944	264	1208	<nil>
540	949	270	1219	<nil>
540	3422	251	3673	<nil>
540	955	212	1167	<nil>
540	963	204	1167	<nil>
540	966	268	1234	<nil>
540	3533	252	3785	<nil>
540	932	172	1104	<nil>
540	971	205	1176	<nil>
540	947	273	1220	<nil>
540	974	252	1226	<nil>
540	6583	252	6835	<nil>
540	363	142	505	<nil>
540	343	170	513	<nil>
540	352	149	501	<nil>
540	946	273	1219	<nil>
540	917	253	1170	<nil>
540	934	253	1187	<nil>
540	3755	270	4025	<nil>
540	951	276	1227	<nil>
540	948	275	1223	<nil>
540	3814	172	3986	<nil>
540	969	217	1186	<nil>
540	922	172	1094	<nil>
540	954	172	1126	<nil>
540	982	203	1185	<nil>
540	947	267	1214	<nil>
540	6379	218	6597	<nil>
540	979	203	1182	<nil>
540	971	204	1175	<nil>
540	965	217	1182	<nil>
540	981	203	1184	<nil>
540	978	203	1181	<nil>
540	965	221	1186	<nil>
540	964	210	1174	<nil>
540	6647	204	6851	<nil>
540	964	221	1185	<nil>
540	973	202	1175	<nil>
540	981	204	1185	<nil>
540	963	223	1186	<nil>
540	3475	217	3692	<nil>
540	3864	202	4066	<nil>
540	947	268	1215	<nil>
540	978	150	1128	<nil>
540	947	174	1121	<nil>
540	964	221	1185	<nil>
540	973	206	1179	<nil>
540	351	149	500	<nil>
540	360	143	503	<nil>
540	346	145	491	<nil>
540	352	144	496	<nil>
540	352	144	496	<nil>
540	2958	144	3102	<nil>
540	352	144	496	<nil>
540	316	144	460	<nil>
540	9486	143	9629	<nil>
540	325	146	471	<nil>
540	352	146	498	<nil>
540	377	127	504	<nil>
540	947	183	1130	<nil>
540	347	158	505	<nil>
540	361	141	502	<nil>
540	2959	144	3103	<nil>
540	352	145	497	<nil>
540	322	143	465	<nil>
540	342	156	498	<nil>
540	1340	158	1498	<nil>
540	340	170	510	<nil>
540	896	180	1076	<nil>
540	322	144	466	<nil>
540	9708	144	9852	<nil>
540	340	159	499	<nil>
540	963	255	1218	<nil>
540	912	181	1093	<nil>
540	947	186	1133	<nil>
540	920	181	1101	<nil>
540	395	70	465	<nil>
540	902	175	1077	<nil>
540	346	161	507	<nil>
540	964	254	1218	<nil>
540	912	184	1096	<nil>
540	353	149	502	<nil>
540	966	255	1221	<nil>
540	918	180	1098	<nil>
540	341	172	513	<nil>
540	347	164	511	<nil>
540	350	41	391	<nil>
540	350	43	393	<nil>
540	352	156	508	<nil>
540	350	44	394	<nil>
540	350	44	394	<nil>
540	464	45	509	<nil>
540	352	156	508	<nil>
540	354	53	407	<nil>
540	226	27	253	<nil>
540	3094	41	3135	<nil>
540	279	36	315	<nil>
540	3093	38	3131	<nil>
540	344	64	408	<nil>
540	261	37	298	<nil>
540	17264	40	17304	<nil>
540	350	51	401	<nil>
540	3076	51	3127	<nil>
540	279	33	312	<nil>
540	339	51	390	<nil>
540	339	52	391	<nil>
540	274	37	311	<nil>
540	75369	36	75405	<nil>
540	265	35	300	<nil>
540	3103	25	3128	<nil>
540	232	20	252	<nil>
540	230	20	250	<nil>
540	9842	35	9877	<nil>
540	221	25	246	<nil>
540	339	53	392	<nil>
540	230	23	253	<nil>
540	227	24	251	<nil>
540	222	40	262	<nil>
540	231	22	253	<nil>
540	3086	38	3124	<nil>
540	350	53	403	<nil>
540	269	31	300	<nil>
540	339	53	392	<nil>
540	3093	40	3133	<nil>
540	354	39	393	<nil>
540	271	39	310	<nil>
540	227	24	251	<nil>
540	274	39	313	<nil>
540	212	25	237	<nil>
540	278	34	312	<nil>
540	275	38	313	<nil>
540	260	38	298	<nil>
540	238	16	254	<nil>
540	356	39	395	<nil>
540	237	18	255	<nil>
540	1031	330	1361	<nil>
540	233	18	251	<nil>
540	3683	345	4028	<nil>
540	1022	341	1363	<nil>
540	1021	341	1362	<nil>
540	946	400	1346	<nil>
540	954	328	1282	<nil>
540	1006	340	1346	<nil>
540	1009	353	1362	<nil>
540	1021	340	1361	<nil>
540	943	400	1343	<nil>
540	176	44	220	<nil>
560	2501	267	2768	<nil>
560	25207	549	25756	<nil>
560	1011	625	1636	<nil>
560	250	271	521	<nil>
560	168	299	467	<nil>
560	235	297	532	<nil>
560	962	691	1653	<nil>
560	968	672	1640	<nil>
560	175	298	473	<nil>
560	171	305	476	<nil>
560	1021	634	1655	<nil>
560	1213	297	1510	<nil>
560	967	672	1639	<nil>
560	170	298	468	<nil>
560	6562	629	7191	<nil>
560	459	375	834	<nil>
560	1001	643	1644	<nil>
560	236	296	532	<nil>
560	528	305	833	<nil>
560	3139	306	3445	<nil>
560	198	305	503	<nil>
560	17186	306	17492	<nil>
560	459	394	853	<nil>
560	453	394	847	<nil>
560	441	345	786	<nil>
560	459	465	924	<nil>
560	412	195	607	<nil>
560	465	703	1168	<nil>
560	469	675	1144	<nil>
560	365	1039	1404	<nil>
560	481	681	1162	<nil>
560	511	0	511	rpc error: code = Unavailable desc = transport is closing
560	380	1115	1495	<nil>
560	504	675	1179	<nil>
560	720	704	1424	<nil>
560	516	712	1228	<nil>
560	512	712	1224	<nil>
560	370	1083	1453	<nil>
560	721	712	1433	<nil>
560	703	712	1415	<nil>
560	703	712	1415	<nil>
560	718	729	1447	<nil>
560	714	716	1430	<nil>
560	532	717	1249	<nil>
560	723	728	1451	<nil>
560	731	717	1448	<nil>
560	723	745	1468	<nil>
560	1741	732	2473	<nil>
560	511	732	1243	<nil>
560	3407	0	3407	rpc error: code = Unavailable desc = transport is closing
560	720	743	1463	<nil>
560	566	0	566	rpc error: code = Unavailable desc = transport is closing
560	732	743	1475	<nil>
560	732	743	1475	<nil>
560	722	743	1465	<nil>
560	522	0	522	rpc error: code = Unavailable desc = transport is closing
560	521	0	521	rpc error: code = Unavailable desc = transport is closing
560	524	0	524	rpc error: code = Unavailable desc = transport is closing
560	544	0	544	rpc error: code = Unavailable desc = transport is closing
560	524	0	524	rpc error: code = Unavailable desc = transport is closing
560	521	0	521	rpc error: code = Unavailable desc = transport is closing
560	512	0	512	rpc error: code = Unavailable desc = transport is closing
560	1523	0	1523	rpc error: code = Unavailable desc = transport is closing
560	538	0	538	rpc error: code = Unavailable desc = transport is closing
560	547	0	547	rpc error: code = Unavailable desc = transport is closing
560	632	0	632	rpc error: code = Unavailable desc = transport is closing
560	1556	0	1556	rpc error: code = Unavailable desc = transport is closing
560	3489	0	3489	rpc error: code = Unavailable desc = transport is closing
560	1561	0	1561	rpc error: code = Unavailable desc = transport is closing
560	630	0	630	rpc error: code = Unavailable desc = transport is closing
560	597	0	597	rpc error: code = Unavailable desc = transport is closing
560	552	0	552	rpc error: code = Unavailable desc = transport is closing
560	1566	0	1566	rpc error: code = Unavailable desc = transport is closing
560	642	0	642	rpc error: code = Unavailable desc = transport is closing
560	563	0	563	rpc error: code = Unavailable desc = transport is closing
560	566	0	566	rpc error: code = Unavailable desc = transport is closing
560	3558	0	3558	rpc error: code = Unavailable desc = transport is closing
560	420	0	420	rpc error: code = Unavailable desc = transport is closing
560	635	0	635	rpc error: code = Unavailable desc = transport is closing
560	637	0	637	rpc error: code = Unavailable desc = transport is closing
560	427	0	427	rpc error: code = Unavailable desc = transport is closing
560	666	0	666	rpc error: code = Unavailable desc = transport is closing
560	3568	0	3568	rpc error: code = Unavailable desc = transport is closing
560	666	0	666	rpc error: code = Unavailable desc = transport is closing
560	6069	0	6069	rpc error: code = Unavailable desc = transport is closing
560	10098	0	10098	rpc error: code = Unavailable desc = transport is closing
560	458	0	458	rpc error: code = Unavailable desc = transport is closing
560	673	0	673	rpc error: code = Unavailable desc = transport is closing
560	2882	0	2882	rpc error: code = Unavailable desc = transport is closing
560	445	0	445	rpc error: code = Unavailable desc = transport is closing
560	961	0	961	rpc error: code = Unavailable desc = transport is closing
560	939	0	939	rpc error: code = Unavailable desc = transport is closing
560	951	0	951	rpc error: code = Unavailable desc = transport is closing
560	982	0	982	rpc error: code = Unavailable desc = transport is closing
560	946	0	946	rpc error: code = Unavailable desc = transport is closing
560	978	0	978	rpc error: code = Unavailable desc = transport is closing
560	963	0	963	rpc error: code = Unavailable desc = transport is closing
560	961	0	961	rpc error: code = Unavailable desc = transport is closing
560	944	0	944	rpc error: code = Unavailable desc = transport is closing
560	5765	0	5765	rpc error: code = Unavailable desc = transport is closing
560	6271	0	6271	rpc error: code = Unavailable desc = transport is closing
560	223	17	240	<nil>
560	222	17	239	<nil>
560	221	19	240	<nil>
560	244	18	262	<nil>
560	198	20	218	<nil>
560	251	19	270	<nil>
560	207	18	225	<nil>
560	197	16	213	<nil>
560	223	16	239	<nil>
560	244	17	261	<nil>
560	273	19	292	<nil>
560	244	17	261	<nil>
560	296	17	313	<nil>
560	95	16	111	<nil>
560	97	17	114	<nil>
560	199	19	218	<nil>
560	99	16	115	<nil>
560	103	11	114	<nil>
560	100	11	111	<nil>
560	200	17	217	<nil>
560	101	12	113	<nil>
560	104	17	121	<nil>
560	105	17	122	<nil>
560	103	25	128	<nil>
560	105	17	122	<nil>
560	103	25	128	<nil>
560	102	25	127	<nil>
560	105	27	132	<nil>
560	104	27	131	<nil>
560	104	67	171	<nil>
560	90	64	154	<nil>
560	102	65	167	<nil>
560	2751	75	2826	<nil>
560	79	73	152	<nil>
560	90	72	162	<nil>
560	81	74	155	<nil>
560	78	78	156	<nil>
560	102	65	167	<nil>
560	81	76	157	<nil>
560	51	83	134	<nil>
560	88	69	157	<nil>
560	57	77	134	<nil>
560	64	74	138	<nil>
560	78	79	157	<nil>
560	76	81	157	<nil>
560	51	82	133	<nil>
560	76	83	159	<nil>
560	50	84	134	<nil>
560	50	90	140	<nil>
560	75	83	158	<nil>
560	56	81	137	<nil>
560	55	91	146	<nil>
560	57	90	147	<nil>
560	70	20	90	<nil>
560	65	20	85	<nil>
560	1085	10	1095	<nil>
560	86	8	94	<nil>
560	9311	27	9338	<nil>
560	74	27	101	<nil>
560	1074	21	1095	<nil>
560	74	23	97	<nil>
560	56	94	150	<nil>
560	53	97	150	<nil>
560	74	28	102	<nil>
560	80	19	99	<nil>
560	77	28	105	<nil>
560	77	21	98	<nil>
560	1082	12	1094	<nil>
560	1076	19	1095	<nil>
560	1087	15	1102	<nil>
560	82	74	156	<nil>
560	1085	77	1162	<nil>
560	1086	103	1189	<nil>
560	89	106	195	<nil>
560	1081	112	1193	<nil>
560	1085	109	1194	<nil>
560	1089	106	1195	<nil>
560	2590	110	2700	<nil>
560	1084	110	1194	<nil>
560	88	108	196	<nil>
560	1085	115	1200	<nil>
560	78	112	190	<nil>
560	1086	109	1195	<nil>
560	111	31	142	<nil>
560	20	131	151	<nil>
560	93	132	225	<nil>
560	113	33	146	<nil>
560	113	32	145	<nil>
560	110	36	146	<nil>
560	14	143	157	<nil>
560	76	144	220	<nil>
560	30	109	139	<nil>
560	24	144	168	<nil>
560	114	31	145	<nil>
560	138	15	153	<nil>
560	120	57	177	<nil>
560	121	57	178	<nil>
560	5249	54	5303	<nil>
560	149	53	202	<nil>
560	118	53	171	<nil>
560	132	57	189	<nil>
560	145	57	202	<nil>
560	135	53	188	<nil>
560	148	53	201	<nil>
560	4658	53	4711	<nil>
560	125	53	178	<nil>
560	138	54	192	<nil>
560	125	55	180	<nil>
560	123	55	178	<nil>
560	125	56	181	<nil>
560	122	61	183	<nil>
560	128	61	189	<nil>
560	121	62	183	<nil>
560	132	58	190	<nil>
560	9705	118	9823	<nil>
560	121	123	244	<nil>
560	131	140	271	<nil>
560	122	139	261	<nil>
560	133	137	270	<nil>
560	102	137	239	<nil>
560	132	138	270	<nil>
560	132	135	267	<nil>
560	73	98	171	<nil>
560	91	87	178	<nil>
560	80	95	175	<nil>
560	89	142	231	<nil>
560	140	132	272	<nil>
560	102	138	240	<nil>
560	131	139	270	<nil>
560	119	30	149	<nil>
560	109	35	144	<nil>
560	120	29	149	<nil>
560	116	30	146	<nil>
560	72	90	162	<nil>
560	66	94	160	<nil>
560	71	90	161	<nil>
560	116	29	145	<nil>
560	115	30	145	<nil>
560	115	30	145	<nil>
560	120	29	149	<nil>
560	65	116	181	<nil>
560	4702	96	4798	<nil>
560	116	29	145	<nil>
560	117	29	146	<nil>
560	91	96	187	<nil>
560	115	30	145	<nil>
560	6015	66	6081	<nil>
560	116	63	179	<nil>
560	118	63	181	<nil>
560	79	105	184	<nil>
560	125	63	188	<nil>
560	92	97	189	<nil>
560	92	98	190	<nil>
560	91	98	189	<nil>
560	8550	105	8655	<nil>
560	90	101	191	<nil>
560	92	101	193	<nil>
560	2881	100	2981	<nil>
560	90	101	191	<nil>
560	87	107	194	<nil>
560	172	43	215	<nil>
560	140	96	236	<nil>
560	159	79	238	<nil>
560	161	97	258	<nil>
560	87	152	239	<nil>
560	173	66	239	<nil>
560	136	101	237	<nil>
560	17806	69	17875	<nil>
560	93	83	176	<nil>
560	137	101	238	<nil>
560	163	78	241	<nil>
560	96	53	149	<nil>
560	97	56	153	<nil>
560	102	60	162	<nil>
560	106	55	161	<nil>
560	104	71	175	<nil>
560	105	59	164	<nil>
560	98	55	153	<nil>
560	99	118	217	<nil>
560	98	118	216	<nil>
560	106	134	240	<nil>
560	118	91	209	<nil>
560	119	91	210	<nil>
560	144	92	236	<nil>
560	110	92	202	<nil>
560	3028	90	3118	<nil>
560	143	92	235	<nil>
560	145	87	232	<nil>
560	117	102	219	<nil>
560	116	102	218	<nil>
560	4950	101	5051	<nil>
560	117	102	219	<nil>
560	118	100	218	<nil>
560	121	109	230	<nil>
560	118	102	220	<nil>
560	118	102	220	<nil>
560	118	100	218	<nil>
560	120	100	220	<nil>
560	117	102	219	<nil>
560	116	116	232	<nil>
560	116	117	233	<nil>
560	120	145	265	<nil>
560	120	145	265	<nil>
560	94	259	353	<nil>
560	5020	237	5257	<nil>
560	119	238	357	<nil>
560	116	238	354	<nil>
560	65115	220	65335	<nil>
560	93	262	355	<nil>
560	103	213	316	<nil>
560	5045	213	5258	<nil>
560	5038	214	5252	<nil>
560	9950	261	10211	<nil>
560	89	214	303	<nil>
560	138	214	352	<nil>
560	8706	217	8923	<nil>
560	116	214	330	<nil>
560	113	217	330	<nil>
560	148	239	387	<nil>
560	116	213	329	<nil>
560	27613	239	27852	<nil>
560	115	214	329	<nil>
560	124	262	386	<nil>
560	116	239	355	<nil>
560	93	214	307	<nil>
560	86	221	307	<nil>
560	89	214	303	<nil>
560	168	237	405	<nil>
560	143	165	308	<nil>
560	71	166	237	<nil>
560	99	166	265	<nil>
560	138	173	311	<nil>
560	96	168	264	<nil>
560	139	171	310	<nil>
560	65	152	217	<nil>
560	68	152	220	<nil>
560	9398	173	9571	<nil>
560	70	152	222	<nil>
560	66	163	229	<nil>
560	214	19	233	<nil>
560	67	165	232	<nil>
560	761	0	761	rpc error: code = Unavailable desc = transport is closing
560	744	0	744	rpc error: code = Unavailable desc = transport is closing
560	761	0	761	rpc error: code = Unavailable desc = transport is closing
560	207	92	299	<nil>
560	763	0	763	rpc error: code = Unavailable desc = transport is closing
560	3481	0	3481	rpc error: code = Unavailable desc = transport is closing
560	763	0	763	rpc error: code = Unavailable desc = transport is closing
560	763	0	763	rpc error: code = Unavailable desc = transport is closing
560	763	0	763	rpc error: code = Unavailable desc = transport is closing
560	1260	0	1260	rpc error: code = Unavailable desc = transport is closing
560	213	92	305	<nil>
560	3477	0	3477	rpc error: code = Unavailable desc = transport is closing
560	268	58	326	<nil>
560	243	0	243	rpc error: code = Unavailable desc = transport is closing
560	243	0	243	rpc error: code = Unavailable desc = transport is closing
560	291	20	311	<nil>
560	236	70	306	<nil>
560	237	70	307	<nil>
560	9091	21	9112	<nil>
560	1261	0	1261	rpc error: code = Unavailable desc = transport is closing
560	246	60	306	<nil>
560	272	20	292	<nil>
560	272	22	294	<nil>
560	273	21	294	<nil>
560	5841	20	5861	<nil>
560	235	20	255	<nil>
560	227	31	258	<nil>
560	263	60	323	<nil>
560	243	0	243	rpc error: code = Unavailable desc = transport is closing
560	1285	0	1285	rpc error: code = Unavailable desc = transport is closing
560	258	23	281	<nil>
560	291	23	314	<nil>
560	107	11	118	<nil>
560	108	10	118	<nil>
560	96	20	116	<nil>
560	106	11	117	<nil>
560	95	22	117	<nil>
560	99	20	119	<nil>
560	1293	0	1293	rpc error: code = Unavailable desc = transport is closing
560	2560	34	2594	<nil>
560	121	35	156	<nil>
560	121	35	156	<nil>
560	279	0	279	rpc error: code = Unavailable desc = transport is closing
560	101	0	101	rpc error: code = Unavailable desc = transport is closing
560	104	0	104	rpc error: code = Unavailable desc = transport is closing
560	105	0	105	rpc error: code = Unavailable desc = transport is closing
560	122	39	161	<nil>
560	129	35	164	<nil>
560	110	52	162	<nil>
560	133	42	175	<nil>
560	122	54	176	<nil>
560	122	56	178	<nil>
560	55	33	88	<nil>
560	125	38	163	<nil>
560	145	34	179	<nil>
560	96	38	134	<nil>
560	127	38	165	<nil>
560	129	37	166	<nil>
560	114	50	164	<nil>
560	124	50	174	<nil>
560	117	34	151	<nil>
560	5029	52	5081	<nil>
560	94	0	94	rpc error: code = Unavailable desc = transport is closing
560	120	40	160	<nil>
560	147	33	180	<nil>
560	139	38	177	<nil>
560	24950	44	24994	<nil>
560	124	39	163	<nil>
560	139	38	177	<nil>
560	32	55	87	<nil>
560	145	33	178	<nil>
560	114	51	165	<nil>
560	122	57	179	<nil>
560	134	44	178	<nil>
560	141	39	180	<nil>
560	97	0	97	rpc error: code = Unavailable desc = transport is closing
560	122	61	183	<nil>
560	31	62	93	<nil>
560	111	61	172	<nil>
560	133	50	183	<nil>
560	49	27	76	<nil>
560	50	100	150	<nil>
560	78	79	157	<nil>
560	777	0	777	rpc error: code = Unavailable desc = transport is closing
560	3642	0	3642	rpc error: code = Unavailable desc = transport is closing
560	129	23	152	<nil>
560	857	0	857	rpc error: code = Unavailable desc = transport is closing
560	67	85	152	<nil>
560	68	85	153	<nil>
560	65	87	152	<nil>
560	74	85	159	<nil>
560	2359	98	2457	<nil>
560	71	83	154	<nil>
560	74	97	171	<nil>
560	77	100	177	<nil>
560	73	86	159	<nil>
560	69	98	167	<nil>
560	77	98	175	<nil>
560	130	47	177	<nil>
560	75	97	172	<nil>
560	138	31	169	<nil>
560	142	31	173	<nil>
560	74	99	173	<nil>
560	147	32	179	<nil>
560	75	97	172	<nil>
560	129	48	177	<nil>
560	146	32	178	<nil>
560	2855	98	2953	<nil>
560	803	0	803	rpc error: code = Unavailable desc = transport is closing
560	141	39	180	<nil>
560	79	99	178	<nil>
560	79	98	177	<nil>
560	43011	100	43111	<nil>
560	79	100	179	<nil>
560	80	105	185	<nil>
560	73	107	180	<nil>
560	98	39	137	<nil>
560	101	38	139	<nil>
560	75	96	171	<nil>
560	80	108	188	<nil>
560	146	42	188	<nil>
560	2404	41	2445	<nil>
560	102	124	226	<nil>
560	2881	124	3005	<nil>
560	125	103	228	<nil>
560	26011	126	26137	<nil>
560	115	127	242	<nil>
560	1120	105	1225	<nil>
560	213	17	230	<nil>
560	105	106	211	<nil>
560	106	106	212	<nil>
560	123	106	229	<nil>
560	1119	110	1229	<nil>
560	1106	114	1220	<nil>
560	1114	109	1223	<nil>
560	108	153	261	<nil>
560	105	155	260	<nil>
560	101	159	260	<nil>
560	217	59	276	<nil>
560	158	104	262	<nil>
560	1189	81	1270	<nil>
560	204	63	267	<nil>
560	200	64	264	<nil>
560	206	64	270	<nil>
560	1213	68	1281	<nil>
560	202	64	266	<nil>
560	202	64	266	<nil>
560	183	84	267	<nil>
560	195	76	271	<nil>
560	2530	67	2597	<nil>
560	148	114	262	<nil>
560	147	127	274	<nil>
560	190	84	274	<nil>
560	158	116	274	<nil>
560	145	129	274	<nil>
560	147	129	276	<nil>
560	5633	83	5716	<nil>
560	1198	94	1292	<nil>
560	154	119	273	<nil>
560	104	94	198	<nil>
560	116	85	201	<nil>
560	123	76	199	<nil>
560	2523	85	2608	<nil>
560	118	77	195	<nil>
560	4931	71	5002	<nil>
560	2756	71	2827	<nil>
560	111	69	180	<nil>
560	1158	22	1180	<nil>
560	258	23	281	<nil>
560	263	23	286	<nil>
560	1263	25	1288	<nil>
560	2574	24	2598	<nil>
560	4979	25	5004	<nil>
560	2890	24	2914	<nil>
560	138	25	163	<nil>
560	162	28	190	<nil>
560	142	26	168	<nil>
560	162	28	190	<nil>
560	163	30	193	<nil>
560	2588	28	2616	<nil>
560	142	30	172	<nil>
560	139	31	170	<nil>
560	144	30	174	<nil>
560	143	32	175	<nil>
560	159	35	194	<nil>
560	141	36	177	<nil>
560	138	36	174	<nil>
560	1158	30	1188	<nil>
560	55	31	86	<nil>
560	139	38	177	<nil>
560	4988	33	5021	<nil>
560	2623	33	2656	<nil>
560	53	33	86	<nil>
560	61	33	94	<nil>
560	1069	30	1099	<nil>
560	2615	29	2644	<nil>
560	5710	29	5739	<nil>
560	62	31	93	<nil>
560	1061	31	1092	<nil>
560	2614	31	2645	<nil>
560	2597	31	2628	<nil>
560	201	0	201	rpc error: code = Unavailable desc = transport is closing
560	201	0	201	rpc error: code = Unavailable desc = transport is closing
560	344	9	353	<nil>
560	347	14	361	<nil>
560	5270	18	5288	<nil>
560	199	18	217	<nil>
560	347	19	366	<nil>
560	2929	19	2948	<nil>
560	2795	20	2815	<nil>
560	343	20	363	<nil>
560	347	19	366	<nil>
560	347	28	375	<nil>
560	1357	26	1383	<nil>
560	1254	24	1278	<nil>
560	3154	23	3177	<nil>
560	344	28	372	<nil>
560	348	27	375	<nil>
560	347	33	380	<nil>
560	346	32	378	<nil>
560	200	27	227	<nil>
560	24334	29	24363	<nil>
560	173	26	199	<nil>
560	252	24	276	<nil>
560	208	33	241	<nil>
560	207	0	207	rpc error: code = Unavailable desc = transport is closing
560	207	0	207	rpc error: code = Unavailable desc = transport is closing
560	209	11	220	<nil>
560	231	19	250	<nil>
560	4607	15	4622	<nil>
560	286	12	298	<nil>
560	221	17	238	<nil>
560	240	17	257	<nil>
560	206	15	221	<nil>
560	215	18	233	<nil>
560	288	15	303	<nil>
560	347	21	368	<nil>
560	242	13	255	<nil>
560	225	13	238	<nil>
560	229	16	245	<nil>
560	287	17	304	<nil>
560	2866	18	2884	<nil>
560	220	44	264	<nil>
560	10277	97	10374	<nil>
560	231	117	348	<nil>
560	220	128	348	<nil>
560	222	0	222	rpc error: code = Unavailable desc = transport is closing
560	203	134	337	<nil>
560	227	135	362	<nil>
560	2836	132	2968	<nil>
560	215	137	352	<nil>
560	205	136	341	<nil>
560	223	143	366	<nil>
560	281	138	419	<nil>
560	1234	136	1370	<nil>
560	239	132	371	<nil>
560	213	139	352	<nil>
560	988	0	988	rpc error: code = Unavailable desc = transport is closing
560	1023	0	1023	rpc error: code = Unavailable desc = transport is closing
560	1033	0	1033	rpc error: code = Unavailable desc = transport is closing
560	348	22	370	<nil>
560	1049	0	1049	rpc error: code = Unavailable desc = transport is closing
560	1131	23	1154	<nil>
560	762	0	762	rpc error: code = Unavailable desc = transport is closing
560	990	0	990	rpc error: code = Unavailable desc = transport is closing
560	5811	0	5811	rpc error: code = Unavailable desc = transport is closing
560	2129	0	2129	rpc error: code = Unavailable desc = transport is closing
560	980	0	980	rpc error: code = Unavailable desc = transport is closing
560	139	6	145	<nil>
560	141	3	144	<nil>
560	1203	0	1203	rpc error: code = Unavailable desc = transport is closing
560	1025	0	1025	rpc error: code = Unavailable desc = transport is closing
560	1008	0	1008	rpc error: code = Unavailable desc = transport is closing
560	162	4	166	<nil>
560	1004	0	1004	rpc error: code = Unavailable desc = transport is closing
560	147	4	151	<nil>
560	745	0	745	rpc error: code = Unavailable desc = transport is closing
560	1206	0	1206	rpc error: code = Unavailable desc = transport is closing
560	200	150	350	<nil>
560	1133	0	1133	rpc error: code = Unavailable desc = transport is closing
560	1023	0	1023	rpc error: code = Unavailable desc = transport is closing
560	148	6	154	<nil>
560	5403	5	5408	<nil>
560	1004	0	1004	rpc error: code = Unavailable desc = transport is closing
560	3407	0	3407	rpc error: code = Unavailable desc = transport is closing
560	2985	4	2989	<nil>
560	233	146	379	<nil>
560	201	150	351	<nil>
560	146	6	152	<nil>
560	143	21	164	<nil>
560	2974	144	3118	<nil>
560	1213	0	1213	rpc error: code = Unavailable desc = transport is closing
560	10426	6	10432	<nil>
560	1023	0	1023	rpc error: code = Unavailable desc = transport is closing
560	1232	0	1232	rpc error: code = Unavailable desc = transport is closing
560	380	7	387	<nil>
560	1025	0	1025	rpc error: code = Unavailable desc = transport is closing
560	147	6	153	<nil>
560	141	7	148	<nil>
560	127	5	132	<nil>
560	2843	129	2972	<nil>
560	237	144	381	<nil>
560	141	7	148	<nil>
560	213	152	365	<nil>
560	149	6	155	<nil>
560	234	147	381	<nil>
560	1162	5	1167	<nil>
560	364	14	378	<nil>
560	2970	11	2981	<nil>
560	381	12	393	<nil>
560	5804	0	5804	rpc error: code = Unavailable desc = transport is closing
560	214	143	357	<nil>
560	734	0	734	rpc error: code = Unavailable desc = transport is closing
560	1023	0	1023	rpc error: code = Unavailable desc = transport is closing
560	44143	0	44143	rpc error: code = Unavailable desc = transport is closing
560	361	13	374	<nil>
560	202	150	352	<nil>
560	336	15	351	<nil>
560	368	14	382	<nil>
560	140	29	169	<nil>
560	1010	0	1010	rpc error: code = Unavailable desc = transport is closing
560	363	9	372	<nil>
560	123	14	137	<nil>
560	1359	11	1370	<nil>
560	1027	0	1027	rpc error: code = Unavailable desc = transport is closing
560	28873	0	28873	rpc error: code = Unavailable desc = transport is closing
560	755	0	755	rpc error: code = Unavailable desc = transport is closing
560	1201	0	1201	rpc error: code = Unavailable desc = transport is closing
560	44179	0	44179	rpc error: code = Unavailable desc = transport is closing
560	1071	0	1071	rpc error: code = Unavailable desc = transport is closing
560	1008	0	1008	rpc error: code = Unavailable desc = transport is closing
560	52	131	183	<nil>
560	127	22	149	<nil>
560	134	20	154	<nil>
560	1065	0	1065	rpc error: code = Unavailable desc = transport is closing
560	1064	0	1064	rpc error: code = Unavailable desc = transport is closing
560	202	146	348	<nil>
560	763	0	763	rpc error: code = Unavailable desc = transport is closing
560	987	0	987	rpc error: code = Unavailable desc = transport is closing
560	366	19	385	<nil>
560	1022	0	1022	rpc error: code = Unavailable desc = transport is closing
560	993	0	993	rpc error: code = Unavailable desc = transport is closing
560	346	19	365	<nil>
560	207	158	365	<nil>
560	131	20	151	<nil>
560	128	20	148	<nil>
560	376	19	395	<nil>
560	1132	20	1152	<nil>
560	349	22	371	<nil>
560	351	21	372	<nil>
560	2108	0	2108	rpc error: code = Unavailable desc = transport is closing
560	130	22	152	<nil>
560	429	21	450	<nil>
560	1063	0	1063	rpc error: code = Unavailable desc = transport is closing
560	147	3	150	<nil>
560	5409	2	5411	<nil>
560	139	5	144	<nil>
560	1009	0	1009	rpc error: code = Unavailable desc = transport is closing
560	982	0	982	rpc error: code = Unavailable desc = transport is closing
560	153	3	156	<nil>
560	981	0	981	rpc error: code = Unavailable desc = transport is closing
560	1062	0	1062	rpc error: code = Unavailable desc = transport is closing
560	147	4	151	<nil>
560	1007	0	1007	rpc error: code = Unavailable desc = transport is closing
560	1022	0	1022	rpc error: code = Unavailable desc = transport is closing
560	158	4	162	<nil>
560	154	4	158	<nil>
560	216	143	359	<nil>
560	1008	0	1008	rpc error: code = Unavailable desc = transport is closing
560	374	10	384	<nil>
560	1004	0	1004	rpc error: code = Unavailable desc = transport is closing
560	1022	0	1022	rpc error: code = Unavailable desc = transport is closing
560	201	151	352	<nil>
560	1206	0	1206	rpc error: code = Unavailable desc = transport is closing
560	938	0	938	rpc error: code = Unavailable desc = transport is closing
560	1022	0	1022	rpc error: code = Unavailable desc = transport is closing
560	154	6	160	<nil>
560	149	42	191	<nil>
560	1157	51	1208	<nil>
560	146	62	208	<nil>
560	152	51	203	<nil>
560	2983	65	3048	<nil>
560	717	0	717	rpc error: code = Unavailable desc = transport is closing
560	1221	0	1221	rpc error: code = Unavailable desc = transport is closing
560	1008	0	1008	rpc error: code = Unavailable desc = transport is closing
560	10669	0	10669	rpc error: code = Unavailable desc = transport is closing
560	1259	0	1259	rpc error: code = Unavailable desc = transport is closing
560	1211	0	1211	rpc error: code = Unavailable desc = transport is closing
560	17786	0	17786	rpc error: code = Unavailable desc = transport is closing
560	1027	0	1027	rpc error: code = Unavailable desc = transport is closing
560	1008	0	1008	rpc error: code = Unavailable desc = transport is closing
560	1182	0	1182	rpc error: code = Unavailable desc = transport is closing
560	750	0	750	rpc error: code = Unavailable desc = transport is closing
560	1028	0	1028	rpc error: code = Unavailable desc = transport is closing
560	752	0	752	rpc error: code = Unavailable desc = transport is closing
560	386	39	425	<nil>
560	3044	44	3088	<nil>
560	3058	45	3103	<nil>
560	5351	40	5391	<nil>
560	394	41	435	<nil>
560	403	40	443	<nil>
560	393	40	433	<nil>
560	404	41	445	<nil>
560	515	42	557	<nil>
560	396	40	436	<nil>
560	384	26	410	<nil>
560	429	25	454	<nil>
560	5158	27	5185	<nil>
560	5035	27	5062	<nil>
560	5842	44	5886	<nil>
560	381	26	407	<nil>
560	402	45	447	<nil>
560	429	26	455	<nil>
560	419	20	439	<nil>
560	375	46	421	<nil>
560	381	27	408	<nil>
560	398	45	443	<nil>
560	395	46	441	<nil>
560	1416	38	1454	<nil>
560	393	40	433	<nil>
560	402	9	411	<nil>
560	404	8	412	<nil>
560	402	10	412	<nil>
560	403	9	412	<nil>
560	403	10	413	<nil>
560	405	12	417	<nil>
560	372	39	411	<nil>
560	385	30	415	<nil>
560	1450	7	1457	<nil>
560	380	31	411	<nil>
560	26212	45	26257	<nil>
560	402	9	411	<nil>
560	410	15	425	<nil>
560	402	15	417	<nil>
560	330	52	382	<nil>
560	402	68	470	<nil>
560	406	104	510	<nil>
560	411	110	521	<nil>
560	5056	108	5164	<nil>
560	403	106	509	<nil>
560	405	108	513	<nil>
560	401	109	510	<nil>
560	406	105	511	<nil>
560	401	109	510	<nil>
560	402	110	512	<nil>
560	405	108	513	<nil>
560	15862	109	15971	<nil>
560	413	110	523	<nil>
560	405	108	513	<nil>
560	409	107	516	<nil>
560	406	113	519	<nil>
560	403	108	511	<nil>
560	402	108	510	<nil>
560	406	114	520	<nil>
560	409	113	522	<nil>
560	405	116	521	<nil>
560	406	116	522	<nil>
560	406	114	520	<nil>
560	3144	116	3260	<nil>
560	407	120	527	<nil>
560	408	124	532	<nil>
560	10845	124	10969	<nil>
560	406	124	530	<nil>
560	48	185	233	<nil>
560	51	186	237	<nil>
560	52	186	238	<nil>
560	71	167	238	<nil>
560	52	193	245	<nil>
560	51	188	239	<nil>
560	53	191	244	<nil>
560	73	166	239	<nil>
560	53	193	246	<nil>
560	51	192	243	<nil>
560	71	171	242	<nil>
560	103	139	242	<nil>
560	99	104	203	<nil>
560	528	85	613	<nil>
560	567	43	610	<nil>
560	549	85	634	<nil>
560	512	122	634	<nil>
560	534	110	644	<nil>
560	5529	114	5643	<nil>
560	547	85	632	<nil>
560	545	127	672	<nil>
560	547	126	673	<nil>
560	9761	147	9908	<nil>
560	554	133	687	<nil>
560	3225	150	3375	<nil>
560	546	134	680	<nil>
560	530	151	681	<nil>
560	432	152	584	<nil>
560	3218	154	3372	<nil>
560	534	152	686	<nil>
560	547	136	683	<nil>
560	597	88	685	<nil>
560	527	155	682	<nil>
560	567	116	683	<nil>
560	8384	86	8470	<nil>
560	3238	136	3374	<nil>
560	566	120	686	<nil>
560	473	118	591	<nil>
560	433	157	590	<nil>
560	548	139	687	<nil>
560	589	100	689	<nil>
560	5566	118	5684	<nil>
560	583	105	688	<nil>
560	551	142	693	<nil>
560	1390	160	1550	<nil>
560	564	125	689	<nil>
560	527	162	689	<nil>
560	1438	113	1551	<nil>
560	111	93	204	<nil>
560	27854	94	27948	<nil>
560	6021	88	6109	<nil>
560	5366	89	5455	<nil>
560	10481	89	10570	<nil>
560	653	40	693	<nil>
560	27190	43	27233	<nil>
560	653	43	696	<nil>
560	657	47	704	<nil>
560	654	45	699	<nil>
560	653	48	701	<nil>
560	645	56	701	<nil>
560	641	56	697	<nil>
560	666	38	704	<nil>
560	649	49	698	<nil>
560	642	57	699	<nil>
560	658	47	705	<nil>
560	642	59	701	<nil>
560	644	58	702	<nil>
560	259	28	287	<nil>
560	658	47	705	<nil>
560	646	57	703	<nil>
560	126	52	178	<nil>
560	259	29	288	<nil>
560	258	31	289	<nil>
560	259	31	290	<nil>
560	259	31	290	<nil>
560	262	28	290	<nil>
560	261	26	287	<nil>
560	267	26	293	<nil>
560	259	30	289	<nil>
560	1241	27	1268	<nil>
560	264	34	298	<nil>
560	250	36	286	<nil>
560	1074	37	1111	<nil>
560	77	38	115	<nil>
560	3398	21	3419	<nil>
560	83	55	138	<nil>
560	10133	22	10155	<nil>
560	1081	55	1136	<nil>
560	3412	41	3453	<nil>
560	718	47	765	<nil>
560	717	51	768	<nil>
560	213	9	222	<nil>
560	241	33	274	<nil>
560	247	35	282	<nil>
560	352	9	361	<nil>
560	239	19	258	<nil>
560	3428	0	3428	rpc error: code = Unavailable desc = transport is closing
560	267	92	359	<nil>
560	10873	0	10873	rpc error: code = Unavailable desc = transport is closing
560	803	18	821	<nil>
560	6180	48	6228	<nil>
560	989	0	989	rpc error: code = Unavailable desc = transport is closing
560	383	37	420	<nil>
560	1044	0	1044	rpc error: code = Unavailable desc = transport is closing
560	1023	0	1023	rpc error: code = Unavailable desc = transport is closing
560	1219	16	1235	<nil>
560	1000	0	1000	rpc error: code = Unavailable desc = transport is closing
560	1047	0	1047	rpc error: code = Unavailable desc = transport is closing
560	184	16	200	<nil>
560	227	1	228	<nil>
560	983	0	983	rpc error: code = Unavailable desc = transport is closing
560	275	39	314	<nil>
560	1022	0	1022	rpc error: code = Unavailable desc = transport is closing
560	243	37	280	<nil>
560	1007	0	1007	rpc error: code = Unavailable desc = transport is closing
560	990	0	990	rpc error: code = Unavailable desc = transport is closing
560	1248	0	1248	rpc error: code = Unavailable desc = transport is closing
560	4130	0	4130	rpc error: code = Unavailable desc = transport is closing
560	1021	0	1021	rpc error: code = Unavailable desc = transport is closing
560	2092	0	2092	rpc error: code = Unavailable desc = transport is closing
560	5786	0	5786	rpc error: code = Unavailable desc = transport is closing
560	1168	0	1168	rpc error: code = Unavailable desc = transport is closing
560	974	0	974	rpc error: code = Unavailable desc = transport is closing
560	238	45	283	<nil>
560	244	75	319	<nil>
560	1012	0	1012	rpc error: code = Unavailable desc = transport is closing
560	1352	51	1403	<nil>
560	287	33	320	<nil>
560	1022	0	1022	rpc error: code = Unavailable desc = transport is closing
560	2191	0	2191	rpc error: code = Unavailable desc = transport is closing
560	983	0	983	rpc error: code = Unavailable desc = transport is closing
560	1000	0	1000	rpc error: code = Unavailable desc = transport is closing
560	1020	0	1020	rpc error: code = Unavailable desc = transport is closing
560	5520	49	5569	<nil>
560	1216	24	1240	<nil>
560	1061	0	1061	rpc error: code = Unavailable desc = transport is closing
560	1021	0	1021	rpc error: code = Unavailable desc = transport is closing
560	1008	0	1008	rpc error: code = Unavailable desc = transport is closing
560	239	52	291	<nil>
560	365	39	404	<nil>
560	378	55	433	<nil>
560	362	44	406	<nil>
560	993	0	993	rpc error: code = Unavailable desc = transport is closing
560	764	30	794	<nil>
560	375	26	401	<nil>
560	244	24	268	<nil>
560	794	29	823	<nil>
560	793	28	821	<nil>
560	244	54	298	<nil>
560	357	51	408	<nil>
560	3421	0	3421	rpc error: code = Unavailable desc = transport is closing
560	740	43	783	<nil>
560	741	77	818	<nil>
560	1008	0	1008	rpc error: code = Unavailable desc = transport is closing
560	1023	0	1023	rpc error: code = Unavailable desc = transport is closing
560	1181	0	1181	rpc error: code = Unavailable desc = transport is closing
560	982	0	982	rpc error: code = Unavailable desc = transport is closing
560	1007	0	1007	rpc error: code = Unavailable desc = transport is closing
560	743	81	824	<nil>
560	989	0	989	rpc error: code = Unavailable desc = transport is closing
560	1024	0	1024	rpc error: code = Unavailable desc = transport is closing
560	1006	0	1006	rpc error: code = Unavailable desc = transport is closing
560	379	28	407	<nil>
560	1021	0	1021	rpc error: code = Unavailable desc = transport is closing
560	1021	0	1021	rpc error: code = Unavailable desc = transport is closing
560	1003	0	1003	rpc error: code = Unavailable desc = transport is closing
560	1008	0	1008	rpc error: code = Unavailable desc = transport is closing
560	1003	0	1003	rpc error: code = Unavailable desc = transport is closing
560	1206	0	1206	rpc error: code = Unavailable desc = transport is closing
560	1186	0	1186	rpc error: code = Unavailable desc = transport is closing
560	1021	0	1021	rpc error: code = Unavailable desc = transport is closing
560	365	41	406	<nil>
560	1228	0	1228	rpc error: code = Unavailable desc = transport is closing
560	370	50	420	<nil>
560	1105	0	1105	rpc error: code = Unavailable desc = transport is closing
560	251	56	307	<nil>
560	1008	0	1008	rpc error: code = Unavailable desc = transport is closing
560	375	38	413	<nil>
560	5735	86	5821	<nil>
560	364	49	413	<nil>
560	777	62	839	<nil>
560	6188	45	6233	<nil>
560	375	45	420	<nil>
560	1003	0	1003	rpc error: code = Unavailable desc = transport is closing
560	1000	0	1000	rpc error: code = Unavailable desc = transport is closing
560	2106	0	2106	rpc error: code = Unavailable desc = transport is closing
560	1007	0	1007	rpc error: code = Unavailable desc = transport is closing
560	954	0	954	rpc error: code = Unavailable desc = transport is closing
560	1048	0	1048	rpc error: code = Unavailable desc = transport is closing
560	999	0	999	rpc error: code = Unavailable desc = transport is closing
560	3387	0	3387	rpc error: code = Unavailable desc = transport is closing
560	990	0	990	rpc error: code = Unavailable desc = transport is closing
560	250	61	311	<nil>
560	3420	0	3420	rpc error: code = Unavailable desc = transport is closing
560	1010	0	1010	rpc error: code = Unavailable desc = transport is closing
560	963	0	963	rpc error: code = Unavailable desc = transport is closing
560	962	0	962	rpc error: code = Unavailable desc = transport is closing
560	984	0	984	rpc error: code = Unavailable desc = transport is closing
560	1024	0	1024	rpc error: code = Unavailable desc = transport is closing
560	382	40	422	<nil>
560	1059	0	1059	rpc error: code = Unavailable desc = transport is closing
560	3488	0	3488	rpc error: code = Unavailable desc = transport is closing
560	975	0	975	rpc error: code = Unavailable desc = transport is closing
560	1218	59	1277	<nil>
560	1215	15	1230	<nil>
560	278	32	310	<nil>
560	1026	0	1026	rpc error: code = Unavailable desc = transport is closing
560	377	46	423	<nil>
560	216	16	232	<nil>
560	1214	15	1229	<nil>
560	358	68	426	<nil>
560	1215	15	1230	<nil>
560	994	0	994	rpc error: code = Unavailable desc = transport is closing
560	1218	16	1234	<nil>
560	1220	17	1237	<nil>
560	371	49	420	<nil>
560	1023	0	1023	rpc error: code = Unavailable desc = transport is closing
560	725	37	762	<nil>
560	988	0	988	rpc error: code = Unavailable desc = transport is closing
560	3759	0	3759	rpc error: code = Unavailable desc = transport is closing
560	988	0	988	rpc error: code = Unavailable desc = transport is closing
560	2112	0	2112	rpc error: code = Unavailable desc = transport is closing
560	1013	0	1013	rpc error: code = Unavailable desc = transport is closing
560	984	0	984	rpc error: code = Unavailable desc = transport is closing
560	280	40	320	<nil>
560	988	0	988	rpc error: code = Unavailable desc = transport is closing
560	1008	0	1008	rpc error: code = Unavailable desc = transport is closing
560	1002	0	1002	rpc error: code = Unavailable desc = transport is closing
560	989	0	989	rpc error: code = Unavailable desc = transport is closing
560	972	0	972	rpc error: code = Unavailable desc = transport is closing
560	966	0	966	rpc error: code = Unavailable desc = transport is closing
560	1064	0	1064	rpc error: code = Unavailable desc = transport is closing
560	825	19	844	<nil>
560	1006	0	1006	rpc error: code = Unavailable desc = transport is closing
560	1000	0	1000	rpc error: code = Unavailable desc = transport is closing
560	999	0	999	rpc error: code = Unavailable desc = transport is closing
560	2808	35	2843	<nil>
560	212	18	230	<nil>
560	408	21	429	<nil>
560	307	49	356	<nil>
560	5796	0	5796	rpc error: code = Unavailable desc = transport is closing
560	1002	0	1002	rpc error: code = Unavailable desc = transport is closing
560	989	0	989	rpc error: code = Unavailable desc = transport is closing
560	993	0	993	rpc error: code = Unavailable desc = transport is closing
560	246	37	283	<nil>
560	1349	28	1377	<nil>
560	1024	0	1024	rpc error: code = Unavailable desc = transport is closing
560	298	18	316	<nil>
560	228	4	232	<nil>
560	1007	0	1007	rpc error: code = Unavailable desc = transport is closing
560	227	4	231	<nil>
560	833	10	843	<nil>
560	226	5	231	<nil>
560	384	48	432	<nil>
560	5607	8	5615	<nil>
560	279	42	321	<nil>
560	408	24	432	<nil>
560	822	21	843	<nil>
560	367	47	414	<nil>
560	373	59	432	<nil>
560	10734	0	10734	rpc error: code = Unavailable desc = transport is closing
560	811	32	843	<nil>
560	1002	0	1002	rpc error: code = Unavailable desc = transport is closing
560	974	0	974	rpc error: code = Unavailable desc = transport is closing
560	1233	4	1237	<nil>
560	384	45	429	<nil>
560	5187	79	5266	<nil>
560	762	0	762	rpc error: code = Unavailable desc = transport is closing
560	762	0	762	rpc error: code = Unavailable desc = transport is closing
560	1312	0	1312	rpc error: code = Unavailable desc = transport is closing
560	1140	0	1140	rpc error: code = Unavailable desc = transport is closing
560	1314	68	1382	<nil>
560	2207	0	2207	rpc error: code = Unavailable desc = transport is closing
560	1272	0	1272	rpc error: code = Unavailable desc = transport is closing
560	1114	0	1114	rpc error: code = Unavailable desc = transport is closing
560	1338	19	1357	<nil>
560	1159	40	1199	<nil>
560	998	19	1017	<nil>
560	1187	0	1187	rpc error: code = Unavailable desc = transport is closing
560	1258	0	1258	rpc error: code = Unavailable desc = transport is closing
560	1256	0	1256	rpc error: code = Unavailable desc = transport is closing
560	1115	0	1115	rpc error: code = Unavailable desc = transport is closing
560	1309	0	1309	rpc error: code = Unavailable desc = transport is closing
560	1313	0	1313	rpc error: code = Unavailable desc = transport is closing
560	1281	0	1281	rpc error: code = Unavailable desc = transport is closing
560	1114	0	1114	rpc error: code = Unavailable desc = transport is closing
560	2138	12	2150	<nil>
560	1143	0	1143	rpc error: code = Unavailable desc = transport is closing
560	1271	0	1271	rpc error: code = Unavailable desc = transport is closing
560	1305	0	1305	rpc error: code = Unavailable desc = transport is closing
560	1303	0	1303	rpc error: code = Unavailable desc = transport is closing
560	1143	0	1143	rpc error: code = Unavailable desc = transport is closing
560	1307	0	1307	rpc error: code = Unavailable desc = transport is closing
560	1308	0	1308	rpc error: code = Unavailable desc = transport is closing
560	1154	0	1154	rpc error: code = Unavailable desc = transport is closing
560	1138	0	1138	rpc error: code = Unavailable desc = transport is closing
560	1285	0	1285	rpc error: code = Unavailable desc = transport is closing
560	1273	0	1273	rpc error: code = Unavailable desc = transport is closing
560	1163	0	1163	rpc error: code = Unavailable desc = transport is closing
560	1301	0	1301	rpc error: code = Unavailable desc = transport is closing
560	6985	0	6985	rpc error: code = Unavailable desc = transport is closing
560	1143	0	1143	rpc error: code = Unavailable desc = transport is closing
560	6788	0	6788	rpc error: code = Unavailable desc = transport is closing
560	1124	0	1124	rpc error: code = Unavailable desc = transport is closing
560	1138	0	1138	rpc error: code = Unavailable desc = transport is closing
560	3989	0	3989	rpc error: code = Unavailable desc = transport is closing
560	1161	0	1161	rpc error: code = Unavailable desc = transport is closing
560	1146	0	1146	rpc error: code = Unavailable desc = transport is closing
560	1133	0	1133	rpc error: code = Unavailable desc = transport is closing
560	1311	0	1311	rpc error: code = Unavailable desc = transport is closing
560	1139	0	1139	rpc error: code = Unavailable desc = transport is closing
560	1302	0	1302	rpc error: code = Unavailable desc = transport is closing
560	3664	0	3664	rpc error: code = Unavailable desc = transport is closing
560	2361	0	2361	rpc error: code = Unavailable desc = transport is closing
560	44304	0	44304	rpc error: code = Unavailable desc = transport is closing
560	10446	0	10446	rpc error: code = Unavailable desc = transport is closing
560	1304	0	1304	rpc error: code = Unavailable desc = transport is closing
560	1193	0	1193	rpc error: code = Unavailable desc = transport is closing
560	1172	28	1200	<nil>
560	1287	29	1316	<nil>
560	1312	38	1350	<nil>
560	1332	17	1349	<nil>
560	6685	18	6703	<nil>
560	1162	0	1162	rpc error: code = Unavailable desc = transport is closing
560	1311	37	1348	<nil>
560	1288	39	1327	<nil>
560	1328	39	1367	<nil>
560	9795	39	9834	<nil>
560	1187	18	1205	<nil>
560	2183	24	2207	<nil>
560	1160	38	1198	<nil>
560	19026	37	19063	<nil>
560	1167	38	1205	<nil>
560	1293	40	1333	<nil>
560	3695	40	3735	<nil>
560	6818	40	6858	<nil>
560	1321	38	1359	<nil>
560	1214	39	1253	<nil>
560	2032	16	2048	<nil>
560	1330	17	1347	<nil>
560	1186	17	1203	<nil>
560	1177	39	1216	<nil>
560	6696	11	6707	<nil>
560	1338	18	1356	<nil>
560	1310	38	1348	<nil>
560	1315	33	1348	<nil>
560	1306	39	1345	<nil>
560	1170	31	1201	<nil>
560	1184	22	1206	<nil>
560	1325	24	1349	<nil>
560	2029	21	2050	<nil>
560	1338	21	1359	<nil>
560	6682	23	6705	<nil>
560	1339	13	1352	<nil>
560	3716	22	3738	<nil>
560	9812	24	9836	<nil>
560	2012	38	2050	<nil>
560	1331	19	1350	<nil>
560	1180	23	1203	<nil>
560	1276	0	1276	rpc error: code = Unavailable desc = transport is closing
560	1189	16	1205	<nil>
560	1182	20	1202	<nil>
560	1343	14	1357	<nil>
560	1326	41	1367	<nil>
560	6617	0	6617	rpc error: code = Unavailable desc = transport is closing
560	1016	19	1035	<nil>
560	1355	40	1395	<nil>
560	1331	18	1349	<nil>
560	1275	0	1275	rpc error: code = Unavailable desc = transport is closing
560	1252	0	1252	rpc error: code = Unavailable desc = transport is closing
560	1334	17	1351	<nil>
560	6610	11	6621	<nil>
560	2042	14	2056	<nil>
560	2047	12	2059	<nil>
560	1331	21	1352	<nil>
560	1184	21	1205	<nil>
560	1190	17	1207	<nil>
560	1194	12	1206	<nil>
560	1016	9	1025	<nil>
560	1024	16	1040	<nil>
560	7041	15	7056	<nil>
560	1197	15	1212	<nil>
560	9831	118	9949	<nil>
560	2160	122	2282	<nil>
560	1031	115	1146	<nil>
560	1012	133	1145	<nil>
560	3679	138	3817	<nil>
560	1202	142	1344	<nil>
560	6520	141	6661	<nil>
560	2050	177	2227	<nil>
560	9835	176	10011	<nil>
560	9834	141	9975	<nil>
560	1196	149	1345	<nil>
560	1019	227	1246	<nil>
560	1017	227	1244	<nil>
560	3815	236	4051	<nil>
560	2041	249	2290	<nil>
560	2139	246	2385	<nil>
560	1200	239	1439	<nil>
560	1200	240	1440	<nil>
560	2041	241	2282	<nil>
560	2041	240	2281	<nil>
560	1352	242	1594	<nil>
560	9829	237	10066	<nil>
560	3832	239	4071	<nil>
560	11830	235	12065	<nil>
560	2040	238	2278	<nil>
560	1204	239	1443	<nil>
560	2039	242	2281	<nil>
560	9832	235	10067	<nil>
560	1200	234	1434	<nil>
560	1205	257	1462	<nil>
560	1203	258	1461	<nil>
560	1203	262	1465	<nil>
560	1342	271	1613	<nil>
560	1196	270	1466	<nil>
560	2053	303	2356	<nil>
560	3695	318	4013	<nil>
560	2048	321	2369	<nil>
560	2054	318	2372	<nil>
560	2054	322	2376	<nil>
560	1205	323	1528	<nil>
560	6496	326	6822	<nil>
560	2054	322	2376	<nil>
560	1208	321	1529	<nil>
560	2053	322	2375	<nil>
560	2613	318	2931	<nil>
560	1206	321	1527	<nil>
560	2053	324	2377	<nil>
560	2055	321	2376	<nil>
560	1204	324	1528	<nil>
560	1205	322	1527	<nil>
560	1207	322	1529	<nil>
560	1205	324	1529	<nil>
560	1205	321	1526	<nil>
560	142	206	348	<nil>
560	1204	331	1535	<nil>
560	108	313	421	<nil>
560	294	56	350	<nil>
560	322	56	378	<nil>
560	305	57	362	<nil>
560	303	57	360	<nil>
560	2902	58	2960	<nil>
560	294	58	352	<nil>
560	293	58	351	<nil>
560	299	54	353	<nil>
560	306	54	360	<nil>
560	295	59	354	<nil>
560	294	58	352	<nil>
560	294	58	352	<nil>
560	2743	59	2802	<nil>
560	294	58	352	<nil>
560	299	54	353	<nil>
560	300	54	354	<nil>
560	298	55	353	<nil>
560	295	59	354	<nil>
560	299	54	353	<nil>
560	295	59	354	<nil>
560	308	59	367	<nil>
560	305	54	359	<nil>
560	307	46	353	<nil>
560	308	46	354	<nil>
560	2747	55	2802	<nil>
560	294	59	353	<nil>
560	294	60	354	<nil>
560	2916	78	2994	<nil>
560	10158	106	10264	<nil>
560	317	92	409	<nil>
560	310	116	426	<nil>
560	2536	92	2628	<nil>
560	332	90	422	<nil>
560	2523	106	2629	<nil>
560	329	93	422	<nil>
560	325	91	416	<nil>
560	328	96	424	<nil>
560	307	109	416	<nil>
560	306	104	410	<nil>
560	324	91	415	<nil>
560	319	98	417	<nil>
560	324	91	415	<nil>
560	305	107	412	<nil>
560	322	95	417	<nil>
560	310	115	425	<nil>
560	310	114	424	<nil>
560	323	98	421	<nil>
560	323	93	416	<nil>
560	306	112	418	<nil>
560	304	115	419	<nil>
560	347	80	427	<nil>
560	5754	91	5845	<nil>
560	333	90	423	<nil>
560	326	89	415	<nil>
560	322	95	417	<nil>
560	324	101	425	<nil>
560	3139	90	3229	<nil>
560	2922	93	3015	<nil>
560	333	91	424	<nil>
560	317	112	429	<nil>
560	338	88	426	<nil>
560	333	92	425	<nil>
560	328	98	426	<nil>
560	325	100	425	<nil>
560	334	91	425	<nil>
560	2812	92	2904	<nil>
560	338	88	426	<nil>
560	324	96	420	<nil>
560	329	96	425	<nil>
560	310	115	425	<nil>
560	315	114	429	<nil>
560	327	92	419	<nil>
560	328	98	426	<nil>
560	322	89	411	<nil>
560	327	96	423	<nil>
560	334	93	427	<nil>
560	321	100	421	<nil>
560	328	100	428	<nil>
560	333	95	428	<nil>
560	334	101	435	<nil>
560	3069	96	3165	<nil>
560	202	86	288	<nil>
560	3066	101	3167	<nil>
560	337	92	429	<nil>
560	327	102	429	<nil>
560	327	100	427	<nil>
560	327	97	424	<nil>
560	5397	100	5497	<nil>
560	5036	95	5131	<nil>
560	337	89	426	<nil>
560	338	93	431	<nil>
560	345	93	438	<nil>
560	3076	93	3169	<nil>
560	2796	94	2890	<nil>
560	208	95	303	<nil>
560	349	89	438	<nil>
560	347	95	442	<nil>
560	339	99	438	<nil>
560	344	94	438	<nil>
560	336	109	445	<nil>
560	345	107	452	<nil>
560	348	108	456	<nil>
560	5426	120	5546	<nil>
560	5098	108	5206	<nil>
560	340	136	476	<nil>
560	5390	223	5613	<nil>
560	5067	245	5312	<nil>
560	339	271	610	<nil>
560	338	279	617	<nil>
560	343	286	629	<nil>
560	345	283	628	<nil>
560	342	289	631	<nil>
560	119	290	409	<nil>
560	5797	283	6080	<nil>
560	181	289	470	<nil>
560	341	284	625	<nil>
560	340	289	629	<nil>
560	155	290	445	<nil>
560	154	291	445	<nil>
560	3074	289	3363	<nil>
560	111	293	404	<nil>
560	88	243	331	<nil>
560	111	293	404	<nil>
560	97	252	349	<nil>
560	128	193	321	<nil>
560	225	292	517	<nil>
560	81	241	322	<nil>
560	112	293	405	<nil>
560	60	291	351	<nil>
560	112	292	404	<nil>
560	112	292	404	<nil>
560	112	292	404	<nil>
560	112	292	404	<nil>
560	109	295	404	<nil>
560	226	293	519	<nil>
560	87	243	330	<nil>
560	89	244	333	<nil>
560	222	295	517	<nil>
560	226	294	520	<nil>
560	109	213	322	<nil>
560	124	193	317	<nil>
560	101	223	324	<nil>
560	124	193	317	<nil>
560	5611	291	5902	<nil>
560	121	200	321	<nil>
560	122	200	322	<nil>
560	94	249	343	<nil>
560	142	292	434	<nil>
560	109	295	404	<nil>
560	119	291	410	<nil>
560	118	224	342	<nil>
560	112	204	316	<nil>
560	108	228	336	<nil>
560	110	224	334	<nil>
560	108	227	335	<nil>
560	127	218	345	<nil>
560	98	217	315	<nil>
560	128	218	346	<nil>
560	98	217	315	<nil>
560	5496	224	5720	<nil>
560	118	223	341	<nil>
560	115	225	340	<nil>
560	119	223	342	<nil>
560	99	222	321	<nil>
560	5573	211	5784	<nil>
560	100	254	354	<nil>
560	29275	346	29621	<nil>
560	98	360	458	<nil>
560	84	369	453	<nil>
560	146	311	457	<nil>
560	86	390	476	<nil>
560	120	356	476	<nil>
560	105	371	476	<nil>
560	91	385	476	<nil>
560	104	372	476	<nil>
560	15159	389	15548	<nil>
560	196	219	415	<nil>
560	105	385	490	<nil>
560	176	195	371	<nil>
560	186	228	414	<nil>
560	191	227	418	<nil>
560	183	223	406	<nil>
560	183	245	428	<nil>
560	195	223	418	<nil>
560	92	399	491	<nil>
560	82	409	491	<nil>
560	109	376	485	<nil>
560	86	401	487	<nil>
560	99	395	494	<nil>
560	234	186	420	<nil>
560	232	188	420	<nil>
560	106	385	491	<nil>
560	199	211	410	<nil>
560	197	228	425	<nil>
560	235	189	424	<nil>
560	212	212	424	<nil>
560	214	212	426	<nil>
560	174	224	398	<nil>
560	225	199	424	<nil>
560	225	198	423	<nil>
560	258	169	427	<nil>
560	105	375	480	<nil>
560	226	199	425	<nil>
560	201	153	354	<nil>
560	196	228	424	<nil>
560	202	224	426	<nil>
560	183	223	406	<nil>
560	224	198	422	<nil>
560	233	191	424	<nil>
560	259	169	428	<nil>
560	183	242	425	<nil>
560	128	380	508	<nil>
560	225	198	423	<nil>
560	226	199	425	<nil>
560	196	228	424	<nil>
560	223	198	421	<nil>
560	97	404	501	<nil>
560	259	183	442	<nil>
560	259	169	428	<nil>
560	281	146	427	<nil>
560	267	169	436	<nil>
560	3147	168	3315	<nil>
560	273	168	441	<nil>
560	257	183	440	<nil>
560	270	169	439	<nil>
560	257	183	440	<nil>
560	271	169	440	<nil>
560	265	170	435	<nil>
560	295	145	440	<nil>
560	258	183	441	<nil>
560	265	170	435	<nil>
560	88	408	496	<nil>
560	267	590	857	<nil>
560	258	639	897	<nil>
560	318	578	896	<nil>
560	270	638	908	<nil>
560	226	638	864	<nil>
560	244	653	897	<nil>
560	268	637	905	<nil>
560	209	638	847	<nil>
560	252	654	906	<nil>
560	293	616	909	<nil>
560	251	646	897	<nil>
560	252	640	892	<nil>
560	256	653	909	<nil>
560	192	540	732	<nil>
560	267	640	907	<nil>
560	253	654	907	<nil>
560	190	540	730	<nil>
560	267	640	907	<nil>
560	267	639	906	<nil>
560	267	640	907	<nil>
560	269	641	910	<nil>
560	25931	653	26584	<nil>
560	5754	653	6407	<nil>
560	180	654	834	<nil>
560	266	641	907	<nil>
560	289	618	907	<nil>
560	3204	618	3822	<nil>
560	246	593	839	<nil>
560	8914	618	9532	<nil>
560	267	638	905	<nil>
560	194	514	708	<nil>
560	250	654	904	<nil>
560	221	618	839	<nil>
560	267	640	907	<nil>
560	288	618	906	<nil>
560	5874	536	6410	<nil>
560	182	543	725	<nil>
560	178	531	709	<nil>
560	170	512	682	<nil>
560	191	511	702	<nil>
560	172	535	707	<nil>
560	178	511	689	<nil>
560	174	532	706	<nil>
560	195	511	706	<nil>
560	328	0	328	rpc error: code = Unavailable desc = transport is closing
560	333	0	333	rpc error: code = Unavailable desc = transport is closing
560	206	0	206	rpc error: code = Unavailable desc = transport is closing
560	243	0	243	rpc error: code = Unavailable desc = transport is closing
560	272	0	272	rpc error: code = Unavailable desc = transport is closing
560	295	0	295	rpc error: code = Unavailable desc = transport is closing
560	295	0	295	rpc error: code = Unavailable desc = transport is closing
560	293	0	293	rpc error: code = Unavailable desc = transport is closing
560	2537	0	2537	rpc error: code = Unavailable desc = transport is closing
560	1184	0	1184	rpc error: code = Unavailable desc = transport is closing
560	1016	0	1016	rpc error: code = Unavailable desc = transport is closing
560	1325	0	1325	rpc error: code = Unavailable desc = transport is closing
560	1009	0	1009	rpc error: code = Unavailable desc = transport is closing
560	2035	0	2035	rpc error: code = Unavailable desc = transport is closing
560	1324	0	1324	rpc error: code = Unavailable desc = transport is closing
560	985	0	985	rpc error: code = Unavailable desc = transport is closing
560	997	0	997	rpc error: code = Unavailable desc = transport is closing
560	1342	0	1342	rpc error: code = Unavailable desc = transport is closing
560	1184	0	1184	rpc error: code = Unavailable desc = transport is closing
560	998	0	998	rpc error: code = Unavailable desc = transport is closing
560	1016	0	1016	rpc error: code = Unavailable desc = transport is closing
560	2052	0	2052	rpc error: code = Unavailable desc = transport is closing
560	1207	0	1207	rpc error: code = Unavailable desc = transport is closing
560	1204	0	1204	rpc error: code = Unavailable desc = transport is closing
560	1203	0	1203	rpc error: code = Unavailable desc = transport is closing
560	2041	0	2041	rpc error: code = Unavailable desc = transport is closing
560	1344	0	1344	rpc error: code = Unavailable desc = transport is closing
560	1199	0	1199	rpc error: code = Unavailable desc = transport is closing
560	3692	0	3692	rpc error: code = Unavailable desc = transport is closing
560	2046	0	2046	rpc error: code = Unavailable desc = transport is closing
560	1197	0	1197	rpc error: code = Unavailable desc = transport is closing
560	2054	0	2054	rpc error: code = Unavailable desc = transport is closing
560	2039	0	2039	rpc error: code = Unavailable desc = transport is closing
560	1205	0	1205	rpc error: code = Unavailable desc = transport is closing
560	2052	0	2052	rpc error: code = Unavailable desc = transport is closing
560	1010	0	1010	rpc error: code = Unavailable desc = transport is closing
560	1194	0	1194	rpc error: code = Unavailable desc = transport is closing
560	1347	0	1347	rpc error: code = Unavailable desc = transport is closing
560	1200	0	1200	rpc error: code = Unavailable desc = transport is closing
560	1339	0	1339	rpc error: code = Unavailable desc = transport is closing
560	1197	0	1197	rpc error: code = Unavailable desc = transport is closing
560	6598	0	6598	rpc error: code = Unavailable desc = transport is closing
560	1357	0	1357	rpc error: code = Unavailable desc = transport is closing
560	95	0	95	rpc error: code = Unavailable desc = transport is closing
560	1207	0	1207	rpc error: code = Unavailable desc = transport is closing
560	1165	0	1165	rpc error: code = Unavailable desc = transport is closing
560	1167	0	1167	rpc error: code = Unavailable desc = transport is closing
560	1173	0	1173	rpc error: code = Unavailable desc = transport is closing
560	1167	0	1167	rpc error: code = Unavailable desc = transport is closing
560	1354	0	1354	rpc error: code = Unavailable desc = transport is closing
560	1159	0	1159	rpc error: code = Unavailable desc = transport is closing
560	1175	0	1175	rpc error: code = Unavailable desc = transport is closing
560	1165	0	1165	rpc error: code = Unavailable desc = transport is closing
560	1161	0	1161	rpc error: code = Unavailable desc = transport is closing
560	17510	0	17510	rpc error: code = Unavailable desc = transport is closing
560	1246	0	1246	rpc error: code = Unavailable desc = transport is closing
560	1203	0	1203	rpc error: code = Unavailable desc = transport is closing
560	982	0	982	rpc error: code = Unavailable desc = transport is closing
560	1324	0	1324	rpc error: code = Unavailable desc = transport is closing
560	1320	0	1320	rpc error: code = Unavailable desc = transport is closing
560	1255	0	1255	rpc error: code = Unavailable desc = transport is closing
560	1254	0	1254	rpc error: code = Unavailable desc = transport is closing
560	11704	0	11704	rpc error: code = Unavailable desc = transport is closing
560	2167	0	2167	rpc error: code = Unavailable desc = transport is closing
560	1165	0	1165	rpc error: code = Unavailable desc = transport is closing
560	1241	0	1241	rpc error: code = Unavailable desc = transport is closing
560	3032	0	3032	rpc error: code = Unavailable desc = transport is closing
560	1167	0	1167	rpc error: code = Unavailable desc = transport is closing
560	1362	0	1362	rpc error: code = Unavailable desc = transport is closing
560	1015	0	1015	rpc error: code = Unavailable desc = transport is closing
560	1290	0	1290	rpc error: code = Unavailable desc = transport is closing
560	1300	0	1300	rpc error: code = Unavailable desc = transport is closing
560	1320	0	1320	rpc error: code = Unavailable desc = transport is closing
560	1161	0	1161	rpc error: code = Unavailable desc = transport is closing
560	1319	0	1319	rpc error: code = Unavailable desc = transport is closing
560	239	572	811	<nil>
560	1311	0	1311	rpc error: code = Unavailable desc = transport is closing
560	210	571	781	<nil>
560	1160	0	1160	rpc error: code = Unavailable desc = transport is closing
560	1311	0	1311	rpc error: code = Unavailable desc = transport is closing
560	3095	572	3667	<nil>
560	4002	0	4002	rpc error: code = Unavailable desc = transport is closing
560	2035	0	2035	rpc error: code = Unavailable desc = transport is closing
560	1342	0	1342	rpc error: code = Unavailable desc = transport is closing
560	1325	0	1325	rpc error: code = Unavailable desc = transport is closing
560	2055	0	2055	rpc error: code = Unavailable desc = transport is closing
560	199	585	784	<nil>
560	63	583	646	<nil>
560	213	585	798	<nil>
560	1332	0	1332	rpc error: code = Unavailable desc = transport is closing
560	9076	584	9660	<nil>
560	1187	0	1187	rpc error: code = Unavailable desc = transport is closing
560	190	595	785	<nil>
560	211	588	799	<nil>
560	210	591	801	<nil>
560	209	592	801	<nil>
560	234	597	831	<nil>
560	205	589	794	<nil>
560	15596	588	16184	<nil>
560	204	588	792	<nil>
560	211	591	802	<nil>
560	227	569	796	<nil>
560	202	591	793	<nil>
560	197	589	786	<nil>
560	234	576	810	<nil>
560	200	590	790	<nil>
560	207	573	780	<nil>
560	205	576	781	<nil>
560	209	572	781	<nil>
560	505	267	772	<nil>
560	506	267	773	<nil>
560	210	0	210	rpc error: code = Unavailable desc = transport is closing
560	199	585	784	<nil>
560	241	586	827	<nil>
560	199	585	784	<nil>
560	204	586	790	<nil>
560	5502	595	6097	<nil>
560	1179	0	1179	rpc error: code = Unavailable desc = transport is closing
560	196	590	786	<nil>
560	202	596	798	<nil>
560	193	596	789	<nil>
560	204	595	799	<nil>
560	221	594	815	<nil>
560	205	594	799	<nil>
560	203	596	799	<nil>
560	215	597	812	<nil>
560	196	595	791	<nil>
560	191	595	786	<nil>
560	204	596	800	<nil>
560	206	601	807	<nil>
560	1161	0	1161	rpc error: code = Unavailable desc = transport is closing
560	209	591	800	<nil>
560	209	592	801	<nil>
560	201	592	793	<nil>
560	210	591	801	<nil>
560	1295	0	1295	rpc error: code = Unavailable desc = transport is closing
560	195	592	787	<nil>
560	205	597	802	<nil>
560	1324	0	1324	rpc error: code = Unavailable desc = transport is closing
560	6209	0	6209	rpc error: code = Unavailable desc = transport is closing
560	1346	0	1346	rpc error: code = Unavailable desc = transport is closing
560	1321	0	1321	rpc error: code = Unavailable desc = transport is closing
560	76	587	663	<nil>
560	203	590	793	<nil>
560	9075	588	9663	<nil>
560	299	0	299	rpc error: code = Unavailable desc = transport is closing
560	597	298	895	<nil>
560	16230	300	16530	<nil>
560	659	232	891	<nil>
560	16181	301	16482	<nil>
560	707	184	891	<nil>
560	9363	281	9644	<nil>
560	653	246	899	<nil>
560	669	213	882	<nil>
560	385	111	496	<nil>
560	1333	153	1486	<nil>
560	732	168	900	<nil>
560	591	298	889	<nil>
560	584	298	882	<nil>
560	738	152	890	<nil>
560	813	128	941	<nil>
560	737	151	888	<nil>
560	409	91	500	<nil>
560	350	147	497	<nil>
560	678	219	897	<nil>
560	741	156	897	<nil>
560	785	113	898	<nil>
560	1662	113	1775	<nil>
560	733	164	897	<nil>
560	678	219	897	<nil>
560	658	238	896	<nil>
560	385	113	498	<nil>
560	438	61	499	<nil>
560	1479	60	1539	<nil>
560	437	60	497	<nil>
560	368	129	497	<nil>
560	785	114	899	<nil>
560	2860	129	2989	<nil>
560	368	129	497	<nil>
560	744	153	897	<nil>
560	748	157	905	<nil>
560	758	131	889	<nil>
560	732	166	898	<nil>
560	1713	61	1774	<nil>
560	1647	130	1777	<nil>
560	16598	113	16711	<nil>
560	737	152	889	<nil>
560	578	297	875	<nil>
560	736	151	887	<nil>
560	1715	61	1776	<nil>
560	345	152	497	<nil>
560	731	166	897	<nil>
560	1660	114	1774	<nil>
560	2865	130	2995	<nil>
560	745	165	910	<nil>
560	813	130	943	<nil>
560	382	0	382	rpc error: code = Unavailable desc = transport is closing
560	783	113	896	<nil>
560	831	63	894	<nil>
560	374	0	374	rpc error: code = Unavailable desc = transport is closing
560	2877	114	2991	<nil>
560	2888	104	2992	<nil>
560	2864	130	2994	<nil>
560	1687	90	1777	<nil>
560	367	130	497	<nil>
560	385	120	505	<nil>
560	385	0	385	rpc error: code = Unavailable desc = transport is closing
560	386	0	386	rpc error: code = Unavailable desc = transport is closing
560	379	0	379	rpc error: code = Unavailable desc = transport is closing
560	2945	0	2945	rpc error: code = Unavailable desc = transport is closing
560	382	0	382	rpc error: code = Unavailable desc = transport is closing
560	382	0	382	rpc error: code = Unavailable desc = transport is closing
560	382	0	382	rpc error: code = Unavailable desc = transport is closing
560	382	0	382	rpc error: code = Unavailable desc = transport is closing
560	387	0	387	rpc error: code = Unavailable desc = transport is closing
560	376	0	376	rpc error: code = Unavailable desc = transport is closing
560	374	0	374	rpc error: code = Unavailable desc = transport is closing
560	3249	0	3249	rpc error: code = Unavailable desc = transport is closing
560	400	0	400	rpc error: code = Unavailable desc = transport is closing
560	376	0	376	rpc error: code = Unavailable desc = transport is closing
560	2943	0	2943	rpc error: code = Unavailable desc = transport is closing
560	374	0	374	rpc error: code = Unavailable desc = transport is closing
560	2939	0	2939	rpc error: code = Unavailable desc = transport is closing
560	3242	0	3242	rpc error: code = Unavailable desc = transport is closing
560	2945	0	2945	rpc error: code = Unavailable desc = transport is closing
560	1376	0	1376	rpc error: code = Unavailable desc = transport is closing
560	388	0	388	rpc error: code = Unavailable desc = transport is closing
560	2943	0	2943	rpc error: code = Unavailable desc = transport is closing
560	370	0	370	rpc error: code = Unavailable desc = transport is closing
560	387	0	387	rpc error: code = Unavailable desc = transport is closing
560	387	0	387	rpc error: code = Unavailable desc = transport is closing
560	1377	0	1377	rpc error: code = Unavailable desc = transport is closing
560	2947	0	2947	rpc error: code = Unavailable desc = transport is closing
560	370	0	370	rpc error: code = Unavailable desc = transport is closing
560	382	0	382	rpc error: code = Unavailable desc = transport is closing
560	382	0	382	rpc error: code = Unavailable desc = transport is closing
560	1395	0	1395	rpc error: code = Unavailable desc = transport is closing
560	736	153	889	<nil>
560	732	166	898	<nil>
560	389	0	389	rpc error: code = Unavailable desc = transport is closing
560	6176	301	6477	<nil>
560	369	130	499	<nil>
560	437	61	498	<nil>
560	382	0	382	rpc error: code = Unavailable desc = transport is closing
560	387	0	387	rpc error: code = Unavailable desc = transport is closing
560	1381	0	1381	rpc error: code = Unavailable desc = transport is closing
560	390	0	390	rpc error: code = Unavailable desc = transport is closing
560	379	0	379	rpc error: code = Unavailable desc = transport is closing
560	388	0	388	rpc error: code = Unavailable desc = transport is closing
560	372	0	372	rpc error: code = Unavailable desc = transport is closing
560	346	174	520	<nil>
560	334	170	504	<nil>
560	354	173	527	<nil>
560	336	168	504	<nil>
560	350	170	520	<nil>
560	362	160	522	<nil>
560	350	171	521	<nil>
560	346	174	520	<nil>
560	350	170	520	<nil>
560	355	168	523	<nil>
560	333	169	502	<nil>
560	364	159	523	<nil>
560	359	175	534	<nil>
560	333	168	501	<nil>
560	337	168	505	<nil>
560	3026	169	3195	<nil>
560	431	106	537	<nil>
560	398	143	541	<nil>
560	231	158	389	<nil>
560	189	170	359	<nil>
560	3025	176	3201	<nil>
560	201	184	385	<nil>
560	331	171	502	<nil>
560	350	161	511	<nil>
560	177	194	371	<nil>
560	183	194	377	<nil>
560	353	169	522	<nil>
560	3024	170	3194	<nil>
560	124	13	137	<nil>
560	1184	17	1201	<nil>
560	142	16	158	<nil>
560	208	16	224	<nil>
560	1189	13	1202	<nil>
560	307	172	479	<nil>
560	168	15	183	<nil>
560	209	17	226	<nil>
560	211	17	228	<nil>
560	350	180	530	<nil>
560	353	179	532	<nil>
560	147	17	164	<nil>
560	3033	165	3198	<nil>
560	367	172	539	<nil>
560	283	142	425	<nil>
560	353	172	525	<nil>
560	364	173	537	<nil>
560	351	173	524	<nil>
560	350	175	525	<nil>
560	3024	171	3195	<nil>
560	213	17	230	<nil>
560	352	161	513	<nil>
560	3020	175	3195	<nil>
560	344	166	510	<nil>
560	362	165	527	<nil>
560	201	180	381	<nil>
560	3025	175	3200	<nil>
560	373	157	530	<nil>
560	352	175	527	<nil>
560	3032	164	3196	<nil>
560	333	180	513	<nil>
560	348	173	521	<nil>
560	3022	177	3199	<nil>
560	16554	161	16715	<nil>
560	193	169	362	<nil>
560	183	176	359	<nil>
560	181	169	350	<nil>
560	353	169	522	<nil>
560	3027	177	3204	<nil>
560	182	180	362	<nil>
560	1210	179	1389	<nil>
560	16753	169	16922	<nil>
560	180	177	357	<nil>
560	180	179	359	<nil>
560	200	184	384	<nil>
560	182	171	353	<nil>
560	194	170	364	<nil>
560	261	150	411	<nil>
560	3507	178	3685	<nil>
560	213	150	363	<nil>
560	191	172	363	<nil>
560	3033	172	3205	<nil>
560	194	171	365	<nil>
560	300	169	469	<nil>
560	189	171	360	<nil>
560	3019	184	3203	<nil>
560	183	179	362	<nil>
560	3027	178	3205	<nil>
560	3020	182	3202	<nil>
560	176	19	195	<nil>
560	181	170	351	<nil>
560	241	172	413	<nil>
560	3054	149	3203	<nil>
560	131	19	150	<nil>
560	170	18	188	<nil>
560	3052	151	3203	<nil>
560	3032	159	3191	<nil>
560	247	127	374	<nil>
560	190	186	376	<nil>
560	3269	187	3456	<nil>
560	207	163	370	<nil>
560	180	185	365	<nil>
560	191	185	376	<nil>
560	202	165	367	<nil>
560	188	187	375	<nil>
560	204	24	228	<nil>
560	182	184	366	<nil>
560	250	128	378	<nil>
560	130	16	146	<nil>
560	190	186	376	<nil>
560	3068	150	3218	<nil>
560	256	134	390	<nil>
560	247	126	373	<nil>
560	182	185	367	<nil>
560	158	13	171	<nil>
560	9342	128	9470	<nil>
560	206	25	231	<nil>
560	153	15	168	<nil>
560	3055	163	3218	<nil>
560	190	187	377	<nil>
560	191	186	377	<nil>
560	205	21	226	<nil>
560	140	129	269	<nil>
560	179	194	373	<nil>
560	16585	130	16715	<nil>
560	191	187	378	<nil>
560	3447	178	3625	<nil>
560	3212	25	3237	<nil>
560	208	24	232	<nil>
560	192	189	381	<nil>
560	208	11	219	<nil>
560	3020	174	3194	<nil>
560	207	13	220	<nil>
560	177	17	194	<nil>
560	3052	142	3194	<nil>
560	164	14	178	<nil>
560	159	16	175	<nil>
560	143	13	156	<nil>
560	8692	13	8705	<nil>
560	178	16	194	<nil>
560	168	14	182	<nil>
560	144	15	159	<nil>
560	140	15	155	<nil>
560	122	13	135	<nil>
560	27181	14	27195	<nil>
560	142	14	156	<nil>
560	3211	17	3228	<nil>
560	203	15	218	<nil>
560	125	19	144	<nil>
560	3033	164	3197	<nil>
560	158	19	177	<nil>
560	177	19	196	<nil>
560	140	16	156	<nil>
560	3018	175	3193	<nil>
560	365	161	526	<nil>
560	211	13	224	<nil>
560	9994	175	10169	<nil>
560	173	18	191	<nil>
560	1210	18	1228	<nil>
560	206	17	223	<nil>
560	3216	16	3232	<nil>
560	222	19	241	<nil>
560	292	158	450	<nil>
560	211	18	229	<nil>
560	193	20	213	<nil>
560	340	174	514	<nil>
560	167	19	186	<nil>
560	147	15	162	<nil>
560	197	18	215	<nil>
560	143	19	162	<nil>
560	166	19	185	<nil>
560	201	18	219	<nil>
560	194	18	212	<nil>
560	353	174	527	<nil>
560	258	160	418	<nil>
560	169	20	189	<nil>
560	213	150	363	<nil>
560	244	116	360	<nil>
560	193	173	366	<nil>
560	143	19	162	<nil>
560	226	150	376	<nil>
560	178	14	192	<nil>
560	154	18	172	<nil>
560	248	127	375	<nil>
560	178	19	197	<nil>
560	210	167	377	<nil>
560	143	14	157	<nil>
560	158	18	176	<nil>
560	3213	11	3224	<nil>
560	174	17	191	<nil>
560	171	15	186	<nil>
560	3451	175	3626	<nil>
560	158	19	177	<nil>
560	143	24	167	<nil>
560	179	18	197	<nil>
560	154	19	173	<nil>
560	176	21	197	<nil>
560	173	22	195	<nil>
560	174	21	195	<nil>
560	131	21	152	<nil>
560	131	21	152	<nil>
560	206	26	232	<nil>
560	150	24	174	<nil>
560	180	20	200	<nil>
560	182	20	202	<nil>
560	163	132	295	<nil>
560	174	137	311	<nil>
560	10198	135	10333	<nil>
560	153	137	290	<nil>
560	16855	137	16992	<nil>
560	158	133	291	<nil>
560	156	135	291	<nil>
560	178	141	319	<nil>
560	46403	135	46538	<nil>
560	162	134	296	<nil>
560	159	133	292	<nil>
560	88	136	224	<nil>
560	158	138	296	<nil>
560	156	134	290	<nil>
560	177	134	311	<nil>
560	90	134	224	<nil>
560	160	135	295	<nil>
560	16738	135	16873	<nil>
560	134	135	269	<nil>
560	157	135	292	<nil>
560	158	133	291	<nil>
560	175	148	323	<nil>
560	152	138	290	<nil>
560	974	4	978	<nil>
560	825	9	834	<nil>
560	969	12	981	<nil>
560	815	10	825	<nil>
560	973	11	984	<nil>
560	972	9	981	<nil>
560	972	8	980	<nil>
560	980	11	991	<nil>
560	817	9	826	<nil>
560	818	11	829	<nil>
560	827	9	836	<nil>
560	815	12	827	<nil>
560	969	12	981	<nil>
560	974	12	986	<nil>
560	974	12	986	<nil>
560	974	9	983	<nil>
560	973	12	985	<nil>
560	975	10	985	<nil>
560	828	10	838	<nil>
560	969	11	980	<nil>
560	973	13	986	<nil>
560	974	12	986	<nil>
560	971	11	982	<nil>
560	970	12	982	<nil>
560	975	9	984	<nil>
560	814	12	826	<nil>
560	972	12	984	<nil>
560	1143	13	1156	<nil>
560	974	12	986	<nil>
560	973	16	989	<nil>
560	975	9	984	<nil>
560	987	14	1001	<nil>
560	975	12	987	<nil>
560	820	10	830	<nil>
560	979	9	988	<nil>
560	973	15	988	<nil>
560	822	10	832	<nil>
560	978	9	987	<nil>
560	5738	9	5747	<nil>
560	816	17	833	<nil>
560	981	15	996	<nil>
560	979	18	997	<nil>
560	976	14	990	<nil>
560	980	17	997	<nil>
560	828	14	842	<nil>
560	970	17	987	<nil>
560	988	9	997	<nil>
560	816	18	834	<nil>
560	974	14	988	<nil>
560	972	16	988	<nil>
560	978	13	991	<nil>
560	821	15	836	<nil>
560	988	13	1001	<nil>
560	822	15	837	<nil>
560	982	13	995	<nil>
560	827	10	837	<nil>
560	978	15	993	<nil>
560	981	13	994	<nil>
560	981	15	996	<nil>
560	987	14	1001	<nil>
560	981	13	994	<nil>
560	822	16	838	<nil>
560	978	53	1031	<nil>
560	987	116	1103	<nil>
560	351	0	351	rpc error: code = Unavailable desc = transport is closing
560	350	0	350	rpc error: code = Unavailable desc = transport is closing
560	353	0	353	rpc error: code = Unavailable desc = transport is closing
560	353	0	353	rpc error: code = Unavailable desc = transport is closing
560	365	0	365	rpc error: code = Unavailable desc = transport is closing
560	332	0	332	rpc error: code = Unavailable desc = transport is closing
560	319	0	319	rpc error: code = Unavailable desc = transport is closing
560	366	0	366	rpc error: code = Unavailable desc = transport is closing
560	336	0	336	rpc error: code = Unavailable desc = transport is closing
560	352	0	352	rpc error: code = Unavailable desc = transport is closing
560	982	119	1101	<nil>
560	988	121	1109	<nil>
560	334	0	334	rpc error: code = Unavailable desc = transport is closing
560	318	0	318	rpc error: code = Unavailable desc = transport is closing
560	301	0	301	rpc error: code = Unavailable desc = transport is closing
560	298	0	298	rpc error: code = Unavailable desc = transport is closing
560	980	122	1102	<nil>
560	978	122	1100	<nil>
560	983	128	1111	<nil>
560	982	124	1106	<nil>
560	979	123	1102	<nil>
560	308	0	308	rpc error: code = Unavailable desc = transport is closing
560	980	128	1108	<nil>
560	1276	129	1405	<nil>
560	962	0	962	rpc error: code = Unavailable desc = transport is closing
560	107	16	123	<nil>
560	979	0	979	rpc error: code = Unavailable desc = transport is closing
560	5719	0	5719	rpc error: code = Unavailable desc = transport is closing
560	969	0	969	rpc error: code = Unavailable desc = transport is closing
560	935	0	935	rpc error: code = Unavailable desc = transport is closing
560	931	0	931	rpc error: code = Unavailable desc = transport is closing
560	5834	0	5834	rpc error: code = Unavailable desc = transport is closing
560	971	0	971	rpc error: code = Unavailable desc = transport is closing
560	936	0	936	rpc error: code = Unavailable desc = transport is closing
560	979	0	979	rpc error: code = Unavailable desc = transport is closing
560	945	0	945	rpc error: code = Unavailable desc = transport is closing
560	930	0	930	rpc error: code = Unavailable desc = transport is closing
560	932	0	932	rpc error: code = Unavailable desc = transport is closing
560	931	0	931	rpc error: code = Unavailable desc = transport is closing
560	957	0	957	rpc error: code = Unavailable desc = transport is closing
560	956	0	956	rpc error: code = Unavailable desc = transport is closing
560	957	0	957	rpc error: code = Unavailable desc = transport is closing
560	968	0	968	rpc error: code = Unavailable desc = transport is closing
560	971	0	971	rpc error: code = Unavailable desc = transport is closing
560	933	0	933	rpc error: code = Unavailable desc = transport is closing
560	954	0	954	rpc error: code = Unavailable desc = transport is closing
560	957	0	957	rpc error: code = Unavailable desc = transport is closing
560	955	0	955	rpc error: code = Unavailable desc = transport is closing
560	956	0	956	rpc error: code = Unavailable desc = transport is closing
560	955	0	955	rpc error: code = Unavailable desc = transport is closing
560	958	0	958	rpc error: code = Unavailable desc = transport is closing
560	938	0	938	rpc error: code = Unavailable desc = transport is closing
560	954	0	954	rpc error: code = Unavailable desc = transport is closing
560	955	0	955	rpc error: code = Unavailable desc = transport is closing
560	935	0	935	rpc error: code = Unavailable desc = transport is closing
560	383	0	383	rpc error: code = Unavailable desc = transport is closing
560	934	0	934	rpc error: code = Unavailable desc = transport is closing
560	997	0	997	rpc error: code = Unavailable desc = transport is closing
560	957	0	957	rpc error: code = Unavailable desc = transport is closing
560	953	0	953	rpc error: code = Unavailable desc = transport is closing
560	984	0	984	rpc error: code = Unavailable desc = transport is closing
560	989	0	989	rpc error: code = Unavailable desc = transport is closing
560	111	12	123	<nil>
560	110	17	127	<nil>
560	111	13	124	<nil>
560	936	0	936	rpc error: code = Unavailable desc = transport is closing
560	943	0	943	rpc error: code = Unavailable desc = transport is closing
560	933	0	933	rpc error: code = Unavailable desc = transport is closing
560	114	19	133	<nil>
560	993	0	993	rpc error: code = Unavailable desc = transport is closing
560	958	0	958	rpc error: code = Unavailable desc = transport is closing
560	108	16	124	<nil>
560	106	17	123	<nil>
560	980	0	980	rpc error: code = Unavailable desc = transport is closing
560	10584	16	10600	<nil>
560	103	16	119	<nil>
560	968	0	968	rpc error: code = Unavailable desc = transport is closing
560	983	0	983	rpc error: code = Unavailable desc = transport is closing
560	937	0	937	rpc error: code = Unavailable desc = transport is closing
560	937	0	937	rpc error: code = Unavailable desc = transport is closing
560	937	0	937	rpc error: code = Unavailable desc = transport is closing
560	935	0	935	rpc error: code = Unavailable desc = transport is closing
560	998	0	998	rpc error: code = Unavailable desc = transport is closing
560	953	0	953	rpc error: code = Unavailable desc = transport is closing
560	956	0	956	rpc error: code = Unavailable desc = transport is closing
560	967	0	967	rpc error: code = Unavailable desc = transport is closing
560	823	0	823	rpc error: code = Unavailable desc = transport is closing
560	930	0	930	rpc error: code = Unavailable desc = transport is closing
560	935	0	935	rpc error: code = Unavailable desc = transport is closing
560	115	35	150	<nil>
560	111	20	131	<nil>
560	124	157	281	<nil>
560	969	0	969	rpc error: code = Unavailable desc = transport is closing
560	959	0	959	rpc error: code = Unavailable desc = transport is closing
560	151	142	293	<nil>
560	146	143	289	<nil>
560	151	144	295	<nil>
560	969	0	969	rpc error: code = Unavailable desc = transport is closing
560	797	0	797	rpc error: code = Unavailable desc = transport is closing
560	962	0	962	rpc error: code = Unavailable desc = transport is closing
560	962	0	962	rpc error: code = Unavailable desc = transport is closing
560	5605	0	5605	rpc error: code = Unavailable desc = transport is closing
560	962	0	962	rpc error: code = Unavailable desc = transport is closing
560	962	0	962	rpc error: code = Unavailable desc = transport is closing
560	962	0	962	rpc error: code = Unavailable desc = transport is closing
560	963	0	963	rpc error: code = Unavailable desc = transport is closing
560	964	0	964	rpc error: code = Unavailable desc = transport is closing
560	965	0	965	rpc error: code = Unavailable desc = transport is closing
560	965	0	965	rpc error: code = Unavailable desc = transport is closing
560	965	0	965	rpc error: code = Unavailable desc = transport is closing
560	965	0	965	rpc error: code = Unavailable desc = transport is closing
560	961	0	961	rpc error: code = Unavailable desc = transport is closing
560	820	0	820	rpc error: code = Unavailable desc = transport is closing
560	962	0	962	rpc error: code = Unavailable desc = transport is closing
560	963	0	963	rpc error: code = Unavailable desc = transport is closing
560	970	0	970	rpc error: code = Unavailable desc = transport is closing
560	17922	0	17922	rpc error: code = Unavailable desc = transport is closing
560	1010	0	1010	rpc error: code = Unavailable desc = transport is closing
560	970	0	970	rpc error: code = Unavailable desc = transport is closing
560	962	0	962	rpc error: code = Unavailable desc = transport is closing
560	17360	0	17360	rpc error: code = Unavailable desc = transport is closing
560	975	0	975	rpc error: code = Unavailable desc = transport is closing
560	965	0	965	rpc error: code = Unavailable desc = transport is closing
560	972	0	972	rpc error: code = Unavailable desc = transport is closing
560	961	0	961	rpc error: code = Unavailable desc = transport is closing
560	152	187	339	<nil>
560	817	0	817	rpc error: code = Unavailable desc = transport is closing
560	980	0	980	rpc error: code = Unavailable desc = transport is closing
560	147	191	338	<nil>
560	28248	0	28248	rpc error: code = Unavailable desc = transport is closing
560	825	0	825	rpc error: code = Unavailable desc = transport is closing
560	1144	191	1335	<nil>
560	137	203	340	<nil>
560	1152	0	1152	rpc error: code = Unavailable desc = transport is closing
560	983	0	983	rpc error: code = Unavailable desc = transport is closing
560	983	0	983	rpc error: code = Unavailable desc = transport is closing
560	152	193	345	<nil>
560	970	0	970	rpc error: code = Unavailable desc = transport is closing
560	976	0	976	rpc error: code = Unavailable desc = transport is closing
560	981	0	981	rpc error: code = Unavailable desc = transport is closing
560	1143	194	1337	<nil>
560	980	0	980	rpc error: code = Unavailable desc = transport is closing
560	132	219	351	<nil>
560	969	0	969	rpc error: code = Unavailable desc = transport is closing
560	10466	0	10466	rpc error: code = Unavailable desc = transport is closing
560	973	0	973	rpc error: code = Unavailable desc = transport is closing
560	970	0	970	rpc error: code = Unavailable desc = transport is closing
560	977	0	977	rpc error: code = Unavailable desc = transport is closing
560	974	0	974	rpc error: code = Unavailable desc = transport is closing
560	979	0	979	rpc error: code = Unavailable desc = transport is closing
560	978	0	978	rpc error: code = Unavailable desc = transport is closing
560	152	188	340	<nil>
560	146	192	338	<nil>
560	824	0	824	rpc error: code = Unavailable desc = transport is closing
560	132	203	335	<nil>
560	982	0	982	rpc error: code = Unavailable desc = transport is closing
560	970	0	970	rpc error: code = Unavailable desc = transport is closing
560	973	0	973	rpc error: code = Unavailable desc = transport is closing
560	146	195	341	<nil>
560	146	196	342	<nil>
560	141	195	336	<nil>
560	132	208	340	<nil>
560	29198	0	29198	rpc error: code = Unavailable desc = transport is closing
560	988	0	988	rpc error: code = Unavailable desc = transport is closing
560	151	209	360	<nil>
560	231	93	324	<nil>
560	153	93	246	<nil>
560	146	210	356	<nil>
560	208	143	351	<nil>
560	172	184	356	<nil>
560	1135	210	1345	<nil>
560	235	121	356	<nil>
560	141	219	360	<nil>
560	9862	204	10066	<nil>
560	121	210	331	<nil>
560	1211	143	1354	<nil>
560	974	0	974	rpc error: code = Unavailable desc = transport is closing
560	1133	219	1352	<nil>
560	239	124	363	<nil>
560	1134	229	1363	<nil>
560	141	233	374	<nil>
560	133	239	372	<nil>
560	1135	239	1374	<nil>
560	132	239	371	<nil>
560	141	231	372	<nil>
560	131	238	369	<nil>
560	151	234	385	<nil>
560	253	124	377	<nil>
560	141	234	375	<nil>
560	244	136	380	<nil>
560	140	234	374	<nil>
560	132	243	375	<nil>
560	141	235	376	<nil>
560	176	211	387	<nil>
560	1135	245	1380	<nil>
560	132	246	378	<nil>
560	1135	258	1393	<nil>
560	142	244	386	<nil>
560	146	314	460	<nil>
560	3293	207	3500	<nil>
560	222	210	432	<nil>
560	165	0	165	rpc error: code = Unavailable desc = transport is closing
560	188	189	377	<nil>
560	186	191	377	<nil>
560	3068	200	3268	<nil>
560	179	199	378	<nil>
560	261	0	261	rpc error: code = Unavailable desc = transport is closing
560	245	0	245	rpc error: code = Unavailable desc = transport is closing
560	5600	0	5600	rpc error: code = Unavailable desc = transport is closing
560	236	0	236	rpc error: code = Unavailable desc = transport is closing
560	262	0	262	rpc error: code = Unavailable desc = transport is closing
560	249	0	249	rpc error: code = Unavailable desc = transport is closing
560	238	0	238	rpc error: code = Unavailable desc = transport is closing
560	234	0	234	rpc error: code = Unavailable desc = transport is closing
560	239	0	239	rpc error: code = Unavailable desc = transport is closing
560	240	0	240	rpc error: code = Unavailable desc = transport is closing
560	273	0	273	rpc error: code = Unavailable desc = transport is closing
560	246	0	246	rpc error: code = Unavailable desc = transport is closing
560	237	0	237	rpc error: code = Unavailable desc = transport is closing
560	268	0	268	rpc error: code = Unavailable desc = transport is closing
560	297	0	297	rpc error: code = Unavailable desc = transport is closing
560	239	0	239	rpc error: code = Unavailable desc = transport is closing
560	239	0	239	rpc error: code = Unavailable desc = transport is closing
560	261	189	450	<nil>
560	254	194	448	<nil>
560	249	189	438	<nil>
560	2949	191	3140	<nil>
560	255	181	436	<nil>
560	27035	179	27214	<nil>
560	238	180	418	<nil>
560	6008	190	6198	<nil>
560	245	191	436	<nil>
560	246	191	437	<nil>
560	259	180	439	<nil>
560	257	182	439	<nil>
560	5979	191	6170	<nil>
560	235	183	418	<nil>
560	269	180	449	<nil>
560	263	190	453	<nil>
560	263	232	495	<nil>
560	268	230	498	<nil>
560	268	211	479	<nil>
560	277	202	479	<nil>
560	262	219	481	<nil>
560	258	242	500	<nil>
560	204	134	338	<nil>
560	188	159	347	<nil>
560	250	249	499	<nil>
560	280	203	483	<nil>
560	316	166	482	<nil>
560	279	214	493	<nil>
560	263	214	477	<nil>
560	236	246	482	<nil>
560	313	169	482	<nil>
560	239	250	489	<nil>
560	280	205	485	<nil>
560	239	250	489	<nil>
560	297	187	484	<nil>
560	239	250	489	<nil>
560	244	260	504	<nil>
560	237	256	493	<nil>
560	237	255	492	<nil>
560	8454	248	8702	<nil>
560	8447	256	8703	<nil>
560	240	254	494	<nil>
560	246	248	494	<nil>
560	3025	197	3222	<nil>
560	238	256	494	<nil>
560	9919	256	10175	<nil>
560	238	256	494	<nil>
560	197	149	346	<nil>
560	245	248	493	<nil>
560	239	255	494	<nil>
560	238	256	494	<nil>
560	205	132	337	<nil>
560	239	256	495	<nil>
560	234	257	491	<nil>
560	353	161	514	<nil>
560	198	150	348	<nil>
560	313	152	465	<nil>
560	313	188	501	<nil>
560	250	256	506	<nil>
560	198	151	349	<nil>
560	240	254	494	<nil>
560	336	160	496	<nil>
560	205	135	340	<nil>
560	208	152	360	<nil>
560	239	256	495	<nil>
560	280	216	496	<nil>
560	208	152	360	<nil>
560	211	152	363	<nil>
560	340	154	494	<nil>
560	340	153	493	<nil>
560	343	153	496	<nil>
560	245	255	500	<nil>
560	2712	255	2967	<nil>
560	273	235	508	<nil>
560	3162	257	3419	<nil>
560	239	255	494	<nil>
560	190	159	349	<nil>
560	268	215	483	<nil>
560	203	146	349	<nil>
560	291	204	495	<nil>
560	207	282	489	<nil>
560	205	284	489	<nil>
560	207	283	490	<nil>
560	206	285	491	<nil>
560	208	284	492	<nil>
560	205	284	489	<nil>
560	206	284	490	<nil>
560	1301	0	1301	rpc error: code = Unavailable desc = transport is closing
560	2946	0	2946	rpc error: code = Unavailable desc = transport is closing
560	206	286	492	<nil>
560	207	284	491	<nil>
560	307	0	307	rpc error: code = Unavailable desc = transport is closing
560	241	218	459	<nil>
560	258	218	476	<nil>
560	254	218	472	<nil>
560	242	217	459	<nil>
560	28408	218	28626	<nil>
560	321	0	321	rpc error: code = Unavailable desc = transport is closing
560	4810	217	5027	<nil>
560	327	0	327	rpc error: code = Unavailable desc = transport is closing
560	322	0	322	rpc error: code = Unavailable desc = transport is closing
560	274	187	461	<nil>
560	324	0	324	rpc error: code = Unavailable desc = transport is closing
560	322	0	322	rpc error: code = Unavailable desc = transport is closing
560	263	195	458	<nil>
560	261	219	480	<nil>
560	251	220	471	<nil>
560	243	217	460	<nil>
560	254	220	474	<nil>
560	247	182	429	<nil>
560	315	183	498	<nil>
560	279	183	462	<nil>
560	252	185	437	<nil>
560	4859	181	5040	<nil>
560	287	155	442	<nil>
560	271	160	431	<nil>
560	288	156	444	<nil>
560	296	146	442	<nil>
560	322	113	435	<nil>
560	291	156	447	<nil>
560	314	153	467	<nil>
560	283	161	444	<nil>
560	287	156	443	<nil>
560	6115	156	6271	<nil>
560	273	153	426	<nil>
560	303	48	351	<nil>
560	297	173	470	<nil>
560	297	174	471	<nil>
560	303	159	462	<nil>
560	320	177	497	<nil>
560	243	50	293	<nil>
560	323	154	477	<nil>
560	257	156	413	<nil>
560	296	151	447	<nil>
560	2933	182	3115	<nil>
560	279	159	438	<nil>
560	298	182	480	<nil>
560	285	57	342	<nil>
560	289	157	446	<nil>
560	297	152	449	<nil>
560	279	161	440	<nil>
560	169	28	197	<nil>
560	168	31	199	<nil>
560	294	150	444	<nil>
560	280	159	439	<nil>
560	282	157	439	<nil>
560	279	156	435	<nil>
560	285	152	437	<nil>
560	10489	153	10642	<nil>
560	169	32	201	<nil>
560	319	160	479	<nil>
560	286	152	438	<nil>
560	342	96	438	<nil>
560	281	156	437	<nil>
560	322	116	438	<nil>
560	221	57	278	<nil>
560	286	167	453	<nil>
560	333	118	451	<nil>
560	353	97	450	<nil>
560	318	164	482	<nil>
560	296	152	448	<nil>
560	287	156	443	<nil>
560	315	168	483	<nil>
560	332	136	468	<nil>
560	285	48	333	<nil>
560	180	173	353	<nil>
560	263	147	410	<nil>
560	291	157	448	<nil>
560	353	118	471	<nil>
560	420	52	472	<nil>
560	239	42	281	<nil>
560	444	56	500	<nil>
560	326	174	500	<nil>
560	194	32	226	<nil>
560	175	32	207	<nil>
560	297	147	444	<nil>
560	184	31	215	<nil>
560	8917	31	8948	<nil>
560	234	41	275	<nil>
560	225	41	266	<nil>
560	166	34	200	<nil>
560	160	32	192	<nil>
560	240	42	282	<nil>
560	298	175	473	<nil>
560	161	31	192	<nil>
560	5045	33	5078	<nil>
560	297	177	474	<nil>
560	234	41	275	<nil>
560	226	42	268	<nil>
560	5033	42	5075	<nil>
560	5617	33	5650	<nil>
560	226	42	268	<nil>
560	327	177	504	<nil>
560	237	46	283	<nil>
560	322	183	505	<nil>
560	327	175	502	<nil>
560	235	122	357	<nil>
560	244	46	290	<nil>
560	234	42	276	<nil>
560	226	42	268	<nil>
560	245	46	291	<nil>
560	240	43	283	<nil>
560	226	43	269	<nil>
560	328	151	479	<nil>
560	258	51	309	<nil>
560	297	179	476	<nil>
560	251	109	360	<nil>
560	286	54	340	<nil>
560	167	24	191	<nil>
560	5048	33	5081	<nil>
560	306	184	490	<nil>
560	284	75	359	<nil>
560	214	145	359	<nil>
560	230	50	280	<nil>
560	169	23	192	<nil>
560	282	157	439	<nil>
560	170	22	192	<nil>
560	166	33	199	<nil>
560	166	26	192	<nil>
560	248	186	434	<nil>
560	302	57	359	<nil>
560	185	19	204	<nil>
560	15699	102	15801	<nil>
560	239	54	293	<nil>
560	283	58	341	<nil>
560	294	157	451	<nil>
560	426	96	522	<nil>
560	354	94	448	<nil>
560	238	56	294	<nil>
560	283	59	342	<nil>
560	4955	127	5082	<nil>
560	183	20	203	<nil>
560	159	30	189	<nil>
560	164	29	193	<nil>
560	162	33	195	<nil>
560	166	31	197	<nil>
560	364	73	437	<nil>
560	162	31	193	<nil>
560	167	30	197	<nil>
560	4899	185	5084	<nil>
560	241	57	298	<nil>
560	165	29	194	<nil>
560	283	62	345	<nil>
560	161	33	194	<nil>
560	297	186	483	<nil>
560	255	61	316	<nil>
560	298	152	450	<nil>
560	297	154	451	<nil>
560	259	62	321	<nil>
560	5042	32	5074	<nil>
560	168	33	201	<nil>
560	312	181	493	<nil>
560	277	162	439	<nil>
560	184	20	204	<nil>
560	180	21	201	<nil>
560	178	26	204	<nil>
560	191	16	207	<nil>
560	184	22	206	<nil>
560	181	24	205	<nil>
560	183	23	206	<nil>
560	183	23	206	<nil>
560	180	28	208	<nil>
560	181	27	208	<nil>
560	190	17	207	<nil>
560	174	35	209	<nil>
560	181	26	207	<nil>
560	181	25	206	<nil>
560	179	26	205	<nil>
560	170	39	209	<nil>
560	183	30	213	<nil>
560	181	29	210	<nil>
560	175	37	212	<nil>
560	179	33	212	<nil>
560	180	32	212	<nil>
560	186	28	214	<nil>
560	175	37	212	<nil>
560	180	33	213	<nil>
560	193	22	215	<nil>
560	193	22	215	<nil>
560	192	22	214	<nil>
560	194	22	216	<nil>
560	191	23	214	<nil>
560	191	23	214	<nil>
560	197	20	217	<nil>
560	193	24	217	<nil>
560	193	26	219	<nil>
560	219	1	220	<nil>
560	938	0	938	rpc error: code = Unavailable desc = transport is closing
560	931	0	931	rpc error: code = Unavailable desc = transport is closing
560	979	0	979	rpc error: code = Unavailable desc = transport is closing
560	957	0	957	rpc error: code = Unavailable desc = transport is closing
560	961	0	961	rpc error: code = Unavailable desc = transport is closing
560	976	0	976	rpc error: code = Unavailable desc = transport is closing
560	974	0	974	rpc error: code = Unavailable desc = transport is closing
560	958	0	958	rpc error: code = Unavailable desc = transport is closing
560	933	0	933	rpc error: code = Unavailable desc = transport is closing
560	1001	0	1001	rpc error: code = Unavailable desc = transport is closing
560	974	0	974	rpc error: code = Unavailable desc = transport is closing
560	953	0	953	rpc error: code = Unavailable desc = transport is closing
560	967	0	967	rpc error: code = Unavailable desc = transport is closing
560	935	0	935	rpc error: code = Unavailable desc = transport is closing
560	971	0	971	rpc error: code = Unavailable desc = transport is closing
560	939	0	939	rpc error: code = Unavailable desc = transport is closing
560	976	0	976	rpc error: code = Unavailable desc = transport is closing
560	979	0	979	rpc error: code = Unavailable desc = transport is closing
560	962	0	962	rpc error: code = Unavailable desc = transport is closing
560	940	0	940	rpc error: code = Unavailable desc = transport is closing
560	958	0	958	rpc error: code = Unavailable desc = transport is closing
560	930	0	930	rpc error: code = Unavailable desc = transport is closing
560	1001	0	1001	rpc error: code = Unavailable desc = transport is closing
560	958	0	958	rpc error: code = Unavailable desc = transport is closing
560	951	0	951	rpc error: code = Unavailable desc = transport is closing
560	960	0	960	rpc error: code = Unavailable desc = transport is closing
560	966	0	966	rpc error: code = Unavailable desc = transport is closing
560	957	0	957	rpc error: code = Unavailable desc = transport is closing
560	957	0	957	rpc error: code = Unavailable desc = transport is closing
560	5727	0	5727	rpc error: code = Unavailable desc = transport is closing
560	953	0	953	rpc error: code = Unavailable desc = transport is closing
560	328	0	328	rpc error: code = Unavailable desc = transport is closing
560	931	0	931	rpc error: code = Unavailable desc = transport is closing
560	959	0	959	rpc error: code = Unavailable desc = transport is closing
560	9852	0	9852	rpc error: code = Unavailable desc = transport is closing
560	1006	0	1006	rpc error: code = Unavailable desc = transport is closing
560	953	0	953	rpc error: code = Unavailable desc = transport is closing
560	962	0	962	rpc error: code = Unavailable desc = transport is closing
560	952	0	952	rpc error: code = Unavailable desc = transport is closing
560	700	11	711	<nil>
560	727	11	738	<nil>
560	26831	11	26842	<nil>
560	785	12	797	<nil>
560	785	12	797	<nil>
560	5810	18	5828	<nil>
560	786	18	804	<nil>
560	721	16	737	<nil>
560	5810	17	5827	<nil>
560	785	18	803	<nil>
560	786	17	803	<nil>
560	723	16	739	<nil>
560	786	16	802	<nil>
560	780	22	802	<nil>
560	757	19	776	<nil>
560	5812	18	5830	<nil>
560	731	12	743	<nil>
560	742	17	759	<nil>
560	723	17	740	<nil>
560	723	17	740	<nil>
560	785	18	803	<nil>
560	9970	18	9988	<nil>
560	749	18	767	<nil>
560	726	15	741	<nil>
560	789	17	806	<nil>
560	780	17	797	<nil>
560	722	17	739	<nil>
560	724	19	743	<nil>
560	726	18	744	<nil>
560	784	18	802	<nil>
560	782	19	801	<nil>
560	731	19	750	<nil>
560	726	19	745	<nil>
560	728	22	750	<nil>
560	786	22	808	<nil>
560	778	16	794	<nil>
560	726	20	746	<nil>
560	785	19	804	<nil>
560	782	19	801	<nil>
560	789	20	809	<nil>
560	727	23	750	<nil>
560	756	18	774	<nil>
560	785	53	838	<nil>
560	746	53	799	<nil>
560	799	52	851	<nil>
560	739	67	806	<nil>
560	726	67	793	<nil>
560	735	62	797	<nil>
560	745	55	800	<nil>
560	759	58	817	<nil>
560	755	56	811	<nil>
560	739	59	798	<nil>
560	794	54	848	<nil>
560	746	54	800	<nil>
560	781	75	856	<nil>
560	750	58	808	<nil>
560	798	60	858	<nil>
560	741	86	827	<nil>
560	739	99	838	<nil>
560	798	97	895	<nil>
560	748	97	845	<nil>
560	746	101	847	<nil>
560	747	80	827	<nil>
560	745	97	842	<nil>
560	807	63	870	<nil>
560	803	100	903	<nil>
560	786	116	902	<nil>
560	745	120	865	<nil>
560	738	143	881	<nil>
560	738	144	882	<nil>
560	736	154	890	<nil>
560	746	153	899	<nil>
560	806	148	954	<nil>
560	5837	151	5988	<nil>
560	801	94	895	<nil>
560	780	121	901	<nil>
560	735	156	891	<nil>
560	772	155	927	<nil>
560	736	154	890	<nil>
560	5871	119	5990	<nil>
560	5826	156	5982	<nil>
560	5832	151	5983	<nil>
560	779	155	934	<nil>
560	755	137	892	<nil>
560	749	154	903	<nil>
560	802	153	955	<nil>
560	798	153	951	<nil>
560	739	156	895	<nil>
560	738	157	895	<nil>
560	780	156	936	<nil>
560	799	153	952	<nil>
560	736	157	893	<nil>
560	740	154	894	<nil>
560	5837	148	5985	<nil>
560	737	157	894	<nil>
560	740	155	895	<nil>
560	809	150	959	<nil>
560	741	157	898	<nil>
560	741	156	897	<nil>
560	738	156	894	<nil>
560	738	158	896	<nil>
560	748	155	903	<nil>
560	781	155	936	<nil>
560	736	157	893	<nil>
560	779	117	896	<nil>
560	819	76	895	<nil>
560	780	118	898	<nil>
560	800	158	958	<nil>
560	835	125	960	<nil>
560	762	135	897	<nil>
560	740	156	896	<nil>
560	823	135	958	<nil>
560	787	118	905	<nil>
560	776	121	897	<nil>
560	800	156	956	<nil>
560	778	120	898	<nil>
560	746	156	902	<nil>
560	766	137	903	<nil>
560	757	146	903	<nil>
560	757	138	895	<nil>
560	3036	118	3154	<nil>
560	784	118	902	<nil>
560	760	138	898	<nil>
560	764	122	886	<nil>
560	758	129	887	<nil>
560	772	128	900	<nil>
560	764	140	904	<nil>
560	760	139	899	<nil>
560	767	120	887	<nil>
560	777	125	902	<nil>
560	764	140	904	<nil>
560	778	124	902	<nil>
560	1250	140	1390	<nil>
560	767	129	896	<nil>
560	1616	141	1757	<nil>
560	111	56	167	<nil>
560	95	69	164	<nil>
560	113	57	170	<nil>
560	2895	55	2950	<nil>
560	5922	69	5991	<nil>
560	107	50	157	<nil>
560	107	50	157	<nil>
560	107	52	159	<nil>
560	140	33	173	<nil>
560	116	61	177	<nil>
560	106	59	165	<nil>
560	3101	59	3160	<nil>
560	144	24	168	<nil>
560	133	36	169	<nil>
560	135	34	169	<nil>
560	872	28	900	<nil>
560	3141	25	3166	<nil>
560	134	37	171	<nil>
560	139	37	176	<nil>
560	143	29	172	<nil>
560	893	29	922	<nil>
560	3131	40	3171	<nil>
560	890	29	919	<nil>
560	876	30	906	<nil>
560	894	26	920	<nil>
560	143	39	182	<nil>
560	886	29	915	<nil>
560	890	30	920	<nil>
560	889	32	921	<nil>
560	892	31	923	<nil>
560	893	31	924	<nil>
560	875	34	909	<nil>
560	889	33	922	<nil>
560	890	34	924	<nil>
560	888	33	921	<nil>
560	889	34	923	<nil>
560	890	33	923	<nil>
560	892	34	926	<nil>
560	890	35	925	<nil>
560	889	35	924	<nil>
560	889	34	923	<nil>
560	892	34	926	<nil>
560	889	35	924	<nil>
560	892	36	928	<nil>
560	890	36	926	<nil>
560	891	35	926	<nil>
560	874	35	909	<nil>
560	889	36	925	<nil>
560	873	210	1083	<nil>
560	889	213	1102	<nil>
560	873	214	1087	<nil>
560	891	213	1104	<nil>
560	3412	206	3618	<nil>
560	80	206	286	<nil>
560	891	216	1107	<nil>
560	3404	206	3610	<nil>
560	77	206	283	<nil>
560	80	206	286	<nil>
560	95	206	301	<nil>
560	889	214	1103	<nil>
560	3412	206	3618	<nil>
560	43	206	249	<nil>
560	81	206	287	<nil>
560	72	206	278	<nil>
560	888	215	1103	<nil>
560	81	206	287	<nil>
560	1098	206	1304	<nil>
560	51	207	258	<nil>
560	3412	207	3619	<nil>
560	1133	14	1147	<nil>
560	1115	18	1133	<nil>
560	1133	14	1147	<nil>
560	1105	34	1139	<nil>
560	1105	45	1150	<nil>
560	3731	46	3777	<nil>
560	1137	14	1151	<nil>
560	1119	15	1134	<nil>
560	1135	15	1150	<nil>
560	1134	17	1151	<nil>
560	1119	19	1138	<nil>
560	1104	44	1148	<nil>
560	1118	16	1134	<nil>
560	1133	17	1150	<nil>
560	1106	42	1148	<nil>
560	1158	18	1176	<nil>
560	1150	27	1177	<nil>
560	1136	43	1179	<nil>
560	1158	21	1179	<nil>
560	1174	28	1202	<nil>
560	1135	45	1180	<nil>
560	1152	29	1181	<nil>
560	1156	24	1180	<nil>
560	2009	36	2045	<nil>
560	1156	27	1183	<nil>
560	389	44	433	<nil>
560	1120	45	1165	<nil>
560	1150	35	1185	<nil>
560	15261	33	15294	<nil>
560	1642	27	1669	<nil>
560	1154	28	1182	<nil>
560	385	47	432	<nil>
560	391	44	435	<nil>
560	399	30	429	<nil>
560	2012	22	2034	<nil>
560	1117	45	1162	<nil>
560	391	41	432	<nil>
560	390	44	434	<nil>
560	1150	25	1175	<nil>
560	3402	25	3427	<nil>
560	386	45	431	<nil>
560	1157	26	1183	<nil>
560	393	42	435	<nil>
560	1155	23	1178	<nil>
560	358	47	405	<nil>
560	3648	46	3694	<nil>
560	1132	32	1164	<nil>
560	1156	27	1183	<nil>
560	1134	48	1182	<nil>
560	1134	45	1179	<nil>
560	1154	28	1182	<nil>
560	2012	25	2037	<nil>
560	1166	15	1181	<nil>
560	1157	25	1182	<nil>
560	1153	18	1171	<nil>
560	3183	34	3217	<nil>
560	1487	26	1513	<nil>
560	3391	38	3429	<nil>
560	1639	29	1668	<nil>
560	1154	37	1191	<nil>
560	1603	10	1613	<nil>
560	6541	40	6581	<nil>
560	1156	34	1190	<nil>
560	1152	34	1186	<nil>
560	1154	25	1179	<nil>
560	2009	37	2046	<nil>
560	3670	23	3693	<nil>
560	1149	35	1184	<nil>
560	1127	21	1148	<nil>
580	1180	132	1312	<nil>
580	1180	146	1326	<nil>
580	2036	146	2182	<nil>
580	1898	146	2044	<nil>
580	1163	154	1317	<nil>
580	1183	146	1329	<nil>
580	17000	145	17145	<nil>
580	6272	145	6417	<nil>
580	1176	168	1344	<nil>
580	6262	178	6440	<nil>
580	3239	159	3398	<nil>
580	2035	172	2207	<nil>
580	1543	164	1707	<nil>
580	1172	178	1350	<nil>
580	436	180	616	<nil>
580	1173	178	1351	<nil>
580	6263	183	6446	<nil>
580	479	176	655	<nil>
580	371	181	552	<nil>
580	2040	171	2211	<nil>
580	437	175	612	<nil>
580	1458	181	1639	<nil>
580	430	182	612	<nil>
580	424	184	608	<nil>
580	378	184	562	<nil>
580	430	201	631	<nil>
580	438	178	616	<nil>
580	3422	200	3622	<nil>
580	295	211	506	<nil>
580	3080	155	3235	<nil>
580	3782	125	3907	<nil>
580	323	155	478	<nil>
580	5069	181	5250	<nil>
580	375	196	571	<nil>
580	379	198	577	<nil>
580	433	197	630	<nil>
580	3416	181	3597	<nil>
580	1375	200	1575	<nil>
580	10411	200	10611	<nil>
580	436	173	609	<nil>
580	71	200	271	<nil>
580	3780	193	3973	<nil>
580	72	203	275	<nil>
580	3207	197	3404	<nil>
580	3703	189	3892	<nil>
580	248	201	449	<nil>
580	3690	203	3893	<nil>
580	277	200	477	<nil>
580	412	219	631	<nil>
580	3429	192	3621	<nil>
580	430	201	631	<nil>
580	3518	110	3628	<nil>
580	370	197	567	<nil>
580	378	195	573	<nil>
580	356	141	497	<nil>
580	334	163	497	<nil>
580	354	163	517	<nil>
580	3517	145	3662	<nil>
580	364	144	508	<nil>
580	291	197	488	<nil>
580	368	144	512	<nil>
580	367	145	512	<nil>
580	74	198	272	<nil>
580	448	188	636	<nil>
580	368	164	532	<nil>
580	381	151	532	<nil>
580	352	150	502	<nil>
580	368	180	548	<nil>
580	352	195	547	<nil>
580	421	131	552	<nil>
580	371	199	570	<nil>
580	353	251	604	<nil>
580	398	205	603	<nil>
580	399	212	611	<nil>
580	3577	228	3805	<nil>
580	428	228	656	<nil>
580	428	228	656	<nil>
580	428	228	656	<nil>
580	428	229	657	<nil>
580	428	229	657	<nil>
580	422	232	654	<nil>
580	173	231	404	<nil>
580	441	233	674	<nil>
580	443	234	677	<nil>
580	445	233	678	<nil>
580	445	234	679	<nil>
580	178	228	406	<nil>
580	456	231	687	<nil>
580	3612	227	3839	<nil>
580	454	231	685	<nil>
580	195	233	428	<nil>
580	477	906	1383	<nil>
580	477	907	1384	<nil>
580	497	888	1385	<nil>
580	499	887	1386	<nil>
580	499	890	1389	<nil>
580	480	908	1388	<nil>
580	503	886	1389	<nil>
580	481	907	1388	<nil>
580	496	888	1384	<nil>
580	480	908	1388	<nil>
580	498	891	1389	<nil>
580	3635	902	4537	<nil>
580	3629	910	4539	<nil>
580	961	0	961	rpc error: code = Unavailable desc = transport is closing
580	4008	899	4907	<nil>
580	507	903	1410	<nil>
580	512	899	1411	<nil>
580	513	899	1412	<nil>
580	496	899	1395	<nil>
580	998	0	998	rpc error: code = Unavailable desc = transport is closing
580	956	0	956	rpc error: code = Unavailable desc = transport is closing
580	518	895	1413	<nil>
580	956	0	956	rpc error: code = Unavailable desc = transport is closing
580	503	906	1409	<nil>
580	495	910	1405	<nil>
580	514	901	1415	<nil>
580	505	907	1412	<nil>
580	512	902	1414	<nil>
580	525	888	1413	<nil>
580	243	920	1163	<nil>
580	511	928	1439	<nil>
580	3407	943	4350	<nil>
580	491	939	1430	<nil>
580	511	940	1451	<nil>
580	506	945	1451	<nil>
580	506	945	1451	<nil>
580	505	945	1450	<nil>
580	511	940	1451	<nil>
580	505	946	1451	<nil>
580	485	939	1424	<nil>
580	505	945	1450	<nil>
580	483	946	1429	<nil>
580	506	945	1451	<nil>
580	530	920	1450	<nil>
580	507	944	1451	<nil>
580	508	941	1449	<nil>
580	507	945	1452	<nil>
580	27523	929	28452	<nil>
580	487	939	1426	<nil>
580	505	945	1450	<nil>
580	506	945	1451	<nil>
580	505	940	1445	<nil>
580	505	921	1426	<nil>
580	511	940	1451	<nil>
580	100	908	1008	<nil>
580	485	944	1429	<nil>
580	489	940	1429	<nil>
580	515	912	1427	<nil>
580	424	823	1247	<nil>
580	326	921	1247	<nil>
580	521	913	1434	<nil>
580	101	907	1008	<nil>
580	605	823	1428	<nil>
580	337	910	1247	<nil>
580	533	919	1452	<nil>
580	511	922	1433	<nil>
580	519	918	1437	<nil>
580	542	912	1454	<nil>
580	481	946	1427	<nil>
580	527	924	1451	<nil>
580	330	918	1248	<nil>
580	496	942	1438	<nil>
580	488	947	1435	<nil>
580	3258	941	4199	<nil>
580	504	923	1427	<nil>
580	247	908	1155	<nil>
580	528	922	1450	<nil>
580	328	920	1248	<nil>
580	210	919	1129	<nil>
580	515	912	1427	<nil>
580	270	884	1154	<nil>
580	491	941	1432	<nil>
580	242	886	1128	<nil>
580	331	823	1154	<nil>
580	565	888	1453	<nil>
580	605	820	1425	<nil>
580	605	945	1550	<nil>
580	215	937	1152	<nil>
580	346	944	1290	<nil>
580	516	1045	1561	<nil>
580	629	945	1574	<nil>
580	341	938	1279	<nil>
580	315	939	1254	<nil>
580	340	939	1279	<nil>
580	330	1043	1373	<nil>
580	309	946	1255	<nil>
580	648	929	1577	<nil>
580	475	919	1394	<nil>
580	477	918	1395	<nil>
580	501	896	1397	<nil>
580	477	919	1396	<nil>
580	255	895	1150	<nil>
580	477	919	1396	<nil>
580	476	920	1396	<nil>
580	503	894	1397	<nil>
580	254	894	1148	<nil>
580	477	919	1396	<nil>
580	502	895	1397	<nil>
580	268	879	1147	<nil>
580	503	895	1398	<nil>
580	269	883	1152	<nil>
580	438	882	1320	<nil>
580	503	898	1401	<nil>
580	439	893	1332	<nil>
580	440	893	1333	<nil>
580	438	893	1331	<nil>
580	1099	0	1099	rpc error: code = Unavailable desc = transport is closing
580	1098	0	1098	rpc error: code = Unavailable desc = transport is closing
580	1101	0	1101	rpc error: code = Unavailable desc = transport is closing
580	1095	0	1095	rpc error: code = Unavailable desc = transport is closing
580	934	0	934	rpc error: code = Unavailable desc = transport is closing
580	1090	0	1090	rpc error: code = Unavailable desc = transport is closing
580	1101	0	1101	rpc error: code = Unavailable desc = transport is closing
580	1105	0	1105	rpc error: code = Unavailable desc = transport is closing
580	1101	0	1101	rpc error: code = Unavailable desc = transport is closing
580	931	0	931	rpc error: code = Unavailable desc = transport is closing
580	927	0	927	rpc error: code = Unavailable desc = transport is closing
580	1101	0	1101	rpc error: code = Unavailable desc = transport is closing
580	1103	0	1103	rpc error: code = Unavailable desc = transport is closing
580	1098	0	1098	rpc error: code = Unavailable desc = transport is closing
580	927	0	927	rpc error: code = Unavailable desc = transport is closing
580	925	0	925	rpc error: code = Unavailable desc = transport is closing
580	1098	0	1098	rpc error: code = Unavailable desc = transport is closing
580	1098	0	1098	rpc error: code = Unavailable desc = transport is closing
580	1104	0	1104	rpc error: code = Unavailable desc = transport is closing
580	5938	0	5938	rpc error: code = Unavailable desc = transport is closing
580	905	0	905	rpc error: code = Unavailable desc = transport is closing
580	932	0	932	rpc error: code = Unavailable desc = transport is closing
580	1123	0	1123	rpc error: code = Unavailable desc = transport is closing
580	1117	0	1117	rpc error: code = Unavailable desc = transport is closing
580	933	0	933	rpc error: code = Unavailable desc = transport is closing
580	1124	0	1124	rpc error: code = Unavailable desc = transport is closing
580	886	0	886	rpc error: code = Unavailable desc = transport is closing
580	1106	0	1106	rpc error: code = Unavailable desc = transport is closing
580	953	0	953	rpc error: code = Unavailable desc = transport is closing
580	926	0	926	rpc error: code = Unavailable desc = transport is closing
580	917	0	917	rpc error: code = Unavailable desc = transport is closing
580	927	0	927	rpc error: code = Unavailable desc = transport is closing
580	1105	111	1216	<nil>
580	1134	83	1217	<nil>
580	1139	88	1227	<nil>
580	1129	88	1217	<nil>
580	1130	88	1218	<nil>
580	276	68	344	<nil>
580	277	68	345	<nil>
580	275	68	343	<nil>
580	294	50	344	<nil>
580	293	50	343	<nil>
580	279	58	337	<nil>
580	3311	45	3356	<nil>
580	282	45	327	<nil>
580	290	45	335	<nil>
580	230	48	278	<nil>
580	250	50	300	<nil>
580	239	48	287	<nil>
580	3329	47	3376	<nil>
580	250	48	298	<nil>
580	257	48	305	<nil>
580	253	48	301	<nil>
580	134	47	181	<nil>
580	257	48	305	<nil>
580	251	48	299	<nil>
580	259	51	310	<nil>
580	257	51	308	<nil>
580	1275	51	1326	<nil>
580	15645	47	15692	<nil>
580	250	48	298	<nil>
580	1276	50	1326	<nil>
580	222	47	269	<nil>
580	1265	50	1315	<nil>
580	249	50	299	<nil>
580	240	48	288	<nil>
580	147	35	182	<nil>
580	251	48	299	<nil>
580	123	36	159	<nil>
580	141	42	183	<nil>
580	125	36	161	<nil>
580	122	35	157	<nil>
580	148	36	184	<nil>
580	112	49	161	<nil>
580	113	96	209	<nil>
580	112	96	208	<nil>
580	123	96	219	<nil>
580	286	68	354	<nil>
580	123	97	220	<nil>
580	93	70	163	<nil>
580	93	70	163	<nil>
580	96	69	165	<nil>
580	95	78	173	<nil>
580	95	85	180	<nil>
580	95	86	181	<nil>
580	114	67	181	<nil>
580	95	87	182	<nil>
580	102	80	182	<nil>
580	116	67	183	<nil>
580	79	86	165	<nil>
580	79	86	165	<nil>
580	101	85	186	<nil>
580	79	86	165	<nil>
580	99	92	191	<nil>
580	69	84	153	<nil>
580	99	85	184	<nil>
580	98	88	186	<nil>
580	79	86	165	<nil>
580	81	88	169	<nil>
580	126	39	165	<nil>
580	79	85	164	<nil>
580	100	89	189	<nil>
580	100	86	186	<nil>
580	1078	86	1164	<nil>
580	76	93	169	<nil>
580	94	70	164	<nil>
580	102	26	128	<nil>
580	94	33	127	<nil>
580	101	26	127	<nil>
580	95	31	126	<nil>
580	96	34	130	<nil>
580	94	34	128	<nil>
580	110	45	155	<nil>
580	96	60	156	<nil>
580	83	75	158	<nil>
580	87	76	163	<nil>
580	86	74	160	<nil>
580	83	74	157	<nil>
580	84	75	159	<nil>
580	4982	85	5067	<nil>
580	85	76	161	<nil>
580	86	76	162	<nil>
580	88	100	188	<nil>
580	85	103	188	<nil>
580	139	49	188	<nil>
580	88	103	191	<nil>
580	85	103	188	<nil>
580	152	36	188	<nil>
580	137	52	189	<nil>
580	152	37	189	<nil>
580	85	104	189	<nil>
580	138	59	197	<nil>
580	135	59	194	<nil>
580	138	60	198	<nil>
580	113	60	173	<nil>
580	134	46	180	<nil>
580	124	74	198	<nil>
580	137	60	197	<nil>
580	107	73	180	<nil>
580	122	72	194	<nil>
580	140	58	198	<nil>
580	107	72	179	<nil>
580	137	61	198	<nil>
580	132	67	199	<nil>
580	140	60	200	<nil>
580	136	61	197	<nil>
580	152	47	199	<nil>
580	4665	71	4736	<nil>
580	4868	70	4938	<nil>
580	90	74	164	<nil>
580	90	118	208	<nil>
580	93	116	209	<nil>
580	106	120	226	<nil>
580	5417	128	5545	<nil>
580	89	134	223	<nil>
580	90	133	223	<nil>
580	86	131	217	<nil>
580	94	100	194	<nil>
580	83	127	210	<nil>
580	104	108	212	<nil>
580	97	100	197	<nil>
580	101	107	208	<nil>
580	98	99	197	<nil>
580	9356	100	9456	<nil>
580	94	100	194	<nil>
580	94	103	197	<nil>
580	96	103	199	<nil>
580	95	104	199	<nil>
580	97	104	201	<nil>
580	97	104	201	<nil>
580	98	103	201	<nil>
580	98	103	201	<nil>
580	102	108	210	<nil>
580	78	136	214	<nil>
580	95	101	196	<nil>
580	75	137	212	<nil>
580	163	28	191	<nil>
580	98	101	199	<nil>
580	146	26	172	<nil>
580	4981	43	5024	<nil>
580	147	25	172	<nil>
580	177	25	202	<nil>
580	92	107	199	<nil>
580	92	101	193	<nil>
580	96	101	197	<nil>
580	176	25	201	<nil>
580	163	34	197	<nil>
580	110	46	156	<nil>
580	167	44	211	<nil>
580	9420	46	9466	<nil>
580	113	48	161	<nil>
580	105	82	187	<nil>
580	9614	118	9732	<nil>
580	124	144	268	<nil>
580	5530	147	5677	<nil>
580	83	144	227	<nil>
580	88	143	231	<nil>
580	81	143	224	<nil>
580	124	133	257	<nil>
580	5545	134	5679	<nil>
580	87	140	227	<nil>
580	98	166	264	<nil>
580	101	165	266	<nil>
580	5550	165	5715	<nil>
580	5228	141	5369	<nil>
580	97	165	262	<nil>
580	10020	142	10162	<nil>
580	99	169	268	<nil>
580	97	164	261	<nil>
580	89	147	236	<nil>
580	87	147	234	<nil>
580	91	143	234	<nil>
580	93	144	237	<nil>
580	92	144	236	<nil>
580	88	148	236	<nil>
580	87	149	236	<nil>
580	5579	144	5723	<nil>
580	125	148	273	<nil>
580	93	143	236	<nil>
580	5235	148	5383	<nil>
580	89	181	270	<nil>
580	90	183	273	<nil>
580	87	188	275	<nil>
580	42	188	230	<nil>
580	4830	184	5014	<nil>
580	42	189	231	<nil>
580	47	184	231	<nil>
580	126	90	216	<nil>
580	124	91	215	<nil>
580	5337	87	5424	<nil>
580	115	88	203	<nil>
580	125	91	216	<nil>
580	114	88	202	<nil>
580	135	55	190	<nil>
580	129	91	220	<nil>
580	145	57	202	<nil>
580	145	58	203	<nil>
580	146	57	203	<nil>
580	142	54	196	<nil>
580	5627	59	5686	<nil>
580	5629	58	5687	<nil>
580	153	52	205	<nil>
580	5141	59	5200	<nil>
580	150	56	206	<nil>
580	155	53	208	<nil>
580	145	63	208	<nil>
580	195	14	209	<nil>
580	179	16	195	<nil>
580	177	14	191	<nil>
580	197	12	209	<nil>
580	2453	15	2468	<nil>
580	183	14	197	<nil>
580	196	16	212	<nil>
580	194	18	212	<nil>
580	5186	16	5202	<nil>
580	182	21	203	<nil>
580	85	18	103	<nil>
580	2457	18	2475	<nil>
580	5758	23	5781	<nil>
580	2457	18	2475	<nil>
580	2467	17	2484	<nil>
580	5683	17	5700	<nil>
580	178	23	201	<nil>
580	2459	18	2477	<nil>
580	195	23	218	<nil>
580	5762	19	5781	<nil>
580	195	23	218	<nil>
580	183	21	204	<nil>
580	2468	18	2486	<nil>
580	82	19	101	<nil>
580	182	22	204	<nil>
580	83	18	101	<nil>
580	98	17	115	<nil>
580	147	22	169	<nil>
580	2457	18	2475	<nil>
580	5417	19	5436	<nil>
580	72	18	90	<nil>
580	5413	17	5430	<nil>
580	140	19	159	<nil>
580	211	13	224	<nil>
580	2460	18	2478	<nil>
580	5699	18	5717	<nil>
580	198	19	217	<nil>
580	3457	0	3457	rpc error: code = Unavailable desc = transport is closing
580	230	0	230	rpc error: code = Unavailable desc = transport is closing
580	2439	107	2546	<nil>
580	239	0	239	rpc error: code = Unavailable desc = transport is closing
580	230	0	230	rpc error: code = Unavailable desc = transport is closing
580	250	0	250	rpc error: code = Unavailable desc = transport is closing
580	250	0	250	rpc error: code = Unavailable desc = transport is closing
580	250	0	250	rpc error: code = Unavailable desc = transport is closing
580	251	0	251	rpc error: code = Unavailable desc = transport is closing
580	230	0	230	rpc error: code = Unavailable desc = transport is closing
580	230	0	230	rpc error: code = Unavailable desc = transport is closing
580	237	0	237	rpc error: code = Unavailable desc = transport is closing
580	221	0	221	rpc error: code = Unavailable desc = transport is closing
580	250	0	250	rpc error: code = Unavailable desc = transport is closing
580	253	0	253	rpc error: code = Unavailable desc = transport is closing
580	240	0	240	rpc error: code = Unavailable desc = transport is closing
580	230	0	230	rpc error: code = Unavailable desc = transport is closing
580	251	0	251	rpc error: code = Unavailable desc = transport is closing
580	239	0	239	rpc error: code = Unavailable desc = transport is closing
580	251	0	251	rpc error: code = Unavailable desc = transport is closing
580	250	0	250	rpc error: code = Unavailable desc = transport is closing
580	250	0	250	rpc error: code = Unavailable desc = transport is closing
580	248	0	248	rpc error: code = Unavailable desc = transport is closing
580	257	0	257	rpc error: code = Unavailable desc = transport is closing
580	250	0	250	rpc error: code = Unavailable desc = transport is closing
580	248	0	248	rpc error: code = Unavailable desc = transport is closing
580	250	0	250	rpc error: code = Unavailable desc = transport is closing
580	249	0	249	rpc error: code = Unavailable desc = transport is closing
580	261	0	261	rpc error: code = Unavailable desc = transport is closing
580	254	0	254	rpc error: code = Unavailable desc = transport is closing
580	236	0	236	rpc error: code = Unavailable desc = transport is closing
580	249	0	249	rpc error: code = Unavailable desc = transport is closing
580	257	0	257	rpc error: code = Unavailable desc = transport is closing
580	248	0	248	rpc error: code = Unavailable desc = transport is closing
580	275	0	275	rpc error: code = Unavailable desc = transport is closing
580	275	0	275	rpc error: code = Unavailable desc = transport is closing
580	1276	0	1276	rpc error: code = Unavailable desc = transport is closing
580	289	0	289	rpc error: code = Unavailable desc = transport is closing
580	271	0	271	rpc error: code = Unavailable desc = transport is closing
580	293	0	293	rpc error: code = Unavailable desc = transport is closing
580	293	0	293	rpc error: code = Unavailable desc = transport is closing
580	16318	0	16318	rpc error: code = Unavailable desc = transport is closing
580	270	0	270	rpc error: code = Unavailable desc = transport is closing
580	286	0	286	rpc error: code = Unavailable desc = transport is closing
580	271	0	271	rpc error: code = Unavailable desc = transport is closing
580	274	0	274	rpc error: code = Unavailable desc = transport is closing
580	1277	0	1277	rpc error: code = Unavailable desc = transport is closing
580	274	0	274	rpc error: code = Unavailable desc = transport is closing
580	144	0	144	rpc error: code = Unavailable desc = transport is closing
580	1277	0	1277	rpc error: code = Unavailable desc = transport is closing
580	3345	0	3345	rpc error: code = Unavailable desc = transport is closing
580	245	0	245	rpc error: code = Unavailable desc = transport is closing
580	975	0	975	rpc error: code = Unavailable desc = transport is closing
580	253	0	253	rpc error: code = Unavailable desc = transport is closing
580	114	0	114	rpc error: code = Unavailable desc = transport is closing
580	294	0	294	rpc error: code = Unavailable desc = transport is closing
580	122	0	122	rpc error: code = Unavailable desc = transport is closing
580	2832	0	2832	rpc error: code = Unavailable desc = transport is closing
580	93	0	93	rpc error: code = Unavailable desc = transport is closing
580	113	0	113	rpc error: code = Unavailable desc = transport is closing
580	287	0	287	rpc error: code = Unavailable desc = transport is closing
580	256	0	256	rpc error: code = Unavailable desc = transport is closing
580	124	0	124	rpc error: code = Unavailable desc = transport is closing
580	283	0	283	rpc error: code = Unavailable desc = transport is closing
580	96	0	96	rpc error: code = Unavailable desc = transport is closing
580	283	0	283	rpc error: code = Unavailable desc = transport is closing
580	123	0	123	rpc error: code = Unavailable desc = transport is closing
580	284	0	284	rpc error: code = Unavailable desc = transport is closing
580	123	0	123	rpc error: code = Unavailable desc = transport is closing
580	147	0	147	rpc error: code = Unavailable desc = transport is closing
580	80	0	80	rpc error: code = Unavailable desc = transport is closing
580	154	0	154	rpc error: code = Unavailable desc = transport is closing
580	96	0	96	rpc error: code = Unavailable desc = transport is closing
580	96	0	96	rpc error: code = Unavailable desc = transport is closing
580	148	0	148	rpc error: code = Unavailable desc = transport is closing
580	148	0	148	rpc error: code = Unavailable desc = transport is closing
580	148	0	148	rpc error: code = Unavailable desc = transport is closing
580	147	0	147	rpc error: code = Unavailable desc = transport is closing
580	1196	0	1196	rpc error: code = Unavailable desc = transport is closing
580	137	0	137	rpc error: code = Unavailable desc = transport is closing
580	1097	0	1097	rpc error: code = Unavailable desc = transport is closing
580	1122	0	1122	rpc error: code = Unavailable desc = transport is closing
580	1308	0	1308	rpc error: code = Unavailable desc = transport is closing
580	1118	0	1118	rpc error: code = Unavailable desc = transport is closing
580	1118	0	1118	rpc error: code = Unavailable desc = transport is closing
580	1088	0	1088	rpc error: code = Unavailable desc = transport is closing
580	1080	0	1080	rpc error: code = Unavailable desc = transport is closing
580	1074	0	1074	rpc error: code = Unavailable desc = transport is closing
580	9100	0	9100	rpc error: code = Unavailable desc = transport is closing
580	1052	0	1052	rpc error: code = Unavailable desc = transport is closing
580	1307	0	1307	rpc error: code = Unavailable desc = transport is closing
580	1071	0	1071	rpc error: code = Unavailable desc = transport is closing
580	1071	0	1071	rpc error: code = Unavailable desc = transport is closing
580	1081	0	1081	rpc error: code = Unavailable desc = transport is closing
580	24183	0	24183	rpc error: code = Unavailable desc = transport is closing
580	1065	0	1065	rpc error: code = Unavailable desc = transport is closing
580	1022	0	1022	rpc error: code = Unavailable desc = transport is closing
580	1052	0	1052	rpc error: code = Unavailable desc = transport is closing
580	1009	0	1009	rpc error: code = Unavailable desc = transport is closing
580	924	0	924	rpc error: code = Unavailable desc = transport is closing
580	930	0	930	rpc error: code = Unavailable desc = transport is closing
580	919	0	919	rpc error: code = Unavailable desc = transport is closing
580	6145	0	6145	rpc error: code = Unavailable desc = transport is closing
580	915	0	915	rpc error: code = Unavailable desc = transport is closing
580	916	0	916	rpc error: code = Unavailable desc = transport is closing
580	1278	0	1278	rpc error: code = Unavailable desc = transport is closing
580	1279	0	1279	rpc error: code = Unavailable desc = transport is closing
580	1277	0	1277	rpc error: code = Unavailable desc = transport is closing
580	944	0	944	rpc error: code = Unavailable desc = transport is closing
580	1301	0	1301	rpc error: code = Unavailable desc = transport is closing
580	949	0	949	rpc error: code = Unavailable desc = transport is closing
580	930	0	930	rpc error: code = Unavailable desc = transport is closing
580	1105	0	1105	rpc error: code = Unavailable desc = transport is closing
580	1104	0	1104	rpc error: code = Unavailable desc = transport is closing
580	1302	0	1302	rpc error: code = Unavailable desc = transport is closing
580	1065	0	1065	rpc error: code = Unavailable desc = transport is closing
580	1301	0	1301	rpc error: code = Unavailable desc = transport is closing
580	1303	0	1303	rpc error: code = Unavailable desc = transport is closing
580	1104	0	1104	rpc error: code = Unavailable desc = transport is closing
580	1302	0	1302	rpc error: code = Unavailable desc = transport is closing
580	1303	0	1303	rpc error: code = Unavailable desc = transport is closing
580	948	0	948	rpc error: code = Unavailable desc = transport is closing
580	1183	0	1183	rpc error: code = Unavailable desc = transport is closing
580	1292	0	1292	rpc error: code = Unavailable desc = transport is closing
580	1301	0	1301	rpc error: code = Unavailable desc = transport is closing
580	1120	0	1120	rpc error: code = Unavailable desc = transport is closing
580	1303	0	1303	rpc error: code = Unavailable desc = transport is closing
580	1306	0	1306	rpc error: code = Unavailable desc = transport is closing
580	1302	0	1302	rpc error: code = Unavailable desc = transport is closing
580	1028	0	1028	rpc error: code = Unavailable desc = transport is closing
580	1009	0	1009	rpc error: code = Unavailable desc = transport is closing
580	1052	0	1052	rpc error: code = Unavailable desc = transport is closing
580	656	44	700	<nil>
580	696	42	738	<nil>
580	1302	0	1302	rpc error: code = Unavailable desc = transport is closing
580	1102	0	1102	rpc error: code = Unavailable desc = transport is closing
580	1181	0	1181	rpc error: code = Unavailable desc = transport is closing
580	1162	0	1162	rpc error: code = Unavailable desc = transport is closing
580	1070	0	1070	rpc error: code = Unavailable desc = transport is closing
580	1073	0	1073	rpc error: code = Unavailable desc = transport is closing
580	1279	0	1279	rpc error: code = Unavailable desc = transport is closing
580	925	0	925	rpc error: code = Unavailable desc = transport is closing
580	1302	0	1302	rpc error: code = Unavailable desc = transport is closing
580	1301	0	1301	rpc error: code = Unavailable desc = transport is closing
580	1278	0	1278	rpc error: code = Unavailable desc = transport is closing
580	1036	0	1036	rpc error: code = Unavailable desc = transport is closing
580	924	0	924	rpc error: code = Unavailable desc = transport is closing
580	1303	0	1303	rpc error: code = Unavailable desc = transport is closing
580	1104	0	1104	rpc error: code = Unavailable desc = transport is closing
580	1104	0	1104	rpc error: code = Unavailable desc = transport is closing
580	927	0	927	rpc error: code = Unavailable desc = transport is closing
580	1303	0	1303	rpc error: code = Unavailable desc = transport is closing
580	1277	0	1277	rpc error: code = Unavailable desc = transport is closing
580	1123	0	1123	rpc error: code = Unavailable desc = transport is closing
580	1101	0	1101	rpc error: code = Unavailable desc = transport is closing
580	1303	0	1303	rpc error: code = Unavailable desc = transport is closing
580	1052	0	1052	rpc error: code = Unavailable desc = transport is closing
580	1039	0	1039	rpc error: code = Unavailable desc = transport is closing
580	948	0	948	rpc error: code = Unavailable desc = transport is closing
580	1039	0	1039	rpc error: code = Unavailable desc = transport is closing
580	1080	0	1080	rpc error: code = Unavailable desc = transport is closing
580	948	0	948	rpc error: code = Unavailable desc = transport is closing
580	1182	0	1182	rpc error: code = Unavailable desc = transport is closing
580	971	0	971	rpc error: code = Unavailable desc = transport is closing
580	950	0	950	rpc error: code = Unavailable desc = transport is closing
580	977	0	977	rpc error: code = Unavailable desc = transport is closing
580	1182	0	1182	rpc error: code = Unavailable desc = transport is closing
580	1302	0	1302	rpc error: code = Unavailable desc = transport is closing
580	1304	0	1304	rpc error: code = Unavailable desc = transport is closing
580	6197	0	6197	rpc error: code = Unavailable desc = transport is closing
580	1087	0	1087	rpc error: code = Unavailable desc = transport is closing
580	694	45	739	<nil>
580	695	43	738	<nil>
580	1052	0	1052	rpc error: code = Unavailable desc = transport is closing
580	665	42	707	<nil>
580	1134	0	1134	rpc error: code = Unavailable desc = transport is closing
580	6080	44	6124	<nil>
580	6081	43	6124	<nil>
580	1303	0	1303	rpc error: code = Unavailable desc = transport is closing
580	666	41	707	<nil>
580	1305	0	1305	rpc error: code = Unavailable desc = transport is closing
580	1118	0	1118	rpc error: code = Unavailable desc = transport is closing
580	1306	0	1306	rpc error: code = Unavailable desc = transport is closing
580	1189	0	1189	rpc error: code = Unavailable desc = transport is closing
580	1069	0	1069	rpc error: code = Unavailable desc = transport is closing
580	694	43	737	<nil>
580	663	42	705	<nil>
580	10448	43	10491	<nil>
580	1301	0	1301	rpc error: code = Unavailable desc = transport is closing
580	696	44	740	<nil>
580	675	17	692	<nil>
580	15921	17	15938	<nil>
580	3139	30	3169	<nil>
580	6450	27	6477	<nil>
580	677	27	704	<nil>
580	691	20	711	<nil>
580	664	30	694	<nil>
580	665	27	692	<nil>
580	738	17	755	<nil>
580	717	22	739	<nil>
580	696	45	741	<nil>
580	676	30	706	<nil>
580	677	28	705	<nil>
580	666	27	693	<nil>
580	684	23	707	<nil>
580	677	27	704	<nil>
580	697	112	809	<nil>
580	14602	161	14763	<nil>
580	677	126	803	<nil>
580	704	105	809	<nil>
580	3142	232	3374	<nil>
580	670	229	899	<nil>
580	707	233	940	<nil>
580	766	146	912	<nil>
580	676	231	907	<nil>
580	15930	234	16164	<nil>
580	17593	233	17826	<nil>
580	708	235	943	<nil>
580	713	231	944	<nil>
580	679	234	913	<nil>
580	709	234	943	<nil>
580	706	205	911	<nil>
580	676	232	908	<nil>
580	3117	234	3351	<nil>
580	729	235	964	<nil>
580	677	235	912	<nil>
580	10931	234	11165	<nil>
580	695	236	931	<nil>
580	709	234	943	<nil>
580	708	235	943	<nil>
580	689	234	923	<nil>
580	3046	134	3180	<nil>
580	779	135	914	<nil>
580	857	76	933	<nil>
580	725	210	935	<nil>
580	703	213	916	<nil>
580	807	111	918	<nil>
580	120	154	274	<nil>
580	240	34	274	<nil>
580	835	95	930	<nil>
580	182	95	277	<nil>
580	807	142	949	<nil>
580	837	123	960	<nil>
580	839	111	950	<nil>
580	848	120	968	<nil>
580	164	144	308	<nil>
580	164	144	308	<nil>
580	183	122	305	<nil>
580	166	126	292	<nil>
580	3074	146	3220	<nil>
580	152	122	274	<nil>
580	2795	122	2917	<nil>
580	197	78	275	<nil>
580	183	126	309	<nil>
580	164	145	309	<nil>
580	205	104	309	<nil>
580	3395	60	3455	<nil>
580	164	146	310	<nil>
580	207	61	268	<nil>
580	343	60	403	<nil>
580	219	64	283	<nil>
580	3267	62	3329	<nil>
580	182	127	309	<nil>
580	215	94	309	<nil>
580	3378	104	3482	<nil>
580	262	51	313	<nil>
580	3168	103	3271	<nil>
580	2821	46	2867	<nil>
580	44125	55	44180	<nil>
580	1263	38	1301	<nil>
580	227	86	313	<nil>
580	305	52	357	<nil>
580	187	88	275	<nil>
580	53	43	96	<nil>
580	3456	49	3505	<nil>
580	3392	49	3441	<nil>
580	227	95	322	<nil>
580	224	86	310	<nil>
580	346	104	450	<nil>
580	2775	93	2868	<nil>
580	272	40	312	<nil>
580	212	86	298	<nil>
580	1202	87	1289	<nil>
580	242	73	315	<nil>
580	224	87	311	<nil>
580	275	39	314	<nil>
580	3296	48	3344	<nil>
580	275	39	314	<nil>
580	3224	48	3272	<nil>
580	6358	86	6444	<nil>
580	227	87	314	<nil>
580	225	86	311	<nil>
580	263	48	311	<nil>
580	272	39	311	<nil>
580	967	48	1015	<nil>
580	974	48	1022	<nil>
580	42	48	90	<nil>
580	1210	88	1298	<nil>
580	211	86	297	<nil>
580	1212	86	1298	<nil>
580	353	96	449	<nil>
580	223	87	310	<nil>
580	274	41	315	<nil>
580	276	38	314	<nil>
580	262	48	310	<nil>
580	319	39	358	<nil>
580	304	53	357	<nil>
580	228	87	315	<nil>
580	974	48	1022	<nil>
580	2930	39	2969	<nil>
580	305	51	356	<nil>
580	245	77	322	<nil>
580	227	85	312	<nil>
580	228	86	314	<nil>
580	3170	104	3274	<nil>
580	353	96	449	<nil>
580	46	39	85	<nil>
580	354	96	450	<nil>
580	309	46	355	<nil>
580	3444	42	3486	<nil>
580	225	85	310	<nil>
580	974	49	1023	<nil>
580	1261	40	1301	<nil>
580	3224	49	3273	<nil>
580	270	85	355	<nil>
580	2816	54	2870	<nil>
580	315	11	326	<nil>
580	1475	7	1482	<nil>
580	312	16	328	<nil>
580	466	12	478	<nil>
580	313	13	326	<nil>
580	467	11	478	<nil>
580	460	7	467	<nil>
580	6793	13	6806	<nil>
580	460	7	467	<nil>
580	63	10	73	<nil>
580	48	10	58	<nil>
580	313	13	326	<nil>
580	316	15	331	<nil>
580	312	14	326	<nil>
580	57	8	65	<nil>
580	425	47	472	<nil>
580	2872	13	2885	<nil>
580	47	11	58	<nil>
580	456	10	466	<nil>
580	313	14	327	<nil>
580	457	10	467	<nil>
580	316	16	332	<nil>
580	460	8	468	<nil>
580	458	11	469	<nil>
580	3446	10	3456	<nil>
580	62	7	69	<nil>
580	55	11	66	<nil>
580	312	15	327	<nil>
580	462	37	499	<nil>
580	65	188	253	<nil>
580	63	195	258	<nil>
580	462	190	652	<nil>
580	3353	190	3543	<nil>
580	231	186	417	<nil>
580	3498	190	3688	<nil>
580	464	190	654	<nil>
580	6254	190	6444	<nil>
580	330	187	517	<nil>
580	68	183	251	<nil>
580	231	185	416	<nil>
580	1623	191	1814	<nil>
580	341	186	527	<nil>
580	1131	184	1315	<nil>
580	330	186	516	<nil>
580	62	190	252	<nil>
580	330	186	516	<nil>
580	3462	191	3653	<nil>
580	16774	184	16958	<nil>
580	1132	184	1316	<nil>
580	2888	186	3074	<nil>
580	61	197	258	<nil>
580	3283	191	3474	<nil>
580	63	190	253	<nil>
580	3499	190	3689	<nil>
580	227	186	413	<nil>
580	296	218	514	<nil>
580	1317	185	1502	<nil>
580	62	182	244	<nil>
580	9617	191	9808	<nil>
580	17490	191	17681	<nil>
580	67169	191	67360	<nil>
580	466	191	657	<nil>
580	464	192	656	<nil>
580	56	197	253	<nil>
580	3499	194	3693	<nil>
580	61	200	261	<nil>
580	1790	200	1990	<nil>
580	61	191	252	<nil>
580	6720	210	6930	<nil>
580	62	215	277	<nil>
580	51	217	268	<nil>
580	80	190	270	<nil>
580	6457	213	6670	<nil>
580	64	211	275	<nil>
580	3354	244	3598	<nil>
580	441	243	684	<nil>
580	56	249	305	<nil>
580	9298	247	9545	<nil>
580	1324	38	1362	<nil>
580	1340	21	1361	<nil>
580	631	19	650	<nil>
580	1235	133	1368	<nil>
580	3754	68	3822	<nil>
580	3794	38	3832	<nil>
580	3798	25	3823	<nil>
580	636	19	655	<nil>
580	1326	19	1345	<nil>
580	633	21	654	<nil>
580	635	20	655	<nil>
580	3661	20	3681	<nil>
580	3806	19	3825	<nil>
580	1150	67	1217	<nil>
580	1323	25	1348	<nil>
580	632	22	654	<nil>
580	1329	20	1349	<nil>
580	635	19	654	<nil>
580	629	24	653	<nil>
580	1357	23	1380	<nil>
580	427	12	439	<nil>
580	632	27	659	<nil>
580	616	27	643	<nil>
580	428	11	439	<nil>
580	1324	29	1353	<nil>
580	7019	28	7047	<nil>
580	420	16	436	<nil>
580	638	24	662	<nil>
580	1325	24	1349	<nil>
580	636	27	663	<nil>
580	634	25	659	<nil>
580	1358	26	1384	<nil>
580	635	27	662	<nil>
580	637	26	663	<nil>
580	423	21	444	<nil>
580	428	17	445	<nil>
580	419	71	490	<nil>
580	409	99	508	<nil>
580	423	95	518	<nil>
580	420	97	517	<nil>
580	428	94	522	<nil>
580	427	95	522	<nil>
580	427	97	524	<nil>
580	425	98	523	<nil>
580	431	93	524	<nil>
580	423	100	523	<nil>
580	420	104	524	<nil>
580	423	96	519	<nil>
580	426	97	523	<nil>
580	428	95	523	<nil>
580	428	95	523	<nil>
580	428	95	523	<nil>
580	413	96	509	<nil>
580	426	105	531	<nil>
580	639	121	760	<nil>
580	421	119	540	<nil>
580	1362	107	1469	<nil>
580	641	119	760	<nil>
580	340	134	474	<nil>
580	1366	140	1506	<nil>
580	136	146	282	<nil>
580	135	885	1020	<nil>
580	79	885	964	<nil>
580	658	887	1545	<nil>
580	73	889	962	<nil>
580	79	889	968	<nil>
580	135	890	1025	<nil>
580	740	803	1543	<nil>
580	751	793	1544	<nil>
580	323	890	1213	<nil>
580	343	891	1234	<nil>
580	83	808	891	<nil>
580	29375	793	30168	<nil>
580	321	891	1212	<nil>
580	339	891	1230	<nil>
580	638	799	1437	<nil>
580	337	891	1228	<nil>
580	67	824	891	<nil>
580	657	890	1547	<nil>
580	48	844	892	<nil>
580	322	891	1213	<nil>
580	742	802	1544	<nil>
580	750	793	1543	<nil>
580	341	891	1232	<nil>
580	1452	804	2256	<nil>
580	1361	892	2253	<nil>
580	668	804	1472	<nil>
580	277	778	1055	<nil>
580	261	797	1058	<nil>
580	780	792	1572	<nil>
580	9792	756	10548	<nil>
580	234	793	1027	<nil>
580	782	790	1572	<nil>
580	770	791	1561	<nil>
580	795	780	1575	<nil>
580	248	805	1053	<nil>
580	768	804	1572	<nil>
580	777	789	1566	<nil>
580	15391	806	16197	<nil>
580	279	777	1056	<nil>
580	789	786	1575	<nil>
580	277	781	1058	<nil>
580	281	777	1058	<nil>
580	1513	758	2271	<nil>
580	260	775	1035	<nil>
580	1442	804	2246	<nil>
580	1680	791	2471	<nil>
580	487	758	1245	<nil>
580	272	785	1057	<nil>
580	5398	777	6175	<nil>
580	683	795	1478	<nil>
580	3340	790	4130	<nil>
580	669	803	1472	<nil>
580	267	788	1055	<nil>
580	3119	789	3908	<nil>
580	669	810	1479	<nil>
580	486	758	1244	<nil>
580	11686	814	12500	<nil>
580	3353	771	4124	<nil>
580	495	813	1308	<nil>
580	767	811	1578	<nil>
580	804	131	935	<nil>
580	1220	131	1351	<nil>
580	1224	133	1357	<nil>
580	1231	116	1347	<nil>
580	2256	119	2375	<nil>
580	2255	131	2386	<nil>
580	1239	145	1384	<nil>
580	1174	138	1312	<nil>
580	1740	112	1852	<nil>
580	16937	90	17027	<nil>
580	43626	111	43737	<nil>
580	1751	102	1853	<nil>
580	2776	90	2866	<nil>
580	848	117	965	<nil>
580	1760	98	1858	<nil>
580	1254	155	1409	<nil>
580	1130	74	1204	<nil>
580	1129	75	1204	<nil>
580	15982	114	16096	<nil>
580	1574	73	1647	<nil>
580	1739	120	1859	<nil>
580	1721	137	1858	<nil>
580	893	74	967	<nil>
580	877	98	975	<nil>
580	1104	98	1202	<nil>
580	10536	155	10691	<nil>
580	869	98	967	<nil>
580	12110	109	12219	<nil>
580	8079	119	8198	<nil>
580	1740	119	1859	<nil>
580	868	101	969	<nil>
580	1249	155	1404	<nil>
580	4123	156	4279	<nil>
580	827	134	961	<nil>
580	847	122	969	<nil>
580	1737	119	1856	<nil>
580	844	133	977	<nil>
580	1126	90	1216	<nil>
580	7723	120	7843	<nil>
580	1621	99	1720	<nil>
580	893	75	968	<nil>
580	1521	103	1624	<nil>
580	1722	142	1864	<nil>
580	870	99	969	<nil>
580	137	66	203	<nil>
580	3024	103	3127	<nil>
580	928	58	986	<nil>
580	847	122	969	<nil>
580	1645	76	1721	<nil>
580	1597	108	1705	<nil>
580	1231	166	1397	<nil>
580	1737	124	1861	<nil>
580	870	113	983	<nil>
580	1329	90	1419	<nil>
580	1288	114	1402	<nil>
580	880	98	978	<nil>
580	1293	99	1392	<nil>
580	146	62	208	<nil>
580	894	107	1001	<nil>
580	847	122	969	<nil>
580	1095	119	1214	<nil>
580	149	68	217	<nil>
580	1128	114	1242	<nil>
580	6221	99	6320	<nil>
580	1102	138	1240	<nil>
580	921	54	975	<nil>
580	908	53	961	<nil>
580	6244	114	6358	<nil>
580	10617	114	10731	<nil>
580	931	49	980	<nil>
580	172	48	220	<nil>
580	171	48	219	<nil>
580	161	48	209	<nil>
580	177	48	225	<nil>
580	136	88	224	<nil>
580	870	99	969	<nil>
580	147	119	266	<nil>
580	2783	119	2902	<nil>
580	160	147	307	<nil>
580	185	129	314	<nil>
580	227	101	328	<nil>
580	216	115	331	<nil>
580	203	127	330	<nil>
580	187	141	328	<nil>
580	205	127	332	<nil>
580	6359	150	6509	<nil>
580	200	128	328	<nil>
580	200	126	326	<nil>
580	204	141	345	<nil>
580	200	129	329	<nil>
580	17740	123	17863	<nil>
580	10742	163	10905	<nil>
580	3168	141	3309	<nil>
580	211	140	351	<nil>
580	216	128	344	<nil>
580	2535	113	2648	<nil>
580	113	139	252	<nil>
580	187	162	349	<nil>
580	2504	140	2644	<nil>
580	3343	152	3495	<nil>
580	187	163	350	<nil>
580	140	99	239	<nil>
580	2499	129	2628	<nil>
580	187	171	358	<nil>
580	2565	76	2641	<nil>
580	193	155	348	<nil>
580	1505	102	1607	<nil>
580	199	155	354	<nil>
580	1508	115	1623	<nil>
580	1521	107	1628	<nil>
580	2557	87	2644	<nil>
580	183	168	351	<nil>
580	175	173	348	<nil>
580	180	169	349	<nil>
580	181	169	350	<nil>
580	200	157	357	<nil>
580	207	145	352	<nil>
580	16345	153	16498	<nil>
580	42904	66	42970	<nil>
580	1514	99	1613	<nil>
580	178	53	231	<nil>
580	2557	86	2643	<nil>
580	1515	96	1611	<nil>
580	2596	55	2651	<nil>
580	1544	86	1630	<nil>
580	238	139	377	<nil>
580	1543	86	1629	<nil>
580	2829	163	2992	<nil>
580	1520	107	1627	<nil>
580	1532	77	1609	<nil>
580	1509	118	1627	<nil>
580	194	154	348	<nil>
580	184	55	239	<nil>
580	1533	99	1632	<nil>
580	1557	73	1630	<nil>
580	1531	99	1630	<nil>
580	201	157	358	<nil>
580	1570	57	1627	<nil>
580	1555	73	1628	<nil>
580	1558	71	1629	<nil>
580	1574	54	1628	<nil>
580	176	56	232	<nil>
580	173	56	229	<nil>
580	1576	53	1629	<nil>
580	184	45	229	<nil>
580	190	188	378	<nil>
580	94	257	351	<nil>
580	1221	222	1443	<nil>
580	143	165	308	<nil>
580	187	185	372	<nil>
580	188	188	376	<nil>
580	322	183	505	<nil>
580	323	182	505	<nil>
580	1364	158	1522	<nil>
580	177	162	339	<nil>
580	145	167	312	<nil>
580	155	179	334	<nil>
580	183	156	339	<nil>
580	145	167	312	<nil>
580	2716	185	2901	<nil>
580	305	18	323	<nil>
580	157	166	323	<nil>
580	1417	166	1583	<nil>
580	181	166	347	<nil>
580	159	156	315	<nil>
580	157	161	318	<nil>
580	41	173	214	<nil>
580	16688	177	16865	<nil>
580	78	178	256	<nil>
580	349	177	526	<nil>
580	349	179	528	<nil>
580	359	225	584	<nil>
580	358	226	584	<nil>
580	356	228	584	<nil>
580	358	228	586	<nil>
580	335	234	569	<nil>
580	185	225	410	<nil>
580	201	233	434	<nil>
580	5111	232	5343	<nil>
580	208	225	433	<nil>
580	358	230	588	<nil>
580	2854	231	3085	<nil>
580	32	230	262	<nil>
580	329	83	412	<nil>
580	330	83	413	<nil>
580	34	229	263	<nil>
580	308	91	399	<nil>
580	32	229	261	<nil>
580	1424	85	1509	<nil>
580	329	104	433	<nil>
580	5266	113	5379	<nil>
580	333	120	453	<nil>
580	9624	119	9743	<nil>
580	1361	120	1481	<nil>
580	1489	62	1551	<nil>
580	1433	115	1548	<nil>
580	354	128	482	<nil>
580	1481	98	1579	<nil>
580	1457	122	1579	<nil>
580	1450	120	1570	<nil>
580	1460	119	1579	<nil>
580	1456	118	1574	<nil>
580	1486	89	1575	<nil>
580	392	81	473	<nil>
580	334	139	473	<nil>
580	351	122	473	<nil>
580	359	158	517	<nil>
580	372	98	470	<nil>
580	1448	146	1594	<nil>
580	1436	158	1594	<nil>
580	1441	163	1604	<nil>
580	376	98	474	<nil>
580	341	163	504	<nil>
580	1451	155	1606	<nil>
580	1460	181	1641	<nil>
580	1449	160	1609	<nil>
580	1450	182	1632	<nil>
580	1503	140	1643	<nil>
580	1452	227	1679	<nil>
580	331	230	561	<nil>
580	353	230	583	<nil>
580	175	235	410	<nil>
580	352	234	586	<nil>
580	168	247	415	<nil>
580	402	201	603	<nil>
580	402	201	603	<nil>
580	1386	198	1584	<nil>
580	1356	206	1562	<nil>
580	400	200	600	<nil>
580	75	202	277	<nil>
580	68	204	272	<nil>
580	70	202	272	<nil>
580	60	225	285	<nil>
580	380	220	600	<nil>
580	71	230	301	<nil>
580	434	202	636	<nil>
580	403	200	603	<nil>
580	46459	190	46649	<nil>
580	414	202	616	<nil>
580	400	205	605	<nil>
580	434	230	664	<nil>
580	432	231	663	<nil>
580	432	232	664	<nil>
580	403	231	634	<nil>
580	402	232	634	<nil>
580	640	206	846	<nil>
580	410	236	646	<nil>
580	276	207	483	<nil>
580	1636	213	1849	<nil>
580	626	222	848	<nil>
580	82	240	322	<nil>
580	88	264	352	<nil>
580	112	239	351	<nil>
580	342	202	544	<nil>
580	352	171	523	<nil>
580	329	191	520	<nil>
580	351	174	525	<nil>
580	380	137	517	<nil>
580	345	175	520	<nil>
580	314	207	521	<nil>
580	5443	195	5638	<nil>
580	5518	127	5645	<nil>
580	367	152	519	<nil>
580	402	146	548	<nil>
580	380	169	549	<nil>
580	404	168	572	<nil>
580	154	165	319	<nil>
580	553	166	719	<nil>
580	564	162	726	<nil>
580	406	169	575	<nil>
580	564	177	741	<nil>
580	400	168	568	<nil>
580	585	165	750	<nil>
580	395	168	563	<nil>
580	394	168	562	<nil>
580	285	169	454	<nil>
580	395	174	569	<nil>
580	167	175	342	<nil>
580	564	171	735	<nil>
580	397	175	572	<nil>
580	553	163	716	<nil>
580	349	227	576	<nil>
580	165	185	350	<nil>
580	585	178	763	<nil>
580	79	180	259	<nil>
580	318	114	432	<nil>
580	294	77	371	<nil>
580	5555	177	5732	<nil>
580	524	79	603	<nil>
580	319	113	432	<nil>
580	328	103	431	<nil>
580	574	174	748	<nil>
580	553	195	748	<nil>
580	31	144	175	<nil>
580	295	76	371	<nil>
580	5610	102	5712	<nil>
580	10120	178	10298	<nil>
580	9868	196	10064	<nil>
580	2630	80	2710	<nil>
580	5396	180	5576	<nil>
580	30	143	173	<nil>
580	610	149	759	<nil>
580	603	144	747	<nil>
580	29	144	173	<nil>
580	292	78	370	<nil>
580	348	83	431	<nil>
580	313	113	426	<nil>
580	30	145	175	<nil>
580	29	143	172	<nil>
580	294	78	372	<nil>
580	17	177	194	<nil>
580	2597	113	2710	<nil>
580	2633	75	2708	<nil>
580	186	181	367	<nil>
580	310	113	423	<nil>
580	4920	178	5098	<nil>
580	318	114	432	<nil>
580	523	245	768	<nil>
580	65	187	252	<nil>
580	2603	204	2807	<nil>
580	5425	250	5675	<nil>
580	183	207	390	<nil>
580	95	188	283	<nil>
580	76	211	287	<nil>
580	2609	209	2818	<nil>
580	10219	862	11081	<nil>
580	2619	800	3419	<nil>
580	228	863	1091	<nil>
580	79	800	879	<nil>
580	89	801	890	<nil>
580	96	802	898	<nil>
580	89	802	891	<nil>
580	65	825	890	<nil>
580	67	825	892	<nil>
580	5565	823	6388	<nil>
580	77	831	908	<nil>
580	528	826	1354	<nil>
580	531	827	1358	<nil>
580	549	807	1356	<nil>
580	529	828	1357	<nil>
580	97	905	1002	<nil>
580	125	875	1000	<nil>
580	323	776	1099	<nil>
580	1063	813	1876	<nil>
580	747	769	1516	<nil>
580	1085	791	1876	<nil>
580	462	828	1290	<nil>
580	289	808	1097	<nil>
580	549	808	1357	<nil>
580	1075	808	1883	<nil>
580	303	798	1101	<nil>
580	1049	828	1877	<nil>
580	1064	814	1878	<nil>
580	444	845	1289	<nil>
580	773	0	773	rpc error: code = Unavailable desc = transport is closing
580	759	0	759	rpc error: code = Unavailable desc = transport is closing
580	1426	0	1426	rpc error: code = Unavailable desc = transport is closing
580	1388	0	1388	rpc error: code = Unavailable desc = transport is closing
580	1384	0	1384	rpc error: code = Unavailable desc = transport is closing
580	1387	0	1387	rpc error: code = Unavailable desc = transport is closing
580	1383	0	1383	rpc error: code = Unavailable desc = transport is closing
580	1400	0	1400	rpc error: code = Unavailable desc = transport is closing
580	1426	0	1426	rpc error: code = Unavailable desc = transport is closing
580	1390	0	1390	rpc error: code = Unavailable desc = transport is closing
580	1133	0	1133	rpc error: code = Unavailable desc = transport is closing
580	1154	0	1154	rpc error: code = Unavailable desc = transport is closing
580	1386	0	1386	rpc error: code = Unavailable desc = transport is closing
580	1168	0	1168	rpc error: code = Unavailable desc = transport is closing
580	1169	0	1169	rpc error: code = Unavailable desc = transport is closing
580	1403	0	1403	rpc error: code = Unavailable desc = transport is closing
580	1154	0	1154	rpc error: code = Unavailable desc = transport is closing
580	949	0	949	rpc error: code = Unavailable desc = transport is closing
580	945	0	945	rpc error: code = Unavailable desc = transport is closing
580	949	0	949	rpc error: code = Unavailable desc = transport is closing
580	3449	0	3449	rpc error: code = Unavailable desc = transport is closing
580	948	0	948	rpc error: code = Unavailable desc = transport is closing
580	3525	0	3525	rpc error: code = Unavailable desc = transport is closing
580	1405	0	1405	rpc error: code = Unavailable desc = transport is closing
580	953	0	953	rpc error: code = Unavailable desc = transport is closing
580	3445	0	3445	rpc error: code = Unavailable desc = transport is closing
580	1096	0	1096	rpc error: code = Unavailable desc = transport is closing
580	3420	0	3420	rpc error: code = Unavailable desc = transport is closing
580	1100	0	1100	rpc error: code = Unavailable desc = transport is closing
580	3457	0	3457	rpc error: code = Unavailable desc = transport is closing
580	1163	0	1163	rpc error: code = Unavailable desc = transport is closing
580	1101	0	1101	rpc error: code = Unavailable desc = transport is closing
580	9485	0	9485	rpc error: code = Unavailable desc = transport is closing
580	1534	0	1534	rpc error: code = Unavailable desc = transport is closing
580	6628	0	6628	rpc error: code = Unavailable desc = transport is closing
580	1506	0	1506	rpc error: code = Unavailable desc = transport is closing
580	1517	0	1517	rpc error: code = Unavailable desc = transport is closing
580	1507	0	1507	rpc error: code = Unavailable desc = transport is closing
580	1465	0	1465	rpc error: code = Unavailable desc = transport is closing
580	1508	0	1508	rpc error: code = Unavailable desc = transport is closing
580	1512	0	1512	rpc error: code = Unavailable desc = transport is closing
580	1509	0	1509	rpc error: code = Unavailable desc = transport is closing
580	1472	0	1472	rpc error: code = Unavailable desc = transport is closing
580	1510	0	1510	rpc error: code = Unavailable desc = transport is closing
580	1508	0	1508	rpc error: code = Unavailable desc = transport is closing
580	6655	0	6655	rpc error: code = Unavailable desc = transport is closing
580	1539	0	1539	rpc error: code = Unavailable desc = transport is closing
580	1509	0	1509	rpc error: code = Unavailable desc = transport is closing
580	1546	0	1546	rpc error: code = Unavailable desc = transport is closing
580	1518	0	1518	rpc error: code = Unavailable desc = transport is closing
580	1514	0	1514	rpc error: code = Unavailable desc = transport is closing
580	1517	0	1517	rpc error: code = Unavailable desc = transport is closing
580	1523	0	1523	rpc error: code = Unavailable desc = transport is closing
580	1509	0	1509	rpc error: code = Unavailable desc = transport is closing
580	1515	0	1515	rpc error: code = Unavailable desc = transport is closing
580	1508	0	1508	rpc error: code = Unavailable desc = transport is closing
580	3195	138	3333	<nil>
580	3184	144	3328	<nil>
580	893	138	1031	<nil>
580	3173	139	3312	<nil>
580	902	138	1040	<nil>
580	12480	138	12618	<nil>
580	893	139	1032	<nil>
580	19461	132	19593	<nil>
580	2977	132	3109	<nil>
580	3000	129	3129	<nil>
580	2946	128	3074	<nil>
580	3625	127	3752	<nil>
580	806	125	931	<nil>
580	2857	126	2983	<nil>
580	2861	127	2988	<nil>
580	3691	127	3818	<nil>
580	2866	126	2992	<nil>
580	792	127	919	<nil>
580	2857	127	2984	<nil>
580	2948	130	3078	<nil>
580	3001	129	3130	<nil>
580	2981	130	3111	<nil>
580	2857	141	2998	<nil>
580	2859	141	3000	<nil>
580	805	141	946	<nil>
580	3178	195	3373	<nil>
580	197	181	378	<nil>
580	240	152	392	<nil>
580	241	152	393	<nil>
580	1224	152	1376	<nil>
580	238	152	390	<nil>
580	216	151	367	<nil>
580	209	151	360	<nil>
580	216	151	367	<nil>
580	174	111	285	<nil>
580	176	108	284	<nil>
580	198	87	285	<nil>
580	176	109	285	<nil>
580	176	109	285	<nil>
580	166	109	275	<nil>
580	175	60	235	<nil>
580	168	109	277	<nil>
580	178	109	287	<nil>
580	177	111	288	<nil>
580	175	57	232	<nil>
580	176	57	233	<nil>
580	10027	57	10084	<nil>
580	176	110	286	<nil>
580	230	58	288	<nil>
580	176	111	287	<nil>
580	186	48	234	<nil>
580	186	49	235	<nil>
580	185	49	234	<nil>
580	183	51	234	<nil>
580	183	50	233	<nil>
580	177	109	286	<nil>
580	178	117	295	<nil>
580	178	113	291	<nil>
580	186	86	272	<nil>
580	184	86	270	<nil>
580	194	110	304	<nil>
580	194	111	305	<nil>
580	155	85	240	<nil>
580	154	111	265	<nil>
580	152	113	265	<nil>
580	196	115	311	<nil>
580	154	112	266	<nil>
580	154	112	266	<nil>
580	153	111	264	<nil>
580	154	112	266	<nil>
580	194	115	309	<nil>
580	153	112	265	<nil>
580	153	113	266	<nil>
580	195	115	310	<nil>
580	152	88	240	<nil>
580	130	112	242	<nil>
580	196	115	311	<nil>
580	150	91	241	<nil>
580	157	105	262	<nil>
580	157	105	262	<nil>
580	157	106	263	<nil>
580	157	108	265	<nil>
580	156	164	320	<nil>
580	157	166	323	<nil>
580	152	166	318	<nil>
580	153	175	328	<nil>
580	1141	176	1317	<nil>
580	1148	177	1325	<nil>
580	153	175	328	<nil>
580	4893	176	5069	<nil>
580	155	178	333	<nil>
580	1140	174	1314	<nil>
580	1140	175	1315	<nil>
580	153	185	338	<nil>
580	1226	108	1334	<nil>
580	1210	124	1334	<nil>
580	1192	144	1336	<nil>
580	106	185	291	<nil>
580	108	184	292	<nil>
580	114	179	293	<nil>
580	1151	144	1295	<nil>
580	1151	144	1295	<nil>
580	1185	113	1298	<nil>
580	17090	186	17276	<nil>
580	161	111	272	<nil>
580	1107	186	1293	<nil>
580	1209	128	1337	<nil>
580	167	127	294	<nil>
580	184	110	294	<nil>
580	1151	195	1346	<nil>
580	151	153	304	<nil>
580	160	112	272	<nil>
580	144	140	284	<nil>
580	148	157	305	<nil>
580	1208	140	1348	<nil>
580	123	122	245	<nil>
580	106	141	247	<nil>
580	1148	158	1306	<nil>
580	156	128	284	<nil>
580	112	121	233	<nil>
580	139	128	267	<nil>
580	107	190	297	<nil>
580	178	135	313	<nil>
580	114	199	313	<nil>
580	113	225	338	<nil>
580	113	225	338	<nil>
580	132	231	363	<nil>
580	162	172	334	<nil>
580	163	166	329	<nil>
580	135	229	364	<nil>
580	133	229	362	<nil>
580	169	156	325	<nil>
580	163	98	261	<nil>
580	165	172	337	<nil>
580	187	138	325	<nil>
580	202	71	273	<nil>
580	203	71	274	<nil>
580	163	162	325	<nil>
580	167	165	332	<nil>
580	156	174	330	<nil>
580	167	166	333	<nil>
580	165	167	332	<nil>
580	161	182	343	<nil>
580	162	165	327	<nil>
580	159	180	339	<nil>
580	199	140	339	<nil>
580	165	172	337	<nil>
580	151	187	338	<nil>
580	166	172	338	<nil>
580	217	59	276	<nil>
580	186	138	324	<nil>
580	169	171	340	<nil>
580	167	167	334	<nil>
580	164	173	337	<nil>
580	165	176	341	<nil>
580	189	152	341	<nil>
580	162	100	262	<nil>
580	26483	98	26581	<nil>
580	4950	78	5028	<nil>
580	159	98	257	<nil>
580	209	55	264	<nil>
580	162	99	261	<nil>
580	161	160	321	<nil>
580	190	95	285	<nil>
580	159	104	263	<nil>
580	186	84	270	<nil>
580	164	119	283	<nil>
580	177	97	274	<nil>
580	180	97	277	<nil>
580	162	228	390	<nil>
580	164	241	405	<nil>
580	174	233	407	<nil>
580	164	243	407	<nil>
580	143	259	402	<nil>
580	181	220	401	<nil>
580	170	172	342	<nil>
580	211	115	326	<nil>
580	206	199	405	<nil>
580	10215	172	10387	<nil>
580	171	144	315	<nil>
580	133	173	306	<nil>
580	5140	185	5325	<nil>
580	199	130	329	<nil>
580	171	136	307	<nil>
580	176	131	307	<nil>
580	23691	183	23874	<nil>
580	160	177	337	<nil>
580	15884	205	16089	<nil>
580	26689	132	26821	<nil>
580	139	206	345	<nil>
580	171	139	310	<nil>
580	176	137	313	<nil>
580	177	138	315	<nil>
580	165	144	309	<nil>
580	176	139	315	<nil>
580	175	130	305	<nil>
580	171	145	316	<nil>
580	171	139	310	<nil>
580	133	143	276	<nil>
580	170	139	309	<nil>
580	172	143	315	<nil>
580	145	177	322	<nil>
580	155	174	329	<nil>
580	212	104	316	<nil>
580	190	117	307	<nil>
580	196	140	336	<nil>
580	176	176	352	<nil>
580	172	146	318	<nil>
580	170	147	317	<nil>
580	171	147	318	<nil>
580	165	152	317	<nil>
580	160	158	318	<nil>
580	171	146	317	<nil>
580	171	146	317	<nil>
580	184	132	316	<nil>
580	171	146	317	<nil>
580	170	147	317	<nil>
580	171	148	319	<nil>
580	70	166	236	<nil>
580	73	165	238	<nil>
580	84	152	236	<nil>
580	137	205	342	<nil>
580	152	190	342	<nil>
580	151	190	341	<nil>
580	126	189	315	<nil>
580	169	174	343	<nil>
580	2584	197	2781	<nil>
580	5245	1005	6250	<nil>
580	4261	1005	5266	<nil>
580	139	1005	1144	<nil>
580	5820	1005	6825	<nil>
580	8858	1005	9863	<nil>
580	4261	1006	5267	<nil>
580	4259	1005	5264	<nil>
580	176	968	1144	<nil>
580	218	926	1144	<nil>
580	138	1006	1144	<nil>
580	163	983	1146	<nil>
580	175	972	1147	<nil>
580	176	971	1147	<nil>
580	165	982	1147	<nil>
580	175	970	1145	<nil>
580	158	989	1147	<nil>
580	165	982	1147	<nil>
580	5839	991	6830	<nil>
580	176	971	1147	<nil>
580	177	969	1146	<nil>
580	164	983	1147	<nil>
580	178	969	1147	<nil>
580	164	984	1148	<nil>
580	176	970	1146	<nil>
580	175	971	1146	<nil>
580	139	970	1109	<nil>
580	174	972	1146	<nil>
580	174	974	1148	<nil>
580	17629	938	18567	<nil>
580	195	939	1134	<nil>
580	176	973	1149	<nil>
580	175	973	1148	<nil>
580	174	974	1148	<nil>
580	175	973	1148	<nil>
580	178	971	1149	<nil>
580	174	975	1149	<nil>
580	164	985	1149	<nil>
580	177	972	1149	<nil>
580	173	976	1149	<nil>
580	176	974	1150	<nil>
580	208	942	1150	<nil>
580	178	980	1158	<nil>
580	162	902	1064	<nil>
580	171	905	1076	<nil>
580	169	905	1074	<nil>
580	171	905	1076	<nil>
580	171	906	1077	<nil>
580	160	905	1065	<nil>
580	5332	905	6237	<nil>
580	187	880	1067	<nil>
580	991	96	1087	<nil>
580	6724	96	6820	<nil>
580	991	97	1088	<nil>
580	991	97	1088	<nil>
580	991	97	1088	<nil>
580	991	97	1088	<nil>
580	3634	0	3634	rpc error: code = Unavailable desc = transport is closing
580	3559	0	3559	rpc error: code = Unavailable desc = transport is closing
580	1035	0	1035	rpc error: code = Unavailable desc = transport is closing
580	1039	0	1039	rpc error: code = Unavailable desc = transport is closing
580	942	0	942	rpc error: code = Unavailable desc = transport is closing
580	867	0	867	rpc error: code = Unavailable desc = transport is closing
580	940	0	940	rpc error: code = Unavailable desc = transport is closing
580	874	0	874	rpc error: code = Unavailable desc = transport is closing
580	951	0	951	rpc error: code = Unavailable desc = transport is closing
580	955	0	955	rpc error: code = Unavailable desc = transport is closing
580	1516	0	1516	rpc error: code = Unavailable desc = transport is closing
580	3380	0	3380	rpc error: code = Unavailable desc = transport is closing
580	902	0	902	rpc error: code = Unavailable desc = transport is closing
580	950	0	950	rpc error: code = Unavailable desc = transport is closing
580	6535	0	6535	rpc error: code = Unavailable desc = transport is closing
580	28891	0	28891	rpc error: code = Unavailable desc = transport is closing
580	1548	0	1548	rpc error: code = Unavailable desc = transport is closing
580	1890	0	1890	rpc error: code = Unavailable desc = transport is closing
580	1035	0	1035	rpc error: code = Unavailable desc = transport is closing
580	3367	0	3367	rpc error: code = Unavailable desc = transport is closing
580	798	0	798	rpc error: code = Unavailable desc = transport is closing
580	940	0	940	rpc error: code = Unavailable desc = transport is closing
580	16273	0	16273	rpc error: code = Unavailable desc = transport is closing
580	6678	0	6678	rpc error: code = Unavailable desc = transport is closing
580	998	0	998	rpc error: code = Unavailable desc = transport is closing
580	3364	0	3364	rpc error: code = Unavailable desc = transport is closing
580	947	0	947	rpc error: code = Unavailable desc = transport is closing
580	1010	82	1092	<nil>
580	1030	63	1093	<nil>
580	985	0	985	rpc error: code = Unavailable desc = transport is closing
580	1011	82	1093	<nil>
580	953	0	953	rpc error: code = Unavailable desc = transport is closing
580	1010	82	1092	<nil>
580	3574	0	3574	rpc error: code = Unavailable desc = transport is closing
580	804	0	804	rpc error: code = Unavailable desc = transport is closing
580	16584	0	16584	rpc error: code = Unavailable desc = transport is closing
580	986	0	986	rpc error: code = Unavailable desc = transport is closing
580	963	0	963	rpc error: code = Unavailable desc = transport is closing
580	1019	74	1093	<nil>
580	1011	82	1093	<nil>
580	202	0	202	rpc error: code = Unavailable desc = transport is closing
580	968	0	968	rpc error: code = Unavailable desc = transport is closing
580	998	0	998	rpc error: code = Unavailable desc = transport is closing
580	6344	82	6426	<nil>
580	3300	0	3300	rpc error: code = Unavailable desc = transport is closing
580	3540	0	3540	rpc error: code = Unavailable desc = transport is closing
580	939	0	939	rpc error: code = Unavailable desc = transport is closing
580	198	0	198	rpc error: code = Unavailable desc = transport is closing
580	962	0	962	rpc error: code = Unavailable desc = transport is closing
580	1010	82	1092	<nil>
580	1206	0	1206	rpc error: code = Unavailable desc = transport is closing
580	804	0	804	rpc error: code = Unavailable desc = transport is closing
580	6635	0	6635	rpc error: code = Unavailable desc = transport is closing
580	6644	0	6644	rpc error: code = Unavailable desc = transport is closing
580	1010	124	1134	<nil>
580	993	73	1066	<nil>
580	173	0	173	rpc error: code = Unavailable desc = transport is closing
580	2865	0	2865	rpc error: code = Unavailable desc = transport is closing
580	1011	123	1134	<nil>
580	1060	73	1133	<nil>
580	1011	123	1134	<nil>
580	1048	75	1123	<nil>
580	1011	125	1136	<nil>
580	1010	124	1134	<nil>
580	18635	72	18707	<nil>
580	1025	105	1130	<nil>
580	1036	78	1114	<nil>
580	1061	74	1135	<nil>
580	1050	83	1133	<nil>
580	1000	123	1123	<nil>
580	175	0	175	rpc error: code = Unavailable desc = transport is closing
580	5081	5	5086	<nil>
580	2004	83	2087	<nil>
580	904	82	986	<nil>
580	3748	79	3827	<nil>
580	994	88	1082	<nil>
580	1046	83	1129	<nil>
580	1051	88	1139	<nil>
580	6541	80	6621	<nil>
580	1048	90	1138	<nil>
580	145	10	155	<nil>
580	146	8	154	<nil>
580	1037	85	1122	<nil>
580	1135	10	1145	<nil>
580	74804	83	74887	<nil>
580	144	10	154	<nil>
580	1035	88	1123	<nil>
580	10068	75	10143	<nil>
580	982	138	1120	<nil>
580	944	140	1084	<nil>
580	1045	96	1141	<nil>
580	9552	0	9552	rpc error: code = Unavailable desc = transport is closing
580	145	8	153	<nil>
580	147	5	152	<nil>
580	5089	9	5098	<nil>
580	155	7	162	<nil>
580	1011	142	1153	<nil>
580	156	7	163	<nil>
580	147	2	149	<nil>
580	1144	9	1153	<nil>
580	153	5	158	<nil>
580	140	7	147	<nil>
580	140	11	151	<nil>
580	146	6	152	<nil>
580	147	11	158	<nil>
580	1130	3	1133	<nil>
580	147	9	156	<nil>
580	149	9	158	<nil>
580	149	4	153	<nil>
580	81	16	97	<nil>
580	140	7	147	<nil>
580	1010	126	1136	<nil>
580	1060	87	1147	<nil>
580	1011	139	1150	<nil>
580	80	16	96	<nil>
580	1010	171	1181	<nil>
580	2858	0	2858	rpc error: code = Unavailable desc = transport is closing
580	150	30	180	<nil>
580	156	42	198	<nil>
580	3560	105	3665	<nil>
580	148	45	193	<nil>
580	5251	52	5303	<nil>
580	142	53	195	<nil>
580	142	53	195	<nil>
580	2857	0	2857	rpc error: code = Unavailable desc = transport is closing
580	2866	0	2866	rpc error: code = Unavailable desc = transport is closing
580	98	95	193	<nil>
580	144	54	198	<nil>
580	72	58	130	<nil>
580	897	105	1002	<nil>
580	157	44	201	<nil>
580	145	46	191	<nil>
580	153	44	197	<nil>
580	2862	0	2862	rpc error: code = Unavailable desc = transport is closing
580	80	55	135	<nil>
580	153	0	153	rpc error: code = Unavailable desc = transport is closing
580	152	0	152	rpc error: code = Unavailable desc = transport is closing
580	177	0	177	rpc error: code = Unavailable desc = transport is closing
580	156	0	156	rpc error: code = Unavailable desc = transport is closing
580	176	0	176	rpc error: code = Unavailable desc = transport is closing
580	16226	0	16226	rpc error: code = Unavailable desc = transport is closing
580	26193	0	26193	rpc error: code = Unavailable desc = transport is closing
580	81	179	260	<nil>
580	187	135	322	<nil>
580	189	131	320	<nil>
580	191	132	323	<nil>
580	82	210	292	<nil>
580	195	162	357	<nil>
580	197	164	361	<nil>
580	82	209	291	<nil>
580	126	224	350	<nil>
580	192	169	361	<nil>
580	192	159	351	<nil>
580	62	262	324	<nil>
580	41	260	301	<nil>
580	5099	260	5359	<nil>
580	84	263	347	<nil>
580	139	281	420	<nil>
580	176	0	176	rpc error: code = Unavailable desc = transport is closing
580	177	0	177	rpc error: code = Unavailable desc = transport is closing
580	2971	0	2971	rpc error: code = Unavailable desc = transport is closing
580	3002	0	3002	rpc error: code = Unavailable desc = transport is closing
580	2955	0	2955	rpc error: code = Unavailable desc = transport is closing
580	2787	336	3123	<nil>
580	5594	339	5933	<nil>
580	105	294	399	<nil>
580	108	295	403	<nil>
580	106	296	402	<nil>
580	5366	297	5663	<nil>
580	364	40	404	<nil>
580	315	90	405	<nil>
580	371	18	389	<nil>
580	173	0	173	rpc error: code = Unavailable desc = transport is closing
580	351	55	406	<nil>
580	332	73	405	<nil>
580	314	91	405	<nil>
580	115	296	411	<nil>
580	353	54	407	<nil>
580	339	22	361	<nil>
580	111	300	411	<nil>
580	374	36	410	<nil>
580	344	62	406	<nil>
580	343	62	405	<nil>
580	315	90	405	<nil>
580	350	55	405	<nil>
580	345	62	407	<nil>
580	113	296	409	<nil>
580	111	297	408	<nil>
580	350	55	405	<nil>
580	314	91	405	<nil>
580	315	90	405	<nil>
580	365	23	388	<nil>
580	368	23	391	<nil>
580	330	18	348	<nil>
580	287	24	311	<nil>
580	289	23	312	<nil>
580	300	15	315	<nil>
580	316	12	328	<nil>
580	381	9	390	<nil>
580	365	40	405	<nil>
580	365	41	406	<nil>
580	360	21	381	<nil>
580	346	21	367	<nil>
580	346	20	366	<nil>
580	337	17	354	<nil>
580	304	21	325	<nil>
580	374	24	398	<nil>
580	372	12	384	<nil>
580	375	22	397	<nil>
580	328	12	340	<nil>
580	350	123	473	<nil>
580	301	129	430	<nil>
580	350	123	473	<nil>
580	301	129	430	<nil>
580	363	148	511	<nil>
580	333	120	453	<nil>
580	439	93	532	<nil>
580	465	37	502	<nil>
580	409	63	472	<nil>
580	452	81	533	<nil>
580	374	158	532	<nil>
580	361	158	519	<nil>
580	5518	93	5611	<nil>
580	439	54	493	<nil>
580	432	137	569	<nil>
580	391	118	509	<nil>
580	375	160	535	<nil>
580	497	59	556	<nil>
580	420	92	512	<nil>
580	467	57	524	<nil>
580	451	118	569	<nil>
580	432	121	553	<nil>
580	436	102	538	<nil>
580	425	143	568	<nil>
580	461	110	571	<nil>
580	362	131	493	<nil>
580	359	140	499	<nil>
580	457	116	573	<nil>
580	438	135	573	<nil>
580	5746	122	5868	<nil>
580	1383	148	1531	<nil>
580	451	122	573	<nil>
580	381	175	556	<nil>
580	426	148	574	<nil>
580	381	174	555	<nil>
580	336	173	509	<nil>
580	437	134	571	<nil>
580	375	123	498	<nil>
580	361	146	507	<nil>
580	465	86	551	<nil>
580	409	162	571	<nil>
580	467	77	544	<nil>
580	438	133	571	<nil>
580	457	118	575	<nil>
580	426	159	585	<nil>
580	355	154	509	<nil>
580	427	187	614	<nil>
580	425	172	597	<nil>
580	408	207	615	<nil>
580	438	208	646	<nil>
580	5789	181	5970	<nil>
580	471	176	647	<nil>
580	505	177	682	<nil>
580	422	177	599	<nil>
580	16428	158	16586	<nil>
580	507	183	690	<nil>
580	444	163	607	<nil>
580	425	182	607	<nil>
580	465	163	628	<nil>
580	531	161	692	<nil>
580	509	164	673	<nil>
580	156	161	317	<nil>
580	315	172	487	<nil>
580	5703	181	5884	<nil>
580	526	164	690	<nil>
580	508	184	692	<nil>
580	465	164	629	<nil>
580	508	181	689	<nil>
580	1497	181	1678	<nil>
580	446	179	625	<nil>
580	513	185	698	<nil>
580	557	163	720	<nil>
580	520	235	755	<nil>
580	476	235	711	<nil>
580	482	228	710	<nil>
580	2857	0	2857	rpc error: code = Unavailable desc = transport is closing
580	205	0	205	rpc error: code = Unavailable desc = transport is closing
580	2856	0	2856	rpc error: code = Unavailable desc = transport is closing
580	2867	0	2867	rpc error: code = Unavailable desc = transport is closing
580	516	222	738	<nil>
580	211	226	437	<nil>
580	8249	0	8249	rpc error: code = Unavailable desc = transport is closing
580	545	230	775	<nil>
580	521	230	751	<nil>
580	149	232	381	<nil>
580	162	226	388	<nil>
580	157	231	388	<nil>
580	172	210	382	<nil>
580	179	235	414	<nil>
580	147	233	380	<nil>
580	263	119	382	<nil>
580	6036	227	6263	<nil>
580	158	117	275	<nil>
580	263	123	386	<nil>
580	26312	128	26440	<nil>
580	64	219	283	<nil>
580	35	283	318	<nil>
580	45	284	329	<nil>
580	28101	284	28385	<nil>
580	5651	286	5937	<nil>
580	646	176	822	<nil>
580	27	288	315	<nil>
580	515	153	668	<nil>
580	1671	157	1828	<nil>
580	669	159	828	<nil>
580	5794	152	5946	<nil>
580	436	188	624	<nil>
580	670	158	828	<nil>
580	5793	153	5946	<nil>
580	694	153	847	<nil>
580	456	208	664	<nil>
580	510	184	694	<nil>
580	674	190	864	<nil>
580	486	211	697	<nil>
580	695	593	1288	<nil>
580	677	591	1268	<nil>
580	689	598	1287	<nil>
580	730	540	1270	<nil>
580	5837	540	6377	<nil>
580	5828	560	6388	<nil>
580	6346	537	6883	<nil>
580	527	538	1065	<nil>
580	1732	538	2270	<nil>
580	709	561	1270	<nil>
580	742	541	1283	<nil>
580	726	541	1267	<nil>
580	731	540	1271	<nil>
580	725	561	1286	<nil>
580	713	595	1308	<nil>
580	734	537	1271	<nil>
580	750	540	1290	<nil>
580	652	618	1270	<nil>
580	5947	543	6490	<nil>
580	10414	549	10963	<nil>
580	767	541	1308	<nil>
580	760	549	1309	<nil>
580	566	540	1106	<nil>
580	370	549	919	<nil>
580	128	464	592	<nil>
580	6076	526	6602	<nil>
580	429	535	964	<nil>
580	285	450	735	<nil>
580	128	464	592	<nil>
580	272	452	724	<nil>
580	122	468	590	<nil>
580	286	448	734	<nil>
580	2595	448	3043	<nil>
580	6350	527	6877	<nil>
580	9136	526	9662	<nil>
580	268	457	725	<nil>
580	265	457	722	<nil>
580	15230	448	15678	<nil>
580	141	460	601	<nil>
580	432	533	965	<nil>
580	237	537	774	<nil>
580	290	444	734	<nil>
580	306	447	753	<nil>
580	199	541	740	<nil>
580	225	448	673	<nil>
580	196	542	738	<nil>
580	484	534	1018	<nil>
580	287	451	738	<nil>
580	431	535	966	<nil>
580	6066	537	6603	<nil>
580	69	530	599	<nil>
580	233	541	774	<nil>
580	25696	527	26223	<nil>
580	128	465	593	<nil>
580	271	449	720	<nil>
580	136	459	595	<nil>
580	441	527	968	<nil>
580	212	541	753	<nil>
580	273	448	721	<nil>
580	508	422	930	<nil>
580	519	422	941	<nil>
580	221	422	643	<nil>
580	500	422	922	<nil>
580	494	422	916	<nil>
580	508	422	930	<nil>
580	273	458	731	<nil>
580	503	422	925	<nil>
580	412	484	896	<nil>
580	6417	473	6890	<nil>
580	69	470	539	<nil>
580	225	498	723	<nil>
580	212	471	683	<nil>
580	214	471	685	<nil>
580	7898	0	7898	rpc error: code = Unavailable desc = transport is closing
580	3000	0	3000	rpc error: code = Unavailable desc = transport is closing
580	2997	0	2997	rpc error: code = Unavailable desc = transport is closing
580	2943	0	2943	rpc error: code = Unavailable desc = transport is closing
580	2972	0	2972	rpc error: code = Unavailable desc = transport is closing
580	2998	0	2998	rpc error: code = Unavailable desc = transport is closing
580	2993	0	2993	rpc error: code = Unavailable desc = transport is closing
580	4201	0	4201	rpc error: code = Unavailable desc = transport is closing
580	3174	0	3174	rpc error: code = Unavailable desc = transport is closing
580	3192	0	3192	rpc error: code = Unavailable desc = transport is closing
580	941	0	941	rpc error: code = Unavailable desc = transport is closing
580	3190	0	3190	rpc error: code = Unavailable desc = transport is closing
580	3188	0	3188	rpc error: code = Unavailable desc = transport is closing
580	3002	0	3002	rpc error: code = Unavailable desc = transport is closing
580	3172	0	3172	rpc error: code = Unavailable desc = transport is closing
580	1881	0	1881	rpc error: code = Unavailable desc = transport is closing
580	3209	0	3209	rpc error: code = Unavailable desc = transport is closing
580	939	0	939	rpc error: code = Unavailable desc = transport is closing
580	3170	0	3170	rpc error: code = Unavailable desc = transport is closing
580	3173	0	3173	rpc error: code = Unavailable desc = transport is closing
580	949	0	949	rpc error: code = Unavailable desc = transport is closing
580	6426	0	6426	rpc error: code = Unavailable desc = transport is closing
580	3185	0	3185	rpc error: code = Unavailable desc = transport is closing
580	3172	0	3172	rpc error: code = Unavailable desc = transport is closing
580	950	0	950	rpc error: code = Unavailable desc = transport is closing
580	3193	0	3193	rpc error: code = Unavailable desc = transport is closing
580	3173	0	3173	rpc error: code = Unavailable desc = transport is closing
580	2982	0	2982	rpc error: code = Unavailable desc = transport is closing
580	866	0	866	rpc error: code = Unavailable desc = transport is closing
580	2996	0	2996	rpc error: code = Unavailable desc = transport is closing
580	3172	0	3172	rpc error: code = Unavailable desc = transport is closing
580	3182	0	3182	rpc error: code = Unavailable desc = transport is closing
580	3185	0	3185	rpc error: code = Unavailable desc = transport is closing
580	4202	0	4202	rpc error: code = Unavailable desc = transport is closing
580	2983	0	2983	rpc error: code = Unavailable desc = transport is closing
580	3193	0	3193	rpc error: code = Unavailable desc = transport is closing
580	3172	0	3172	rpc error: code = Unavailable desc = transport is closing
580	2998	0	2998	rpc error: code = Unavailable desc = transport is closing
580	467	127	594	<nil>
580	824	35	859	<nil>
580	825	34	859	<nil>
580	824	35	859	<nil>
580	3186	0	3186	rpc error: code = Unavailable desc = transport is closing
580	17744	39	17783	<nil>
580	939	0	939	rpc error: code = Unavailable desc = transport is closing
580	4212	0	4212	rpc error: code = Unavailable desc = transport is closing
580	18728	0	18728	rpc error: code = Unavailable desc = transport is closing
580	949	0	949	rpc error: code = Unavailable desc = transport is closing
580	6457	0	6457	rpc error: code = Unavailable desc = transport is closing
580	3175	0	3175	rpc error: code = Unavailable desc = transport is closing
580	3167	0	3167	rpc error: code = Unavailable desc = transport is closing
580	3189	0	3189	rpc error: code = Unavailable desc = transport is closing
580	3563	0	3563	rpc error: code = Unavailable desc = transport is closing
580	813	35	848	<nil>
580	821	0	821	rpc error: code = Unavailable desc = transport is closing
580	815	35	850	<nil>
580	815	34	849	<nil>
580	815	34	849	<nil>
580	824	35	859	<nil>
580	824	35	859	<nil>
580	3197	35	3232	<nil>
580	29503	0	29503	rpc error: code = Unavailable desc = transport is closing
580	998	0	998	rpc error: code = Unavailable desc = transport is closing
580	3186	0	3186	rpc error: code = Unavailable desc = transport is closing
580	3002	0	3002	rpc error: code = Unavailable desc = transport is closing
580	3415	0	3415	rpc error: code = Unavailable desc = transport is closing
580	894	0	894	rpc error: code = Unavailable desc = transport is closing
580	941	0	941	rpc error: code = Unavailable desc = transport is closing
580	3204	0	3204	rpc error: code = Unavailable desc = transport is closing
580	941	0	941	rpc error: code = Unavailable desc = transport is closing
580	11233	0	11233	rpc error: code = Unavailable desc = transport is closing
580	825	39	864	<nil>
580	3207	0	3207	rpc error: code = Unavailable desc = transport is closing
580	810	41	851	<nil>
580	826	39	865	<nil>
580	824	45	869	<nil>
580	3110	148	3258	<nil>
580	811	125	936	<nil>
580	501	125	626	<nil>
580	811	190	1001	<nil>
580	826	191	1017	<nil>
580	1521	193	1714	<nil>
580	1528	195	1723	<nil>
580	965	0	965	rpc error: code = Unavailable desc = transport is closing
580	983	0	983	rpc error: code = Unavailable desc = transport is closing
580	639	182	821	<nil>
580	1527	197	1724	<nil>
580	11409	185	11594	<nil>
580	731	185	916	<nil>
580	504	197	701	<nil>
580	738	182	920	<nil>
580	767	155	922	<nil>
580	641	223	864	<nil>
580	680	185	865	<nil>
580	942	0	942	rpc error: code = Unavailable desc = transport is closing
580	6542	138	6680	<nil>
580	1026	226	1252	<nil>
580	3639	0	3639	rpc error: code = Unavailable desc = transport is closing
580	650	226	876	<nil>
580	1026	234	1260	<nil>
580	669	236	905	<nil>
580	1019	235	1254	<nil>
580	635	236	871	<nil>
580	1024	235	1259	<nil>
580	1235	0	1235	rpc error: code = Unavailable desc = transport is closing
580	1065	0	1065	rpc error: code = Unavailable desc = transport is closing
580	1273	0	1273	rpc error: code = Unavailable desc = transport is closing
580	1205	0	1205	rpc error: code = Unavailable desc = transport is closing
580	1210	0	1210	rpc error: code = Unavailable desc = transport is closing
580	6021	0	6021	rpc error: code = Unavailable desc = transport is closing
580	6418	0	6418	rpc error: code = Unavailable desc = transport is closing
580	3568	0	3568	rpc error: code = Unavailable desc = transport is closing
580	1273	0	1273	rpc error: code = Unavailable desc = transport is closing
580	3367	0	3367	rpc error: code = Unavailable desc = transport is closing
580	3360	0	3360	rpc error: code = Unavailable desc = transport is closing
580	3287	242	3529	<nil>
580	1038	0	1038	rpc error: code = Unavailable desc = transport is closing
580	6594	0	6594	rpc error: code = Unavailable desc = transport is closing
580	1271	0	1271	rpc error: code = Unavailable desc = transport is closing
580	1207	0	1207	rpc error: code = Unavailable desc = transport is closing
580	1019	241	1260	<nil>
580	1042	240	1282	<nil>
580	1040	279	1319	<nil>
580	629	297	926	<nil>
580	626	324	950	<nil>
580	655	314	969	<nil>
580	637	341	978	<nil>
580	1040	327	1367	<nil>
580	629	348	977	<nil>
580	6860	345	7205	<nil>
580	1038	327	1365	<nil>
580	6489	346	6835	<nil>
580	1034	331	1365	<nil>
580	631	347	978	<nil>
580	3215	348	3563	<nil>
580	661	349	1010	<nil>
580	288	169	457	<nil>
580	132	232	364	<nil>
580	144	219	363	<nil>
580	1028	329	1357	<nil>
580	155	209	364	<nil>
580	289	168	457	<nil>
580	658	327	985	<nil>
580	289	171	460	<nil>
580	339	125	464	<nil>
580	3375	130	3505	<nil>
580	202	258	460	<nil>
580	423	46	469	<nil>
580	425	47	472	<nil>
580	1049	312	1361	<nil>
580	168	196	364	<nil>
580	286	171	457	<nil>
580	1042	334	1376	<nil>
580	1029	333	1362	<nil>
580	155	198	353	<nil>
580	178	187	365	<nil>
580	1034	332	1366	<nil>
580	6483	346	6829	<nil>
580	425	51	476	<nil>
580	1036	332	1368	<nil>
580	1028	335	1363	<nil>
580	653	330	983	<nil>
580	1062	335	1397	<nil>
580	188	177	365	<nil>
580	5458	123	5581	<nil>
580	234	126	360	<nil>
580	3451	123	3574	<nil>
580	213	119	332	<nil>
580	423	40	463	<nil>
580	337	126	463	<nil>
580	747	173	920	<nil>
580	10232	123	10355	<nil>
580	3378	126	3504	<nil>
580	291	179	470	<nil>
580	345	120	465	<nil>
580	423	43	466	<nil>
580	2914	125	3039	<nil>
580	6679	179	6858	<nil>
580	794	126	920	<nil>
580	1185	176	1361	<nil>
580	236	126	362	<nil>
580	200	126	326	<nil>
580	198	129	327	<nil>
580	743	181	924	<nil>
580	1037	331	1368	<nil>
580	415	46	461	<nil>
580	165	47	212	<nil>
580	1145	49	1194	<nil>
580	1028	334	1362	<nil>
580	3172	48	3220	<nil>
580	423	46	469	<nil>
580	424	47	471	<nil>
580	1038	331	1369	<nil>
580	6801	258	7059	<nil>
580	147	161	308	<nil>
580	337	162	499	<nil>
580	827	159	986	<nil>
580	2873	160	3033	<nil>
580	320	154	474	<nil>
580	314	161	475	<nil>
580	324	160	484	<nil>
580	330	155	485	<nil>
580	323	154	477	<nil>
580	349	161	510	<nil>
580	336	154	490	<nil>
580	16133	164	16297	<nil>
580	329	160	489	<nil>
580	318	155	473	<nil>
580	329	161	490	<nil>
580	329	165	494	<nil>
580	321	154	475	<nil>
580	329	161	490	<nil>
580	315	193	508	<nil>
580	321	162	483	<nil>
580	318	168	486	<nil>
580	330	160	490	<nil>
580	328	159	487	<nil>
580	5375	162	5537	<nil>
580	308	169	477	<nil>
580	314	175	489	<nil>
580	328	165	493	<nil>
580	328	164	492	<nil>
580	340	166	506	<nil>
580	329	164	493	<nil>
580	322	164	486	<nil>
580	320	165	485	<nil>
580	305	167	472	<nil>
580	323	165	488	<nil>
580	338	165	503	<nil>
580	323	165	488	<nil>
580	10133	164	10297	<nil>
580	321	167	488	<nil>
580	329	165	494	<nil>
580	317	155	472	<nil>
580	328	162	490	<nil>
580	1319	161	1480	<nil>
580	321	167	488	<nil>
580	321	165	486	<nil>
580	327	166	493	<nil>
580	342	154	496	<nil>
580	328	161	489	<nil>
580	333	154	487	<nil>
580	329	168	497	<nil>
580	328	177	505	<nil>
580	345	154	499	<nil>
580	328	166	494	<nil>
580	336	179	515	<nil>
580	343	162	505	<nil>
600	343	268	611	<nil>
600	342	272	614	<nil>
600	341	290	631	<nil>
600	1329	290	1619	<nil>
600	341	292	633	<nil>
600	5594	292	5886	<nil>
600	123	293	416	<nil>
600	145	294	439	<nil>
600	146	294	440	<nil>
600	145	294	439	<nil>
600	3513	294	3807	<nil>
600	130	295	425	<nil>
600	145	297	442	<nil>
600	593	188	781	<nil>
600	95	320	415	<nil>
600	144	297	441	<nil>
600	135	296	431	<nil>
600	115	296	411	<nil>
600	131	296	427	<nil>
600	125	297	422	<nil>
600	139	297	436	<nil>
600	631	164	795	<nil>
600	95	296	391	<nil>
600	145	296	441	<nil>
600	10144	297	10441	<nil>
600	145	296	441	<nil>
600	95	296	391	<nil>
600	4783	313	5096	<nil>
600	599	193	792	<nil>
600	589	193	782	<nil>
600	602	190	792	<nil>
600	125	318	443	<nil>
600	600	192	792	<nil>
600	605	187	792	<nil>
600	128	316	444	<nil>
600	602	189	791	<nil>
600	600	189	789	<nil>
600	593	189	782	<nil>
600	628	156	784	<nil>
600	655	139	794	<nil>
600	127	314	441	<nil>
600	609	189	798	<nil>
600	608	187	795	<nil>
600	608	189	797	<nil>
600	599	188	787	<nil>
600	137	296	433	<nil>
600	125	295	420	<nil>
600	4909	295	5204	<nil>
600	350	167	517	<nil>
600	10388	152	10540	<nil>
600	628	168	796	<nil>
600	633	161	794	<nil>
600	599	188	787	<nil>
600	946	298	1244	<nil>
600	628	168	796	<nil>
600	631	167	798	<nil>
600	652	153	805	<nil>
600	633	327	960	<nil>
600	1627	331	1958	<nil>
600	642	334	976	<nil>
600	636	343	979	<nil>
600	660	319	979	<nil>
600	630	344	974	<nil>
600	10361	289	10650	<nil>
600	628	344	972	<nil>
600	633	339	972	<nil>
600	627	344	971	<nil>
600	371	341	712	<nil>
600	633	342	975	<nil>
600	1624	346	1970	<nil>
600	1639	330	1969	<nil>
600	642	330	972	<nil>
600	1359	357	1716	<nil>
600	558	331	889	<nil>
600	403	331	734	<nil>
600	616	256	872	<nil>
600	1377	337	1714	<nil>
600	626	345	971	<nil>
600	642	342	984	<nil>
600	3189	355	3544	<nil>
600	1632	350	1982	<nil>
600	1366	350	1716	<nil>
600	630	355	985	<nil>
600	1599	307	1906	<nil>
600	644	352	996	<nil>
600	1680	302	1982	<nil>
600	3384	359	3743	<nil>
600	615	257	872	<nil>
600	437	271	708	<nil>
600	612	240	852	<nil>
600	653	340	993	<nil>
600	1576	330	1906	<nil>
600	5321	359	5680	<nil>
600	631	241	872	<nil>
600	1594	325	1919	<nil>
600	3122	338	3460	<nil>
600	15304	169	15473	<nil>
600	345	187	532	<nil>
600	633	356	989	<nil>
600	1605	313	1918	<nil>
600	15304	170	15474	<nil>
600	1652	268	1920	<nil>
600	166	231	397	<nil>
600	10432	237	10669	<nil>
600	617	255	872	<nil>
600	627	356	983	<nil>
600	163	233	396	<nil>
600	1358	358	1716	<nil>
600	369	169	538	<nil>
600	1652	266	1918	<nil>
600	8920	172	9092	<nil>
600	209	170	379	<nil>
600	627	237	864	<nil>
600	1438	257	1695	<nil>
600	1168	231	1399	<nil>
600	641	239	880	<nil>
600	432	173	605	<nil>
600	360	171	531	<nil>
600	1271	189	1460	<nil>
600	342	189	531	<nil>
600	1435	171	1606	<nil>
600	5821	205	6026	<nil>
600	25655	172	25827	<nil>
600	5751	173	5924	<nil>
600	610	252	862	<nil>
600	628	237	865	<nil>
600	626	358	984	<nil>
600	183	187	370	<nil>
600	344	187	531	<nil>
600	359	172	531	<nil>
600	1369	167	1536	<nil>
600	1360	173	1533	<nil>
600	362	170	532	<nil>
600	363	174	537	<nil>
600	361	171	532	<nil>
600	215	172	387	<nil>
600	1416	188	1604	<nil>
600	213	173	386	<nil>
600	433	177	610	<nil>
600	1207	186	1393	<nil>
600	514	234	748	<nil>
600	5426	237	5663	<nil>
600	164	215	379	<nil>
600	435	240	675	<nil>
600	40323	320	40643	<nil>
600	634	240	874	<nil>
600	343	189	532	<nil>
600	417	258	675	<nil>
600	370	187	557	<nil>
600	460	145	605	<nil>
600	166	215	381	<nil>
600	161	409	570	<nil>
600	4104	358	4462	<nil>
600	1470	517	1987	<nil>
600	1439	520	1959	<nil>
600	3951	529	4480	<nil>
600	6734	490	7224	<nil>
600	1463	491	1954	<nil>
600	1461	539	2000	<nil>
600	96	539	635	<nil>
600	1441	541	1982	<nil>
600	194	417	611	<nil>
600	198	417	615	<nil>
600	198	416	614	<nil>
600	199	418	617	<nil>
600	89	541	630	<nil>
600	512	435	947	<nil>
600	546	435	981	<nil>
600	512	436	948	<nil>
600	563	435	998	<nil>
600	5751	435	6186	<nil>
600	513	436	949	<nil>
600	512	435	947	<nil>
600	512	437	949	<nil>
600	512	439	951	<nil>
600	1599	450	2049	<nil>
600	513	463	976	<nil>
600	5073	452	5525	<nil>
600	592	452	1044	<nil>
600	525	452	977	<nil>
600	589	464	1053	<nil>
600	590	464	1054	<nil>
600	511	467	978	<nil>
600	602	451	1053	<nil>
600	373	447	820	<nil>
600	538	464	1002	<nil>
600	528	450	978	<nil>
600	1518	464	1982	<nil>
600	599	451	1050	<nil>
600	1518	464	1982	<nil>
600	525	452	977	<nil>
600	5440	451	5891	<nil>
600	528	449	977	<nil>
600	1531	451	1982	<nil>
600	526	451	977	<nil>
600	560	450	1010	<nil>
600	525	451	976	<nil>
600	511	465	976	<nil>
600	369	448	817	<nil>
600	1518	464	1982	<nil>
600	480	26	506	<nil>
600	1582	464	2046	<nil>
600	649	27	676	<nil>
600	526	452	978	<nil>
600	514	465	979	<nil>
600	370	446	816	<nil>
600	553	451	1004	<nil>
600	866	208	1074	<nil>
600	370	469	839	<nil>
600	526	475	1001	<nil>
600	370	472	842	<nil>
600	614	96	710	<nil>
600	5909	34	5943	<nil>
600	649	34	683	<nil>
600	679	26	705	<nil>
600	2934	17	2951	<nil>
600	5907	40	5947	<nil>
600	513	465	978	<nil>
600	522	20	542	<nil>
600	528	449	977	<nil>
600	212	11	223	<nil>
600	500	9	509	<nil>
600	25824	10	25834	<nil>
600	497	10	507	<nil>
600	212	13	225	<nil>
600	213	11	224	<nil>
600	228	12	240	<nil>
600	385	516	901	<nil>
600	5401	518	5919	<nil>
600	550	534	1084	<nil>
600	384	519	903	<nil>
600	1530	533	2063	<nil>
600	652	60	712	<nil>
600	236	21	257	<nil>
600	1059	21	1080	<nil>
600	527	533	1060	<nil>
600	1504	27	1531	<nil>
600	217	524	741	<nil>
600	672	61	733	<nil>
600	221	38	259	<nil>
600	527	45	572	<nil>
600	377	511	888	<nil>
600	234	46	280	<nil>
600	370	529	899	<nil>
600	376	523	899	<nil>
600	378	528	906	<nil>
600	1504	46	1550	<nil>
600	214	46	260	<nil>
600	190	517	707	<nil>
600	243	518	761	<nil>
600	190	518	708	<nil>
600	377	522	899	<nil>
600	392	521	913	<nil>
600	377	522	899	<nil>
600	175	533	708	<nil>
600	377	528	905	<nil>
600	377	522	899	<nil>
600	630	129	759	<nil>
600	377	522	899	<nil>
600	16692	530	17222	<nil>
600	5493	522	6015	<nil>
600	649	58	707	<nil>
600	5394	529	5923	<nil>
600	382	528	910	<nil>
600	378	522	900	<nil>
600	244	524	768	<nil>
600	176	522	698	<nil>
600	235	19	254	<nil>
600	6270	47	6317	<nil>
600	509	45	554	<nil>
600	497	51	548	<nil>
600	497	47	544	<nil>
600	1493	54	1547	<nil>
600	5574	51	5625	<nil>
600	512	48	560	<nil>
600	487	53	540	<nil>
600	2949	46	2995	<nil>
600	649	62	711	<nil>
600	9689	48	9737	<nil>
600	500	48	548	<nil>
600	2794	48	2842	<nil>
600	521	51	572	<nil>
600	1504	52	1556	<nil>
600	5745	127	5872	<nil>
600	378	529	907	<nil>
600	378	530	908	<nil>
600	671	58	729	<nil>
600	647	59	706	<nil>
600	188	523	711	<nil>
600	224	21	245	<nil>
600	15685	34	15719	<nil>
600	385	522	907	<nil>
600	1379	21	1400	<nil>
600	525	533	1058	<nil>
600	377	605	982	<nil>
600	188	523	711	<nil>
600	378	528	906	<nil>
600	369	530	899	<nil>
600	370	528	898	<nil>
600	602	533	1135	<nil>
600	513	546	1059	<nil>
600	9778	21	9799	<nil>
600	384	529	913	<nil>
600	525	534	1059	<nil>
600	5820	43	5863	<nil>
600	187	552	739	<nil>
600	221	38	259	<nil>
600	378	518	896	<nil>
600	188	552	740	<nil>
600	653	80	733	<nil>
600	25329	552	25881	<nil>
600	651	80	731	<nil>
600	385	573	958	<nil>
600	539	460	999	<nil>
600	525	476	1001	<nil>
600	384	469	853	<nil>
600	370	470	840	<nil>
600	5842	470	6312	<nil>
600	368	471	839	<nil>
600	384	471	855	<nil>
600	369	472	841	<nil>
600	384	472	856	<nil>
600	529	475	1004	<nil>
600	353	470	823	<nil>
600	630	96	726	<nil>
600	5590	28	5618	<nil>
600	520	22	542	<nil>
600	476	20	496	<nil>
600	17158	38	17196	<nil>
600	10761	17	10778	<nil>
600	1486	21	1507	<nil>
600	17498	23	17521	<nil>
600	1491	20	1511	<nil>
600	475	22	497	<nil>
600	660	26	686	<nil>
600	652	37	689	<nil>
600	662	24	686	<nil>
600	9102	21	9123	<nil>
600	131	10	141	<nil>
600	5486	596	6082	<nil>
600	5492	541	6033	<nil>
600	482	217	699	<nil>
600	364	268	632	<nil>
600	141	341	482	<nil>
600	498	432	930	<nil>
600	5489	432	5921	<nil>
600	2804	442	3246	<nil>
600	206	449	655	<nil>
600	314	442	756	<nil>
600	502	444	946	<nil>
600	243	445	688	<nil>
600	494	444	938	<nil>
600	315	444	759	<nil>
600	494	445	939	<nil>
600	315	442	757	<nil>
600	525	418	943	<nil>
600	645	490	1135	<nil>
600	536	442	978	<nil>
600	6478	442	6920	<nil>
600	1415	443	1858	<nil>
600	576	442	1018	<nil>
600	6480	443	6923	<nil>
600	562	443	1005	<nil>
600	729	445	1174	<nil>
600	538	445	983	<nil>
600	1176	444	1620	<nil>
600	537	446	983	<nil>
600	5660	445	6105	<nil>
600	556	446	1002	<nil>
600	539	447	986	<nil>
600	548	447	995	<nil>
600	1176	447	1623	<nil>
600	1549	447	1996	<nil>
600	167	489	656	<nil>
600	729	447	1176	<nil>
600	360	505	865	<nil>
600	730	505	1235	<nil>
600	551	505	1056	<nil>
600	8358	505	8863	<nil>
600	177	505	682	<nil>
600	173	499	672	<nil>
600	557	504	1061	<nil>
600	9816	491	10307	<nil>
600	181	505	686	<nil>
600	539	505	1044	<nil>
600	542	537	1079	<nil>
600	649	621	1270	<nil>
600	176	538	714	<nil>
600	557	532	1089	<nil>
600	761	531	1292	<nil>
600	1136	564	1700	<nil>
600	795	534	1329	<nil>
600	25882	534	26416	<nil>
600	770	505	1275	<nil>
600	6017	452	6469	<nil>
600	742	534	1276	<nil>
600	849	450	1299	<nil>
600	560	535	1095	<nil>
600	2762	451	3213	<nil>
600	312	493	805	<nil>
600	655	432	1087	<nil>
600	1646	451	2097	<nil>
600	24323	432	24755	<nil>
600	1650	452	2102	<nil>
600	652	628	1280	<nil>
600	637	451	1088	<nil>
600	17356	432	17788	<nil>
600	769	508	1277	<nil>
600	370	452	822	<nil>
600	620	494	1114	<nil>
600	550	538	1088	<nil>
600	665	452	1117	<nil>
600	1801	324	2125	<nil>
600	784	345	1129	<nil>
600	790	323	1113	<nil>
600	807	309	1116	<nil>
600	564	1124	1688	<nil>
600	565	1124	1689	<nil>
600	566	1122	1688	<nil>
600	566	1123	1689	<nil>
600	566	1122	1688	<nil>
600	567	1121	1688	<nil>
600	566	1122	1688	<nil>
600	566	1122	1688	<nil>
600	672	0	672	rpc error: code = Unavailable desc = transport is closing
600	1678	0	1678	rpc error: code = Unavailable desc = transport is closing
600	674	0	674	rpc error: code = Unavailable desc = transport is closing
600	727	0	727	rpc error: code = Unavailable desc = transport is closing
600	1676	0	1676	rpc error: code = Unavailable desc = transport is closing
600	1652	0	1652	rpc error: code = Unavailable desc = transport is closing
600	1707	0	1707	rpc error: code = Unavailable desc = transport is closing
600	10294	0	10294	rpc error: code = Unavailable desc = transport is closing
600	1653	0	1653	rpc error: code = Unavailable desc = transport is closing
600	559	0	559	rpc error: code = Unavailable desc = transport is closing
600	617	0	617	rpc error: code = Unavailable desc = transport is closing
600	1565	0	1565	rpc error: code = Unavailable desc = transport is closing
600	1486	0	1486	rpc error: code = Unavailable desc = transport is closing
600	1642	0	1642	rpc error: code = Unavailable desc = transport is closing
600	2614	0	2614	rpc error: code = Unavailable desc = transport is closing
600	612	0	612	rpc error: code = Unavailable desc = transport is closing
600	1620	0	1620	rpc error: code = Unavailable desc = transport is closing
600	600	0	600	rpc error: code = Unavailable desc = transport is closing
600	671	0	671	rpc error: code = Unavailable desc = transport is closing
600	3240	0	3240	rpc error: code = Unavailable desc = transport is closing
600	1646	0	1646	rpc error: code = Unavailable desc = transport is closing
600	1620	0	1620	rpc error: code = Unavailable desc = transport is closing
600	568	0	568	rpc error: code = Unavailable desc = transport is closing
600	674	0	674	rpc error: code = Unavailable desc = transport is closing
600	640	0	640	rpc error: code = Unavailable desc = transport is closing
600	1641	0	1641	rpc error: code = Unavailable desc = transport is closing
600	682	0	682	rpc error: code = Unavailable desc = transport is closing
600	1674	0	1674	rpc error: code = Unavailable desc = transport is closing
600	633	0	633	rpc error: code = Unavailable desc = transport is closing
600	641	0	641	rpc error: code = Unavailable desc = transport is closing
600	670	0	670	rpc error: code = Unavailable desc = transport is closing
600	617	0	617	rpc error: code = Unavailable desc = transport is closing
600	641	0	641	rpc error: code = Unavailable desc = transport is closing
600	1495	0	1495	rpc error: code = Unavailable desc = transport is closing
600	590	0	590	rpc error: code = Unavailable desc = transport is closing
600	1704	0	1704	rpc error: code = Unavailable desc = transport is closing
600	596	0	596	rpc error: code = Unavailable desc = transport is closing
600	680	0	680	rpc error: code = Unavailable desc = transport is closing
600	1496	0	1496	rpc error: code = Unavailable desc = transport is closing
600	1496	0	1496	rpc error: code = Unavailable desc = transport is closing
600	618	0	618	rpc error: code = Unavailable desc = transport is closing
600	15971	0	15971	rpc error: code = Unavailable desc = transport is closing
600	1578	0	1578	rpc error: code = Unavailable desc = transport is closing
600	728	0	728	rpc error: code = Unavailable desc = transport is closing
600	1567	0	1567	rpc error: code = Unavailable desc = transport is closing
600	678	0	678	rpc error: code = Unavailable desc = transport is closing
600	4114	0	4114	rpc error: code = Unavailable desc = transport is closing
600	616	0	616	rpc error: code = Unavailable desc = transport is closing
600	4201	0	4201	rpc error: code = Unavailable desc = transport is closing
600	1571	0	1571	rpc error: code = Unavailable desc = transport is closing
600	667	0	667	rpc error: code = Unavailable desc = transport is closing
600	1709	0	1709	rpc error: code = Unavailable desc = transport is closing
600	2438	0	2438	rpc error: code = Unavailable desc = transport is closing
600	70374	0	70374	rpc error: code = Unavailable desc = transport is closing
600	1487	0	1487	rpc error: code = Unavailable desc = transport is closing
600	1572	0	1572	rpc error: code = Unavailable desc = transport is closing
600	1611	0	1611	rpc error: code = Unavailable desc = transport is closing
600	649	0	649	rpc error: code = Unavailable desc = transport is closing
600	2630	0	2630	rpc error: code = Unavailable desc = transport is closing
600	2612	0	2612	rpc error: code = Unavailable desc = transport is closing
600	1485	0	1485	rpc error: code = Unavailable desc = transport is closing
600	629	0	629	rpc error: code = Unavailable desc = transport is closing
600	645	0	645	rpc error: code = Unavailable desc = transport is closing
600	1533	0	1533	rpc error: code = Unavailable desc = transport is closing
600	18770	0	18770	rpc error: code = Unavailable desc = transport is closing
600	669	0	669	rpc error: code = Unavailable desc = transport is closing
600	1708	0	1708	rpc error: code = Unavailable desc = transport is closing
600	1572	0	1572	rpc error: code = Unavailable desc = transport is closing
600	1490	0	1490	rpc error: code = Unavailable desc = transport is closing
600	1522	0	1522	rpc error: code = Unavailable desc = transport is closing
600	2629	0	2629	rpc error: code = Unavailable desc = transport is closing
600	1608	0	1608	rpc error: code = Unavailable desc = transport is closing
600	1532	0	1532	rpc error: code = Unavailable desc = transport is closing
600	515	0	515	rpc error: code = Unavailable desc = transport is closing
600	1549	0	1549	rpc error: code = Unavailable desc = transport is closing
600	645	0	645	rpc error: code = Unavailable desc = transport is closing
600	569	0	569	rpc error: code = Unavailable desc = transport is closing
600	682	0	682	rpc error: code = Unavailable desc = transport is closing
600	1566	0	1566	rpc error: code = Unavailable desc = transport is closing
600	668	0	668	rpc error: code = Unavailable desc = transport is closing
600	1492	0	1492	rpc error: code = Unavailable desc = transport is closing
600	1486	0	1486	rpc error: code = Unavailable desc = transport is closing
600	1571	0	1571	rpc error: code = Unavailable desc = transport is closing
600	2615	0	2615	rpc error: code = Unavailable desc = transport is closing
600	1168	134	1302	<nil>
600	1172	148	1320	<nil>
600	3585	147	3732	<nil>
600	1579	147	1726	<nil>
600	1172	147	1319	<nil>
600	1176	147	1323	<nil>
600	1527	136	1663	<nil>
600	1125	135	1260	<nil>
600	1581	136	1717	<nil>
600	1246	116	1362	<nil>
600	1125	136	1261	<nil>
600	1110	116	1226	<nil>
600	1162	45	1207	<nil>
600	2381	136	2517	<nil>
600	1529	135	1664	<nil>
600	1581	136	1717	<nil>
600	4210	136	4346	<nil>
600	1562	147	1709	<nil>
600	1592	136	1728	<nil>
600	1109	117	1226	<nil>
600	1589	133	1722	<nil>
600	1224	96	1320	<nil>
600	1190	32	1222	<nil>
600	1250	118	1368	<nil>
600	1187	31	1218	<nil>
600	1250	118	1368	<nil>
600	1190	32	1222	<nil>
600	1162	32	1194	<nil>
600	1251	118	1369	<nil>
600	1471	134	1605	<nil>
600	19303	32	19335	<nil>
600	1191	30	1221	<nil>
600	1189	32	1221	<nil>
600	1188	46	1234	<nil>
600	1578	132	1710	<nil>
600	1178	43	1221	<nil>
600	1189	48	1237	<nil>
600	1179	47	1226	<nil>
600	185	42	227	<nil>
600	184	43	227	<nil>
600	185	42	227	<nil>
600	185	42	227	<nil>
600	1178	48	1226	<nil>
600	1162	48	1210	<nil>
600	184	43	227	<nil>
600	1162	48	1210	<nil>
600	178	27	205	<nil>
600	193	46	239	<nil>
600	199	43	242	<nil>
600	204	43	247	<nil>
600	200	48	248	<nil>
600	205	43	248	<nil>
600	202	44	246	<nil>
600	198	45	243	<nil>
600	186	52	238	<nil>
600	199	44	243	<nil>
600	191	52	243	<nil>
600	195	77	272	<nil>
600	201	70	271	<nil>
600	216	60	276	<nil>
600	195	81	276	<nil>
600	197	81	278	<nil>
600	217	60	277	<nil>
600	198	78	276	<nil>
600	195	79	274	<nil>
600	199	77	276	<nil>
600	198	79	277	<nil>
600	4315	64	4379	<nil>
600	216	61	277	<nil>
600	215	62	277	<nil>
600	219	59	278	<nil>
600	221	62	283	<nil>
600	197	77	274	<nil>
600	221	61	282	<nil>
600	197	77	274	<nil>
600	193	85	278	<nil>
600	172	107	279	<nil>
600	199	78	277	<nil>
600	201	77	278	<nil>
600	2673	60	2733	<nil>
600	201	82	283	<nil>
600	216	61	277	<nil>
600	197	81	278	<nil>
600	208	69	277	<nil>
600	193	146	339	<nil>
600	196	143	339	<nil>
600	196	145	341	<nil>
600	213	127	340	<nil>
600	223	120	343	<nil>
600	213	128	341	<nil>
600	212	126	338	<nil>
600	196	145	341	<nil>
600	193	148	341	<nil>
600	199	141	340	<nil>
600	198	142	340	<nil>
600	196	145	341	<nil>
600	194	153	347	<nil>
600	214	134	348	<nil>
600	213	133	346	<nil>
600	194	192	386	<nil>
600	3000	198	3198	<nil>
600	197	191	388	<nil>
600	193	196	389	<nil>
600	208	184	392	<nil>
600	199	196	395	<nil>
600	208	185	393	<nil>
600	10235	163	10398	<nil>
600	215	178	393	<nil>
600	10208	176	10384	<nil>
600	321	77	398	<nil>
600	168	79	247	<nil>
600	119	127	246	<nil>
600	160	86	246	<nil>
600	120	127	247	<nil>
600	94	161	255	<nil>
600	2854	14	2868	<nil>
600	104	67	171	<nil>
600	106	162	268	<nil>
600	160	100	260	<nil>
600	169	78	247	<nil>
600	169	78	247	<nil>
600	88	160	248	<nil>
600	130	7	137	<nil>
600	2760	7	2767	<nil>
600	102	20	122	<nil>
600	106	162	268	<nil>
600	106	162	268	<nil>
600	118	129	247	<nil>
600	119	127	246	<nil>
600	168	80	248	<nil>
600	9643	9	9652	<nil>
600	110	163	273	<nil>
600	109	163	272	<nil>
600	119	127	246	<nil>
600	107	164	271	<nil>
600	172	80	252	<nil>
600	108	163	271	<nil>
600	115	9	124	<nil>
600	134	7	141	<nil>
600	169	80	249	<nil>
600	160	89	249	<nil>
600	117	15	132	<nil>
600	184	63	247	<nil>
600	65	11	76	<nil>
600	2868	9	2877	<nil>
600	104	66	170	<nil>
600	10194	17	10211	<nil>
600	119	23	142	<nil>
600	103	67	170	<nil>
600	120	21	141	<nil>
600	2865	12	2877	<nil>
600	104	67	171	<nil>
600	55	12	67	<nil>
600	168	91	259	<nil>
600	186	72	258	<nil>
600	2708	73	2781	<nil>
600	117	22	139	<nil>
600	127	44	171	<nil>
600	2847	22	2869	<nil>
600	141	75	216	<nil>
600	2849	75	2924	<nil>
600	2948	15	2963	<nil>
600	105	67	172	<nil>
600	178	76	254	<nil>
600	2796	73	2869	<nil>
600	4797	101	4898	<nil>
600	144	75	219	<nil>
600	159	100	259	<nil>
600	10338	67	10405	<nil>
600	2678	100	2778	<nil>
600	159	100	259	<nil>
600	137	127	264	<nil>
600	168	79	247	<nil>
600	198	224	422	<nil>
600	131	73	204	<nil>
600	117	18	135	<nil>
600	115	6	121	<nil>
600	102	19	121	<nil>
600	120	19	139	<nil>
600	116	6	122	<nil>
600	116	130	246	<nil>
600	119	128	247	<nil>
600	103	19	122	<nil>
600	27820	88	27908	<nil>
600	56	7	63	<nil>
600	64	8	72	<nil>
600	108	162	270	<nil>
600	105	10	115	<nil>
600	119	21	140	<nil>
600	64	9	73	<nil>
600	130	9	139	<nil>
600	129	10	139	<nil>
600	160	88	248	<nil>
600	86	161	247	<nil>
600	118	22	140	<nil>
600	63	11	74	<nil>
600	44	10	54	<nil>
600	2803	66	2869	<nil>
600	67	10	77	<nil>
600	60	13	73	<nil>
600	129	12	141	<nil>
600	116	56	172	<nil>
600	117	23	140	<nil>
600	53	12	65	<nil>
600	145	23	168	<nil>
600	104	67	171	<nil>
600	117	19	136	<nil>
600	120	2	122	<nil>
600	81	3	84	<nil>
600	173	14	187	<nil>
600	187	16	203	<nil>
600	214	14	228	<nil>
600	180	14	194	<nil>
600	185	15	200	<nil>
600	214	25	239	<nil>
600	3059	29	3088	<nil>
600	217	22	239	<nil>
600	3069	22	3091	<nil>
600	206	16	222	<nil>
600	207	19	226	<nil>
600	208	27	235	<nil>
600	203	19	222	<nil>
600	180	26	206	<nil>
600	211	21	232	<nil>
600	207	18	225	<nil>
600	214	28	242	<nil>
600	188	17	205	<nil>
600	190	23	213	<nil>
600	196	11	207	<nil>
600	216	31	247	<nil>
600	194	22	216	<nil>
600	187	42	229	<nil>
600	208	16	224	<nil>
600	201	20	221	<nil>
600	203	16	219	<nil>
600	195	36	231	<nil>
600	210	12	222	<nil>
600	180	43	223	<nil>
600	226	2	228	<nil>
600	209	13	222	<nil>
600	212	16	228	<nil>
600	203	17	220	<nil>
600	197	33	230	<nil>
600	16661	18	16679	<nil>
600	205	45	250	<nil>
600	210	18	228	<nil>
600	233	22	255	<nil>
600	204	18	222	<nil>
600	210	18	228	<nil>
600	3086	18	3104	<nil>
600	207	18	225	<nil>
600	227	0	227	<nil>
600	195	27	222	<nil>
600	209	21	230	<nil>
600	197	36	233	<nil>
600	188	29	217	<nil>
600	204	28	232	<nil>
600	3087	21	3108	<nil>
600	211	18	229	<nil>
600	197	20	217	<nil>
600	190	20	210	<nil>
600	213	22	235	<nil>
600	204	23	227	<nil>
600	203	26	229	<nil>
600	205	24	229	<nil>
600	3086	24	3110	<nil>
600	202	24	226	<nil>
600	204	41	245	<nil>
600	230	25	255	<nil>
600	209	62	271	<nil>
600	207	64	271	<nil>
600	230	50	280	<nil>
600	201	167	368	<nil>
600	204	164	368	<nil>
600	204	188	392	<nil>
600	212	185	397	<nil>
600	210	191	401	<nil>
600	223	182	405	<nil>
600	14	182	196	<nil>
600	225	179	404	<nil>
600	221	180	401	<nil>
600	223	178	401	<nil>
600	223	178	401	<nil>
600	230	174	404	<nil>
600	203	198	401	<nil>
600	212	191	403	<nil>
600	225	175	400	<nil>
600	227	173	400	<nil>
600	202	12	214	<nil>
600	223	178	401	<nil>
600	220	178	398	<nil>
600	226	176	402	<nil>
600	222	176	398	<nil>
600	205	12	217	<nil>
600	204	13	217	<nil>
600	221	179	400	<nil>
600	223	182	405	<nil>
600	212	186	398	<nil>
600	34	172	206	<nil>
600	31	174	205	<nil>
600	223	177	400	<nil>
600	230	168	398	<nil>
600	226	175	401	<nil>
600	162	18	180	<nil>
600	182	18	200	<nil>
600	387	21	408	<nil>
600	149	36	185	<nil>
600	21	178	199	<nil>
600	3102	178	3280	<nil>
600	227	178	405	<nil>
600	174	23	197	<nil>
600	170	24	194	<nil>
600	26030	31	26061	<nil>
600	218	231	449	<nil>
600	169	23	192	<nil>
600	201	9	210	<nil>
600	177	23	200	<nil>
600	202	10	212	<nil>
600	201	12	213	<nil>
600	204	8	212	<nil>
600	203	9	212	<nil>
600	208	191	399	<nil>
600	199	15	214	<nil>
600	202	12	214	<nil>
600	202	14	216	<nil>
600	201	15	216	<nil>
600	225	174	399	<nil>
600	201	17	218	<nil>
600	208	193	401	<nil>
600	204	15	219	<nil>
600	204	15	219	<nil>
600	206	13	219	<nil>
600	206	14	220	<nil>
600	204	16	220	<nil>
600	205	16	221	<nil>
600	205	16	221	<nil>
600	205	16	221	<nil>
600	203	17	220	<nil>
600	199	11	210	<nil>
600	210	36	246	<nil>
600	202	26	228	<nil>
600	199	27	226	<nil>
600	202	27	229	<nil>
600	228	7	235	<nil>
600	185	1	186	<nil>
600	226	3	229	<nil>
600	228	6	234	<nil>
600	227	7	234	<nil>
600	51	17	68	<nil>
600	215	19	234	<nil>
600	10441	31	10472	<nil>
600	108	24	132	<nil>
600	212	23	235	<nil>
600	63	29	92	<nil>
600	210	26	236	<nil>
600	14932	27	14959	<nil>
600	223	11	234	<nil>
600	214	21	235	<nil>
600	42	16	58	<nil>
600	212	22	234	<nil>
600	209	22	231	<nil>
600	202	33	235	<nil>
600	209	23	232	<nil>
600	205	30	235	<nil>
600	40	16	56	<nil>
600	205	31	236	<nil>
600	216	18	234	<nil>
600	28369	30	28399	<nil>
600	235	576	811	<nil>
600	702	115	817	<nil>
600	698	121	819	<nil>
600	2362	0	2362	rpc error: code = Unavailable desc = transport is closing
600	1590	0	1590	rpc error: code = Unavailable desc = transport is closing
600	18871	0	18871	rpc error: code = Unavailable desc = transport is closing
600	1179	0	1179	rpc error: code = Unavailable desc = transport is closing
600	1462	0	1462	rpc error: code = Unavailable desc = transport is closing
600	1164	0	1164	rpc error: code = Unavailable desc = transport is closing
600	1163	0	1163	rpc error: code = Unavailable desc = transport is closing
600	1178	0	1178	rpc error: code = Unavailable desc = transport is closing
600	1459	0	1459	rpc error: code = Unavailable desc = transport is closing
600	1178	0	1178	rpc error: code = Unavailable desc = transport is closing
600	719	113	832	<nil>
600	184	0	184	rpc error: code = Unavailable desc = transport is closing
600	185	0	185	rpc error: code = Unavailable desc = transport is closing
600	185	0	185	rpc error: code = Unavailable desc = transport is closing
600	66074	0	66074	rpc error: code = Unavailable desc = transport is closing
600	1603	0	1603	rpc error: code = Unavailable desc = transport is closing
600	2443	0	2443	rpc error: code = Unavailable desc = transport is closing
600	6253	0	6253	rpc error: code = Unavailable desc = transport is closing
600	9927	0	9927	rpc error: code = Unavailable desc = transport is closing
600	1159	0	1159	rpc error: code = Unavailable desc = transport is closing
600	9914	0	9914	rpc error: code = Unavailable desc = transport is closing
600	1514	0	1514	rpc error: code = Unavailable desc = transport is closing
600	1138	0	1138	rpc error: code = Unavailable desc = transport is closing
600	1494	0	1494	rpc error: code = Unavailable desc = transport is closing
600	1126	0	1126	rpc error: code = Unavailable desc = transport is closing
600	2438	0	2438	rpc error: code = Unavailable desc = transport is closing
600	2618	0	2618	rpc error: code = Unavailable desc = transport is closing
600	1158	0	1158	rpc error: code = Unavailable desc = transport is closing
600	582	55	637	<nil>
600	1166	0	1166	rpc error: code = Unavailable desc = transport is closing
600	1493	0	1493	rpc error: code = Unavailable desc = transport is closing
600	12364	0	12364	rpc error: code = Unavailable desc = transport is closing
600	1586	0	1586	rpc error: code = Unavailable desc = transport is closing
600	6066	0	6066	rpc error: code = Unavailable desc = transport is closing
600	1503	0	1503	rpc error: code = Unavailable desc = transport is closing
600	1440	0	1440	rpc error: code = Unavailable desc = transport is closing
600	1659	0	1659	rpc error: code = Unavailable desc = transport is closing
600	1514	0	1514	rpc error: code = Unavailable desc = transport is closing
600	1530	0	1530	rpc error: code = Unavailable desc = transport is closing
600	1574	0	1574	rpc error: code = Unavailable desc = transport is closing
600	1449	0	1449	rpc error: code = Unavailable desc = transport is closing
600	1126	0	1126	rpc error: code = Unavailable desc = transport is closing
600	1456	0	1456	rpc error: code = Unavailable desc = transport is closing
600	1581	0	1581	rpc error: code = Unavailable desc = transport is closing
600	1126	0	1126	rpc error: code = Unavailable desc = transport is closing
600	1510	0	1510	rpc error: code = Unavailable desc = transport is closing
600	627	50	677	<nil>
600	1568	0	1568	rpc error: code = Unavailable desc = transport is closing
600	2643	0	2643	rpc error: code = Unavailable desc = transport is closing
600	1124	0	1124	rpc error: code = Unavailable desc = transport is closing
600	1252	0	1252	rpc error: code = Unavailable desc = transport is closing
600	1161	0	1161	rpc error: code = Unavailable desc = transport is closing
600	1593	0	1593	rpc error: code = Unavailable desc = transport is closing
600	1252	0	1252	rpc error: code = Unavailable desc = transport is closing
600	9983	0	9983	rpc error: code = Unavailable desc = transport is closing
600	640	46	686	<nil>
600	2371	0	2371	rpc error: code = Unavailable desc = transport is closing
600	1596	0	1596	rpc error: code = Unavailable desc = transport is closing
600	4114	0	4114	rpc error: code = Unavailable desc = transport is closing
600	1171	0	1171	rpc error: code = Unavailable desc = transport is closing
600	1515	0	1515	rpc error: code = Unavailable desc = transport is closing
600	1140	0	1140	rpc error: code = Unavailable desc = transport is closing
600	1126	0	1126	rpc error: code = Unavailable desc = transport is closing
600	1163	0	1163	rpc error: code = Unavailable desc = transport is closing
600	1129	0	1129	rpc error: code = Unavailable desc = transport is closing
600	2630	0	2630	rpc error: code = Unavailable desc = transport is closing
600	27345	0	27345	rpc error: code = Unavailable desc = transport is closing
600	1174	0	1174	rpc error: code = Unavailable desc = transport is closing
600	1135	0	1135	rpc error: code = Unavailable desc = transport is closing
600	3583	0	3583	rpc error: code = Unavailable desc = transport is closing
600	2638	0	2638	rpc error: code = Unavailable desc = transport is closing
600	10817	0	10817	rpc error: code = Unavailable desc = transport is closing
600	2643	0	2643	rpc error: code = Unavailable desc = transport is closing
600	1504	0	1504	rpc error: code = Unavailable desc = transport is closing
600	1126	0	1126	rpc error: code = Unavailable desc = transport is closing
600	1514	0	1514	rpc error: code = Unavailable desc = transport is closing
600	1389	0	1389	rpc error: code = Unavailable desc = transport is closing
600	1510	0	1510	rpc error: code = Unavailable desc = transport is closing
600	2633	0	2633	rpc error: code = Unavailable desc = transport is closing
600	1575	0	1575	rpc error: code = Unavailable desc = transport is closing
600	1452	0	1452	rpc error: code = Unavailable desc = transport is closing
600	1574	0	1574	rpc error: code = Unavailable desc = transport is closing
600	1498	0	1498	rpc error: code = Unavailable desc = transport is closing
600	1503	0	1503	rpc error: code = Unavailable desc = transport is closing
600	1154	0	1154	rpc error: code = Unavailable desc = transport is closing
600	1573	0	1573	rpc error: code = Unavailable desc = transport is closing
600	4244	0	4244	rpc error: code = Unavailable desc = transport is closing
600	633	45	678	<nil>
600	667	47	714	<nil>
600	1586	0	1586	rpc error: code = Unavailable desc = transport is closing
600	637	41	678	<nil>
600	637	41	678	<nil>
600	1587	0	1587	rpc error: code = Unavailable desc = transport is closing
600	1379	0	1379	rpc error: code = Unavailable desc = transport is closing
600	667	78	745	<nil>
600	1579	0	1579	rpc error: code = Unavailable desc = transport is closing
600	1583	0	1583	rpc error: code = Unavailable desc = transport is closing
600	1455	0	1455	rpc error: code = Unavailable desc = transport is closing
600	1516	0	1516	rpc error: code = Unavailable desc = transport is closing
600	6226	0	6226	rpc error: code = Unavailable desc = transport is closing
600	10051	0	10051	rpc error: code = Unavailable desc = transport is closing
600	1170	0	1170	rpc error: code = Unavailable desc = transport is closing
600	663	47	710	<nil>
600	1574	0	1574	rpc error: code = Unavailable desc = transport is closing
600	1575	0	1575	rpc error: code = Unavailable desc = transport is closing
600	640	47	687	<nil>
600	1579	0	1579	rpc error: code = Unavailable desc = transport is closing
600	1467	0	1467	rpc error: code = Unavailable desc = transport is closing
600	1516	0	1516	rpc error: code = Unavailable desc = transport is closing
600	1579	0	1579	rpc error: code = Unavailable desc = transport is closing
600	597	77	674	<nil>
600	7283	0	7283	rpc error: code = Unavailable desc = transport is closing
600	1592	0	1592	rpc error: code = Unavailable desc = transport is closing
600	1573	0	1573	rpc error: code = Unavailable desc = transport is closing
600	675	48	723	<nil>
600	190	0	190	rpc error: code = Unavailable desc = transport is closing
600	1581	0	1581	rpc error: code = Unavailable desc = transport is closing
600	603	77	680	<nil>
600	1575	0	1575	rpc error: code = Unavailable desc = transport is closing
600	644	43	687	<nil>
600	1459	0	1459	rpc error: code = Unavailable desc = transport is closing
600	1467	0	1467	rpc error: code = Unavailable desc = transport is closing
600	193	0	193	rpc error: code = Unavailable desc = transport is closing
600	630	54	684	<nil>
600	187	0	187	rpc error: code = Unavailable desc = transport is closing
600	190	0	190	rpc error: code = Unavailable desc = transport is closing
600	1587	0	1587	rpc error: code = Unavailable desc = transport is closing
600	4179	0	4179	rpc error: code = Unavailable desc = transport is closing
600	637	47	684	<nil>
600	203	0	203	rpc error: code = Unavailable desc = transport is closing
600	652	47	699	<nil>
600	641	47	688	<nil>
600	1460	0	1460	rpc error: code = Unavailable desc = transport is closing
600	645	47	692	<nil>
600	1129	0	1129	rpc error: code = Unavailable desc = transport is closing
600	638	47	685	<nil>
600	645	44	689	<nil>
600	645	47	692	<nil>
600	645	47	692	<nil>
600	661	47	708	<nil>
600	643	46	689	<nil>
600	637	53	690	<nil>
600	670	49	719	<nil>
600	639	50	689	<nil>
600	683	49	732	<nil>
600	1170	0	1170	rpc error: code = Unavailable desc = transport is closing
600	646	52	698	<nil>
600	645	52	697	<nil>
600	1504	0	1504	rpc error: code = Unavailable desc = transport is closing
600	189	0	189	rpc error: code = Unavailable desc = transport is closing
600	2546	0	2546	rpc error: code = Unavailable desc = transport is closing
600	639	134	773	<nil>
600	640	203	843	<nil>
600	1179	0	1179	rpc error: code = Unavailable desc = transport is closing
600	1171	0	1171	rpc error: code = Unavailable desc = transport is closing
600	3088	0	3088	rpc error: code = Unavailable desc = transport is closing
600	195	0	195	rpc error: code = Unavailable desc = transport is closing
600	628	116	744	<nil>
600	10096	0	10096	rpc error: code = Unavailable desc = transport is closing
600	202	0	202	rpc error: code = Unavailable desc = transport is closing
600	639	117	756	<nil>
600	629	117	746	<nil>
600	208	0	208	rpc error: code = Unavailable desc = transport is closing
600	643	297	940	<nil>
600	634	297	931	<nil>
600	681	258	939	<nil>
600	224	0	224	rpc error: code = Unavailable desc = transport is closing
600	211	0	211	rpc error: code = Unavailable desc = transport is closing
600	6187	258	6445	<nil>
600	683	257	940	<nil>
600	678	267	945	<nil>
600	3894	0	3894	rpc error: code = Unavailable desc = transport is closing
600	671	268	939	<nil>
600	640	301	941	<nil>
600	687	259	946	<nil>
600	670	316	986	<nil>
600	671	268	939	<nil>
600	227	0	227	rpc error: code = Unavailable desc = transport is closing
600	207	0	207	rpc error: code = Unavailable desc = transport is closing
600	223	0	223	rpc error: code = Unavailable desc = transport is closing
600	3141	338	3479	<nil>
600	2778	356	3134	<nil>
600	671	360	1031	<nil>
600	671	361	1032	<nil>
600	671	361	1032	<nil>
600	669	362	1031	<nil>
600	670	363	1033	<nil>
600	670	398	1068	<nil>
600	672	416	1088	<nil>
600	680	407	1087	<nil>
600	2792	406	3198	<nil>
600	671	416	1087	<nil>
600	680	407	1087	<nil>
600	5546	417	5963	<nil>
600	1401	405	1806	<nil>
600	671	416	1087	<nil>
600	3018	418	3436	<nil>
600	3030	407	3437	<nil>
600	1264	407	1671	<nil>
600	1389	420	1809	<nil>
600	14476	420	14896	<nil>
600	1397	412	1809	<nil>
600	26293	420	26713	<nil>
600	671	420	1091	<nil>
600	1403	426	1829	<nil>
600	671	470	1141	<nil>
600	3454	460	3914	<nil>
600	3081	473	3554	<nil>
600	670	473	1143	<nil>
600	3078	464	3542	<nil>
600	9108	450	9558	<nil>
600	669	451	1120	<nil>
600	29053	475	29528	<nil>
600	1194	473	1667	<nil>
600	2675	475	3150	<nil>
600	682	462	1144	<nil>
600	3143	464	3607	<nil>
600	3437	463	3900	<nil>
600	26313	452	26765	<nil>
600	9781	447	10228	<nil>
600	3033	451	3484	<nil>
600	108	403	511	<nil>
600	3488	349	3837	<nil>
600	3262	339	3601	<nil>
600	3596	424	4020	<nil>
600	3504	430	3934	<nil>
600	95	413	508	<nil>
600	229	322	551	<nil>
600	149	347	496	<nil>
600	140	413	553	<nil>
600	161	392	553	<nil>
600	107	401	508	<nil>
600	212	340	552	<nil>
600	104	457	561	<nil>
600	234	261	495	<nil>
600	3033	457	3490	<nil>
600	199	295	494	<nil>
600	3456	480	3936	<nil>
600	278	215	493	<nil>
600	2724	430	3154	<nil>
600	3552	463	4015	<nil>
600	342	226	568	<nil>
600	200	0	200	rpc error: code = Unavailable desc = transport is closing
600	3346	167	3513	<nil>
600	268	226	494	<nil>
600	10265	0	10265	rpc error: code = Unavailable desc = transport is closing
600	342	226	568	<nil>
600	189	0	189	rpc error: code = Unavailable desc = transport is closing
600	393	176	569	<nil>
600	396	180	576	<nil>
600	282	227	509	<nil>
600	328	183	511	<nil>
600	194	0	194	rpc error: code = Unavailable desc = transport is closing
600	328	183	511	<nil>
600	3348	183	3531	<nil>
600	202	0	202	rpc error: code = Unavailable desc = transport is closing
600	402	185	587	<nil>
600	199	0	199	rpc error: code = Unavailable desc = transport is closing
600	190	0	190	rpc error: code = Unavailable desc = transport is closing
600	328	183	511	<nil>
600	321	0	321	rpc error: code = Unavailable desc = transport is closing
600	3769	0	3769	rpc error: code = Unavailable desc = transport is closing
600	343	184	527	<nil>
600	306	0	306	rpc error: code = Unavailable desc = transport is closing
600	306	220	526	<nil>
600	200	0	200	rpc error: code = Unavailable desc = transport is closing
600	399	169	568	<nil>
600	323	0	323	rpc error: code = Unavailable desc = transport is closing
600	3797	0	3797	rpc error: code = Unavailable desc = transport is closing
600	3360	0	3360	rpc error: code = Unavailable desc = transport is closing
600	328	0	328	rpc error: code = Unavailable desc = transport is closing
600	355	0	355	rpc error: code = Unavailable desc = transport is closing
600	3488	0	3488	rpc error: code = Unavailable desc = transport is closing
600	328	0	328	rpc error: code = Unavailable desc = transport is closing
600	214	0	214	rpc error: code = Unavailable desc = transport is closing
600	206	0	206	rpc error: code = Unavailable desc = transport is closing
600	207	0	207	rpc error: code = Unavailable desc = transport is closing
600	215	0	215	rpc error: code = Unavailable desc = transport is closing
600	9440	0	9440	rpc error: code = Unavailable desc = transport is closing
600	350	0	350	rpc error: code = Unavailable desc = transport is closing
600	209	0	209	rpc error: code = Unavailable desc = transport is closing
600	216	0	216	rpc error: code = Unavailable desc = transport is closing
600	213	0	213	rpc error: code = Unavailable desc = transport is closing
600	207	0	207	rpc error: code = Unavailable desc = transport is closing
600	9782	0	9782	rpc error: code = Unavailable desc = transport is closing
600	325	0	325	rpc error: code = Unavailable desc = transport is closing
600	324	0	324	rpc error: code = Unavailable desc = transport is closing
600	198	0	198	rpc error: code = Unavailable desc = transport is closing
600	3365	0	3365	rpc error: code = Unavailable desc = transport is closing
600	196	0	196	rpc error: code = Unavailable desc = transport is closing
600	214	0	214	rpc error: code = Unavailable desc = transport is closing
600	285	0	285	rpc error: code = Unavailable desc = transport is closing
600	196	0	196	rpc error: code = Unavailable desc = transport is closing
600	330	0	330	rpc error: code = Unavailable desc = transport is closing
600	212	0	212	rpc error: code = Unavailable desc = transport is closing
600	308	0	308	rpc error: code = Unavailable desc = transport is closing
600	342	0	342	rpc error: code = Unavailable desc = transport is closing
600	355	0	355	rpc error: code = Unavailable desc = transport is closing
600	350	0	350	rpc error: code = Unavailable desc = transport is closing
600	342	0	342	rpc error: code = Unavailable desc = transport is closing
600	5534	0	5534	rpc error: code = Unavailable desc = transport is closing
600	363	0	363	rpc error: code = Unavailable desc = transport is closing
600	3489	277	3766	<nil>
600	3178	277	3455	<nil>
600	488	273	761	<nil>
600	3601	275	3876	<nil>
600	3822	273	4095	<nil>
600	3493	278	3771	<nil>
600	4015	281	4296	<nil>
600	446	278	724	<nil>
600	3928	282	4210	<nil>
600	3211	278	3489	<nil>
600	3913	280	4193	<nil>
600	3606	275	3881	<nil>
600	446	281	727	<nil>
600	450	278	728	<nil>
600	3350	278	3628	<nil>
600	3151	281	3432	<nil>
600	3918	277	4195	<nil>
600	46289	277	46566	<nil>
600	447	278	725	<nil>
600	4019	278	4297	<nil>
600	3915	278	4193	<nil>
600	3610	279	3889	<nil>
600	446	279	725	<nil>
600	446	753	1199	<nil>
600	446	753	1199	<nil>
600	389	723	1112	<nil>
600	469	730	1199	<nil>
600	3493	756	4249	<nil>
600	476	724	1200	<nil>
600	3521	729	4250	<nil>
600	3588	724	4312	<nil>
600	1286	733	2019	<nil>
600	479	722	1201	<nil>
600	478	722	1200	<nil>
600	475	725	1200	<nil>
600	3574	739	4313	<nil>
600	10180	717	10897	<nil>
600	3997	693	4690	<nil>
600	469	732	1201	<nil>
600	481	719	1200	<nil>
600	3528	722	4250	<nil>
600	477	723	1200	<nil>
600	480	721	1201	<nil>
600	466	734	1200	<nil>
600	1296	723	2019	<nil>
600	9820	722	10542	<nil>
600	9720	730	10450	<nil>
600	475	725	1200	<nil>
600	496	705	1201	<nil>
600	3520	734	4254	<nil>
600	3215	724	3939	<nil>
600	1314	715	2029	<nil>
600	478	725	1203	<nil>
600	475	729	1204	<nil>
600	474	729	1203	<nil>
600	3635	726	4361	<nil>
600	475	728	1203	<nil>
600	490	733	1223	<nil>
600	248	730	978	<nil>
600	300	685	985	<nil>
600	309	672	981	<nil>
600	365	624	989	<nil>
600	308	717	1025	<nil>
600	308	680	988	<nil>
600	389	649	1038	<nil>
600	378	662	1040	<nil>
600	380	659	1039	<nil>
600	388	651	1039	<nil>
600	608	663	1271	<nil>
600	313	731	1044	<nil>
600	378	662	1040	<nil>
600	391	649	1040	<nil>
600	340	699	1039	<nil>
600	377	689	1066	<nil>
600	324	699	1023	<nil>
600	379	661	1040	<nil>
600	383	657	1040	<nil>
600	478	795	1273	<nil>
600	374	700	1074	<nil>
600	462	657	1119	<nil>
600	390	649	1039	<nil>
600	478	794	1272	<nil>
600	478	794	1272	<nil>
600	379	661	1040	<nil>
600	384	661	1045	<nil>
600	380	660	1040	<nil>
600	298	742	1040	<nil>
600	571	665	1236	<nil>
600	390	649	1039	<nil>
600	380	660	1040	<nil>
600	1398	660	2058	<nil>
600	373	701	1074	<nil>
600	310	699	1009	<nil>
600	378	660	1038	<nil>
600	372	699	1071	<nil>
600	374	701	1075	<nil>
600	585	682	1267	<nil>
600	380	695	1075	<nil>
600	321	702	1023	<nil>
600	373	702	1075	<nil>
600	330	707	1037	<nil>
600	361	680	1041	<nil>
600	367	680	1047	<nil>
600	362	680	1042	<nil>
600	362	679	1041	<nil>
600	318	747	1065	<nil>
600	325	681	1006	<nil>
600	361	685	1046	<nil>
600	326	686	1012	<nil>
600	326	683	1009	<nil>
600	324	691	1015	<nil>
600	6008	697	6705	<nil>
600	326	697	1023	<nil>
600	328	697	1025	<nil>
600	328	698	1026	<nil>
600	327	699	1026	<nil>
600	333	704	1037	<nil>
600	310	705	1015	<nil>
600	311	704	1015	<nil>
600	333	704	1037	<nil>
600	334	705	1039	<nil>
600	27440	706	28146	<nil>
600	311	722	1033	<nil>
600	359	697	1056	<nil>
600	304	697	1001	<nil>
600	306	697	1003	<nil>
600	751	268	1019	<nil>
600	756	268	1024	<nil>
600	751	267	1018	<nil>
600	755	268	1023	<nil>
600	750	267	1017	<nil>
600	714	283	997	<nil>
600	714	285	999	<nil>
600	6380	285	6665	<nil>
600	714	286	1000	<nil>
600	714	287	1001	<nil>
600	753	285	1038	<nil>
600	717	286	1003	<nil>
600	753	285	1038	<nil>
600	810	228	1038	<nil>
600	810	228	1038	<nil>
600	724	285	1009	<nil>
600	722	287	1009	<nil>
600	758	269	1027	<nil>
600	766	217	983	<nil>
600	807	227	1034	<nil>
600	724	272	996	<nil>
600	751	287	1038	<nil>
600	753	288	1041	<nil>
600	734	273	1007	<nil>
600	766	231	997	<nil>
600	735	272	1007	<nil>
600	6442	230	6672	<nil>
600	811	231	1042	<nil>
600	777	253	1030	<nil>
600	771	220	991	<nil>
600	786	220	1006	<nil>
600	811	230	1041	<nil>
600	718	285	1003	<nil>
600	789	259	1048	<nil>
600	789	289	1078	<nil>
600	783	288	1071	<nil>
600	790	288	1078	<nil>
600	784	288	1072	<nil>
600	762	289	1051	<nil>
600	791	289	1080	<nil>
600	810	271	1081	<nil>
600	810	271	1081	<nil>
600	810	271	1081	<nil>
600	810	271	1081	<nil>
600	813	262	1075	<nil>
600	750	274	1024	<nil>
600	820	264	1084	<nil>
600	819	265	1084	<nil>
600	818	266	1084	<nil>
600	817	265	1082	<nil>
600	10507	267	10774	<nil>
600	734	295	1029	<nil>
600	5269	293	5562	<nil>
600	709	282	991	<nil>
600	703	289	992	<nil>
600	808	294	1102	<nil>
600	808	295	1103	<nil>
600	744	295	1039	<nil>
600	854	283	1137	<nil>
600	703	290	993	<nil>
600	842	294	1136	<nil>
600	842	263	1105	<nil>
600	902	258	1160	<nil>
600	739	261	1000	<nil>
600	740	258	998	<nil>
600	743	256	999	<nil>
600	747	252	999	<nil>
600	748	252	1000	<nil>
600	744	255	999	<nil>
600	761	253	1014	<nil>
600	748	252	1000	<nil>
600	738	259	997	<nil>
600	739	236	975	<nil>
600	748	255	1003	<nil>
600	770	233	1003	<nil>
600	770	232	1002	<nil>
600	885	263	1148	<nil>
600	770	233	1003	<nil>
600	727	255	982	<nil>
600	770	233	1003	<nil>
600	685	255	940	<nil>
600	682	255	937	<nil>
600	744	260	1004	<nil>
600	687	255	942	<nil>
600	748	255	1003	<nil>
600	744	261	1005	<nil>
600	749	255	1004	<nil>
600	752	255	1007	<nil>
600	767	236	1003	<nil>
600	6003	261	6264	<nil>
600	847	259	1106	<nil>
600	739	253	992	<nil>
600	748	255	1003	<nil>
600	722	200	922	<nil>
600	725	200	925	<nil>
600	724	199	923	<nil>
600	723	199	922	<nil>
600	726	198	924	<nil>
600	708	187	895	<nil>
600	27537	187	27724	<nil>
600	735	187	922	<nil>
600	736	187	923	<nil>
600	736	187	923	<nil>
600	739	185	924	<nil>
600	735	189	924	<nil>
600	732	185	917	<nil>
600	739	186	925	<nil>
600	739	186	925	<nil>
600	1570	188	1758	<nil>
600	263	188	451	<nil>
600	740	188	928	<nil>
600	737	196	933	<nil>
600	739	195	934	<nil>
600	739	190	929	<nil>
600	1383	52	1435	<nil>
600	306	158	464	<nil>
600	264	194	458	<nil>
600	740	195	935	<nil>
600	319	132	451	<nil>
600	357	64	421	<nil>
600	1351	49	1400	<nil>
600	2822	181	3003	<nil>
600	313	139	452	<nil>
600	186	22	208	<nil>
600	182	44	226	<nil>
600	1333	102	1435	<nil>
600	1220	51	1271	<nil>
600	327	125	452	<nil>
600	48865	33	48898	<nil>
600	351	108	459	<nil>
600	360	49	409	<nil>
600	1382	53	1435	<nil>
600	1382	54	1436	<nil>
600	226	54	280	<nil>
600	1382	53	1435	<nil>
600	355	103	458	<nil>
600	349	107	456	<nil>
600	333	124	457	<nil>
600	334	124	458	<nil>
600	349	107	456	<nil>
600	3214	58	3272	<nil>
600	271	177	448	<nil>
600	1333	103	1436	<nil>
600	311	153	464	<nil>
600	1335	102	1437	<nil>
600	304	153	457	<nil>
600	739	194	933	<nil>
600	317	142	459	<nil>
600	1335	103	1438	<nil>
600	280	190	470	<nil>
600	1334	102	1436	<nil>
600	15567	144	15711	<nil>
600	320	140	460	<nil>
600	1335	102	1437	<nil>
600	358	108	466	<nil>
600	265	205	470	<nil>
600	1382	57	1439	<nil>
600	333	125	458	<nil>
600	296	103	399	<nil>
600	345	114	459	<nil>
600	274	186	460	<nil>
600	1333	107	1440	<nil>
600	343	117	460	<nil>
600	280	193	473	<nil>
600	5476	142	5618	<nil>
600	739	191	930	<nil>
600	304	158	462	<nil>
600	266	209	475	<nil>
600	1383	60	1443	<nil>
600	1333	110	1443	<nil>
600	352	112	464	<nil>
600	316	58	374	<nil>
600	3215	48	3263	<nil>
600	1343	54	1397	<nil>
600	333	47	380	<nil>
600	302	54	356	<nil>
600	1333	54	1387	<nil>
600	2919	64	2983	<nil>
600	332	48	380	<nil>
600	1347	49	1396	<nil>
600	1338	48	1386	<nil>
600	334	48	382	<nil>
600	351	63	414	<nil>
600	365	48	413	<nil>
600	304	63	367	<nil>
600	326	56	382	<nil>
600	1338	49	1387	<nil>
600	333	49	382	<nil>
600	333	47	380	<nil>
600	5593	57	5650	<nil>
600	1345	56	1401	<nil>
600	1342	56	1398	<nil>
600	272	180	452	<nil>
600	335	119	454	<nil>
600	284	207	491	<nil>
600	202	46	248	<nil>
600	216	50	266	<nil>
600	197	46	243	<nil>
600	214	51	265	<nil>
600	183	43	226	<nil>
600	178	32	210	<nil>
600	182	44	226	<nil>
600	198	46	244	<nil>
600	227	52	279	<nil>
600	1383	52	1435	<nil>
600	3062	51	3113	<nil>
600	14179	52	14231	<nil>
600	197	46	243	<nil>
600	185	22	207	<nil>
600	234	53	287	<nil>
600	184	43	227	<nil>
600	174	22	196	<nil>
600	225	54	279	<nil>
600	2866	52	2918	<nil>
600	5672	56	5728	<nil>
600	25943	52	25995	<nil>
600	217	51	268	<nil>
600	258	57	315	<nil>
600	333	124	457	<nil>
600	349	107	456	<nil>
600	264	205	469	<nil>
600	2772	106	2878	<nil>
600	348	110	458	<nil>
600	2824	51	2875	<nil>
600	185	32	217	<nil>
600	174	48	222	<nil>
600	2911	34	2945	<nil>
600	108	167	275	<nil>
600	185	33	218	<nil>
600	183	156	339	<nil>
600	176	50	226	<nil>
600	119	153	272	<nil>
600	121	154	275	<nil>
600	184	172	356	<nil>
600	116	156	272	<nil>
600	110	167	277	<nil>
600	122	154	276	<nil>
600	198	148	346	<nil>
600	201	145	346	<nil>
600	185	152	337	<nil>
600	121	153	274	<nil>
600	119	151	270	<nil>
600	121	155	276	<nil>
600	174	173	347	<nil>
600	1203	153	1356	<nil>
600	118	153	271	<nil>
600	182	161	343	<nil>
600	199	172	371	<nil>
600	199	148	347	<nil>
600	2842	43	2885	<nil>
600	181	46	227	<nil>
600	187	151	338	<nil>
600	5723	151	5874	<nil>
600	122	152	274	<nil>
600	186	151	337	<nil>
600	114	161	275	<nil>
600	176	58	234	<nil>
600	184	154	338	<nil>
600	119	153	272	<nil>
600	122	154	276	<nil>
600	117	154	271	<nil>
600	178	0	178	rpc error: code = Unavailable desc = transport is closing
600	412	0	412	rpc error: code = Unavailable desc = transport is closing
600	412	0	412	rpc error: code = Unavailable desc = transport is closing
600	412	0	412	rpc error: code = Unavailable desc = transport is closing
600	184	0	184	rpc error: code = Unavailable desc = transport is closing
600	371	0	371	rpc error: code = Unavailable desc = transport is closing
600	412	0	412	rpc error: code = Unavailable desc = transport is closing
600	1186	0	1186	rpc error: code = Unavailable desc = transport is closing
600	374	0	374	rpc error: code = Unavailable desc = transport is closing
600	367	0	367	rpc error: code = Unavailable desc = transport is closing
600	373	0	373	rpc error: code = Unavailable desc = transport is closing
600	372	0	372	rpc error: code = Unavailable desc = transport is closing
600	372	0	372	rpc error: code = Unavailable desc = transport is closing
600	375	0	375	rpc error: code = Unavailable desc = transport is closing
600	371	0	371	rpc error: code = Unavailable desc = transport is closing
600	183	0	183	rpc error: code = Unavailable desc = transport is closing
600	445	0	445	rpc error: code = Unavailable desc = transport is closing
600	394	0	394	rpc error: code = Unavailable desc = transport is closing
600	373	0	373	rpc error: code = Unavailable desc = transport is closing
600	369	0	369	rpc error: code = Unavailable desc = transport is closing
600	429	0	429	rpc error: code = Unavailable desc = transport is closing
600	411	0	411	rpc error: code = Unavailable desc = transport is closing
600	411	0	411	rpc error: code = Unavailable desc = transport is closing
600	375	0	375	rpc error: code = Unavailable desc = transport is closing
600	364	0	364	rpc error: code = Unavailable desc = transport is closing
600	3523	0	3523	rpc error: code = Unavailable desc = transport is closing
600	430	0	430	rpc error: code = Unavailable desc = transport is closing
600	1380	78	1458	<nil>
600	16661	0	16661	rpc error: code = Unavailable desc = transport is closing
600	1401	139	1540	<nil>
600	380	0	380	rpc error: code = Unavailable desc = transport is closing
600	310	0	310	rpc error: code = Unavailable desc = transport is closing
600	332	0	332	rpc error: code = Unavailable desc = transport is closing
600	372	0	372	rpc error: code = Unavailable desc = transport is closing
600	312	0	312	rpc error: code = Unavailable desc = transport is closing
600	363	139	502	<nil>
600	3156	140	3296	<nil>
600	381	141	522	<nil>
600	314	0	314	rpc error: code = Unavailable desc = transport is closing
600	313	0	313	rpc error: code = Unavailable desc = transport is closing
600	315	0	315	rpc error: code = Unavailable desc = transport is closing
600	362	0	362	rpc error: code = Unavailable desc = transport is closing
600	349	0	349	rpc error: code = Unavailable desc = transport is closing
600	318	0	318	rpc error: code = Unavailable desc = transport is closing
600	317	0	317	rpc error: code = Unavailable desc = transport is closing
600	364	0	364	rpc error: code = Unavailable desc = transport is closing
600	376	0	376	rpc error: code = Unavailable desc = transport is closing
600	321	0	321	rpc error: code = Unavailable desc = transport is closing
600	318	0	318	rpc error: code = Unavailable desc = transport is closing
600	319	0	319	rpc error: code = Unavailable desc = transport is closing
600	395	0	395	rpc error: code = Unavailable desc = transport is closing
600	383	0	383	rpc error: code = Unavailable desc = transport is closing
600	322	0	322	rpc error: code = Unavailable desc = transport is closing
600	382	0	382	rpc error: code = Unavailable desc = transport is closing
600	4018	0	4018	rpc error: code = Unavailable desc = transport is closing
600	325	0	325	rpc error: code = Unavailable desc = transport is closing
600	377	0	377	rpc error: code = Unavailable desc = transport is closing
600	405	0	405	rpc error: code = Unavailable desc = transport is closing
600	404	0	404	rpc error: code = Unavailable desc = transport is closing
600	363	0	363	rpc error: code = Unavailable desc = transport is closing
600	355	0	355	rpc error: code = Unavailable desc = transport is closing
600	384	0	384	rpc error: code = Unavailable desc = transport is closing
600	349	0	349	rpc error: code = Unavailable desc = transport is closing
600	410	0	410	rpc error: code = Unavailable desc = transport is closing
600	1447	0	1447	rpc error: code = Unavailable desc = transport is closing
600	392	0	392	rpc error: code = Unavailable desc = transport is closing
600	399	0	399	rpc error: code = Unavailable desc = transport is closing
600	396	0	396	rpc error: code = Unavailable desc = transport is closing
600	345	0	345	rpc error: code = Unavailable desc = transport is closing
600	405	0	405	rpc error: code = Unavailable desc = transport is closing
600	345	0	345	rpc error: code = Unavailable desc = transport is closing
600	345	0	345	rpc error: code = Unavailable desc = transport is closing
600	344	0	344	rpc error: code = Unavailable desc = transport is closing
600	3199	0	3199	rpc error: code = Unavailable desc = transport is closing
600	411	0	411	rpc error: code = Unavailable desc = transport is closing
600	403	0	403	rpc error: code = Unavailable desc = transport is closing
600	343	0	343	rpc error: code = Unavailable desc = transport is closing
600	413	0	413	rpc error: code = Unavailable desc = transport is closing
600	353	0	353	rpc error: code = Unavailable desc = transport is closing
600	352	0	352	rpc error: code = Unavailable desc = transport is closing
600	404	0	404	rpc error: code = Unavailable desc = transport is closing
600	428	0	428	rpc error: code = Unavailable desc = transport is closing
600	426	0	426	rpc error: code = Unavailable desc = transport is closing
600	393	0	393	rpc error: code = Unavailable desc = transport is closing
600	419	0	419	rpc error: code = Unavailable desc = transport is closing
600	352	0	352	rpc error: code = Unavailable desc = transport is closing
600	428	0	428	rpc error: code = Unavailable desc = transport is closing
600	414	0	414	rpc error: code = Unavailable desc = transport is closing
600	400	0	400	rpc error: code = Unavailable desc = transport is closing
600	349	0	349	rpc error: code = Unavailable desc = transport is closing
600	375	0	375	rpc error: code = Unavailable desc = transport is closing
600	409	0	409	rpc error: code = Unavailable desc = transport is closing
600	349	0	349	rpc error: code = Unavailable desc = transport is closing
600	353	0	353	rpc error: code = Unavailable desc = transport is closing
600	408	0	408	rpc error: code = Unavailable desc = transport is closing
600	408	0	408	rpc error: code = Unavailable desc = transport is closing
600	412	0	412	rpc error: code = Unavailable desc = transport is closing
600	345	0	345	rpc error: code = Unavailable desc = transport is closing
600	363	0	363	rpc error: code = Unavailable desc = transport is closing
600	346	0	346	rpc error: code = Unavailable desc = transport is closing
600	348	0	348	rpc error: code = Unavailable desc = transport is closing
600	346	0	346	rpc error: code = Unavailable desc = transport is closing
600	2748	0	2748	rpc error: code = Unavailable desc = transport is closing
600	426	0	426	rpc error: code = Unavailable desc = transport is closing
600	378	342	720	<nil>
600	2775	342	3117	<nil>
600	375	343	718	<nil>
600	376	346	722	<nil>
600	378	342	720	<nil>
600	29498	342	29840	<nil>
600	405	317	722	<nil>
600	1350	323	1673	<nil>
600	410	317	727	<nil>
600	399	323	722	<nil>
600	408	313	721	<nil>
600	414	346	760	<nil>
600	415	351	766	<nil>
600	413	413	826	<nil>
600	411	417	828	<nil>
600	411	417	828	<nil>
600	409	418	827	<nil>
600	411	417	828	<nil>
600	414	414	828	<nil>
600	254	411	665	<nil>
600	412	414	826	<nil>
600	419	411	830	<nil>
600	421	410	831	<nil>
600	240	414	654	<nil>
600	411	418	829	<nil>
600	413	417	830	<nil>
600	234	410	644	<nil>
600	434	398	832	<nil>
600	412	414	826	<nil>
600	66323	400	66723	<nil>
600	245	411	656	<nil>
600	435	398	833	<nil>
600	434	399	833	<nil>
600	269	399	668	<nil>
600	257	400	657	<nil>
600	1377	401	1778	<nil>
600	436	398	834	<nil>
600	436	397	833	<nil>
600	266	401	667	<nil>
600	430	401	831	<nil>
600	438	402	840	<nil>
600	262	402	664	<nil>
600	439	396	835	<nil>
600	291	400	691	<nil>
600	437	418	855	<nil>
600	266	453	719	<nil>
600	275	453	728	<nil>
600	442	451	893	<nil>
600	441	452	893	<nil>
600	439	454	893	<nil>
600	271	449	720	<nil>
600	448	448	896	<nil>
600	445	447	892	<nil>
600	443	454	897	<nil>
600	446	449	895	<nil>
600	448	463	911	<nil>
600	446	491	937	<nil>
600	448	488	936	<nil>
600	445	492	937	<nil>
600	5630	492	6122	<nil>
600	273	490	763	<nil>
600	9630	489	10119	<nil>
600	445	493	938	<nil>
600	364	264	628	<nil>
600	366	269	635	<nil>
600	366	269	635	<nil>
600	453	184	637	<nil>
600	459	183	642	<nil>
600	458	183	641	<nil>
600	466	189	655	<nil>
600	459	182	641	<nil>
600	448	189	637	<nil>
600	457	183	640	<nil>
600	5565	189	5754	<nil>
600	458	191	649	<nil>
600	483	166	649	<nil>
600	466	218	684	<nil>
600	466	218	684	<nil>
600	5155	202	5357	<nil>
600	483	202	685	<nil>
600	502	186	688	<nil>
600	484	206	690	<nil>
600	496	192	688	<nil>
600	484	205	689	<nil>
600	496	194	690	<nil>
600	520	175	695	<nil>
600	447	208	655	<nil>
600	447	217	664	<nil>
600	439	204	643	<nil>
600	438	203	641	<nil>
600	1237	170	1407	<nil>
600	451	190	641	<nil>
600	446	220	666	<nil>
600	449	219	668	<nil>
600	438	204	642	<nil>
600	235	173	408	<nil>
600	446	219	665	<nil>
600	447	220	667	<nil>
600	448	207	655	<nil>
600	433	209	642	<nil>
600	6107	176	6283	<nil>
600	438	203	641	<nil>
600	238	172	410	<nil>
600	5646	130	5776	<nil>
600	446	224	670	<nil>
600	5496	147	5643	<nil>
600	267	147	414	<nil>
600	268	148	416	<nil>
600	448	205	653	<nil>
600	238	173	411	<nil>
600	447	203	650	<nil>
600	295	127	422	<nil>
600	1297	149	1446	<nil>
600	297	150	447	<nil>
600	285	166	451	<nil>
600	301	226	527	<nil>
600	289	185	474	<nil>
600	297	165	462	<nil>
600	1290	233	1523	<nil>
600	6189	233	6422	<nil>
600	308	234	542	<nil>
600	308	235	543	<nil>
600	295	235	530	<nil>
600	312	234	546	<nil>
600	283	248	531	<nil>
600	310	233	543	<nil>
600	304	235	539	<nil>
600	309	235	544	<nil>
600	307	236	543	<nil>
600	307	237	544	<nil>
600	296	233	529	<nil>
600	299	248	547	<nil>
600	309	236	545	<nil>
600	320	258	578	<nil>
600	294	285	579	<nil>
600	314	270	584	<nil>
600	308	281	589	<nil>
600	309	281	590	<nil>
600	301	279	580	<nil>
600	312	277	589	<nil>
600	310	273	583	<nil>
600	308	284	592	<nil>
600	307	286	593	<nil>
600	309	284	593	<nil>
600	310	282	592	<nil>
600	308	285	593	<nil>
600	234	243	477	<nil>
600	1294	240	1534	<nil>
600	267	244	511	<nil>
600	266	244	510	<nil>
600	237	275	512	<nil>
600	265	238	503	<nil>
600	266	287	553	<nil>
600	3006	286	3292	<nil>
600	5417	268	5685	<nil>
600	5854	270	6124	<nil>
600	283	271	554	<nil>
600	285	271	556	<nil>
600	288	269	557	<nil>
600	325	291	616	<nil>
600	286	297	583	<nil>
600	286	301	587	<nil>
600	281	297	578	<nil>
600	284	301	585	<nil>
600	281	308	589	<nil>
600	1312	328	1640	<nil>
600	284	329	613	<nil>
600	322	255	577	<nil>
600	277	337	614	<nil>
600	336	233	569	<nil>
600	297	336	633	<nil>
600	302	257	559	<nil>
600	290	269	559	<nil>
600	6509	214	6723	<nil>
600	346	214	560	<nil>
600	389	214	603	<nil>
600	301	218	519	<nil>
600	300	219	519	<nil>
600	252	217	469	<nil>
600	317	121	438	<nil>
600	285	150	435	<nil>
600	3105	154	3259	<nil>
600	264	210	474	<nil>
600	285	150	435	<nil>
600	302	217	519	<nil>
600	301	217	518	<nil>
600	365	153	518	<nil>
600	363	155	518	<nil>
600	6491	150	6641	<nil>
600	283	155	438	<nil>
600	291	151	442	<nil>
600	291	228	519	<nil>
600	6034	229	6263	<nil>
600	282	307	589	<nil>
600	281	153	434	<nil>
600	252	217	469	<nil>
600	319	227	546	<nil>
600	10826	136	10962	<nil>
600	269	155	424	<nil>
600	245	179	424	<nil>
600	284	143	427	<nil>
600	281	166	447	<nil>
600	277	199	476	<nil>
600	278	199	477	<nil>
600	284	200	484	<nil>
600	265	200	465	<nil>
600	3259	199	3458	<nil>
600	2995	235	3230	<nil>
600	307	242	549	<nil>
600	3291	248	3539	<nil>
600	310	254	564	<nil>
600	254	247	501	<nil>
600	6229	253	6482	<nil>
600	3295	248	3543	<nil>
600	228	217	445	<nil>
600	256	254	510	<nil>
600	3303	250	3553	<nil>
600	44540	247	44787	<nil>
600	291	221	512	<nil>
600	290	223	513	<nil>
600	2878	223	3101	<nil>
600	3334	223	3557	<nil>
600	2875	229	3104	<nil>
600	290	225	515	<nil>
600	320	237	557	<nil>
600	3323	264	3587	<nil>
600	321	238	559	<nil>
600	1178	0	1178	rpc error: code = DeadlineExceeded desc = context deadline exceeded
600	378	1008	1386	<nil>
600	321	1010	1331	<nil>
600	324	1008	1332	<nil>
600	324	1008	1332	<nil>
600	324	1008	1332	<nil>
600	359	975	1334	<nil>
600	360	975	1335	<nil>
600	379	976	1355	<nil>
600	1273	1010	2283	<nil>
600	359	976	1335	<nil>
600	1319	975	2294	<nil>
600	359	976	1335	<nil>
600	360	975	1335	<nil>
600	384	951	1335	<nil>
600	332	975	1307	<nil>
600	1377	920	2297	<nil>
600	2938	927	3865	<nil>
600	1367	929	2296	<nil>
600	1367	929	2296	<nil>
600	238	929	1167	<nil>
600	3002	928	3930	<nil>
600	358	943	1301	<nil>
600	1365	929	2294	<nil>
600	1368	928	2296	<nil>
600	1365	931	2296	<nil>
600	1364	932	2296	<nil>
600	11198	850	12048	<nil>
600	236	931	1167	<nil>
600	234	932	1166	<nil>
600	234	929	1163	<nil>
600	3459	928	4387	<nil>
600	233	931	1164	<nil>
600	3000	932	3932	<nil>
600	6312	902	7214	<nil>
600	235	931	1166	<nil>
600	1367	930	2297	<nil>
600	292	0	292	rpc error: code = Unavailable desc = transport is closing
600	3027	0	3027	rpc error: code = Unavailable desc = transport is closing
600	283	911	1194	<nil>
600	448	0	448	rpc error: code = Unavailable desc = transport is closing
600	342	0	342	rpc error: code = Unavailable desc = transport is closing
600	477	0	477	rpc error: code = Unavailable desc = transport is closing
600	2947	0	2947	rpc error: code = Unavailable desc = transport is closing
600	1375	0	1375	rpc error: code = Unavailable desc = transport is closing
600	285	0	285	rpc error: code = Unavailable desc = transport is closing
600	3090	910	4000	<nil>
600	458	0	458	rpc error: code = Unavailable desc = transport is closing
600	315	909	1224	<nil>
600	298	912	1210	<nil>
600	6624	0	6624	rpc error: code = Unavailable desc = transport is closing
600	6480	909	7389	<nil>
600	277	0	277	rpc error: code = Unavailable desc = transport is closing
600	325	909	1234	<nil>
600	1496	0	1496	rpc error: code = Unavailable desc = transport is closing
600	1312	0	1312	rpc error: code = Unavailable desc = transport is closing
600	278	0	278	rpc error: code = Unavailable desc = transport is closing
600	303	0	303	rpc error: code = Unavailable desc = transport is closing
600	290	909	1199	<nil>
600	250	915	1165	<nil>
600	3515	0	3515	rpc error: code = Unavailable desc = transport is closing
600	405	0	405	rpc error: code = Unavailable desc = transport is closing
600	14982	0	14982	rpc error: code = Unavailable desc = transport is closing
600	412	0	412	rpc error: code = Unavailable desc = transport is closing
600	282	0	282	rpc error: code = Unavailable desc = transport is closing
600	253	909	1162	<nil>
600	434	0	434	rpc error: code = Unavailable desc = transport is closing
600	5300	0	5300	rpc error: code = Unavailable desc = transport is closing
600	360	0	360	rpc error: code = Unavailable desc = transport is closing
600	325	908	1233	<nil>
600	353	0	353	rpc error: code = Unavailable desc = transport is closing
600	398	0	398	rpc error: code = Unavailable desc = transport is closing
600	253	912	1165	<nil>
600	401	0	401	rpc error: code = Unavailable desc = transport is closing
600	232	915	1147	<nil>
600	3544	915	4459	<nil>
600	3575	885	4460	<nil>
600	1234	915	2149	<nil>
600	6377	920	7297	<nil>
600	221	915	1136	<nil>
600	328	0	328	rpc error: code = Unavailable desc = transport is closing
600	221	915	1136	<nil>
600	221	918	1139	<nil>
600	1340	0	1340	rpc error: code = Unavailable desc = transport is closing
600	752	0	752	rpc error: code = Unavailable desc = transport is closing
600	261	920	1181	<nil>
600	1387	0	1387	rpc error: code = Unavailable desc = transport is closing
600	223	926	1149	<nil>
600	288	0	288	rpc error: code = Unavailable desc = transport is closing
600	306	0	306	rpc error: code = Unavailable desc = transport is closing
600	6290	0	6290	rpc error: code = Unavailable desc = transport is closing
600	290	0	290	rpc error: code = Unavailable desc = transport is closing
600	300	0	300	rpc error: code = Unavailable desc = transport is closing
600	301	0	301	rpc error: code = Unavailable desc = transport is closing
600	239	0	239	rpc error: code = Unavailable desc = transport is closing
600	237	0	237	rpc error: code = Unavailable desc = transport is closing
600	5772	0	5772	rpc error: code = Unavailable desc = transport is closing
600	453	0	453	rpc error: code = Unavailable desc = transport is closing
600	295	0	295	rpc error: code = Unavailable desc = transport is closing
600	268	0	268	rpc error: code = Unavailable desc = transport is closing
600	316	0	316	rpc error: code = Unavailable desc = transport is closing
600	308	0	308	rpc error: code = Unavailable desc = transport is closing
600	238	0	238	rpc error: code = Unavailable desc = transport is closing
600	309	0	309	rpc error: code = Unavailable desc = transport is closing
600	304	0	304	rpc error: code = Unavailable desc = transport is closing
600	307	0	307	rpc error: code = Unavailable desc = transport is closing
600	1310	0	1310	rpc error: code = Unavailable desc = transport is closing
600	1302	0	1302	rpc error: code = Unavailable desc = transport is closing
600	1384	0	1384	rpc error: code = Unavailable desc = transport is closing
600	1383	0	1383	rpc error: code = Unavailable desc = transport is closing
600	275	0	275	rpc error: code = Unavailable desc = transport is closing
600	381	0	381	rpc error: code = Unavailable desc = transport is closing
600	412	0	412	rpc error: code = Unavailable desc = transport is closing
600	16774	0	16774	rpc error: code = Unavailable desc = transport is closing
600	443	0	443	rpc error: code = Unavailable desc = transport is closing
600	438	0	438	rpc error: code = Unavailable desc = transport is closing
600	459	0	459	rpc error: code = Unavailable desc = transport is closing
600	407	0	407	rpc error: code = Unavailable desc = transport is closing
600	447	0	447	rpc error: code = Unavailable desc = transport is closing
600	447	0	447	rpc error: code = Unavailable desc = transport is closing
600	441	0	441	rpc error: code = Unavailable desc = transport is closing
600	446	0	446	rpc error: code = Unavailable desc = transport is closing
600	445	0	445	rpc error: code = Unavailable desc = transport is closing
600	446	0	446	rpc error: code = Unavailable desc = transport is closing
600	398	0	398	rpc error: code = Unavailable desc = transport is closing
600	328	0	328	rpc error: code = Unavailable desc = transport is closing
600	365	0	365	rpc error: code = Unavailable desc = transport is closing
600	448	0	448	rpc error: code = Unavailable desc = transport is closing
600	9937	0	9937	rpc error: code = Unavailable desc = transport is closing
600	364	0	364	rpc error: code = Unavailable desc = transport is closing
600	395	0	395	rpc error: code = Unavailable desc = transport is closing
600	384	0	384	rpc error: code = Unavailable desc = transport is closing
600	364	0	364	rpc error: code = Unavailable desc = transport is closing
600	17979	0	17979	rpc error: code = Unavailable desc = transport is closing
600	260	0	260	rpc error: code = Unavailable desc = transport is closing
600	398	0	398	rpc error: code = Unavailable desc = transport is closing
600	389	0	389	rpc error: code = Unavailable desc = transport is closing
600	392	0	392	rpc error: code = Unavailable desc = transport is closing
600	442	0	442	rpc error: code = Unavailable desc = transport is closing
600	364	0	364	rpc error: code = Unavailable desc = transport is closing
600	424	0	424	rpc error: code = Unavailable desc = transport is closing
600	272	0	272	rpc error: code = Unavailable desc = transport is closing
600	364	0	364	rpc error: code = Unavailable desc = transport is closing
600	453	0	453	rpc error: code = Unavailable desc = transport is closing
600	433	0	433	rpc error: code = Unavailable desc = transport is closing
600	291	0	291	rpc error: code = Unavailable desc = transport is closing
600	466	0	466	rpc error: code = Unavailable desc = transport is closing
600	443	0	443	rpc error: code = Unavailable desc = transport is closing
600	442	0	442	rpc error: code = Unavailable desc = transport is closing
600	380	0	380	rpc error: code = Unavailable desc = transport is closing
600	261	0	261	rpc error: code = Unavailable desc = transport is closing
600	438	0	438	rpc error: code = Unavailable desc = transport is closing
600	364	0	364	rpc error: code = Unavailable desc = transport is closing
600	398	0	398	rpc error: code = Unavailable desc = transport is closing
600	421	0	421	rpc error: code = Unavailable desc = transport is closing
600	437	0	437	rpc error: code = Unavailable desc = transport is closing
600	398	0	398	rpc error: code = Unavailable desc = transport is closing
600	400	0	400	rpc error: code = Unavailable desc = transport is closing
600	364	0	364	rpc error: code = Unavailable desc = transport is closing
600	414	0	414	rpc error: code = Unavailable desc = transport is closing
600	237	0	237	rpc error: code = Unavailable desc = transport is closing
600	288	0	288	rpc error: code = Unavailable desc = transport is closing
600	405	0	405	rpc error: code = Unavailable desc = transport is closing
600	1008	391	1399	<nil>
600	1007	391	1398	<nil>
600	30261	392	30653	<nil>
600	364	0	364	rpc error: code = Unavailable desc = transport is closing
600	423	0	423	rpc error: code = Unavailable desc = transport is closing
600	431	0	431	rpc error: code = Unavailable desc = transport is closing
600	434	0	434	rpc error: code = Unavailable desc = transport is closing
600	363	0	363	rpc error: code = Unavailable desc = transport is closing
600	353	0	353	rpc error: code = Unavailable desc = transport is closing
600	364	0	364	rpc error: code = Unavailable desc = transport is closing
600	428	0	428	rpc error: code = Unavailable desc = transport is closing
600	427	0	427	rpc error: code = Unavailable desc = transport is closing
600	440	0	440	rpc error: code = Unavailable desc = transport is closing
600	1012	400	1412	<nil>
600	1001	401	1402	<nil>
600	1995	401	2396	<nil>
600	364	0	364	rpc error: code = Unavailable desc = transport is closing
600	425	0	425	rpc error: code = Unavailable desc = transport is closing
600	439	0	439	rpc error: code = Unavailable desc = transport is closing
600	998	401	1399	<nil>
600	1013	400	1413	<nil>
600	1008	391	1399	<nil>
600	1034	400	1434	<nil>
600	428	0	428	rpc error: code = Unavailable desc = transport is closing
600	987	391	1378	<nil>
600	1009	391	1400	<nil>
600	411	0	411	rpc error: code = Unavailable desc = transport is closing
600	424	0	424	rpc error: code = Unavailable desc = transport is closing
600	423	0	423	rpc error: code = Unavailable desc = transport is closing
600	431	0	431	rpc error: code = Unavailable desc = transport is closing
600	985	393	1378	<nil>
600	1009	393	1402	<nil>
600	1012	393	1405	<nil>
600	987	392	1379	<nil>
600	484	0	484	rpc error: code = Unavailable desc = transport is closing
600	988	394	1382	<nil>
600	1012	459	1471	<nil>
600	987	463	1450	<nil>
600	994	451	1445	<nil>
600	998	448	1446	<nil>
600	986	463	1449	<nil>
600	999	448	1447	<nil>
600	946	448	1394	<nil>
600	1009	464	1473	<nil>
600	997	449	1446	<nil>
600	997	448	1445	<nil>
600	1021	452	1473	<nil>
600	1001	485	1486	<nil>
600	1047	466	1513	<nil>
600	28674	466	29140	<nil>
600	44211	466	44677	<nil>
600	1049	466	1515	<nil>
600	1050	466	1516	<nil>
600	1023	467	1490	<nil>
600	1048	467	1515	<nil>
600	1051	466	1517	<nil>
600	1049	467	1516	<nil>
600	1047	467	1514	<nil>
600	1050	465	1515	<nil>
600	1063	479	1542	<nil>
600	950	480	1430	<nil>
600	1065	480	1545	<nil>
600	1063	480	1543	<nil>
600	1023	480	1503	<nil>
600	45708	480	46188	<nil>
600	922	480	1402	<nil>
600	976	433	1409	<nil>
600	976	433	1409	<nil>
600	979	433	1412	<nil>
600	979	433	1412	<nil>
600	997	418	1415	<nil>
600	980	436	1416	<nil>
600	996	420	1416	<nil>
600	997	418	1415	<nil>
600	997	419	1416	<nil>
600	1022	452	1474	<nil>
600	1011	452	1463	<nil>
600	1024	451	1475	<nil>
600	1024	451	1475	<nil>
600	1172	311	1483	<nil>
600	1158	310	1468	<nil>
600	1161	311	1472	<nil>
600	1160	310	1470	<nil>
600	548	105	653	<nil>
600	3147	69	3216	<nil>
600	431	63	494	<nil>
600	433	63	496	<nil>
600	10645	63	10708	<nil>
600	431	63	494	<nil>
600	440	57	497	<nil>
600	317	52	369	<nil>
600	271	15	286	<nil>
600	5107	14	5121	<nil>
600	210	22	232	<nil>
600	212	22	234	<nil>
600	212	22	234	<nil>
600	211	23	234	<nil>
600	211	23	234	<nil>
600	212	24	236	<nil>
600	354	25	379	<nil>
600	167	27	194	<nil>
600	353	29	382	<nil>
600	162	28	190	<nil>
600	165	28	193	<nil>
600	186	29	215	<nil>
600	2461	56	2517	<nil>
600	184	29	213	<nil>
600	104	54	158	<nil>
600	104	57	161	<nil>
600	65	55	120	<nil>
600	72923	57	72980	<nil>
600	2461	62	2523	<nil>
600	64	62	126	<nil>
600	65	76	141	<nil>
600	24	56	80	<nil>
600	22	60	82	<nil>
600	34	46	80	<nil>
600	33	49	82	<nil>
600	23	56	79	<nil>
600	21	66	87	<nil>
600	30	59	89	<nil>
600	45	47	92	<nil>
600	69	18	87	<nil>
600	70	19	89	<nil>
600	10179	29	10208	<nil>
600	72	24	96	<nil>
600	59	19	78	<nil>
600	72	23	95	<nil>
600	89	8	97	<nil>
600	79	22	101	<nil>
600	38	28	66	<nil>
600	71	28	99	<nil>
600	56	44	100	<nil>
600	36	28	64	<nil>
600	74	28	102	<nil>
600	4776	55	4831	<nil>
600	40	58	98	<nil>
600	37	57	94	<nil>
600	60	43	103	<nil>
600	2568	45	2613	<nil>
600	51	42	93	<nil>
600	33	42	75	<nil>
600	5259	25	5284	<nil>
600	31	44	75	<nil>
600	9202	45	9247	<nil>
600	38	25	63	<nil>
600	40	25	65	<nil>
600	43	53	96	<nil>
600	58	34	92	<nil>
600	43	65	108	<nil>
600	32	76	108	<nil>
600	40	66	106	<nil>
600	61	69	130	<nil>
600	40	63	103	<nil>
600	49	68	117	<nil>
600	36	68	104	<nil>
600	48	52	100	<nil>
600	2521	28	2549	<nil>
600	84	31	115	<nil>
600	77	32	109	<nil>
600	36	73	109	<nil>
600	43	31	74	<nil>
600	83	32	115	<nil>
600	2518	43	2561	<nil>
600	362	0	362	rpc error: code = DeadlineExceeded desc = context deadline exceeded
600	45	635	680	<nil>
600	62	636	698	<nil>
600	2657	637	3294	<nil>
600	67	615	682	<nil>
600	60	616	676	<nil>
600	4903	614	5517	<nil>
600	2581	615	3196	<nil>
600	84	614	698	<nil>
600	29	610	639	<nil>
600	66	617	683	<nil>
600	85	617	702	<nil>
600	83	616	699	<nil>
600	30	610	640	<nil>
600	43	610	653	<nil>
600	62	617	679	<nil>
600	65	617	682	<nil>
600	9771	610	10381	<nil>
600	42	625	667	<nil>
600	628	5	633	<nil>
600	630	12	642	<nil>
600	641	4	645	<nil>
600	3321	5	3326	<nil>
600	635	12	647	<nil>
600	621	13	634	<nil>
600	630	13	643	<nil>
600	637	4	641	<nil>
600	3182	5	3187	<nil>
600	3041	6	3047	<nil>
600	631	13	644	<nil>
600	638	7	645	<nil>
600	591	6	597	<nil>
600	73	8	81	<nil>
600	27	7	34	<nil>
600	27	7	34	<nil>
600	28	22	50	<nil>
600	27	27	54	<nil>
600	28	30	58	<nil>
600	29	30	59	<nil>
600	33	27	60	<nil>
600	30	30	60	<nil>
600	31	30	61	<nil>
600	30	29	59	<nil>
600	30	30	60	<nil>
600	32	30	62	<nil>
600	30	41	71	<nil>
600	30	41	71	<nil>
600	31	50	81	<nil>
600	26	22	48	<nil>
600	24	22	46	<nil>
600	47	1	48	<nil>
600	25	23	48	<nil>
600	10415	49	10464	<nil>
600	16	48	64	<nil>
600	48	2	50	<nil>
600	47	11	58	<nil>
600	48	18	66	<nil>
600	47	17	64	<nil>
600	46	21	67	<nil>
600	47	25	72	<nil>
600	8880	26	8906	<nil>
600	47	26	73	<nil>
600	45	26	71	<nil>
600	72909	7	72916	<nil>
600	46	25	71	<nil>
600	46	43	89	<nil>
600	42	24	66	<nil>
600	49	24	73	<nil>
600	40	26	66	<nil>
600	17226	26	17252	<nil>
600	2901	23	2924	<nil>
600	1042	27	1069	<nil>
600	39797	30	39827	<nil>
600	6076	28	6104	<nil>
600	9890	27	9917	<nil>
600	45	28	73	<nil>
600	2889	28	2917	<nil>
600	8905	27	8932	<nil>
600	9410	27	9437	<nil>
600	107	0	107	rpc error: code = Unavailable desc = transport is closing
600	41	45	86	<nil>
600	60	36	96	<nil>
600	43	38	81	<nil>
600	2908	41	2949	<nil>
600	56	41	97	<nil>
600	60	41	101	<nil>
600	32	40	72	<nil>
600	2866	49	2915	<nil>
600	2943	51	2994	<nil>
600	312	0	312	rpc error: code = Unavailable desc = transport is closing
600	26333	52	26385	<nil>
600	37	52	89	<nil>
600	25	55	80	<nil>
600	35	52	87	<nil>
600	31	52	83	<nil>
600	26	50	76	<nil>
600	36	57	93	<nil>
600	3160	0	3160	rpc error: code = Unavailable desc = transport is closing
600	8963	13	8976	<nil>
600	45	13	58	<nil>
600	53	13	66	<nil>
600	10782	0	10782	rpc error: code = Unavailable desc = transport is closing
600	49	14	63	<nil>
600	338	0	338	rpc error: code = Unavailable desc = transport is closing
600	56	32	88	<nil>
600	25520	0	25520	rpc error: code = Unavailable desc = transport is closing
600	16103	0	16103	rpc error: code = Unavailable desc = transport is closing
600	9221	0	9221	rpc error: code = Unavailable desc = transport is closing
620	400	0	400	rpc error: code = Unavailable desc = transport is closing
620	413	0	413	rpc error: code = Unavailable desc = transport is closing
620	340	0	340	rpc error: code = Unavailable desc = transport is closing
620	476	0	476	rpc error: code = Unavailable desc = transport is closing
620	399	0	399	rpc error: code = Unavailable desc = transport is closing
620	342	0	342	rpc error: code = Unavailable desc = transport is closing
620	337	0	337	rpc error: code = Unavailable desc = transport is closing
620	341	0	341	rpc error: code = Unavailable desc = transport is closing
620	27506	0	27506	rpc error: code = Unavailable desc = transport is closing
620	339	0	339	rpc error: code = Unavailable desc = transport is closing
620	343	0	343	rpc error: code = Unavailable desc = transport is closing
620	15756	0	15756	rpc error: code = Unavailable desc = transport is closing
620	342	0	342	rpc error: code = Unavailable desc = transport is closing
620	343	0	343	rpc error: code = Unavailable desc = transport is closing
620	339	0	339	rpc error: code = Unavailable desc = transport is closing
620	343	0	343	rpc error: code = Unavailable desc = transport is closing
620	342	0	342	rpc error: code = Unavailable desc = transport is closing
620	434	0	434	rpc error: code = Unavailable desc = transport is closing
620	438	0	438	rpc error: code = Unavailable desc = transport is closing
620	340	0	340	rpc error: code = Unavailable desc = transport is closing
620	340	0	340	rpc error: code = Unavailable desc = transport is closing
620	443	0	443	rpc error: code = Unavailable desc = transport is closing
620	443	0	443	rpc error: code = Unavailable desc = transport is closing
620	400	0	400	rpc error: code = Unavailable desc = transport is closing
620	399	0	399	rpc error: code = Unavailable desc = transport is closing
620	449	0	449	rpc error: code = Unavailable desc = transport is closing
620	70	63	133	<nil>
620	343	0	343	rpc error: code = Unavailable desc = transport is closing
620	66	116	182	<nil>
620	343	0	343	rpc error: code = Unavailable desc = transport is closing
620	453	0	453	rpc error: code = Unavailable desc = transport is closing
620	343	0	343	rpc error: code = Unavailable desc = transport is closing
620	343	0	343	rpc error: code = Unavailable desc = transport is closing
620	339	0	339	rpc error: code = Unavailable desc = transport is closing
620	16485	0	16485	rpc error: code = Unavailable desc = transport is closing
620	340	0	340	rpc error: code = Unavailable desc = transport is closing
620	431	0	431	rpc error: code = Unavailable desc = transport is closing
620	449	0	449	rpc error: code = Unavailable desc = transport is closing
620	2934	0	2934	rpc error: code = Unavailable desc = transport is closing
620	437	0	437	rpc error: code = Unavailable desc = transport is closing
620	343	0	343	rpc error: code = Unavailable desc = transport is closing
620	435	0	435	rpc error: code = Unavailable desc = transport is closing
620	16500	0	16500	rpc error: code = Unavailable desc = transport is closing
620	342	0	342	rpc error: code = Unavailable desc = transport is closing
620	441	0	441	rpc error: code = Unavailable desc = transport is closing
620	460	0	460	rpc error: code = Unavailable desc = transport is closing
620	342	0	342	rpc error: code = Unavailable desc = transport is closing
620	437	0	437	rpc error: code = Unavailable desc = transport is closing
620	1475	0	1475	rpc error: code = Unavailable desc = transport is closing
620	343	0	343	rpc error: code = Unavailable desc = transport is closing
620	443	0	443	rpc error: code = Unavailable desc = transport is closing
620	343	0	343	rpc error: code = Unavailable desc = transport is closing
620	440	0	440	rpc error: code = Unavailable desc = transport is closing
620	465	0	465	rpc error: code = Unavailable desc = transport is closing
620	443	0	443	rpc error: code = Unavailable desc = transport is closing
620	67	63	130	<nil>
620	443	0	443	rpc error: code = Unavailable desc = transport is closing
620	342	0	342	rpc error: code = Unavailable desc = transport is closing
620	27	0	27	rpc error: code = Unavailable desc = transport is closing
620	319	0	319	rpc error: code = Unavailable desc = transport is closing
620	472	0	472	rpc error: code = Unavailable desc = transport is closing
620	428	0	428	rpc error: code = Unavailable desc = transport is closing
620	482	0	482	rpc error: code = Unavailable desc = transport is closing
620	71	65	136	<nil>
620	2845	64	2909	<nil>
620	340	0	340	rpc error: code = Unavailable desc = transport is closing
620	47	65	112	<nil>
620	5641	65	5706	<nil>
620	396	0	396	rpc error: code = Unavailable desc = transport is closing
620	453	0	453	rpc error: code = Unavailable desc = transport is closing
620	321	0	321	rpc error: code = Unavailable desc = transport is closing
620	429	0	429	rpc error: code = Unavailable desc = transport is closing
620	430	0	430	rpc error: code = Unavailable desc = transport is closing
620	46	115	161	<nil>
620	65	131	196	<nil>
620	52	132	184	<nil>
620	401	0	401	rpc error: code = Unavailable desc = transport is closing
620	52	147	199	<nil>
620	18343	144	18487	<nil>
620	6175	143	6318	<nil>
620	48	144	192	<nil>
620	321	0	321	rpc error: code = Unavailable desc = transport is closing
620	322	0	322	rpc error: code = Unavailable desc = transport is closing
620	58	167	225	<nil>
620	469	0	469	rpc error: code = Unavailable desc = transport is closing
620	431	0	431	rpc error: code = Unavailable desc = transport is closing
620	16417	0	16417	rpc error: code = Unavailable desc = transport is closing
620	486	0	486	rpc error: code = Unavailable desc = transport is closing
620	511	0	511	rpc error: code = Unavailable desc = transport is closing
620	448	0	448	rpc error: code = Unavailable desc = transport is closing
620	501	0	501	rpc error: code = Unavailable desc = transport is closing
620	500	0	500	rpc error: code = Unavailable desc = transport is closing
620	500	0	500	rpc error: code = Unavailable desc = transport is closing
620	501	0	501	rpc error: code = Unavailable desc = transport is closing
620	509	0	509	rpc error: code = Unavailable desc = transport is closing
620	527	0	527	rpc error: code = Unavailable desc = transport is closing
620	510	0	510	rpc error: code = Unavailable desc = transport is closing
620	511	0	511	rpc error: code = Unavailable desc = transport is closing
620	524	0	524	rpc error: code = Unavailable desc = transport is closing
620	504	0	504	rpc error: code = Unavailable desc = transport is closing
620	714	0	714	rpc error: code = DeadlineExceeded desc = context deadline exceeded
620	6177	252	6429	<nil>
620	527	0	527	rpc error: code = Unavailable desc = transport is closing
620	521	0	521	rpc error: code = Unavailable desc = transport is closing
620	521	0	521	rpc error: code = Unavailable desc = transport is closing
620	34	280	314	<nil>
620	62	270	332	<nil>
620	499	0	499	rpc error: code = Unavailable desc = transport is closing
620	509	0	509	rpc error: code = Unavailable desc = transport is closing
620	5444	0	5444	rpc error: code = Unavailable desc = transport is closing
620	502	0	502	rpc error: code = Unavailable desc = transport is closing
620	493	0	493	rpc error: code = Unavailable desc = transport is closing
620	496	0	496	rpc error: code = Unavailable desc = transport is closing
620	487	0	487	rpc error: code = Unavailable desc = transport is closing
620	165	160	325	<nil>
620	508	0	508	rpc error: code = Unavailable desc = transport is closing
620	453	0	453	rpc error: code = Unavailable desc = transport is closing
620	502	0	502	rpc error: code = Unavailable desc = transport is closing
620	175	157	332	<nil>
620	508	0	508	rpc error: code = Unavailable desc = transport is closing
620	537	0	537	rpc error: code = Unavailable desc = transport is closing
620	532	0	532	rpc error: code = Unavailable desc = transport is closing
620	181	152	333	<nil>
620	163	0	163	rpc error: code = Unavailable desc = transport is closing
620	517	0	517	rpc error: code = Unavailable desc = transport is closing
620	514	0	514	rpc error: code = Unavailable desc = transport is closing
620	452	0	452	rpc error: code = Unavailable desc = transport is closing
620	162	0	162	rpc error: code = Unavailable desc = transport is closing
620	453	0	453	rpc error: code = Unavailable desc = transport is closing
620	16485	0	16485	rpc error: code = Unavailable desc = transport is closing
620	517	0	517	rpc error: code = Unavailable desc = transport is closing
620	516	0	516	rpc error: code = Unavailable desc = transport is closing
620	457	0	457	rpc error: code = Unavailable desc = transport is closing
620	2857	188	3045	<nil>
620	452	0	452	rpc error: code = Unavailable desc = transport is closing
620	178	173	351	<nil>
620	198	144	342	<nil>
620	193	174	367	<nil>
620	534	0	534	rpc error: code = Unavailable desc = transport is closing
620	198	145	343	<nil>
620	519	0	519	rpc error: code = Unavailable desc = transport is closing
620	181	186	367	<nil>
620	180	187	367	<nil>
620	180	187	367	<nil>
620	450	0	450	rpc error: code = Unavailable desc = transport is closing
620	19129	157	19286	<nil>
620	166	0	166	rpc error: code = Unavailable desc = transport is closing
620	3374	0	3374	rpc error: code = Unavailable desc = transport is closing
620	167	0	167	rpc error: code = Unavailable desc = transport is closing
620	518	0	518	rpc error: code = Unavailable desc = transport is closing
620	170	187	357	<nil>
620	210	155	365	<nil>
620	187	188	375	<nil>
620	520	0	520	rpc error: code = Unavailable desc = transport is closing
620	516	0	516	rpc error: code = Unavailable desc = transport is closing
620	534	0	534	rpc error: code = Unavailable desc = transport is closing
620	4843	155	4998	<nil>
620	206	162	368	<nil>
620	534	0	534	rpc error: code = Unavailable desc = transport is closing
620	3372	0	3372	rpc error: code = Unavailable desc = transport is closing
620	10201	230	10431	<nil>
620	223	229	452	<nil>
620	483	0	483	rpc error: code = Unavailable desc = transport is closing
620	243	0	243	rpc error: code = Unavailable desc = transport is closing
620	251	187	438	<nil>
620	563	0	563	rpc error: code = Unavailable desc = transport is closing
620	555	0	555	rpc error: code = Unavailable desc = transport is closing
620	492	0	492	rpc error: code = Unavailable desc = transport is closing
620	474	0	474	rpc error: code = Unavailable desc = transport is closing
620	479	0	479	rpc error: code = Unavailable desc = transport is closing
620	492	0	492	rpc error: code = Unavailable desc = transport is closing
620	479	0	479	rpc error: code = Unavailable desc = transport is closing
620	477	0	477	rpc error: code = Unavailable desc = transport is closing
620	477	0	477	rpc error: code = Unavailable desc = transport is closing
620	479	0	479	rpc error: code = Unavailable desc = transport is closing
620	492	0	492	rpc error: code = Unavailable desc = transport is closing
620	477	0	477	rpc error: code = Unavailable desc = transport is closing
620	246	0	246	rpc error: code = Unavailable desc = transport is closing
620	273	0	273	rpc error: code = Unavailable desc = transport is closing
620	273	201	474	<nil>
620	274	0	274	rpc error: code = Unavailable desc = transport is closing
620	10896	0	10896	rpc error: code = Unavailable desc = transport is closing
620	289	0	289	rpc error: code = Unavailable desc = transport is closing
620	563	0	563	rpc error: code = Unavailable desc = transport is closing
620	287	0	287	rpc error: code = Unavailable desc = transport is closing
620	291	0	291	rpc error: code = Unavailable desc = transport is closing
620	287	0	287	rpc error: code = Unavailable desc = transport is closing
620	16074	0	16074	rpc error: code = Unavailable desc = transport is closing
620	559	0	559	rpc error: code = Unavailable desc = transport is closing
620	282	0	282	rpc error: code = Unavailable desc = transport is closing
620	1286	0	1286	rpc error: code = Unavailable desc = transport is closing
620	288	0	288	rpc error: code = Unavailable desc = transport is closing
620	1282	0	1282	rpc error: code = Unavailable desc = transport is closing
620	6480	205	6685	<nil>
620	1277	213	1490	<nil>
620	277	213	490	<nil>
620	3150	0	3150	rpc error: code = Unavailable desc = transport is closing
620	344	0	344	rpc error: code = Unavailable desc = transport is closing
620	184	0	184	rpc error: code = Unavailable desc = transport is closing
620	1264	0	1264	rpc error: code = Unavailable desc = transport is closing
620	554	0	554	rpc error: code = Unavailable desc = transport is closing
620	18015	77	18092	<nil>
620	541	0	541	rpc error: code = Unavailable desc = transport is closing
620	553	0	553	rpc error: code = Unavailable desc = transport is closing
620	184	0	184	rpc error: code = Unavailable desc = transport is closing
620	559	0	559	rpc error: code = Unavailable desc = transport is closing
620	571	0	571	rpc error: code = Unavailable desc = transport is closing
620	177	9	186	<nil>
620	551	0	551	rpc error: code = Unavailable desc = transport is closing
620	171	10	181	<nil>
620	297	0	297	rpc error: code = Unavailable desc = transport is closing
620	558	0	558	rpc error: code = Unavailable desc = transport is closing
620	267	205	472	<nil>
620	286	205	491	<nil>
620	172	10	182	<nil>
620	288	205	493	<nil>
620	1286	203	1489	<nil>
620	292	199	491	<nil>
620	286	206	492	<nil>
620	268	205	473	<nil>
620	366	0	366	rpc error: code = Unavailable desc = transport is closing
620	210	25	235	<nil>
620	5057	0	5057	rpc error: code = Unavailable desc = transport is closing
620	324	149	473	<nil>
620	279	195	474	<nil>
620	257	149	406	<nil>
620	331	149	480	<nil>
620	287	207	494	<nil>
620	329	150	479	<nil>
620	343	150	493	<nil>
620	2741	196	2937	<nil>
620	19250	150	19400	<nil>
620	2976	204	3180	<nil>
620	15108	109	15217	<nil>
620	268	206	474	<nil>
620	275	149	424	<nil>
620	273	206	479	<nil>
620	379	94	473	<nil>
620	281	195	476	<nil>
620	292	192	484	<nil>
620	290	194	484	<nil>
620	331	82	413	<nil>
620	336	76	412	<nil>
620	402	83	485	<nil>
620	1276	78	1354	<nil>
620	323	76	399	<nil>
620	326	79	405	<nil>
620	398	86	484	<nil>
620	420	84	504	<nil>
620	400	86	486	<nil>
620	398	86	484	<nil>
620	6158	87	6245	<nil>
620	284	86	370	<nil>
620	400	85	485	<nil>
620	236	74	310	<nil>
620	421	85	506	<nil>
620	338	86	424	<nil>
620	235	76	311	<nil>
620	419	87	506	<nil>
620	233	75	308	<nil>
620	404	81	485	<nil>
620	232	76	308	<nil>
620	234	74	308	<nil>
620	238	76	314	<nil>
620	10421	95	10516	<nil>
620	231	75	306	<nil>
620	316	86	402	<nil>
620	182	0	182	rpc error: code = Unavailable desc = transport is closing
620	328	81	409	<nil>
620	234	76	310	<nil>
620	237	77	314	<nil>
620	196	78	274	<nil>
620	234	76	310	<nil>
620	420	88	508	<nil>
620	269	0	269	rpc error: code = Unavailable desc = transport is closing
620	561	0	561	rpc error: code = Unavailable desc = transport is closing
620	162	21	183	<nil>
620	210	21	231	<nil>
620	200	20	220	<nil>
620	197	20	217	<nil>
620	162	21	183	<nil>
620	212	20	232	<nil>
620	212	20	232	<nil>
620	205	20	225	<nil>
620	211	21	232	<nil>
620	211	20	231	<nil>
620	222	28	250	<nil>
620	161	21	182	<nil>
620	562	0	562	rpc error: code = Unavailable desc = transport is closing
620	2993	0	2993	rpc error: code = Unavailable desc = transport is closing
620	162	21	183	<nil>
620	172	3	175	<nil>
620	197	20	217	<nil>
620	153	21	174	<nil>
620	184	85	269	<nil>
620	200	20	220	<nil>
620	208	25	233	<nil>
620	178	8	186	<nil>
620	200	25	225	<nil>
620	172	9	181	<nil>
620	166	8	174	<nil>
620	181	0	181	rpc error: code = Unavailable desc = transport is closing
620	6031	204	6235	<nil>
620	285	0	285	rpc error: code = Unavailable desc = transport is closing
620	200	27	227	<nil>
620	335	0	335	rpc error: code = Unavailable desc = transport is closing
620	149	34	183	<nil>
620	172	34	206	<nil>
620	172	33	205	<nil>
620	179	33	212	<nil>
620	179	58	237	<nil>
620	171	71	242	<nil>
620	103	58	161	<nil>
620	187	58	245	<nil>
620	173	62	235	<nil>
620	9662	59	9721	<nil>
620	175	58	233	<nil>
620	172	72	244	<nil>
620	186	71	257	<nil>
620	88	67	155	<nil>
620	174	71	245	<nil>
620	215	72	287	<nil>
620	4582	72	4654	<nil>
620	93	66	159	<nil>
620	89	173	262	<nil>
620	90	173	263	<nil>
620	178	181	359	<nil>
620	52	173	225	<nil>
620	5170	172	5342	<nil>
620	89	173	262	<nil>
620	89	173	262	<nil>
620	100	173	273	<nil>
620	89	172	261	<nil>
620	54	173	227	<nil>
620	89	172	261	<nil>
620	89	172	261	<nil>
620	88	173	261	<nil>
620	96	172	268	<nil>
620	94	172	266	<nil>
620	88	173	261	<nil>
620	181	177	358	<nil>
620	88	172	260	<nil>
620	559	26	585	<nil>
620	538	18	556	<nil>
620	526	32	558	<nil>
620	560	27	587	<nil>
620	567	26	593	<nil>
620	562	31	593	<nil>
620	539	32	571	<nil>
620	564	31	595	<nil>
620	538	18	556	<nil>
620	559	31	590	<nil>
620	535	24	559	<nil>
620	10515	16	10531	<nil>
620	427	0	427	rpc error: code = DeadlineExceeded desc = context deadline exceeded
620	536	17	553	<nil>
620	543	23	566	<nil>
620	560	31	591	<nil>
620	539	18	557	<nil>
620	5716	18	5734	<nil>
620	558	26	584	<nil>
620	560	28	588	<nil>
620	573	17	590	<nil>
620	539	20	559	<nil>
620	538	37	575	<nil>
620	574	25	599	<nil>
620	572	17	589	<nil>
620	572	23	595	<nil>
620	544	21	565	<nil>
620	578	21	599	<nil>
620	582	13	595	<nil>
620	542	24	566	<nil>
620	482	17	499	<nil>
620	548	15	563	<nil>
620	546	20	566	<nil>
620	575	24	599	<nil>
620	562	36	598	<nil>
620	566	70	636	<nil>
620	584	80	664	<nil>
620	565	80	645	<nil>
620	567	82	649	<nil>
620	564	85	649	<nil>
620	615	64	679	<nil>
620	530	63	593	<nil>
620	584	65	649	<nil>
620	566	83	649	<nil>
620	586	63	649	<nil>
620	588	63	651	<nil>
620	585	63	648	<nil>
620	585	75	660	<nil>
620	599	62	661	<nil>
620	560	100	660	<nil>
620	5639	100	5739	<nil>
620	568	97	665	<nil>
620	559	102	661	<nil>
620	564	101	665	<nil>
620	5741	50	5791	<nil>
620	595	66	661	<nil>
620	568	98	666	<nil>
620	587	105	692	<nil>
620	584	80	664	<nil>
620	552	106	658	<nil>
620	567	98	665	<nil>
620	565	99	664	<nil>
620	525	79	604	<nil>
620	617	53	670	<nil>
620	555	112	667	<nil>
620	556	108	664	<nil>
620	598	69	667	<nil>
620	560	108	668	<nil>
620	566	101	667	<nil>
620	559	109	668	<nil>
620	620	80	700	<nil>
620	671	34	705	<nil>
620	654	46	700	<nil>
620	10703	78	10781	<nil>
620	671	31	702	<nil>
620	661	43	704	<nil>
620	397	137	534	<nil>
620	661	43	704	<nil>
620	671	28	699	<nil>
620	387	143	530	<nil>
620	667	35	702	<nil>
620	560	143	703	<nil>
620	559	145	704	<nil>
620	623	80	703	<nil>
620	696	36	732	<nil>
620	559	147	706	<nil>
620	677	28	705	<nil>
620	555	141	696	<nil>
620	10639	140	10779	<nil>
620	628	78	706	<nil>
620	397	137	534	<nil>
620	585	117	702	<nil>
620	560	145	705	<nil>
620	651	50	701	<nil>
620	655	44	699	<nil>
620	661	43	704	<nil>
620	96	57	153	<nil>
620	652	54	706	<nil>
620	397	139	536	<nil>
620	671	30	701	<nil>
620	668	39	707	<nil>
620	666	34	700	<nil>
620	661	43	704	<nil>
620	608	88	696	<nil>
620	610	94	704	<nil>
620	560	140	700	<nil>
620	554	145	699	<nil>
620	666	38	704	<nil>
620	1143	136	1279	<nil>
620	417	119	536	<nil>
620	557	145	702	<nil>
620	657	48	705	<nil>
620	670	44	714	<nil>
620	658	54	712	<nil>
620	622	80	702	<nil>
620	674	33	707	<nil>
620	664	46	710	<nil>
620	480	52	532	<nil>
620	688	19	707	<nil>
620	661	50	711	<nil>
620	665	47	712	<nil>
620	104	47	151	<nil>
620	659	52	711	<nil>
620	576	145	721	<nil>
620	608	54	662	<nil>
620	659	54	713	<nil>
620	664	47	711	<nil>
620	664	47	711	<nil>
620	671	41	712	<nil>
620	668	47	715	<nil>
620	676	36	712	<nil>
620	656	55	711	<nil>
620	659	48	707	<nil>
620	2613	123	2736	<nil>
620	665	160	825	<nil>
620	108	160	268	<nil>
620	670	159	829	<nil>
620	670	170	840	<nil>
620	669	173	842	<nil>
620	5275	145	5420	<nil>
620	1137	146	1283	<nil>
620	136	147	283	<nil>
620	1138	146	1284	<nil>
620	1137	147	1284	<nil>
620	698	147	845	<nil>
620	131	150	281	<nil>
620	1136	150	1286	<nil>
620	698	150	848	<nil>
620	134	149	283	<nil>
620	138	150	288	<nil>
620	131	151	282	<nil>
620	136	151	287	<nil>
620	136	151	287	<nil>
620	698	150	848	<nil>
620	5898	150	6048	<nil>
620	135	151	286	<nil>
620	698	150	848	<nil>
620	1136	150	1286	<nil>
620	667	174	841	<nil>
620	137	149	286	<nil>
620	148	135	283	<nil>
620	156	132	288	<nil>
620	132	160	292	<nil>
620	527	161	688	<nil>
620	129	150	279	<nil>
620	129	156	285	<nil>
620	126	141	267	<nil>
620	131	160	291	<nil>
620	131	161	292	<nil>
620	125	167	292	<nil>
620	1136	160	1296	<nil>
620	5161	158	5319	<nil>
620	5329	161	5490	<nil>
620	149	143	292	<nil>
620	521	158	679	<nil>
620	129	161	290	<nil>
620	141	148	289	<nil>
620	2793	165	2958	<nil>
620	5840	164	6004	<nil>
620	519	183	702	<nil>
620	521	182	703	<nil>
620	3002	182	3184	<nil>
620	5885	169	6054	<nil>
620	520	182	702	<nil>
620	539	236	775	<nil>
620	5899	242	6141	<nil>
620	698	259	957	<nil>
620	5839	242	6081	<nil>
620	697	260	957	<nil>
620	2757	243	3000	<nil>
620	5895	272	6167	<nil>
620	1057	278	1335	<nil>
620	10354	288	10642	<nil>
620	58	279	337	<nil>
620	1056	280	1336	<nil>
620	76	236	312	<nil>
620	55	273	328	<nil>
620	156	162	318	<nil>
620	10751	141	10892	<nil>
620	47	275	322	<nil>
620	157	157	314	<nil>
620	32	283	315	<nil>
620	46	274	320	<nil>
620	2654	276	2930	<nil>
620	122	171	293	<nil>
620	1067	275	1342	<nil>
620	65	259	324	<nil>
620	1060	279	1339	<nil>
620	48	274	322	<nil>
620	120	188	308	<nil>
620	145	141	286	<nil>
620	50	275	325	<nil>
620	1146	167	1313	<nil>
620	156	158	314	<nil>
620	153	177	330	<nil>
620	28018	172	28190	<nil>
620	858	139	997	<nil>
620	1173	154	1327	<nil>
620	5962	146	6108	<nil>
620	41268	179	41447	<nil>
620	690	142	832	<nil>
620	65	273	338	<nil>
620	859	143	1002	<nil>
620	66	261	327	<nil>
620	189	115	304	<nil>
620	1271	157	1428	<nil>
620	2649	128	2777	<nil>
620	2972	143	3115	<nil>
620	496	0	496	rpc error: code = DeadlineExceeded desc = context deadline exceeded
620	496	0	496	rpc error: code = DeadlineExceeded desc = context deadline exceeded
620	181	207	388	<nil>
620	170	219	389	<nil>
620	171	220	391	<nil>
620	180	214	394	<nil>
620	185	215	400	<nil>
620	183	214	397	<nil>
620	172	229	401	<nil>
620	149	232	381	<nil>
620	2642	218	2860	<nil>
620	181	216	397	<nil>
620	180	217	397	<nil>
620	10553	217	10770	<nil>
620	177	218	395	<nil>
620	181	218	399	<nil>
620	181	218	399	<nil>
620	178	240	418	<nil>
620	180	216	396	<nil>
620	168	231	399	<nil>
620	194	206	400	<nil>
620	141	225	366	<nil>
620	198	207	405	<nil>
620	167	238	405	<nil>
620	180	225	405	<nil>
620	177	223	400	<nil>
620	199	207	406	<nil>
620	182	224	406	<nil>
620	179	225	404	<nil>
620	241	225	466	<nil>
620	198	208	406	<nil>
620	258	210	468	<nil>
620	176	225	401	<nil>
620	199	208	407	<nil>
620	27847	225	28072	<nil>
620	1191	218	1409	<nil>
620	176	225	401	<nil>
620	176	245	421	<nil>
620	111	255	366	<nil>
620	240	259	499	<nil>
620	121	259	380	<nil>
620	136	227	363	<nil>
620	199	301	500	<nil>
620	2993	261	3254	<nil>
620	27940	229	28169	<nil>
620	300	183	483	<nil>
620	202	171	373	<nil>
620	102	281	383	<nil>
620	145	214	359	<nil>
620	345	170	515	<nil>
620	306	180	486	<nil>
620	258	104	362	<nil>
620	176	178	354	<nil>
620	15417	217	15634	<nil>
620	316	180	496	<nil>
620	199	165	364	<nil>
620	336	166	502	<nil>
620	351	116	467	<nil>
620	320	179	499	<nil>
620	375	126	501	<nil>
620	138	226	364	<nil>
620	129	114	243	<nil>
620	318	183	501	<nil>
620	124	259	383	<nil>
620	111	113	224	<nil>
620	396	114	510	<nil>
620	322	187	509	<nil>
620	125	117	242	<nil>
620	5005	132	5137	<nil>
620	114	257	371	<nil>
620	313	200	513	<nil>
620	340	143	483	<nil>
620	299	183	482	<nil>
620	216	154	370	<nil>
620	313	170	483	<nil>
620	333	183	516	<nil>
620	220	299	519	<nil>
620	115	257	372	<nil>
620	226	133	359	<nil>
620	285	198	483	<nil>
620	331	182	513	<nil>
620	125	123	248	<nil>
620	397	118	515	<nil>
620	303	217	520	<nil>
620	114	118	232	<nil>
620	332	184	516	<nil>
620	128	118	246	<nil>
620	131	146	277	<nil>
620	322	199	521	<nil>
620	238	135	373	<nil>
620	366	118	484	<nil>
620	121	125	246	<nil>
620	140	136	276	<nil>
620	299	186	485	<nil>
620	301	184	485	<nil>
620	313	203	516	<nil>
620	111	119	230	<nil>
620	300	185	485	<nil>
620	141	226	367	<nil>
620	175	184	359	<nil>
620	188	165	353	<nil>
620	126	105	231	<nil>
620	114	104	218	<nil>
620	3195	103	3298	<nil>
620	172	104	276	<nil>
620	278	97	375	<nil>
620	131	105	236	<nil>
620	8931	104	9035	<nil>
620	265	99	364	<nil>
620	126	105	231	<nil>
620	270	106	376	<nil>
620	345	151	496	<nil>
620	257	105	362	<nil>
620	257	106	363	<nil>
620	271	106	377	<nil>
620	269	105	374	<nil>
620	271	107	378	<nil>
620	128	105	233	<nil>
620	174	105	279	<nil>
620	257	107	364	<nil>
620	182	98	280	<nil>
620	124	110	234	<nil>
620	261	117	378	<nil>
620	123	124	247	<nil>
620	311	167	478	<nil>
620	5052	134	5186	<nil>
620	152	6	158	<nil>
620	3138	3	3141	<nil>
620	123	8	131	<nil>
620	2698	6	2704	<nil>
620	66	98	164	<nil>
620	122	103	225	<nil>
620	273	144	417	<nil>
620	261	142	403	<nil>
620	180	136	316	<nil>
620	120	137	257	<nil>
620	16507	143	16650	<nil>
620	258	144	402	<nil>
620	256	146	402	<nil>
620	132	127	259	<nil>
620	94	103	197	<nil>
620	128	126	254	<nil>
620	132	126	258	<nil>
620	124	106	230	<nil>
620	257	106	363	<nil>
620	278	97	375	<nil>
620	259	103	362	<nil>
620	268	136	404	<nil>
620	258	134	392	<nil>
620	253	6	259	<nil>
620	390	5	395	<nil>
620	227	5	232	<nil>
620	253	6	259	<nil>
620	253	6	259	<nil>
620	128	4	132	<nil>
620	129	4	133	<nil>
620	147	7	154	<nil>
620	251	8	259	<nil>
620	124	9	133	<nil>
620	2646	11	2657	<nil>
620	125	8	133	<nil>
620	249	11	260	<nil>
620	161	8	169	<nil>
620	126	8	134	<nil>
620	248	11	259	<nil>
620	250	10	260	<nil>
620	5305	12	5317	<nil>
620	258	10	268	<nil>
620	136	6	142	<nil>
620	130	6	136	<nil>
620	126	11	137	<nil>
620	250	6	256	<nil>
620	127	144	271	<nil>
620	256	147	403	<nil>
620	266	147	413	<nil>
620	267	146	413	<nil>
620	257	144	401	<nil>
620	208	145	353	<nil>
620	130	130	260	<nil>
620	143	132	275	<nil>
620	139	131	270	<nil>
620	154	131	285	<nil>
620	130	132	262	<nil>
620	141	132	273	<nil>
620	153	132	285	<nil>
620	4950	131	5081	<nil>
620	132	131	263	<nil>
620	159	128	287	<nil>
620	170	131	301	<nil>
620	142	133	275	<nil>
620	168	133	301	<nil>
620	140	127	267	<nil>
620	160	133	293	<nil>
620	131	132	263	<nil>
620	156	132	288	<nil>
620	192	0	192	rpc error: code = Unavailable desc = transport is closing
620	132	133	265	<nil>
620	147	131	278	<nil>
620	150	132	282	<nil>
620	153	132	285	<nil>
620	248	132	380	<nil>
620	235	0	235	rpc error: code = Unavailable desc = transport is closing
620	234	0	234	rpc error: code = Unavailable desc = transport is closing
620	237	0	237	rpc error: code = Unavailable desc = transport is closing
620	233	0	233	rpc error: code = Unavailable desc = transport is closing
620	234	0	234	rpc error: code = Unavailable desc = transport is closing
620	241	0	241	rpc error: code = Unavailable desc = transport is closing
620	237	0	237	rpc error: code = Unavailable desc = transport is closing
620	405	0	405	rpc error: code = Unavailable desc = transport is closing
620	398	0	398	rpc error: code = Unavailable desc = transport is closing
620	135	150	285	<nil>
620	381	599	980	<nil>
620	398	0	398	rpc error: code = Unavailable desc = transport is closing
620	272	0	272	rpc error: code = Unavailable desc = transport is closing
620	333	0	333	rpc error: code = Unavailable desc = transport is closing
620	281	0	281	rpc error: code = Unavailable desc = transport is closing
620	407	0	407	rpc error: code = Unavailable desc = transport is closing
620	272	0	272	rpc error: code = Unavailable desc = transport is closing
620	272	0	272	rpc error: code = Unavailable desc = transport is closing
620	271	0	271	rpc error: code = Unavailable desc = transport is closing
620	273	0	273	rpc error: code = Unavailable desc = transport is closing
620	271	0	271	rpc error: code = Unavailable desc = transport is closing
620	318	0	318	rpc error: code = Unavailable desc = transport is closing
620	174	0	174	rpc error: code = Unavailable desc = transport is closing
620	272	0	272	rpc error: code = Unavailable desc = transport is closing
620	271	0	271	rpc error: code = Unavailable desc = transport is closing
620	322	0	322	rpc error: code = Unavailable desc = transport is closing
620	276	0	276	rpc error: code = Unavailable desc = transport is closing
620	9093	0	9093	rpc error: code = Unavailable desc = transport is closing
620	5165	0	5165	rpc error: code = Unavailable desc = transport is closing
620	163	0	163	rpc error: code = Unavailable desc = transport is closing
620	318	0	318	rpc error: code = Unavailable desc = transport is closing
620	172	0	172	rpc error: code = Unavailable desc = transport is closing
620	171	0	171	rpc error: code = Unavailable desc = transport is closing
620	100	0	100	rpc error: code = Unavailable desc = transport is closing
620	183	0	183	rpc error: code = Unavailable desc = transport is closing
620	5066	0	5066	rpc error: code = Unavailable desc = transport is closing
620	737	0	737	rpc error: code = Unavailable desc = transport is closing
620	731	0	731	rpc error: code = Unavailable desc = transport is closing
620	183	0	183	rpc error: code = Unavailable desc = transport is closing
620	755	0	755	rpc error: code = Unavailable desc = transport is closing
620	1771	0	1771	rpc error: code = Unavailable desc = transport is closing
620	1772	0	1772	rpc error: code = Unavailable desc = transport is closing
620	747	0	747	rpc error: code = Unavailable desc = transport is closing
620	736	0	736	rpc error: code = Unavailable desc = transport is closing
620	723	0	723	rpc error: code = Unavailable desc = transport is closing
620	733	0	733	rpc error: code = Unavailable desc = transport is closing
620	727	0	727	rpc error: code = Unavailable desc = transport is closing
620	1757	0	1757	rpc error: code = Unavailable desc = transport is closing
620	742	0	742	rpc error: code = Unavailable desc = transport is closing
620	738	0	738	rpc error: code = Unavailable desc = transport is closing
620	760	0	760	rpc error: code = Unavailable desc = transport is closing
620	747	0	747	rpc error: code = Unavailable desc = transport is closing
620	5447	0	5447	rpc error: code = Unavailable desc = transport is closing
620	1782	0	1782	rpc error: code = Unavailable desc = transport is closing
620	197	0	197	rpc error: code = Unavailable desc = transport is closing
620	746	0	746	rpc error: code = Unavailable desc = transport is closing
620	197	0	197	rpc error: code = Unavailable desc = transport is closing
620	742	0	742	rpc error: code = Unavailable desc = transport is closing
620	1760	0	1760	rpc error: code = Unavailable desc = transport is closing
620	1782	0	1782	rpc error: code = Unavailable desc = transport is closing
620	766	0	766	rpc error: code = Unavailable desc = transport is closing
620	1782	0	1782	rpc error: code = Unavailable desc = transport is closing
620	3409	0	3409	rpc error: code = Unavailable desc = transport is closing
620	746	0	746	rpc error: code = Unavailable desc = transport is closing
620	746	0	746	rpc error: code = Unavailable desc = transport is closing
620	213	0	213	rpc error: code = Unavailable desc = transport is closing
620	747	0	747	rpc error: code = Unavailable desc = transport is closing
620	201	0	201	rpc error: code = Unavailable desc = transport is closing
620	1782	0	1782	rpc error: code = Unavailable desc = transport is closing
620	747	0	747	rpc error: code = Unavailable desc = transport is closing
620	755	0	755	rpc error: code = Unavailable desc = transport is closing
620	747	0	747	rpc error: code = Unavailable desc = transport is closing
620	755	0	755	rpc error: code = Unavailable desc = transport is closing
620	3375	0	3375	rpc error: code = Unavailable desc = transport is closing
620	553	0	553	rpc error: code = Unavailable desc = transport is closing
620	744	0	744	rpc error: code = Unavailable desc = transport is closing
620	5553	0	5553	rpc error: code = Unavailable desc = transport is closing
620	766	0	766	rpc error: code = Unavailable desc = transport is closing
620	1783	0	1783	rpc error: code = Unavailable desc = transport is closing
620	742	0	742	rpc error: code = Unavailable desc = transport is closing
620	747	0	747	rpc error: code = Unavailable desc = transport is closing
620	1776	0	1776	rpc error: code = Unavailable desc = transport is closing
620	768	0	768	rpc error: code = Unavailable desc = transport is closing
620	9679	0	9679	rpc error: code = Unavailable desc = transport is closing
620	751	0	751	rpc error: code = Unavailable desc = transport is closing
620	748	0	748	rpc error: code = Unavailable desc = transport is closing
620	28970	0	28970	rpc error: code = Unavailable desc = transport is closing
620	761	0	761	rpc error: code = Unavailable desc = transport is closing
620	748	0	748	rpc error: code = Unavailable desc = transport is closing
620	754	0	754	rpc error: code = Unavailable desc = transport is closing
620	760	0	760	rpc error: code = Unavailable desc = transport is closing
620	1779	0	1779	rpc error: code = Unavailable desc = transport is closing
620	747	0	747	rpc error: code = Unavailable desc = transport is closing
620	747	0	747	rpc error: code = Unavailable desc = transport is closing
620	754	0	754	rpc error: code = Unavailable desc = transport is closing
620	1794	0	1794	rpc error: code = Unavailable desc = transport is closing
620	747	0	747	rpc error: code = Unavailable desc = transport is closing
620	1782	0	1782	rpc error: code = Unavailable desc = transport is closing
620	761	0	761	rpc error: code = Unavailable desc = transport is closing
620	727	0	727	rpc error: code = Unavailable desc = transport is closing
620	520	0	520	rpc error: code = Unavailable desc = transport is closing
620	5384	0	5384	rpc error: code = Unavailable desc = transport is closing
620	727	0	727	rpc error: code = Unavailable desc = transport is closing
620	785	44	829	<nil>
620	764	49	813	<nil>
620	752	52	804	<nil>
620	757	45	802	<nil>
620	788	61	849	<nil>
620	755	50	805	<nil>
620	836	29	865	<nil>
620	760	45	805	<nil>
620	757	58	815	<nil>
620	759	44	803	<nil>
620	1859	90	1949	<nil>
620	759	59	818	<nil>
620	755	62	817	<nil>
620	759	90	849	<nil>
620	803	50	853	<nil>
620	760	90	850	<nil>
620	1792	89	1881	<nil>
620	641	84	725	<nil>
620	755	119	874	<nil>
620	789	85	874	<nil>
620	789	84	873	<nil>
620	759	115	874	<nil>
620	1795	115	1910	<nil>
620	5967	114	6081	<nil>
620	758	114	872	<nil>
620	761	114	875	<nil>
620	760	115	875	<nil>
620	789	87	876	<nil>
620	3442	114	3556	<nil>
620	791	86	877	<nil>
620	760	114	874	<nil>
620	832	91	923	<nil>
620	789	91	880	<nil>
620	832	92	924	<nil>
620	788	92	880	<nil>
620	791	91	882	<nil>
620	6109	87	6196	<nil>
620	829	117	946	<nil>
620	838	135	973	<nil>
620	785	143	928	<nil>
620	783	148	931	<nil>
620	788	141	929	<nil>
620	780	149	929	<nil>
620	823	148	971	<nil>
620	590	143	733	<nil>
620	662	143	805	<nil>
620	789	143	932	<nil>
620	788	144	932	<nil>
620	788	155	943	<nil>
620	788	161	949	<nil>
620	786	172	958	<nil>
620	831	179	1010	<nil>
620	663	173	836	<nil>
620	622	173	795	<nil>
620	786	174	960	<nil>
620	825	170	995	<nil>
620	1826	177	2003	<nil>
620	5751	188	5939	<nil>
620	790	191	981	<nil>
620	620	191	811	<nil>
620	789	196	985	<nil>
620	5599	177	5776	<nil>
620	618	198	816	<nil>
620	5599	177	5776	<nil>
620	785	177	962	<nil>
620	786	178	964	<nil>
620	788	175	963	<nil>
620	1821	176	1997	<nil>
620	801	191	992	<nil>
620	779	183	962	<nil>
620	791	173	964	<nil>
620	2591	71	2662	<nil>
620	664	192	856	<nil>
620	200	25	225	<nil>
620	5797	21	5818	<nil>
620	216	13	229	<nil>
620	216	13	229	<nil>
620	793	192	985	<nil>
620	793	191	984	<nil>
620	792	190	982	<nil>
620	792	190	982	<nil>
620	792	192	984	<nil>
620	791	194	985	<nil>
620	226	7	233	<nil>
620	619	195	814	<nil>
620	791	191	982	<nil>
620	207	26	233	<nil>
620	15760	193	15953	<nil>
620	787	177	964	<nil>
620	618	196	814	<nil>
620	843	195	1038	<nil>
620	5626	196	5822	<nil>
620	830	177	1007	<nil>
620	790	196	986	<nil>
620	130	110	240	<nil>
620	137	105	242	<nil>
620	2469	190	2659	<nil>
620	125	122	247	<nil>
620	137	103	240	<nil>
620	138	106	244	<nil>
620	126	115	241	<nil>
620	121	123	244	<nil>
620	801	190	991	<nil>
620	791	198	989	<nil>
620	626	190	816	<nil>
620	799	193	992	<nil>
620	627	191	818	<nil>
620	800	191	991	<nil>
620	123	191	314	<nil>
620	673	199	872	<nil>
620	16387	192	16579	<nil>
620	792	199	991	<nil>
620	42188	191	42379	<nil>
620	792	199	991	<nil>
620	793	198	991	<nil>
620	135	106	241	<nil>
620	79	191	270	<nil>
620	5747	175	5922	<nil>
620	173	68	241	<nil>
620	801	190	991	<nil>
620	618	198	816	<nil>
620	785	179	964	<nil>
620	792	200	992	<nil>
620	135	105	240	<nil>
620	831	176	1007	<nil>
620	162	42	204	<nil>
620	173	83	256	<nil>
620	154	102	256	<nil>
620	162	39	201	<nil>
620	154	56	210	<nil>
620	2599	75	2674	<nil>
620	163	43	206	<nil>
620	162	40	202	<nil>
620	165	41	206	<nil>
620	168	83	251	<nil>
620	172	81	253	<nil>
620	154	56	210	<nil>
620	180	75	255	<nil>
620	163	40	203	<nil>
620	169	87	256	<nil>
620	164	43	207	<nil>
620	5728	45	5773	<nil>
620	173	80	253	<nil>
620	172	84	256	<nil>
620	162	40	202	<nil>
620	139	114	253	<nil>
620	173	80	253	<nil>
620	159	92	251	<nil>
620	162	39	201	<nil>
620	791	189	980	<nil>
620	175	80	255	<nil>
620	1163	47	1210	<nil>
620	198	18	216	<nil>
620	204	16	220	<nil>
620	173	95	268	<nil>
620	201	19	220	<nil>
620	197	23	220	<nil>
620	200	23	223	<nil>
620	198	21	219	<nil>
620	194	21	215	<nil>
620	197	23	220	<nil>
620	199	26	225	<nil>
620	198	27	225	<nil>
620	197	24	221	<nil>
620	228	9	237	<nil>
620	198	26	224	<nil>
620	200	24	224	<nil>
620	200	25	225	<nil>
620	197	24	221	<nil>
620	200	26	226	<nil>
620	198	26	224	<nil>
620	197	28	225	<nil>
620	206	19	225	<nil>
620	790	192	982	<nil>
620	204	22	226	<nil>
620	1186	25	1211	<nil>
620	201	26	227	<nil>
620	197	27	224	<nil>
620	10357	25	10382	<nil>
620	196	29	225	<nil>
620	210	18	228	<nil>
620	202	25	227	<nil>
620	202	24	226	<nil>
620	201	24	225	<nil>
620	229	12	241	<nil>
620	210	18	228	<nil>
620	131	19	150	<nil>
620	2934	29	2963	<nil>
620	216	12	228	<nil>
620	2736	13	2749	<nil>
620	135	18	153	<nil>
620	209	18	227	<nil>
620	139	15	154	<nil>
620	171	16	187	<nil>
620	220	23	243	<nil>
620	29012	182	29194	<nil>
620	204	25	229	<nil>
620	210	19	229	<nil>
620	790	191	981	<nil>
620	791	189	980	<nil>
620	2883	13	2896	<nil>
620	148	14	162	<nil>
620	193	12	205	<nil>
620	1143	30	1173	<nil>
620	1206	12	1218	<nil>
620	206	27	233	<nil>
620	206	22	228	<nil>
620	131	9	140	<nil>
620	227	7	234	<nil>
620	134	17	151	<nil>
620	5750	193	5943	<nil>
620	105	192	297	<nil>
620	198	25	223	<nil>
620	200	26	226	<nil>
620	2459	15	2474	<nil>
620	139	9	148	<nil>
620	138	11	149	<nil>
620	1169	10	1179	<nil>
620	157	10	167	<nil>
620	156	16	172	<nil>
620	135	21	156	<nil>
620	132	19	151	<nil>
620	129	22	151	<nil>
620	228	12	240	<nil>
620	2689	19	2708	<nil>
620	209	21	230	<nil>
620	220	21	241	<nil>
620	201	28	229	<nil>
620	182	29	211	<nil>
620	128	25	153	<nil>
620	2983	15	2998	<nil>
620	2950	27	2977	<nil>
620	1163	29	1192	<nil>
620	206	27	233	<nil>
620	220	21	241	<nil>
620	129	27	156	<nil>
620	2697	16	2713	<nil>
620	136	28	164	<nil>
620	135	18	153	<nil>
620	93	21	114	<nil>
620	87	28	115	<nil>
620	94	21	115	<nil>
620	87	29	116	<nil>
620	100	16	116	<nil>
620	99	17	116	<nil>
620	99	17	116	<nil>
620	103	18	121	<nil>
620	109	18	127	<nil>
620	2732	16	2748	<nil>
620	86	18	104	<nil>
620	40	18	58	<nil>
620	72	18	90	<nil>
620	43	18	61	<nil>
620	53	18	71	<nil>
620	71	18	89	<nil>
620	69	19	88	<nil>
620	80	20	100	<nil>
620	69	18	87	<nil>
620	2701	18	2719	<nil>
620	42	18	60	<nil>
620	5991	18	6009	<nil>
620	69	19	88	<nil>
620	46	17	63	<nil>
620	233	29	262	<nil>
620	1270	28	1298	<nil>
620	1270	27	1297	<nil>
620	232	28	260	<nil>
620	235	28	263	<nil>
620	257	19	276	<nil>
620	2983	3	2986	<nil>
620	250	4	254	<nil>
620	260	5	265	<nil>
620	235	28	263	<nil>
620	1295	16	1311	<nil>
620	268	8	276	<nil>
620	257	20	277	<nil>
620	296	21	317	<nil>
620	263	3	266	<nil>
620	2982	6	2988	<nil>
620	270	4	274	<nil>
620	278	6	284	<nil>
620	278	6	284	<nil>
620	282	5	287	<nil>
620	277	7	284	<nil>
620	277	6	283	<nil>
620	233	30	263	<nil>
620	272	8	280	<nil>
620	258	30	288	<nil>
620	269	8	277	<nil>
620	279	10	289	<nil>
620	278	10	288	<nil>
620	280	9	289	<nil>
620	279	11	290	<nil>
620	278	11	289	<nil>
620	278	12	290	<nil>
620	277	12	289	<nil>
620	2685	11	2696	<nil>
620	284	10	294	<nil>
620	281	10	291	<nil>
620	278	13	291	<nil>
620	281	10	291	<nil>
620	282	10	292	<nil>
620	278	14	292	<nil>
620	1319	10	1329	<nil>
620	273	12	285	<nil>
620	279	13	292	<nil>
620	281	14	295	<nil>
620	282	13	295	<nil>
620	280	15	295	<nil>
620	268	17	285	<nil>
620	282	13	295	<nil>
620	272	33	305	<nil>
620	280	60	340	<nil>
620	1319	60	1379	<nil>
620	18781	61	18842	<nil>
620	286	58	344	<nil>
620	280	62	342	<nil>
620	280	62	342	<nil>
620	321	59	380	<nil>
620	294	50	344	<nil>
620	286	59	345	<nil>
620	283	61	344	<nil>
620	282	60	342	<nil>
620	273	62	335	<nil>
620	281	59	340	<nil>
620	281	61	342	<nil>
620	282	61	343	<nil>
620	274	59	333	<nil>
620	278	59	337	<nil>
620	275	71	346	<nil>
620	282	69	351	<nil>
620	270	77	347	<nil>
620	2982	73	3055	<nil>
620	8866	69	8935	<nil>
620	285	71	356	<nil>
620	285	67	352	<nil>
620	275	70	345	<nil>
620	285	70	355	<nil>
620	278	70	348	<nil>
620	293	61	354	<nil>
620	278	80	358	<nil>
620	284	71	355	<nil>
620	289	72	361	<nil>
620	282	77	359	<nil>
620	1135	86	1221	<nil>
620	277	81	358	<nil>
620	293	69	362	<nil>
620	287	73	360	<nil>
620	283	71	354	<nil>
620	283	79	362	<nil>
620	273	81	354	<nil>
620	279	74	353	<nil>
620	290	73	363	<nil>
620	287	75	362	<nil>
620	272	82	354	<nil>
620	273	86	359	<nil>
620	2988	80	3068	<nil>
620	291	72	363	<nil>
620	2995	73	3068	<nil>
620	282	93	375	<nil>
620	2754	104	2858	<nil>
620	292	82	374	<nil>
620	278	94	372	<nil>
620	294	80	374	<nil>
620	286	80	366	<nil>
620	290	81	371	<nil>
620	277	96	373	<nil>
620	278	185	463	<nil>
620	9310	190	9500	<nil>
620	272	200	472	<nil>
620	278	202	480	<nil>
620	276	206	482	<nil>
620	2987	201	3188	<nil>
620	276	202	478	<nil>
620	358	125	483	<nil>
620	281	193	474	<nil>
620	271	205	476	<nil>
620	3206	210	3416	<nil>
620	280	196	476	<nil>
620	325	148	473	<nil>
620	266	207	473	<nil>
620	275	210	485	<nil>
620	377	104	481	<nil>
620	195	16	211	<nil>
620	181	28	209	<nil>
620	273	211	484	<nil>
620	277	204	481	<nil>
620	197	23	220	<nil>
620	365	115	480	<nil>
620	276	209	485	<nil>
620	271	206	477	<nil>
620	270	210	480	<nil>
620	215	12	227	<nil>
620	228	13	241	<nil>
620	206	16	222	<nil>
620	150	5	155	<nil>
620	152	5	157	<nil>
620	9098	6	9104	<nil>
620	2685	210	2895	<nil>
620	151	6	157	<nil>
620	195	15	210	<nil>
620	184	25	209	<nil>
620	195	20	215	<nil>
620	181	27	208	<nil>
620	183	27	210	<nil>
620	3273	207	3480	<nil>
620	190	24	214	<nil>
620	147	12	159	<nil>
620	195	21	216	<nil>
620	192	25	217	<nil>
620	206	24	230	<nil>
620	190	25	215	<nil>
620	215	25	240	<nil>
620	201	22	223	<nil>
620	194	22	216	<nil>
620	193	23	216	<nil>
620	189	27	216	<nil>
620	194	23	217	<nil>
620	194	28	222	<nil>
620	2983	207	3190	<nil>
620	193	23	216	<nil>
620	198	23	221	<nil>
620	151	9	160	<nil>
620	188	27	215	<nil>
620	193	25	218	<nil>
620	200	25	225	<nil>
620	200	26	226	<nil>
620	212	15	227	<nil>
620	139	13	152	<nil>
620	219	14	233	<nil>
620	205	16	221	<nil>
620	215	15	230	<nil>
620	217	14	231	<nil>
620	139	13	152	<nil>
620	147	15	162	<nil>
620	215	15	230	<nil>
620	219	13	232	<nil>
620	274	207	481	<nil>
620	217	16	233	<nil>
620	211	14	225	<nil>
620	203	18	221	<nil>
620	213	14	227	<nil>
620	137	15	152	<nil>
620	9528	15	9543	<nil>
620	27274	14	27288	<nil>
620	130	10	140	<nil>
620	216	14	230	<nil>
620	212	16	228	<nil>
620	269	208	477	<nil>
620	27271	18	27289	<nil>
620	221	14	235	<nil>
620	25394	15	25409	<nil>
620	159	14	173	<nil>
620	289	197	486	<nil>
620	129	12	141	<nil>
620	273	211	484	<nil>
620	151	5	156	<nil>
620	136	13	149	<nil>
620	151	5	156	<nil>
620	152	5	157	<nil>
620	130	5	135	<nil>
620	138	6	144	<nil>
620	150	8	158	<nil>
620	119	11	130	<nil>
620	151	6	157	<nil>
620	135	8	143	<nil>
620	149	8	157	<nil>
620	130	7	137	<nil>
620	23	200	223	<nil>
620	3008	210	3218	<nil>
620	151	7	158	<nil>
620	208	9	217	<nil>
620	127	10	137	<nil>
620	117	10	127	<nil>
620	194	23	217	<nil>
620	151	9	160	<nil>
620	138	12	150	<nil>
620	128	12	140	<nil>
620	119	15	134	<nil>
620	130	9	139	<nil>
620	9096	6	9102	<nil>
620	152	6	158	<nil>
620	281	201	482	<nil>
620	214	16	230	<nil>
620	117	23	140	<nil>
620	128	39	167	<nil>
620	128	58	186	<nil>
620	9541	55	9596	<nil>
620	139	57	196	<nil>
620	128	57	185	<nil>
620	138	102	240	<nil>
620	129	99	228	<nil>
620	119	100	219	<nil>
620	76153	0	76153	rpc error: code = DeadlineExceeded desc = context deadline exceeded
620	128	101	229	<nil>
620	45	102	147	<nil>
620	141	100	241	<nil>
620	127	102	229	<nil>
620	129	100	229	<nil>
620	534	0	534	rpc error: code = DeadlineExceeded desc = context deadline exceeded
620	137	101	238	<nil>
620	37	104	141	<nil>
620	130	101	231	<nil>
620	130	99	229	<nil>
620	510	0	510	rpc error: code = DeadlineExceeded desc = context deadline exceeded
620	8824	0	8824	rpc error: code = DeadlineExceeded desc = context deadline exceeded
620	502	0	502	rpc error: code = DeadlineExceeded desc = context deadline exceeded
620	409	0	409	rpc error: code = DeadlineExceeded desc = context deadline exceeded
620	496	0	496	rpc error: code = DeadlineExceeded desc = context deadline exceeded
620	516	0	516	rpc error: code = DeadlineExceeded desc = context deadline exceeded
620	497	0	497	rpc error: code = DeadlineExceeded desc = context deadline exceeded
620	498	0	498	rpc error: code = DeadlineExceeded desc = context deadline exceeded
620	519	0	519	rpc error: code = DeadlineExceeded desc = context deadline exceeded
620	405	0	405	rpc error: code = DeadlineExceeded desc = context deadline exceeded
620	510	0	510	rpc error: code = DeadlineExceeded desc = context deadline exceeded
620	495	0	495	rpc error: code = DeadlineExceeded desc = context deadline exceeded
620	407	0	407	rpc error: code = DeadlineExceeded desc = context deadline exceeded
620	405	0	405	rpc error: code = DeadlineExceeded desc = context deadline exceeded
620	520	0	520	rpc error: code = DeadlineExceeded desc = context deadline exceeded
620	2977	0	2977	rpc error: code = DeadlineExceeded desc = context deadline exceeded
620	497	0	497	rpc error: code = DeadlineExceeded desc = context deadline exceeded
620	139	100	239	<nil>
620	407	0	407	rpc error: code = DeadlineExceeded desc = context deadline exceeded
620	126	104	230	<nil>
620	557	0	557	rpc error: code = DeadlineExceeded desc = context deadline exceeded
620	548	0	548	rpc error: code = DeadlineExceeded desc = context deadline exceeded
620	560	0	560	rpc error: code = DeadlineExceeded desc = context deadline exceeded
620	574	0	574	rpc error: code = DeadlineExceeded desc = context deadline exceeded
620	480	0	480	rpc error: code = DeadlineExceeded desc = context deadline exceeded
620	565	0	565	rpc error: code = DeadlineExceeded desc = context deadline exceeded
620	570	0	570	rpc error: code = DeadlineExceeded desc = context deadline exceeded
620	564	0	564	rpc error: code = DeadlineExceeded desc = context deadline exceeded
620	480	0	480	rpc error: code = DeadlineExceeded desc = context deadline exceeded
620	481	0	481	rpc error: code = DeadlineExceeded desc = context deadline exceeded
620	484	0	484	rpc error: code = DeadlineExceeded desc = context deadline exceeded
620	481	0	481	rpc error: code = DeadlineExceeded desc = context deadline exceeded
620	491	0	491	rpc error: code = DeadlineExceeded desc = context deadline exceeded
620	482	0	482	rpc error: code = DeadlineExceeded desc = context deadline exceeded
620	484	0	484	rpc error: code = DeadlineExceeded desc = context deadline exceeded
620	479	0	479	rpc error: code = DeadlineExceeded desc = context deadline exceeded
620	479	0	479	rpc error: code = DeadlineExceeded desc = context deadline exceeded
620	482	0	482	rpc error: code = DeadlineExceeded desc = context deadline exceeded
620	210	0	210	rpc error: code = DeadlineExceeded desc = context deadline exceeded
620	210	0	210	rpc error: code = DeadlineExceeded desc = context deadline exceeded
620	210	0	210	rpc error: code = DeadlineExceeded desc = context deadline exceeded
620	210	0	210	rpc error: code = DeadlineExceeded desc = context deadline exceeded
620	210	0	210	rpc error: code = DeadlineExceeded desc = context deadline exceeded
620	194	0	194	rpc error: code = Unavailable desc = transport is closing
620	199	0	199	rpc error: code = Unavailable desc = transport is closing
620	198	0	198	rpc error: code = Unavailable desc = transport is closing
620	219	0	219	rpc error: code = Unavailable desc = transport is closing
620	201	0	201	rpc error: code = Unavailable desc = transport is closing
620	15681	76	15757	<nil>
620	596	92	688	<nil>
620	595	0	595	rpc error: code = Unavailable desc = transport is closing
620	553	0	553	rpc error: code = Unavailable desc = transport is closing
620	595	94	689	<nil>
620	554	0	554	rpc error: code = Unavailable desc = transport is closing
620	554	0	554	rpc error: code = Unavailable desc = transport is closing
620	542	0	542	rpc error: code = Unavailable desc = transport is closing
620	557	0	557	rpc error: code = Unavailable desc = transport is closing
620	595	0	595	rpc error: code = Unavailable desc = transport is closing
620	562	0	562	rpc error: code = Unavailable desc = transport is closing
620	600	0	600	rpc error: code = Unavailable desc = transport is closing
620	553	0	553	rpc error: code = Unavailable desc = transport is closing
620	597	0	597	rpc error: code = Unavailable desc = transport is closing
620	559	0	559	rpc error: code = Unavailable desc = transport is closing
620	558	0	558	rpc error: code = Unavailable desc = transport is closing
620	559	0	559	rpc error: code = Unavailable desc = transport is closing
620	559	0	559	rpc error: code = Unavailable desc = transport is closing
620	559	0	559	rpc error: code = Unavailable desc = transport is closing
620	559	0	559	rpc error: code = Unavailable desc = transport is closing
620	564	0	564	rpc error: code = Unavailable desc = transport is closing
620	559	0	559	rpc error: code = Unavailable desc = transport is closing
620	561	0	561	rpc error: code = Unavailable desc = transport is closing
620	561	0	561	rpc error: code = Unavailable desc = transport is closing
620	562	0	562	rpc error: code = Unavailable desc = transport is closing
620	559	0	559	rpc error: code = Unavailable desc = transport is closing
620	560	0	560	rpc error: code = Unavailable desc = transport is closing
620	562	0	562	rpc error: code = Unavailable desc = transport is closing
620	570	0	570	rpc error: code = Unavailable desc = transport is closing
620	593	0	593	rpc error: code = Unavailable desc = transport is closing
620	593	0	593	rpc error: code = Unavailable desc = transport is closing
620	598	0	598	rpc error: code = Unavailable desc = transport is closing
620	591	0	591	rpc error: code = Unavailable desc = transport is closing
620	613	0	613	rpc error: code = Unavailable desc = transport is closing
620	621	0	621	rpc error: code = Unavailable desc = transport is closing
620	619	0	619	rpc error: code = Unavailable desc = transport is closing
620	621	0	621	rpc error: code = Unavailable desc = transport is closing
620	613	0	613	rpc error: code = Unavailable desc = transport is closing
620	623	0	623	rpc error: code = Unavailable desc = transport is closing
620	604	0	604	rpc error: code = Unavailable desc = transport is closing
620	605	0	605	rpc error: code = Unavailable desc = transport is closing
620	629	81	710	<nil>
620	648	84	732	<nil>
620	608	0	608	rpc error: code = Unavailable desc = transport is closing
620	517	84	601	<nil>
620	608	0	608	rpc error: code = Unavailable desc = transport is closing
620	615	0	615	rpc error: code = Unavailable desc = transport is closing
620	15841	0	15841	rpc error: code = Unavailable desc = transport is closing
620	624	0	624	rpc error: code = Unavailable desc = transport is closing
620	1317	85	1402	<nil>
620	621	0	621	rpc error: code = Unavailable desc = transport is closing
620	188	86	274	<nil>
620	616	0	616	rpc error: code = Unavailable desc = transport is closing
620	612	0	612	rpc error: code = Unavailable desc = transport is closing
620	607	0	607	rpc error: code = Unavailable desc = transport is closing
620	660	0	660	rpc error: code = Unavailable desc = transport is closing
620	621	0	621	rpc error: code = Unavailable desc = transport is closing
620	662	0	662	rpc error: code = Unavailable desc = transport is closing
620	606	0	606	rpc error: code = Unavailable desc = transport is closing
620	74	3	77	<nil>
620	132	22	154	<nil>
620	74	4	78	<nil>
620	617	0	617	rpc error: code = Unavailable desc = transport is closing
620	73	6	79	<nil>
620	621	0	621	rpc error: code = Unavailable desc = transport is closing
620	616	0	616	rpc error: code = Unavailable desc = transport is closing
620	609	0	609	rpc error: code = Unavailable desc = transport is closing
620	60	6	66	<nil>
620	644	0	644	rpc error: code = Unavailable desc = transport is closing
620	621	0	621	rpc error: code = Unavailable desc = transport is closing
620	618	0	618	rpc error: code = Unavailable desc = transport is closing
620	620	0	620	rpc error: code = Unavailable desc = transport is closing
620	498	0	498	rpc error: code = Unavailable desc = transport is closing
620	622	0	622	rpc error: code = Unavailable desc = transport is closing
620	616	0	616	rpc error: code = Unavailable desc = transport is closing
620	67	9	76	<nil>
620	619	0	619	rpc error: code = Unavailable desc = transport is closing
620	621	0	621	rpc error: code = Unavailable desc = transport is closing
620	60	7	67	<nil>
620	622	0	622	rpc error: code = Unavailable desc = transport is closing
620	616	0	616	rpc error: code = Unavailable desc = transport is closing
620	622	0	622	rpc error: code = Unavailable desc = transport is closing
620	660	0	660	rpc error: code = Unavailable desc = transport is closing
620	608	0	608	rpc error: code = Unavailable desc = transport is closing
620	613	0	613	rpc error: code = Unavailable desc = transport is closing
620	623	0	623	rpc error: code = Unavailable desc = transport is closing
620	626	83	709	<nil>
620	624	82	706	<nil>
620	644	83	727	<nil>
620	631	84	715	<nil>
620	633	84	717	<nil>
620	59	8	67	<nil>
620	624	84	708	<nil>
620	624	84	708	<nil>
620	618	83	701	<nil>
620	622	0	622	rpc error: code = Unavailable desc = transport is closing
620	623	83	706	<nil>
620	627	80	707	<nil>
620	624	84	708	<nil>
620	5544	84	5628	<nil>
620	535	84	619	<nil>
620	624	83	707	<nil>
620	614	0	614	rpc error: code = Unavailable desc = transport is closing
620	604	0	604	rpc error: code = Unavailable desc = transport is closing
620	631	88	719	<nil>
620	643	83	726	<nil>
620	634	83	717	<nil>
620	187	84	271	<nil>
620	522	82	604	<nil>
620	192	82	274	<nil>
620	633	85	718	<nil>
620	10184	84	10268	<nil>
620	5526	89	5615	<nil>
620	27178	81	27259	<nil>
620	633	84	717	<nil>
620	639	84	723	<nil>
620	208	72	280	<nil>
620	185	81	266	<nil>
620	5789	84	5873	<nil>
620	628	86	714	<nil>
620	189	80	269	<nil>
620	643	90	733	<nil>
620	69	8	77	<nil>
620	1288	83	1371	<nil>
620	187	83	270	<nil>
620	1288	84	1372	<nil>
620	1320	80	1400	<nil>
620	183	84	267	<nil>
620	640	85	725	<nil>
620	65697	84	65781	<nil>
620	182	85	267	<nil>
620	5548	85	5633	<nil>
620	9736	85	9821	<nil>
620	187	86	273	<nil>
620	641	83	724	<nil>
620	607	0	607	rpc error: code = Unavailable desc = transport is closing
620	184	85	269	<nil>
620	71	0	71	<nil>
620	168	87	255	<nil>
620	1288	85	1373	<nil>
620	217	57	274	<nil>
620	1514	84	1598	<nil>
620	1513	85	1598	<nil>
620	187	84	271	<nil>
620	185	86	271	<nil>
620	43594	72	43666	<nil>
620	199	73	272	<nil>
620	5791	86	5877	<nil>
620	200	73	273	<nil>
620	603	0	603	rpc error: code = Unavailable desc = transport is closing
620	74	2	76	<nil>
620	619	0	619	rpc error: code = Unavailable desc = transport is closing
620	130	22	152	<nil>
620	93	3	96	<nil>
620	2591	64	2655	<nil>
620	97	16	113	<nil>
620	111	19	130	<nil>
620	2834	78	2912	<nil>
620	30443	77	30520	<nil>
620	17929	16	17945	<nil>
620	230	78	308	<nil>
620	1459	80	1539	<nil>
620	129	24	153	<nil>
620	10201	78	10279	<nil>
620	132	23	155	<nil>
620	130	24	154	<nil>
620	199	81	280	<nil>
620	114	20	134	<nil>
620	201	80	281	<nil>
620	155	81	236	<nil>
620	206	74	280	<nil>
620	8736	4	8740	<nil>
620	76	5	81	<nil>
620	1527	80	1607	<nil>
620	199	81	280	<nil>
620	614	0	614	rpc error: code = Unavailable desc = transport is closing
620	214	80	294	<nil>
620	620	0	620	rpc error: code = Unavailable desc = transport is closing
620	2894	16	2910	<nil>
620	16042	81	16123	<nil>
620	636	0	636	rpc error: code = Unavailable desc = transport is closing
620	2995	6	3001	<nil>
620	617	0	617	rpc error: code = Unavailable desc = transport is closing
620	59	7	66	<nil>
620	57	8	65	<nil>
620	69	7	76	<nil>
620	60	6	66	<nil>
620	69	7	76	<nil>
620	3567	0	3567	rpc error: code = Unavailable desc = transport is closing
620	653	0	653	rpc error: code = Unavailable desc = transport is closing
620	59	8	67	<nil>
620	624	84	708	<nil>
620	184	85	269	<nil>
620	68	0	68	<nil>
620	634	84	718	<nil>
620	77	0	77	<nil>
620	304	25	329	<nil>
620	304	25	329	<nil>
620	258	26	284	<nil>
620	280	12	292	<nil>
620	281	26	307	<nil>
620	261	25	286	<nil>
620	260	12	272	<nil>
620	254	13	267	<nil>
620	281	10	291	<nil>
620	259	10	269	<nil>
620	2917	10	2927	<nil>
620	291	10	301	<nil>
620	256	10	266	<nil>
620	257	10	267	<nil>
620	257	10	267	<nil>
620	277	12	289	<nil>
620	282	11	293	<nil>
620	287	4	291	<nil>
620	281	10	291	<nil>
620	259	9	268	<nil>
620	187	9	196	<nil>
620	279	3	282	<nil>
620	3177	12	3189	<nil>
620	254	12	266	<nil>
620	254	12	266	<nil>
620	259	10	269	<nil>
620	256	10	266	<nil>
620	258	10	268	<nil>
620	258	11	269	<nil>
620	270	12	282	<nil>
620	282	12	294	<nil>
620	257	10	267	<nil>
620	257	10	267	<nil>
620	288	16	304	<nil>
620	304	25	329	<nil>
620	281	17	298	<nil>
620	288	18	306	<nil>
620	261	10	271	<nil>
620	301	11	312	<nil>
620	261	10	271	<nil>
620	257	10	267	<nil>
620	268	15	283	<nil>
620	276	6	282	<nil>
620	5481	19	5500	<nil>
620	258	19	277	<nil>
620	3241	20	3261	<nil>
620	270	12	282	<nil>
620	280	5	285	<nil>
620	280	12	292	<nil>
620	267	16	283	<nil>
620	272	27	299	<nil>
620	285	8	293	<nil>
620	299	16	315	<nil>
620	279	6	285	<nil>
620	286	8	294	<nil>
620	277	10	287	<nil>
620	274	17	291	<nil>
620	272	16	288	<nil>
620	277	51	328	<nil>
620	283	52	335	<nil>
620	3264	86	3350	<nil>
620	292	87	379	<nil>
620	279	95	374	<nil>
620	281	86	367	<nil>
620	287	102	389	<nil>
620	273	120	393	<nil>
620	1132	126	1258	<nil>
620	271	136	407	<nil>
620	273	139	412	<nil>
620	280	139	419	<nil>
620	272	146	418	<nil>
620	270	139	409	<nil>
620	269	140	409	<nil>
620	270	140	410	<nil>
620	1163	130	1293	<nil>
620	286	131	417	<nil>
620	282	136	418	<nil>
620	277	138	415	<nil>
620	270	145	415	<nil>
620	282	133	415	<nil>
620	273	145	418	<nil>
620	2937	138	3075	<nil>
620	269	146	415	<nil>
620	278	137	415	<nil>
620	283	132	415	<nil>
620	270	145	415	<nil>
620	279	139	418	<nil>
620	270	145	415	<nil>
620	281	134	415	<nil>
620	279	138	417	<nil>
620	10420	147	10567	<nil>
620	2793	145	2938	<nil>
620	3100	140	3240	<nil>
620	281	136	417	<nil>
620	273	145	418	<nil>
620	270	146	416	<nil>
620	14298	136	14434	<nil>
620	270	139	409	<nil>
620	5894	143	6037	<nil>
620	271	154	425	<nil>
620	281	141	422	<nil>
620	268	154	422	<nil>
620	1148	168	1316	<nil>
620	10571	214	10785	<nil>
620	281	225	506	<nil>
620	272	237	509	<nil>
620	3201	227	3428	<nil>
620	273	242	515	<nil>
620	1166	229	1395	<nil>
620	276	238	514	<nil>
620	273	243	516	<nil>
620	277	239	516	<nil>
620	268	248	516	<nil>
620	286	231	517	<nil>
620	273	244	517	<nil>
620	270	247	517	<nil>
620	270	245	515	<nil>
620	123	139	262	<nil>
620	278	251	529	<nil>
620	286	243	529	<nil>
620	286	232	518	<nil>
620	272	245	517	<nil>
620	1152	237	1389	<nil>
620	282	234	516	<nil>
620	133	122	255	<nil>
620	272	255	527	<nil>
620	277	250	527	<nil>
620	281	245	526	<nil>
620	271	256	527	<nil>
620	136	122	258	<nil>
620	3344	250	3594	<nil>
620	282	246	528	<nil>
620	272	245	517	<nil>
620	121	138	259	<nil>
620	8472	255	8727	<nil>
620	25964	197	26161	<nil>
620	121	122	243	<nil>
620	269	258	527	<nil>
620	120	125	245	<nil>
620	121	121	242	<nil>
620	282	234	516	<nil>
620	1153	244	1397	<nil>
620	122	125	247	<nil>
620	120	125	245	<nil>
620	140	105	245	<nil>
620	140	110	250	<nil>
620	131	115	246	<nil>
620	130	117	247	<nil>
620	128	120	248	<nil>
620	129	121	250	<nil>
620	131	115	246	<nil>
620	3323	123	3446	<nil>
620	132	114	246	<nil>
620	126	122	248	<nil>
620	9160	121	9281	<nil>
620	142	112	254	<nil>
620	131	117	248	<nil>
620	136	112	248	<nil>
620	133	118	251	<nil>
620	138	113	251	<nil>
620	131	119	250	<nil>
620	131	119	250	<nil>
620	138	115	253	<nil>
620	134	118	252	<nil>
620	131	120	251	<nil>
620	130	123	253	<nil>
620	131	121	252	<nil>
620	138	116	254	<nil>
620	130	123	253	<nil>
620	133	121	254	<nil>
620	138	117	255	<nil>
620	216	51	267	<nil>
620	132	184	316	<nil>
620	166	147	313	<nil>
620	88	128	216	<nil>
620	190	125	315	<nil>
620	190	124	314	<nil>
620	133	181	314	<nil>
620	201	113	314	<nil>
620	216	99	315	<nil>
620	206	116	322	<nil>
620	3443	94	3537	<nil>
620	109	125	234	<nil>
620	96	122	218	<nil>
620	163	148	311	<nil>
620	189	128	317	<nil>
620	140	191	331	<nil>
620	10797	101	10898	<nil>
620	2608	114	2722	<nil>
620	222	95	317	<nil>
620	191	126	317	<nil>
620	215	101	316	<nil>
620	173	96	269	<nil>
620	2597	126	2723	<nil>
620	194	127	321	<nil>
620	9269	80	9349	<nil>
620	134	134	268	<nil>
620	214	101	315	<nil>
620	199	116	315	<nil>
620	97	108	205	<nil>
620	95	110	205	<nil>
620	111	109	220	<nil>
620	101	118	219	<nil>
620	99	108	207	<nil>
620	121	157	278	<nil>
620	102	126	228	<nil>
620	101	126	227	<nil>
620	78	122	200	<nil>
620	91	154	245	<nil>
620	2643	110	2753	<nil>
620	107	109	216	<nil>
620	106	108	214	<nil>
620	97	124	221	<nil>
620	94	123	217	<nil>
620	98	123	221	<nil>
620	9273	122	9395	<nil>
620	95	130	225	<nil>
620	107	117	224	<nil>
620	79	126	205	<nil>
620	78	507	585	<nil>
620	82	501	583	<nil>
620	97	508	605	<nil>
620	85	501	586	<nil>
620	2649	501	3150	<nil>
620	82	501	583	<nil>
620	82	501	583	<nil>
620	77	508	585	<nil>
620	104	508	612	<nil>
620	9171	507	9678	<nil>
620	100	508	608	<nil>
620	84	502	586	<nil>
620	97	509	606	<nil>
620	9222	506	9728	<nil>
620	103	509	612	<nil>
620	98	507	605	<nil>
620	5452	508	5960	<nil>
620	81	509	590	<nil>
620	589	12	601	<nil>
620	589	12	601	<nil>
620	584	18	602	<nil>
620	604	13	617	<nil>
620	588	26	614	<nil>
620	646	22	668	<nil>
620	600	23	623	<nil>
620	6101	24	6125	<nil>
620	605	25	630	<nil>
620	591	23	614	<nil>
620	593	21	614	<nil>
620	598	23	621	<nil>
620	588	12	600	<nil>
620	610	26	636	<nil>
620	5092	21	5113	<nil>
620	589	24	613	<nil>
620	602	25	627	<nil>
620	593	21	614	<nil>
620	589	25	614	<nil>
620	599	26	625	<nil>
620	581	22	603	<nil>
620	592	21	613	<nil>
620	612	21	633	<nil>
620	611	26	637	<nil>
620	588	26	614	<nil>
620	590	25	615	<nil>
620	593	22	615	<nil>
620	609	22	631	<nil>
620	499	18	517	<nil>
620	590	27	617	<nil>
620	589	26	615	<nil>
620	592	23	615	<nil>
620	5316	23	5339	<nil>
620	593	23	616	<nil>
620	594	18	612	<nil>
620	591	22	613	<nil>
620	592	19	611	<nil>
620	593	18	611	<nil>
620	586	23	609	<nil>
620	588	24	612	<nil>
620	596	23	619	<nil>
620	598	22	620	<nil>
620	594	24	618	<nil>
620	589	23	612	<nil>
620	3244	24	3268	<nil>
620	594	24	618	<nil>
620	594	22	616	<nil>
620	613	22	635	<nil>
620	606	22	628	<nil>
620	589	22	611	<nil>
620	595	21	616	<nil>
620	589	22	611	<nil>
620	592	23	615	<nil>
620	594	22	616	<nil>
620	460	23	483	<nil>
620	592	22	614	<nil>
620	593	21	614	<nil>
620	586	22	608	<nil>
620	596	23	619	<nil>
620	586	24	610	<nil>
620	594	23	617	<nil>
620	583	17	600	<nil>
620	9637	25	9662	<nil>
620	590	47	637	<nil>
620	589	25	614	<nil>
620	593	47	640	<nil>
620	587	111	698	<nil>
620	612	140	752	<nil>
620	607	143	750	<nil>
620	617	143	760	<nil>
620	494	148	642	<nil>
620	620	141	761	<nil>
620	500	147	647	<nil>
620	498	161	659	<nil>
620	2396	167	2563	<nil>
620	88	178	266	<nil>
620	89	179	268	<nil>
620	1337	164	1501	<nil>
620	506	159	665	<nil>
620	614	162	776	<nil>
620	110	158	268	<nil>
620	180	8	188	<nil>
620	495	163	658	<nil>
620	183	9	192	<nil>
620	1147	167	1314	<nil>
620	499	170	669	<nil>
620	1151	164	1315	<nil>
620	182	10	192	<nil>
620	108	10	118	<nil>
620	499	170	669	<nil>
620	2567	163	2730	<nil>
620	183	11	194	<nil>
620	500	170	670	<nil>
620	89	171	260	<nil>
620	501	163	664	<nil>
620	493	172	665	<nil>
620	499	171	670	<nil>
620	3266	171	3437	<nil>
620	492	170	662	<nil>
620	1152	164	1316	<nil>
620	90	171	261	<nil>
620	14791	170	14961	<nil>
620	499	171	670	<nil>
620	131	13	144	<nil>
620	8214	167	8381	<nil>
620	159	15	174	<nil>
620	5148	163	5311	<nil>
620	504	143	647	<nil>
620	95	170	265	<nil>
620	193	4	197	<nil>
620	91	174	265	<nil>
620	2538	171	2709	<nil>
620	2564	169	2733	<nil>
620	496	204	700	<nil>
620	90	175	265	<nil>
620	95	171	266	<nil>
620	98	168	266	<nil>
620	132	39	171	<nil>
620	96	172	268	<nil>
620	5437	144	5581	<nil>
620	95	176	271	<nil>
620	89	177	266	<nil>
620	498	152	650	<nil>
620	498	178	676	<nil>
620	501	182	683	<nil>
620	5108	184	5292	<nil>
620	501	175	676	<nil>
620	171	11	182	<nil>
620	170	12	182	<nil>
620	138	42	180	<nil>
620	139	43	182	<nil>
620	138	42	180	<nil>
620	167	16	183	<nil>
620	137	44	181	<nil>
620	2572	11	2583	<nil>
620	175	7	182	<nil>
620	190	9	199	<nil>
620	129	51	180	<nil>
620	200	1	201	<nil>
620	140	42	182	<nil>
620	183	0	183	rpc error: code = DeadlineExceeded desc = context deadline exceeded
620	131	52	183	<nil>
620	187	6	193	<nil>
620	177	10	187	<nil>
620	176	10	186	<nil>
620	175	11	186	<nil>
620	179	9	188	<nil>
620	2578	6	2584	<nil>
620	180	7	187	<nil>
620	611	165	776	<nil>
620	2577	7	2584	<nil>
620	112	6	118	<nil>
620	607	150	757	<nil>
620	184	9	193	<nil>
620	187	7	194	<nil>
620	181	10	191	<nil>
620	184	8	192	<nil>
620	181	11	192	<nil>
620	184	8	192	<nil>
620	158	10	168	<nil>
620	187	9	196	<nil>
620	185	6	191	<nil>
620	181	10	191	<nil>
620	182	9	191	<nil>
620	496	169	665	<nil>
620	182	10	192	<nil>
620	2585	8	2593	<nil>
620	2584	10	2594	<nil>
620	92	168	260	<nil>
620	181	10	191	<nil>
620	91	169	260	<nil>
620	1054	2	1056	<nil>
620	499	200	699	<nil>
620	5293	11	5304	<nil>
620	502	199	701	<nil>
620	2583	11	2594	<nil>
620	48	5	53	<nil>
620	2917	13	2930	<nil>
620	499	172	671	<nil>
620	2584	15	2599	<nil>
620	193	2	195	<nil>
620	2588	7	2595	<nil>
620	53	6	59	<nil>
620	187	10	197	<nil>
620	158	15	173	<nil>
620	121	2	123	<nil>
620	184	13	197	<nil>
620	183	13	196	<nil>
620	2948	13	2961	<nil>
620	607	149	756	<nil>
620	2700	14	2714	<nil>
620	2594	3	2597	<nil>
620	1140	182	1322	<nil>
620	120	3	123	<nil>
620	1144	177	1321	<nil>
620	129	1	130	<nil>
620	5516	1	5517	<nil>
620	2595	1	2596	<nil>
620	158	5	163	<nil>
620	261	73	334	<nil>
620	233	77	310	<nil>
620	234	18	252	<nil>
620	179	20	199	<nil>
620	2774	20	2794	<nil>
620	190	19	209	<nil>
620	213	18	231	<nil>
620	182	18	200	<nil>
620	180	19	199	<nil>
620	5697	15	5712	<nil>
620	184	15	199	<nil>
620	185	19	204	<nil>
620	1196	19	1215	<nil>
620	187	19	206	<nil>
620	203	18	221	<nil>
620	183	18	201	<nil>
620	5490	20	5510	<nil>
620	5736	20	5756	<nil>
620	5849	19	5868	<nil>
620	209	18	227	<nil>
620	179	20	199	<nil>
620	188	15	203	<nil>
620	1197	18	1215	<nil>
620	2779	14	2793	<nil>
620	180	18	198	<nil>
620	227	17	244	<nil>
620	181	19	200	<nil>
620	179	20	199	<nil>
620	5793	17	5810	<nil>
620	189	20	209	<nil>
620	186	18	204	<nil>
620	2778	18	2796	<nil>
620	183	16	199	<nil>
620	178	19	197	<nil>
620	184	12	196	<nil>
620	194	19	213	<nil>
620	180	19	199	<nil>
620	187	17	204	<nil>
620	185	19	204	<nil>
620	188	17	205	<nil>
620	183	29	212	<nil>
620	185	19	204	<nil>
620	1094	19	1113	<nil>
620	186	19	205	<nil>
620	179	29	208	<nil>
620	199	18	217	<nil>
620	185	19	204	<nil>
620	2790	18	2808	<nil>
620	183	20	203	<nil>
620	184	28	212	<nil>
620	186	18	204	<nil>
620	185	18	203	<nil>
620	187	18	205	<nil>
620	199	19	218	<nil>
620	186	19	205	<nil>
620	187	18	205	<nil>
620	1176	29	1205	<nil>
620	185	19	204	<nil>
620	9691	18	9709	<nil>
620	189	19	208	<nil>
620	185	19	204	<nil>
620	204	28	232	<nil>
620	186	29	215	<nil>
620	185	19	204	<nil>
620	188	19	207	<nil>
620	185	18	203	<nil>
620	186	19	205	<nil>
620	2776	27	2803	<nil>
620	185	19	204	<nil>
620	184	19	203	<nil>
620	185	18	203	<nil>
620	187	19	206	<nil>
620	198	36	234	<nil>
620	190	26	216	<nil>
620	2795	19	2814	<nil>
620	176	27	203	<nil>
620	186	18	204	<nil>
620	199	18	217	<nil>
620	203	39	242	<nil>
620	2788	18	2806	<nil>
620	187	18	205	<nil>
620	205	39	244	<nil>
620	204	39	243	<nil>
620	204	38	242	<nil>
620	210	31	241	<nil>
620	16816	40	16856	<nil>
620	2781	71	2852	<nil>
620	212	32	244	<nil>
620	214	34	248	<nil>
620	207	39	246	<nil>
620	205	48	253	<nil>
620	203	47	250	<nil>
620	216	45	261	<nil>
620	2812	59	2871	<nil>
620	204	59	263	<nil>
620	206	59	265	<nil>
620	203	60	263	<nil>
620	203	64	267	<nil>
620	204	73	277	<nil>
620	5789	64	5853	<nil>
620	208	74	282	<nil>
620	213	64	277	<nil>
620	210	86	296	<nil>
620	217	86	303	<nil>
620	204	94	298	<nil>
620	217	85	302	<nil>
620	202	93	295	<nil>
620	213	119	332	<nil>
620	217	120	337	<nil>
620	208	130	338	<nil>
620	217	120	337	<nil>
620	207	145	352	<nil>
620	213	132	345	<nil>
620	3180	158	3338	<nil>
620	212	158	370	<nil>
620	2809	164	2973	<nil>
620	1116	164	1280	<nil>
620	212	166	378	<nil>
620	2810	167	2977	<nil>
620	10317	172	10489	<nil>
620	212	172	384	<nil>
620	218	158	376	<nil>
620	5758	172	5930	<nil>
620	217	176	393	<nil>
620	216	192	408	<nil>
620	231	173	404	<nil>
620	229	174	403	<nil>
620	277	150	427	<nil>
620	296	129	425	<nil>
620	241	187	428	<nil>
620	2988	189	3177	<nil>
620	224	15	239	<nil>
620	207	32	239	<nil>
620	208	27	235	<nil>
620	219	20	239	<nil>
620	217	22	239	<nil>
620	206	35	241	<nil>
620	217	23	240	<nil>
620	5743	15	5758	<nil>
620	216	23	239	<nil>
620	208	33	241	<nil>
620	224	37	261	<nil>
620	220	17	237	<nil>
620	227	33	260	<nil>
620	224	36	260	<nil>
620	224	36	260	<nil>
620	225	35	260	<nil>
620	227	34	261	<nil>
620	226	33	259	<nil>
620	194	33	227	<nil>
620	227	33	260	<nil>
620	175	33	208	<nil>
620	192	33	225	<nil>
620	229	33	262	<nil>
620	180	33	213	<nil>
620	227	33	260	<nil>
620	225	35	260	<nil>
620	227	33	260	<nil>
620	225	35	260	<nil>
620	3132	207	3339	<nil>
620	224	37	261	<nil>
620	224	36	260	<nil>
620	224	15	239	<nil>
620	3051	17	3068	<nil>
620	218	18	236	<nil>
620	220	18	238	<nil>
620	217	22	239	<nil>
620	227	33	260	<nil>
620	231	10	241	<nil>
620	227	15	242	<nil>
620	226	15	241	<nil>
620	233	11	244	<nil>
620	232	12	244	<nil>
620	5778	19	5797	<nil>
620	207	15	222	<nil>
620	209	18	227	<nil>
620	227	16	243	<nil>
620	266	8	274	<nil>
620	203	21	224	<nil>
620	226	16	242	<nil>
620	204	22	226	<nil>
620	10458	24	10482	<nil>
620	8918	25	8943	<nil>
620	222	24	246	<nil>
620	255	24	279	<nil>
620	259	44	303	<nil>
620	226	143	369	<nil>
620	236	132	368	<nil>
620	238	145	383	<nil>
620	257	144	401	<nil>
620	204	145	349	<nil>
620	239	131	370	<nil>
620	3074	135	3209	<nil>
620	206	143	349	<nil>
620	251	147	398	<nil>
620	204	145	349	<nil>
620	236	133	369	<nil>
620	206	144	350	<nil>
620	202	138	340	<nil>
620	225	0	225	rpc error: code = Unavailable desc = transport is closing
620	226	0	226	rpc error: code = Unavailable desc = transport is closing
620	2972	0	2972	rpc error: code = Unavailable desc = transport is closing
620	1271	0	1271	rpc error: code = Unavailable desc = transport is closing
620	236	0	236	rpc error: code = Unavailable desc = transport is closing
620	226	0	226	rpc error: code = Unavailable desc = transport is closing
620	237	0	237	rpc error: code = Unavailable desc = transport is closing
620	236	0	236	rpc error: code = Unavailable desc = transport is closing
620	1271	0	1271	rpc error: code = Unavailable desc = transport is closing
620	1274	0	1274	rpc error: code = Unavailable desc = transport is closing
620	235	0	235	rpc error: code = Unavailable desc = transport is closing
620	234	0	234	rpc error: code = Unavailable desc = transport is closing
620	241	0	241	rpc error: code = Unavailable desc = transport is closing
620	224	191	415	<nil>
620	237	0	237	rpc error: code = Unavailable desc = transport is closing
620	1274	0	1274	rpc error: code = Unavailable desc = transport is closing
620	256	0	256	rpc error: code = Unavailable desc = transport is closing
620	254	0	254	rpc error: code = Unavailable desc = transport is closing
620	282	0	282	rpc error: code = Unavailable desc = transport is closing
620	245	0	245	rpc error: code = Unavailable desc = transport is closing
620	251	0	251	rpc error: code = Unavailable desc = transport is closing
620	238	0	238	rpc error: code = Unavailable desc = transport is closing
620	1273	0	1273	rpc error: code = Unavailable desc = transport is closing
620	286	0	286	rpc error: code = Unavailable desc = transport is closing
620	255	0	255	rpc error: code = Unavailable desc = transport is closing
620	257	0	257	rpc error: code = Unavailable desc = transport is closing
620	260	0	260	rpc error: code = Unavailable desc = transport is closing
620	237	0	237	rpc error: code = Unavailable desc = transport is closing
620	221	0	221	rpc error: code = Unavailable desc = transport is closing
620	237	0	237	rpc error: code = Unavailable desc = transport is closing
620	235	0	235	rpc error: code = Unavailable desc = transport is closing
620	1280	0	1280	rpc error: code = Unavailable desc = transport is closing
620	159	189	348	<nil>
620	255	0	255	rpc error: code = Unavailable desc = transport is closing
620	297	0	297	rpc error: code = Unavailable desc = transport is closing
620	260	0	260	rpc error: code = Unavailable desc = transport is closing
620	264	0	264	rpc error: code = Unavailable desc = transport is closing
620	247	0	247	rpc error: code = Unavailable desc = transport is closing
620	176	199	375	<nil>
620	3227	194	3421	<nil>
620	157	195	352	<nil>
620	224	193	417	<nil>
620	222	196	418	<nil>
620	277	0	277	rpc error: code = Unavailable desc = transport is closing
620	218	200	418	<nil>
620	218	199	417	<nil>
620	228	192	420	<nil>
620	259	0	259	rpc error: code = Unavailable desc = transport is closing
620	1291	0	1291	rpc error: code = Unavailable desc = transport is closing
620	257	0	257	rpc error: code = Unavailable desc = transport is closing
620	1296	0	1296	rpc error: code = Unavailable desc = transport is closing
620	253	0	253	rpc error: code = Unavailable desc = transport is closing
620	257	0	257	rpc error: code = Unavailable desc = transport is closing
620	289	0	289	rpc error: code = Unavailable desc = transport is closing
620	1296	0	1296	rpc error: code = Unavailable desc = transport is closing
620	224	195	419	<nil>
620	615	0	615	rpc error: code = Unavailable desc = transport is closing
620	229	0	229	rpc error: code = Unavailable desc = transport is closing
620	257	0	257	rpc error: code = Unavailable desc = transport is closing
620	250	0	250	rpc error: code = Unavailable desc = transport is closing
620	1295	0	1295	rpc error: code = Unavailable desc = transport is closing
620	622	0	622	rpc error: code = Unavailable desc = transport is closing
620	257	0	257	rpc error: code = Unavailable desc = transport is closing
620	2994	0	2994	rpc error: code = Unavailable desc = transport is closing
620	261	0	261	rpc error: code = Unavailable desc = transport is closing
620	296	0	296	rpc error: code = Unavailable desc = transport is closing
620	622	0	622	rpc error: code = Unavailable desc = transport is closing
620	258	0	258	rpc error: code = Unavailable desc = transport is closing
620	225	195	420	<nil>
620	297	0	297	rpc error: code = Unavailable desc = transport is closing
620	298	0	298	rpc error: code = Unavailable desc = transport is closing
620	620	0	620	rpc error: code = Unavailable desc = transport is closing
620	641	0	641	rpc error: code = Unavailable desc = transport is closing
620	107	193	300	<nil>
620	268	0	268	rpc error: code = Unavailable desc = transport is closing
620	259	0	259	rpc error: code = Unavailable desc = transport is closing
620	254	0	254	rpc error: code = Unavailable desc = transport is closing
620	260	0	260	rpc error: code = Unavailable desc = transport is closing
620	260	0	260	rpc error: code = Unavailable desc = transport is closing
620	183	192	375	<nil>
620	250	0	250	rpc error: code = Unavailable desc = transport is closing
620	157	195	352	<nil>
620	231	186	417	<nil>
620	260	0	260	rpc error: code = Unavailable desc = transport is closing
620	259	0	259	rpc error: code = Unavailable desc = transport is closing
620	1296	0	1296	rpc error: code = Unavailable desc = transport is closing
620	259	0	259	rpc error: code = Unavailable desc = transport is closing
620	246	488	734	<nil>
620	208	486	694	<nil>
620	241	472	713	<nil>
620	191	513	704	<nil>
620	8954	510	9464	<nil>
620	3058	521	3579	<nil>
620	182	523	705	<nil>
620	124	524	648	<nil>
620	226	517	743	<nil>
620	170	511	681	<nil>
620	228	520	748	<nil>
620	233	515	748	<nil>
620	165	516	681	<nil>
620	259	0	259	rpc error: code = Unavailable desc = transport is closing
620	261	0	261	rpc error: code = Unavailable desc = transport is closing
620	240	0	240	rpc error: code = Unavailable desc = transport is closing
620	3218	0	3218	rpc error: code = Unavailable desc = transport is closing
620	3435	516	3951	<nil>
620	3243	0	3243	rpc error: code = Unavailable desc = transport is closing
620	235	0	235	rpc error: code = Unavailable desc = transport is closing
620	259	0	259	rpc error: code = Unavailable desc = transport is closing
620	235	0	235	rpc error: code = Unavailable desc = transport is closing
620	234	0	234	rpc error: code = Unavailable desc = transport is closing
620	241	0	241	rpc error: code = Unavailable desc = transport is closing
620	253	0	253	rpc error: code = Unavailable desc = transport is closing
620	81	523	604	<nil>
620	241	509	750	<nil>
620	237	513	750	<nil>
620	234	517	751	<nil>
620	241	0	241	rpc error: code = Unavailable desc = transport is closing
620	237	0	237	rpc error: code = Unavailable desc = transport is closing
620	225	526	751	<nil>
620	218	494	712	<nil>
620	263	0	263	rpc error: code = Unavailable desc = transport is closing
620	271	0	271	rpc error: code = Unavailable desc = transport is closing
620	233	532	765	<nil>
620	226	525	751	<nil>
620	265	0	265	rpc error: code = Unavailable desc = transport is closing
620	122	532	654	<nil>
620	237	0	237	rpc error: code = Unavailable desc = transport is closing
620	239	0	239	rpc error: code = Unavailable desc = transport is closing
620	294	0	294	rpc error: code = Unavailable desc = transport is closing
620	124	573	697	<nil>
620	223	574	797	<nil>
620	256	0	256	rpc error: code = Unavailable desc = transport is closing
620	124	572	696	<nil>
620	8940	0	8940	rpc error: code = Unavailable desc = transport is closing
620	257	0	257	rpc error: code = Unavailable desc = transport is closing
620	17647	0	17647	rpc error: code = Unavailable desc = transport is closing
620	116	569	685	<nil>
620	624	0	624	rpc error: code = Unavailable desc = transport is closing
620	259	0	259	rpc error: code = Unavailable desc = transport is closing
620	252	0	252	rpc error: code = Unavailable desc = transport is closing
620	655	0	655	rpc error: code = Unavailable desc = transport is closing
620	248	0	248	rpc error: code = Unavailable desc = transport is closing
620	248	0	248	rpc error: code = Unavailable desc = transport is closing
620	295	0	295	rpc error: code = Unavailable desc = transport is closing
620	246	0	246	rpc error: code = Unavailable desc = transport is closing
620	288	0	288	rpc error: code = Unavailable desc = transport is closing
620	250	0	250	rpc error: code = Unavailable desc = transport is closing
620	278	0	278	rpc error: code = Unavailable desc = transport is closing
620	256	0	256	rpc error: code = Unavailable desc = transport is closing
620	235	563	798	<nil>
620	617	0	617	rpc error: code = Unavailable desc = transport is closing
620	122	570	692	<nil>
620	159	574	733	<nil>
620	116	570	686	<nil>
620	240	0	240	rpc error: code = Unavailable desc = transport is closing
620	119	575	694	<nil>
620	17182	574	17756	<nil>
620	270	0	270	rpc error: code = Unavailable desc = transport is closing
620	134	563	697	<nil>
620	5506	0	5506	rpc error: code = Unavailable desc = transport is closing
620	245	0	245	rpc error: code = Unavailable desc = transport is closing
620	97	507	604	<nil>
620	88	517	605	<nil>
620	140	464	604	<nil>
620	80	567	647	<nil>
620	137	562	699	<nil>
620	61	565	626	<nil>
620	148	431	579	<nil>
620	83	566	649	<nil>
620	84	563	647	<nil>
620	3059	576	3635	<nil>
620	93	569	662	<nil>
620	68	566	634	<nil>
620	160	428	588	<nil>
620	152	431	583	<nil>
620	3095	0	3095	rpc error: code = Unavailable desc = transport is closing
620	270	0	270	rpc error: code = Unavailable desc = transport is closing
620	2402	0	2402	rpc error: code = Unavailable desc = transport is closing
620	1145	0	1145	rpc error: code = Unavailable desc = transport is closing
620	180	485	665	<nil>
620	189	485	674	<nil>
620	590	0	590	rpc error: code = Unavailable desc = transport is closing
620	472	0	472	rpc error: code = Unavailable desc = transport is closing
620	501	0	501	rpc error: code = Unavailable desc = transport is closing
620	500	0	500	rpc error: code = Unavailable desc = transport is closing
620	96	0	96	rpc error: code = Unavailable desc = transport is closing
620	192	465	657	<nil>
620	207	466	673	<nil>
620	40743	465	41208	<nil>
620	194	466	660	<nil>
620	194	466	660	<nil>
620	207	465	672	<nil>
620	206	467	673	<nil>
620	194	466	660	<nil>
620	205	466	671	<nil>
620	194	496	690	<nil>
620	467	251	718	<nil>
620	201	512	713	<nil>
620	193	523	716	<nil>
620	194	524	718	<nil>
620	154	525	679	<nil>
620	528	205	733	<nil>
620	516	218	734	<nil>
620	527	204	731	<nil>
620	11109	205	11314	<nil>
620	26689	205	26894	<nil>
620	535	196	731	<nil>
620	527	206	733	<nil>
620	524	204	728	<nil>
620	516	230	746	<nil>
620	535	198	733	<nil>
620	523	205	728	<nil>
620	508	225	733	<nil>
620	527	204	731	<nil>
620	521	189	710	<nil>
620	521	212	733	<nil>
620	511	0	511	rpc error: code = Unavailable desc = transport is closing
620	512	207	719	<nil>
620	514	218	732	<nil>
620	522	201	723	<nil>
620	500	210	710	<nil>
620	532	202	734	<nil>
620	542	196	738	<nil>
620	9484	195	9679	<nil>
620	542	196	738	<nil>
620	485	0	485	rpc error: code = Unavailable desc = transport is closing
620	538	213	751	<nil>
620	510	0	510	rpc error: code = Unavailable desc = transport is closing
620	513	202	715	<nil>
620	550	204	754	<nil>
620	547	203	750	<nil>
620	520	206	726	<nil>
620	27104	205	27309	<nil>
620	547	206	753	<nil>
620	526	205	731	<nil>
620	523	204	727	<nil>
620	510	0	510	rpc error: code = Unavailable desc = transport is closing
620	512	0	512	rpc error: code = Unavailable desc = transport is closing
620	512	0	512	rpc error: code = Unavailable desc = transport is closing
620	512	0	512	rpc error: code = Unavailable desc = transport is closing
620	513	0	513	rpc error: code = Unavailable desc = transport is closing
620	500	0	500	rpc error: code = Unavailable desc = transport is closing
620	450	0	450	rpc error: code = Unavailable desc = transport is closing
620	528	205	733	<nil>
620	551	213	764	<nil>
620	513	0	513	rpc error: code = Unavailable desc = transport is closing
620	10065	40	10105	<nil>
620	325	40	365	<nil>
620	508	0	508	rpc error: code = Unavailable desc = transport is closing
620	551	210	761	<nil>
620	511	0	511	rpc error: code = Unavailable desc = transport is closing
620	509	0	509	rpc error: code = Unavailable desc = transport is closing
620	507	0	507	rpc error: code = Unavailable desc = transport is closing
620	510	0	510	rpc error: code = Unavailable desc = transport is closing
620	325	38	363	<nil>
620	1533	57	1590	<nil>
620	324	40	364	<nil>
620	325	39	364	<nil>
620	325	40	365	<nil>
620	327	39	366	<nil>
620	1536	54	1590	<nil>
620	28199	57	28256	<nil>
620	5556	52	5608	<nil>
620	327	38	365	<nil>
620	325	40	365	<nil>
620	1539	49	1588	<nil>
620	325	40	365	<nil>
620	510	0	510	rpc error: code = Unavailable desc = transport is closing
620	323	42	365	<nil>
620	1534	56	1590	<nil>
620	259	27	286	<nil>
620	1533	57	1590	<nil>
620	326	41	367	<nil>
620	9550	40	9590	<nil>
620	325	41	366	<nil>
620	240	42	282	<nil>
620	1550	40	1590	<nil>
620	325	41	366	<nil>
620	326	41	367	<nil>
620	509	0	509	rpc error: code = Unavailable desc = transport is closing
620	528	204	732	<nil>
620	325	42	367	<nil>
620	5388	0	5388	rpc error: code = Unavailable desc = transport is closing
620	512	0	512	rpc error: code = Unavailable desc = transport is closing
620	512	0	512	rpc error: code = Unavailable desc = transport is closing
620	255	47	302	<nil>
620	2882	50	2932	<nil>
620	5423	44	5467	<nil>
620	258	49	307	<nil>
620	229	46	275	<nil>
620	263	50	313	<nil>
620	224	45	269	<nil>
620	232	46	278	<nil>
620	2598	45	2643	<nil>
620	234	48	282	<nil>
620	1242	47	1289	<nil>
620	257	49	306	<nil>
620	261	48	309	<nil>
620	253	51	304	<nil>
620	253	54	307	<nil>
620	221	37	258	<nil>
620	256	54	310	<nil>
620	224	39	263	<nil>
620	244	40	284	<nil>
620	2594	55	2649	<nil>
620	220	40	260	<nil>
620	9716	41	9757	<nil>
620	219	41	260	<nil>
620	234	45	279	<nil>
620	257	49	306	<nil>
620	221	39	260	<nil>
620	219	42	261	<nil>
620	2610	41	2651	<nil>
620	222	40	262	<nil>
620	220	43	263	<nil>
620	143	1	144	<nil>
620	160	2	162	<nil>
620	203	50	253	<nil>
620	219	47	266	<nil>
620	216	49	265	<nil>
620	221	45	266	<nil>
620	216	51	267	<nil>
620	221	45	266	<nil>
620	205	51	256	<nil>
620	219	47	266	<nil>
620	219	47	266	<nil>
620	216	50	266	<nil>
620	202	51	253	<nil>
620	4728	48	4776	<nil>
620	202	51	253	<nil>
620	221	36	257	<nil>
620	220	48	268	<nil>
620	216	52	268	<nil>
620	2847	51	2898	<nil>
620	205	51	256	<nil>
620	205	49	254	<nil>
620	221	47	268	<nil>
620	217	50	267	<nil>
620	9728	36	9764	<nil>
620	2847	52	2899	<nil>
620	215	52	267	<nil>
620	206	51	257	<nil>
620	203	51	254	<nil>
620	217	51	268	<nil>
620	2620	50	2670	<nil>
620	2918	50	2968	<nil>
620	2800	50	2850	<nil>
620	2881	117	2998	<nil>
620	142	50	192	<nil>
620	127	91	218	<nil>
620	256	116	372	<nil>
620	126	92	218	<nil>
620	311	94	405	<nil>
620	304	60	364	<nil>
620	130	92	222	<nil>
620	2908	92	3000	<nil>
620	126	93	219	<nil>
620	5475	61	5536	<nil>
620	218	92	310	<nil>
620	1296	61	1357	<nil>
620	127	92	219	<nil>
620	2653	61	2714	<nil>
620	256	116	372	<nil>
620	111	61	172	<nil>
620	128	93	221	<nil>
620	231	92	323	<nil>
620	80	62	142	<nil>
620	127	94	221	<nil>
620	81	62	143	<nil>
620	144	90	234	<nil>
620	9760	90	9850	<nil>
620	302	91	393	<nil>
620	2968	90	3058	<nil>
620	102	89	191	<nil>
620	310	90	400	<nil>
620	98	91	189	<nil>
620	162	90	252	<nil>
620	24374	89	24463	<nil>
620	5599	91	5690	<nil>
620	256	147	403	<nil>
620	144	91	235	<nil>
620	83	91	174	<nil>
620	2939	91	3030	<nil>
620	142	92	234	<nil>
620	276	90	366	<nil>
620	127	91	218	<nil>
620	112	108	220	<nil>
620	155	107	262	<nil>
620	330	19	349	<nil>
620	318	20	338	<nil>
620	3137	19	3156	<nil>
620	332	27	359	<nil>
620	335	20	355	<nil>
620	288	19	307	<nil>
620	373	9	382	<nil>
620	1201	20	1221	<nil>
620	285	19	304	<nil>
620	303	10	313	<nil>
620	2947	27	2974	<nil>
620	10105	7	10112	<nil>
620	288	26	314	<nil>
620	288	18	306	<nil>
620	306	8	314	<nil>
620	1219	8	1227	<nil>
620	211	17	228	<nil>
620	24193	15	24208	<nil>
620	10316	11	10327	<nil>
620	318	26	344	<nil>
620	315	12	327	<nil>
620	288	26	314	<nil>
620	318	25	343	<nil>
620	303	11	314	<nil>
620	335	10	345	<nil>
620	306	9	315	<nil>
620	63024	8	63032	<nil>
620	318	27	345	<nil>
620	2947	19	2966	<nil>
620	294	15	309	<nil>
620	288	27	315	<nil>
620	324	9	333	<nil>
620	2963	11	2974	<nil>
620	307	7	314	<nil>
620	2946	28	2974	<nil>
620	294	19	313	<nil>
620	237	7	244	<nil>
620	334	22	356	<nil>
620	340	11	351	<nil>
620	318	27	345	<nil>
620	1257	9	1266	<nil>
620	186	7	193	<nil>
620	2983	9	2992	<nil>
620	3105	8	3113	<nil>
620	312	13	325	<nil>
620	325	12	337	<nil>
620	327	12	339	<nil>
620	324	13	337	<nil>
620	241	13	254	<nil>
620	231	39	270	<nil>
620	225	40	265	<nil>
620	326	105	431	<nil>
620	328	115	443	<nil>
620	3169	116	3285	<nil>
620	232	116	348	<nil>
620	243	115	358	<nil>
620	314	116	430	<nil>
620	2983	120	3103	<nil>
620	187	114	301	<nil>
620	243	116	359	<nil>
620	326	118	444	<nil>
620	2993	144	3137	<nil>
620	324	159	483	<nil>
620	5809	160	5969	<nil>
620	326	150	476	<nil>
620	185	161	346	<nil>
620	183	168	351	<nil>
620	1143	63	1206	<nil>
620	5905	160	6065	<nil>
620	322	153	475	<nil>
620	2986	165	3151	<nil>
620	178	173	351	<nil>
620	325	165	490	<nil>
620	1229	167	1396	<nil>
620	3176	165	3341	<nil>
620	330	161	491	<nil>
620	203	168	371	<nil>
620	185	166	351	<nil>
620	328	163	491	<nil>
620	182	169	351	<nil>
620	325	166	491	<nil>
620	3302	164	3466	<nil>
620	1123	166	1289	<nil>
620	202	164	366	<nil>
620	326	166	492	<nil>
620	1284	166	1450	<nil>
620	5635	166	5801	<nil>
620	324	168	492	<nil>
620	203	169	372	<nil>
620	1292	165	1457	<nil>
620	326	165	491	<nil>
620	329	163	492	<nil>
620	5105	166	5271	<nil>
620	203	168	371	<nil>
620	184	167	351	<nil>
620	132	63	195	<nil>
620	157	31	188	<nil>
620	1112	182	1294	<nil>
620	1232	158	1390	<nil>
620	16787	38	16825	<nil>
620	16260	41	16301	<nil>
620	149	41	190	<nil>
620	151	50	201	<nil>
620	162	41	203	<nil>
620	153	77	230	<nil>
620	152	77	229	<nil>
620	152	77	229	<nil>
620	157	97	254	<nil>
620	152	124	276	<nil>
620	152	142	294	<nil>
620	163	0	163	rpc error: code = DeadlineExceeded desc = context deadline exceeded
620	178	660	838	<nil>
620	175	665	840	<nil>
620	169	671	840	<nil>
620	16395	663	17058	<nil>
620	175	660	835	<nil>
620	163	677	840	<nil>
620	180	661	841	<nil>
620	173	662	835	<nil>
620	159	672	831	<nil>
620	175	665	840	<nil>
620	168	664	832	<nil>
620	165	666	831	<nil>
620	164	672	836	<nil>
620	169	672	841	<nil>
620	165	666	831	<nil>
620	230	603	833	<nil>
620	159	678	837	<nil>
620	164	672	836	<nil>
620	209	622	831	<nil>
620	255	581	836	<nil>
620	174	662	836	<nil>
620	151	680	831	<nil>
620	161	680	841	<nil>
620	169	671	840	<nil>
620	238	593	831	<nil>
620	169	672	841	<nil>
620	134	593	727	<nil>
620	133	594	727	<nil>
620	195	612	807	<nil>
620	192	640	832	<nil>
620	238	594	832	<nil>
620	138	622	760	<nil>
620	104	623	727	<nil>
620	171	595	766	<nil>
620	251	585	836	<nil>
620	133	595	728	<nil>
620	116	612	728	<nil>
620	114	614	728	<nil>
620	132	595	727	<nil>
620	237	595	832	<nil>
620	144	584	728	<nil>
620	133	594	727	<nil>
620	239	594	833	<nil>
620	135	594	729	<nil>
620	175	622	797	<nil>
620	256	587	843	<nil>
620	269	579	848	<nil>
620	133	577	710	<nil>
620	145	577	722	<nil>
620	134	576	710	<nil>
620	119	589	708	<nil>
620	1335	0	1335	rpc error: code = Unavailable desc = transport is closing
620	327	0	327	rpc error: code = Unavailable desc = transport is closing
620	1548	0	1548	rpc error: code = Unavailable desc = transport is closing
620	1529	0	1529	rpc error: code = Unavailable desc = transport is closing
620	5227	0	5227	rpc error: code = Unavailable desc = transport is closing
620	1530	0	1530	rpc error: code = Unavailable desc = transport is closing
620	10073	0	10073	rpc error: code = Unavailable desc = transport is closing
620	1529	0	1529	rpc error: code = Unavailable desc = transport is closing
620	312	0	312	rpc error: code = Unavailable desc = transport is closing
620	1507	0	1507	rpc error: code = Unavailable desc = transport is closing
620	1537	0	1537	rpc error: code = Unavailable desc = transport is closing
620	495	0	495	rpc error: code = Unavailable desc = transport is closing
620	1335	0	1335	rpc error: code = Unavailable desc = transport is closing
620	305	0	305	rpc error: code = Unavailable desc = transport is closing
620	526	0	526	rpc error: code = Unavailable desc = transport is closing
620	312	0	312	rpc error: code = Unavailable desc = transport is closing
620	1535	0	1535	rpc error: code = Unavailable desc = transport is closing
620	1315	0	1315	rpc error: code = Unavailable desc = transport is closing
620	305	0	305	rpc error: code = Unavailable desc = transport is closing
620	5385	0	5385	rpc error: code = Unavailable desc = transport is closing
620	545	0	545	rpc error: code = Unavailable desc = transport is closing
620	325	0	325	rpc error: code = Unavailable desc = transport is closing
620	311	0	311	rpc error: code = Unavailable desc = transport is closing
620	297	0	297	rpc error: code = Unavailable desc = transport is closing
620	555	0	555	rpc error: code = Unavailable desc = transport is closing
620	285	0	285	rpc error: code = Unavailable desc = transport is closing
620	288	0	288	rpc error: code = Unavailable desc = transport is closing
620	304	0	304	rpc error: code = Unavailable desc = transport is closing
620	1535	0	1535	rpc error: code = Unavailable desc = transport is closing
620	1338	0	1338	rpc error: code = Unavailable desc = transport is closing
620	539	0	539	rpc error: code = Unavailable desc = transport is closing
620	311	0	311	rpc error: code = Unavailable desc = transport is closing
620	524	0	524	rpc error: code = Unavailable desc = transport is closing
620	529	0	529	rpc error: code = Unavailable desc = transport is closing
620	315	0	315	rpc error: code = Unavailable desc = transport is closing
620	505	0	505	rpc error: code = Unavailable desc = transport is closing
620	545	0	545	rpc error: code = Unavailable desc = transport is closing
620	538	0	538	rpc error: code = Unavailable desc = transport is closing
620	530	0	530	rpc error: code = Unavailable desc = transport is closing
620	525	0	525	rpc error: code = Unavailable desc = transport is closing
620	312	0	312	rpc error: code = Unavailable desc = transport is closing
620	523	0	523	rpc error: code = Unavailable desc = transport is closing
620	527	0	527	rpc error: code = Unavailable desc = transport is closing
620	513	0	513	rpc error: code = Unavailable desc = transport is closing
620	519	0	519	rpc error: code = Unavailable desc = transport is closing
620	523	0	523	rpc error: code = Unavailable desc = transport is closing
620	528	0	528	rpc error: code = Unavailable desc = transport is closing
620	529	0	529	rpc error: code = Unavailable desc = transport is closing
620	546	0	546	rpc error: code = Unavailable desc = transport is closing
620	534	0	534	rpc error: code = Unavailable desc = transport is closing
620	526	0	526	rpc error: code = Unavailable desc = transport is closing
620	15210	0	15210	rpc error: code = Unavailable desc = transport is closing
620	553	0	553	rpc error: code = Unavailable desc = transport is closing
620	525	0	525	rpc error: code = Unavailable desc = transport is closing
620	547	0	547	rpc error: code = Unavailable desc = transport is closing
620	1338	0	1338	rpc error: code = Unavailable desc = transport is closing
620	283	0	283	rpc error: code = Unavailable desc = transport is closing
620	547	0	547	rpc error: code = Unavailable desc = transport is closing
620	553	0	553	rpc error: code = Unavailable desc = transport is closing
620	314	0	314	rpc error: code = Unavailable desc = transport is closing
620	525	0	525	rpc error: code = Unavailable desc = transport is closing
620	524	0	524	rpc error: code = Unavailable desc = transport is closing
620	496	0	496	rpc error: code = Unavailable desc = transport is closing
620	527	0	527	rpc error: code = Unavailable desc = transport is closing
620	553	0	553	rpc error: code = Unavailable desc = transport is closing
620	319	0	319	rpc error: code = Unavailable desc = transport is closing
620	339	0	339	rpc error: code = Unavailable desc = transport is closing
620	283	0	283	rpc error: code = Unavailable desc = transport is closing
620	525	0	525	rpc error: code = Unavailable desc = transport is closing
620	524	0	524	rpc error: code = Unavailable desc = transport is closing
620	353	0	353	rpc error: code = Unavailable desc = transport is closing
620	327	0	327	rpc error: code = Unavailable desc = transport is closing
620	512	0	512	rpc error: code = Unavailable desc = transport is closing
620	5948	0	5948	rpc error: code = Unavailable desc = transport is closing
620	530	0	530	rpc error: code = Unavailable desc = transport is closing
620	315	0	315	rpc error: code = Unavailable desc = transport is closing
620	529	0	529	rpc error: code = Unavailable desc = transport is closing
620	344	0	344	rpc error: code = Unavailable desc = transport is closing
620	10047	0	10047	rpc error: code = Unavailable desc = transport is closing
620	289	0	289	rpc error: code = Unavailable desc = transport is closing
620	321	0	321	rpc error: code = Unavailable desc = transport is closing
620	349	0	349	rpc error: code = Unavailable desc = transport is closing
620	10180	0	10180	rpc error: code = Unavailable desc = transport is closing
620	498	0	498	rpc error: code = Unavailable desc = transport is closing
620	5888	0	5888	rpc error: code = Unavailable desc = transport is closing
620	290	0	290	rpc error: code = Unavailable desc = transport is closing
620	326	0	326	rpc error: code = Unavailable desc = transport is closing
620	188	0	188	rpc error: code = Unavailable desc = transport is closing
620	332	0	332	rpc error: code = Unavailable desc = transport is closing
620	276	0	276	rpc error: code = Unavailable desc = transport is closing
620	359	0	359	rpc error: code = Unavailable desc = transport is closing
620	295	0	295	rpc error: code = Unavailable desc = transport is closing
620	320	0	320	rpc error: code = Unavailable desc = transport is closing
620	41726	0	41726	rpc error: code = Unavailable desc = transport is closing
620	295	0	295	rpc error: code = Unavailable desc = transport is closing
620	526	0	526	rpc error: code = Unavailable desc = transport is closing
620	293	0	293	rpc error: code = Unavailable desc = transport is closing
620	338	0	338	rpc error: code = Unavailable desc = transport is closing
620	314	0	314	rpc error: code = Unavailable desc = transport is closing
620	2939	0	2939	rpc error: code = Unavailable desc = transport is closing
620	315	0	315	rpc error: code = Unavailable desc = transport is closing
620	300	0	300	rpc error: code = Unavailable desc = transport is closing
620	342	0	342	rpc error: code = Unavailable desc = transport is closing
620	356	0	356	rpc error: code = Unavailable desc = transport is closing
620	337	0	337	rpc error: code = Unavailable desc = transport is closing
620	341	0	341	rpc error: code = Unavailable desc = transport is closing
620	282	0	282	rpc error: code = Unavailable desc = transport is closing
620	9700	0	9700	rpc error: code = Unavailable desc = transport is closing
620	334	0	334	rpc error: code = Unavailable desc = transport is closing
620	328	0	328	rpc error: code = Unavailable desc = transport is closing
620	280	0	280	rpc error: code = Unavailable desc = transport is closing
620	341	0	341	rpc error: code = Unavailable desc = transport is closing
620	3130	0	3130	rpc error: code = Unavailable desc = transport is closing
620	5762	0	5762	rpc error: code = Unavailable desc = transport is closing
620	291	0	291	rpc error: code = Unavailable desc = transport is closing
620	339	0	339	rpc error: code = Unavailable desc = transport is closing
620	285	0	285	rpc error: code = Unavailable desc = transport is closing
620	330	0	330	rpc error: code = Unavailable desc = transport is closing
620	313	0	313	rpc error: code = Unavailable desc = transport is closing
620	272	0	272	rpc error: code = Unavailable desc = transport is closing
620	328	0	328	rpc error: code = Unavailable desc = transport is closing
620	357	0	357	rpc error: code = Unavailable desc = transport is closing
620	341	0	341	rpc error: code = Unavailable desc = transport is closing
620	356	0	356	rpc error: code = Unavailable desc = transport is closing
620	289	0	289	rpc error: code = Unavailable desc = transport is closing
620	295	0	295	rpc error: code = Unavailable desc = transport is closing
620	279	0	279	rpc error: code = Unavailable desc = transport is closing
620	293	0	293	rpc error: code = Unavailable desc = transport is closing
620	303	0	303	rpc error: code = Unavailable desc = transport is closing
620	280	0	280	rpc error: code = Unavailable desc = transport is closing
620	322	0	322	rpc error: code = Unavailable desc = transport is closing
620	328	0	328	rpc error: code = Unavailable desc = transport is closing
620	350	0	350	rpc error: code = Unavailable desc = transport is closing
620	313	0	313	rpc error: code = Unavailable desc = transport is closing
620	286	0	286	rpc error: code = Unavailable desc = transport is closing
620	316	0	316	rpc error: code = Unavailable desc = transport is closing
620	276	0	276	rpc error: code = Unavailable desc = transport is closing
620	3207	0	3207	rpc error: code = Unavailable desc = transport is closing
620	293	0	293	rpc error: code = Unavailable desc = transport is closing
620	5676	0	5676	rpc error: code = Unavailable desc = transport is closing
620	292	0	292	rpc error: code = Unavailable desc = transport is closing
620	341	0	341	rpc error: code = Unavailable desc = transport is closing
620	281	0	281	rpc error: code = Unavailable desc = transport is closing
620	331	0	331	rpc error: code = Unavailable desc = transport is closing
620	2938	0	2938	rpc error: code = Unavailable desc = transport is closing
620	303	0	303	rpc error: code = Unavailable desc = transport is closing
620	290	0	290	rpc error: code = Unavailable desc = transport is closing
620	352	0	352	rpc error: code = Unavailable desc = transport is closing
620	327	0	327	rpc error: code = Unavailable desc = transport is closing
620	341	0	341	rpc error: code = Unavailable desc = transport is closing
620	337	0	337	rpc error: code = Unavailable desc = transport is closing
620	289	0	289	rpc error: code = Unavailable desc = transport is closing
620	279	0	279	rpc error: code = Unavailable desc = transport is closing
620	293	0	293	rpc error: code = Unavailable desc = transport is closing
620	679	312	991	<nil>
620	3382	359	3741	<nil>
620	672	363	1035	<nil>
620	671	363	1034	<nil>
620	677	394	1071	<nil>
620	682	413	1095	<nil>
620	707	410	1117	<nil>
620	678	436	1114	<nil>
620	712	407	1119	<nil>
620	719	409	1128	<nil>
620	824	302	1126	<nil>
620	711	422	1133	<nil>
620	713	420	1133	<nil>
620	726	404	1130	<nil>
620	723	404	1127	<nil>
620	714	419	1133	<nil>
620	711	415	1126	<nil>
620	726	403	1129	<nil>
620	727	406	1133	<nil>
620	722	408	1130	<nil>
620	719	411	1130	<nil>
620	730	402	1132	<nil>
620	731	403	1134	<nil>
620	720	411	1131	<nil>
620	669	425	1094	<nil>
620	715	411	1126	<nil>
620	11378	394	11772	<nil>
620	728	405	1133	<nil>
620	641	490	1131	<nil>
620	6019	470	6489	<nil>
620	762	385	1147	<nil>
620	727	481	1208	<nil>
620	713	495	1208	<nil>
620	666	485	1151	<nil>
620	707	510	1217	<nil>
620	707	509	1216	<nil>
620	841	368	1209	<nil>
620	720	490	1210	<nil>
620	660	504	1164	<nil>
620	930	313	1243	<nil>
620	1920	249	2169	<nil>
620	505	252	757	<nil>
620	6297	255	6552	<nil>
620	919	337	1256	<nil>
620	967	256	1223	<nil>
620	896	266	1162	<nil>
620	372	0	372	rpc error: code = Unavailable desc = transport is closing
620	373	0	373	rpc error: code = Unavailable desc = transport is closing
620	372	0	372	rpc error: code = Unavailable desc = transport is closing
620	2849	0	2849	rpc error: code = Unavailable desc = transport is closing
620	2977	0	2977	rpc error: code = Unavailable desc = transport is closing
620	373	0	373	rpc error: code = Unavailable desc = transport is closing
620	3169	0	3169	rpc error: code = Unavailable desc = transport is closing
620	580	131	711	<nil>
620	577	131	708	<nil>
620	588	124	712	<nil>
620	523	114	637	<nil>
620	3071	119	3190	<nil>
620	550	102	652	<nil>
620	523	114	637	<nil>
620	540	102	642	<nil>
620	523	114	637	<nil>
620	526	116	642	<nil>
620	3402	111	3513	<nil>
620	542	100	642	<nil>
620	524	100	624	<nil>
620	546	102	648	<nil>
620	551	117	668	<nil>
620	249	7	256	<nil>
620	225	7	232	<nil>
620	224	7	231	<nil>
620	225	7	232	<nil>
620	224	6	230	<nil>
620	3023	7	3030	<nil>
620	224	7	231	<nil>
620	224	7	231	<nil>
620	224	7	231	<nil>
620	225	7	232	<nil>
620	156	7	163	<nil>
620	225	8	233	<nil>
620	156	7	163	<nil>
620	153	7	160	<nil>
620	153	7	160	<nil>
620	153	8	161	<nil>
620	130	7	137	<nil>
620	2699	6	2705	<nil>
620	110396	7	110403	<nil>
620	113	5	118	<nil>
620	92	5	97	<nil>
620	102	6	108	<nil>
620	92	6	98	<nil>
620	113	6	119	<nil>
620	92	6	98	<nil>
620	92	6	98	<nil>
620	92	7	99	<nil>
620	91	8	99	<nil>
620	526	130	656	<nil>
620	165	0	165	<nil>
620	87	7	94	<nil>
620	80	10	90	<nil>
620	92	5	97	<nil>
620	96	3	99	<nil>
620	75	11	86	<nil>
620	88	9	97	<nil>
620	92	6	98	<nil>
620	88	11	99	<nil>
620	86	3	89	<nil>
620	86	10	96	<nil>
620	84	6	90	<nil>
620	94	3	97	<nil>
620	82	7	89	<nil>
620	84	3	87	<nil>
620	94	4	98	<nil>
620	88	4	92	<nil>
620	89	15	104	<nil>
620	94	5	99	<nil>
620	95	5	100	<nil>
620	92	4	96	<nil>
620	88	14	102	<nil>
620	91	16	107	<nil>
620	87	4	91	<nil>
620	90	27	117	<nil>
620	111	29	140	<nil>
620	110	35	145	<nil>
620	5886	4	5890	<nil>
620	108	41	149	<nil>
620	89	55	144	<nil>
620	4901	39	4940	<nil>
620	87	57	144	<nil>
620	115	30	145	<nil>
620	91	57	148	<nil>
620	87	56	143	<nil>
620	2386	57	2443	<nil>
620	113	34	147	<nil>
620	103	38	141	<nil>
620	118	37	155	<nil>
620	77	1	78	<nil>
620	69	2	71	<nil>
620	64	1	65	<nil>
620	57	4	61	<nil>
620	77	5	82	<nil>
620	81	1	82	<nil>
620	80	1	81	<nil>
620	80	2	82	<nil>
620	79	2	81	<nil>
620	110	38	148	<nil>
620	91	58	149	<nil>
620	26277	34	26311	<nil>
620	83	1	84	<nil>
620	112	30	142	<nil>
620	115	42	157	<nil>
620	83	0	83	<nil>
620	2401	42	2443	<nil>
620	5975	1	5976	<nil>
620	86	0	86	<nil>
620	85	1	86	<nil>
620	86	0	86	<nil>
620	87	0	87	<nil>
620	63	19	82	<nil>
620	113	32	145	<nil>
620	66	3	69	<nil>
620	88	1	89	<nil>
620	147	15	162	<nil>
620	85	10	95	<nil>
620	80	15	95	<nil>
620	127	10	137	<nil>
620	90	12	102	<nil>
620	80	14	94	<nil>
620	85	16	101	<nil>
620	2475	267	2742	<nil>
620	141	258	399	<nil>
620	143	258	401	<nil>
620	118	258	376	<nil>
620	2998	259	3257	<nil>
620	104	258	362	<nil>
620	103	261	364	<nil>
620	169	259	428	<nil>
620	2579	259	2838	<nil>
620	116	258	374	<nil>
620	100	258	358	<nil>
620	105	260	365	<nil>
620	103	260	363	<nil>
620	113	261	374	<nil>
620	99	260	359	<nil>
620	102	264	366	<nil>
620	168	263	431	<nil>
620	104	263	367	<nil>
620	2435	264	2699	<nil>
620	105	264	369	<nil>
620	108	262	370	<nil>
620	102	264	366	<nil>
620	2572	262	2834	<nil>
620	104	264	368	<nil>
620	2445	264	2709	<nil>
620	100	262	362	<nil>
620	101	262	363	<nil>
620	117	264	381	<nil>
620	105	264	369	<nil>
620	105	267	372	<nil>
620	169	266	435	<nil>
620	106	267	373	<nil>
620	112	268	380	<nil>
620	2487	266	2753	<nil>
620	2437	267	2704	<nil>
620	103	267	370	<nil>
620	115	267	382	<nil>
620	100	267	367	<nil>
620	266	56	322	<nil>
620	266	57	323	<nil>
620	265	57	322	<nil>
620	265	57	322	<nil>
620	270	57	327	<nil>
620	266	74	340	<nil>
620	287	54	341	<nil>
620	62	25	87	<nil>
620	66	26	92	<nil>
620	83	11	94	<nil>
620	83	11	94	<nil>
620	81	14	95	<nil>
620	82	11	93	<nil>
620	77	12	89	<nil>
620	82	12	94	<nil>
620	87	6	93	<nil>
620	78	14	92	<nil>
620	84	22	106	<nil>
620	94	26	120	<nil>
620	91	27	118	<nil>
620	91	26	117	<nil>
620	89	27	116	<nil>
620	2792	26	2818	<nil>
620	1083	28	1111	<nil>
620	5329	28	5357	<nil>
620	99	23	122	<nil>
620	1092	29	1121	<nil>
620	89	30	119	<nil>
620	90	29	119	<nil>
620	1088	35	1123	<nil>
620	85	51	136	<nil>
620	97	45	142	<nil>
620	94	43	137	<nil>
620	88	59	147	<nil>
620	1089	52	1141	<nil>
620	81	60	141	<nil>
620	80	61	141	<nil>
620	1089	61	1150	<nil>
620	78	67	145	<nil>
620	1093	64	1157	<nil>
620	74	74	148	<nil>
620	1090	72	1162	<nil>
620	1083	97	1180	<nil>
620	2961	88	3049	<nil>
620	91	114	205	<nil>
620	2709	87	2796	<nil>
620	5454	87	5541	<nil>
620	2868	91	2959	<nil>
620	2832	86	2918	<nil>
620	26453	92	26545	<nil>
620	9379	86	9465	<nil>
620	25	88	113	<nil>
620	25	87	112	<nil>
620	31	93	124	<nil>
620	43	93	136	<nil>
620	45	90	135	<nil>
620	34	127	161	<nil>
620	25	122	147	<nil>
620	25	127	152	<nil>
620	5223	129	5352	<nil>
620	2490	65	2555	<nil>
620	25	132	157	<nil>
620	45	91	136	<nil>
620	67	66	133	<nil>
620	2740	92	2832	<nil>
620	85	52	137	<nil>
620	45	91	136	<nil>
620	51	53	104	<nil>
620	86	56	142	<nil>
620	87	50	137	<nil>
620	50	53	103	<nil>
620	9271	53	9324	<nil>
620	49	53	102	<nil>
620	92	11	103	<nil>
620	51	54	105	<nil>
620	86	56	142	<nil>
620	65	54	119	<nil>
620	84	55	139	<nil>
620	65	53	118	<nil>
620	74	31	105	<nil>
620	49	53	102	<nil>
620	87	49	136	<nil>
620	2646	55	2701	<nil>
620	65	55	120	<nil>
620	73	33	106	<nil>
620	2981	34	3015	<nil>
620	43	12	55	<nil>
620	9550	4	9554	<nil>
620	61	5	66	<nil>
620	1092	6	1098	<nil>
620	2961	6	2967	<nil>
620	16589	7	16596	<nil>
620	3012	6	3018	<nil>
620	2971	7	2978	<nil>
620	52	7	59	<nil>
620	71	8	79	<nil>
620	67	8	75	<nil>
620	96	8	104	<nil>
620	5602	8	5610	<nil>
620	2711	0	2711	<nil>
620	109	11	120	<nil>
620	150	10	160	<nil>
620	2798	11	2809	<nil>
620	2800	11	2811	<nil>
620	132	7	139	<nil>
620	115	6	121	<nil>
620	2684	9	2693	<nil>
620	104	11	115	<nil>
620	137	6	143	<nil>
620	121	6	127	<nil>
620	119	13	132	<nil>
620	116	13	129	<nil>
620	2802	20	2822	<nil>
620	150	12	162	<nil>
620	107	8	115	<nil>
620	2671	7	2678	<nil>
620	102	7	109	<nil>
620	158	12	170	<nil>
620	1150	11	1161	<nil>
620	106	19	125	<nil>
620	2670	19	2689	<nil>
620	102	19	121	<nil>
620	43853	14	43867	<nil>
620	106	19	125	<nil>
620	108	15	123	<nil>
620	111	25	136	<nil>
620	127	20	147	<nil>
620	2692	20	2712	<nil>
620	101	20	121	<nil>
620	106	21	127	<nil>
620	107	20	127	<nil>
620	2671	20	2691	<nil>
620	110	21	131	<nil>
620	114	27	141	<nil>
620	2682	37	2719	<nil>
620	117	55	172	<nil>
620	120	53	173	<nil>
620	126	78	204	<nil>
620	125	77	202	<nil>
620	2684	90	2774	<nil>
620	1031	89	1120	<nil>
620	9665	103	9768	<nil>
620	2966	100	3066	<nil>
620	2813	102	2915	<nil>
620	1169	88	1257	<nil>
620	89	3	92	<nil>
620	95	12	107	<nil>
620	88	1	89	<nil>
620	85	3	88	<nil>
620	94	2	96	<nil>
620	92	11	103	<nil>
620	85	3	88	<nil>
620	26	83	109	<nil>
620	2909	16	2925	<nil>
620	25	83	108	<nil>
620	77	6	83	<nil>
620	95	8	103	<nil>
620	88	8	96	<nil>
620	87	9	96	<nil>
620	91	9	100	<nil>
620	91	8	99	<nil>
620	88	9	97	<nil>
620	108	20	128	<nil>
620	27331	21	27352	<nil>
620	120	22	142	<nil>
620	113	20	133	<nil>
620	109	21	130	<nil>
620	121	8	129	<nil>
620	121	8	129	<nil>
620	121	8	129	<nil>
620	107	38	145	<nil>
620	95	38	133	<nil>
620	108	21	129	<nil>
620	134	9	143	<nil>
620	118	18	136	<nil>
620	112	25	137	<nil>
620	59	43	102	<nil>
620	112	30	142	<nil>
620	133	28	161	<nil>
620	109	42	151	<nil>
620	55	45	100	<nil>
620	92	61	153	<nil>
620	2820	36	2856	<nil>
620	1071	71	1142	<nil>
620	51	73	124	<nil>
620	49	72	121	<nil>
620	49	72	121	<nil>
620	50	76	126	<nil>
620	50	77	127	<nil>
620	2853	76	2929	<nil>
620	66	51	117	<nil>
620	46	74	120	<nil>
620	64	52	116	<nil>
620	53	74	127	<nil>
620	48	71	119	<nil>
620	65	66	131	<nil>
620	62	72	134	<nil>
620	2994	69	3063	<nil>
620	65	69	134	<nil>
620	65	69	134	<nil>
620	68	71	139	<nil>
620	68	71	139	<nil>
620	64	71	135	<nil>
620	66	69	135	<nil>
620	63	72	135	<nil>
620	5695	30	5725	<nil>
620	2896	30	2926	<nil>
620	63	30	93	<nil>
620	2918	32	2950	<nil>
620	100	31	131	<nil>
620	53	30	83	<nil>
620	47	31	78	<nil>
620	49	30	79	<nil>
620	16947	11	16958	<nil>
620	68	12	80	<nil>
620	79	12	91	<nil>
620	79	12	91	<nil>
620	70	22	92	<nil>
620	82	13	95	<nil>
620	49	25	74	<nil>
620	86	10	96	<nil>
620	86	10	96	<nil>
620	86	11	97	<nil>
620	5275	11	5286	<nil>
620	84	13	97	<nil>
620	87	11	98	<nil>
620	21	11	32	<nil>
620	85	13	98	<nil>
620	40	11	51	<nil>
620	27	12	39	<nil>
620	22	13	35	<nil>
620	41	12	53	<nil>
620	117	7	124	<nil>
620	1117	8	1125	<nil>
620	112	6	118	<nil>
620	107	5	112	<nil>
620	116	5	121	<nil>
620	125	6	131	<nil>
620	112	12	124	<nil>
620	115	8	123	<nil>
620	110	5	115	<nil>
620	1121	2	1123	<nil>
620	107	8	115	<nil>
620	110	7	117	<nil>
620	10077	5	10082	<nil>
620	118	2	120	<nil>
620	121	3	124	<nil>
620	113	3	116	<nil>
620	1123	5	1128	<nil>
620	1124	2	1126	<nil>
620	1178	5	1183	<nil>
620	113	5	118	<nil>
620	122	5	127	<nil>
620	123	3	126	<nil>
620	1121	8	1129	<nil>
620	118	8	126	<nil>
620	119	7	126	<nil>
620	124	7	131	<nil>
620	113	23	136	<nil>
620	144	20	164	<nil>
620	116	61	177	<nil>
640	117	54	171	<nil>
640	9887	0	9887	rpc error: code = Unavailable desc = transport is closing
640	173	0	173	rpc error: code = Unavailable desc = transport is closing
640	9811	72	9883	<nil>
640	170	24	194	<nil>
640	117	74	191	<nil>
640	125	69	194	<nil>
640	120	75	195	<nil>
640	5463	69	5532	<nil>
640	115	75	190	<nil>
640	163	25	188	<nil>
640	116	75	191	<nil>
640	1129	75	1204	<nil>
640	118	75	193	<nil>
640	1124	75	1199	<nil>
640	5401	75	5476	<nil>
640	125	75	200	<nil>
640	42728	72	42800	<nil>
640	69	16	85	<nil>
640	68	16	84	<nil>
640	4699	16	4715	<nil>
640	70	16	86	<nil>
640	82	26	108	<nil>
640	83	26	109	<nil>
640	225	0	225	rpc error: code = Unavailable desc = transport is closing
640	224	0	224	rpc error: code = Unavailable desc = transport is closing
640	225	0	225	rpc error: code = Unavailable desc = transport is closing
640	225	0	225	rpc error: code = Unavailable desc = transport is closing
640	225	0	225	rpc error: code = Unavailable desc = transport is closing
640	80	44	124	<nil>
640	78	48	126	<nil>
640	85	44	129	<nil>
640	74	48	122	<nil>
640	72	50	122	<nil>
640	74	48	122	<nil>
640	83	46	129	<nil>
640	104	21	125	<nil>
640	82	48	130	<nil>
640	84	39	123	<nil>
640	225	0	225	rpc error: code = Unavailable desc = transport is closing
640	76	50	126	<nil>
640	67	52	119	<nil>
640	77	50	127	<nil>
640	74	52	126	<nil>
640	50	27	77	<nil>
640	25166	50	25216	<nil>
640	4830	12	4842	<nil>
640	50	30	80	<nil>
640	99	31	130	<nil>
640	61	59	120	<nil>
640	50	30	80	<nil>
640	122	12	134	<nil>
640	90	31	121	<nil>
640	50	38	88	<nil>
640	50	47	97	<nil>
640	50	86	136	<nil>
640	485	0	485	rpc error: code = Unavailable desc = transport is closing
640	484	0	484	rpc error: code = Unavailable desc = transport is closing
640	56	75	131	<nil>
640	54	68	122	<nil>
640	60	66	126	<nil>
640	63	68	131	<nil>
640	60	69	129	<nil>
640	57	74	131	<nil>
640	114	25	139	<nil>
640	446	0	446	rpc error: code = Unavailable desc = transport is closing
640	470	0	470	rpc error: code = Unavailable desc = transport is closing
640	4803	39	4842	<nil>
640	115	31	146	<nil>
640	78	65	143	<nil>
640	100	47	147	<nil>
640	113	19	132	<nil>
640	45	67	112	<nil>
640	81	66	147	<nil>
640	108	39	147	<nil>
640	4650	77	4727	<nil>
640	2982	501	3483	<nil>
640	69	502	571	<nil>
640	54	503	557	<nil>
640	64	459	523	<nil>
640	80	459	539	<nil>
640	71	503	574	<nil>
640	71	460	531	<nil>
640	2798	461	3259	<nil>
640	64	462	526	<nil>
640	62	462	524	<nil>
640	51	505	556	<nil>
640	63	462	525	<nil>
640	66	461	527	<nil>
640	226	0	226	rpc error: code = Unavailable desc = transport is closing
640	1247	0	1247	rpc error: code = Unavailable desc = transport is closing
640	227	0	227	rpc error: code = Unavailable desc = transport is closing
640	498	0	498	rpc error: code = Unavailable desc = transport is closing
640	426	0	426	rpc error: code = Unavailable desc = transport is closing
640	532	0	532	rpc error: code = Unavailable desc = transport is closing
640	535	0	535	rpc error: code = Unavailable desc = transport is closing
640	3402	0	3402	rpc error: code = Unavailable desc = transport is closing
640	419	0	419	rpc error: code = Unavailable desc = transport is closing
640	531	0	531	rpc error: code = Unavailable desc = transport is closing
640	1384	0	1384	rpc error: code = Unavailable desc = transport is closing
640	419	0	419	rpc error: code = Unavailable desc = transport is closing
640	431	0	431	rpc error: code = Unavailable desc = transport is closing
640	517	0	517	rpc error: code = Unavailable desc = transport is closing
640	472	0	472	rpc error: code = Unavailable desc = transport is closing
640	380	0	380	rpc error: code = Unavailable desc = transport is closing
640	3102	0	3102	rpc error: code = Unavailable desc = transport is closing
640	540	0	540	rpc error: code = Unavailable desc = transport is closing
640	531	0	531	rpc error: code = Unavailable desc = transport is closing
640	551	0	551	rpc error: code = Unavailable desc = transport is closing
640	2962	0	2962	rpc error: code = Unavailable desc = transport is closing
640	508	0	508	rpc error: code = Unavailable desc = transport is closing
640	512	0	512	rpc error: code = Unavailable desc = transport is closing
640	512	0	512	rpc error: code = Unavailable desc = transport is closing
640	537	0	537	rpc error: code = Unavailable desc = transport is closing
640	542	0	542	rpc error: code = Unavailable desc = transport is closing
640	485	0	485	rpc error: code = Unavailable desc = transport is closing
640	512	0	512	rpc error: code = Unavailable desc = transport is closing
640	3090	0	3090	rpc error: code = Unavailable desc = transport is closing
640	95	472	567	<nil>
640	513	0	513	rpc error: code = Unavailable desc = transport is closing
640	99	480	579	<nil>
640	419	0	419	rpc error: code = Unavailable desc = transport is closing
640	1378	0	1378	rpc error: code = Unavailable desc = transport is closing
640	3093	0	3093	rpc error: code = Unavailable desc = transport is closing
640	3089	0	3089	rpc error: code = Unavailable desc = transport is closing
640	259	0	259	rpc error: code = Unavailable desc = transport is closing
640	539	0	539	rpc error: code = Unavailable desc = transport is closing
640	512	0	512	rpc error: code = Unavailable desc = transport is closing
640	10097	0	10097	rpc error: code = Unavailable desc = transport is closing
640	255	0	255	rpc error: code = Unavailable desc = transport is closing
640	528	0	528	rpc error: code = Unavailable desc = transport is closing
640	537	0	537	rpc error: code = Unavailable desc = transport is closing
640	487	0	487	rpc error: code = Unavailable desc = transport is closing
640	84	495	579	<nil>
640	542	0	542	rpc error: code = Unavailable desc = transport is closing
640	539	0	539	rpc error: code = Unavailable desc = transport is closing
640	540	0	540	rpc error: code = Unavailable desc = transport is closing
640	5851	0	5851	rpc error: code = Unavailable desc = transport is closing
640	549	0	549	rpc error: code = Unavailable desc = transport is closing
640	543	0	543	rpc error: code = Unavailable desc = transport is closing
640	477	0	477	rpc error: code = Unavailable desc = transport is closing
640	518	0	518	rpc error: code = Unavailable desc = transport is closing
640	2793	0	2793	rpc error: code = Unavailable desc = transport is closing
640	376	0	376	rpc error: code = Unavailable desc = transport is closing
640	526	0	526	rpc error: code = Unavailable desc = transport is closing
640	1270	0	1270	rpc error: code = Unavailable desc = transport is closing
640	477	0	477	rpc error: code = Unavailable desc = transport is closing
640	3079	0	3079	rpc error: code = Unavailable desc = transport is closing
640	523	0	523	rpc error: code = Unavailable desc = transport is closing
640	535	0	535	rpc error: code = Unavailable desc = transport is closing
640	418	0	418	rpc error: code = Unavailable desc = transport is closing
640	1395	0	1395	rpc error: code = Unavailable desc = transport is closing
640	470	0	470	rpc error: code = Unavailable desc = transport is closing
640	544	0	544	rpc error: code = Unavailable desc = transport is closing
640	373	0	373	rpc error: code = Unavailable desc = transport is closing
640	519	0	519	rpc error: code = Unavailable desc = transport is closing
640	529	0	529	rpc error: code = Unavailable desc = transport is closing
640	523	0	523	rpc error: code = Unavailable desc = transport is closing
640	554	0	554	rpc error: code = Unavailable desc = transport is closing
640	528	0	528	rpc error: code = Unavailable desc = transport is closing
640	501	0	501	rpc error: code = Unavailable desc = transport is closing
640	542	0	542	rpc error: code = Unavailable desc = transport is closing
640	444	0	444	rpc error: code = Unavailable desc = transport is closing
640	486	0	486	rpc error: code = Unavailable desc = transport is closing
640	470	0	470	rpc error: code = Unavailable desc = transport is closing
640	43606	0	43606	rpc error: code = Unavailable desc = transport is closing
640	530	0	530	rpc error: code = Unavailable desc = transport is closing
640	5679	0	5679	rpc error: code = Unavailable desc = transport is closing
640	486	0	486	rpc error: code = Unavailable desc = transport is closing
640	520	0	520	rpc error: code = Unavailable desc = transport is closing
640	469	0	469	rpc error: code = Unavailable desc = transport is closing
640	264	0	264	rpc error: code = Unavailable desc = transport is closing
640	5913	0	5913	rpc error: code = Unavailable desc = transport is closing
640	523	0	523	rpc error: code = Unavailable desc = transport is closing
640	528	0	528	rpc error: code = Unavailable desc = transport is closing
640	594	0	594	rpc error: code = Unavailable desc = transport is closing
640	3091	0	3091	rpc error: code = Unavailable desc = transport is closing
640	532	0	532	rpc error: code = Unavailable desc = transport is closing
640	15923	0	15923	rpc error: code = Unavailable desc = transport is closing
640	525	0	525	rpc error: code = Unavailable desc = transport is closing
640	526	0	526	rpc error: code = Unavailable desc = transport is closing
640	514	0	514	rpc error: code = Unavailable desc = transport is closing
640	533	0	533	rpc error: code = Unavailable desc = transport is closing
640	18016	0	18016	rpc error: code = Unavailable desc = transport is closing
640	526	0	526	rpc error: code = Unavailable desc = transport is closing
640	532	0	532	rpc error: code = Unavailable desc = transport is closing
640	483	0	483	rpc error: code = Unavailable desc = transport is closing
640	526	0	526	rpc error: code = Unavailable desc = transport is closing
640	477	0	477	rpc error: code = Unavailable desc = transport is closing
640	480	0	480	rpc error: code = Unavailable desc = transport is closing
640	526	0	526	rpc error: code = Unavailable desc = transport is closing
640	526	0	526	rpc error: code = Unavailable desc = transport is closing
640	364	0	364	rpc error: code = Unavailable desc = transport is closing
640	488	0	488	rpc error: code = Unavailable desc = transport is closing
640	488	0	488	rpc error: code = Unavailable desc = transport is closing
640	491	0	491	rpc error: code = Unavailable desc = transport is closing
640	508	0	508	rpc error: code = Unavailable desc = transport is closing
640	487	0	487	rpc error: code = Unavailable desc = transport is closing
640	487	0	487	rpc error: code = Unavailable desc = transport is closing
640	491	0	491	rpc error: code = Unavailable desc = transport is closing
640	514	0	514	rpc error: code = Unavailable desc = transport is closing
640	512	0	512	rpc error: code = Unavailable desc = transport is closing
640	491	0	491	rpc error: code = Unavailable desc = transport is closing
640	488	0	488	rpc error: code = Unavailable desc = transport is closing
640	486	0	486	rpc error: code = Unavailable desc = transport is closing
640	574	0	574	rpc error: code = Unavailable desc = transport is closing
640	519	0	519	rpc error: code = Unavailable desc = transport is closing
640	491	0	491	rpc error: code = Unavailable desc = transport is closing
640	100	462	562	<nil>
640	522	0	522	rpc error: code = Unavailable desc = transport is closing
640	101	463	564	<nil>
640	581	0	581	rpc error: code = Unavailable desc = transport is closing
640	509	0	509	rpc error: code = Unavailable desc = transport is closing
640	512	0	512	rpc error: code = Unavailable desc = transport is closing
640	114	461	575	<nil>
640	503	0	503	rpc error: code = Unavailable desc = transport is closing
640	16097	0	16097	rpc error: code = Unavailable desc = transport is closing
640	97	462	559	<nil>
640	321	0	321	rpc error: code = Unavailable desc = transport is closing
640	491	0	491	rpc error: code = Unavailable desc = transport is closing
640	137	0	137	rpc error: code = Unavailable desc = transport is closing
640	104	468	572	<nil>
640	513	0	513	rpc error: code = Unavailable desc = transport is closing
640	156	0	156	rpc error: code = Unavailable desc = transport is closing
640	510	0	510	rpc error: code = Unavailable desc = transport is closing
640	512	0	512	rpc error: code = Unavailable desc = transport is closing
640	490	0	490	rpc error: code = Unavailable desc = transport is closing
640	321	0	321	rpc error: code = Unavailable desc = transport is closing
640	166	0	166	rpc error: code = Unavailable desc = transport is closing
640	485	0	485	rpc error: code = Unavailable desc = transport is closing
640	491	0	491	rpc error: code = Unavailable desc = transport is closing
640	525	0	525	rpc error: code = Unavailable desc = transport is closing
640	491	0	491	rpc error: code = Unavailable desc = transport is closing
640	476	0	476	rpc error: code = Unavailable desc = transport is closing
640	425	0	425	rpc error: code = Unavailable desc = transport is closing
640	490	0	490	rpc error: code = Unavailable desc = transport is closing
640	491	0	491	rpc error: code = Unavailable desc = transport is closing
640	496	0	496	rpc error: code = Unavailable desc = transport is closing
640	469	0	469	rpc error: code = Unavailable desc = transport is closing
640	112	470	582	<nil>
640	526	0	526	rpc error: code = Unavailable desc = transport is closing
640	463	0	463	rpc error: code = Unavailable desc = transport is closing
640	512	0	512	rpc error: code = Unavailable desc = transport is closing
640	511	0	511	rpc error: code = Unavailable desc = transport is closing
640	107	469	576	<nil>
640	519	0	519	rpc error: code = Unavailable desc = transport is closing
640	520	0	520	rpc error: code = Unavailable desc = transport is closing
640	520	0	520	rpc error: code = Unavailable desc = transport is closing
640	111	468	579	<nil>
640	536	0	536	rpc error: code = Unavailable desc = transport is closing
640	5720	0	5720	rpc error: code = Unavailable desc = transport is closing
640	88	475	563	<nil>
640	513	0	513	rpc error: code = Unavailable desc = transport is closing
640	508	0	508	rpc error: code = Unavailable desc = transport is closing
640	290	0	290	rpc error: code = Unavailable desc = transport is closing
640	513	0	513	rpc error: code = Unavailable desc = transport is closing
640	104	472	576	<nil>
640	532	0	532	rpc error: code = Unavailable desc = transport is closing
640	594	0	594	rpc error: code = Unavailable desc = transport is closing
640	103	473	576	<nil>
640	119	469	588	<nil>
640	113	469	582	<nil>
640	581	0	581	rpc error: code = Unavailable desc = transport is closing
640	528	29	557	<nil>
640	593	0	593	rpc error: code = Unavailable desc = transport is closing
640	99	464	563	<nil>
640	3090	0	3090	rpc error: code = Unavailable desc = transport is closing
640	520	0	520	rpc error: code = Unavailable desc = transport is closing
640	94	478	572	<nil>
640	491	0	491	rpc error: code = Unavailable desc = transport is closing
640	576	0	576	rpc error: code = Unavailable desc = transport is closing
640	513	0	513	rpc error: code = Unavailable desc = transport is closing
640	549	0	549	rpc error: code = Unavailable desc = transport is closing
640	94	480	574	<nil>
640	542	0	542	rpc error: code = Unavailable desc = transport is closing
640	508	10	518	<nil>
640	1457	9	1466	<nil>
640	16102	11	16113	<nil>
640	501	9	510	<nil>
640	509	8	517	<nil>
640	63	7	70	<nil>
640	25521	10	25531	<nil>
640	112	493	605	<nil>
640	1207	10	1217	<nil>
640	66	9	75	<nil>
640	580	0	580	rpc error: code = Unavailable desc = transport is closing
640	2718	0	2718	rpc error: code = Unavailable desc = transport is closing
640	508	9	517	<nil>
640	511	8	519	<nil>
640	503	8	511	<nil>
640	524	6	530	<nil>
640	514	8	522	<nil>
640	513	9	522	<nil>
640	5221	9	5230	<nil>
640	1459	12	1471	<nil>
640	518	9	527	<nil>
640	1211	9	1220	<nil>
640	491	0	491	rpc error: code = Unavailable desc = transport is closing
640	1379	10	1389	<nil>
640	5219	13	5232	<nil>
640	1464	11	1475	<nil>
640	1464	12	1476	<nil>
640	1214	26	1240	<nil>
640	1210	11	1221	<nil>
640	515	0	515	rpc error: code = Unavailable desc = transport is closing
640	24444	24	24468	<nil>
640	1377	12	1389	<nil>
640	539	17	556	<nil>
640	466	12	478	<nil>
640	101	508	609	<nil>
640	2470	12	2482	<nil>
640	1214	30	1244	<nil>
640	5219	12	5231	<nil>
640	1214	31	1245	<nil>
640	78	251	329	<nil>
640	520	268	788	<nil>
640	75	267	342	<nil>
640	538	268	806	<nil>
640	16424	268	16692	<nil>
640	88	244	332	<nil>
640	78	253	331	<nil>
640	89	253	342	<nil>
640	88	272	360	<nil>
640	89	313	402	<nil>
640	88	314	402	<nil>
640	73	316	389	<nil>
640	316	148	464	<nil>
640	330	148	478	<nil>
640	317	146	463	<nil>
640	330	134	464	<nil>
640	331	135	466	<nil>
640	331	135	466	<nil>
640	343	123	466	<nil>
640	343	137	480	<nil>
640	364	139	503	<nil>
640	441	30	471	<nil>
640	438	39	477	<nil>
640	490	11	501	<nil>
640	460	40	500	<nil>
640	435	38	473	<nil>
640	438	32	470	<nil>
640	438	37	475	<nil>
640	423	68	491	<nil>
640	443	20	463	<nil>
640	443	36	479	<nil>
640	423	67	490	<nil>
640	435	37	472	<nil>
640	474	16	490	<nil>
640	474	29	503	<nil>
640	405	69	474	<nil>
640	427	66	493	<nil>
640	437	38	475	<nil>
640	416	69	485	<nil>
640	410	69	479	<nil>
640	453	32	485	<nil>
640	437	36	473	<nil>
640	410	69	479	<nil>
640	455	38	493	<nil>
640	442	39	481	<nil>
640	448	27	475	<nil>
640	471	16	487	<nil>
640	484	15	499	<nil>
640	438	39	477	<nil>
640	460	40	500	<nil>
640	490	18	508	<nil>
640	467	29	496	<nil>
640	456	16	472	<nil>
640	448	42	490	<nil>
640	465	17	482	<nil>
640	465	30	495	<nil>
640	449	22	471	<nil>
640	5713	12	5725	<nil>
640	1478	17	1495	<nil>
640	478	18	496	<nil>
640	453	18	471	<nil>
640	444	31	475	<nil>
640	438	41	479	<nil>
640	453	26	479	<nil>
640	443	38	481	<nil>
640	458	21	479	<nil>
640	469	24	493	<nil>
640	489	20	509	<nil>
640	8429	24	8453	<nil>
640	442	36	478	<nil>
640	471	24	495	<nil>
640	462	24	486	<nil>
640	488	27	515	<nil>
640	476	28	504	<nil>
640	485	24	509	<nil>
640	467	36	503	<nil>
640	1385	24	1409	<nil>
640	468	26	494	<nil>
640	487	26	513	<nil>
640	492	67	559	<nil>
640	504	128	632	<nil>
640	494	135	629	<nil>
640	484	136	620	<nil>
640	498	161	659	<nil>
640	484	165	649	<nil>
640	483	162	645	<nil>
640	489	170	659	<nil>
640	480	170	650	<nil>
640	493	165	658	<nil>
640	479	167	646	<nil>
640	479	200	679	<nil>
640	1161	44	1205	<nil>
640	1511	173	1684	<nil>
640	497	166	663	<nil>
640	149	176	325	<nil>
640	8629	42	8671	<nil>
640	480	165	645	<nil>
640	15911	90	16001	<nil>
640	153	197	350	<nil>
640	100	171	271	<nil>
640	159	38	197	<nil>
640	2707	200	2907	<nil>
640	157	37	194	<nil>
640	1166	34	1200	<nil>
640	5733	189	5922	<nil>
640	91	157	248	<nil>
640	490	195	685	<nil>
640	79	196	275	<nil>
640	152	45	197	<nil>
640	190	5	195	<nil>
640	1155	45	1200	<nil>
640	1156	46	1202	<nil>
640	188	7	195	<nil>
640	94	184	278	<nil>
640	6046	200	6246	<nil>
640	168	15	183	<nil>
640	493	198	691	<nil>
640	192	12	204	<nil>
640	182	18	200	<nil>
640	93	221	314	<nil>
640	92	227	319	<nil>
640	498	278	776	<nil>
640	483	276	759	<nil>
640	479	276	755	<nil>
640	487	279	766	<nil>
640	485	274	759	<nil>
640	191	80	271	<nil>
640	194	113	307	<nil>
640	190	116	306	<nil>
640	197	115	312	<nil>
640	195	115	310	<nil>
640	194	118	312	<nil>
640	187	116	303	<nil>
640	196	117	313	<nil>
640	199	110	309	<nil>
640	204	109	313	<nil>
640	197	114	311	<nil>
640	205	109	314	<nil>
640	199	109	308	<nil>
640	196	111	307	<nil>
640	203	110	313	<nil>
640	205	109	314	<nil>
640	205	109	314	<nil>
640	2738	110	2848	<nil>
640	205	109	314	<nil>
640	5939	116	6055	<nil>
640	204	117	321	<nil>
640	245	70	315	<nil>
640	134	81	215	<nil>
640	267	67	334	<nil>
640	2776	103	2879	<nil>
640	284	57	341	<nil>
640	1274	82	1356	<nil>
640	152	175	327	<nil>
640	1251	82	1333	<nil>
640	155	36	191	<nil>
640	196	151	347	<nil>
640	316	38	354	<nil>
640	239	97	336	<nil>
640	268	77	345	<nil>
640	5535	141	5676	<nil>
640	151	36	187	<nil>
640	309	37	346	<nil>
640	317	35	352	<nil>
640	309	35	344	<nil>
640	308	38	346	<nil>
640	291	49	340	<nil>
640	292	62	354	<nil>
640	128	91	219	<nil>
640	274	72	346	<nil>
640	4930	108	5038	<nil>
640	304	36	340	<nil>
640	311	38	349	<nil>
640	296	49	345	<nil>
640	310	37	347	<nil>
640	288	49	337	<nil>
640	317	36	353	<nil>
640	147	66	213	<nil>
640	176	168	344	<nil>
640	450	0	450	rpc error: code = Unavailable desc = transport is closing
640	452	0	452	rpc error: code = Unavailable desc = transport is closing
640	462	0	462	rpc error: code = Unavailable desc = transport is closing
640	440	0	440	rpc error: code = Unavailable desc = transport is closing
640	437	0	437	rpc error: code = Unavailable desc = transport is closing
640	437	0	437	rpc error: code = Unavailable desc = transport is closing
640	463	0	463	rpc error: code = Unavailable desc = transport is closing
640	446	0	446	rpc error: code = Unavailable desc = transport is closing
640	17360	0	17360	rpc error: code = Unavailable desc = transport is closing
640	475	0	475	rpc error: code = Unavailable desc = transport is closing
640	436	0	436	rpc error: code = Unavailable desc = transport is closing
640	437	0	437	rpc error: code = Unavailable desc = transport is closing
640	458	0	458	rpc error: code = Unavailable desc = transport is closing
640	446	0	446	rpc error: code = Unavailable desc = transport is closing
640	467	0	467	rpc error: code = Unavailable desc = transport is closing
640	462	0	462	rpc error: code = Unavailable desc = transport is closing
640	450	0	450	rpc error: code = Unavailable desc = transport is closing
640	445	0	445	rpc error: code = Unavailable desc = transport is closing
640	446	0	446	rpc error: code = Unavailable desc = transport is closing
640	460	0	460	rpc error: code = Unavailable desc = transport is closing
640	461	0	461	rpc error: code = Unavailable desc = transport is closing
640	445	0	445	rpc error: code = Unavailable desc = transport is closing
640	437	0	437	rpc error: code = Unavailable desc = transport is closing
640	491	0	491	rpc error: code = Unavailable desc = transport is closing
640	459	0	459	rpc error: code = Unavailable desc = transport is closing
640	15741	0	15741	rpc error: code = Unavailable desc = transport is closing
640	444	0	444	rpc error: code = Unavailable desc = transport is closing
640	446	0	446	rpc error: code = Unavailable desc = transport is closing
640	442	0	442	rpc error: code = Unavailable desc = transport is closing
640	446	0	446	rpc error: code = Unavailable desc = transport is closing
640	439	0	439	rpc error: code = Unavailable desc = transport is closing
640	455	0	455	rpc error: code = Unavailable desc = transport is closing
640	489	0	489	rpc error: code = Unavailable desc = transport is closing
640	483	0	483	rpc error: code = Unavailable desc = transport is closing
640	453	0	453	rpc error: code = Unavailable desc = transport is closing
640	172	694	866	<nil>
640	410	0	410	rpc error: code = Unavailable desc = transport is closing
640	451	0	451	rpc error: code = Unavailable desc = transport is closing
640	451	0	451	rpc error: code = Unavailable desc = transport is closing
640	440	0	440	rpc error: code = Unavailable desc = transport is closing
640	466	0	466	rpc error: code = Unavailable desc = transport is closing
640	486	0	486	rpc error: code = Unavailable desc = transport is closing
640	481	0	481	rpc error: code = Unavailable desc = transport is closing
640	439	0	439	rpc error: code = Unavailable desc = transport is closing
640	436	0	436	rpc error: code = Unavailable desc = transport is closing
640	443	0	443	rpc error: code = Unavailable desc = transport is closing
640	432	0	432	rpc error: code = Unavailable desc = transport is closing
640	467	0	467	rpc error: code = Unavailable desc = transport is closing
640	488	0	488	rpc error: code = Unavailable desc = transport is closing
640	2867	0	2867	rpc error: code = Unavailable desc = transport is closing
640	462	0	462	rpc error: code = Unavailable desc = transport is closing
640	372	0	372	rpc error: code = Unavailable desc = transport is closing
640	429	0	429	rpc error: code = Unavailable desc = transport is closing
640	403	0	403	rpc error: code = Unavailable desc = transport is closing
640	410	0	410	rpc error: code = Unavailable desc = transport is closing
640	444	0	444	rpc error: code = Unavailable desc = transport is closing
640	432	0	432	rpc error: code = Unavailable desc = transport is closing
640	1350	0	1350	rpc error: code = Unavailable desc = transport is closing
640	482	0	482	rpc error: code = Unavailable desc = transport is closing
640	439	0	439	rpc error: code = Unavailable desc = transport is closing
640	424	0	424	rpc error: code = Unavailable desc = transport is closing
640	446	0	446	rpc error: code = Unavailable desc = transport is closing
640	405	0	405	rpc error: code = Unavailable desc = transport is closing
640	402	0	402	rpc error: code = Unavailable desc = transport is closing
640	427	0	427	rpc error: code = Unavailable desc = transport is closing
640	421	0	421	rpc error: code = Unavailable desc = transport is closing
640	423	0	423	rpc error: code = Unavailable desc = transport is closing
640	424	0	424	rpc error: code = Unavailable desc = transport is closing
640	463	0	463	rpc error: code = Unavailable desc = transport is closing
640	411	0	411	rpc error: code = Unavailable desc = transport is closing
640	403	0	403	rpc error: code = Unavailable desc = transport is closing
640	467	0	467	rpc error: code = Unavailable desc = transport is closing
640	5705	0	5705	rpc error: code = Unavailable desc = transport is closing
640	403	0	403	rpc error: code = Unavailable desc = transport is closing
640	407	0	407	rpc error: code = Unavailable desc = transport is closing
640	457	0	457	rpc error: code = Unavailable desc = transport is closing
640	1415	0	1415	rpc error: code = Unavailable desc = transport is closing
640	452	0	452	rpc error: code = Unavailable desc = transport is closing
640	465	0	465	rpc error: code = Unavailable desc = transport is closing
640	482	0	482	rpc error: code = Unavailable desc = transport is closing
640	419	0	419	rpc error: code = Unavailable desc = transport is closing
640	432	0	432	rpc error: code = Unavailable desc = transport is closing
640	445	0	445	rpc error: code = Unavailable desc = transport is closing
640	1372	0	1372	rpc error: code = Unavailable desc = transport is closing
640	146	650	796	<nil>
640	459	0	459	rpc error: code = Unavailable desc = transport is closing
640	502	0	502	rpc error: code = Unavailable desc = transport is closing
640	363	0	363	rpc error: code = Unavailable desc = transport is closing
640	493	0	493	rpc error: code = Unavailable desc = transport is closing
640	380	0	380	rpc error: code = Unavailable desc = transport is closing
640	482	0	482	rpc error: code = Unavailable desc = transport is closing
640	498	0	498	rpc error: code = Unavailable desc = transport is closing
640	485	0	485	rpc error: code = Unavailable desc = transport is closing
640	17703	0	17703	rpc error: code = Unavailable desc = transport is closing
640	1477	0	1477	rpc error: code = Unavailable desc = transport is closing
640	1341	0	1341	rpc error: code = Unavailable desc = transport is closing
640	496	0	496	rpc error: code = Unavailable desc = transport is closing
640	1387	0	1387	rpc error: code = Unavailable desc = transport is closing
640	486	0	486	rpc error: code = Unavailable desc = transport is closing
640	5852	0	5852	rpc error: code = Unavailable desc = transport is closing
640	500	0	500	rpc error: code = Unavailable desc = transport is closing
640	426	0	426	rpc error: code = Unavailable desc = transport is closing
640	481	0	481	rpc error: code = Unavailable desc = transport is closing
640	365	0	365	rpc error: code = Unavailable desc = transport is closing
640	3055	0	3055	rpc error: code = Unavailable desc = transport is closing
640	478	0	478	rpc error: code = Unavailable desc = transport is closing
640	5573	0	5573	rpc error: code = Unavailable desc = transport is closing
640	465	0	465	rpc error: code = Unavailable desc = transport is closing
640	507	0	507	rpc error: code = Unavailable desc = transport is closing
640	406	0	406	rpc error: code = Unavailable desc = transport is closing
640	343	0	343	rpc error: code = Unavailable desc = transport is closing
640	501	0	501	rpc error: code = Unavailable desc = transport is closing
640	403	0	403	rpc error: code = Unavailable desc = transport is closing
640	394	0	394	rpc error: code = Unavailable desc = transport is closing
640	413	0	413	rpc error: code = Unavailable desc = transport is closing
640	2897	0	2897	rpc error: code = Unavailable desc = transport is closing
640	471	0	471	rpc error: code = Unavailable desc = transport is closing
640	400	0	400	rpc error: code = Unavailable desc = transport is closing
640	387	0	387	rpc error: code = Unavailable desc = transport is closing
640	459	0	459	rpc error: code = Unavailable desc = transport is closing
640	359	0	359	rpc error: code = Unavailable desc = transport is closing
640	368	0	368	rpc error: code = Unavailable desc = transport is closing
640	1427	0	1427	rpc error: code = Unavailable desc = transport is closing
640	24818	0	24818	rpc error: code = Unavailable desc = transport is closing
640	1391	0	1391	rpc error: code = Unavailable desc = transport is closing
640	419	0	419	rpc error: code = Unavailable desc = transport is closing
640	365	0	365	rpc error: code = Unavailable desc = transport is closing
640	395	0	395	rpc error: code = Unavailable desc = transport is closing
640	399	0	399	rpc error: code = Unavailable desc = transport is closing
640	336	0	336	rpc error: code = Unavailable desc = transport is closing
640	389	0	389	rpc error: code = Unavailable desc = transport is closing
640	361	0	361	rpc error: code = Unavailable desc = transport is closing
640	376	0	376	rpc error: code = Unavailable desc = transport is closing
640	369	0	369	rpc error: code = Unavailable desc = transport is closing
640	184	696	880	<nil>
640	205	677	882	<nil>
640	136	649	785	<nil>
640	398	0	398	rpc error: code = Unavailable desc = transport is closing
640	369	0	369	rpc error: code = Unavailable desc = transport is closing
640	116	677	793	<nil>
640	224	656	880	<nil>
640	14766	650	15416	<nil>
640	134	677	811	<nil>
640	208	678	886	<nil>
640	4737	653	5390	<nil>
640	184	698	882	<nil>
640	184	696	880	<nil>
640	144	659	803	<nil>
640	166	660	826	<nil>
640	183	695	878	<nil>
640	192	690	882	<nil>
640	201	694	895	<nil>
640	183	697	880	<nil>
640	182	702	884	<nil>
640	186	694	880	<nil>
640	193	694	887	<nil>
640	193	699	892	<nil>
640	177	697	874	<nil>
640	220	665	885	<nil>
640	193	699	892	<nil>
640	5119	707	5826	<nil>
640	193	700	893	<nil>
640	201	691	892	<nil>
640	193	701	894	<nil>
640	223	662	885	<nil>
640	183	709	892	<nil>
640	193	700	893	<nil>
640	228	689	917	<nil>
640	146	662	808	<nil>
640	192	700	892	<nil>
640	146	662	808	<nil>
640	192	701	893	<nil>
640	157	661	818	<nil>
640	187	694	881	<nil>
640	229	663	892	<nil>
640	208	668	876	<nil>
640	858	39	897	<nil>
640	208	670	878	<nil>
640	5750	38	5788	<nil>
640	5490	177	5667	<nil>
640	748	177	925	<nil>
640	722	184	906	<nil>
640	859	175	1034	<nil>
640	862	176	1038	<nil>
640	5925	176	6101	<nil>
640	836	178	1014	<nil>
640	835	212	1047	<nil>
640	906	177	1083	<nil>
640	865	225	1090	<nil>
640	912	180	1092	<nil>
640	908	202	1110	<nil>
640	923	137	1060	<nil>
640	6136	138	6274	<nil>
640	924	190	1114	<nil>
640	3286	136	3422	<nil>
640	954	139	1093	<nil>
640	971	121	1092	<nil>
640	920	137	1057	<nil>
640	925	136	1061	<nil>
640	924	136	1060	<nil>
640	939	120	1059	<nil>
640	986	110	1096	<nil>
640	967	125	1092	<nil>
640	959	139	1098	<nil>
640	997	126	1123	<nil>
640	940	120	1060	<nil>
640	921	137	1058	<nil>
640	930	139	1069	<nil>
640	923	140	1063	<nil>
640	923	140	1063	<nil>
640	913	210	1123	<nil>
640	923	138	1061	<nil>
640	924	193	1117	<nil>
640	898	209	1107	<nil>
640	880	210	1090	<nil>
640	5629	130	5759	<nil>
640	922	140	1062	<nil>
640	985	137	1122	<nil>
640	1349	140	1489	<nil>
640	980	140	1120	<nil>
640	892	138	1030	<nil>
640	910	210	1120	<nil>
640	1002	123	1125	<nil>
640	954	191	1145	<nil>
640	1019	193	1212	<nil>
640	988	191	1179	<nil>
640	277	194	471	<nil>
640	1014	196	1210	<nil>
640	6026	194	6220	<nil>
640	275	205	480	<nil>
640	275	204	479	<nil>
640	284	187	471	<nil>
640	268	193	461	<nil>
640	281	187	468	<nil>
640	275	207	482	<nil>
640	277	207	484	<nil>
640	272	207	479	<nil>
640	315	196	511	<nil>
640	323	192	515	<nil>
640	331	191	522	<nil>
640	332	184	516	<nil>
640	350	167	517	<nil>
640	389	157	546	<nil>
640	403	144	547	<nil>
640	384	157	541	<nil>
640	398	143	541	<nil>
640	384	156	540	<nil>
640	403	146	549	<nil>
640	432	117	549	<nil>
640	403	127	530	<nil>
640	416	132	548	<nil>
640	429	113	542	<nil>
640	380	159	539	<nil>
640	403	127	530	<nil>
640	393	144	537	<nil>
640	9826	131	9957	<nil>
640	394	145	539	<nil>
640	381	158	539	<nil>
640	381	158	539	<nil>
640	391	159	550	<nil>
640	3238	160	3398	<nil>
640	450	101	551	<nil>
640	446	97	543	<nil>
640	457	97	554	<nil>
640	454	97	551	<nil>
640	10038	95	10133	<nil>
640	453	97	550	<nil>
640	455	99	554	<nil>
640	442	99	541	<nil>
640	3465	94	3559	<nil>
640	356	102	458	<nil>
640	10232	101	10333	<nil>
640	454	97	551	<nil>
640	462	98	560	<nil>
640	3507	101	3608	<nil>
640	2740	97	2837	<nil>
640	455	106	561	<nil>
640	452	98	550	<nil>
640	467	139	606	<nil>
640	469	137	606	<nil>
640	215	150	365	<nil>
640	225	137	362	<nil>
640	212	151	363	<nil>
640	184	134	318	<nil>
640	187	135	322	<nil>
640	3504	138	3642	<nil>
640	16083	127	16210	<nil>
640	185	130	315	<nil>
640	185	130	315	<nil>
640	179	128	307	<nil>
640	184	131	315	<nil>
640	188	129	317	<nil>
640	194	129	323	<nil>
640	181	137	318	<nil>
640	196	127	323	<nil>
640	193	132	325	<nil>
640	186	137	323	<nil>
640	233	91	324	<nil>
640	182	138	320	<nil>
640	2631	139	2770	<nil>
640	208	89	297	<nil>
640	162	135	297	<nil>
640	17471	136	17607	<nil>
640	209	89	298	<nil>
640	184	136	320	<nil>
640	193	130	323	<nil>
640	2871	81	2952	<nil>
640	206	89	295	<nil>
640	175	133	308	<nil>
640	173	138	311	<nil>
640	190	130	320	<nil>
640	174	51	225	<nil>
640	2876	78	2954	<nil>
640	3091	81	3172	<nil>
640	218	93	311	<nil>
640	174	52	226	<nil>
640	147	95	242	<nil>
640	144	92	236	<nil>
640	2859	95	2954	<nil>
640	176	80	256	<nil>
640	179	134	313	<nil>
640	208	93	301	<nil>
640	145	93	238	<nil>
640	145	92	237	<nil>
640	175	78	253	<nil>
640	166	77	243	<nil>
640	179	80	259	<nil>
640	30380	98	30478	<nil>
640	136	82	218	<nil>
640	139	82	221	<nil>
640	139	81	220	<nil>
640	139	83	222	<nil>
640	177	86	263	<nil>
640	2945	148	3093	<nil>
640	2945	148	3093	<nil>
640	139	147	286	<nil>
640	140	151	291	<nil>
640	162	120	282	<nil>
640	170	115	285	<nil>
640	149	151	300	<nil>
640	174	118	292	<nil>
640	169	117	286	<nil>
640	172	120	292	<nil>
640	166	119	285	<nil>
640	209	80	289	<nil>
640	223	74	297	<nil>
640	208	80	288	<nil>
640	184	104	288	<nil>
640	221	74	295	<nil>
640	183	20	203	<nil>
640	183	114	297	<nil>
640	214	73	287	<nil>
640	167	79	246	<nil>
640	215	73	288	<nil>
640	189	105	294	<nil>
640	229	66	295	<nil>
640	172	123	295	<nil>
640	159	16	175	<nil>
640	207	89	296	<nil>
640	157	17	174	<nil>
640	208	82	290	<nil>
640	163	79	242	<nil>
640	134	8	142	<nil>
640	4929	9	4938	<nil>
640	171	8	179	<nil>
640	169	12	181	<nil>
640	229	65	294	<nil>
640	153	11	164	<nil>
640	244	50	294	<nil>
640	3062	50	3112	<nil>
640	166	12	178	<nil>
640	149	14	163	<nil>
640	207	21	228	<nil>
640	189	112	301	<nil>
640	216	80	296	<nil>
640	159	22	181	<nil>
640	151	11	162	<nil>
640	156	10	166	<nil>
640	147	14	161	<nil>
640	207	89	296	<nil>
640	156	7	163	<nil>
640	3031	73	3104	<nil>
640	3063	51	3114	<nil>
640	184	24	208	<nil>
640	208	80	288	<nil>
640	158	15	173	<nil>
640	157	15	172	<nil>
640	131	14	145	<nil>
640	8634	15	8649	<nil>
640	156	18	174	<nil>
640	160	14	174	<nil>
640	157	16	173	<nil>
640	89	5	94	<nil>
640	173	118	291	<nil>
640	157	15	172	<nil>
640	154	18	172	<nil>
640	156	15	171	<nil>
640	130	7	137	<nil>
640	168	121	289	<nil>
640	133	7	140	<nil>
640	214	82	296	<nil>
640	170	7	177	<nil>
640	166	9	175	<nil>
640	134	9	143	<nil>
640	4868	9	4877	<nil>
640	133	9	142	<nil>
640	28446	10	28456	<nil>
640	130	9	139	<nil>
640	155	10	165	<nil>
640	184	21	205	<nil>
640	136	9	145	<nil>
640	133	9	142	<nil>
640	130	11	141	<nil>
640	168	12	180	<nil>
640	154	7	161	<nil>
640	130	12	142	<nil>
640	139	10	149	<nil>
640	185	21	206	<nil>
640	136	10	146	<nil>
640	131	12	143	<nil>
640	251	56	307	<nil>
640	152	66	218	<nil>
640	452	0	452	rpc error: code = DeadlineExceeded desc = context deadline exceeded
640	451	0	451	rpc error: code = DeadlineExceeded desc = context deadline exceeded
640	453	0	453	rpc error: code = DeadlineExceeded desc = context deadline exceeded
640	486	0	486	rpc error: code = DeadlineExceeded desc = context deadline exceeded
640	445	0	445	rpc error: code = DeadlineExceeded desc = context deadline exceeded
640	452	0	452	rpc error: code = DeadlineExceeded desc = context deadline exceeded
640	450	0	450	rpc error: code = DeadlineExceeded desc = context deadline exceeded
640	451	0	451	rpc error: code = DeadlineExceeded desc = context deadline exceeded
640	480	0	480	rpc error: code = DeadlineExceeded desc = context deadline exceeded
640	450	0	450	rpc error: code = DeadlineExceeded desc = context deadline exceeded
640	445	0	445	rpc error: code = DeadlineExceeded desc = context deadline exceeded
640	432	0	432	rpc error: code = DeadlineExceeded desc = context deadline exceeded
640	452	0	452	rpc error: code = DeadlineExceeded desc = context deadline exceeded
640	485	0	485	rpc error: code = DeadlineExceeded desc = context deadline exceeded
640	454	0	454	rpc error: code = DeadlineExceeded desc = context deadline exceeded
640	136	68	204	<nil>
640	481	0	481	rpc error: code = DeadlineExceeded desc = context deadline exceeded
640	482	0	482	rpc error: code = DeadlineExceeded desc = context deadline exceeded
640	135	65	200	<nil>
640	455	0	455	rpc error: code = DeadlineExceeded desc = context deadline exceeded
640	485	0	485	rpc error: code = DeadlineExceeded desc = context deadline exceeded
640	434	0	434	rpc error: code = DeadlineExceeded desc = context deadline exceeded
640	430	0	430	rpc error: code = DeadlineExceeded desc = context deadline exceeded
640	458	0	458	rpc error: code = DeadlineExceeded desc = context deadline exceeded
640	388	8	396	<nil>
640	402	8	410	<nil>
640	360	10	370	<nil>
640	361	10	371	<nil>
640	404	9	413	<nil>
640	390	14	404	<nil>
640	362	16	378	<nil>
640	376	15	391	<nil>
640	363	16	379	<nil>
640	28669	15	28684	<nil>
640	361	17	378	<nil>
640	390	17	407	<nil>
640	390	15	405	<nil>
640	362	16	378	<nil>
640	362	17	379	<nil>
640	364	15	379	<nil>
640	361	17	378	<nil>
640	373	15	388	<nil>
640	361	17	378	<nil>
640	363	16	379	<nil>
640	420	17	437	<nil>
640	377	17	394	<nil>
640	360	18	378	<nil>
640	362	17	379	<nil>
640	363	17	380	<nil>
640	363	14	377	<nil>
640	361	17	378	<nil>
640	408	16	424	<nil>
640	366	20	386	<nil>
640	10655	20	10675	<nil>
640	366	17	383	<nil>
640	372	16	388	<nil>
640	384	23	407	<nil>
640	400	22	422	<nil>
640	379	12	391	<nil>
640	411	12	423	<nil>
640	597	0	597	rpc error: code = DeadlineExceeded desc = context deadline exceeded
640	417	12	429	<nil>
640	379	12	391	<nil>
640	379	12	391	<nil>
640	527	0	527	rpc error: code = DeadlineExceeded desc = context deadline exceeded
640	386	14	400	<nil>
640	379	14	393	<nil>
640	405	12	417	<nil>
640	386	43	429	<nil>
640	379	43	422	<nil>
640	384	51	435	<nil>
640	379	61	440	<nil>
640	409	110	519	<nil>
640	381	112	493	<nil>
640	5342	125	5467	<nil>
640	9034	128	9162	<nil>
640	379	129	508	<nil>
640	380	128	508	<nil>
640	378	130	508	<nil>
640	381	128	509	<nil>
640	1251	130	1381	<nil>
640	109	26	135	<nil>
640	381	128	509	<nil>
640	404	133	537	<nil>
640	1088	139	1227	<nil>
640	510	20	530	<nil>
640	107	40	147	<nil>
640	107	36	143	<nil>
640	111	35	146	<nil>
640	119	21	140	<nil>
640	118	21	139	<nil>
640	536	21	557	<nil>
640	113	21	134	<nil>
640	119	21	140	<nil>
640	508	21	529	<nil>
640	119	20	139	<nil>
640	539	17	556	<nil>
640	549	46	595	<nil>
640	563	50	613	<nil>
640	545	61	606	<nil>
640	554	55	609	<nil>
640	552	53	605	<nil>
640	551	56	607	<nil>
640	546	49	595	<nil>
640	551	60	611	<nil>
640	549	61	610	<nil>
640	581	56	637	<nil>
640	163	57	220	<nil>
640	165	59	224	<nil>
640	552	59	611	<nil>
640	547	64	611	<nil>
640	551	60	611	<nil>
640	167	59	226	<nil>
640	171	55	226	<nil>
640	164	59	223	<nil>
640	551	58	609	<nil>
640	552	60	612	<nil>
640	569	74	643	<nil>
640	170	74	244	<nil>
640	545	79	624	<nil>
640	557	75	632	<nil>
640	549	56	605	<nil>
640	164	93	257	<nil>
640	538	100	638	<nil>
640	552	60	612	<nil>
640	550	58	608	<nil>
640	154	86	240	<nil>
640	562	102	664	<nil>
640	165	75	240	<nil>
640	130	102	232	<nil>
640	1429	105	1534	<nil>
640	165	107	272	<nil>
640	5489	110	5599	<nil>
640	1423	180	1603	<nil>
640	3099	182	3281	<nil>
640	226	187	413	<nil>
640	2552	132	2684	<nil>
640	1522	99	1621	<nil>
640	3065	133	3198	<nil>
640	107	132	239	<nil>
640	2667	196	2863	<nil>
640	165	197	362	<nil>
640	1100	132	1232	<nil>
640	3065	132	3197	<nil>
640	59	199	258	<nil>
640	102	139	241	<nil>
640	1523	98	1621	<nil>
640	260	99	359	<nil>
640	1370	88	1458	<nil>
640	655	94	749	<nil>
640	647	102	749	<nil>
640	338	0	338	rpc error: code = Unavailable desc = transport is closing
640	646	104	750	<nil>
640	334	0	334	rpc error: code = Unavailable desc = transport is closing
640	646	114	760	<nil>
640	646	114	760	<nil>
640	650	109	759	<nil>
640	647	178	825	<nil>
640	339	0	339	rpc error: code = Unavailable desc = transport is closing
640	330	0	330	rpc error: code = Unavailable desc = transport is closing
640	649	176	825	<nil>
640	8673	169	8842	<nil>
640	656	173	829	<nil>
640	1529	179	1708	<nil>
640	349	179	528	<nil>
640	9993	132	10125	<nil>
640	1533	182	1715	<nil>
640	263	181	444	<nil>
640	338	111	449	<nil>
640	278	175	453	<nil>
640	378	170	548	<nil>
640	1609	144	1753	<nil>
640	44157	144	44301	<nil>
640	357	0	357	rpc error: code = Unavailable desc = transport is closing
640	363	0	363	rpc error: code = Unavailable desc = transport is closing
640	3121	216	3337	<nil>
640	385	0	385	rpc error: code = Unavailable desc = transport is closing
640	410	0	410	rpc error: code = Unavailable desc = transport is closing
640	6318	0	6318	rpc error: code = Unavailable desc = transport is closing
640	364	0	364	rpc error: code = Unavailable desc = transport is closing
640	386	0	386	rpc error: code = Unavailable desc = transport is closing
640	411	0	411	rpc error: code = Unavailable desc = transport is closing
640	352	0	352	rpc error: code = Unavailable desc = transport is closing
640	347	0	347	rpc error: code = Unavailable desc = transport is closing
640	1541	215	1756	<nil>
640	381	196	577	<nil>
640	394	0	394	rpc error: code = Unavailable desc = transport is closing
640	1597	160	1757	<nil>
640	302	188	490	<nil>
640	408	0	408	rpc error: code = Unavailable desc = transport is closing
640	382	195	577	<nil>
640	1540	218	1758	<nil>
640	202	151	353	<nil>
640	369	0	369	rpc error: code = Unavailable desc = transport is closing
640	391	0	391	rpc error: code = Unavailable desc = transport is closing
640	416	0	416	rpc error: code = Unavailable desc = transport is closing
640	3195	154	3349	<nil>
640	126	156	282	<nil>
640	418	0	418	rpc error: code = Unavailable desc = transport is closing
640	131	153	284	<nil>
640	382	0	382	rpc error: code = Unavailable desc = transport is closing
640	382	0	382	rpc error: code = Unavailable desc = transport is closing
640	387	0	387	rpc error: code = Unavailable desc = transport is closing
640	389	0	389	rpc error: code = Unavailable desc = transport is closing
640	137	229	366	<nil>
640	384	0	384	rpc error: code = Unavailable desc = transport is closing
640	383	0	383	rpc error: code = Unavailable desc = transport is closing
640	389	0	389	rpc error: code = Unavailable desc = transport is closing
640	130	253	383	<nil>
640	158	210	368	<nil>
640	2715	247	2962	<nil>
640	127	269	396	<nil>
640	132	267	399	<nil>
640	202	200	402	<nil>
640	380	0	380	rpc error: code = Unavailable desc = transport is closing
640	397	0	397	rpc error: code = Unavailable desc = transport is closing
640	391	0	391	rpc error: code = Unavailable desc = transport is closing
640	445	0	445	rpc error: code = Unavailable desc = transport is closing
640	403	0	403	rpc error: code = Unavailable desc = transport is closing
640	411	0	411	rpc error: code = Unavailable desc = transport is closing
640	401	0	401	rpc error: code = Unavailable desc = transport is closing
640	403	0	403	rpc error: code = Unavailable desc = transport is closing
640	164	239	403	<nil>
640	220	253	473	<nil>
640	2730	221	2951	<nil>
640	3257	222	3479	<nil>
640	5802	191	5993	<nil>
640	3230	243	3473	<nil>
640	408	222	630	<nil>
640	10137	222	10359	<nil>
640	246	243	489	<nil>
640	362	222	584	<nil>
640	3275	206	3481	<nil>
640	3291	197	3488	<nil>
640	2748	222	2970	<nil>
640	452	0	452	rpc error: code = Unavailable desc = transport is closing
640	194	0	194	rpc error: code = Unavailable desc = transport is closing
640	1186	0	1186	rpc error: code = Unavailable desc = transport is closing
640	366	0	366	rpc error: code = Unavailable desc = transport is closing
640	453	0	453	rpc error: code = Unavailable desc = transport is closing
640	360	0	360	rpc error: code = Unavailable desc = transport is closing
640	120	262	382	<nil>
640	282	0	282	rpc error: code = Unavailable desc = transport is closing
640	367	0	367	rpc error: code = Unavailable desc = transport is closing
640	364	0	364	rpc error: code = Unavailable desc = transport is closing
640	112	272	384	<nil>
640	446	0	446	rpc error: code = Unavailable desc = transport is closing
640	29848	0	29848	rpc error: code = Unavailable desc = transport is closing
640	92	209	301	<nil>
640	363	0	363	rpc error: code = Unavailable desc = transport is closing
640	453	0	453	rpc error: code = Unavailable desc = transport is closing
640	460	0	460	rpc error: code = Unavailable desc = transport is closing
640	448	0	448	rpc error: code = Unavailable desc = transport is closing
640	369	0	369	rpc error: code = Unavailable desc = transport is closing
640	366	0	366	rpc error: code = Unavailable desc = transport is closing
640	457	0	457	rpc error: code = Unavailable desc = transport is closing
640	448	0	448	rpc error: code = Unavailable desc = transport is closing
640	453	0	453	rpc error: code = Unavailable desc = transport is closing
640	6222	0	6222	rpc error: code = Unavailable desc = transport is closing
640	113	163	276	<nil>
640	450	0	450	rpc error: code = Unavailable desc = transport is closing
640	455	0	455	rpc error: code = Unavailable desc = transport is closing
640	3510	0	3510	rpc error: code = Unavailable desc = transport is closing
640	445	0	445	rpc error: code = Unavailable desc = transport is closing
640	76	200	276	<nil>
640	366	0	366	rpc error: code = Unavailable desc = transport is closing
640	365	0	365	rpc error: code = Unavailable desc = transport is closing
640	456	0	456	rpc error: code = Unavailable desc = transport is closing
640	459	0	459	rpc error: code = Unavailable desc = transport is closing
640	3259	0	3259	rpc error: code = Unavailable desc = transport is closing
640	2726	0	2726	rpc error: code = Unavailable desc = transport is closing
640	96	204	300	<nil>
640	130	261	391	<nil>
640	91	184	275	<nil>
640	2899	0	2899	rpc error: code = Unavailable desc = transport is closing
640	28827	199	29026	<nil>
640	3313	0	3313	rpc error: code = Unavailable desc = transport is closing
640	82	200	282	<nil>
640	119	272	391	<nil>
640	81	196	277	<nil>
640	87	209	296	<nil>
640	76	200	276	<nil>
640	2897	0	2897	rpc error: code = Unavailable desc = transport is closing
640	448	0	448	rpc error: code = Unavailable desc = transport is closing
640	440	0	440	rpc error: code = Unavailable desc = transport is closing
640	457	0	457	rpc error: code = Unavailable desc = transport is closing
640	454	0	454	rpc error: code = Unavailable desc = transport is closing
640	362	0	362	rpc error: code = Unavailable desc = transport is closing
640	453	0	453	rpc error: code = Unavailable desc = transport is closing
640	451	0	451	rpc error: code = Unavailable desc = transport is closing
640	454	0	454	rpc error: code = Unavailable desc = transport is closing
640	463	0	463	rpc error: code = Unavailable desc = transport is closing
640	82	199	281	<nil>
640	5493	298	5791	<nil>
640	624	161	785	<nil>
640	81	347	428	<nil>
640	76	358	434	<nil>
640	367	297	664	<nil>
640	487	314	801	<nil>
640	50	331	381	<nil>
640	10115	330	10445	<nil>
640	369	311	680	<nil>
640	3348	324	3672	<nil>
640	5626	199	5825	<nil>
640	637	192	829	<nil>
640	437	338	775	<nil>
640	1387	320	1707	<nil>
640	642	203	845	<nil>
640	269	188	457	<nil>
640	278	235	513	<nil>
640	632	205	837	<nil>
640	637	205	842	<nil>
640	444	341	785	<nil>
640	274	236	510	<nil>
640	278	201	479	<nil>
640	2601	240	2841	<nil>
640	647	232	879	<nil>
640	273	235	508	<nil>
640	636	204	840	<nil>
640	3500	245	3745	<nil>
640	500	204	704	<nil>
640	144	239	383	<nil>
640	136	886	1022	<nil>
640	659	887	1546	<nil>
640	463	0	463	rpc error: code = Unavailable desc = transport is closing
640	2746	0	2746	rpc error: code = Unavailable desc = transport is closing
640	460	0	460	rpc error: code = Unavailable desc = transport is closing
640	461	0	461	rpc error: code = Unavailable desc = transport is closing
640	378	0	378	rpc error: code = Unavailable desc = transport is closing
640	446	0	446	rpc error: code = Unavailable desc = transport is closing
640	2736	0	2736	rpc error: code = Unavailable desc = transport is closing
640	1526	909	2435	<nil>
640	3491	918	4409	<nil>
640	123052	921	123973	<nil>
640	453	0	453	rpc error: code = Unavailable desc = transport is closing
640	659	965	1624	<nil>
640	1441	0	1441	rpc error: code = Unavailable desc = transport is closing
640	214	0	214	rpc error: code = Unavailable desc = transport is closing
640	381	0	381	rpc error: code = Unavailable desc = transport is closing
640	2907	0	2907	rpc error: code = Unavailable desc = transport is closing
640	508	881	1389	<nil>
640	3299	903	4202	<nil>
640	589	902	1491	<nil>
640	3277	891	4168	<nil>
640	630	881	1511	<nil>
640	610	902	1512	<nil>
640	264	891	1155	<nil>
640	2976	891	3867	<nil>
640	308	902	1210	<nil>
640	417	0	417	rpc error: code = Unavailable desc = transport is closing
640	392	0	392	rpc error: code = Unavailable desc = transport is closing
640	407	0	407	rpc error: code = Unavailable desc = transport is closing
640	390	0	390	rpc error: code = Unavailable desc = transport is closing
640	404	0	404	rpc error: code = Unavailable desc = transport is closing
640	403	0	403	rpc error: code = Unavailable desc = transport is closing
640	399	0	399	rpc error: code = Unavailable desc = transport is closing
640	174	0	174	rpc error: code = Unavailable desc = transport is closing
640	189	0	189	rpc error: code = Unavailable desc = transport is closing
640	417	0	417	rpc error: code = Unavailable desc = transport is closing
640	189	0	189	rpc error: code = Unavailable desc = transport is closing
640	415	0	415	rpc error: code = Unavailable desc = transport is closing
640	406	0	406	rpc error: code = Unavailable desc = transport is closing
640	417	0	417	rpc error: code = Unavailable desc = transport is closing
640	399	0	399	rpc error: code = Unavailable desc = transport is closing
640	434	0	434	rpc error: code = Unavailable desc = transport is closing
640	414	0	414	rpc error: code = Unavailable desc = transport is closing
640	414	0	414	rpc error: code = Unavailable desc = transport is closing
640	185	0	185	rpc error: code = Unavailable desc = transport is closing
640	407	0	407	rpc error: code = Unavailable desc = transport is closing
640	398	0	398	rpc error: code = Unavailable desc = transport is closing
640	422	0	422	rpc error: code = Unavailable desc = transport is closing
640	406	0	406	rpc error: code = Unavailable desc = transport is closing
640	404	0	404	rpc error: code = Unavailable desc = transport is closing
640	315	0	315	rpc error: code = Unavailable desc = transport is closing
640	390	0	390	rpc error: code = Unavailable desc = transport is closing
640	394	0	394	rpc error: code = Unavailable desc = transport is closing
640	394	0	394	rpc error: code = Unavailable desc = transport is closing
640	411	0	411	rpc error: code = Unavailable desc = transport is closing
640	323	0	323	rpc error: code = Unavailable desc = transport is closing
640	326	0	326	rpc error: code = Unavailable desc = transport is closing
640	394	0	394	rpc error: code = Unavailable desc = transport is closing
640	327	0	327	rpc error: code = Unavailable desc = transport is closing
640	324	0	324	rpc error: code = Unavailable desc = transport is closing
640	319	0	319	rpc error: code = Unavailable desc = transport is closing
640	397	0	397	rpc error: code = Unavailable desc = transport is closing
640	300	0	300	rpc error: code = Unavailable desc = transport is closing
640	417	0	417	rpc error: code = Unavailable desc = transport is closing
640	415	0	415	rpc error: code = Unavailable desc = transport is closing
640	332	0	332	rpc error: code = Unavailable desc = transport is closing
640	326	0	326	rpc error: code = Unavailable desc = transport is closing
640	328	0	328	rpc error: code = Unavailable desc = transport is closing
640	328	0	328	rpc error: code = Unavailable desc = transport is closing
640	328	0	328	rpc error: code = Unavailable desc = transport is closing
640	322	0	322	rpc error: code = Unavailable desc = transport is closing
640	963	0	963	rpc error: code = Unavailable desc = transport is closing
640	1463	0	1463	rpc error: code = Unavailable desc = transport is closing
640	4453	0	4453	rpc error: code = Unavailable desc = transport is closing
640	1469	0	1469	rpc error: code = Unavailable desc = transport is closing
640	1377	0	1377	rpc error: code = Unavailable desc = transport is closing
640	6945	0	6945	rpc error: code = Unavailable desc = transport is closing
640	1378	0	1378	rpc error: code = Unavailable desc = transport is closing
640	2503	0	2503	rpc error: code = Unavailable desc = transport is closing
640	1361	0	1361	rpc error: code = Unavailable desc = transport is closing
640	1377	0	1377	rpc error: code = Unavailable desc = transport is closing
640	1370	0	1370	rpc error: code = Unavailable desc = transport is closing
640	1367	0	1367	rpc error: code = Unavailable desc = transport is closing
640	1375	0	1375	rpc error: code = Unavailable desc = transport is closing
640	1364	0	1364	rpc error: code = Unavailable desc = transport is closing
640	1325	0	1325	rpc error: code = Unavailable desc = transport is closing
640	1363	0	1363	rpc error: code = Unavailable desc = transport is closing
640	1375	0	1375	rpc error: code = Unavailable desc = transport is closing
640	4547	0	4547	rpc error: code = Unavailable desc = transport is closing
640	1378	0	1378	rpc error: code = Unavailable desc = transport is closing
640	2382	0	2382	rpc error: code = Unavailable desc = transport is closing
640	1366	0	1366	rpc error: code = Unavailable desc = transport is closing
640	1370	0	1370	rpc error: code = Unavailable desc = transport is closing
640	1112	111	1223	<nil>
640	1152	113	1265	<nil>
640	2139	112	2251	<nil>
640	1163	112	1275	<nil>
640	1151	111	1262	<nil>
640	1131	112	1243	<nil>
640	3974	0	3974	rpc error: code = Unavailable desc = transport is closing
640	1048	109	1157	<nil>
640	1117	109	1226	<nil>
640	1139	114	1253	<nil>
640	998	109	1107	<nil>
640	1028	117	1145	<nil>
640	1382	0	1382	rpc error: code = Unavailable desc = transport is closing
640	1009	148	1157	<nil>
640	1028	148	1176	<nil>
640	1047	153	1200	<nil>
640	1028	162	1190	<nil>
640	4500	163	4663	<nil>
640	24326	147	24473	<nil>
640	1008	158	1166	<nil>
640	1028	152	1180	<nil>
640	3615	163	3778	<nil>
640	1008	162	1170	<nil>
640	1030	168	1198	<nil>
640	1026	151	1177	<nil>
640	988	88	1076	<nil>
640	1030	144	1174	<nil>
640	892	98	990	<nil>
640	1017	147	1164	<nil>
640	1028	169	1197	<nil>
640	177	102	279	<nil>
640	3006	103	3109	<nil>
640	1025	148	1173	<nil>
640	6610	93	6703	<nil>
640	1023	169	1192	<nil>
640	1018	147	1165	<nil>
640	3628	154	3782	<nil>
640	178	12	190	<nil>
640	1023	149	1172	<nil>
640	1031	167	1198	<nil>
640	1057	94	1151	<nil>
640	170	15	185	<nil>
640	147	18	165	<nil>
640	169	18	187	<nil>
640	1026	140	1166	<nil>
640	1002	147	1149	<nil>
640	154	14	168	<nil>
640	11349	92	11441	<nil>
640	998	168	1166	<nil>
640	1060	91	1151	<nil>
640	1017	154	1171	<nil>
640	153	16	169	<nil>
640	1018	149	1167	<nil>
640	3648	136	3784	<nil>
640	1071	97	1168	<nil>
640	1000	150	1150	<nil>
640	1031	172	1203	<nil>
640	1007	167	1174	<nil>
640	999	151	1150	<nil>
640	1017	148	1165	<nil>
640	40394	155	40549	<nil>
640	6004	95	6099	<nil>
640	1069	98	1167	<nil>
640	1018	150	1168	<nil>
640	5907	22	5929	<nil>
640	1075	94	1169	<nil>
640	1055	99	1154	<nil>
640	1054	98	1152	<nil>
640	1033	163	1196	<nil>
640	980	90	1070	<nil>
640	971	93	1064	<nil>
640	1058	93	1151	<nil>
640	1017	152	1169	<nil>
640	891	92	983	<nil>
640	1025	162	1187	<nil>
640	11354	94	11448	<nil>
640	5801	94	5895	<nil>
640	988	94	1082	<nil>
640	892	95	987	<nil>
640	950	95	1045	<nil>
640	5813	94	5907	<nil>
640	892	95	987	<nil>
640	9816	95	9911	<nil>
640	980	96	1076	<nil>
640	980	97	1077	<nil>
640	987	97	1084	<nil>
640	10137	97	10234	<nil>
640	146	16	162	<nil>
640	979	97	1076	<nil>
640	9818	98	9916	<nil>
640	978	97	1075	<nil>
640	6058	97	6155	<nil>
640	5914	100	6014	<nil>
640	912	99	1011	<nil>
640	5804	99	5903	<nil>
640	850	98	948	<nil>
640	979	100	1079	<nil>
640	979	100	1079	<nil>
640	177	103	280	<nil>
640	164	28	192	<nil>
640	164	28	192	<nil>
640	162	28	190	<nil>
640	166	45	211	<nil>
640	5811	104	5915	<nil>
640	176	36	212	<nil>
640	2601	38	2639	<nil>
640	5322	46	5368	<nil>
640	125	18	143	<nil>
640	185	103	288	<nil>
640	177	104	281	<nil>
640	1244	104	1348	<nil>
640	1075	92	1167	<nil>
640	162	104	266	<nil>
640	176	46	222	<nil>
640	16827	103	16930	<nil>
640	999	166	1165	<nil>
640	156	35	191	<nil>
640	5916	13	5929	<nil>
640	172	12	184	<nil>
640	163	36	199	<nil>
640	172	13	185	<nil>
640	166	16	182	<nil>
640	174	12	186	<nil>
640	171	13	184	<nil>
640	175	13	188	<nil>
640	164	35	199	<nil>
640	150	34	184	<nil>
640	172	13	185	<nil>
640	164	35	199	<nil>
640	176	14	190	<nil>
640	156	35	191	<nil>
640	163	35	198	<nil>
640	174	12	186	<nil>
640	173	11	184	<nil>
640	156	35	191	<nil>
640	163	36	199	<nil>
640	1014	152	1166	<nil>
640	177	13	190	<nil>
640	164	36	200	<nil>
640	170	15	185	<nil>
640	149	15	164	<nil>
640	1028	147	1175	<nil>
640	178	14	192	<nil>
640	154	14	168	<nil>
640	155	13	168	<nil>
640	177	15	192	<nil>
640	152	15	167	<nil>
640	172	14	186	<nil>
640	175	12	187	<nil>
640	173	13	186	<nil>
640	158	15	173	<nil>
640	1001	149	1150	<nil>
640	153	14	167	<nil>
640	1017	150	1167	<nil>
640	136	21	157	<nil>
640	974	91	1065	<nil>
640	1046	104	1150	<nil>
640	1003	168	1171	<nil>
640	155	58	213	<nil>
640	137	17	154	<nil>
640	141	16	157	<nil>
640	3109	15	3124	<nil>
640	147	20	167	<nil>
640	126	20	146	<nil>
640	146	19	165	<nil>
640	979	91	1070	<nil>
640	104	16	120	<nil>
640	100	15	115	<nil>
640	101	15	116	<nil>
640	100	15	115	<nil>
640	92	17	109	<nil>
640	91	17	108	<nil>
640	91	17	108	<nil>
640	93	17	110	<nil>
640	89	18	107	<nil>
640	89	20	109	<nil>
640	93	15	108	<nil>
640	1092	16	1108	<nil>
640	85	16	101	<nil>
640	89	16	105	<nil>
640	5375	16	5391	<nil>
640	94	15	109	<nil>
640	1092	17	1109	<nil>
640	1029	167	1196	<nil>
640	89	17	106	<nil>
640	88	18	106	<nil>
640	1007	151	1158	<nil>
640	87	19	106	<nil>
640	89	19	108	<nil>
640	47656	20	47676	<nil>
640	1092	20	1112	<nil>
640	88	21	109	<nil>
640	8624	23	8647	<nil>
640	87	21	108	<nil>
640	89	19	108	<nil>
640	88	22	110	<nil>
640	91	23	114	<nil>
640	72	23	95	<nil>
640	80	22	102	<nil>
640	26577	23	26600	<nil>
640	72	23	95	<nil>
640	111	0	111	<nil>
640	229	36	265	<nil>
640	5559	35	5594	<nil>
640	231	36	267	<nil>
640	230	36	266	<nil>
640	269	38	307	<nil>
640	234	40	274	<nil>
640	238	35	273	<nil>
640	243	27	270	<nil>
640	241	33	274	<nil>
640	271	28	299	<nil>
640	244	30	274	<nil>
640	276	31	307	<nil>
640	238	33	271	<nil>
640	212	68	280	<nil>
640	241	31	272	<nil>
640	3029	33	3062	<nil>
640	2884	40	2924	<nil>
640	232	41	273	<nil>
640	240	31	271	<nil>
640	250	28	278	<nil>
640	265	27	292	<nil>
640	253	30	283	<nil>
640	278	35	313	<nil>
640	239	34	273	<nil>
640	10189	28	10217	<nil>
640	258	29	287	<nil>
640	1223	27	1250	<nil>
640	249	31	280	<nil>
640	258	14	272	<nil>
640	277	33	310	<nil>
640	26240	33	26273	<nil>
640	252	29	281	<nil>
640	252	33	285	<nil>
640	240	31	271	<nil>
640	270	46	316	<nil>
640	1237	19	1256	<nil>
640	269	6	275	<nil>
640	247	32	279	<nil>
640	258	30	288	<nil>
640	243	33	276	<nil>
640	260	16	276	<nil>
640	274	33	307	<nil>
640	249	28	277	<nil>
640	268	10	278	<nil>
640	251	27	278	<nil>
640	246	33	279	<nil>
640	249	33	282	<nil>
640	243	32	275	<nil>
640	229	49	278	<nil>
640	231	47	278	<nil>
640	230	50	280	<nil>
640	246	28	274	<nil>
640	240	32	272	<nil>
640	232	48	280	<nil>
640	290	50	340	<nil>
640	5589	27	5616	<nil>
640	261	19	280	<nil>
640	2797	6	2803	<nil>
640	272	10	282	<nil>
640	1250	10	1260	<nil>
640	232	55	287	<nil>
640	230	55	285	<nil>
640	241	56	297	<nil>
640	271	59	330	<nil>
640	229	60	289	<nil>
640	201	71	272	<nil>
640	275	54	329	<nil>
640	231	61	292	<nil>
640	278	9	287	<nil>
640	230	60	290	<nil>
640	233	60	293	<nil>
640	279	12	291	<nil>
640	267	25	292	<nil>
640	280	10	290	<nil>
640	5607	14	5621	<nil>
640	241	73	314	<nil>
640	278	13	291	<nil>
640	267	58	325	<nil>
640	287	107	394	<nil>
640	283	51	334	<nil>
640	230	135	365	<nil>
640	289	133	422	<nil>
640	230	162	392	<nil>
640	287	135	422	<nil>
640	287	135	422	<nil>
640	270	163	433	<nil>
640	269	163	432	<nil>
640	270	163	433	<nil>
640	284	145	429	<nil>
640	288	146	434	<nil>
640	271	163	434	<nil>
640	269	162	431	<nil>
640	266	163	429	<nil>
640	271	162	433	<nil>
640	276	152	428	<nil>
640	269	163	432	<nil>
640	265	163	428	<nil>
640	290	163	453	<nil>
640	286	195	481	<nil>
640	290	195	485	<nil>
640	287	197	484	<nil>
640	283	197	480	<nil>
640	292	197	489	<nil>
640	290	198	488	<nil>
640	289	198	487	<nil>
640	290	198	488	<nil>
640	5850	198	6048	<nil>
640	291	198	489	<nil>
640	294	210	504	<nil>
640	309	211	520	<nil>
640	267	255	522	<nil>
640	265	255	520	<nil>
640	325	214	539	<nil>
640	5732	191	5923	<nil>
640	347	192	539	<nil>
640	321	216	537	<nil>
640	337	190	527	<nil>
640	354	190	544	<nil>
640	315	226	541	<nil>
640	335	191	526	<nil>
640	79	191	270	<nil>
640	346	190	536	<nil>
640	385	167	552	<nil>
640	415	129	544	<nil>
640	268	277	545	<nil>
640	415	129	544	<nil>
640	139	130	269	<nil>
640	417	128	545	<nil>
640	386	158	544	<nil>
640	411	121	532	<nil>
640	337	191	528	<nil>
640	366	176	542	<nil>
640	268	277	545	<nil>
640	269	285	554	<nil>
640	384	159	543	<nil>
640	5985	123	6108	<nil>
640	430	135	565	<nil>
640	8924	135	9059	<nil>
640	450	165	615	<nil>
640	446	165	611	<nil>
640	270	0	270	rpc error: code = Unavailable desc = transport is closing
640	173	172	345	<nil>
640	444	165	609	<nil>
640	448	165	613	<nil>
640	451	166	617	<nil>
640	5894	0	5894	rpc error: code = Unavailable desc = transport is closing
640	290	0	290	rpc error: code = Unavailable desc = transport is closing
640	447	166	613	<nil>
640	5852	169	6021	<nil>
640	439	173	612	<nil>
640	289	0	289	rpc error: code = Unavailable desc = transport is closing
640	309	0	309	rpc error: code = Unavailable desc = transport is closing
640	285	0	285	rpc error: code = Unavailable desc = transport is closing
640	173	174	347	<nil>
640	215	138	353	<nil>
640	439	173	612	<nil>
640	283	0	283	rpc error: code = Unavailable desc = transport is closing
640	443	173	616	<nil>
640	453	179	632	<nil>
640	5671	0	5671	rpc error: code = Unavailable desc = transport is closing
640	434	191	625	<nil>
640	451	182	633	<nil>
640	340	0	340	rpc error: code = Unavailable desc = transport is closing
640	338	0	338	rpc error: code = Unavailable desc = transport is closing
640	243	120	363	<nil>
640	3046	120	3166	<nil>
640	252	122	374	<nil>
640	180	0	180	rpc error: code = Unavailable desc = transport is closing
640	9294	0	9294	rpc error: code = Unavailable desc = transport is closing
640	240	156	396	<nil>
640	259	342	601	<nil>
640	259	341	600	<nil>
640	150	0	150	rpc error: code = Unavailable desc = transport is closing
640	263	0	263	rpc error: code = Unavailable desc = transport is closing
640	370	0	370	rpc error: code = Unavailable desc = transport is closing
640	165	0	165	rpc error: code = Unavailable desc = transport is closing
640	258	343	601	<nil>
640	250	339	589	<nil>
640	257	343	600	<nil>
640	175	0	175	rpc error: code = Unavailable desc = transport is closing
640	257	348	605	<nil>
640	268	0	268	rpc error: code = Unavailable desc = transport is closing
640	259	357	616	<nil>
640	263	360	623	<nil>
640	262	360	622	<nil>
640	254	360	614	<nil>
640	262	363	625	<nil>
640	262	363	625	<nil>
640	262	363	625	<nil>
640	263	366	629	<nil>
640	262	366	628	<nil>
640	276	350	626	<nil>
640	263	365	628	<nil>
640	305	343	648	<nil>
640	329	319	648	<nil>
640	5995	334	6329	<nil>
640	263	387	650	<nil>
640	323	323	646	<nil>
640	331	319	650	<nil>
640	294	347	641	<nil>
640	262	387	649	<nil>
640	300	338	638	<nil>
640	308	338	646	<nil>
640	307	342	649	<nil>
640	317	331	648	<nil>
640	316	330	646	<nil>
640	333	316	649	<nil>
640	291	315	606	<nil>
640	276	316	592	<nil>
640	325	315	640	<nil>
640	332	317	649	<nil>
640	289	318	607	<nil>
640	305	346	651	<nil>
640	308	341	649	<nil>
640	303	346	649	<nil>
640	294	347	641	<nil>
640	303	347	650	<nil>
640	332	318	650	<nil>
640	330	320	650	<nil>
640	332	316	648	<nil>
640	3138	318	3456	<nil>
640	335	316	651	<nil>
640	330	322	652	<nil>
640	320	321	641	<nil>
640	263	387	650	<nil>
640	318	330	648	<nil>
640	311	341	652	<nil>
640	334	316	650	<nil>
640	9561	324	9885	<nil>
640	1077	0	1077	rpc error: code = Unavailable desc = transport is closing
640	43283	0	43283	rpc error: code = Unavailable desc = transport is closing
640	8844	0	8844	rpc error: code = Unavailable desc = transport is closing
640	190	390	580	<nil>
640	3118	392	3510	<nil>
640	988	0	988	rpc error: code = Unavailable desc = transport is closing
640	316	390	706	<nil>
640	371	379	750	<nil>
640	153	390	543	<nil>
640	360	392	752	<nil>
640	360	390	750	<nil>
640	194	390	584	<nil>
640	329	379	708	<nil>
640	318	391	709	<nil>
640	328	381	709	<nil>
640	164	381	545	<nil>
640	190	390	580	<nil>
640	317	393	710	<nil>
640	273	392	665	<nil>
640	317	392	709	<nil>
640	191	392	583	<nil>
640	151	394	545	<nil>
640	9159	393	9552	<nil>
640	373	381	754	<nil>
640	204	381	585	<nil>
640	191	394	585	<nil>
640	165	383	548	<nil>
640	9287	382	9669	<nil>
640	193	394	587	<nil>
640	302	382	684	<nil>
640	10195	382	10577	<nil>
640	364	383	747	<nil>
640	372	382	754	<nil>
640	358	397	755	<nil>
640	169	382	551	<nil>
640	330	383	713	<nil>
640	363	383	746	<nil>
640	364	382	746	<nil>
640	153	403	556	<nil>
640	241	0	241	rpc error: code = Unavailable desc = transport is closing
640	246	0	246	rpc error: code = Unavailable desc = transport is closing
640	242	0	242	rpc error: code = Unavailable desc = transport is closing
640	242	0	242	rpc error: code = Unavailable desc = transport is closing
640	262	0	262	rpc error: code = Unavailable desc = transport is closing
640	6176	0	6176	rpc error: code = Unavailable desc = transport is closing
640	3271	0	3271	rpc error: code = Unavailable desc = transport is closing
640	245	0	245	rpc error: code = Unavailable desc = transport is closing
640	979	0	979	rpc error: code = Unavailable desc = transport is closing
640	254	402	656	<nil>
640	981	0	981	rpc error: code = Unavailable desc = transport is closing
640	69450	0	69450	rpc error: code = Unavailable desc = transport is closing
640	199	378	577	<nil>
640	246	0	246	rpc error: code = Unavailable desc = transport is closing
640	248	0	248	rpc error: code = Unavailable desc = transport is closing
640	248	0	248	rpc error: code = Unavailable desc = transport is closing
640	5798	0	5798	rpc error: code = Unavailable desc = transport is closing
640	240	0	240	rpc error: code = Unavailable desc = transport is closing
640	248	0	248	rpc error: code = Unavailable desc = transport is closing
640	250	0	250	rpc error: code = Unavailable desc = transport is closing
640	249	0	249	rpc error: code = Unavailable desc = transport is closing
640	222	373	595	<nil>
640	244	0	244	rpc error: code = Unavailable desc = transport is closing
640	191	365	556	<nil>
640	892	0	892	rpc error: code = Unavailable desc = transport is closing
640	413	362	775	<nil>
640	190	366	556	<nil>
640	249	0	249	rpc error: code = Unavailable desc = transport is closing
640	6011	0	6011	rpc error: code = Unavailable desc = transport is closing
640	241	0	241	rpc error: code = Unavailable desc = transport is closing
640	232	0	232	rpc error: code = Unavailable desc = transport is closing
640	245	0	245	rpc error: code = Unavailable desc = transport is closing
640	223	369	592	<nil>
640	278	0	278	rpc error: code = Unavailable desc = transport is closing
640	191	370	561	<nil>
640	231	0	231	rpc error: code = Unavailable desc = transport is closing
640	11172	0	11172	rpc error: code = Unavailable desc = transport is closing
640	269	388	657	<nil>
640	193	401	594	<nil>
640	278	0	278	rpc error: code = Unavailable desc = transport is closing
640	5623	0	5623	rpc error: code = Unavailable desc = transport is closing
640	9693	383	10076	<nil>
640	163	363	526	<nil>
640	232	0	232	rpc error: code = Unavailable desc = transport is closing
640	165	413	578	<nil>
640	164	413	577	<nil>
640	342	217	559	<nil>
640	166	444	610	<nil>
640	340	249	589	<nil>
640	360	249	609	<nil>
640	362	253	615	<nil>
640	362	259	621	<nil>
640	363	256	619	<nil>
640	341	274	615	<nil>
640	350	273	623	<nil>
640	364	275	639	<nil>
640	350	273	623	<nil>
640	365	275	640	<nil>
640	364	257	621	<nil>
640	359	268	627	<nil>
640	353	271	624	<nil>
640	349	277	626	<nil>
640	371	255	626	<nil>
640	5635	255	5890	<nil>
640	353	271	624	<nil>
640	363	256	619	<nil>
640	342	257	599	<nil>
640	351	255	606	<nil>
640	365	278	643	<nil>
640	350	277	627	<nil>
640	349	278	627	<nil>
640	3633	0	3633	rpc error: code = Unavailable desc = transport is closing
640	348	285	633	<nil>
640	404	174	578	<nil>
640	348	276	624	<nil>
640	401	165	566	<nil>
640	1028	0	1028	rpc error: code = Unavailable desc = transport is closing
640	1003	0	1003	rpc error: code = Unavailable desc = transport is closing
640	998	0	998	rpc error: code = Unavailable desc = transport is closing
640	1149	0	1149	rpc error: code = Unavailable desc = transport is closing
640	2145	0	2145	rpc error: code = Unavailable desc = transport is closing
640	18166	0	18166	rpc error: code = Unavailable desc = transport is closing
640	2137	0	2137	rpc error: code = Unavailable desc = transport is closing
640	1157	0	1157	rpc error: code = Unavailable desc = transport is closing
640	4498	0	4498	rpc error: code = Unavailable desc = transport is closing
640	1160	0	1160	rpc error: code = Unavailable desc = transport is closing
640	1152	0	1152	rpc error: code = Unavailable desc = transport is closing
640	1110	0	1110	rpc error: code = Unavailable desc = transport is closing
640	1150	0	1150	rpc error: code = Unavailable desc = transport is closing
640	1004	0	1004	rpc error: code = Unavailable desc = transport is closing
640	43579	0	43579	rpc error: code = Unavailable desc = transport is closing
640	11321	0	11321	rpc error: code = Unavailable desc = transport is closing
640	3989	0	3989	rpc error: code = Unavailable desc = transport is closing
640	26363	198	26561	<nil>
640	377	200	577	<nil>
640	1379	195	1574	<nil>
640	366	195	561	<nil>
640	1186	0	1186	rpc error: code = Unavailable desc = transport is closing
640	284	86	370	<nil>
640	369	200	569	<nil>
640	544	81	625	<nil>
640	522	100	622	<nil>
640	1194	0	1194	rpc error: code = Unavailable desc = transport is closing
640	4076	0	4076	rpc error: code = Unavailable desc = transport is closing
640	419	194	613	<nil>
640	1210	0	1210	rpc error: code = Unavailable desc = transport is closing
640	3583	0	3583	rpc error: code = Unavailable desc = transport is closing
640	4557	0	4557	rpc error: code = Unavailable desc = transport is closing
640	1181	0	1181	rpc error: code = Unavailable desc = transport is closing
640	999	0	999	rpc error: code = Unavailable desc = transport is closing
640	1153	0	1153	rpc error: code = Unavailable desc = transport is closing
640	413	195	608	<nil>
640	1174	0	1174	rpc error: code = Unavailable desc = transport is closing
640	1374	194	1568	<nil>
640	997	0	997	rpc error: code = Unavailable desc = transport is closing
640	1020	0	1020	rpc error: code = Unavailable desc = transport is closing
640	4491	0	4491	rpc error: code = Unavailable desc = transport is closing
640	1148	0	1148	rpc error: code = Unavailable desc = transport is closing
640	1022	0	1022	rpc error: code = Unavailable desc = transport is closing
640	1158	0	1158	rpc error: code = Unavailable desc = transport is closing
640	6528	0	6528	rpc error: code = Unavailable desc = transport is closing
640	406	195	601	<nil>
640	1161	0	1161	rpc error: code = Unavailable desc = transport is closing
640	4166	0	4166	rpc error: code = Unavailable desc = transport is closing
640	7054	0	7054	rpc error: code = Unavailable desc = transport is closing
640	1162	0	1162	rpc error: code = Unavailable desc = transport is closing
640	1020	0	1020	rpc error: code = Unavailable desc = transport is closing
640	412	195	607	<nil>
640	9791	198	9989	<nil>
640	416	198	614	<nil>
640	419	199	618	<nil>
640	413	198	611	<nil>
640	1379	199	1578	<nil>
640	419	199	618	<nil>
640	5252	199	5451	<nil>
640	419	199	618	<nil>
640	419	199	618	<nil>
640	406	200	606	<nil>
640	1379	195	1574	<nil>
640	415	200	615	<nil>
640	1151	0	1151	rpc error: code = Unavailable desc = transport is closing
640	1204	0	1204	rpc error: code = Unavailable desc = transport is closing
640	1158	0	1158	rpc error: code = Unavailable desc = transport is closing
640	1379	195	1574	<nil>
640	11081	0	11081	rpc error: code = Unavailable desc = transport is closing
640	1022	0	1022	rpc error: code = Unavailable desc = transport is closing
640	526	95	621	<nil>
640	1149	0	1149	rpc error: code = Unavailable desc = transport is closing
640	532	89	621	<nil>
640	300	73	373	<nil>
640	1511	74	1585	<nil>
640	524	92	616	<nil>
640	301	73	374	<nil>
640	545	80	625	<nil>
640	300	74	374	<nil>
640	2136	0	2136	rpc error: code = Unavailable desc = transport is closing
640	294	80	374	<nil>
640	301	74	375	<nil>
640	1368	194	1562	<nil>
640	547	75	622	<nil>
640	1043	0	1043	rpc error: code = Unavailable desc = transport is closing
640	250	84	334	<nil>
640	256	83	339	<nil>
640	166	7	173	<nil>
640	217	17	234	<nil>
640	281	92	373	<nil>
640	282	89	371	<nil>
640	2634	6	2640	<nil>
640	220	16	236	<nil>
640	257	86	343	<nil>
640	92	0	92	<nil>
640	256	89	345	<nil>
640	2603	1	2604	<nil>
640	257	88	345	<nil>
640	284	94	378	<nil>
640	281	94	375	<nil>
640	257	89	346	<nil>
640	257	90	347	<nil>
640	279	95	374	<nil>
640	258	89	347	<nil>
640	314	81	395	<nil>
640	9913	0	9913	<nil>
640	90	1	91	<nil>
640	1512	92	1604	<nil>
640	44	1	45	<nil>
640	261	88	349	<nil>
640	3137	92	3229	<nil>
640	227	21	248	<nil>
640	211	28	239	<nil>
640	213	30	243	<nil>
640	2910	30	2940	<nil>
640	225	18	243	<nil>
640	219	30	249	<nil>
640	1193	94	1287	<nil>
640	217	31	248	<nil>
640	217	0	217	rpc error: code = Unavailable desc = transport is closing
640	217	31	248	<nil>
640	217	31	248	<nil>
640	217	31	248	<nil>
640	230	19	249	<nil>
640	2694	32	2726	<nil>
640	5636	31	5667	<nil>
640	217	31	248	<nil>
640	218	32	250	<nil>
640	219	32	251	<nil>
640	222	20	242	<nil>
640	168	20	188	<nil>
640	166	20	186	<nil>
640	167	21	188	<nil>
640	281	92	373	<nil>
640	257	83	340	<nil>
640	257	83	340	<nil>
640	218	32	250	<nil>
640	428	194	622	<nil>
640	166	21	187	<nil>
640	216	17	233	<nil>
640	1515	80	1595	<nil>
640	263	83	346	<nil>
640	220	8	228	<nil>
640	257	88	345	<nil>
640	257	88	345	<nil>
640	1514	95	1609	<nil>
640	257	88	345	<nil>
640	257	89	346	<nil>
640	218	0	218	rpc error: code = Unavailable desc = transport is closing
640	3197	0	3197	rpc error: code = Unavailable desc = transport is closing
640	213	31	244	<nil>
640	217	31	248	<nil>
640	226	0	226	rpc error: code = Unavailable desc = transport is closing
640	209	49	258	<nil>
640	9945	241	10186	<nil>
640	257	87	344	<nil>
640	102	106	208	<nil>
640	228	2	230	<nil>
640	91	1	92	<nil>
640	3209	1	3210	<nil>
640	257	88	345	<nil>
640	257	0	257	rpc error: code = Unavailable desc = transport is closing
640	258	89	347	<nil>
640	220	12	232	<nil>
640	1511	99	1610	<nil>
640	5976	21	5997	<nil>
640	204	34	238	<nil>
640	217	18	235	<nil>
640	219	7	226	<nil>
640	259	83	342	<nil>
640	258	86	344	<nil>
640	2634	0	2634	rpc error: code = Unavailable desc = transport is closing
640	209	30	239	<nil>
640	5960	0	5960	rpc error: code = Unavailable desc = transport is closing
640	227	17	244	<nil>
640	218	21	239	<nil>
640	165	25	190	<nil>
640	220	21	241	<nil>
640	167	25	192	<nil>
640	231	25	256	<nil>
640	258	83	341	<nil>
640	217	18	235	<nil>
640	277	93	370	<nil>
640	259	83	342	<nil>
640	218	18	236	<nil>
640	259	83	342	<nil>
640	213	19	232	<nil>
640	259	84	343	<nil>
640	257	88	345	<nil>
640	259	0	259	rpc error: code = Unavailable desc = transport is closing
640	257	88	345	<nil>
640	100	181	281	<nil>
640	252	0	252	rpc error: code = Unavailable desc = transport is closing
640	263	90	353	<nil>
640	263	90	353	<nil>
640	257	91	348	<nil>
640	252	91	343	<nil>
640	2916	90	3006	<nil>
640	2860	21	2881	<nil>
640	286	98	384	<nil>
640	217	129	346	<nil>
640	226	109	335	<nil>
640	213	129	342	<nil>
640	102	95	197	<nil>
640	3209	110	3319	<nil>
640	225	110	335	<nil>
640	9314	109	9423	<nil>
640	219	110	329	<nil>
640	3210	110	3320	<nil>
640	168	110	278	<nil>
640	3211	109	3320	<nil>
640	220	110	330	<nil>
640	92	96	188	<nil>
640	183	96	279	<nil>
640	3230	97	3327	<nil>
640	167	110	277	<nil>
640	56	99	155	<nil>
640	102	106	208	<nil>
640	92	105	197	<nil>
640	186	104	290	<nil>
640	170	120	290	<nil>
640	93	106	199	<nil>
640	122	105	227	<nil>
640	93	107	200	<nil>
640	92	105	197	<nil>
640	104	105	209	<nil>
640	99	108	207	<nil>
640	95	101	196	<nil>
640	96	106	202	<nil>
640	157	104	261	<nil>
640	2773	106	2879	<nil>
640	3008	104	3112	<nil>
640	10162	200	10362	<nil>
640	25795	201	25996	<nil>
640	92	1	93	<nil>
640	95	182	277	<nil>
640	187	182	369	<nil>
640	2762	183	2945	<nil>
640	48765	181	48946	<nil>
640	104	181	285	<nil>
640	10085	174	10259	<nil>
640	257	89	346	<nil>
640	246	189	435	<nil>
640	256	188	444	<nil>
640	2915	358	3273	<nil>
640	251	359	610	<nil>
640	10265	359	10624	<nil>
640	3080	359	3439	<nil>
640	321	359	680	<nil>
640	258	359	617	<nil>
640	424	276	700	<nil>
640	406	292	698	<nil>
640	3096	293	3389	<nil>
640	421	304	725	<nil>
640	420	303	723	<nil>
640	426	0	426	rpc error: code = Unavailable desc = transport is closing
640	483	0	483	rpc error: code = Unavailable desc = transport is closing
640	455	0	455	rpc error: code = Unavailable desc = transport is closing
640	452	0	452	rpc error: code = Unavailable desc = transport is closing
640	454	0	454	rpc error: code = Unavailable desc = transport is closing
640	495	0	495	rpc error: code = Unavailable desc = transport is closing
640	469	0	469	rpc error: code = Unavailable desc = transport is closing
640	455	0	455	rpc error: code = Unavailable desc = transport is closing
640	456	0	456	rpc error: code = Unavailable desc = transport is closing
640	497	0	497	rpc error: code = Unavailable desc = transport is closing
640	454	0	454	rpc error: code = Unavailable desc = transport is closing
640	461	0	461	rpc error: code = Unavailable desc = transport is closing
640	458	0	458	rpc error: code = Unavailable desc = transport is closing
640	497	0	497	rpc error: code = Unavailable desc = transport is closing
640	459	0	459	rpc error: code = Unavailable desc = transport is closing
640	10260	0	10260	rpc error: code = Unavailable desc = transport is closing
640	500	0	500	rpc error: code = Unavailable desc = transport is closing
640	478	0	478	rpc error: code = Unavailable desc = transport is closing
640	467	0	467	rpc error: code = Unavailable desc = transport is closing
640	521	0	521	rpc error: code = Unavailable desc = transport is closing
640	542	545	1087	<nil>
640	449	538	987	<nil>
640	561	536	1097	<nil>
640	449	533	982	<nil>
640	552	536	1088	<nil>
640	554	534	1088	<nil>
640	566	534	1100	<nil>
640	561	536	1097	<nil>
640	566	534	1100	<nil>
640	357	534	891	<nil>
640	333	535	868	<nil>
640	469	516	985	<nil>
640	587	516	1103	<nil>
640	1592	519	2111	<nil>
640	371	517	888	<nil>
640	335	516	851	<nil>
640	324	527	851	<nil>
640	3338	536	3874	<nil>
640	1585	526	2111	<nil>
640	3280	535	3815	<nil>
640	460	524	984	<nil>
640	463	527	990	<nil>
640	371	517	888	<nil>
640	460	524	984	<nil>
640	625	34	659	<nil>
640	353	516	869	<nil>
640	324	527	851	<nil>
640	366	521	887	<nil>
640	564	18	582	<nil>
640	625	33	658	<nil>
640	606	34	640	<nil>
640	10346	525	10871	<nil>
640	548	54	602	<nil>
640	548	55	603	<nil>
640	27700	52	27752	<nil>
640	78	18	96	<nil>
640	66	30	96	<nil>
640	80	18	98	<nil>
640	27174	30	27204	<nil>
640	73	24	97	<nil>
640	78	18	96	<nil>
640	80	18	98	<nil>
640	70	27	97	<nil>
640	82	17	99	<nil>
640	80	22	102	<nil>
640	81	18	99	<nil>
640	80	18	98	<nil>
640	59	38	97	<nil>
640	2592	22	2614	<nil>
640	80	20	100	<nil>
640	58	16	74	<nil>
640	82	17	99	<nil>
640	58	26	84	<nil>
640	83	17	100	<nil>
640	53	17	70	<nil>
640	83	20	103	<nil>
640	59	12	71	<nil>
640	66	13	79	<nil>
640	2774	10	2784	<nil>
640	64	12	76	<nil>
640	68	11	79	<nil>
640	63	14	77	<nil>
640	64	11	75	<nil>
640	63	12	75	<nil>
640	66	14	80	<nil>
640	68	35	103	<nil>
640	70	47	117	<nil>
640	67	49	116	<nil>
640	66	47	113	<nil>
640	69	48	117	<nil>
640	70	68	138	<nil>
640	66	68	134	<nil>
640	3226	0	3226	rpc error: code = Unavailable desc = transport is closing
640	3669	0	3669	rpc error: code = Unavailable desc = transport is closing
640	55	70	125	<nil>
640	1423	0	1423	rpc error: code = Unavailable desc = transport is closing
640	1412	0	1412	rpc error: code = Unavailable desc = transport is closing
640	2608	70	2678	<nil>
640	3790	0	3790	rpc error: code = Unavailable desc = transport is closing
640	58	70	128	<nil>
640	66	70	136	<nil>
640	372	0	372	rpc error: code = Unavailable desc = transport is closing
640	375	0	375	rpc error: code = Unavailable desc = transport is closing
640	371	0	371	rpc error: code = Unavailable desc = transport is closing
640	625	0	625	rpc error: code = Unavailable desc = transport is closing
640	3579	0	3579	rpc error: code = Unavailable desc = transport is closing
640	1232	0	1232	rpc error: code = Unavailable desc = transport is closing
640	46	42	88	<nil>
640	624	0	624	rpc error: code = Unavailable desc = transport is closing
640	578	0	578	rpc error: code = Unavailable desc = transport is closing
640	369	0	369	rpc error: code = Unavailable desc = transport is closing
640	375	0	375	rpc error: code = Unavailable desc = transport is closing
640	74	65	139	<nil>
640	76	63	139	<nil>
640	100	38	138	<nil>
640	2478	41	2519	<nil>
640	474	0	474	rpc error: code = Unavailable desc = transport is closing
640	82	47	129	<nil>
640	2473	40	2513	<nil>
640	47	26	73	<nil>
640	2784	64	2848	<nil>
640	76	63	139	<nil>
640	82	47	129	<nil>
640	626	0	626	rpc error: code = Unavailable desc = transport is closing
640	378	0	378	rpc error: code = Unavailable desc = transport is closing
640	626	0	626	rpc error: code = Unavailable desc = transport is closing
640	352	0	352	rpc error: code = Unavailable desc = transport is closing
640	374	0	374	rpc error: code = Unavailable desc = transport is closing
640	66	74	140	<nil>
640	268	0	268	rpc error: code = Unavailable desc = transport is closing
640	365	0	365	rpc error: code = Unavailable desc = transport is closing
640	353	0	353	rpc error: code = Unavailable desc = transport is closing
640	367	0	367	rpc error: code = Unavailable desc = transport is closing
640	335	0	335	rpc error: code = Unavailable desc = transport is closing
640	265	0	265	rpc error: code = Unavailable desc = transport is closing
640	1441	0	1441	rpc error: code = Unavailable desc = transport is closing
640	372	0	372	rpc error: code = Unavailable desc = transport is closing
640	3459	0	3459	rpc error: code = Unavailable desc = transport is closing
640	353	0	353	rpc error: code = Unavailable desc = transport is closing
640	10358	0	10358	rpc error: code = Unavailable desc = transport is closing
640	335	0	335	rpc error: code = Unavailable desc = transport is closing
640	374	0	374	rpc error: code = Unavailable desc = transport is closing
640	375	0	375	rpc error: code = Unavailable desc = transport is closing
640	48	33	81	<nil>
640	57	29	86	<nil>
640	71	0	71	rpc error: code = Unavailable desc = transport is closing
640	605	0	605	rpc error: code = Unavailable desc = transport is closing
640	2502	107	2609	<nil>
640	66	121	187	<nil>
640	64	121	185	<nil>
640	66	121	187	<nil>
640	66	122	188	<nil>
640	67	122	189	<nil>
640	66	122	188	<nil>
640	63	123	186	<nil>
640	70	122	192	<nil>
640	553	0	553	rpc error: code = Unavailable desc = transport is closing
640	3767	0	3767	rpc error: code = Unavailable desc = transport is closing
640	168	53	221	<nil>
640	113	109	222	<nil>
640	143	73	216	<nil>
640	120	98	218	<nil>
640	109	113	222	<nil>
640	111	110	221	<nil>
640	148	74	222	<nil>
640	112	109	221	<nil>
640	146	50	196	<nil>
640	549	0	549	rpc error: code = Unavailable desc = transport is closing
640	70	112	182	<nil>
640	1147	58	1205	<nil>
640	1113	77	1190	<nil>
640	113	113	226	<nil>
640	155	48	203	<nil>
640	1129	77	1206	<nil>
640	2949	57	3006	<nil>
640	183	43	226	<nil>
640	2588	77	2665	<nil>
640	1145	54	1199	<nil>
640	159	41	200	<nil>
640	100	125	225	<nil>
640	506	0	506	rpc error: code = Unavailable desc = transport is closing
640	551	0	551	rpc error: code = Unavailable desc = transport is closing
640	504	0	504	rpc error: code = Unavailable desc = transport is closing
640	501	0	501	rpc error: code = Unavailable desc = transport is closing
640	540	0	540	rpc error: code = Unavailable desc = transport is closing
640	508	0	508	rpc error: code = Unavailable desc = transport is closing
640	504	0	504	rpc error: code = Unavailable desc = transport is closing
640	377	0	377	rpc error: code = Unavailable desc = transport is closing
640	507	0	507	rpc error: code = Unavailable desc = transport is closing
640	184	53	237	<nil>
640	509	0	509	rpc error: code = Unavailable desc = transport is closing
640	520	0	520	rpc error: code = Unavailable desc = transport is closing
640	3759	0	3759	rpc error: code = Unavailable desc = transport is closing
640	76	0	76	rpc error: code = Unavailable desc = transport is closing
640	3548	0	3548	rpc error: code = Unavailable desc = transport is closing
640	441	0	441	rpc error: code = Unavailable desc = transport is closing
640	557	0	557	rpc error: code = Unavailable desc = transport is closing
640	541	0	541	rpc error: code = Unavailable desc = transport is closing
640	551	0	551	rpc error: code = Unavailable desc = transport is closing
640	154	60	214	<nil>
640	514	0	514	rpc error: code = Unavailable desc = transport is closing
640	542	0	542	rpc error: code = Unavailable desc = transport is closing
640	1160	0	1160	rpc error: code = Unavailable desc = transport is closing
640	3187	0	3187	rpc error: code = Unavailable desc = transport is closing
640	1153	0	1153	rpc error: code = Unavailable desc = transport is closing
640	544	0	544	rpc error: code = Unavailable desc = transport is closing
640	354	0	354	rpc error: code = Unavailable desc = transport is closing
640	541	0	541	rpc error: code = Unavailable desc = transport is closing
640	148	0	148	rpc error: code = Unavailable desc = transport is closing
640	162	0	162	rpc error: code = Unavailable desc = transport is closing
640	156	0	156	rpc error: code = Unavailable desc = transport is closing
640	1162	0	1162	rpc error: code = Unavailable desc = transport is closing
640	10642	0	10642	rpc error: code = Unavailable desc = transport is closing
640	1148	61	1209	<nil>
640	3189	0	3189	rpc error: code = Unavailable desc = transport is closing
640	542	0	542	rpc error: code = Unavailable desc = transport is closing
640	353	0	353	rpc error: code = Unavailable desc = transport is closing
640	566	0	566	rpc error: code = Unavailable desc = transport is closing
640	3656	0	3656	rpc error: code = Unavailable desc = transport is closing
640	538	0	538	rpc error: code = Unavailable desc = transport is closing
640	334	0	334	rpc error: code = Unavailable desc = transport is closing
640	515	0	515	rpc error: code = Unavailable desc = transport is closing
640	3240	0	3240	rpc error: code = Unavailable desc = transport is closing
640	536	0	536	rpc error: code = Unavailable desc = transport is closing
640	148	0	148	rpc error: code = Unavailable desc = transport is closing
640	3617	0	3617	rpc error: code = Unavailable desc = transport is closing
640	519	0	519	rpc error: code = Unavailable desc = transport is closing
640	26765	0	26765	rpc error: code = Unavailable desc = transport is closing
640	431	0	431	rpc error: code = Unavailable desc = transport is closing
640	535	0	535	rpc error: code = Unavailable desc = transport is closing
640	538	0	538	rpc error: code = Unavailable desc = transport is closing
640	540	0	540	rpc error: code = Unavailable desc = transport is closing
640	510	0	510	rpc error: code = Unavailable desc = transport is closing
640	2928	0	2928	rpc error: code = Unavailable desc = transport is closing
640	153	0	153	rpc error: code = Unavailable desc = transport is closing
640	154	0	154	rpc error: code = Unavailable desc = transport is closing
640	157	0	157	rpc error: code = Unavailable desc = transport is closing
640	156	62	218	<nil>
640	154	62	216	<nil>
640	154	64	218	<nil>
640	1160	0	1160	rpc error: code = Unavailable desc = transport is closing
640	162	0	162	rpc error: code = Unavailable desc = transport is closing
640	1164	0	1164	rpc error: code = Unavailable desc = transport is closing
640	156	110	266	<nil>
640	156	110	266	<nil>
640	553	0	553	rpc error: code = Unavailable desc = transport is closing
640	548	0	548	rpc error: code = Unavailable desc = transport is closing
640	3779	0	3779	rpc error: code = Unavailable desc = transport is closing
640	159	0	159	rpc error: code = Unavailable desc = transport is closing
640	1152	119	1271	<nil>
640	448	0	448	rpc error: code = Unavailable desc = transport is closing
640	5348	121	5469	<nil>
640	1152	126	1278	<nil>
640	456	0	456	rpc error: code = Unavailable desc = transport is closing
640	1152	121	1273	<nil>
640	156	119	275	<nil>
640	1160	111	1271	<nil>
640	448	0	448	rpc error: code = Unavailable desc = transport is closing
640	150	122	272	<nil>
640	201	0	201	rpc error: code = Unavailable desc = transport is closing
640	156	115	271	<nil>
640	1154	126	1280	<nil>
640	540	0	540	rpc error: code = Unavailable desc = transport is closing
640	547	0	547	rpc error: code = Unavailable desc = transport is closing
640	336	0	336	rpc error: code = Unavailable desc = transport is closing
640	160	114	274	<nil>
640	159	114	273	<nil>
640	158	114	272	<nil>
640	160	108	268	<nil>
640	1152	132	1284	<nil>
640	1162	119	1281	<nil>
640	1149	132	1281	<nil>
640	157	120	277	<nil>
640	160	113	273	<nil>
640	1196	0	1196	rpc error: code = Unavailable desc = transport is closing
640	188	0	188	rpc error: code = Unavailable desc = transport is closing
640	1152	182	1334	<nil>
640	1161	170	1331	<nil>
640	1161	170	1331	<nil>
640	566	0	566	rpc error: code = Unavailable desc = transport is closing
640	1202	158	1360	<nil>
640	159	198	357	<nil>
640	186	170	356	<nil>
640	190	159	349	<nil>
640	195	164	359	<nil>
640	1190	170	1360	<nil>
640	360	0	360	rpc error: code = Unavailable desc = transport is closing
640	363	0	363	rpc error: code = Unavailable desc = transport is closing
640	1406	0	1406	rpc error: code = Unavailable desc = transport is closing
640	190	171	361	<nil>
640	3629	0	3629	rpc error: code = Unavailable desc = transport is closing
640	3624	0	3624	rpc error: code = Unavailable desc = transport is closing
640	365	0	365	rpc error: code = Unavailable desc = transport is closing
640	464	0	464	rpc error: code = Unavailable desc = transport is closing
640	2685	198	2883	<nil>
640	439	0	439	rpc error: code = Unavailable desc = transport is closing
640	3560	0	3560	rpc error: code = Unavailable desc = transport is closing
640	2682	197	2879	<nil>
640	26018	0	26018	rpc error: code = Unavailable desc = transport is closing
640	514	0	514	rpc error: code = Unavailable desc = transport is closing
640	571	0	571	rpc error: code = Unavailable desc = transport is closing
640	518	0	518	rpc error: code = Unavailable desc = transport is closing
640	1201	163	1364	<nil>
640	515	0	515	rpc error: code = Unavailable desc = transport is closing
640	542	0	542	rpc error: code = Unavailable desc = transport is closing
640	448	0	448	rpc error: code = Unavailable desc = transport is closing
640	515	0	515	rpc error: code = Unavailable desc = transport is closing
640	510	0	510	rpc error: code = Unavailable desc = transport is closing
640	433	0	433	rpc error: code = Unavailable desc = transport is closing
640	518	0	518	rpc error: code = Unavailable desc = transport is closing
640	510	0	510	rpc error: code = Unavailable desc = transport is closing
640	361	0	361	rpc error: code = Unavailable desc = transport is closing
640	3669	0	3669	rpc error: code = Unavailable desc = transport is closing
640	1191	173	1364	<nil>
640	1200	163	1363	<nil>
640	89	162	251	<nil>
640	250	0	250	rpc error: code = Unavailable desc = transport is closing
640	517	0	517	rpc error: code = Unavailable desc = transport is closing
640	3058	163	3221	<nil>
640	3744	0	3744	rpc error: code = Unavailable desc = transport is closing
640	88	163	251	<nil>
640	90	163	253	<nil>
640	91	160	251	<nil>
640	361	0	361	rpc error: code = Unavailable desc = transport is closing
640	89	162	251	<nil>
640	90	162	252	<nil>
640	90	163	253	<nil>
640	88	162	250	<nil>
640	193	169	362	<nil>
640	109	223	332	<nil>
640	110	222	332	<nil>
640	113	223	336	<nil>
640	111	223	334	<nil>
640	3427	0	3427	rpc error: code = Unavailable desc = transport is closing
640	3480	0	3480	rpc error: code = Unavailable desc = transport is closing
640	117	219	336	<nil>
640	514	0	514	rpc error: code = Unavailable desc = transport is closing
640	514	0	514	rpc error: code = Unavailable desc = transport is closing
640	504	0	504	rpc error: code = Unavailable desc = transport is closing
640	544	0	544	rpc error: code = Unavailable desc = transport is closing
640	540	0	540	rpc error: code = Unavailable desc = transport is closing
640	551	0	551	rpc error: code = Unavailable desc = transport is closing
640	515	0	515	rpc error: code = Unavailable desc = transport is closing
640	547	0	547	rpc error: code = Unavailable desc = transport is closing
640	512	0	512	rpc error: code = Unavailable desc = transport is closing
640	152	160	312	<nil>
640	514	0	514	rpc error: code = Unavailable desc = transport is closing
640	160	175	335	<nil>
640	514	0	514	rpc error: code = Unavailable desc = transport is closing
640	513	0	513	rpc error: code = Unavailable desc = transport is closing
640	481	0	481	rpc error: code = Unavailable desc = transport is closing
640	508	0	508	rpc error: code = Unavailable desc = transport is closing
640	562	0	562	rpc error: code = Unavailable desc = transport is closing
640	508	0	508	rpc error: code = Unavailable desc = transport is closing
640	512	0	512	rpc error: code = Unavailable desc = transport is closing
640	511	0	511	rpc error: code = Unavailable desc = transport is closing
640	3118	0	3118	rpc error: code = Unavailable desc = transport is closing
640	156	157	313	<nil>
640	509	0	509	rpc error: code = Unavailable desc = transport is closing
640	511	0	511	rpc error: code = Unavailable desc = transport is closing
640	511	0	511	rpc error: code = Unavailable desc = transport is closing
640	511	0	511	rpc error: code = Unavailable desc = transport is closing
640	515	0	515	rpc error: code = Unavailable desc = transport is closing
640	550	0	550	rpc error: code = Unavailable desc = transport is closing
640	507	0	507	rpc error: code = Unavailable desc = transport is closing
640	157	151	308	<nil>
640	548	0	548	rpc error: code = Unavailable desc = transport is closing
640	155	0	155	rpc error: code = Unavailable desc = transport is closing
640	26546	0	26546	rpc error: code = Unavailable desc = transport is closing
640	8993	0	8993	rpc error: code = Unavailable desc = transport is closing
640	536	0	536	rpc error: code = Unavailable desc = transport is closing
640	174	140	314	<nil>
640	503	0	503	rpc error: code = Unavailable desc = transport is closing
640	175	152	327	<nil>
640	189	139	328	<nil>
640	160	179	339	<nil>
640	122	206	328	<nil>
640	154	153	307	<nil>
640	2847	159	3006	<nil>
640	172	142	314	<nil>
640	135	177	312	<nil>
640	199	139	338	<nil>
640	152	162	314	<nil>
640	118	218	336	<nil>
640	498	0	498	rpc error: code = Unavailable desc = transport is closing
640	197	145	342	<nil>
640	6505	0	6505	rpc error: code = Unavailable desc = transport is closing
640	553	0	553	rpc error: code = Unavailable desc = transport is closing
640	1463	0	1463	rpc error: code = Unavailable desc = transport is closing
640	514	0	514	rpc error: code = Unavailable desc = transport is closing
640	517	0	517	rpc error: code = Unavailable desc = transport is closing
640	554	0	554	rpc error: code = Unavailable desc = transport is closing
640	549	0	549	rpc error: code = Unavailable desc = transport is closing
640	190	248	438	<nil>
640	190	249	439	<nil>
640	171	249	420	<nil>
640	190	249	439	<nil>
640	191	249	440	<nil>
640	190	249	439	<nil>
640	200	249	449	<nil>
640	191	249	440	<nil>
640	175	249	424	<nil>
640	184	242	426	<nil>
640	187	239	426	<nil>
640	200	249	449	<nil>
640	191	249	440	<nil>
640	185	240	425	<nil>
640	184	242	426	<nil>
640	190	249	439	<nil>
640	200	249	449	<nil>
640	2871	249	3120	<nil>
640	181	240	421	<nil>
640	203	193	396	<nil>
640	207	186	393	<nil>
640	207	188	395	<nil>
640	2945	187	3132	<nil>
640	205	193	398	<nil>
640	207	187	394	<nil>
640	209	187	396	<nil>
640	206	188	394	<nil>
640	2925	194	3119	<nil>
640	207	187	394	<nil>
640	209	187	396	<nil>
640	212	187	399	<nil>
640	207	187	394	<nil>
640	212	187	399	<nil>
640	212	187	399	<nil>
640	209	188	397	<nil>
640	212	187	399	<nil>
640	10138	188	10326	<nil>
640	264	133	397	<nil>
640	210	187	397	<nil>
640	210	187	397	<nil>
640	210	187	397	<nil>
640	273	203	476	<nil>
640	274	202	476	<nil>
640	269	204	473	<nil>
640	271	205	476	<nil>
640	272	205	477	<nil>
640	272	201	473	<nil>
640	3238	205	3443	<nil>
640	274	203	477	<nil>
640	211	202	413	<nil>
640	15711	200	15911	<nil>
640	236	202	438	<nil>
640	218	200	418	<nil>
640	222	203	425	<nil>
640	271	208	479	<nil>
640	269	202	471	<nil>
640	227	207	434	<nil>
640	274	201	475	<nil>
640	3040	187	3227	<nil>
640	213	187	400	<nil>
640	2557	163	2720	<nil>
640	284	152	436	<nil>
640	275	148	423	<nil>
640	233	189	422	<nil>
640	228	189	417	<nil>
640	262	162	424	<nil>
640	240	188	428	<nil>
640	275	164	439	<nil>
640	215	189	404	<nil>
640	10261	167	10428	<nil>
640	3124	111	3235	<nil>
640	295	114	409	<nil>
640	212	210	422	<nil>
640	320	112	432	<nil>
640	3118	110	3228	<nil>
640	323	112	435	<nil>
640	200	126	326	<nil>
640	244	129	373	<nil>
640	228	215	443	<nil>
640	243	122	365	<nil>
640	243	124	367	<nil>
640	226	26	252	<nil>
640	209	126	335	<nil>
640	241	128	369	<nil>
640	319	123	442	<nil>
640	244	129	373	<nil>
640	242	131	373	<nil>
640	245	125	370	<nil>
640	258	15	273	<nil>
640	146	7	153	<nil>
640	289	119	408	<nil>
640	240	132	372	<nil>
640	247	131	378	<nil>
640	245	131	376	<nil>
640	148	12	160	<nil>
640	147	15	162	<nil>
640	247	126	373	<nil>
640	213	130	343	<nil>
640	242	130	372	<nil>
640	148	16	164	<nil>
640	243	132	375	<nil>
640	150	11	161	<nil>
640	276	64	340	<nil>
640	146	10	156	<nil>
640	303	43	346	<nil>
640	238	19	257	<nil>
640	275	60	335	<nil>
640	280	61	341	<nil>
640	286	54	340	<nil>
640	275	65	340	<nil>
640	211	136	347	<nil>
640	263	78	341	<nil>
640	273	63	336	<nil>
640	209	40	249	<nil>
640	233	15	248	<nil>
640	221	24	245	<nil>
640	236	17	253	<nil>
640	243	8	251	<nil>
640	237	17	254	<nil>
640	229	20	249	<nil>
640	225	25	250	<nil>
640	229	21	250	<nil>
640	230	21	251	<nil>
640	225	26	251	<nil>
640	228	24	252	<nil>
640	226	25	251	<nil>
640	248	11	259	<nil>
640	234	17	251	<nil>
640	250	4	254	<nil>
640	2693	24	2717	<nil>
640	234	18	252	<nil>
640	211	43	254	<nil>
640	231	18	249	<nil>
640	227	25	252	<nil>
640	208	43	251	<nil>
640	207	43	250	<nil>
640	231	21	252	<nil>
640	205	122	327	<nil>
640	232	19	251	<nil>
640	208	43	251	<nil>
640	208	43	251	<nil>
640	241	12	253	<nil>
640	231	20	251	<nil>
640	229	22	251	<nil>
640	142	3	145	<nil>
640	143	8	151	<nil>
640	244	19	263	<nil>
640	258	12	270	<nil>
640	263	11	274	<nil>
640	249	15	264	<nil>
640	239	17	256	<nil>
640	146	9	155	<nil>
640	142	9	151	<nil>
640	248	21	269	<nil>
640	246	28	274	<nil>
640	248	28	276	<nil>
640	145	7	152	<nil>
640	244	19	263	<nil>
640	148	12	160	<nil>
640	147	5	152	<nil>
640	64	4	68	<nil>
640	149	10	159	<nil>
640	243	29	272	<nil>
640	143	10	153	<nil>
640	143	12	155	<nil>
640	243	20	263	<nil>
640	29278	11	29289	<nil>
640	71	8	79	<nil>
640	142	11	153	<nil>
640	142	12	154	<nil>
640	147	7	154	<nil>
640	205	124	329	<nil>
640	69	10	79	<nil>
640	154	10	164	<nil>
640	2402	11	2413	<nil>
640	156	9	165	<nil>
640	71	65	136	<nil>
640	147	10	157	<nil>
640	142	13	155	<nil>
640	65	10	75	<nil>
640	143	14	157	<nil>
640	150	14	164	<nil>
640	155	9	164	<nil>
640	143	15	158	<nil>
640	245	129	374	<nil>
640	143	15	158	<nil>
640	3066	168	3234	<nil>
640	281	64	345	<nil>
640	147	9	156	<nil>
640	215	39	254	<nil>
640	9155	42	9197	<nil>
640	143	16	159	<nil>
640	276	64	340	<nil>
640	147	66	213	<nil>
640	272	54	326	<nil>
640	151	11	162	<nil>
640	2837	67	2904	<nil>
640	154	66	220	<nil>
640	146	310	456	<nil>
640	155	310	465	<nil>
640	147	310	457	<nil>
640	421	26	447	<nil>
640	419	27	446	<nil>
640	418	27	445	<nil>
640	419	29	448	<nil>
640	422	26	448	<nil>
640	419	27	446	<nil>
640	418	28	446	<nil>
640	419	27	446	<nil>
640	489	26	515	<nil>
640	416	32	448	<nil>
640	484	29	513	<nil>
640	426	22	448	<nil>
640	423	26	449	<nil>
640	421	31	452	<nil>
640	428	21	449	<nil>
640	424	25	449	<nil>
640	460	26	486	<nil>
640	427	21	448	<nil>
640	421	34	455	<nil>
640	484	30	514	<nil>
640	425	23	448	<nil>
640	421	30	451	<nil>
640	426	25	451	<nil>
640	369	26	395	<nil>
640	424	27	451	<nil>
640	484	29	513	<nil>
640	489	24	513	<nil>
640	495	29	524	<nil>
640	423	26	449	<nil>
640	419	31	450	<nil>
640	424	24	448	<nil>
640	377	26	403	<nil>
640	428	27	455	<nil>
640	427	28	455	<nil>
640	486	29	515	<nil>
640	473	6	479	<nil>
640	446	9	455	<nil>
640	505	11	516	<nil>
640	444	13	457	<nil>
640	521	9	530	<nil>
640	435	20	455	<nil>
640	444	10	454	<nil>
640	448	7	455	<nil>
640	437	17	454	<nil>
640	446	10	456	<nil>
640	16271	27	16298	<nil>
640	443	13	456	<nil>
640	433	23	456	<nil>
640	494	13	507	<nil>
640	505	25	530	<nil>
640	448	7	455	<nil>
640	450	6	456	<nil>
640	450	7	457	<nil>
640	450	5	455	<nil>
640	446	10	456	<nil>
640	447	9	456	<nil>
640	419	27	446	<nil>
640	428	26	454	<nil>
640	449	11	460	<nil>
640	492	18	510	<nil>
640	5437	31	5468	<nil>
640	452	10	462	<nil>
640	525	10	535	<nil>
640	471	93	564	<nil>
640	467	96	563	<nil>
640	517	120	637	<nil>
640	457	107	564	<nil>
640	515	119	634	<nil>
640	466	121	587	<nil>
640	426	123	549	<nil>
640	514	120	634	<nil>
640	5710	103	5813	<nil>
640	503	127	630	<nil>
640	467	102	569	<nil>
640	528	102	630	<nil>
640	460	119	579	<nil>
640	440	112	552	<nil>
640	462	112	574	<nil>
640	520	112	632	<nil>
640	440	112	552	<nil>
640	535	113	648	<nil>
640	514	112	626	<nil>
640	465	113	578	<nil>
640	464	114	578	<nil>
640	469	116	585	<nil>
640	440	112	552	<nil>
640	447	102	549	<nil>
640	467	114	581	<nil>
640	477	113	590	<nil>
640	461	129	590	<nil>
640	5122	131	5253	<nil>
640	460	113	573	<nil>
640	505	113	618	<nil>
640	454	119	573	<nil>
640	461	115	576	<nil>
640	469	117	586	<nil>
640	472	117	589	<nil>
640	460	113	573	<nil>
640	571	58	629	<nil>
640	459	113	572	<nil>
640	533	114	647	<nil>
640	440	114	554	<nil>
640	535	113	648	<nil>
640	2854	110	2964	<nil>
640	438	133	571	<nil>
640	457	134	591	<nil>
640	1065	118	1183	<nil>
640	440	130	570	<nil>
640	2875	134	3009	<nil>
640	501	92	593	<nil>
640	471	131	602	<nil>
640	471	116	587	<nil>
640	535	113	648	<nil>
640	457	116	573	<nil>
640	436	135	571	<nil>
640	17925	82	18007	<nil>
640	505	109	614	<nil>
640	9997	124	10121	<nil>
640	1128	131	1259	<nil>
640	120	140	260	<nil>
640	116	140	256	<nil>
640	114	142	256	<nil>
640	119	143	262	<nil>
640	116	141	257	<nil>
640	177	90	267	<nil>
640	115	140	255	<nil>
640	120	143	263	<nil>
640	15450	143	15593	<nil>
640	176	91	267	<nil>
640	9426	143	9569	<nil>
640	120	141	261	<nil>
640	157	102	259	<nil>
640	155	149	304	<nil>
640	161	143	304	<nil>
640	120	142	262	<nil>
640	626	140	766	<nil>
640	161	143	304	<nil>
640	621	150	771	<nil>
640	183	138	321	<nil>
640	614	138	752	<nil>
640	162	152	314	<nil>
640	615	122	737	<nil>
640	167	116	283	<nil>
640	9855	110	9965	<nil>
640	182	102	284	<nil>
640	164	115	279	<nil>
640	600	153	753	<nil>
640	613	142	755	<nil>
640	660	115	775	<nil>
640	625	155	780	<nil>
640	2780	162	2942	<nil>
640	621	177	798	<nil>
640	116	141	257	<nil>
640	209	100	309	<nil>
640	162	151	313	<nil>
640	611	164	775	<nil>
640	601	151	752	<nil>
640	615	192	807	<nil>
640	612	209	821	<nil>
640	622	201	823	<nil>
640	602	200	802	<nil>
640	689	208	897	<nil>
640	163	210	373	<nil>
640	612	218	830	<nil>
640	579	249	828	<nil>
640	1342	242	1584	<nil>
640	9305	249	9554	<nil>
640	622	249	871	<nil>
640	324	249	573	<nil>
640	5858	251	6109	<nil>
640	1436	254	1690	<nil>
640	190	227	417	<nil>
640	325	254	579	<nil>
640	188	229	417	<nil>
640	386	193	579	<nil>
640	203	214	417	<nil>
640	9498	246	9744	<nil>
640	401	177	578	<nil>
640	3030	229	3259	<nil>
640	333	247	580	<nil>
640	3077	215	3292	<nil>
640	1463	230	1693	<nil>
640	188	230	418	<nil>
640	627	228	855	<nil>
640	9875	227	10102	<nil>
640	645	238	883	<nil>
640	654	234	888	<nil>
640	178	239	417	<nil>
640	162	267	429	<nil>
640	181	256	437	<nil>
640	226	260	486	<nil>
640	151	331	482	<nil>
640	214	265	479	<nil>
640	231	245	476	<nil>
640	195	287	482	<nil>
640	238	250	488	<nil>
640	195	287	482	<nil>
640	185	302	487	<nil>
640	185	301	486	<nil>
640	216	267	483	<nil>
640	176	300	476	<nil>
640	239	250	489	<nil>
640	181	302	483	<nil>
640	193	288	481	<nil>
640	222	265	487	<nil>
640	190	300	490	<nil>
640	233	248	481	<nil>
640	220	298	518	<nil>
640	42924	332	43256	<nil>
640	158	335	493	<nil>
640	2452	299	2751	<nil>
640	227	280	507	<nil>
640	2813	335	3148	<nil>
640	172	319	491	<nil>
640	181	335	516	<nil>
640	148	269	417	<nil>
640	176	334	510	<nil>
640	2896	282	3178	<nil>
640	9929	285	10214	<nil>
640	118	321	439	<nil>
640	157	263	420	<nil>
640	1167	243	1410	<nil>
640	169	245	414	<nil>
640	258	152	410	<nil>
640	171	243	414	<nil>
640	167	259	426	<nil>
640	168	259	427	<nil>
640	2902	197	3099	<nil>
640	190	238	428	<nil>
640	9676	178	9854	<nil>
640	215	211	426	<nil>
640	191	237	428	<nil>
640	169	240	409	<nil>
640	209	203	412	<nil>
640	169	240	409	<nil>
640	168	241	409	<nil>
640	5888	231	6119	<nil>
640	200	231	431	<nil>
640	179	231	410	<nil>
640	176	173	349	<nil>
640	2651	173	2824	<nil>
640	2532	173	2705	<nil>
640	112	176	288	<nil>
640	1258	244	1502	<nil>
640	5454	176	5630	<nil>
640	5726	175	5901	<nil>
640	44733	175	44908	<nil>
640	105	175	280	<nil>
640	146	142	288	<nil>
640	140	146	286	<nil>
640	2601	145	2746	<nil>
640	2686	143	2829	<nil>
640	2688	145	2833	<nil>
640	3066	138	3204	<nil>
640	276	139	415	<nil>
640	292	126	418	<nil>
640	294	126	420	<nil>
640	240	128	368	<nil>
640	263	128	391	<nil>
640	271	130	401	<nil>
640	280	131	411	<nil>
640	292	132	424	<nil>
640	269	133	402	<nil>
640	14301	132	14433	<nil>
640	1381	132	1513	<nil>
640	269	135	404	<nil>
640	289	136	425	<nil>
640	1308	134	1442	<nil>
640	292	135	427	<nil>
640	110	135	245	<nil>
640	233	142	375	<nil>
640	271	139	410	<nil>
640	3029	142	3171	<nil>
640	270	141	411	<nil>
640	244	143	387	<nil>
640	292	141	433	<nil>
640	268	84	352	<nil>
640	283	141	424	<nil>
640	2710	87	2797	<nil>
640	3043	104	3147	<nil>
640	2642	86	2728	<nil>
640	292	93	385	<nil>
640	3129	94	3223	<nil>
640	5563	88	5651	<nil>
640	182	106	288	<nil>
640	5727	95	5822	<nil>
640	165	87	252	<nil>
640	201	89	290	<nil>
640	3139	87	3226	<nil>
640	229	87	316	<nil>
640	3118	109	3227	<nil>
640	82	84	166	<nil>
640	85	64	149	<nil>
640	116	55	171	<nil>
640	258	64	322	<nil>
640	364	55	419	<nil>
640	355	56	411	<nil>
640	1347	55	1402	<nil>
640	341	56	397	<nil>
640	366	56	422	<nil>
640	295	66	361	<nil>
640	368	56	424	<nil>
640	360	58	418	<nil>
640	102	58	160	<nil>
640	95	58	153	<nil>
640	340	58	398	<nil>
640	9853	58	9911	<nil>
640	104	58	162	<nil>
640	103	60	163	<nil>
640	102	59	161	<nil>
640	96	59	155	<nil>
640	102	62	164	<nil>
640	105	61	166	<nil>
640	5997	61	6058	<nil>
640	96	62	158	<nil>
640	93	64	157	<nil>
640	2801	61	2862	<nil>
640	265	61	326	<nil>
640	9854	61	9915	<nil>
640	5644	63	5707	<nil>
640	209	63	272	<nil>
640	15588	48	15636	<nil>
640	33	49	82	<nil>
640	52	49	101	<nil>
640	10219	49	10268	<nil>
640	34	51	85	<nil>
640	210	49	259	<nil>
640	202	45	247	<nil>
640	166	49	215	<nil>
640	209	50	259	<nil>
640	200	46	246	<nil>
640	213	47	260	<nil>
640	172	47	219	<nil>
640	180	48	228	<nil>
640	20	50	70	<nil>
640	20	49	69	<nil>
640	19	50	69	<nil>
640	19	50	69	<nil>
640	58	12	70	<nil>
640	21	50	71	<nil>
640	249	0	249	rpc error: code = Unavailable desc = transport is closing
640	339	15	354	<nil>
640	334	15	349	<nil>
640	346	14	360	<nil>
640	6452	15	6467	<nil>
640	2993	15	3008	<nil>
640	8913	15	8928	<nil>
640	336	16	352	<nil>
640	333	15	348	<nil>
640	338	17	355	<nil>
640	300	17	317	<nil>
640	261	33	294	<nil>
640	202	4	206	<nil>
640	244	0	244	rpc error: code = Unavailable desc = transport is closing
640	215	2	217	<nil>
640	217	0	217	rpc error: code = Unavailable desc = transport is closing
640	200	29	229	<nil>
640	234	0	234	rpc error: code = Unavailable desc = transport is closing
640	189	26	215	<nil>
640	279	33	312	<nil>
640	280	32	312	<nil>
640	334	35	369	<nil>
640	260	34	294	<nil>
640	334	35	369	<nil>
640	4851	34	4885	<nil>
640	3049	35	3084	<nil>
640	243	33	276	<nil>
640	209	1	210	<nil>
640	214	7	221	<nil>
640	220	0	220	<nil>
640	213	0	213	<nil>
640	261	0	261	<nil>
640	212	0	212	rpc error: code = Unavailable desc = transport is closing
640	253	3	256	<nil>
640	247	0	247	rpc error: code = Unavailable desc = transport is closing
640	244	0	244	rpc error: code = Unavailable desc = transport is closing
640	235	1	236	<nil>
640	211	1	212	<nil>
640	230	8	238	<nil>
640	285	39	324	<nil>
640	5672	1	5673	<nil>
640	227	1	228	<nil>
640	8383	1	8384	<nil>
640	227	2	229	<nil>
640	212	7	219	<nil>
640	252	1	253	<nil>
640	244	0	244	rpc error: code = Unavailable desc = transport is closing
640	236	9	245	<nil>
640	279	37	316	<nil>
640	5633	39	5672	<nil>
640	221	1	222	<nil>
640	253	0	253	rpc error: code = Unavailable desc = transport is closing
640	218	22	240	<nil>
640	242	0	242	rpc error: code = Unavailable desc = transport is closing
640	201	40	241	<nil>
640	182	38	220	<nil>
640	247	0	247	rpc error: code = Unavailable desc = transport is closing
640	424	50	474	<nil>
640	178	39	217	<nil>
640	231	43	274	<nil>
640	191	40	231	<nil>
640	231	44	275	<nil>
640	243	41	284	<nil>
640	181	41	222	<nil>
640	229	45	274	<nil>
640	10460	41	10501	<nil>
640	261	50	311	<nil>
640	243	47	290	<nil>
640	230	41	271	<nil>
640	243	41	284	<nil>
640	243	41	284	<nil>
640	231	43	274	<nil>
640	255	30	285	<nil>
640	238	16	254	<nil>
640	203	16	219	<nil>
640	276	50	326	<nil>
640	226	23	249	<nil>
640	392	48	440	<nil>
640	179	44	223	<nil>
640	261	50	311	<nil>
640	204	23	227	<nil>
640	238	40	278	<nil>
640	211	22	233	<nil>
640	346	55	401	<nil>
640	176	42	218	<nil>
640	214	22	236	<nil>
640	229	40	269	<nil>
640	219	37	256	<nil>
640	219	36	255	<nil>
640	227	34	261	<nil>
660	262	25	287	<nil>
660	236	570	806	<nil>
660	232	637	869	<nil>
660	219	667	886	<nil>
660	281	639	920	<nil>
660	251	669	920	<nil>
660	207	669	876	<nil>
660	238	668	906	<nil>
660	242	669	911	<nil>
660	238	671	909	<nil>
660	203	669	872	<nil>
660	206	670	876	<nil>
660	10687	671	11358	<nil>
660	224	670	894	<nil>
660	207	670	877	<nil>
660	224	670	894	<nil>
660	236	667	903	<nil>
660	225	670	895	<nil>
660	241	672	913	<nil>
660	217	671	888	<nil>
660	224	672	896	<nil>
660	224	671	895	<nil>
660	229	671	900	<nil>
660	226	673	899	<nil>
660	228	672	900	<nil>
660	230	672	902	<nil>
660	270	672	942	<nil>
660	247	673	920	<nil>
660	253	673	926	<nil>
660	210	672	882	<nil>
660	206	673	879	<nil>
660	251	672	923	<nil>
660	252	655	907	<nil>
660	276	655	931	<nil>
660	271	655	926	<nil>
660	253	656	909	<nil>
660	255	657	912	<nil>
660	251	657	908	<nil>
660	252	656	908	<nil>
660	276	658	934	<nil>
660	269	0	269	rpc error: code = Unavailable desc = transport is closing
660	271	658	929	<nil>
660	286	658	944	<nil>
660	303	658	961	<nil>
660	287	657	944	<nil>
660	247	670	917	<nil>
660	264	0	264	rpc error: code = Unavailable desc = transport is closing
660	275	0	275	rpc error: code = Unavailable desc = transport is closing
660	277	0	277	rpc error: code = Unavailable desc = transport is closing
660	274	0	274	rpc error: code = Unavailable desc = transport is closing
660	290	734	1024	<nil>
660	197	0	197	rpc error: code = Unavailable desc = transport is closing
660	289	0	289	rpc error: code = Unavailable desc = transport is closing
660	276	0	276	rpc error: code = Unavailable desc = transport is closing
660	207	0	207	rpc error: code = Unavailable desc = transport is closing
660	283	0	283	rpc error: code = Unavailable desc = transport is closing
660	212	0	212	rpc error: code = Unavailable desc = transport is closing
660	275	0	275	rpc error: code = Unavailable desc = transport is closing
660	276	0	276	rpc error: code = Unavailable desc = transport is closing
660	273	0	273	rpc error: code = Unavailable desc = transport is closing
660	303	0	303	rpc error: code = Unavailable desc = transport is closing
660	27967	0	27967	rpc error: code = Unavailable desc = transport is closing
660	260	0	260	rpc error: code = Unavailable desc = transport is closing
660	295	0	295	rpc error: code = Unavailable desc = transport is closing
660	318	0	318	rpc error: code = Unavailable desc = transport is closing
660	240	0	240	rpc error: code = Unavailable desc = transport is closing
660	225	0	225	rpc error: code = Unavailable desc = transport is closing
660	249	0	249	rpc error: code = Unavailable desc = transport is closing
660	181	0	181	rpc error: code = Unavailable desc = transport is closing
660	209	0	209	rpc error: code = Unavailable desc = transport is closing
660	248	0	248	rpc error: code = Unavailable desc = transport is closing
660	148	0	148	rpc error: code = Unavailable desc = transport is closing
660	153	0	153	rpc error: code = Unavailable desc = transport is closing
660	227	0	227	rpc error: code = Unavailable desc = transport is closing
660	245	0	245	rpc error: code = Unavailable desc = transport is closing
660	147	0	147	rpc error: code = Unavailable desc = transport is closing
660	232	0	232	rpc error: code = Unavailable desc = transport is closing
660	207	0	207	rpc error: code = Unavailable desc = transport is closing
660	217	0	217	rpc error: code = Unavailable desc = transport is closing
660	209	0	209	rpc error: code = Unavailable desc = transport is closing
660	233	0	233	rpc error: code = Unavailable desc = transport is closing
660	225	0	225	rpc error: code = Unavailable desc = transport is closing
660	235	0	235	rpc error: code = Unavailable desc = transport is closing
660	205	0	205	rpc error: code = Unavailable desc = transport is closing
660	205	0	205	rpc error: code = Unavailable desc = transport is closing
660	237	0	237	rpc error: code = Unavailable desc = transport is closing
660	208	0	208	rpc error: code = Unavailable desc = transport is closing
660	205	0	205	rpc error: code = Unavailable desc = transport is closing
660	214	0	214	rpc error: code = Unavailable desc = transport is closing
660	210	0	210	rpc error: code = Unavailable desc = transport is closing
660	3053	0	3053	rpc error: code = Unavailable desc = transport is closing
660	267	0	267	rpc error: code = Unavailable desc = transport is closing
660	266	0	266	rpc error: code = Unavailable desc = transport is closing
660	269	0	269	rpc error: code = Unavailable desc = transport is closing
660	684	233	917	<nil>
660	315	0	315	rpc error: code = Unavailable desc = transport is closing
660	565	0	565	rpc error: code = Unavailable desc = transport is closing
660	1003	0	1003	rpc error: code = Unavailable desc = transport is closing
660	1051	0	1051	rpc error: code = Unavailable desc = transport is closing
660	1051	0	1051	rpc error: code = Unavailable desc = transport is closing
660	1053	0	1053	rpc error: code = Unavailable desc = transport is closing
660	1056	0	1056	rpc error: code = Unavailable desc = transport is closing
660	3758	0	3758	rpc error: code = Unavailable desc = transport is closing
660	11261	0	11261	rpc error: code = Unavailable desc = transport is closing
660	1049	0	1049	rpc error: code = Unavailable desc = transport is closing
660	1003	0	1003	rpc error: code = Unavailable desc = transport is closing
660	1023	0	1023	rpc error: code = Unavailable desc = transport is closing
660	1020	0	1020	rpc error: code = Unavailable desc = transport is closing
660	984	0	984	rpc error: code = Unavailable desc = transport is closing
660	983	0	983	rpc error: code = Unavailable desc = transport is closing
660	992	0	992	rpc error: code = Unavailable desc = transport is closing
660	1025	0	1025	rpc error: code = Unavailable desc = transport is closing
660	1021	0	1021	rpc error: code = Unavailable desc = transport is closing
660	3884	0	3884	rpc error: code = Unavailable desc = transport is closing
660	1032	0	1032	rpc error: code = Unavailable desc = transport is closing
660	3756	0	3756	rpc error: code = Unavailable desc = transport is closing
660	1055	0	1055	rpc error: code = Unavailable desc = transport is closing
660	1040	0	1040	rpc error: code = Unavailable desc = transport is closing
660	1013	0	1013	rpc error: code = Unavailable desc = transport is closing
660	566	0	566	rpc error: code = Unavailable desc = transport is closing
660	1021	0	1021	rpc error: code = Unavailable desc = transport is closing
660	1039	0	1039	rpc error: code = Unavailable desc = transport is closing
660	534	0	534	rpc error: code = Unavailable desc = transport is closing
660	3760	0	3760	rpc error: code = Unavailable desc = transport is closing
660	1041	0	1041	rpc error: code = Unavailable desc = transport is closing
660	350	58	408	<nil>
660	1054	0	1054	rpc error: code = Unavailable desc = transport is closing
660	872	58	930	<nil>
660	858	59	917	<nil>
660	860	58	918	<nil>
660	1033	0	1033	rpc error: code = Unavailable desc = transport is closing
660	1014	0	1014	rpc error: code = Unavailable desc = transport is closing
660	1050	0	1050	rpc error: code = Unavailable desc = transport is closing
660	10161	58	10219	<nil>
660	239	47	286	<nil>
660	228	58	286	<nil>
660	240	46	286	<nil>
660	243	61	304	<nil>
660	231	68	299	<nil>
660	245	101	346	<nil>
660	249	117	366	<nil>
660	237	121	358	<nil>
660	249	124	373	<nil>
660	233	123	356	<nil>
660	234	124	358	<nil>
660	237	121	358	<nil>
660	236	125	361	<nil>
660	242	121	363	<nil>
660	249	147	396	<nil>
660	270	141	411	<nil>
660	257	152	409	<nil>
660	2887	17	2904	<nil>
660	255	146	401	<nil>
660	255	140	395	<nil>
660	238	156	394	<nil>
660	267	141	408	<nil>
660	5817	141	5958	<nil>
660	1363	17	1380	<nil>
660	1303	40	1343	<nil>
660	251	28	279	<nil>
660	163	116	279	<nil>
660	3274	31	3305	<nil>
660	265	135	400	<nil>
660	256	156	412	<nil>
660	367	16	383	<nil>
660	369	41	410	<nil>
660	5484	145	5629	<nil>
660	272	140	412	<nil>
660	3076	37	3113	<nil>
660	272	142	414	<nil>
660	249	32	281	<nil>
660	271	146	417	<nil>
660	267	141	408	<nil>
660	3010	105	3115	<nil>
660	1239	142	1381	<nil>
660	5709	34	5743	<nil>
660	244	31	275	<nil>
660	263	28	291	<nil>
660	165	134	299	<nil>
660	267	142	409	<nil>
660	318	34	352	<nil>
660	255	48	303	<nil>
660	254	22	276	<nil>
660	149	127	276	<nil>
660	293	32	325	<nil>
660	251	31	282	<nil>
660	252	24	276	<nil>
660	272	141	413	<nil>
660	259	23	282	<nil>
660	3101	23	3124	<nil>
660	257	24	281	<nil>
660	261	20	281	<nil>
660	2787	34	2821	<nil>
660	1302	40	1342	<nil>
660	259	23	282	<nil>
660	257	23	280	<nil>
660	267	144	411	<nil>
660	228	126	354	<nil>
660	3142	25	3167	<nil>
660	230	49	279	<nil>
660	231	51	282	<nil>
660	1357	23	1380	<nil>
660	246	32	278	<nil>
660	249	35	284	<nil>
660	272	143	415	<nil>
660	1306	22	1328	<nil>
660	9827	29	9856	<nil>
660	3145	32	3177	<nil>
660	3105	25	3130	<nil>
660	5626	27	5653	<nil>
660	43077	28	43105	<nil>
660	214	29	243	<nil>
660	3137	29	3166	<nil>
660	150	56	206	<nil>
660	151	57	208	<nil>
660	3090	43	3133	<nil>
660	149	36	185	<nil>
660	3131	37	3168	<nil>
660	152	33	185	<nil>
660	129	28	157	<nil>
660	3104	31	3135	<nil>
660	3105	28	3133	<nil>
660	157	29	186	<nil>
660	128	30	158	<nil>
660	129	30	159	<nil>
660	131	28	159	<nil>
660	129	30	159	<nil>
660	128	31	159	<nil>
660	3205	31	3236	<nil>
660	136	22	158	<nil>
660	14683	22	14705	<nil>
660	141	22	163	<nil>
660	148	25	173	<nil>
660	2784	21	2805	<nil>
660	97	27	124	<nil>
660	134	26	160	<nil>
660	136	27	163	<nil>
660	5637	23	5660	<nil>
660	148	30	178	<nil>
660	123	22	145	<nil>
660	133	32	165	<nil>
660	135	32	167	<nil>
660	137	27	164	<nil>
660	141	26	167	<nil>
660	133	31	164	<nil>
660	136	31	167	<nil>
660	136	32	168	<nil>
660	5741	111	5852	<nil>
660	140	110	250	<nil>
660	1127	111	1238	<nil>
660	141	113	254	<nil>
660	135	117	252	<nil>
660	3122	128	3250	<nil>
660	152	166	318	<nil>
660	141	177	318	<nil>
660	151	179	330	<nil>
660	140	180	320	<nil>
660	1059	179	1238	<nil>
660	1059	189	1248	<nil>
660	162	23	185	<nil>
660	225	12	237	<nil>
660	172	22	194	<nil>
660	162	14	176	<nil>
660	155	23	178	<nil>
660	56	190	246	<nil>
660	218	15	233	<nil>
660	210	24	234	<nil>
660	142	25	167	<nil>
660	160	23	183	<nil>
660	168	15	183	<nil>
660	168	16	184	<nil>
660	1063	185	1248	<nil>
660	162	24	186	<nil>
660	164	14	178	<nil>
660	221	13	234	<nil>
660	1064	185	1249	<nil>
660	163	23	186	<nil>
660	178	13	191	<nil>
660	175	12	187	<nil>
660	179	12	191	<nil>
660	180	16	196	<nil>
660	169	12	181	<nil>
660	172	13	185	<nil>
660	177	11	188	<nil>
660	173	11	184	<nil>
660	171	16	187	<nil>
660	176	12	188	<nil>
660	2977	13	2990	<nil>
660	168	13	181	<nil>
660	164	17	181	<nil>
660	178	12	190	<nil>
660	163	17	180	<nil>
660	225	1	226	<nil>
660	224	3	227	<nil>
660	97	4	101	<nil>
660	212	2	214	<nil>
660	4682	4	4686	<nil>
660	77	3	80	<nil>
660	4683	6	4689	<nil>
660	2942	188	3130	<nil>
660	1077	182	1259	<nil>
660	209	6	215	<nil>
660	207	8	215	<nil>
660	51	4	55	<nil>
660	102	6	108	<nil>
660	94	6	100	<nil>
660	105	4	109	<nil>
660	211	4	215	<nil>
660	197	6	203	<nil>
660	208	2	210	<nil>
660	25907	5	25912	<nil>
660	189	5	194	<nil>
660	215	5	220	<nil>
660	201	8	209	<nil>
660	200	37	237	<nil>
660	4767	55	4822	<nil>
660	96	57	153	<nil>
660	216	53	269	<nil>
660	195	50	245	<nil>
660	195	50	245	<nil>
660	213	58	271	<nil>
660	214	59	273	<nil>
660	209	54	263	<nil>
660	214	58	272	<nil>
660	208	53	261	<nil>
660	210	54	264	<nil>
660	215	57	272	<nil>
660	107	59	166	<nil>
660	17167	57	17224	<nil>
660	205	56	261	<nil>
660	201	61	262	<nil>
660	194	54	248	<nil>
660	193	58	251	<nil>
660	100	65	165	<nil>
660	202	65	267	<nil>
660	213	58	271	<nil>
660	206	70	276	<nil>
660	197	72	269	<nil>
660	202	70	272	<nil>
660	2734	72	2806	<nil>
660	206	74	280	<nil>
660	198	74	272	<nil>
660	197	74	271	<nil>
660	102	75	177	<nil>
660	193	74	267	<nil>
660	207	76	283	<nil>
660	102	75	177	<nil>
660	95	76	171	<nil>
660	222	76	298	<nil>
660	207	76	283	<nil>
660	206	76	282	<nil>
660	208	76	284	<nil>
660	270	13	283	<nil>
660	207	77	284	<nil>
660	207	78	285	<nil>
660	207	78	285	<nil>
660	254	78	332	<nil>
660	164	15	179	<nil>
660	272	26	298	<nil>
660	196	50	246	<nil>
660	271	16	287	<nil>
660	3121	16	3137	<nil>
660	273	14	287	<nil>
660	65	15	80	<nil>
660	272	16	288	<nil>
660	59	14	73	<nil>
660	67	13	80	<nil>
660	63	14	77	<nil>
660	63	14	77	<nil>
660	106	11	117	<nil>
660	77	12	89	<nil>
660	104	12	116	<nil>
660	64	11	75	<nil>
660	64	15	79	<nil>
660	4909	11	4920	<nil>
660	84	15	99	<nil>
660	108	12	120	<nil>
660	17233	10	17243	<nil>
660	67	11	78	<nil>
660	87	11	98	<nil>
660	2345	12	2357	<nil>
660	71	12	83	<nil>
660	4837	12	4849	<nil>
660	262	55	317	<nil>
660	198	56	254	<nil>
660	80	0	80	<nil>
660	83	1	84	<nil>
660	296	2	298	<nil>
660	177	1	178	<nil>
660	10256	79	10335	<nil>
660	122	76	198	<nil>
660	86	88	174	<nil>
660	412	14	426	<nil>
660	2763	9	2772	<nil>
660	433	14	447	<nil>
660	399	14	413	<nil>
660	434	13	447	<nil>
660	405	14	419	<nil>
660	438	9	447	<nil>
660	413	13	426	<nil>
660	435	13	448	<nil>
660	414	13	427	<nil>
660	435	11	446	<nil>
660	434	15	449	<nil>
660	11065	10	11075	<nil>
660	434	13	447	<nil>
660	501	12	513	<nil>
660	431	12	443	<nil>
660	410	18	428	<nil>
660	410	18	428	<nil>
660	448	11	459	<nil>
660	445	11	456	<nil>
660	435	11	446	<nil>
660	443	13	456	<nil>
660	444	11	455	<nil>
660	421	14	435	<nil>
660	419	11	430	<nil>
660	444	11	455	<nil>
660	2770	11	2781	<nil>
660	415	18	433	<nil>
660	439	18	457	<nil>
660	445	11	456	<nil>
660	2766	17	2783	<nil>
660	501	11	512	<nil>
660	439	18	457	<nil>
660	408	11	419	<nil>
660	25857	18	25875	<nil>
660	410	18	428	<nil>
660	414	11	425	<nil>
660	501	11	512	<nil>
660	433	13	446	<nil>
660	448	55	503	<nil>
660	435	56	491	<nil>
660	430	56	486	<nil>
660	425	56	481	<nil>
660	456	57	513	<nil>
660	430	57	487	<nil>
660	456	57	513	<nil>
660	15415	56	15471	<nil>
660	429	55	484	<nil>
660	461	55	516	<nil>
660	458	55	513	<nil>
660	427	81	508	<nil>
660	434	82	516	<nil>
660	432	84	516	<nil>
660	426	82	508	<nil>
660	431	80	511	<nil>
660	429	85	514	<nil>
660	426	91	517	<nil>
660	429	84	513	<nil>
660	462	84	546	<nil>
660	435	83	518	<nil>
660	5472	85	5557	<nil>
660	451	87	538	<nil>
660	421	83	504	<nil>
660	423	87	510	<nil>
660	432	86	518	<nil>
660	431	89	520	<nil>
660	447	89	536	<nil>
660	430	86	516	<nil>
660	452	84	536	<nil>
660	440	74	514	<nil>
660	429	91	520	<nil>
660	424	94	518	<nil>
660	425	92	517	<nil>
660	5273	94	5367	<nil>
660	465	88	553	<nil>
660	430	96	526	<nil>
660	422	93	515	<nil>
660	430	97	527	<nil>
660	5276	112	5388	<nil>
660	443	123	566	<nil>
660	5484	117	5601	<nil>
660	471	106	577	<nil>
660	457	120	577	<nil>
660	284	122	406	<nil>
660	328	118	446	<nil>
660	447	120	567	<nil>
660	10646	119	10765	<nil>
660	472	117	589	<nil>
660	5750	117	5867	<nil>
660	99	37	136	<nil>
660	460	136	596	<nil>
660	10772	142	10914	<nil>
660	17676	133	17809	<nil>
660	460	129	589	<nil>
660	443	135	578	<nil>
660	10582	142	10724	<nil>
660	449	143	592	<nil>
660	329	141	470	<nil>
660	4858	139	4997	<nil>
660	447	139	586	<nil>
660	443	143	586	<nil>
660	1133	142	1275	<nil>
660	472	131	603	<nil>
660	442	142	584	<nil>
660	1279	153	1432	<nil>
660	460	131	591	<nil>
660	460	143	603	<nil>
660	515	142	657	<nil>
660	2896	47	2943	<nil>
660	94	72	166	<nil>
660	114	46	160	<nil>
660	460	141	601	<nil>
660	443	0	443	rpc error: code = Unavailable desc = transport is closing
660	416	0	416	rpc error: code = Unavailable desc = transport is closing
660	445	0	445	rpc error: code = Unavailable desc = transport is closing
660	108	133	241	<nil>
660	444	0	444	rpc error: code = Unavailable desc = transport is closing
660	110	131	241	<nil>
660	106	135	241	<nil>
660	106	134	240	<nil>
660	114	127	241	<nil>
660	105	135	240	<nil>
660	109	131	240	<nil>
660	448	0	448	rpc error: code = Unavailable desc = transport is closing
660	113	134	247	<nil>
660	109	131	240	<nil>
660	110	132	242	<nil>
660	105	135	240	<nil>
660	108	134	242	<nil>
660	4969	127	5096	<nil>
660	107	133	240	<nil>
660	103	135	238	<nil>
660	103	161	264	<nil>
660	111	159	270	<nil>
660	105	174	279	<nil>
660	102	173	275	<nil>
660	106	170	276	<nil>
660	111	165	276	<nil>
660	111	164	275	<nil>
660	112	165	277	<nil>
660	5277	0	5277	rpc error: code = Unavailable desc = transport is closing
660	141	0	141	rpc error: code = Unavailable desc = transport is closing
660	3011	0	3011	rpc error: code = Unavailable desc = transport is closing
660	127	0	127	rpc error: code = Unavailable desc = transport is closing
660	104	179	283	<nil>
660	137	0	137	rpc error: code = Unavailable desc = transport is closing
660	266	0	266	rpc error: code = Unavailable desc = transport is closing
660	102	179	281	<nil>
660	113	170	283	<nil>
660	104	179	283	<nil>
660	102	219	321	<nil>
660	107	239	346	<nil>
660	1109	244	1353	<nil>
660	103	245	348	<nil>
660	1220	0	1220	rpc error: code = Unavailable desc = transport is closing
660	102	247	349	<nil>
660	5593	0	5593	rpc error: code = Unavailable desc = transport is closing
660	110	259	369	<nil>
660	5623	217	5840	<nil>
660	114	258	372	<nil>
660	1120	218	1338	<nil>
660	1079	259	1338	<nil>
660	74	246	320	<nil>
660	5601	219	5820	<nil>
660	2940	225	3165	<nil>
660	138	155	293	<nil>
660	61	264	325	<nil>
660	292	0	292	rpc error: code = Unavailable desc = transport is closing
660	302	0	302	rpc error: code = Unavailable desc = transport is closing
660	70	230	300	<nil>
660	2769	220	2989	<nil>
660	2453	227	2680	<nil>
660	2901	268	3169	<nil>
660	77	224	301	<nil>
660	43953	256	44209	<nil>
660	129	149	278	<nil>
660	2378	251	2629	<nil>
660	61	268	329	<nil>
660	5331	256	5587	<nil>
660	2767	226	2993	<nil>
660	50	226	276	<nil>
660	75	222	297	<nil>
660	145	149	294	<nil>
660	147	157	304	<nil>
660	3022	156	3178	<nil>
660	147	157	304	<nil>
660	509	0	509	rpc error: code = DeadlineExceeded desc = context deadline exceeded
660	525	0	525	rpc error: code = DeadlineExceeded desc = context deadline exceeded
660	514	0	514	rpc error: code = DeadlineExceeded desc = context deadline exceeded
660	146	173	319	<nil>
660	545	0	545	rpc error: code = DeadlineExceeded desc = context deadline exceeded
660	144	171	315	<nil>
660	512	0	512	rpc error: code = DeadlineExceeded desc = context deadline exceeded
660	553	0	553	rpc error: code = DeadlineExceeded desc = context deadline exceeded
660	354	0	354	rpc error: code = DeadlineExceeded desc = context deadline exceeded
660	10874	0	10874	rpc error: code = DeadlineExceeded desc = context deadline exceeded
660	450	0	450	rpc error: code = DeadlineExceeded desc = context deadline exceeded
660	3770	0	3770	rpc error: code = DeadlineExceeded desc = context deadline exceeded
660	358	0	358	rpc error: code = DeadlineExceeded desc = context deadline exceeded
660	15253	0	15253	rpc error: code = DeadlineExceeded desc = context deadline exceeded
660	452	0	452	rpc error: code = DeadlineExceeded desc = context deadline exceeded
660	454	0	454	rpc error: code = DeadlineExceeded desc = context deadline exceeded
660	451	0	451	rpc error: code = DeadlineExceeded desc = context deadline exceeded
660	3290	0	3290	rpc error: code = DeadlineExceeded desc = context deadline exceeded
660	563	0	563	rpc error: code = DeadlineExceeded desc = context deadline exceeded
660	344	0	344	rpc error: code = DeadlineExceeded desc = context deadline exceeded
660	448	0	448	rpc error: code = DeadlineExceeded desc = context deadline exceeded
660	460	0	460	rpc error: code = DeadlineExceeded desc = context deadline exceeded
660	446	0	446	rpc error: code = DeadlineExceeded desc = context deadline exceeded
660	452	0	452	rpc error: code = DeadlineExceeded desc = context deadline exceeded
660	363	0	363	rpc error: code = DeadlineExceeded desc = context deadline exceeded
660	458	0	458	rpc error: code = DeadlineExceeded desc = context deadline exceeded
660	344	0	344	rpc error: code = DeadlineExceeded desc = context deadline exceeded
660	6560	0	6560	rpc error: code = DeadlineExceeded desc = context deadline exceeded
660	363	0	363	rpc error: code = DeadlineExceeded desc = context deadline exceeded
660	465	0	465	rpc error: code = DeadlineExceeded desc = context deadline exceeded
660	362	0	362	rpc error: code = DeadlineExceeded desc = context deadline exceeded
660	345	0	345	rpc error: code = DeadlineExceeded desc = context deadline exceeded
660	457	0	457	rpc error: code = DeadlineExceeded desc = context deadline exceeded
660	3021	239	3260	<nil>
660	554	0	554	rpc error: code = DeadlineExceeded desc = context deadline exceeded
660	143	260	403	<nil>
660	143	323	466	<nil>
660	171	0	171	rpc error: code = Unavailable desc = transport is closing
660	847	0	847	rpc error: code = Unavailable desc = transport is closing
660	325	0	325	rpc error: code = Unavailable desc = transport is closing
660	145	339	484	<nil>
660	144	340	484	<nil>
660	322	0	322	rpc error: code = Unavailable desc = transport is closing
660	145	338	483	<nil>
660	144	339	483	<nil>
660	187	299	486	<nil>
660	192	260	452	<nil>
660	439	0	439	rpc error: code = Unavailable desc = transport is closing
660	184	302	486	<nil>
660	5713	0	5713	rpc error: code = Unavailable desc = transport is closing
660	175	311	486	<nil>
660	186	300	486	<nil>
660	175	286	461	<nil>
660	184	302	486	<nil>
660	399	0	399	rpc error: code = Unavailable desc = transport is closing
660	359	0	359	rpc error: code = Unavailable desc = transport is closing
660	223	287	510	<nil>
660	5237	262	5499	<nil>
660	2557	295	2852	<nil>
660	164	296	460	<nil>
660	26729	294	27023	<nil>
660	2547	297	2844	<nil>
660	16649	264	16913	<nil>
660	1140	295	1435	<nil>
660	169	297	466	<nil>
660	200	260	460	<nil>
660	5148	298	5446	<nil>
660	170	269	439	<nil>
660	212	246	458	<nil>
660	171	296	467	<nil>
660	1168	294	1462	<nil>
660	143	295	438	<nil>
660	2577	296	2873	<nil>
660	142	297	439	<nil>
660	184	277	461	<nil>
660	199	267	466	<nil>
660	145	294	439	<nil>
660	196	268	464	<nil>
660	5483	297	5780	<nil>
660	1168	295	1463	<nil>
660	126	276	402	<nil>
660	115	255	370	<nil>
660	202	296	498	<nil>
660	127	274	401	<nil>
660	205	295	500	<nil>
660	127	275	402	<nil>
660	2633	275	2908	<nil>
660	1142	276	1418	<nil>
660	193	277	470	<nil>
660	2817	279	3096	<nil>
660	167	276	443	<nil>
660	193	279	472	<nil>
660	202	0	202	rpc error: code = Unavailable desc = transport is closing
660	135	254	389	<nil>
660	136	254	390	<nil>
660	2719	256	2975	<nil>
660	2652	260	2912	<nil>
660	2656	256	2912	<nil>
660	1129	278	1407	<nil>
660	9859	278	10137	<nil>
660	39280	263	39543	<nil>
660	2631	276	2907	<nil>
660	199	269	468	<nil>
660	1133	280	1413	<nil>
660	99	254	353	<nil>
660	103	270	373	<nil>
660	2619	256	2875	<nil>
660	135	270	405	<nil>
660	136	270	406	<nil>
660	2658	279	2937	<nil>
660	136	382	518	<nil>
660	5325	289	5614	<nil>
660	152	311	463	<nil>
660	174	289	463	<nil>
660	209	312	521	<nil>
660	180	341	521	<nil>
660	149	312	461	<nil>
660	151	312	463	<nil>
660	5952	312	6264	<nil>
660	1173	313	1486	<nil>
660	164	313	477	<nil>
660	195	282	477	<nil>
660	1208	279	1487	<nil>
660	158	314	472	<nil>
660	5682	310	5992	<nil>
660	3044	315	3359	<nil>
660	2734	315	3049	<nil>
660	80	369	449	<nil>
660	100	354	454	<nil>
660	861	0	861	rpc error: code = Unavailable desc = transport is closing
660	16770	378	17148	<nil>
660	1851	0	1851	rpc error: code = Unavailable desc = transport is closing
660	2915	0	2915	rpc error: code = Unavailable desc = transport is closing
660	1830	0	1830	rpc error: code = Unavailable desc = transport is closing
660	864	0	864	rpc error: code = Unavailable desc = transport is closing
660	867	0	867	rpc error: code = Unavailable desc = transport is closing
660	863	0	863	rpc error: code = Unavailable desc = transport is closing
660	851	0	851	rpc error: code = Unavailable desc = transport is closing
660	345	0	345	rpc error: code = Unavailable desc = transport is closing
660	853	0	853	rpc error: code = Unavailable desc = transport is closing
660	1401	0	1401	rpc error: code = Unavailable desc = transport is closing
660	853	0	853	rpc error: code = Unavailable desc = transport is closing
660	867	0	867	rpc error: code = Unavailable desc = transport is closing
660	5434	0	5434	rpc error: code = Unavailable desc = transport is closing
660	856	0	856	rpc error: code = Unavailable desc = transport is closing
660	345	0	345	rpc error: code = Unavailable desc = transport is closing
660	2789	325	3114	<nil>
660	865	0	865	rpc error: code = Unavailable desc = transport is closing
660	342	0	342	rpc error: code = Unavailable desc = transport is closing
660	16738	0	16738	rpc error: code = Unavailable desc = transport is closing
660	856	0	856	rpc error: code = Unavailable desc = transport is closing
660	2910	0	2910	rpc error: code = Unavailable desc = transport is closing
660	853	0	853	rpc error: code = Unavailable desc = transport is closing
660	1851	0	1851	rpc error: code = Unavailable desc = transport is closing
660	852	0	852	rpc error: code = Unavailable desc = transport is closing
660	853	0	853	rpc error: code = Unavailable desc = transport is closing
660	854	0	854	rpc error: code = Unavailable desc = transport is closing
660	852	0	852	rpc error: code = Unavailable desc = transport is closing
660	16739	0	16739	rpc error: code = Unavailable desc = transport is closing
660	344	0	344	rpc error: code = Unavailable desc = transport is closing
660	865	0	865	rpc error: code = Unavailable desc = transport is closing
660	1830	0	1830	rpc error: code = Unavailable desc = transport is closing
660	10748	0	10748	rpc error: code = Unavailable desc = transport is closing
660	853	0	853	rpc error: code = Unavailable desc = transport is closing
660	1851	0	1851	rpc error: code = Unavailable desc = transport is closing
660	10150	0	10150	rpc error: code = Unavailable desc = transport is closing
660	864	0	864	rpc error: code = Unavailable desc = transport is closing
660	1829	0	1829	rpc error: code = Unavailable desc = transport is closing
660	850	0	850	rpc error: code = Unavailable desc = transport is closing
660	851	0	851	rpc error: code = Unavailable desc = transport is closing
660	865	0	865	rpc error: code = Unavailable desc = transport is closing
660	849	0	849	rpc error: code = Unavailable desc = transport is closing
660	1496	0	1496	rpc error: code = Unavailable desc = transport is closing
660	1849	0	1849	rpc error: code = Unavailable desc = transport is closing
660	8410	0	8410	rpc error: code = Unavailable desc = transport is closing
660	855	0	855	rpc error: code = Unavailable desc = transport is closing
660	846	0	846	rpc error: code = Unavailable desc = transport is closing
660	1817	0	1817	rpc error: code = Unavailable desc = transport is closing
660	98	392	490	<nil>
660	10654	422	11076	<nil>
660	869	0	869	rpc error: code = Unavailable desc = transport is closing
660	858	0	858	rpc error: code = Unavailable desc = transport is closing
660	177	400	577	<nil>
660	116	707	823	<nil>
660	2766	603	3369	<nil>
660	3227	547	3774	<nil>
660	195	609	804	<nil>
660	252	535	787	<nil>
660	202	586	788	<nil>
660	3104	611	3715	<nil>
660	210	587	797	<nil>
660	248	547	795	<nil>
660	221	591	812	<nil>
660	5548	534	6082	<nil>
660	189	601	790	<nil>
660	847	0	847	rpc error: code = Unavailable desc = transport is closing
660	233	545	778	<nil>
660	269	524	793	<nil>
660	834	0	834	rpc error: code = Unavailable desc = transport is closing
660	834	0	834	rpc error: code = Unavailable desc = transport is closing
660	236	558	794	<nil>
660	251	0	251	rpc error: code = Unavailable desc = transport is closing
660	871	0	871	rpc error: code = Unavailable desc = transport is closing
660	253	548	801	<nil>
660	277	489	766	<nil>
660	235	557	792	<nil>
660	848	0	848	rpc error: code = Unavailable desc = transport is closing
660	822	0	822	rpc error: code = Unavailable desc = transport is closing
660	3196	596	3792	<nil>
660	821	0	821	rpc error: code = Unavailable desc = transport is closing
660	848	0	848	rpc error: code = Unavailable desc = transport is closing
660	827	0	827	rpc error: code = Unavailable desc = transport is closing
660	2718	522	3240	<nil>
660	227	0	227	rpc error: code = Unavailable desc = transport is closing
660	231	557	788	<nil>
660	848	0	848	rpc error: code = Unavailable desc = transport is closing
660	848	0	848	rpc error: code = Unavailable desc = transport is closing
660	262	532	794	<nil>
660	5943	523	6466	<nil>
660	218	532	750	<nil>
660	270	523	793	<nil>
660	285	489	774	<nil>
660	250	492	742	<nil>
660	226	525	751	<nil>
660	2977	490	3467	<nil>
660	201	601	802	<nil>
660	302	490	792	<nil>
660	2906	531	3437	<nil>
660	221	532	753	<nil>
660	9761	532	10293	<nil>
660	848	0	848	rpc error: code = Unavailable desc = transport is closing
660	221	532	753	<nil>
660	219	524	743	<nil>
660	248	532	780	<nil>
660	337	443	780	<nil>
660	233	560	793	<nil>
660	204	532	736	<nil>
660	204	491	695	<nil>
660	219	524	743	<nil>
660	289	490	779	<nil>
660	258	531	789	<nil>
660	253	554	807	<nil>
660	201	599	800	<nil>
660	1260	533	1793	<nil>
660	258	530	788	<nil>
660	235	558	793	<nil>
660	1268	522	1790	<nil>
660	303	489	792	<nil>
660	210	625	835	<nil>
660	10868	522	11390	<nil>
660	204	586	790	<nil>
660	207	603	810	<nil>
660	265	543	808	<nil>
660	265	551	816	<nil>
660	265	552	817	<nil>
660	269	549	818	<nil>
660	271	550	821	<nil>
660	17210	548	17758	<nil>
660	205	613	818	<nil>
660	254	553	807	<nil>
660	2957	549	3506	<nil>
660	1201	548	1749	<nil>
660	257	560	817	<nil>
660	264	557	821	<nil>
660	835	0	835	rpc error: code = Unavailable desc = transport is closing
660	816	0	816	rpc error: code = Unavailable desc = transport is closing
660	848	0	848	rpc error: code = Unavailable desc = transport is closing
660	847	0	847	rpc error: code = Unavailable desc = transport is closing
660	819	0	819	rpc error: code = Unavailable desc = transport is closing
660	848	0	848	rpc error: code = Unavailable desc = transport is closing
660	847	0	847	rpc error: code = Unavailable desc = transport is closing
660	851	0	851	rpc error: code = Unavailable desc = transport is closing
660	851	0	851	rpc error: code = Unavailable desc = transport is closing
660	848	0	848	rpc error: code = Unavailable desc = transport is closing
660	847	0	847	rpc error: code = Unavailable desc = transport is closing
660	256	529	785	<nil>
660	839	0	839	rpc error: code = Unavailable desc = transport is closing
660	251	547	798	<nil>
660	294	504	798	<nil>
660	31130	0	31130	rpc error: code = Unavailable desc = transport is closing
660	839	0	839	rpc error: code = Unavailable desc = transport is closing
660	841	0	841	rpc error: code = Unavailable desc = transport is closing
660	283	505	788	<nil>
660	842	0	842	rpc error: code = Unavailable desc = transport is closing
660	333	466	799	<nil>
660	861	0	861	rpc error: code = Unavailable desc = transport is closing
660	838	0	838	rpc error: code = Unavailable desc = transport is closing
660	816	0	816	rpc error: code = Unavailable desc = transport is closing
660	838	0	838	rpc error: code = Unavailable desc = transport is closing
660	292	506	798	<nil>
660	2662	505	3167	<nil>
660	66793	506	67299	<nil>
660	838	0	838	rpc error: code = Unavailable desc = transport is closing
660	838	0	838	rpc error: code = Unavailable desc = transport is closing
660	331	466	797	<nil>
660	258	546	804	<nil>
660	294	503	797	<nil>
660	2744	470	3214	<nil>
660	366	471	837	<nil>
660	3028	482	3510	<nil>
660	3566	482	4048	<nil>
660	854	0	854	rpc error: code = Unavailable desc = transport is closing
660	564	277	841	<nil>
660	543	278	821	<nil>
660	567	267	834	<nil>
660	561	263	824	<nil>
660	25809	0	25809	rpc error: code = Unavailable desc = transport is closing
660	27413	278	27691	<nil>
660	565	278	843	<nil>
660	565	286	851	<nil>
660	580	248	828	<nil>
660	572	266	838	<nil>
660	574	268	842	<nil>
660	567	280	847	<nil>
660	597	247	844	<nil>
660	582	246	828	<nil>
660	573	265	838	<nil>
660	566	283	849	<nil>
660	582	255	837	<nil>
660	590	255	845	<nil>
660	591	250	841	<nil>
660	579	254	833	<nil>
660	551	161	712	<nil>
660	9166	244	9410	<nil>
660	6089	279	6368	<nil>
660	3473	0	3473	rpc error: code = Unavailable desc = transport is closing
660	526	0	526	rpc error: code = Unavailable desc = transport is closing
660	542	0	542	rpc error: code = Unavailable desc = transport is closing
660	548	0	548	rpc error: code = Unavailable desc = transport is closing
660	3036	277	3313	<nil>
660	564	0	564	rpc error: code = Unavailable desc = transport is closing
660	552	0	552	rpc error: code = Unavailable desc = transport is closing
660	548	0	548	rpc error: code = Unavailable desc = transport is closing
660	16628	0	16628	rpc error: code = Unavailable desc = transport is closing
660	542	0	542	rpc error: code = Unavailable desc = transport is closing
660	567	0	567	rpc error: code = Unavailable desc = transport is closing
660	3198	0	3198	rpc error: code = Unavailable desc = transport is closing
660	541	0	541	rpc error: code = Unavailable desc = transport is closing
660	561	0	561	rpc error: code = Unavailable desc = transport is closing
660	545	0	545	rpc error: code = Unavailable desc = transport is closing
660	544	0	544	rpc error: code = Unavailable desc = transport is closing
660	567	278	845	<nil>
660	594	389	983	<nil>
660	560	0	560	rpc error: code = Unavailable desc = transport is closing
660	543	0	543	rpc error: code = Unavailable desc = transport is closing
660	567	0	567	rpc error: code = Unavailable desc = transport is closing
660	543	0	543	rpc error: code = Unavailable desc = transport is closing
660	470	280	750	<nil>
660	542	220	762	<nil>
660	542	0	542	rpc error: code = Unavailable desc = transport is closing
660	602	278	880	<nil>
660	542	0	542	rpc error: code = Unavailable desc = transport is closing
660	542	0	542	rpc error: code = Unavailable desc = transport is closing
660	541	0	541	rpc error: code = Unavailable desc = transport is closing
660	541	0	541	rpc error: code = Unavailable desc = transport is closing
660	547	0	547	rpc error: code = Unavailable desc = transport is closing
660	584	270	854	<nil>
660	576	285	861	<nil>
660	521	236	757	<nil>
660	608	275	883	<nil>
660	3035	277	3312	<nil>
660	440	319	759	<nil>
660	467	295	762	<nil>
660	552	0	552	rpc error: code = Unavailable desc = transport is closing
660	46591	293	46884	<nil>
660	559	0	559	rpc error: code = Unavailable desc = transport is closing
660	447	319	766	<nil>
660	460	281	741	<nil>
660	585	282	867	<nil>
660	582	284	866	<nil>
660	558	135	693	<nil>
660	535	148	683	<nil>
660	585	283	868	<nil>
660	74376	323	74699	<nil>
660	561	119	680	<nil>
660	483	299	782	<nil>
660	650	235	885	<nil>
660	10738	298	11036	<nil>
660	483	284	767	<nil>
660	3639	341	3980	<nil>
660	564	128	692	<nil>
660	571	121	692	<nil>
660	585	124	709	<nil>
660	578	117	695	<nil>
660	537	147	684	<nil>
660	577	124	701	<nil>
660	587	123	710	<nil>
660	9745	123	9868	<nil>
660	560	128	688	<nil>
660	543	0	543	rpc error: code = Unavailable desc = transport is closing
660	553	157	710	<nil>
660	575	124	699	<nil>
660	2460	98	2558	<nil>
660	501	98	599	<nil>
660	435	319	754	<nil>
660	5274	135	5409	<nil>
660	563	140	703	<nil>
660	564	136	700	<nil>
660	573	140	713	<nil>
660	599	269	868	<nil>
660	582	281	863	<nil>
660	584	281	865	<nil>
660	292	104	396	<nil>
660	286	105	391	<nil>
660	40801	103	40904	<nil>
660	578	280	858	<nil>
660	559	407	966	<nil>
660	602	376	978	<nil>
660	583	373	956	<nil>
660	609	358	967	<nil>
660	628	338	966	<nil>
660	608	376	984	<nil>
660	608	377	985	<nil>
660	657	328	985	<nil>
660	601	388	989	<nil>
660	620	394	1014	<nil>
660	3022	391	3413	<nil>
660	596	397	993	<nil>
660	597	407	1004	<nil>
660	600	409	1009	<nil>
660	646	363	1009	<nil>
660	556	452	1008	<nil>
660	470	425	895	<nil>
660	595	410	1005	<nil>
660	469	425	894	<nil>
660	469	427	896	<nil>
660	629	391	1020	<nil>
660	601	426	1027	<nil>
660	597	265	862	<nil>
660	397	350	747	<nil>
660	348	391	739	<nil>
660	377	363	740	<nil>
660	362	370	732	<nil>
660	386	357	743	<nil>
660	369	365	734	<nil>
660	373	360	733	<nil>
660	377	365	742	<nil>
660	422	321	743	<nil>
660	372	364	736	<nil>
660	423	344	767	<nil>
660	417	353	770	<nil>
660	424	352	776	<nil>
660	415	353	768	<nil>
660	1455	363	1818	<nil>
660	415	382	797	<nil>
660	445	362	807	<nil>
660	380	419	799	<nil>
660	371	425	796	<nil>
660	374	422	796	<nil>
660	369	427	796	<nil>
660	380	417	797	<nil>
660	383	418	801	<nil>
660	380	418	798	<nil>
660	374	428	802	<nil>
660	391	405	796	<nil>
660	374	422	796	<nil>
660	4824	422	5246	<nil>
660	382	418	800	<nil>
660	423	384	807	<nil>
660	419	397	816	<nil>
660	381	419	800	<nil>
660	385	419	804	<nil>
660	1354	431	1785	<nil>
660	382	419	801	<nil>
660	377	422	799	<nil>
660	375	429	804	<nil>
660	380	419	799	<nil>
660	449	352	801	<nil>
660	393	405	798	<nil>
660	393	410	803	<nil>
660	450	351	801	<nil>
660	448	352	800	<nil>
660	386	437	823	<nil>
660	380	438	818	<nil>
660	371	449	820	<nil>
660	393	430	823	<nil>
660	386	466	852	<nil>
660	612	261	873	<nil>
660	379	496	875	<nil>
660	634	271	905	<nil>
660	384	501	885	<nil>
660	329	399	728	<nil>
660	236	510	746	<nil>
660	342	400	742	<nil>
660	227	521	748	<nil>
660	223	519	742	<nil>
660	2908	470	3378	<nil>
660	429	293	722	<nil>
660	227	519	746	<nil>
660	204	454	658	<nil>
660	439	467	906	<nil>
660	429	173	602	<nil>
660	262	525	787	<nil>
660	356	371	727	<nil>
660	475	255	730	<nil>
660	448	455	903	<nil>
660	1448	175	1623	<nil>
660	1451	177	1628	<nil>
660	660	235	895	<nil>
660	1324	482	1806	<nil>
660	281	520	801	<nil>
660	1453	173	1626	<nil>
660	1324	489	1813	<nil>
660	277	512	789	<nil>
660	318	471	789	<nil>
660	40853	535	41388	<nil>
660	415	246	661	<nil>
660	1428	320	1748	<nil>
660	222	522	744	<nil>
660	1296	522	1818	<nil>
660	319	399	718	<nil>
660	398	323	721	<nil>
660	41101	269	41370	<nil>
660	383	171	554	<nil>
660	392	511	903	<nil>
660	230	517	747	<nil>
660	416	488	904	<nil>
660	262	523	785	<nil>
660	388	274	662	<nil>
660	454	299	753	<nil>
660	450	177	627	<nil>
660	3211	171	3382	<nil>
660	2991	244	3235	<nil>
660	440	282	722	<nil>
660	2886	298	3184	<nil>
660	426	298	724	<nil>
660	2978	180	3158	<nil>
660	29142	454	29596	<nil>
660	434	277	711	<nil>
660	317	381	698	<nil>
660	430	279	709	<nil>
660	1285	524	1809	<nil>
660	438	292	730	<nil>
660	10021	405	10426	<nil>
660	205	470	675	<nil>
660	426	294	720	<nil>
660	2888	299	3187	<nil>
660	248	483	731	<nil>
660	279	445	724	<nil>
660	1455	177	1632	<nil>
660	1455	214	1669	<nil>
660	2976	305	3281	<nil>
660	278	439	717	<nil>
660	639	335	974	<nil>
660	1438	203	1641	<nil>
660	1290	588	1878	<nil>
660	267	585	852	<nil>
660	1295	610	1905	<nil>
660	336	1099	1435	<nil>
660	440	829	1269	<nil>
660	432	819	1251	<nil>
660	381	1214	1595	<nil>
660	659	934	1593	<nil>
660	3236	825	4061	<nil>
660	432	1161	1593	<nil>
660	466	1135	1601	<nil>
660	629	968	1597	<nil>
660	276	1212	1488	<nil>
660	663	942	1605	<nil>
660	3273	789	4062	<nil>
660	1455	790	2245	<nil>
660	18469	789	19258	<nil>
660	440	790	1230	<nil>
660	611	0	611	rpc error: code = Unavailable desc = transport is closing
660	1259	0	1259	rpc error: code = Unavailable desc = transport is closing
660	607	0	607	rpc error: code = Unavailable desc = transport is closing
660	10393	765	11158	<nil>
660	5919	767	6686	<nil>
660	478	769	1247	<nil>
660	483	766	1249	<nil>
660	16967	773	17740	<nil>
660	541	761	1302	<nil>
660	533	768	1301	<nil>
660	595	737	1332	<nil>
660	1592	742	2334	<nil>
660	556	735	1291	<nil>
660	1669	729	2398	<nil>
660	550	0	550	rpc error: code = Unavailable desc = transport is closing
660	606	0	606	rpc error: code = Unavailable desc = transport is closing
660	10736	0	10736	rpc error: code = Unavailable desc = transport is closing
660	3528	0	3528	rpc error: code = Unavailable desc = transport is closing
660	3260	0	3260	rpc error: code = Unavailable desc = transport is closing
660	611	0	611	rpc error: code = Unavailable desc = transport is closing
660	613	0	613	rpc error: code = Unavailable desc = transport is closing
660	3247	0	3247	rpc error: code = Unavailable desc = transport is closing
660	1513	0	1513	rpc error: code = Unavailable desc = transport is closing
660	2881	732	3613	<nil>
660	2631	701	3332	<nil>
660	596	702	1298	<nil>
660	395	711	1106	<nil>
660	1517	724	2241	<nil>
660	3010	724	3734	<nil>
660	469	686	1155	<nil>
660	398	709	1107	<nil>
660	643	706	1349	<nil>
660	589	712	1301	<nil>
660	17576	736	18312	<nil>
660	10173	690	10863	<nil>
660	1666	735	2401	<nil>
660	617	683	1300	<nil>
660	511	723	1234	<nil>
660	3269	705	3974	<nil>
660	457	734	1191	<nil>
660	400	710	1110	<nil>
660	499	735	1234	<nil>
660	456	824	1280	<nil>
660	1520	723	2243	<nil>
660	443	713	1156	<nil>
660	1665	737	2402	<nil>
660	2999	735	3734	<nil>
660	6021	725	6746	<nil>
660	452	737	1189	<nil>
660	430	727	1157	<nil>
660	568	736	1304	<nil>
660	17172	737	17909	<nil>
660	1672	736	2408	<nil>
660	450	822	1272	<nil>
660	400	825	1225	<nil>
660	2147	211	2358	<nil>
660	1258	208	1466	<nil>
660	2307	222	2529	<nil>
660	18041	302	18343	<nil>
660	1945	304	2249	<nil>
660	6658	206	6864	<nil>
660	1257	209	1466	<nil>
660	3233	808	4041	<nil>
660	3299	174	3473	<nil>
660	617	803	1420	<nil>
660	5842	813	6655	<nil>
660	3096	941	4037	<nil>
660	408	818	1226	<nil>
660	1260	206	1466	<nil>
660	765	162	927	<nil>
660	822	193	1015	<nil>
660	404	824	1228	<nil>
660	2316	210	2526	<nil>
660	273	809	1082	<nil>
660	16545	66	16611	<nil>
660	480	803	1283	<nil>
660	418	806	1224	<nil>
660	507	846	1353	<nil>
660	1443	806	2249	<nil>
660	1182	207	1389	<nil>
660	472	803	1275	<nil>
660	3488	809	4297	<nil>
660	2318	210	2528	<nil>
660	3438	856	4294	<nil>
660	1534	830	2364	<nil>
660	594	824	1418	<nil>
660	1719	804	2523	<nil>
660	538	937	1475	<nil>
660	424	802	1226	<nil>
660	617	800	1417	<nil>
660	1529	826	2355	<nil>
660	1569	805	2374	<nil>
660	1258	210	1468	<nil>
660	234	813	1047	<nil>
660	812	208	1020	<nil>
660	818	201	1019	<nil>
660	1211	210	1421	<nil>
660	6062	806	6868	<nil>
660	1212	206	1418	<nil>
660	755	300	1055	<nil>
660	273	816	1089	<nil>
660	812	210	1022	<nil>
660	1128	302	1430	<nil>
660	1140	222	1362	<nil>
660	839	250	1089	<nil>
660	1196	235	1431	<nil>
660	819	204	1023	<nil>
660	2173	218	2391	<nil>
660	3257	205	3462	<nil>
660	989	303	1292	<nil>
660	2930	805	3735	<nil>
660	797	295	1092	<nil>
660	3039	857	3896	<nil>
660	933	304	1237	<nil>
660	3684	303	3987	<nil>
660	798	297	1095	<nil>
660	6536	303	6839	<nil>
660	984	303	1287	<nil>
660	3443	299	3742	<nil>
660	3659	205	3864	<nil>
660	2070	316	2386	<nil>
660	790	305	1095	<nil>
660	744	317	1061	<nil>
660	1261	218	1479	<nil>
660	6073	303	6376	<nil>
660	441	841	1282	<nil>
660	1216	219	1435	<nil>
660	3157	314	3471	<nil>
660	1550	836	2386	<nil>
660	1036	319	1355	<nil>
660	2057	305	2362	<nil>
660	1193	220	1413	<nil>
660	779	316	1095	<nil>
660	819	208	1027	<nil>
660	15643	938	16581	<nil>
660	5831	834	6665	<nil>
660	791	306	1097	<nil>
660	564	870	1434	<nil>
660	839	173	1012	<nil>
660	820	212	1032	<nil>
660	853	161	1014	<nil>
660	820	212	1032	<nil>
660	853	160	1013	<nil>
660	3239	804	4043	<nil>
660	810	226	1036	<nil>
660	853	162	1015	<nil>
660	18183	173	18356	<nil>
660	859	174	1033	<nil>
660	842	175	1017	<nil>
660	861	173	1034	<nil>
660	811	227	1038	<nil>
660	3554	199	3753	<nil>
660	839	197	1036	<nil>
660	812	226	1038	<nil>
660	857	162	1019	<nil>
660	3634	125	3759	<nil>
660	889	130	1019	<nil>
660	872	129	1001	<nil>
660	855	165	1020	<nil>
660	3346	130	3476	<nil>
660	766	162	928	<nil>
660	857	162	1019	<nil>
660	530	944	1474	<nil>
660	803	163	966	<nil>
660	876	125	1001	<nil>
660	838	48	886	<nil>
660	868	65	933	<nil>
660	840	48	888	<nil>
660	886	49	935	<nil>
660	246	810	1056	<nil>
660	1550	831	2381	<nil>
660	3699	66	3765	<nil>
660	839	48	887	<nil>
660	957	50	1007	<nil>
660	976	50	1026	<nil>
660	3443	51	3494	<nil>
660	840	50	890	<nil>
660	785	50	835	<nil>
660	976	51	1027	<nil>
660	839	50	889	<nil>
660	757	133	890	<nil>
660	6970	50	7020	<nil>
660	841	49	890	<nil>
660	839	152	991	<nil>
660	978	152	1130	<nil>
660	811	192	1003	<nil>
660	822	178	1000	<nil>
660	1820	174	1994	<nil>
660	849	179	1028	<nil>
660	856	177	1033	<nil>
660	829	174	1003	<nil>
660	835	180	1015	<nil>
660	854	174	1028	<nil>
660	840	216	1056	<nil>
660	843	276	1119	<nil>
660	9719	298	10017	<nil>
660	997	295	1292	<nil>
660	839	297	1136	<nil>
660	848	300	1148	<nil>
660	836	301	1137	<nil>
660	854	309	1163	<nil>
660	824	313	1137	<nil>
660	828	322	1150	<nil>
660	836	323	1159	<nil>
660	3471	321	3792	<nil>
660	3452	350	3802	<nil>
660	851	368	1219	<nil>
660	1817	346	2163	<nil>
660	841	412	1253	<nil>
660	844	392	1236	<nil>
660	823	412	1235	<nil>
660	849	386	1235	<nil>
660	9710	384	10094	<nil>
660	29549	393	29942	<nil>
660	823	400	1223	<nil>
660	823	413	1236	<nil>
660	1817	396	2213	<nil>
660	5795	433	6228	<nil>
660	841	413	1254	<nil>
660	838	399	1237	<nil>
660	9702	392	10094	<nil>
660	2879	437	3316	<nil>
660	1820	393	2213	<nil>
660	3449	401	3850	<nil>
660	3464	407	3871	<nil>
660	296	430	726	<nil>
660	854	416	1270	<nil>
660	1277	453	1730	<nil>
660	1274	434	1708	<nil>
660	844	440	1284	<nil>
660	1274	432	1706	<nil>
660	921	368	1289	<nil>
660	839	433	1272	<nil>
660	1012	435	1447	<nil>
660	851	435	1286	<nil>
660	993	435	1428	<nil>
660	819	393	1212	<nil>
660	848	438	1286	<nil>
660	1230	429	1659	<nil>
660	847	430	1277	<nil>
660	2849	438	3287	<nil>
660	836	437	1273	<nil>
660	3850	452	4302	<nil>
660	42266	453	42719	<nil>
660	830	393	1223	<nil>
660	196	453	649	<nil>
660	3477	456	3933	<nil>
660	152	447	599	<nil>
660	2868	454	3322	<nil>
660	200	453	653	<nil>
660	226	459	685	<nil>
660	221	455	676	<nil>
660	200	452	652	<nil>
660	170	445	615	<nil>
660	179	453	632	<nil>
660	222	459	681	<nil>
660	151	445	596	<nil>
660	4038	452	4490	<nil>
660	225	453	678	<nil>
660	5154	453	5607	<nil>
660	198	453	651	<nil>
660	223	455	678	<nil>
660	227	453	680	<nil>
660	170	445	615	<nil>
660	168	448	616	<nil>
660	2749	454	3203	<nil>
660	153	555	708	<nil>
660	151	581	732	<nil>
660	5654	597	6251	<nil>
660	152	600	752	<nil>
660	151	600	751	<nil>
660	155	596	751	<nil>
660	155	597	752	<nil>
660	154	597	751	<nil>
660	153	600	753	<nil>
660	152	600	752	<nil>
660	137	599	736	<nil>
660	134	603	737	<nil>
660	149	606	755	<nil>
660	9413	606	10019	<nil>
660	134	604	738	<nil>
660	131	604	735	<nil>
660	134	607	741	<nil>
660	137	1101	1238	<nil>
660	134	1115	1249	<nil>
660	2797	1081	3878	<nil>
660	133	1117	1250	<nil>
660	134	1117	1251	<nil>
660	135	1116	1251	<nil>
660	2882	1119	4001	<nil>
660	177	1068	1245	<nil>
660	2988	1118	4106	<nil>
660	175	1068	1243	<nil>
660	147	1117	1264	<nil>
660	161	1082	1243	<nil>
660	174	1069	1243	<nil>
660	2932	1069	4001	<nil>
660	188	1058	1246	<nil>
660	162	1086	1248	<nil>
660	2862	1002	3864	<nil>
660	161	1085	1246	<nil>
660	245	1001	1246	<nil>
660	504	0	504	rpc error: code = Unavailable desc = transport is closing
660	5293	0	5293	rpc error: code = Unavailable desc = transport is closing
660	507	674	1181	<nil>
660	549	0	549	rpc error: code = Unavailable desc = transport is closing
660	476	0	476	rpc error: code = Unavailable desc = transport is closing
660	3230	0	3230	rpc error: code = Unavailable desc = transport is closing
660	494	0	494	rpc error: code = Unavailable desc = transport is closing
660	529	0	529	rpc error: code = Unavailable desc = transport is closing
660	512	0	512	rpc error: code = Unavailable desc = transport is closing
660	6028	0	6028	rpc error: code = Unavailable desc = transport is closing
660	540	0	540	rpc error: code = Unavailable desc = transport is closing
660	532	0	532	rpc error: code = Unavailable desc = transport is closing
660	517	0	517	rpc error: code = Unavailable desc = transport is closing
660	551	0	551	rpc error: code = Unavailable desc = transport is closing
660	3236	0	3236	rpc error: code = Unavailable desc = transport is closing
660	493	0	493	rpc error: code = Unavailable desc = transport is closing
660	447	0	447	rpc error: code = Unavailable desc = transport is closing
660	533	0	533	rpc error: code = Unavailable desc = transport is closing
660	569	0	569	rpc error: code = Unavailable desc = transport is closing
660	439	0	439	rpc error: code = Unavailable desc = transport is closing
660	450	0	450	rpc error: code = Unavailable desc = transport is closing
660	496	0	496	rpc error: code = Unavailable desc = transport is closing
660	543	0	543	rpc error: code = Unavailable desc = transport is closing
660	18010	0	18010	rpc error: code = Unavailable desc = transport is closing
660	446	0	446	rpc error: code = Unavailable desc = transport is closing
660	492	0	492	rpc error: code = Unavailable desc = transport is closing
660	3207	0	3207	rpc error: code = Unavailable desc = transport is closing
660	519	0	519	rpc error: code = Unavailable desc = transport is closing
660	3241	0	3241	rpc error: code = Unavailable desc = transport is closing
660	545	0	545	rpc error: code = Unavailable desc = transport is closing
660	475	0	475	rpc error: code = Unavailable desc = transport is closing
660	421	689	1110	<nil>
660	438	661	1099	<nil>
660	5342	0	5342	rpc error: code = Unavailable desc = transport is closing
660	549	0	549	rpc error: code = Unavailable desc = transport is closing
660	555	738	1293	<nil>
660	5964	0	5964	rpc error: code = Unavailable desc = transport is closing
660	426	689	1115	<nil>
660	485	802	1287	<nil>
660	485	751	1236	<nil>
660	470	750	1220	<nil>
660	546	749	1295	<nil>
660	498	749	1247	<nil>
660	16156	750	16906	<nil>
660	474	749	1223	<nil>
660	498	750	1248	<nil>
660	497	750	1247	<nil>
660	552	0	552	rpc error: code = Unavailable desc = transport is closing
660	547	0	547	rpc error: code = Unavailable desc = transport is closing
660	597	0	597	rpc error: code = Unavailable desc = transport is closing
660	598	0	598	rpc error: code = Unavailable desc = transport is closing
660	599	0	599	rpc error: code = Unavailable desc = transport is closing
660	538	0	538	rpc error: code = Unavailable desc = transport is closing
660	603	0	603	rpc error: code = Unavailable desc = transport is closing
660	502	0	502	rpc error: code = Unavailable desc = transport is closing
660	501	0	501	rpc error: code = Unavailable desc = transport is closing
660	505	0	505	rpc error: code = Unavailable desc = transport is closing
660	503	0	503	rpc error: code = Unavailable desc = transport is closing
660	528	0	528	rpc error: code = Unavailable desc = transport is closing
660	504	0	504	rpc error: code = Unavailable desc = transport is closing
660	1493	0	1493	rpc error: code = Unavailable desc = transport is closing
660	531	0	531	rpc error: code = Unavailable desc = transport is closing
660	562	0	562	rpc error: code = Unavailable desc = transport is closing
660	561	0	561	rpc error: code = Unavailable desc = transport is closing
660	608	0	608	rpc error: code = Unavailable desc = transport is closing
660	5933	0	5933	rpc error: code = Unavailable desc = transport is closing
660	828	106	934	<nil>
660	837	105	942	<nil>
660	768	48	816	<nil>
660	270	27	297	<nil>
660	272	27	299	<nil>
660	3136	18	3154	<nil>
660	268	29	297	<nil>
660	235	20	255	<nil>
660	2655	22	2677	<nil>
660	235	18	253	<nil>
660	231	21	252	<nil>
660	269	31	300	<nil>
660	5466	18	5484	<nil>
660	235	18	253	<nil>
660	276	23	299	<nil>
660	236	18	254	<nil>
660	9889	41	9930	<nil>
660	232	21	253	<nil>
660	272	32	304	<nil>
660	235	19	254	<nil>
660	236	19	255	<nil>
660	233	20	253	<nil>
660	233	21	254	<nil>
660	231	26	257	<nil>
660	235	22	257	<nil>
660	235	22	257	<nil>
660	235	34	269	<nil>
660	236	64	300	<nil>
660	235	83	318	<nil>
660	236	81	317	<nil>
660	237	82	319	<nil>
660	112	78	190	<nil>
660	113	78	191	<nil>
660	182	8	190	<nil>
660	2668	80	2748	<nil>
660	5232	25	5257	<nil>
660	239	83	322	<nil>
660	182	12	194	<nil>
660	182	12	194	<nil>
660	129	44	173	<nil>
660	180	15	195	<nil>
660	163	25	188	<nil>
660	129	72	201	<nil>
660	128	73	201	<nil>
660	163	38	201	<nil>
660	127	84	211	<nil>
660	163	51	214	<nil>
660	145	69	214	<nil>
660	110	104	214	<nil>
660	110	87	197	<nil>
660	141	54	195	<nil>
660	143	53	196	<nil>
660	2707	88	2795	<nil>
660	161	56	217	<nil>
660	109	105	214	<nil>
660	2747	73	2820	<nil>
660	17089	77	17166	<nil>
660	2736	131	2867	<nil>
660	3047	139	3186	<nil>
660	9998	86	10084	<nil>
660	5813	86	5899	<nil>
660	43656	109	43765	<nil>
660	2840	64	2904	<nil>
660	123	68	191	<nil>
660	2847	66	2913	<nil>
660	106	70	176	<nil>
660	111	71	182	<nil>
660	121	76	197	<nil>
660	108	74	182	<nil>
660	108	74	182	<nil>
660	106	78	184	<nil>
660	103	79	182	<nil>
660	106	77	183	<nil>
660	108	79	187	<nil>
660	109	74	183	<nil>
660	108	75	183	<nil>
660	102	80	182	<nil>
660	108	75	183	<nil>
660	113	79	192	<nil>
660	108	85	193	<nil>
660	112	96	208	<nil>
660	103	118	221	<nil>
660	112	113	225	<nil>
660	1094	81	1175	<nil>
660	82	79	161	<nil>
660	2880	84	2964	<nil>
660	1091	97	1188	<nil>
660	1098	97	1195	<nil>
660	1096	98	1194	<nil>
660	2882	98	2980	<nil>
660	1094	98	1192	<nil>
660	82	100	182	<nil>
660	2827	98	2925	<nil>
660	1095	99	1194	<nil>
660	50	94	144	<nil>
660	62	75	137	<nil>
660	136	99	235	<nil>
660	1097	99	1196	<nil>
660	70	75	145	<nil>
660	83	99	182	<nil>
660	83	94	177	<nil>
660	2691	74	2765	<nil>
660	57	80	137	<nil>
660	2898	80	2978	<nil>
660	5359	87	5446	<nil>
660	2836	124	2960	<nil>
660	57	100	157	<nil>
660	62	128	190	<nil>
660	62	130	192	<nil>
660	17068	131	17199	<nil>
660	3264	131	3395	<nil>
660	1023	130	1153	<nil>
660	37	128	165	<nil>
660	2905	134	3039	<nil>
660	9928	129	10057	<nil>
660	35	85	120	<nil>
660	43	91	134	<nil>
660	2913	128	3041	<nil>
660	41	87	128	<nil>
660	2864	129	2993	<nil>
660	43	129	172	<nil>
660	1044	91	1135	<nil>
660	48	87	135	<nil>
660	5928	129	6057	<nil>
660	50	101	151	<nil>
660	51	101	152	<nil>
660	61	99	160	<nil>
660	2980	126	3106	<nil>
660	53	128	181	<nil>
660	52	131	183	<nil>
660	51	132	183	<nil>
660	52	131	183	<nil>
660	53	131	184	<nil>
660	73	88	161	<nil>
660	67	94	161	<nil>
660	22	140	162	<nil>
660	64	80	144	<nil>
660	52	143	195	<nil>
660	2975	140	3115	<nil>
660	2923	143	3066	<nil>
660	52	143	195	<nil>
660	109	84	193	<nil>
660	3023	92	3115	<nil>
660	3036	107	3143	<nil>
660	117	89	206	<nil>
660	3073	87	3160	<nil>
660	98	98	196	<nil>
660	3033	87	3120	<nil>
660	124	62	186	<nil>
660	122	77	199	<nil>
660	181	19	200	<nil>
660	122	74	196	<nil>
660	123	77	200	<nil>
660	124	78	202	<nil>
660	124	78	202	<nil>
660	123	80	203	<nil>
660	141	80	221	<nil>
660	80	80	160	<nil>
660	6118	82	6200	<nil>
660	123	82	205	<nil>
660	75	90	165	<nil>
660	123	93	216	<nil>
660	8690	93	8783	<nil>
660	166	50	216	<nil>
660	123	94	217	<nil>
660	4684	91	4775	<nil>
660	72	89	161	<nil>
660	26755	94	26849	<nil>
660	82	104	186	<nil>
660	120	74	194	<nil>
660	8694	125	8819	<nil>
660	76	160	236	<nil>
660	89	156	245	<nil>
660	5303	166	5469	<nil>
660	92	114	206	<nil>
660	124	114	238	<nil>
660	38	172	210	<nil>
660	5323	143	5466	<nil>
660	123	115	238	<nil>
660	97	114	211	<nil>
660	44	168	212	<nil>
660	96	122	218	<nil>
660	96	123	219	<nil>
660	101	130	231	<nil>
660	65	117	182	<nil>
660	73	131	204	<nil>
660	72	132	204	<nil>
660	99	137	236	<nil>
660	138	127	265	<nil>
660	144	110	254	<nil>
660	4908	163	5071	<nil>
660	156	113	269	<nil>
660	118	150	268	<nil>
660	49	153	202	<nil>
660	87	153	240	<nil>
660	91	150	241	<nil>
660	95	136	231	<nil>
660	5390	155	5545	<nil>
660	119	155	274	<nil>
660	2807	118	2925	<nil>
660	34	159	193	<nil>
660	88	97	185	<nil>
660	79	97	176	<nil>
660	71	108	179	<nil>
660	87	76	163	<nil>
660	66	121	187	<nil>
660	87	79	166	<nil>
660	79	88	167	<nil>
660	91	82	173	<nil>
660	79	90	169	<nil>
660	90	79	169	<nil>
660	89	80	169	<nil>
660	94	78	172	<nil>
660	90	81	171	<nil>
660	91	80	171	<nil>
660	88	82	170	<nil>
660	92	80	172	<nil>
660	108	33	141	<nil>
660	119	21	140	<nil>
660	48	82	130	<nil>
660	94	49	143	<nil>
660	113	30	143	<nil>
660	40334	31	40365	<nil>
660	114	30	144	<nil>
660	115	31	146	<nil>
660	134	31	165	<nil>
660	101	41	142	<nil>
660	64	24	88	<nil>
660	2920	24	2944	<nil>
660	5529	24	5553	<nil>
660	36	24	60	<nil>
660	2368	24	2392	<nil>
660	62	25	87	<nil>
660	10358	25	10383	<nil>
660	89	25	114	<nil>
660	55	23	78	<nil>
660	68	24	92	<nil>
660	25763	24	25787	<nil>
660	57	22	79	<nil>
660	64	24	88	<nil>
660	56	24	80	<nil>
660	6096	13	6109	<nil>
660	94	0	94	<nil>
660	551	18	569	<nil>
660	2945	19	2964	<nil>
660	5495	19	5514	<nil>
660	5600	19	5619	<nil>
660	2946	17	2963	<nil>
660	592	6	598	<nil>
660	564	5	569	<nil>
660	606	19	625	<nil>
660	586	19	605	<nil>
660	567	4	571	<nil>
660	573	4	577	<nil>
660	597	4	601	<nil>
660	566	12	578	<nil>
660	585	17	602	<nil>
660	594	6	600	<nil>
660	572	5	577	<nil>
660	624	5	629	<nil>
660	571	5	576	<nil>
660	2960	7	2967	<nil>
660	584	7	591	<nil>
660	568	7	575	<nil>
660	563	7	570	<nil>
660	564	20	584	<nil>
660	565	19	584	<nil>
660	2860	19	2879	<nil>
660	17437	20	17457	<nil>
660	594	20	614	<nil>
660	566	19	585	<nil>
660	570	21	591	<nil>
660	585	19	604	<nil>
660	576	18	594	<nil>
660	568	19	587	<nil>
660	575	20	595	<nil>
660	564	20	584	<nil>
660	566	20	586	<nil>
660	572	20	592	<nil>
660	621	21	642	<nil>
660	565	20	585	<nil>
660	581	21	602	<nil>
660	623	19	642	<nil>
660	564	22	586	<nil>
660	564	34	598	<nil>
660	575	44	619	<nil>
660	590	44	634	<nil>
660	570	87	657	<nil>
660	584	92	676	<nil>
660	565	94	659	<nil>
660	568	93	661	<nil>
660	1494	92	1586	<nil>
660	579	94	673	<nil>
660	583	94	677	<nil>
660	1059	91	1150	<nil>
660	574	94	668	<nil>
660	578	95	673	<nil>
660	574	95	669	<nil>
660	590	94	684	<nil>
660	82	31	113	<nil>
660	83	31	114	<nil>
660	86	30	116	<nil>
660	82	23	105	<nil>
660	81	36	117	<nil>
660	83	36	119	<nil>
660	83	36	119	<nil>
660	112	7	119	<nil>
660	115	7	122	<nil>
660	115	19	134	<nil>
660	108	10	118	<nil>
660	104	20	124	<nil>
660	5741	21	5762	<nil>
660	108	27	135	<nil>
660	119	26	145	<nil>
660	120	27	147	<nil>
660	116	31	147	<nil>
660	116	32	148	<nil>
660	108	28	136	<nil>
660	118	29	147	<nil>
660	96	26	122	<nil>
660	116	32	148	<nil>
660	118	36	154	<nil>
660	3010	37	3047	<nil>
660	105	36	141	<nil>
660	18358	36	18394	<nil>
660	106	37	143	<nil>
660	108	36	144	<nil>
660	3004	37	3041	<nil>
660	105	36	141	<nil>
660	80	36	116	<nil>
660	120	36	156	<nil>
660	104	54	158	<nil>
660	95	56	151	<nil>
660	81	60	141	<nil>
660	6260	96	6356	<nil>
660	5796	100	5896	<nil>
660	5744	100	5844	<nil>
660	86	110	196	<nil>
660	81	107	188	<nil>
660	94	114	208	<nil>
660	70	113	183	<nil>
660	79	115	194	<nil>
660	2726	86	2812	<nil>
660	62	90	152	<nil>
660	2913	85	2998	<nil>
660	9681	85	9766	<nil>
660	9834	80	9914	<nil>
660	91	111	202	<nil>
660	2722	110	2832	<nil>
660	28427	110	28537	<nil>
660	42	111	153	<nil>
660	95	48	143	<nil>
660	1116	46	1162	<nil>
660	2917	106	3023	<nil>
660	94	48	142	<nil>
660	95	49	144	<nil>
660	97	48	145	<nil>
660	97	49	146	<nil>
660	97	49	146	<nil>
660	98	47	145	<nil>
660	2975	53	3028	<nil>
660	97	52	149	<nil>
660	110	33	143	<nil>
660	1090	48	1138	<nil>
660	1092	49	1141	<nil>
660	93	58	151	<nil>
660	97	54	151	<nil>
660	5574	54	5628	<nil>
660	86	37	123	<nil>
660	60	35	95	<nil>
660	95	52	147	<nil>
660	59	37	96	<nil>
660	57	38	95	<nil>
660	74	37	111	<nil>
660	66	54	120	<nil>
660	79	53	132	<nil>
660	60	37	97	<nil>
660	76	38	114	<nil>
660	70	52	122	<nil>
660	58	38	96	<nil>
660	59	41	100	<nil>
660	59	42	101	<nil>
660	75	43	118	<nil>
660	95	43	138	<nil>
660	6913	45	6958	<nil>
660	57	47	104	<nil>
660	83	46	129	<nil>
660	59	49	108	<nil>
660	58	50	108	<nil>
660	1038	43	1081	<nil>
660	1035	44	1079	<nil>
660	27	21	48	<nil>
660	27	20	47	<nil>
660	40	21	61	<nil>
660	31	20	51	<nil>
660	40	21	61	<nil>
660	6944	21	6965	<nil>
660	26	23	49	<nil>
660	18	49	67	<nil>
660	29	21	50	<nil>
660	158	7	165	<nil>
660	144	15	159	<nil>
660	159	12	171	<nil>
660	155	15	170	<nil>
660	768	0	768	rpc error: code = Unavailable desc = transport is closing
660	157	15	172	<nil>
660	160	11	171	<nil>
660	158	19	177	<nil>
660	171	9	180	<nil>
660	179	4	183	<nil>
660	760	0	760	rpc error: code = Unavailable desc = transport is closing
660	762	0	762	rpc error: code = Unavailable desc = transport is closing
660	763	0	763	rpc error: code = Unavailable desc = transport is closing
660	160	13	173	<nil>
660	759	0	759	rpc error: code = Unavailable desc = transport is closing
660	759	0	759	rpc error: code = Unavailable desc = transport is closing
660	155	17	172	<nil>
660	203	17	220	<nil>
660	200	5	205	<nil>
660	151	8	159	<nil>
660	195	8	203	<nil>
660	236	0	236	rpc error: code = Unavailable desc = transport is closing
660	3030	8	3038	<nil>
660	3033	8	3041	<nil>
660	166	28	194	<nil>
660	2740	8	2748	<nil>
660	193	8	201	<nil>
660	195	6	201	<nil>
660	203	7	210	<nil>
660	205	0	205	<nil>
660	190	0	190	<nil>
660	194	8	202	<nil>
660	196	10	206	<nil>
660	181	5	186	<nil>
660	16909	8	16917	<nil>
660	183	8	191	<nil>
660	760	0	760	rpc error: code = Unavailable desc = transport is closing
660	193	5	198	<nil>
660	236	0	236	rpc error: code = Unavailable desc = transport is closing
660	234	0	234	rpc error: code = Unavailable desc = transport is closing
660	166	6	172	<nil>
660	185	8	193	<nil>
660	2767	6	2773	<nil>
660	201	5	206	<nil>
660	270	0	270	rpc error: code = Unavailable desc = transport is closing
660	79	6	85	<nil>
660	192	9	201	<nil>
660	270	0	270	rpc error: code = Unavailable desc = transport is closing
660	271	0	271	rpc error: code = Unavailable desc = transport is closing
660	175	10	185	<nil>
660	182	11	193	<nil>
660	189	9	198	<nil>
660	131	8	139	<nil>
660	184	6	190	<nil>
660	191	7	198	<nil>
660	168	17	185	<nil>
660	185	15	200	<nil>
660	5299	6	5305	<nil>
660	202	5	207	<nil>
660	4873	0	4873	rpc error: code = Unavailable desc = transport is closing
660	2708	0	2708	rpc error: code = Unavailable desc = transport is closing
660	197	6	203	<nil>
660	231	0	231	rpc error: code = Unavailable desc = transport is closing
660	188	8	196	<nil>
660	72261	9	72270	<nil>
660	199	9	208	<nil>
660	197	41	238	<nil>
660	1173	3	1176	<nil>
660	765	0	765	rpc error: code = Unavailable desc = transport is closing
660	269	0	269	rpc error: code = Unavailable desc = transport is closing
660	200	0	200	<nil>
660	235	0	235	rpc error: code = Unavailable desc = transport is closing
660	207	1	208	<nil>
660	3122	0	3122	rpc error: code = Unavailable desc = transport is closing
660	208	94	302	<nil>
660	270	0	270	rpc error: code = Unavailable desc = transport is closing
660	129	0	129	rpc error: code = Unavailable desc = transport is closing
660	772	0	772	rpc error: code = Unavailable desc = transport is closing
660	5714	0	5714	rpc error: code = Unavailable desc = transport is closing
660	255	0	255	rpc error: code = Unavailable desc = transport is closing
660	254	0	254	rpc error: code = Unavailable desc = transport is closing
660	774	0	774	rpc error: code = Unavailable desc = transport is closing
660	585	0	585	rpc error: code = Unavailable desc = transport is closing
660	777	0	777	rpc error: code = Unavailable desc = transport is closing
660	209	94	303	<nil>
660	276	0	276	rpc error: code = Unavailable desc = transport is closing
660	277	0	277	rpc error: code = Unavailable desc = transport is closing
660	181	0	181	rpc error: code = Unavailable desc = transport is closing
660	787	0	787	rpc error: code = Unavailable desc = transport is closing
660	819	0	819	rpc error: code = Unavailable desc = transport is closing
660	202	21	223	<nil>
660	191	38	229	<nil>
660	224	22	246	<nil>
660	206	24	230	<nil>
660	186	37	223	<nil>
660	202	23	225	<nil>
660	185	38	223	<nil>
660	207	20	227	<nil>
660	213	12	225	<nil>
660	234	15	249	<nil>
660	209	18	227	<nil>
660	237	15	252	<nil>
660	204	23	227	<nil>
660	216	9	225	<nil>
660	204	22	226	<nil>
660	212	12	224	<nil>
660	213	12	225	<nil>
660	1116	0	1116	rpc error: code = Unavailable desc = transport is closing
660	206	22	228	<nil>
660	185	37	222	<nil>
660	172	21	193	<nil>
660	209	16	225	<nil>
660	218	7	225	<nil>
660	213	15	228	<nil>
660	203	38	241	<nil>
660	218	7	225	<nil>
660	208	23	231	<nil>
660	204	22	226	<nil>
660	203	24	227	<nil>
660	186	36	222	<nil>
660	205	26	231	<nil>
660	201	29	230	<nil>
660	202	26	228	<nil>
660	240	26	266	<nil>
660	218	7	225	<nil>
660	189	23	212	<nil>
660	244	78	322	<nil>
660	48794	87	48881	<nil>
660	248	100	348	<nil>
660	242	100	342	<nil>
660	1065	0	1065	rpc error: code = Unavailable desc = transport is closing
660	768	0	768	rpc error: code = Unavailable desc = transport is closing
660	245	99	344	<nil>
660	3864	0	3864	rpc error: code = Unavailable desc = transport is closing
660	818	0	818	rpc error: code = Unavailable desc = transport is closing
660	269	75	344	<nil>
660	851	0	851	rpc error: code = Unavailable desc = transport is closing
660	1056	0	1056	rpc error: code = Unavailable desc = transport is closing
660	254	106	360	<nil>
660	291	63	354	<nil>
660	248	96	344	<nil>
660	4669	98	4767	<nil>
660	267	78	345	<nil>
660	249	96	345	<nil>
660	267	77	344	<nil>
660	249	96	345	<nil>
660	268	76	344	<nil>
660	267	78	345	<nil>
660	266	77	343	<nil>
660	255	99	354	<nil>
660	9689	0	9689	rpc error: code = Unavailable desc = transport is closing
660	766	0	766	rpc error: code = Unavailable desc = transport is closing
660	889	0	889	rpc error: code = Unavailable desc = transport is closing
660	852	0	852	rpc error: code = Unavailable desc = transport is closing
660	850	0	850	rpc error: code = Unavailable desc = transport is closing
660	830	0	830	rpc error: code = Unavailable desc = transport is closing
660	852	0	852	rpc error: code = Unavailable desc = transport is closing
660	832	0	832	rpc error: code = Unavailable desc = transport is closing
660	851	0	851	rpc error: code = Unavailable desc = transport is closing
660	895	0	895	rpc error: code = Unavailable desc = transport is closing
660	833	0	833	rpc error: code = Unavailable desc = transport is closing
660	1063	0	1063	rpc error: code = Unavailable desc = transport is closing
660	6146	0	6146	rpc error: code = Unavailable desc = transport is closing
660	831	0	831	rpc error: code = Unavailable desc = transport is closing
660	1064	0	1064	rpc error: code = Unavailable desc = transport is closing
660	832	0	832	rpc error: code = Unavailable desc = transport is closing
660	109	112	221	<nil>
660	824	0	824	rpc error: code = Unavailable desc = transport is closing
660	904	0	904	rpc error: code = Unavailable desc = transport is closing
660	828	0	828	rpc error: code = Unavailable desc = transport is closing
660	852	0	852	rpc error: code = Unavailable desc = transport is closing
660	107	107	214	<nil>
660	323	26	349	<nil>
660	323	27	350	<nil>
660	245	103	348	<nil>
660	812	0	812	rpc error: code = Unavailable desc = transport is closing
660	253	97	350	<nil>
660	255	103	358	<nil>
660	2882	102	2984	<nil>
660	266	83	349	<nil>
660	326	24	350	<nil>
660	247	103	350	<nil>
660	8682	104	8786	<nil>
660	155	83	238	<nil>
660	852	0	852	rpc error: code = Unavailable desc = transport is closing
660	246	105	351	<nil>
660	292	63	355	<nil>
660	247	104	351	<nil>
660	267	76	343	<nil>
660	266	95	361	<nil>
660	241	112	353	<nil>
660	2838	71	2909	<nil>
660	325	28	353	<nil>
660	4680	87	4767	<nil>
660	1065	0	1065	rpc error: code = Unavailable desc = transport is closing
660	252	112	364	<nil>
660	847	0	847	rpc error: code = Unavailable desc = transport is closing
660	259	107	366	<nil>
660	145	77	222	<nil>
660	1064	0	1064	rpc error: code = Unavailable desc = transport is closing
660	281	67	348	<nil>
660	274	75	349	<nil>
660	847	0	847	rpc error: code = Unavailable desc = transport is closing
660	82	128	210	<nil>
660	87	158	245	<nil>
660	100	242	342	<nil>
660	851	0	851	rpc error: code = Unavailable desc = transport is closing
660	848	0	848	rpc error: code = Unavailable desc = transport is closing
660	107	721	828	<nil>
660	5115	669	5784	<nil>
660	850	0	850	rpc error: code = Unavailable desc = transport is closing
660	110	670	780	<nil>
660	132	654	786	<nil>
660	3003	645	3648	<nil>
660	95	745	840	<nil>
660	113	655	768	<nil>
660	129	668	797	<nil>
660	111	685	796	<nil>
660	268	747	1015	<nil>
660	114	653	767	<nil>
660	17493	761	18254	<nil>
660	140	707	847	<nil>
660	129	655	784	<nil>
660	132	638	770	<nil>
660	113	657	770	<nil>
660	117	651	768	<nil>
660	149	657	806	<nil>
660	4816	658	5474	<nil>
660	1143	0	1143	rpc error: code = Unavailable desc = transport is closing
660	1091	0	1091	rpc error: code = Unavailable desc = transport is closing
660	236	0	236	rpc error: code = Unavailable desc = transport is closing
660	139	668	807	<nil>
660	3360	0	3360	rpc error: code = Unavailable desc = transport is closing
660	235	0	235	rpc error: code = Unavailable desc = transport is closing
660	234	0	234	rpc error: code = Unavailable desc = transport is closing
660	893	0	893	rpc error: code = Unavailable desc = transport is closing
660	770	0	770	rpc error: code = Unavailable desc = transport is closing
660	235	0	235	rpc error: code = Unavailable desc = transport is closing
660	237	0	237	rpc error: code = Unavailable desc = transport is closing
660	229	588	817	<nil>
660	234	0	234	rpc error: code = Unavailable desc = transport is closing
660	235	0	235	rpc error: code = Unavailable desc = transport is closing
660	4918	564	5482	<nil>
660	773	0	773	rpc error: code = Unavailable desc = transport is closing
660	171	634	805	<nil>
660	783	0	783	rpc error: code = Unavailable desc = transport is closing
660	236	0	236	rpc error: code = Unavailable desc = transport is closing
660	6511	0	6511	rpc error: code = Unavailable desc = transport is closing
660	1156	0	1156	rpc error: code = Unavailable desc = transport is closing
660	1088	0	1088	rpc error: code = Unavailable desc = transport is closing
660	1072	0	1072	rpc error: code = Unavailable desc = transport is closing
660	784	0	784	rpc error: code = Unavailable desc = transport is closing
660	784	0	784	rpc error: code = Unavailable desc = transport is closing
660	739	0	739	rpc error: code = Unavailable desc = transport is closing
660	150	666	816	<nil>
660	170	543	713	<nil>
660	773	0	773	rpc error: code = Unavailable desc = transport is closing
660	132	676	808	<nil>
660	252	563	815	<nil>
660	180	635	815	<nil>
660	138	675	813	<nil>
660	752	0	752	rpc error: code = Unavailable desc = transport is closing
660	150	667	817	<nil>
660	769	0	769	rpc error: code = Unavailable desc = transport is closing
660	117	612	729	<nil>
660	235	0	235	rpc error: code = Unavailable desc = transport is closing
660	3373	0	3373	rpc error: code = Unavailable desc = transport is closing
660	227	588	815	<nil>
660	8916	546	9462	<nil>
660	1108	0	1108	rpc error: code = Unavailable desc = transport is closing
660	139	666	805	<nil>
660	152	665	817	<nil>
660	867	0	867	rpc error: code = Unavailable desc = transport is closing
660	1160	0	1160	rpc error: code = Unavailable desc = transport is closing
660	1106	0	1106	rpc error: code = Unavailable desc = transport is closing
660	773	0	773	rpc error: code = Unavailable desc = transport is closing
660	236	0	236	rpc error: code = Unavailable desc = transport is closing
660	236	0	236	rpc error: code = Unavailable desc = transport is closing
660	159	668	827	<nil>
660	258	554	812	<nil>
660	139	677	816	<nil>
660	131	677	808	<nil>
660	802	0	802	rpc error: code = Unavailable desc = transport is closing
660	1086	0	1086	rpc error: code = Unavailable desc = transport is closing
660	139	677	816	<nil>
660	1130	0	1130	rpc error: code = Unavailable desc = transport is closing
660	845	0	845	rpc error: code = Unavailable desc = transport is closing
660	867	0	867	rpc error: code = Unavailable desc = transport is closing
660	149	667	816	<nil>
660	4761	668	5429	<nil>
660	2035	0	2035	rpc error: code = Unavailable desc = transport is closing
660	1085	0	1085	rpc error: code = Unavailable desc = transport is closing
660	979	0	979	rpc error: code = Unavailable desc = transport is closing
660	1085	0	1085	rpc error: code = Unavailable desc = transport is closing
660	1086	0	1086	rpc error: code = Unavailable desc = transport is closing
660	860	0	860	rpc error: code = Unavailable desc = transport is closing
660	1160	0	1160	rpc error: code = Unavailable desc = transport is closing
660	131	676	807	<nil>
660	6678	0	6678	rpc error: code = Unavailable desc = transport is closing
660	1095	0	1095	rpc error: code = Unavailable desc = transport is closing
660	1084	0	1084	rpc error: code = Unavailable desc = transport is closing
660	884	0	884	rpc error: code = Unavailable desc = transport is closing
660	883	0	883	rpc error: code = Unavailable desc = transport is closing
660	131	677	808	<nil>
660	1087	0	1087	rpc error: code = Unavailable desc = transport is closing
660	142	677	819	<nil>
660	142	677	819	<nil>
660	861	0	861	rpc error: code = Unavailable desc = transport is closing
660	983	0	983	rpc error: code = Unavailable desc = transport is closing
660	663	203	866	<nil>
660	9967	0	9967	rpc error: code = Unavailable desc = transport is closing
660	666	202	868	<nil>
660	2045	0	2045	rpc error: code = Unavailable desc = transport is closing
660	1116	0	1116	rpc error: code = Unavailable desc = transport is closing
660	2043	0	2043	rpc error: code = Unavailable desc = transport is closing
660	1062	0	1062	rpc error: code = Unavailable desc = transport is closing
660	670	202	872	<nil>
660	859	0	859	rpc error: code = Unavailable desc = transport is closing
660	1111	0	1111	rpc error: code = Unavailable desc = transport is closing
660	1096	0	1096	rpc error: code = Unavailable desc = transport is closing
660	3387	0	3387	rpc error: code = Unavailable desc = transport is closing
660	982	0	982	rpc error: code = Unavailable desc = transport is closing
660	977	0	977	rpc error: code = Unavailable desc = transport is closing
660	935	0	935	rpc error: code = Unavailable desc = transport is closing
660	1038	0	1038	rpc error: code = Unavailable desc = transport is closing
660	676	193	869	<nil>
660	983	0	983	rpc error: code = Unavailable desc = transport is closing
660	997	0	997	rpc error: code = Unavailable desc = transport is closing
660	867	0	867	rpc error: code = Unavailable desc = transport is closing
660	675	194	869	<nil>
660	3396	0	3396	rpc error: code = Unavailable desc = transport is closing
660	688	224	912	<nil>
660	688	225	913	<nil>
660	695	226	921	<nil>
660	695	220	915	<nil>
660	699	225	924	<nil>
660	694	221	915	<nil>
660	5471	220	5691	<nil>
660	687	226	913	<nil>
660	982	0	982	rpc error: code = Unavailable desc = transport is closing
660	978	0	978	rpc error: code = Unavailable desc = transport is closing
660	767	0	767	rpc error: code = Unavailable desc = transport is closing
660	976	0	976	rpc error: code = Unavailable desc = transport is closing
660	978	0	978	rpc error: code = Unavailable desc = transport is closing
660	10571	0	10571	rpc error: code = Unavailable desc = transport is closing
660	989	0	989	rpc error: code = Unavailable desc = transport is closing
660	1078	0	1078	rpc error: code = Unavailable desc = transport is closing
660	951	0	951	rpc error: code = Unavailable desc = transport is closing
660	759	0	759	rpc error: code = Unavailable desc = transport is closing
660	767	0	767	rpc error: code = Unavailable desc = transport is closing
660	3348	0	3348	rpc error: code = Unavailable desc = transport is closing
660	694	222	916	<nil>
660	982	0	982	rpc error: code = Unavailable desc = transport is closing
660	10717	0	10717	rpc error: code = Unavailable desc = transport is closing
660	848	0	848	rpc error: code = Unavailable desc = transport is closing
660	983	0	983	rpc error: code = Unavailable desc = transport is closing
660	3898	0	3898	rpc error: code = Unavailable desc = transport is closing
660	850	0	850	rpc error: code = Unavailable desc = transport is closing
660	1073	0	1073	rpc error: code = Unavailable desc = transport is closing
660	980	0	980	rpc error: code = Unavailable desc = transport is closing
660	1074	0	1074	rpc error: code = Unavailable desc = transport is closing
660	3558	0	3558	rpc error: code = Unavailable desc = transport is closing
660	853	0	853	rpc error: code = Unavailable desc = transport is closing
660	850	0	850	rpc error: code = Unavailable desc = transport is closing
660	845	0	845	rpc error: code = Unavailable desc = transport is closing
660	694	223	917	<nil>
660	697	223	920	<nil>
660	695	306	1001	<nil>
660	695	310	1005	<nil>
660	672	309	981	<nil>
660	695	313	1008	<nil>
660	694	312	1006	<nil>
660	696	312	1008	<nil>
660	696	311	1007	<nil>
660	696	311	1007	<nil>
660	809	197	1006	<nil>
660	696	311	1007	<nil>
660	696	310	1006	<nil>
660	696	311	1007	<nil>
660	696	311	1007	<nil>
660	696	311	1007	<nil>
660	694	312	1006	<nil>
660	697	311	1008	<nil>
660	696	310	1006	<nil>
660	696	311	1007	<nil>
660	809	198	1007	<nil>
660	979	0	979	rpc error: code = Unavailable desc = transport is closing
660	1074	0	1074	rpc error: code = Unavailable desc = transport is closing
660	819	190	1009	<nil>
660	830	0	830	rpc error: code = Unavailable desc = transport is closing
660	831	0	831	rpc error: code = Unavailable desc = transport is closing
660	777	198	975	<nil>
660	777	198	975	<nil>
660	1039	0	1039	rpc error: code = Unavailable desc = transport is closing
660	778	197	975	<nil>
660	816	198	1014	<nil>
660	797	185	982	<nil>
660	949	0	949	rpc error: code = Unavailable desc = transport is closing
660	984	0	984	rpc error: code = Unavailable desc = transport is closing
660	6806	0	6806	rpc error: code = Unavailable desc = transport is closing
660	754	196	950	<nil>
660	784	196	980	<nil>
660	804	208	1012	<nil>
660	809	203	1012	<nil>
660	778	203	981	<nil>
660	819	196	1015	<nil>
660	739	164	903	<nil>
660	6370	204	6574	<nil>
660	5626	164	5790	<nil>
660	804	193	997	<nil>
660	784	198	982	<nil>
660	849	165	1014	<nil>
660	978	0	978	rpc error: code = Unavailable desc = transport is closing
660	843	170	1013	<nil>
660	783	198	981	<nil>
660	852	164	1016	<nil>
660	5619	174	5793	<nil>
660	848	165	1013	<nil>
660	696	311	1007	<nil>
660	979	0	979	rpc error: code = Unavailable desc = transport is closing
660	783	198	981	<nil>
660	1057	0	1057	rpc error: code = Unavailable desc = transport is closing
660	812	207	1019	<nil>
660	787	207	994	<nil>
660	817	167	984	<nil>
660	809	207	1016	<nil>
660	818	201	1019	<nil>
660	6040	182	6222	<nil>
660	816	200	1016	<nil>
660	5437	189	5626	<nil>
660	851	169	1020	<nil>
660	922	0	922	rpc error: code = Unavailable desc = transport is closing
660	850	188	1038	<nil>
660	817	197	1014	<nil>
660	963	0	963	rpc error: code = Unavailable desc = transport is closing
660	10887	0	10887	rpc error: code = Unavailable desc = transport is closing
660	950	0	950	rpc error: code = Unavailable desc = transport is closing
660	783	201	984	<nil>
660	847	202	1049	<nil>
660	46277	204	46481	<nil>
660	950	0	950	rpc error: code = Unavailable desc = transport is closing
660	205	211	416	<nil>
660	950	0	950	rpc error: code = Unavailable desc = transport is closing
660	921	0	921	rpc error: code = Unavailable desc = transport is closing
660	952	0	952	rpc error: code = Unavailable desc = transport is closing
660	2900	270	3170	<nil>
660	9711	274	9985	<nil>
660	211	270	481	<nil>
660	979	0	979	rpc error: code = Unavailable desc = transport is closing
660	850	285	1135	<nil>
660	849	287	1136	<nil>
660	206	283	489	<nil>
660	238	290	528	<nil>
660	2693	290	2983	<nil>
660	242	293	535	<nil>
660	239	289	528	<nil>
660	238	290	528	<nil>
660	235	300	535	<nil>
660	241	290	531	<nil>
660	1067	0	1067	rpc error: code = Unavailable desc = transport is closing
660	241	297	538	<nil>
660	238	293	531	<nil>
660	2758	296	3054	<nil>
660	1056	0	1056	rpc error: code = Unavailable desc = transport is closing
660	242	290	532	<nil>
660	948	0	948	rpc error: code = Unavailable desc = transport is closing
660	1068	0	1068	rpc error: code = Unavailable desc = transport is closing
660	240	296	536	<nil>
660	1082	0	1082	rpc error: code = Unavailable desc = transport is closing
660	247	295	542	<nil>
660	244	296	540	<nil>
660	248	295	543	<nil>
660	1082	0	1082	rpc error: code = Unavailable desc = transport is closing
660	3219	288	3507	<nil>
660	5642	287	5929	<nil>
660	1061	0	1061	rpc error: code = Unavailable desc = transport is closing
660	5693	295	5988	<nil>
660	222	295	517	<nil>
660	252	264	516	<nil>
660	250	329	579	<nil>
660	306	280	586	<nil>
660	298	0	298	rpc error: code = Unavailable desc = transport is closing
660	291	287	578	<nil>
660	298	0	298	rpc error: code = Unavailable desc = transport is closing
660	306	281	587	<nil>
660	290	0	290	rpc error: code = Unavailable desc = transport is closing
660	2634	0	2634	rpc error: code = Unavailable desc = transport is closing
660	289	0	289	rpc error: code = Unavailable desc = transport is closing
660	290	0	290	rpc error: code = Unavailable desc = transport is closing
660	299	0	299	rpc error: code = Unavailable desc = transport is closing
660	304	281	585	<nil>
660	273	306	579	<nil>
660	3100	282	3382	<nil>
660	305	281	586	<nil>
660	300	285	585	<nil>
660	302	285	587	<nil>
660	2905	281	3186	<nil>
660	305	281	586	<nil>
660	338	292	630	<nil>
660	8409	280	8689	<nil>
660	351	279	630	<nil>
660	352	277	629	<nil>
660	345	278	623	<nil>
660	352	279	631	<nil>
660	352	279	631	<nil>
660	353	279	632	<nil>
660	3101	254	3355	<nil>
660	363	269	632	<nil>
660	380	253	633	<nil>
660	363	283	646	<nil>
660	418	237	655	<nil>
660	369	280	649	<nil>
660	5909	234	6143	<nil>
660	420	238	658	<nil>
660	390	265	655	<nil>
660	434	221	655	<nil>
660	5849	239	6088	<nil>
660	2810	183	2993	<nil>
660	26522	276	26798	<nil>
660	3113	222	3335	<nil>
660	444	212	656	<nil>
660	322	278	600	<nil>
660	366	234	600	<nil>
660	2760	233	2993	<nil>
660	322	183	505	<nil>
660	321	183	504	<nil>
660	410	246	656	<nil>
660	3125	277	3402	<nil>
660	378	277	655	<nil>
660	373	275	648	<nil>
660	323	277	600	<nil>
660	324	278	602	<nil>
660	434	223	657	<nil>
660	428	226	654	<nil>
660	434	221	655	<nil>
660	467	189	656	<nil>
660	412	237	649	<nil>
660	356	292	648	<nil>
660	420	237	657	<nil>
660	368	279	647	<nil>
660	377	279	656	<nil>
660	5856	278	6134	<nil>
660	321	183	504	<nil>
660	9636	293	9929	<nil>
660	364	292	656	<nil>
660	428	227	655	<nil>
660	5858	278	6136	<nil>
660	3043	292	3335	<nil>
660	391	264	655	<nil>
660	378	278	656	<nil>
660	356	292	648	<nil>
660	356	292	648	<nil>
660	3161	193	3354	<nil>
660	346	274	620	<nil>
660	381	275	656	<nil>
660	422	233	655	<nil>
660	390	266	656	<nil>
660	1290	277	1567	<nil>
660	335	264	599	<nil>
660	417	238	655	<nil>
660	379	275	654	<nil>
660	393	265	658	<nil>
660	320	183	503	<nil>
660	1354	0	1354	rpc error: code = Unavailable desc = transport is closing
660	5956	0	5956	rpc error: code = Unavailable desc = transport is closing
660	324	0	324	rpc error: code = Unavailable desc = transport is closing
660	2812	0	2812	rpc error: code = Unavailable desc = transport is closing
660	323	0	323	rpc error: code = Unavailable desc = transport is closing
660	2813	0	2813	rpc error: code = Unavailable desc = transport is closing
660	324	0	324	rpc error: code = Unavailable desc = transport is closing
660	323	0	323	rpc error: code = Unavailable desc = transport is closing
660	324	0	324	rpc error: code = Unavailable desc = transport is closing
660	5914	293	6207	<nil>
660	331	293	624	<nil>
660	329	293	622	<nil>
660	332	293	625	<nil>
660	334	291	625	<nil>
660	343	282	625	<nil>
660	332	293	625	<nil>
660	316	282	598	<nil>
660	298	292	590	<nil>
660	297	293	590	<nil>
660	299	292	591	<nil>
660	297	293	590	<nil>
660	3318	293	3611	<nil>
660	300	292	592	<nil>
660	25586	291	25877	<nil>
660	299	291	590	<nil>
660	302	289	591	<nil>
660	302	289	591	<nil>
660	306	287	593	<nil>
660	342	294	636	<nil>
660	336	291	627	<nil>
660	6018	290	6308	<nil>
660	360	290	650	<nil>
660	372	291	663	<nil>
660	360	291	651	<nil>
660	6067	290	6357	<nil>
660	371	291	662	<nil>
660	8831	290	9121	<nil>
660	360	291	651	<nil>
660	361	291	652	<nil>
660	6499	286	6785	<nil>
660	2715	294	3009	<nil>
660	17310	292	17602	<nil>
660	361	292	653	<nil>
660	377	286	663	<nil>
660	358	291	649	<nil>
660	326	251	577	<nil>
660	2754	250	3004	<nil>
660	327	258	585	<nil>
660	314	259	573	<nil>
660	317	452	769	<nil>
660	1333	453	1786	<nil>
660	46749	453	47202	<nil>
660	333	454	787	<nil>
660	326	455	781	<nil>
660	1333	455	1788	<nil>
660	5690	455	6145	<nil>
660	1333	455	1788	<nil>
660	313	443	756	<nil>
660	1356	445	1801	<nil>
660	3661	446	4107	<nil>
660	318	446	764	<nil>
660	3226	446	3672	<nil>
660	351	446	797	<nil>
660	313	446	759	<nil>
660	1355	446	1801	<nil>
660	1355	446	1801	<nil>
660	349	445	794	<nil>
660	349	446	795	<nil>
660	3333	468	3801	<nil>
660	314	468	782	<nil>
660	314	468	782	<nil>
660	341	468	809	<nil>
660	1387	439	1826	<nil>
660	317	470	787	<nil>
660	313	468	781	<nil>
660	373	438	811	<nil>
660	345	438	783	<nil>
660	365	446	811	<nil>
660	366	445	811	<nil>
660	373	439	812	<nil>
660	341	470	811	<nil>
660	290	470	760	<nil>
660	373	438	811	<nil>
660	328	454	782	<nil>
660	314	470	784	<nil>
660	372	439	811	<nil>
660	341	470	811	<nil>
660	332	443	775	<nil>
660	316	471	787	<nil>
660	348	437	785	<nil>
660	314	468	782	<nil>
660	314	471	785	<nil>
660	8617	456	9073	<nil>
660	6594	446	7040	<nil>
660	372	447	819	<nil>
660	8948	456	9404	<nil>
660	331	452	783	<nil>
660	374	447	821	<nil>
660	373	447	820	<nil>
660	335	448	783	<nil>
660	336	463	799	<nil>
660	321	465	786	<nil>
660	372	465	837	<nil>
660	332	479	811	<nil>
660	348	484	832	<nil>
660	2809	576	3385	<nil>
660	338	567	905	<nil>
660	374	567	941	<nil>
660	250	569	819	<nil>
660	264	567	831	<nil>
660	265	568	833	<nil>
660	373	570	943	<nil>
660	333	570	903	<nil>
660	372	571	943	<nil>
660	409	535	944	<nil>
660	332	572	904	<nil>
660	335	572	907	<nil>
660	346	572	918	<nil>
660	374	570	944	<nil>
660	337	573	910	<nil>
660	333	570	903	<nil>
660	321	573	894	<nil>
660	337	570	907	<nil>
660	372	574	946	<nil>
660	335	470	805	<nil>
660	305	486	791	<nil>
660	1333	471	1804	<nil>
660	331	486	817	<nil>
660	421	487	908	<nil>
660	393	487	880	<nil>
660	366	514	880	<nil>
660	360	0	360	rpc error: code = Unavailable desc = transport is closing
660	361	0	361	rpc error: code = Unavailable desc = transport is closing
660	9044	512	9556	<nil>
660	314	516	830	<nil>
660	313	538	851	<nil>
660	312	538	850	<nil>
660	355	0	355	rpc error: code = Unavailable desc = transport is closing
660	364	499	863	<nil>
660	364	500	864	<nil>
660	15592	0	15592	rpc error: code = Unavailable desc = transport is closing
660	374	494	868	<nil>
660	368	503	871	<nil>
660	358	499	857	<nil>
660	362	508	870	<nil>
660	372	497	869	<nil>
660	374	496	870	<nil>
660	367	507	874	<nil>
660	2996	495	3491	<nil>
660	366	501	867	<nil>
660	367	504	871	<nil>
660	339	516	855	<nil>
660	354	501	855	<nil>
660	375	507	882	<nil>
660	373	496	869	<nil>
660	368	501	869	<nil>
660	324	0	324	rpc error: code = Unavailable desc = transport is closing
660	5382	0	5382	rpc error: code = Unavailable desc = transport is closing
660	338	0	338	rpc error: code = Unavailable desc = transport is closing
660	341	0	341	rpc error: code = Unavailable desc = transport is closing
660	350	0	350	rpc error: code = Unavailable desc = transport is closing
660	350	0	350	rpc error: code = Unavailable desc = transport is closing
660	310	0	310	rpc error: code = Unavailable desc = transport is closing
660	338	0	338	rpc error: code = Unavailable desc = transport is closing
660	298	552	850	<nil>
660	340	515	855	<nil>
660	341	515	856	<nil>
660	5034	507	5541	<nil>
660	339	515	854	<nil>
660	344	510	854	<nil>
660	359	0	359	rpc error: code = Unavailable desc = transport is closing
660	356	0	356	rpc error: code = Unavailable desc = transport is closing
660	6418	0	6418	rpc error: code = Unavailable desc = transport is closing
660	5361	506	5867	<nil>
660	309	506	815	<nil>
660	367	0	367	rpc error: code = Unavailable desc = transport is closing
660	345	511	856	<nil>
660	347	511	858	<nil>
660	350	511	861	<nil>
660	345	0	345	rpc error: code = Unavailable desc = transport is closing
660	350	510	860	<nil>
660	349	510	859	<nil>
660	347	512	859	<nil>
660	350	510	860	<nil>
660	311	508	819	<nil>
660	3073	510	3583	<nil>
660	25389	509	25898	<nil>
660	310	543	853	<nil>
660	308	544	852	<nil>
660	431	401	832	<nil>
660	452	0	452	rpc error: code = Unavailable desc = transport is closing
660	439	0	439	rpc error: code = Unavailable desc = transport is closing
660	5314	545	5859	<nil>
660	487	0	487	rpc error: code = Unavailable desc = transport is closing
660	309	544	853	<nil>
680	365	0	365	rpc error: code = Unavailable desc = transport is closing
680	369	0	369	rpc error: code = Unavailable desc = transport is closing
680	366	0	366	rpc error: code = Unavailable desc = transport is closing
680	474	0	474	rpc error: code = Unavailable desc = transport is closing
680	528	0	528	rpc error: code = Unavailable desc = transport is closing
680	3229	412	3641	<nil>
680	452	412	864	<nil>
680	452	413	865	<nil>
680	5217	413	5630	<nil>
680	3231	413	3644	<nil>
680	451	412	863	<nil>
680	461	401	862	<nil>
680	459	407	866	<nil>
680	47668	407	48075	<nil>
680	455	426	881	<nil>
680	465	432	897	<nil>
680	503	396	899	<nil>
680	450	447	897	<nil>
680	496	400	896	<nil>
680	485	412	897	<nil>
680	475	423	898	<nil>
680	503	397	900	<nil>
680	499	399	898	<nil>
680	498	404	902	<nil>
680	474	423	897	<nil>
680	446	452	898	<nil>
680	501	401	902	<nil>
680	490	412	902	<nil>
680	498	405	903	<nil>
680	496	405	901	<nil>
680	498	405	903	<nil>
680	503	400	903	<nil>
680	490	413	903	<nil>
680	499	404	903	<nil>
680	500	402	902	<nil>
680	491	413	904	<nil>
680	5591	413	6004	<nil>
680	529	374	903	<nil>
680	476	428	904	<nil>
680	500	402	902	<nil>
680	498	404	902	<nil>
680	484	0	484	rpc error: code = Unavailable desc = transport is closing
680	559	0	559	rpc error: code = Unavailable desc = transport is closing
680	556	459	1015	<nil>
680	556	460	1016	<nil>
680	529	440	969	<nil>
680	498	519	1017	<nil>
680	498	519	1017	<nil>
680	576	441	1017	<nil>
680	502	414	916	<nil>
680	511	508	1019	<nil>
680	550	468	1018	<nil>
680	549	467	1016	<nil>
680	578	439	1017	<nil>
680	5786	415	6201	<nil>
680	513	404	917	<nil>
680	526	439	965	<nil>
680	521	397	918	<nil>
680	3431	439	3870	<nil>
680	577	439	1016	<nil>
680	578	439	1017	<nil>
680	502	415	917	<nil>
680	577	441	1018	<nil>
680	565	451	1016	<nil>
680	577	439	1016	<nil>
680	3356	461	3817	<nil>
680	568	450	1018	<nil>
680	578	439	1017	<nil>
680	5709	404	6113	<nil>
680	503	415	918	<nil>
680	567	450	1017	<nil>
680	559	393	952	<nil>
680	606	357	963	<nil>
680	609	355	964	<nil>
680	613	353	966	<nil>
680	612	353	965	<nil>
680	612	353	965	<nil>
680	613	354	967	<nil>
680	613	354	967	<nil>
680	609	354	963	<nil>
680	612	354	966	<nil>
680	756	0	756	rpc error: code = Unavailable desc = transport is closing
680	553	0	553	rpc error: code = Unavailable desc = transport is closing
680	565	0	565	rpc error: code = Unavailable desc = transport is closing
680	5882	0	5882	rpc error: code = Unavailable desc = transport is closing
680	568	0	568	rpc error: code = Unavailable desc = transport is closing
680	568	0	568	rpc error: code = Unavailable desc = transport is closing
680	567	0	567	rpc error: code = Unavailable desc = transport is closing
680	568	0	568	rpc error: code = Unavailable desc = transport is closing
680	571	0	571	rpc error: code = Unavailable desc = transport is closing
680	568	0	568	rpc error: code = Unavailable desc = transport is closing
680	567	0	567	rpc error: code = Unavailable desc = transport is closing
680	568	0	568	rpc error: code = Unavailable desc = transport is closing
680	570	0	570	rpc error: code = Unavailable desc = transport is closing
680	569	375	944	<nil>
680	2947	375	3322	<nil>
680	569	375	944	<nil>
680	2869	375	3244	<nil>
680	5953	374	6327	<nil>
680	570	375	945	<nil>
680	584	0	584	rpc error: code = Unavailable desc = transport is closing
680	569	390	959	<nil>
680	570	387	957	<nil>
680	401	0	401	rpc error: code = Unavailable desc = transport is closing
680	412	0	412	rpc error: code = Unavailable desc = transport is closing
680	401	0	401	rpc error: code = Unavailable desc = transport is closing
680	401	0	401	rpc error: code = Unavailable desc = transport is closing
680	411	0	411	rpc error: code = Unavailable desc = transport is closing
680	6040	0	6040	rpc error: code = Unavailable desc = transport is closing
680	420	0	420	rpc error: code = Unavailable desc = transport is closing
680	414	0	414	rpc error: code = Unavailable desc = transport is closing
680	423	0	423	rpc error: code = Unavailable desc = transport is closing
680	413	0	413	rpc error: code = Unavailable desc = transport is closing
680	17051	0	17051	rpc error: code = Unavailable desc = transport is closing
680	425	324	749	<nil>
680	414	0	414	rpc error: code = Unavailable desc = transport is closing
680	474	346	820	<nil>
680	474	349	823	<nil>
680	1447	349	1796	<nil>
680	1445	352	1797	<nil>
680	457	351	808	<nil>
680	457	350	807	<nil>
680	474	350	824	<nil>
680	457	350	807	<nil>
680	3031	352	3383	<nil>
680	474	350	824	<nil>
680	433	351	784	<nil>
680	1456	283	1739	<nil>
680	3064	284	3348	<nil>
680	1456	284	1740	<nil>
680	411	284	695	<nil>
680	1456	285	1741	<nil>
680	1441	284	1725	<nil>
680	1457	284	1741	<nil>
680	363	286	649	<nil>
680	412	289	701	<nil>
680	6112	287	6399	<nil>
680	3066	287	3353	<nil>
680	1420	203	1623	<nil>
680	48023	289	48312	<nil>
680	3019	282	3301	<nil>
680	367	287	654	<nil>
680	408	202	610	<nil>
680	1418	204	1622	<nil>
680	366	288	654	<nil>
680	1418	205	1623	<nil>
680	420	203	623	<nil>
680	1419	211	1630	<nil>
680	409	211	620	<nil>
680	3179	191	3370	<nil>
680	352	214	566	<nil>
680	386	174	560	<nil>
680	389	173	562	<nil>
680	387	175	562	<nil>
680	385	176	561	<nil>
680	386	175	561	<nil>
680	387	176	563	<nil>
680	389	174	563	<nil>
680	390	157	547	<nil>
680	394	153	547	<nil>
680	397	152	549	<nil>
680	397	152	549	<nil>
680	396	153	549	<nil>
680	394	155	549	<nil>
680	396	152	548	<nil>
680	366	147	513	<nil>
680	397	152	549	<nil>
680	383	152	535	<nil>
680	385	153	538	<nil>
680	395	152	547	<nil>
680	398	153	551	<nil>
680	3274	146	3420	<nil>
680	385	154	539	<nil>
680	489	56	545	<nil>
680	455	65	520	<nil>
680	396	153	549	<nil>
680	1394	149	1543	<nil>
680	361	153	514	<nil>
680	392	153	545	<nil>
680	379	51	430	<nil>
680	434	65	499	<nil>
680	282	44	326	<nil>
680	289	45	334	<nil>
680	277	48	325	<nil>
680	365	154	519	<nil>
680	385	158	543	<nil>
680	410	83	493	<nil>
680	387	157	544	<nil>
680	416	83	499	<nil>
680	1489	55	1544	<nil>
680	756	0	756	rpc error: code = DeadlineExceeded desc = context deadline exceeded
680	384	158	542	<nil>
680	385	154	539	<nil>
680	362	158	520	<nil>
680	284	47	331	<nil>
680	379	53	432	<nil>
680	377	53	430	<nil>
680	401	58	459	<nil>
680	376	54	430	<nil>
680	380	53	433	<nil>
680	440	59	499	<nil>
680	378	54	432	<nil>
680	414	58	472	<nil>
680	416	59	475	<nil>
680	3159	58	3217	<nil>
680	438	60	498	<nil>
680	443	59	502	<nil>
680	9892	60	9952	<nil>
680	416	60	476	<nil>
680	24487	56	24543	<nil>
680	372	58	430	<nil>
680	374	56	430	<nil>
680	1374	56	1430	<nil>
680	383	50	433	<nil>
680	383	50	433	<nil>
680	374	55	429	<nil>
680	375	59	434	<nil>
680	385	60	445	<nil>
680	280	53	333	<nil>
680	384	51	435	<nil>
680	378	56	434	<nil>
680	382	60	442	<nil>
680	378	57	435	<nil>
680	365	55	420	<nil>
680	376	59	435	<nil>
680	371	59	430	<nil>
680	435	63	498	<nil>
680	279	52	331	<nil>
680	280	45	325	<nil>
680	15896	55	15951	<nil>
680	281	50	331	<nil>
680	282	43	325	<nil>
680	3251	57	3308	<nil>
680	1376	57	1433	<nil>
680	281	45	326	<nil>
680	5017	47	5064	<nil>
680	3225	55	3280	<nil>
680	434	63	497	<nil>
680	328	4	332	<nil>
680	282	47	329	<nil>
680	416	78	494	<nil>
680	443	59	502	<nil>
680	371	60	431	<nil>
680	280	45	325	<nil>
680	279	57	336	<nil>
680	385	154	539	<nil>
680	285	53	338	<nil>
680	283	54	337	<nil>
680	281	53	334	<nil>
680	281	55	336	<nil>
680	281	55	336	<nil>
680	289	48	337	<nil>
680	289	48	337	<nil>
680	284	54	338	<nil>
680	283	55	338	<nil>
680	286	57	343	<nil>
680	285	57	342	<nil>
680	285	57	342	<nil>
680	283	58	341	<nil>
680	226	57	283	<nil>
680	1257	59	1316	<nil>
680	214	56	270	<nil>
680	213	56	269	<nil>
680	212	57	269	<nil>
680	217	54	271	<nil>
680	219	53	272	<nil>
680	217	54	271	<nil>
680	218	56	274	<nil>
680	219	55	274	<nil>
680	219	56	275	<nil>
680	193	54	247	<nil>
680	172	53	225	<nil>
680	171	54	225	<nil>
680	173	54	227	<nil>
680	176	57	233	<nil>
680	173	55	228	<nil>
680	178	55	233	<nil>
680	164	49	213	<nil>
680	180	49	229	<nil>
680	165	49	214	<nil>
680	145	49	194	<nil>
680	181	51	232	<nil>
680	151	51	202	<nil>
680	177	39	216	<nil>
680	174	65	239	<nil>
680	165	695	860	<nil>
680	177	695	872	<nil>
680	2830	695	3525	<nil>
680	155	697	852	<nil>
680	155	697	852	<nil>
680	194	696	890	<nil>
680	184	698	882	<nil>
680	177	698	875	<nil>
680	145	695	840	<nil>
680	194	696	890	<nil>
680	155	695	850	<nil>
680	193	698	891	<nil>
680	155	698	853	<nil>
680	30874	697	31571	<nil>
680	2909	698	3607	<nil>
680	183	697	880	<nil>
680	162	695	857	<nil>
680	175	698	873	<nil>
680	153	699	852	<nil>
680	189	706	895	<nil>
680	867	13	880	<nil>
680	826	14	840	<nil>
680	843	15	858	<nil>
680	859	18	877	<nil>
680	804	16	820	<nil>
680	848	15	863	<nil>
680	796	16	812	<nil>
680	801	14	815	<nil>
680	870	15	885	<nil>
680	767	17	784	<nil>
680	870	10	880	<nil>
680	5565	18	5583	<nil>
680	851	16	867	<nil>
680	808	14	822	<nil>
680	803	13	816	<nil>
680	804	17	821	<nil>
680	873	17	890	<nil>
680	804	17	821	<nil>
680	804	16	820	<nil>
680	800	17	817	<nil>
680	805	16	821	<nil>
680	852	18	870	<nil>
680	854	17	871	<nil>
680	804	10	814	<nil>
680	857	12	869	<nil>
680	5419	12	5431	<nil>
680	808	17	825	<nil>
680	868	15	883	<nil>
680	875	16	891	<nil>
680	845	7	852	<nil>
680	829	17	846	<nil>
680	850	20	870	<nil>
680	865	6	871	<nil>
680	804	16	820	<nil>
680	835	21	856	<nil>
680	816	6	822	<nil>
680	887	61	948	<nil>
680	824	59	883	<nil>
680	890	60	950	<nil>
680	884	60	944	<nil>
680	818	60	878	<nil>
680	854	61	915	<nil>
680	823	63	886	<nil>
680	1414	0	1414	rpc error: code = Unavailable desc = transport is closing
680	850	69	919	<nil>
680	874	60	934	<nil>
680	415	0	415	rpc error: code = Unavailable desc = transport is closing
680	404	0	404	rpc error: code = Unavailable desc = transport is closing
680	1416	0	1416	rpc error: code = Unavailable desc = transport is closing
680	1420	0	1420	rpc error: code = Unavailable desc = transport is closing
680	1415	0	1415	rpc error: code = Unavailable desc = transport is closing
680	422	0	422	rpc error: code = Unavailable desc = transport is closing
680	834	73	907	<nil>
680	407	0	407	rpc error: code = Unavailable desc = transport is closing
680	855	53	908	<nil>
680	900	70	970	<nil>
680	835	76	911	<nil>
680	908	62	970	<nil>
680	837	62	899	<nil>
680	834	63	897	<nil>
680	873	76	949	<nil>
680	896	71	967	<nil>
680	862	73	935	<nil>
680	879	87	966	<nil>
680	889	64	953	<nil>
680	878	91	969	<nil>
680	834	73	907	<nil>
680	835	74	909	<nil>
680	842	63	905	<nil>
680	1420	0	1420	rpc error: code = Unavailable desc = transport is closing
680	921	52	973	<nil>
680	855	72	927	<nil>
680	856	83	939	<nil>
680	862	64	926	<nil>
680	1417	0	1417	rpc error: code = Unavailable desc = transport is closing
680	872	66	938	<nil>
680	847	83	930	<nil>
680	831	89	920	<nil>
680	895	54	949	<nil>
680	860	75	935	<nil>
680	902	66	968	<nil>
680	830	79	909	<nil>
680	903	65	968	<nil>
680	850	89	939	<nil>
680	811	90	901	<nil>
680	850	74	924	<nil>
680	3193	0	3193	rpc error: code = Unavailable desc = transport is closing
680	867	86	953	<nil>
680	836	62	898	<nil>
680	1420	0	1420	rpc error: code = Unavailable desc = transport is closing
680	864	141	1005	<nil>
680	813	154	967	<nil>
680	855	141	996	<nil>
680	871	153	1024	<nil>
680	837	146	983	<nil>
680	5449	153	5602	<nil>
680	816	151	967	<nil>
680	822	145	967	<nil>
680	802	151	953	<nil>
680	874	132	1006	<nil>
680	869	141	1010	<nil>
680	810	142	952	<nil>
680	3674	136	3810	<nil>
680	828	142	970	<nil>
680	829	141	970	<nil>
680	830	150	980	<nil>
680	826	147	973	<nil>
680	899	137	1036	<nil>
680	810	152	962	<nil>
680	5482	154	5636	<nil>
680	828	141	969	<nil>
680	850	152	1002	<nil>
680	819	142	961	<nil>
680	818	142	960	<nil>
680	863	141	1004	<nil>
680	869	127	996	<nil>
680	820	150	970	<nil>
680	859	152	1011	<nil>
680	2949	48	2997	<nil>
680	824	152	976	<nil>
680	83	74	157	<nil>
680	826	149	975	<nil>
680	828	148	976	<nil>
680	79	74	153	<nil>
680	92	59	151	<nil>
680	832	143	975	<nil>
680	826	151	977	<nil>
680	2858	148	3006	<nil>
680	810	149	959	<nil>
680	94	60	154	<nil>
680	97	54	151	<nil>
680	2924	74	2998	<nil>
680	106	49	155	<nil>
680	829	149	978	<nil>
680	840	135	975	<nil>
680	868	142	1010	<nil>
680	827	148	975	<nil>
680	807	152	959	<nil>
680	80	74	154	<nil>
680	813	149	962	<nil>
680	97	55	152	<nil>
680	101	54	155	<nil>
680	102	50	152	<nil>
680	102	50	152	<nil>
680	829	150	979	<nil>
680	830	150	980	<nil>
680	88	52	140	<nil>
680	111	43	154	<nil>
680	5504	74	5578	<nil>
680	88	67	155	<nil>
680	861	148	1009	<nil>
680	105	50	155	<nil>
680	868	137	1005	<nil>
680	387	0	387	rpc error: code = Unavailable desc = transport is closing
680	99	69	168	<nil>
680	101	63	164	<nil>
680	78	27	105	<nil>
680	96	68	164	<nil>
680	1071	75	1146	<nil>
680	99	62	161	<nil>
680	99	66	165	<nil>
680	97	68	165	<nil>
680	103	62	165	<nil>
680	97	67	164	<nil>
680	95	66	161	<nil>
680	9883	63	9946	<nil>
680	89	75	164	<nil>
680	100	66	166	<nil>
680	103	62	165	<nil>
680	102	63	165	<nil>
680	98	62	160	<nil>
680	102	62	164	<nil>
680	77	53	130	<nil>
680	5558	89	5647	<nil>
680	76	54	130	<nil>
680	10143	66	10209	<nil>
680	43	88	131	<nil>
680	52	83	135	<nil>
680	46	86	132	<nil>
680	965	49	1014	<nil>
680	102	63	165	<nil>
680	965	102	1067	<nil>
680	237	103	340	<nil>
680	965	133	1098	<nil>
680	965	127	1092	<nil>
680	967	127	1094	<nil>
680	967	187	1154	<nil>
680	956	194	1150	<nil>
680	951	200	1151	<nil>
680	952	201	1153	<nil>
680	958	201	1159	<nil>
680	2941	207	3148	<nil>
680	951	198	1149	<nil>
680	977	199	1176	<nil>
680	955	207	1162	<nil>
680	960	198	1158	<nil>
680	964	200	1164	<nil>
680	954	207	1161	<nil>
680	958	197	1155	<nil>
680	975	200	1175	<nil>
680	977	197	1174	<nil>
680	976	196	1172	<nil>
680	9934	197	10131	<nil>
680	954	207	1161	<nil>
680	947	207	1154	<nil>
680	950	200	1150	<nil>
680	5684	200	5884	<nil>
680	975	199	1174	<nil>
680	966	208	1174	<nil>
680	975	200	1175	<nil>
680	5506	216	5722	<nil>
680	973	216	1189	<nil>
680	954	213	1167	<nil>
680	973	216	1189	<nil>
680	953	216	1169	<nil>
680	976	213	1189	<nil>
680	981	209	1190	<nil>
680	976	213	1189	<nil>
680	954	216	1170	<nil>
680	1850	217	2067	<nil>
680	950	217	1167	<nil>
680	975	219	1194	<nil>
680	952	245	1197	<nil>
680	2998	245	3243	<nil>
680	16973	207	17180	<nil>
680	9926	243	10169	<nil>
680	3005	245	3250	<nil>
680	992	229	1221	<nil>
680	1741	246	1987	<nil>
680	1851	244	2095	<nil>
680	1010	210	1220	<nil>
680	988	232	1220	<nil>
680	989	210	1199	<nil>
680	975	245	1220	<nil>
680	1743	245	1988	<nil>
680	1010	281	1291	<nil>
680	989	304	1293	<nil>
680	1324	298	1622	<nil>
680	1011	279	1290	<nil>
680	990	303	1293	<nil>
680	1013	278	1291	<nil>
680	993	297	1290	<nil>
680	144	271	415	<nil>
680	1023	271	1294	<nil>
680	996	316	1312	<nil>
680	1004	295	1299	<nil>
680	1041	272	1313	<nil>
680	89	322	411	<nil>
680	1108	322	1430	<nil>
680	95	360	455	<nil>
680	111	341	452	<nil>
680	78	371	449	<nil>
680	103	352	455	<nil>
680	103	350	453	<nil>
680	102	352	454	<nil>
680	83	372	455	<nil>
680	101	354	455	<nil>
680	403	0	403	rpc error: code = Unavailable desc = transport is closing
680	105	374	479	<nil>
680	104	351	455	<nil>
680	104	351	455	<nil>
680	101	352	453	<nil>
680	91	372	463	<nil>
680	417	0	417	rpc error: code = Unavailable desc = transport is closing
680	80	374	454	<nil>
680	80	376	456	<nil>
680	77	376	453	<nil>
680	79	375	454	<nil>
680	79	373	452	<nil>
680	112	351	463	<nil>
680	101	353	454	<nil>
680	422	0	422	rpc error: code = Unavailable desc = transport is closing
680	83	418	501	<nil>
680	141	330	471	<nil>
680	155	317	472	<nil>
680	398	0	398	rpc error: code = Unavailable desc = transport is closing
680	98	434	532	<nil>
680	410	0	410	rpc error: code = Unavailable desc = transport is closing
680	178	295	473	<nil>
680	187	276	463	<nil>
680	160	310	470	<nil>
680	426	0	426	rpc error: code = Unavailable desc = transport is closing
680	418	0	418	rpc error: code = Unavailable desc = transport is closing
680	155	320	475	<nil>
680	431	0	431	rpc error: code = Unavailable desc = transport is closing
680	1386	0	1386	rpc error: code = Unavailable desc = transport is closing
680	192	280	472	<nil>
680	184	276	460	<nil>
680	187	279	466	<nil>
680	187	279	466	<nil>
680	186	280	466	<nil>
680	186	279	465	<nil>
680	187	279	466	<nil>
680	399	0	399	rpc error: code = Unavailable desc = transport is closing
680	189	281	470	<nil>
680	188	282	470	<nil>
680	186	281	467	<nil>
680	186	281	467	<nil>
680	415	0	415	rpc error: code = Unavailable desc = transport is closing
680	228	239	467	<nil>
680	349	239	588	<nil>
680	305	304	609	<nil>
680	307	304	611	<nil>
680	296	315	611	<nil>
680	2973	0	2973	rpc error: code = Unavailable desc = transport is closing
680	421	0	421	rpc error: code = Unavailable desc = transport is closing
680	307	311	618	<nil>
680	304	313	617	<nil>
680	317	301	618	<nil>
680	1455	0	1455	rpc error: code = Unavailable desc = transport is closing
680	1456	0	1456	rpc error: code = Unavailable desc = transport is closing
680	9081	319	9400	<nil>
680	17172	327	17499	<nil>
680	45721	332	46053	<nil>
680	301	328	629	<nil>
680	288	343	631	<nil>
680	303	362	665	<nil>
680	441	0	441	rpc error: code = Unavailable desc = transport is closing
680	428	0	428	rpc error: code = Unavailable desc = transport is closing
680	2918	0	2918	rpc error: code = Unavailable desc = transport is closing
680	2817	0	2817	rpc error: code = Unavailable desc = transport is closing
680	413	0	413	rpc error: code = Unavailable desc = transport is closing
680	403	0	403	rpc error: code = Unavailable desc = transport is closing
680	425	0	425	rpc error: code = Unavailable desc = transport is closing
680	229	367	596	<nil>
680	350	318	668	<nil>
680	300	294	594	<nil>
680	424	0	424	rpc error: code = Unavailable desc = transport is closing
680	442	0	442	rpc error: code = Unavailable desc = transport is closing
680	226	368	594	<nil>
680	216	379	595	<nil>
680	5672	0	5672	rpc error: code = Unavailable desc = transport is closing
680	290	378	668	<nil>
680	291	377	668	<nil>
680	438	0	438	rpc error: code = Unavailable desc = transport is closing
680	304	366	670	<nil>
680	294	378	672	<nil>
680	306	366	672	<nil>
680	212	383	595	<nil>
680	301	369	670	<nil>
680	230	368	598	<nil>
680	401	0	401	rpc error: code = Unavailable desc = transport is closing
680	427	0	427	rpc error: code = Unavailable desc = transport is closing
680	405	0	405	rpc error: code = Unavailable desc = transport is closing
680	402	0	402	rpc error: code = Unavailable desc = transport is closing
680	222	383	605	<nil>
680	426	0	426	rpc error: code = Unavailable desc = transport is closing
680	230	379	609	<nil>
680	301	378	679	<nil>
680	231	387	618	<nil>
680	474	0	474	rpc error: code = Unavailable desc = transport is closing
680	231	388	619	<nil>
680	223	394	617	<nil>
680	9858	0	9858	rpc error: code = Unavailable desc = transport is closing
680	2747	394	3141	<nil>
680	228	396	624	<nil>
680	229	392	621	<nil>
680	137	416	553	<nil>
680	266	694	960	<nil>
680	136	734	870	<nil>
680	137	744	881	<nil>
680	75	736	811	<nil>
680	130	747	877	<nil>
680	327	654	981	<nil>
680	326	655	981	<nil>
680	75216	660	75876	<nil>
680	140	656	796	<nil>
680	328	655	983	<nil>
680	374	608	982	<nil>
680	374	608	982	<nil>
680	372	612	984	<nil>
680	327	655	982	<nil>
680	82	756	838	<nil>
680	141	655	796	<nil>
680	459	524	983	<nil>
680	51	749	800	<nil>
680	374	609	983	<nil>
680	10463	750	11213	<nil>
680	160	618	778	<nil>
680	375	608	983	<nil>
680	375	608	983	<nil>
680	158	617	775	<nil>
680	10299	619	10918	<nil>
680	347	636	983	<nil>
680	375	608	983	<nil>
680	354	629	983	<nil>
680	2605	617	3222	<nil>
680	347	636	983	<nil>
680	375	608	983	<nil>
680	365	618	983	<nil>
680	374	608	982	<nil>
680	304	608	912	<nil>
680	374	608	982	<nil>
680	327	654	981	<nil>
680	327	655	982	<nil>
680	428	524	952	<nil>
680	231	546	777	<nil>
680	332	522	854	<nil>
680	249	527	776	<nil>
680	3283	554	3837	<nil>
680	11133	525	11658	<nil>
680	134	525	659	<nil>
680	459	526	985	<nil>
680	372	523	895	<nil>
680	458	525	983	<nil>
680	458	527	985	<nil>
680	328	655	983	<nil>
680	139	660	799	<nil>
680	438	547	985	<nil>
680	341	554	895	<nil>
680	458	526	984	<nil>
680	457	528	985	<nil>
680	2796	528	3324	<nil>
680	431	552	983	<nil>
680	131	525	656	<nil>
680	368	522	890	<nil>
680	8903	530	9433	<nil>
680	460	523	983	<nil>
680	371	523	894	<nil>
680	130	527	657	<nil>
680	430	554	984	<nil>
680	371	522	893	<nil>
680	131	525	656	<nil>
680	245	529	774	<nil>
680	259	517	776	<nil>
680	460	527	987	<nil>
680	131	527	658	<nil>
680	25592	526	26118	<nil>
680	372	522	894	<nil>
680	59	550	609	<nil>
680	54	572	626	<nil>
680	199	562	761	<nil>
680	72	523	595	<nil>
680	137	563	700	<nil>
680	100	565	665	<nil>
680	216	512	728	<nil>
680	217	524	741	<nil>
680	454	545	999	<nil>
680	489	499	988	<nil>
680	76	545	621	<nil>
680	219	546	765	<nil>
680	5059	546	5605	<nil>
680	460	546	1006	<nil>
680	221	513	734	<nil>
680	498	518	1016	<nil>
680	366	533	899	<nil>
680	9085	518	9603	<nil>
680	381	518	899	<nil>
680	499	518	1017	<nil>
680	9979	546	10525	<nil>
680	386	540	926	<nil>
680	383	543	926	<nil>
680	383	543	926	<nil>
680	384	541	925	<nil>
680	263	530	793	<nil>
680	210	531	741	<nil>
680	288	530	818	<nil>
680	3245	527	3772	<nil>
680	382	555	937	<nil>
680	5751	533	6284	<nil>
680	337	533	870	<nil>
680	205	543	748	<nil>
680	2747	545	3292	<nil>
680	70	558	628	<nil>
680	211	557	768	<nil>
680	73	550	623	<nil>
680	90	554	644	<nil>
680	79	555	634	<nil>
680	413	0	413	rpc error: code = Unavailable desc = transport is closing
680	413	0	413	rpc error: code = Unavailable desc = transport is closing
680	412	0	412	rpc error: code = Unavailable desc = transport is closing
680	72	604	676	<nil>
680	410	0	410	rpc error: code = Unavailable desc = transport is closing
680	3053	0	3053	rpc error: code = Unavailable desc = transport is closing
680	87	561	648	<nil>
680	5793	0	5793	rpc error: code = Unavailable desc = transport is closing
680	1421	0	1421	rpc error: code = Unavailable desc = transport is closing
680	69	562	631	<nil>
680	413	0	413	rpc error: code = Unavailable desc = transport is closing
680	406	0	406	rpc error: code = Unavailable desc = transport is closing
680	425	0	425	rpc error: code = Unavailable desc = transport is closing
680	409	0	409	rpc error: code = Unavailable desc = transport is closing
680	419	0	419	rpc error: code = Unavailable desc = transport is closing
680	381	257	638	<nil>
680	713	28	741	<nil>
680	411	0	411	rpc error: code = Unavailable desc = transport is closing
680	385	257	642	<nil>
680	26619	262	26881	<nil>
680	1429	0	1429	rpc error: code = Unavailable desc = transport is closing
680	5283	28	5311	<nil>
680	715	28	743	<nil>
680	1111	30	1141	<nil>
680	1110	31	1141	<nil>
680	719	21	740	<nil>
680	724	16	740	<nil>
680	734	30	764	<nil>
680	716	25	741	<nil>
680	587	30	617	<nil>
680	1112	30	1142	<nil>
680	1111	31	1142	<nil>
680	720	21	741	<nil>
680	1109	32	1141	<nil>
680	16633	0	16633	rpc error: code = Unavailable desc = transport is closing
680	733	32	765	<nil>
680	720	21	741	<nil>
680	1110	31	1141	<nil>
680	1110	31	1141	<nil>
680	721	21	742	<nil>
680	746	20	766	<nil>
680	743	28	771	<nil>
680	739	32	771	<nil>
680	721	21	742	<nil>
680	29432	24	29456	<nil>
680	1005	32	1037	<nil>
680	761	23	784	<nil>
680	6549	38	6587	<nil>
680	752	26	778	<nil>
680	744	27	771	<nil>
680	1027	48	1075	<nil>
680	748	31	779	<nil>
680	968	49	1017	<nil>
680	910	47	957	<nil>
680	6862	49	6911	<nil>
680	1029	55	1084	<nil>
680	9685	49	9734	<nil>
680	1025	61	1086	<nil>
680	965	63	1028	<nil>
680	755	68	823	<nil>
680	754	92	846	<nil>
680	963	61	1024	<nil>
680	3831	58	3889	<nil>
680	1025	84	1109	<nil>
680	754	92	846	<nil>
680	959	80	1039	<nil>
680	1031	156	1187	<nil>
680	1033	157	1190	<nil>
680	1026	166	1192	<nil>
680	838	164	1002	<nil>
680	1038	165	1203	<nil>
680	1028	178	1206	<nil>
680	10172	166	10338	<nil>
680	1042	164	1206	<nil>
680	1042	165	1207	<nil>
680	1031	172	1203	<nil>
680	878	168	1046	<nil>
680	1052	158	1210	<nil>
680	3536	175	3711	<nil>
680	1049	183	1232	<nil>
680	673	202	875	<nil>
680	5779	174	5953	<nil>
680	834	203	1037	<nil>
680	3533	195	3728	<nil>
680	681	194	875	<nil>
680	3581	203	3784	<nil>
680	700	200	900	<nil>
680	701	202	903	<nil>
680	1075	163	1238	<nil>
680	1075	162	1237	<nil>
680	694	201	895	<nil>
680	3333	204	3537	<nil>
680	644	179	823	<nil>
680	3574	179	3753	<nil>
680	667	199	866	<nil>
680	666	201	867	<nil>
680	651	216	867	<nil>
680	626	251	877	<nil>
680	672	209	881	<nil>
680	683	219	902	<nil>
680	659	245	904	<nil>
680	637	273	910	<nil>
680	742	239	981	<nil>
680	16689	208	16897	<nil>
680	3568	240	3808	<nil>
680	678	217	895	<nil>
680	942	203	1145	<nil>
680	758	223	981	<nil>
680	9375	204	9579	<nil>
680	944	192	1136	<nil>
680	678	216	894	<nil>
680	1023	217	1240	<nil>
680	10147	223	10370	<nil>
680	672	247	919	<nil>
680	739	242	981	<nil>
680	653	243	896	<nil>
680	636	275	911	<nil>
680	653	243	896	<nil>
680	3797	242	4039	<nil>
680	638	273	911	<nil>
680	9779	243	10022	<nil>
680	638	272	910	<nil>
680	677	261	938	<nil>
680	667	310	977	<nil>
680	644	340	984	<nil>
680	649	328	977	<nil>
680	673	304	977	<nil>
680	684	297	981	<nil>
680	668	309	977	<nil>
680	1519	342	1861	<nil>
680	660	338	998	<nil>
680	622	342	964	<nil>
680	633	354	987	<nil>
680	671	320	991	<nil>
680	660	332	992	<nil>
680	637	338	975	<nil>
680	675	317	992	<nil>
680	636	339	975	<nil>
680	292	338	630	<nil>
680	667	321	988	<nil>
680	638	344	982	<nil>
680	641	315	956	<nil>
680	281	343	624	<nil>
680	5579	346	5925	<nil>
680	407	231	638	<nil>
680	297	342	639	<nil>
680	2864	232	3096	<nil>
680	5378	337	5715	<nil>
680	283	342	625	<nil>
680	373	257	630	<nil>
680	407	231	638	<nil>
680	320	306	626	<nil>
680	294	345	639	<nil>
680	283	361	644	<nil>
680	280	345	625	<nil>
680	282	345	627	<nil>
680	281	346	627	<nil>
680	293	344	637	<nil>
680	9788	345	10133	<nil>
680	399	237	636	<nil>
680	3030	360	3390	<nil>
680	292	352	644	<nil>
680	9844	237	10081	<nil>
680	289	351	640	<nil>
680	281	347	628	<nil>
680	412	248	660	<nil>
680	411	257	668	<nil>
680	362	389	751	<nil>
680	419	368	787	<nil>
680	412	374	786	<nil>
680	422	369	791	<nil>
680	426	366	792	<nil>
680	16170	380	16550	<nil>
680	311	448	759	<nil>
680	424	376	800	<nil>
680	426	369	795	<nil>
680	427	371	798	<nil>
680	426	368	794	<nil>
680	345	377	722	<nil>
680	423	380	803	<nil>
680	425	378	803	<nil>
680	2927	376	3303	<nil>
680	426	382	808	<nil>
680	424	380	804	<nil>
680	427	381	808	<nil>
680	426	382	808	<nil>
680	460	370	830	<nil>
680	443	385	828	<nil>
680	16558	397	16955	<nil>
680	369	396	765	<nil>
680	9568	377	9945	<nil>
680	458	386	844	<nil>
680	460	370	830	<nil>
680	431	410	841	<nil>
680	229	396	625	<nil>
680	230	395	625	<nil>
680	222	411	633	<nil>
680	230	411	641	<nil>
680	223	460	683	<nil>
680	228	462	690	<nil>
680	229	461	690	<nil>
680	253	427	680	<nil>
680	269	425	694	<nil>
680	266	428	694	<nil>
680	229	466	695	<nil>
680	228	467	695	<nil>
680	258	427	685	<nil>
680	268	427	695	<nil>
680	267	430	697	<nil>
680	530	418	948	<nil>
680	498	421	919	<nil>
680	522	426	948	<nil>
680	1420	426	1846	<nil>
680	529	432	961	<nil>
680	266	437	703	<nil>
680	5897	956	6853	<nil>
680	1429	957	2386	<nil>
680	524	963	1487	<nil>
680	493	965	1458	<nil>
680	437	952	1389	<nil>
680	525	962	1487	<nil>
680	456	964	1420	<nil>
680	3259	962	4221	<nil>
680	442	965	1407	<nil>
680	442	966	1408	<nil>
680	494	965	1459	<nil>
680	5420	965	6385	<nil>
680	526	962	1488	<nil>
680	1424	964	2388	<nil>
680	3024	960	3984	<nil>
680	1421	966	2387	<nil>
680	404	965	1369	<nil>
680	401	965	1366	<nil>
680	535	959	1494	<nil>
680	3355	960	4315	<nil>
680	442	966	1408	<nil>
680	174	901	1075	<nil>
680	3041	946	3987	<nil>
680	496	963	1459	<nil>
680	404	966	1370	<nil>
680	3257	965	4222	<nil>
680	28368	963	29331	<nil>
680	178	897	1075	<nil>
680	5978	897	6875	<nil>
680	406	966	1372	<nil>
680	3335	897	4232	<nil>
680	1491	948	2439	<nil>
680	473	949	1422	<nil>
680	609	937	1546	<nil>
680	3103	910	4013	<nil>
680	276	813	1089	<nil>
680	530	756	1286	<nil>
680	221	675	896	<nil>
680	630	898	1528	<nil>
680	394	902	1296	<nil>
680	619	926	1545	<nil>
680	630	898	1528	<nil>
680	1308	742	2050	<nil>
680	599	946	1545	<nil>
680	171	773	944	<nil>
680	318	703	1021	<nil>
680	10310	716	11026	<nil>
680	609	937	1546	<nil>
680	789	757	1546	<nil>
680	1485	788	2273	<nil>
680	174	947	1121	<nil>
680	494	791	1285	<nil>
680	1532	756	2288	<nil>
680	345	721	1066	<nil>
680	1272	770	2042	<nil>
680	356	879	1235	<nil>
680	352	763	1115	<nil>
680	1287	790	2077	<nil>
680	2948	737	3685	<nil>
680	538	753	1291	<nil>
680	3224	738	3962	<nil>
680	354	736	1090	<nil>
680	509	789	1298	<nil>
680	216	901	1117	<nil>
680	3228	814	4042	<nil>
680	410	879	1289	<nil>
680	28509	900	29409	<nil>
680	3692	704	4396	<nil>
680	3062	901	3963	<nil>
680	154	781	935	<nil>
680	462	774	1236	<nil>
680	395	608	1003	<nil>
680	386	616	1002	<nil>
680	697	676	1373	<nil>
680	681	675	1356	<nil>
680	96	608	704	<nil>
680	15985	635	16620	<nil>
680	356	674	1030	<nil>
680	235	687	922	<nil>
680	392	608	1000	<nil>
680	1305	622	1927	<nil>
680	147	613	760	<nil>
680	3495	685	4180	<nil>
680	719	678	1397	<nil>
680	793	751	1544	<nil>
680	260	685	945	<nil>
680	480	756	1236	<nil>
680	161	718	879	<nil>
680	180	718	898	<nil>
680	215	902	1117	<nil>
680	10712	675	11387	<nil>
680	1549	755	2304	<nil>
680	476	814	1290	<nil>
680	15975	789	16764	<nil>
680	500	790	1290	<nil>
680	691	674	1365	<nil>
680	208	905	1113	<nil>
680	194	719	913	<nil>
680	253	814	1067	<nil>
680	354	762	1116	<nil>
680	3373	761	4134	<nil>
680	128	812	940	<nil>
680	480	608	1088	<nil>
680	505	753	1258	<nil>
680	508	792	1300	<nil>
680	327	761	1088	<nil>
680	1252	675	1927	<nil>
680	583	703	1286	<nil>
680	1365	679	2044	<nil>
680	11216	678	11894	<nil>
680	1318	609	1927	<nil>
680	3340	675	4015	<nil>
680	1669	735	2404	<nil>
680	310	714	1024	<nil>
680	95	735	830	<nil>
680	3509	714	4223	<nil>
680	107	735	842	<nil>
680	116	714	830	<nil>
680	118	719	837	<nil>
680	1148	0	1148	rpc error: code = Unavailable desc = transport is closing
680	1134	0	1134	rpc error: code = Unavailable desc = transport is closing
680	1142	0	1142	rpc error: code = Unavailable desc = transport is closing
680	4422	0	4422	rpc error: code = Unavailable desc = transport is closing
680	1089	0	1089	rpc error: code = Unavailable desc = transport is closing
680	4289	0	4289	rpc error: code = Unavailable desc = transport is closing
680	1427	0	1427	rpc error: code = Unavailable desc = transport is closing
680	10001	0	10001	rpc error: code = Unavailable desc = transport is closing
680	1143	0	1143	rpc error: code = Unavailable desc = transport is closing
680	5778	38	5816	<nil>
680	280	35	315	<nil>
680	1650	39	1689	<nil>
680	16765	0	16765	rpc error: code = Unavailable desc = transport is closing
680	1735	41	1776	<nil>
680	16891	34	16925	<nil>
680	1092	0	1092	rpc error: code = Unavailable desc = transport is closing
680	1139	0	1139	rpc error: code = Unavailable desc = transport is closing
680	1138	0	1138	rpc error: code = Unavailable desc = transport is closing
680	900	0	900	rpc error: code = Unavailable desc = transport is closing
680	1138	0	1138	rpc error: code = Unavailable desc = transport is closing
680	2478	0	2478	rpc error: code = Unavailable desc = transport is closing
680	1138	0	1138	rpc error: code = Unavailable desc = transport is closing
680	1409	0	1409	rpc error: code = Unavailable desc = transport is closing
680	881	0	881	rpc error: code = Unavailable desc = transport is closing
680	1243	0	1243	rpc error: code = Unavailable desc = transport is closing
680	869	0	869	rpc error: code = Unavailable desc = transport is closing
680	1055	0	1055	rpc error: code = Unavailable desc = transport is closing
680	1405	0	1405	rpc error: code = Unavailable desc = transport is closing
680	1090	0	1090	rpc error: code = Unavailable desc = transport is closing
680	1435	0	1435	rpc error: code = Unavailable desc = transport is closing
680	1140	0	1140	rpc error: code = Unavailable desc = transport is closing
680	1440	0	1440	rpc error: code = Unavailable desc = transport is closing
680	1431	0	1431	rpc error: code = Unavailable desc = transport is closing
680	4208	0	4208	rpc error: code = Unavailable desc = transport is closing
680	864	0	864	rpc error: code = Unavailable desc = transport is closing
680	4184	0	4184	rpc error: code = Unavailable desc = transport is closing
680	1096	0	1096	rpc error: code = Unavailable desc = transport is closing
680	10212	0	10212	rpc error: code = Unavailable desc = transport is closing
680	1092	0	1092	rpc error: code = Unavailable desc = transport is closing
680	4373	0	4373	rpc error: code = Unavailable desc = transport is closing
680	1094	0	1094	rpc error: code = Unavailable desc = transport is closing
680	1426	0	1426	rpc error: code = Unavailable desc = transport is closing
680	1426	0	1426	rpc error: code = Unavailable desc = transport is closing
680	10211	0	10211	rpc error: code = Unavailable desc = transport is closing
680	908	0	908	rpc error: code = Unavailable desc = transport is closing
680	1403	0	1403	rpc error: code = Unavailable desc = transport is closing
680	1087	0	1087	rpc error: code = Unavailable desc = transport is closing
680	1091	0	1091	rpc error: code = Unavailable desc = transport is closing
680	5646	0	5646	rpc error: code = Unavailable desc = transport is closing
680	7216	0	7216	rpc error: code = Unavailable desc = transport is closing
680	1041	0	1041	rpc error: code = Unavailable desc = transport is closing
680	1420	0	1420	rpc error: code = Unavailable desc = transport is closing
680	1089	0	1089	rpc error: code = Unavailable desc = transport is closing
680	1085	0	1085	rpc error: code = Unavailable desc = transport is closing
680	1429	0	1429	rpc error: code = Unavailable desc = transport is closing
680	10248	0	10248	rpc error: code = Unavailable desc = transport is closing
680	1444	0	1444	rpc error: code = Unavailable desc = transport is closing
680	1432	0	1432	rpc error: code = Unavailable desc = transport is closing
680	1400	0	1400	rpc error: code = Unavailable desc = transport is closing
680	1443	0	1443	rpc error: code = Unavailable desc = transport is closing
680	4105	0	4105	rpc error: code = Unavailable desc = transport is closing
680	906	0	906	rpc error: code = Unavailable desc = transport is closing
680	1092	0	1092	rpc error: code = Unavailable desc = transport is closing
680	5750	0	5750	rpc error: code = Unavailable desc = transport is closing
680	4531	0	4531	rpc error: code = Unavailable desc = transport is closing
680	1093	0	1093	rpc error: code = Unavailable desc = transport is closing
680	1243	0	1243	rpc error: code = Unavailable desc = transport is closing
680	1142	0	1142	rpc error: code = Unavailable desc = transport is closing
680	1059	0	1059	rpc error: code = Unavailable desc = transport is closing
680	1430	0	1430	rpc error: code = Unavailable desc = transport is closing
680	1085	0	1085	rpc error: code = Unavailable desc = transport is closing
680	1146	0	1146	rpc error: code = Unavailable desc = transport is closing
680	1094	0	1094	rpc error: code = Unavailable desc = transport is closing
680	11118	0	11118	rpc error: code = Unavailable desc = transport is closing
680	1138	0	1138	rpc error: code = Unavailable desc = transport is closing
680	1079	0	1079	rpc error: code = Unavailable desc = transport is closing
680	1032	0	1032	rpc error: code = Unavailable desc = transport is closing
680	885	0	885	rpc error: code = Unavailable desc = transport is closing
680	9991	0	9991	rpc error: code = Unavailable desc = transport is closing
680	1460	0	1460	rpc error: code = Unavailable desc = transport is closing
680	1087	0	1087	rpc error: code = Unavailable desc = transport is closing
680	1151	0	1151	rpc error: code = Unavailable desc = transport is closing
680	1092	0	1092	rpc error: code = Unavailable desc = transport is closing
680	1088	0	1088	rpc error: code = Unavailable desc = transport is closing
680	1088	0	1088	rpc error: code = Unavailable desc = transport is closing
680	1423	0	1423	rpc error: code = Unavailable desc = transport is closing
680	4229	0	4229	rpc error: code = Unavailable desc = transport is closing
680	1095	0	1095	rpc error: code = Unavailable desc = transport is closing
680	1096	0	1096	rpc error: code = Unavailable desc = transport is closing
680	883	0	883	rpc error: code = Unavailable desc = transport is closing
680	1419	0	1419	rpc error: code = Unavailable desc = transport is closing
680	1435	0	1435	rpc error: code = Unavailable desc = transport is closing
680	282	41	323	<nil>
680	1364	38	1402	<nil>
680	1615	36	1651	<nil>
680	5769	48	5817	<nil>
680	28232	0	28232	rpc error: code = Unavailable desc = transport is closing
680	764	47	811	<nil>
680	9867	47	9914	<nil>
680	284	38	322	<nil>
680	1091	0	1091	rpc error: code = Unavailable desc = transport is closing
680	246	26	272	<nil>
680	10176	34	10210	<nil>
680	15286	34	15320	<nil>
680	288	38	326	<nil>
680	241	29	270	<nil>
680	1414	40	1454	<nil>
680	9878	40	9918	<nil>
680	251	22	273	<nil>
680	1592	37	1629	<nil>
680	1635	36	1671	<nil>
680	1299	40	1339	<nil>
680	15614	36	15650	<nil>
680	236	30	266	<nil>
680	5787	36	5823	<nil>
680	1414	42	1456	<nil>
680	1588	42	1630	<nil>
680	233	33	266	<nil>
680	242	24	266	<nil>
680	1421	35	1456	<nil>
680	1137	0	1137	rpc error: code = Unavailable desc = transport is closing
680	234	31	265	<nil>
680	1244	32	1276	<nil>
680	1210	31	1241	<nil>
680	252	14	266	<nil>
680	239	33	272	<nil>
680	242	31	273	<nil>
680	235	31	266	<nil>
680	244	29	273	<nil>
680	243	31	274	<nil>
680	242	30	272	<nil>
680	2406	0	2406	rpc error: code = Unavailable desc = transport is closing
680	27821	0	27821	rpc error: code = Unavailable desc = transport is closing
680	1607	36	1643	<nil>
680	261	12	273	<nil>
680	260	27	287	<nil>
680	257	227	484	<nil>
680	268	254	522	<nil>
680	262	257	519	<nil>
680	264	257	521	<nil>
680	260	268	528	<nil>
680	262	284	546	<nil>
680	256	292	548	<nil>
680	259	292	551	<nil>
680	261	291	552	<nil>
680	1269	289	1558	<nil>
680	261	289	550	<nil>
680	258	291	549	<nil>
680	257	292	549	<nil>
680	257	297	554	<nil>
680	264	290	554	<nil>
680	260	298	558	<nil>
680	3094	278	3372	<nil>
680	257	297	554	<nil>
680	9950	292	10242	<nil>
680	257	297	554	<nil>
680	1265	299	1564	<nil>
680	265	295	560	<nil>
680	10585	55	10640	<nil>
680	259	295	554	<nil>
680	267	293	560	<nil>
680	266	294	560	<nil>
680	287	280	567	<nil>
680	269	290	559	<nil>
680	137	292	429	<nil>
680	155	274	429	<nil>
680	272	291	563	<nil>
680	282	280	562	<nil>
680	277	292	569	<nil>
680	5676	293	5969	<nil>
680	136	293	429	<nil>
680	5824	297	6121	<nil>
680	1153	292	1445	<nil>
680	137	293	430	<nil>
680	256	313	569	<nil>
680	1194	283	1477	<nil>
680	269	294	563	<nil>
680	262	307	569	<nil>
680	5392	298	5690	<nil>
680	259	296	555	<nil>
680	281	56	337	<nil>
680	1182	299	1481	<nil>
680	263	74	337	<nil>
680	173	190	363	<nil>
680	221	138	359	<nil>
680	255	75	330	<nil>
680	42197	77	42274	<nil>
680	67143	62	67205	<nil>
680	280	42	322	<nil>
680	136	299	435	<nil>
680	307	19	326	<nil>
680	322	11	333	<nil>
680	283	54	337	<nil>
680	264	68	332	<nil>
680	256	55	311	<nil>
680	324	9	333	<nil>
680	330	9	339	<nil>
680	332	8	340	<nil>
680	320	12	332	<nil>
680	327	7	334	<nil>
680	316	20	336	<nil>
680	328	12	340	<nil>
680	270	62	332	<nil>
680	259	298	557	<nil>
680	257	297	554	<nil>
680	257	59	316	<nil>
680	258	60	318	<nil>
680	311	26	337	<nil>
680	259	69	328	<nil>
680	331	16	347	<nil>
680	331	10	341	<nil>
680	333	16	349	<nil>
680	153	245	398	<nil>
680	271	105	376	<nil>
680	277	106	383	<nil>
680	275	108	383	<nil>
680	286	106	392	<nil>
680	276	107	383	<nil>
680	333	62	395	<nil>
680	283	117	400	<nil>
680	341	52	393	<nil>
680	347	56	403	<nil>
680	263	129	392	<nil>
680	277	117	394	<nil>
680	341	72	413	<nil>
680	349	176	525	<nil>
680	341	176	517	<nil>
680	342	176	518	<nil>
680	340	177	517	<nil>
680	355	176	531	<nil>
680	319	201	520	<nil>
680	341	177	518	<nil>
680	325	200	525	<nil>
680	318	202	520	<nil>
680	324	203	527	<nil>
680	380	185	565	<nil>
680	387	170	557	<nil>
680	395	170	565	<nil>
680	396	171	567	<nil>
680	318	238	556	<nil>
680	393	173	566	<nil>
680	331	225	556	<nil>
680	442	135	577	<nil>
680	460	145	605	<nil>
680	326	284	610	<nil>
680	342	237	579	<nil>
680	318	250	568	<nil>
680	349	226	575	<nil>
680	353	219	572	<nil>
680	391	188	579	<nil>
680	391	189	580	<nil>
680	391	190	581	<nil>
680	339	266	605	<nil>
680	411	165	576	<nil>
680	328	243	571	<nil>
680	392	190	582	<nil>
680	353	227	580	<nil>
680	319	258	577	<nil>
680	394	183	577	<nil>
680	383	195	578	<nil>
680	326	252	578	<nil>
680	439	148	587	<nil>
680	321	259	580	<nil>
680	1187	247	1434	<nil>
680	377	225	602	<nil>
680	384	214	598	<nil>
680	394	211	605	<nil>
680	326	267	593	<nil>
680	335	270	605	<nil>
680	372	226	598	<nil>
680	460	146	606	<nil>
680	440	165	605	<nil>
680	336	270	606	<nil>
680	349	256	605	<nil>
680	340	265	605	<nil>
680	326	272	598	<nil>
680	341	268	609	<nil>
680	327	272	599	<nil>
680	1177	269	1446	<nil>
680	332	268	600	<nil>
680	395	204	599	<nil>
680	495	112	607	<nil>
680	469	129	598	<nil>
680	340	260	600	<nil>
680	328	260	588	<nil>
680	368	241	609	<nil>
680	323	247	570	<nil>
680	338	291	629	<nil>
680	335	295	630	<nil>
680	484	145	629	<nil>
680	5490	296	5786	<nil>
680	332	289	621	<nil>
680	318	260	578	<nil>
680	1185	805	1990	<nil>
680	471	680	1151	<nil>
680	347	814	1161	<nil>
680	382	775	1157	<nil>
680	389	772	1161	<nil>
680	2867	706	3573	<nil>
680	14417	828	15245	<nil>
680	486	672	1158	<nil>
680	28326	790	29116	<nil>
680	1369	778	2147	<nil>
680	9531	546	10077	<nil>
680	291	547	838	<nil>
680	309	529	838	<nil>
680	1198	824	2022	<nil>
680	88	812	900	<nil>
680	181	713	894	<nil>
680	227	612	839	<nil>
680	2745	834	3579	<nil>
680	210	677	887	<nil>
680	229	607	836	<nil>
680	104	782	886	<nil>
680	1338	713	2051	<nil>
680	163	733	896	<nil>
680	182	715	897	<nil>
680	288	609	897	<nil>
680	10270	834	11104	<nil>
680	92	839	931	<nil>
680	202	695	897	<nil>
680	229	655	884	<nil>
680	97	835	932	<nil>
680	164	733	897	<nil>
680	244	655	899	<nil>
680	93	840	933	<nil>
680	183	695	878	<nil>
680	236	599	835	<nil>
680	235	612	847	<nil>
680	293	546	839	<nil>
680	278	546	824	<nil>
680	232	612	844	<nil>
680	216	661	877	<nil>
680	244	594	838	<nil>
680	292	547	839	<nil>
680	4974	547	5521	<nil>
680	307	531	838	<nil>
680	293	546	839	<nil>
680	278	545	823	<nil>
680	16023	547	16570	<nil>
680	280	545	825	<nil>
680	294	531	825	<nil>
680	255	531	786	<nil>
680	292	547	839	<nil>
680	295	532	827	<nil>
680	243	0	243	rpc error: code = Unavailable desc = transport is closing
680	17416	843	18259	<nil>
680	294	568	862	<nil>
680	291	570	861	<nil>
680	308	552	860	<nil>
680	293	625	918	<nil>
680	310	615	925	<nil>
680	254	552	806	<nil>
680	4971	616	5587	<nil>
680	16958	0	16958	rpc error: code = Unavailable desc = transport is closing
680	794	0	794	rpc error: code = Unavailable desc = transport is closing
680	801	0	801	rpc error: code = Unavailable desc = transport is closing
680	5789	0	5789	rpc error: code = Unavailable desc = transport is closing
680	819	0	819	rpc error: code = Unavailable desc = transport is closing
680	1348	0	1348	rpc error: code = Unavailable desc = transport is closing
680	2688	0	2688	rpc error: code = Unavailable desc = transport is closing
680	5792	0	5792	rpc error: code = Unavailable desc = transport is closing
680	814	0	814	rpc error: code = Unavailable desc = transport is closing
680	268	0	268	rpc error: code = Unavailable desc = transport is closing
680	1617	0	1617	rpc error: code = Unavailable desc = transport is closing
680	792	0	792	rpc error: code = Unavailable desc = transport is closing
680	288	0	288	rpc error: code = Unavailable desc = transport is closing
680	3174	0	3174	rpc error: code = Unavailable desc = transport is closing
680	1610	0	1610	rpc error: code = Unavailable desc = transport is closing
680	268	0	268	rpc error: code = Unavailable desc = transport is closing
680	1592	0	1592	rpc error: code = Unavailable desc = transport is closing
680	845	0	845	rpc error: code = Unavailable desc = transport is closing
680	321	0	321	rpc error: code = Unavailable desc = transport is closing
680	260	0	260	rpc error: code = Unavailable desc = transport is closing
680	257	0	257	rpc error: code = Unavailable desc = transport is closing
680	296	660	956	<nil>
680	257	0	257	rpc error: code = Unavailable desc = transport is closing
680	801	0	801	rpc error: code = Unavailable desc = transport is closing
680	261	0	261	rpc error: code = Unavailable desc = transport is closing
680	151	0	151	rpc error: code = Unavailable desc = transport is closing
680	885	0	885	rpc error: code = Unavailable desc = transport is closing
680	878	0	878	rpc error: code = Unavailable desc = transport is closing
680	1224	0	1224	rpc error: code = Unavailable desc = transport is closing
680	821	0	821	rpc error: code = Unavailable desc = transport is closing
680	326	0	326	rpc error: code = Unavailable desc = transport is closing
680	4567	0	4567	rpc error: code = Unavailable desc = transport is closing
680	883	0	883	rpc error: code = Unavailable desc = transport is closing
680	1225	0	1225	rpc error: code = Unavailable desc = transport is closing
680	771	0	771	rpc error: code = Unavailable desc = transport is closing
680	885	0	885	rpc error: code = Unavailable desc = transport is closing
680	392	0	392	rpc error: code = Unavailable desc = transport is closing
680	884	0	884	rpc error: code = Unavailable desc = transport is closing
680	330	0	330	rpc error: code = Unavailable desc = transport is closing
680	10025	0	10025	rpc error: code = Unavailable desc = transport is closing
680	331	0	331	rpc error: code = Unavailable desc = transport is closing
680	382	0	382	rpc error: code = Unavailable desc = transport is closing
680	5749	0	5749	rpc error: code = Unavailable desc = transport is closing
680	883	0	883	rpc error: code = Unavailable desc = transport is closing
680	389	0	389	rpc error: code = Unavailable desc = transport is closing
680	256	0	256	rpc error: code = Unavailable desc = transport is closing
680	882	0	882	rpc error: code = Unavailable desc = transport is closing
680	258	0	258	rpc error: code = Unavailable desc = transport is closing
680	344	0	344	rpc error: code = Unavailable desc = transport is closing
680	262	0	262	rpc error: code = Unavailable desc = transport is closing
680	379	0	379	rpc error: code = Unavailable desc = transport is closing
680	1430	0	1430	rpc error: code = Unavailable desc = transport is closing
680	2220	0	2220	rpc error: code = Unavailable desc = transport is closing
680	861	0	861	rpc error: code = Unavailable desc = transport is closing
680	888	0	888	rpc error: code = Unavailable desc = transport is closing
680	1721	0	1721	rpc error: code = Unavailable desc = transport is closing
680	259	0	259	rpc error: code = Unavailable desc = transport is closing
680	812	0	812	rpc error: code = Unavailable desc = transport is closing
680	260	0	260	rpc error: code = Unavailable desc = transport is closing
680	8657	0	8657	rpc error: code = Unavailable desc = transport is closing
680	883	0	883	rpc error: code = Unavailable desc = transport is closing
680	1733	0	1733	rpc error: code = Unavailable desc = transport is closing
680	248	0	248	rpc error: code = Unavailable desc = transport is closing
680	1724	0	1724	rpc error: code = Unavailable desc = transport is closing
680	258	0	258	rpc error: code = Unavailable desc = transport is closing
680	269	0	269	rpc error: code = Unavailable desc = transport is closing
680	257	0	257	rpc error: code = Unavailable desc = transport is closing
680	281	0	281	rpc error: code = Unavailable desc = transport is closing
680	239	0	239	rpc error: code = Unavailable desc = transport is closing
680	1723	0	1723	rpc error: code = Unavailable desc = transport is closing
680	253	0	253	rpc error: code = Unavailable desc = transport is closing
680	1723	0	1723	rpc error: code = Unavailable desc = transport is closing
680	1736	0	1736	rpc error: code = Unavailable desc = transport is closing
680	287	615	902	<nil>
680	337	606	943	<nil>
680	233	0	233	rpc error: code = Unavailable desc = transport is closing
680	262	0	262	rpc error: code = Unavailable desc = transport is closing
680	350	602	952	<nil>
680	335	612	947	<nil>
680	296	616	912	<nil>
680	1281	0	1281	rpc error: code = Unavailable desc = transport is closing
680	16196	631	16827	<nil>
680	730	191	921	<nil>
680	334	619	953	<nil>
680	328	626	954	<nil>
680	276	0	276	rpc error: code = Unavailable desc = transport is closing
680	333	620	953	<nil>
680	347	621	968	<nil>
680	348	621	969	<nil>
680	330	625	955	<nil>
680	332	630	962	<nil>
680	300	632	932	<nil>
680	164	633	797	<nil>
680	1722	0	1722	rpc error: code = Unavailable desc = transport is closing
680	347	610	957	<nil>
680	334	638	972	<nil>
680	2845	0	2845	rpc error: code = Unavailable desc = transport is closing
680	5635	642	6277	<nil>
680	604	202	806	<nil>
680	277	0	277	rpc error: code = Unavailable desc = transport is closing
680	339	658	997	<nil>
680	308	643	951	<nil>
680	14760	727	15487	<nil>
680	168	740	908	<nil>
680	335	748	1083	<nil>
680	275	748	1023	<nil>
680	349	748	1097	<nil>
680	226	749	975	<nil>
680	283	747	1030	<nil>
680	364	758	1122	<nil>
680	343	756	1099	<nil>
680	278	745	1023	<nil>
680	167	757	924	<nil>
680	163	760	923	<nil>
680	357	763	1120	<nil>
680	165	783	948	<nil>
680	358	779	1137	<nil>
680	299	780	1079	<nil>
680	359	776	1135	<nil>
680	9129	328	9457	<nil>
680	641	329	970	<nil>
680	816	329	1145	<nil>
680	818	328	1146	<nil>
680	816	328	1144	<nil>
680	771	328	1099	<nil>
680	757	328	1085	<nil>
680	817	328	1145	<nil>
680	817	329	1146	<nil>
680	814	329	1143	<nil>
680	642	328	970	<nil>
680	9758	364	10122	<nil>
680	5604	304	5908	<nil>
680	715	304	1019	<nil>
680	670	304	974	<nil>
680	6434	303	6737	<nil>
680	5573	304	5877	<nil>
680	720	259	979	<nil>
680	743	236	979	<nil>
680	802	236	1038	<nil>
680	802	236	1038	<nil>
680	779	208	987	<nil>
680	831	208	1039	<nil>
680	744	238	982	<nil>
680	802	237	1039	<nil>
680	779	217	996	<nil>
680	828	223	1051	<nil>
680	802	216	1018	<nil>
680	805	214	1019	<nil>
680	802	214	1016	<nil>
680	801	215	1016	<nil>
680	803	214	1017	<nil>
680	786	229	1015	<nil>
680	816	225	1041	<nil>
680	869	0	869	rpc error: code = Unavailable desc = transport is closing
680	809	256	1065	<nil>
680	810	256	1066	<nil>
680	810	256	1066	<nil>
680	870	0	870	rpc error: code = Unavailable desc = transport is closing
680	871	0	871	rpc error: code = Unavailable desc = transport is closing
680	872	0	872	rpc error: code = Unavailable desc = transport is closing
680	868	0	868	rpc error: code = Unavailable desc = transport is closing
680	872	0	872	rpc error: code = Unavailable desc = transport is closing
680	872	0	872	rpc error: code = Unavailable desc = transport is closing
680	853	256	1109	<nil>
680	872	0	872	rpc error: code = Unavailable desc = transport is closing
680	858	252	1110	<nil>
680	855	251	1106	<nil>
680	868	243	1111	<nil>
680	861	251	1112	<nil>
680	869	243	1112	<nil>
680	868	243	1111	<nil>
680	6383	243	6626	<nil>
680	872	0	872	rpc error: code = Unavailable desc = transport is closing
680	806	0	806	rpc error: code = Unavailable desc = transport is closing
680	872	0	872	rpc error: code = Unavailable desc = transport is closing
680	871	0	871	rpc error: code = Unavailable desc = transport is closing
680	872	0	872	rpc error: code = Unavailable desc = transport is closing
680	869	245	1114	<nil>
680	6061	245	6306	<nil>
680	73468	245	73713	<nil>
680	873	0	873	rpc error: code = Unavailable desc = transport is closing
680	876	0	876	rpc error: code = Unavailable desc = transport is closing
680	1833	0	1833	rpc error: code = Unavailable desc = transport is closing
680	1833	0	1833	rpc error: code = Unavailable desc = transport is closing
680	873	0	873	rpc error: code = Unavailable desc = transport is closing
680	876	0	876	rpc error: code = Unavailable desc = transport is closing
680	874	0	874	rpc error: code = Unavailable desc = transport is closing
680	874	0	874	rpc error: code = Unavailable desc = transport is closing
680	1833	0	1833	rpc error: code = Unavailable desc = transport is closing
680	1779	0	1779	rpc error: code = Unavailable desc = transport is closing
680	28186	0	28186	rpc error: code = Unavailable desc = transport is closing
680	389	0	389	rpc error: code = Unavailable desc = transport is closing
680	10272	0	10272	rpc error: code = Unavailable desc = transport is closing
680	1845	0	1845	rpc error: code = Unavailable desc = transport is closing
680	1853	0	1853	rpc error: code = Unavailable desc = transport is closing
680	382	181	563	<nil>
680	378	183	561	<nil>
680	380	184	564	<nil>
680	388	174	562	<nil>
680	380	185	565	<nil>
680	384	180	564	<nil>
680	400	162	562	<nil>
680	363	178	541	<nil>
680	5913	163	6076	<nil>
680	393	169	562	<nil>
680	382	183	565	<nil>
680	422	144	566	<nil>
680	6187	144	6331	<nil>
680	3409	101	3510	<nil>
680	388	102	490	<nil>
680	462	102	564	<nil>
680	397	145	542	<nil>
680	357	140	497	<nil>
680	421	146	567	<nil>
680	3408	103	3511	<nil>
680	403	140	543	<nil>
680	423	142	565	<nil>
680	462	104	566	<nil>
680	404	138	542	<nil>
680	420	145	565	<nil>
680	3332	140	3472	<nil>
680	423	144	567	<nil>
680	3159	139	3298	<nil>
680	440	113	553	<nil>
680	395	114	509	<nil>
680	402	109	511	<nil>
680	420	94	514	<nil>
680	336	95	431	<nil>
680	416	100	516	<nil>
680	361	93	454	<nil>
680	390	123	513	<nil>
680	3085	120	3205	<nil>
680	3380	122	3502	<nil>
680	6189	109	6298	<nil>
680	10243	122	10365	<nil>
680	8867	103	8970	<nil>
680	441	123	564	<nil>
680	393	119	512	<nil>
680	279	98	377	<nil>
680	330	101	431	<nil>
680	289	106	395	<nil>
680	3302	106	3408	<nil>
680	6114	106	6220	<nil>
680	289	110	399	<nil>
680	6471	121	6592	<nil>
680	2780	114	2894	<nil>
680	242	116	358	<nil>
680	46200	116	46316	<nil>
680	244	117	361	<nil>
680	242	116	358	<nil>
680	223	116	339	<nil>
680	16668	116	16784	<nil>
680	2986	115	3101	<nil>
680	206	115	321	<nil>
680	10410	115	10525	<nil>
680	208	143	351	<nil>
680	181	141	322	<nil>
680	176	141	317	<nil>
680	183	141	324	<nil>
680	188	145	333	<nil>
680	191	141	332	<nil>
680	1163	127	1290	<nil>
680	160	125	285	<nil>
680	162	125	287	<nil>
680	182	104	286	<nil>
680	182	105	287	<nil>
680	162	127	289	<nil>
680	139	113	252	<nil>
680	118	128	246	<nil>
680	161	130	291	<nil>
680	10531	114	10645	<nil>
680	115	128	243	<nil>
680	119	131	250	<nil>
680	141	113	254	<nil>
680	118	142	260	<nil>
680	148	106	254	<nil>
680	167	118	285	<nil>
680	178	107	285	<nil>
680	164	118	282	<nil>
680	144	133	277	<nil>
680	158	144	302	<nil>
680	144	142	286	<nil>
680	136	150	286	<nil>
680	140	169	309	<nil>
680	182	148	330	<nil>
680	144	152	296	<nil>
680	149	157	306	<nil>
680	124	130	254	<nil>
680	10771	132	10903	<nil>
680	10359	159	10518	<nil>
680	159	145	304	<nil>
680	124	133	257	<nil>
680	123	132	255	<nil>
680	142	155	297	<nil>
680	30275	165	30440	<nil>
680	140	144	284	<nil>
680	145	142	287	<nil>
680	143	163	306	<nil>
680	151	163	314	<nil>
680	124	132	256	<nil>
680	143	163	306	<nil>
680	147	684	831	<nil>
680	188	645	833	<nil>
680	148	687	835	<nil>
680	168	652	820	<nil>
680	147	688	835	<nil>
680	216	619	835	<nil>
680	178	643	821	<nil>
680	145	689	834	<nil>
680	26856	623	27479	<nil>
680	179	607	786	<nil>
680	177	609	786	<nil>
680	257	642	899	<nil>
680	146	608	754	<nil>
680	214	613	827	<nil>
680	184	643	827	<nil>
680	203	624	827	<nil>
680	182	658	840	<nil>
680	154	611	765	<nil>
680	202	624	826	<nil>
680	179	607	786	<nil>
680	168	655	823	<nil>
680	196	632	828	<nil>
680	173	656	829	<nil>
680	214	625	839	<nil>
680	203	625	828	<nil>
680	186	654	840	<nil>
680	148	685	833	<nil>
680	154	674	828	<nil>
680	180	621	801	<nil>
680	218	649	867	<nil>
680	180	621	801	<nil>
680	155	600	755	<nil>
680	16464	606	17070	<nil>
680	195	712	907	<nil>
680	178	715	893	<nil>
680	294	598	892	<nil>
680	241	645	886	<nil>
680	185	608	793	<nil>
680	186	607	793	<nil>
680	185	607	792	<nil>
680	184	667	851	<nil>
680	185	607	792	<nil>
680	181	712	893	<nil>
680	185	607	792	<nil>
680	193	712	905	<nil>
680	161	603	764	<nil>
680	185	606	791	<nil>
680	159	606	765	<nil>
680	180	672	852	<nil>
680	155	600	755	<nil>
680	185	607	792	<nil>
680	183	669	852	<nil>
680	177	674	851	<nil>
680	298	594	892	<nil>
680	149	603	752	<nil>
680	161	603	764	<nil>
680	162	668	830	<nil>
680	182	670	852	<nil>
680	180	672	852	<nil>
680	180	671	851	<nil>
680	245	606	851	<nil>
680	16402	667	17069	<nil>
680	5638	89	5727	<nil>
680	5751	154	5905	<nil>
680	682	154	836	<nil>
680	682	155	837	<nil>
680	5769	154	5923	<nil>
680	680	154	834	<nil>
680	686	156	842	<nil>
680	686	155	841	<nil>
680	645	154	799	<nil>
680	683	155	838	<nil>
680	686	154	840	<nil>
680	2940	157	3097	<nil>
680	683	155	838	<nil>
680	28041	141	28182	<nil>
680	662	142	804	<nil>
680	686	158	844	<nil>
680	667	132	799	<nil>
680	3071	134	3205	<nil>
680	663	132	795	<nil>
680	664	135	799	<nil>
680	737	134	871	<nil>
680	9907	135	10042	<nil>
680	735	138	873	<nil>
680	654	141	795	<nil>
680	737	136	873	<nil>
680	3013	137	3150	<nil>
680	671	136	807	<nil>
680	659	154	813	<nil>
680	780	141	921	<nil>
680	185	33	218	<nil>
680	187	39	226	<nil>
680	663	161	824	<nil>
680	660	160	820	<nil>
680	606	144	750	<nil>
680	189	38	227	<nil>
680	660	160	820	<nil>
680	660	161	821	<nil>
680	5838	144	5982	<nil>
680	662	162	824	<nil>
680	158	72	230	<nil>
680	184	34	218	<nil>
680	159	7	166	<nil>
680	89	8	97	<nil>
680	171	3	174	<nil>
680	661	161	822	<nil>
680	158	70	228	<nil>
680	187	34	221	<nil>
680	186	34	220	<nil>
680	660	162	822	<nil>
680	2904	7	2911	<nil>
680	156	75	231	<nil>
680	197	34	231	<nil>
680	185	33	218	<nil>
680	156	75	231	<nil>
680	185	35	220	<nil>
680	185	34	219	<nil>
680	193	1	194	<nil>
680	182	36	218	<nil>
680	140	16	156	<nil>
680	192	37	229	<nil>
680	53	1	54	<nil>
680	189	40	229	<nil>
680	141	17	158	<nil>
680	143	17	160	<nil>
680	5981	37	6018	<nil>
680	208	22	230	<nil>
680	5985	17	6002	<nil>
680	147	18	165	<nil>
680	186	57	243	<nil>
680	81	4	85	<nil>
680	1165	17	1182	<nil>
680	142	19	161	<nil>
680	199	30	229	<nil>
680	185	58	243	<nil>
680	5962	42	6004	<nil>
680	167	18	185	<nil>
680	659	162	821	<nil>
680	91	2	93	<nil>
680	169	5	174	<nil>
680	158	6	164	<nil>
680	164	2	166	<nil>
680	89	3	92	<nil>
680	93	2	95	<nil>
680	2453	3	2456	<nil>
680	89	2	91	<nil>
680	5995	9	6004	<nil>
680	1139	6	1145	<nil>
680	157	9	166	<nil>
680	62	1	63	<nil>
680	159	7	166	<nil>
680	159	7	166	<nil>
680	158	9	167	<nil>
680	61	1	62	<nil>
680	5402	9	5411	<nil>
680	166	8	174	<nil>
680	185	33	218	<nil>
680	157	9	166	<nil>
680	157	9	166	<nil>
680	2904	4	2908	<nil>
680	185	33	218	<nil>
680	185	34	219	<nil>
680	175	4	179	<nil>
680	46	4	50	<nil>
680	10010	4	10014	<nil>
680	165	4	169	<nil>
680	188	41	229	<nil>
680	6005	1	6006	<nil>
680	162	69	231	<nil>
680	197	35	232	<nil>
680	46	7	53	<nil>
680	159	11	170	<nil>
680	1099	15	1114	<nil>
680	91	10	101	<nil>
680	1200	17	1217	<nil>
680	161	12	173	<nil>
680	86	10	96	<nil>
680	203	28	231	<nil>
680	199	0	199	<nil>
680	161	11	172	<nil>
680	52	9	61	<nil>
680	161	5	166	<nil>
680	356	0	356	rpc error: code = Unavailable desc = transport is closing
680	351	0	351	rpc error: code = Unavailable desc = transport is closing
680	180	0	180	rpc error: code = Unavailable desc = transport is closing
680	351	0	351	rpc error: code = Unavailable desc = transport is closing
680	337	0	337	rpc error: code = Unavailable desc = transport is closing
680	357	0	357	rpc error: code = Unavailable desc = transport is closing
680	1175	21	1196	<nil>
680	189	22	211	<nil>
680	212	26	238	<nil>
680	165	24	189	<nil>
680	157	28	185	<nil>
680	190	26	216	<nil>
680	163	25	188	<nil>
680	195	2	197	<nil>
680	195	3	198	<nil>
680	115	2	117	<nil>
680	5524	4	5528	<nil>
680	1029	3	1032	<nil>
680	198	4	202	<nil>
680	165	47	212	<nil>
680	160	0	160	rpc error: code = Unavailable desc = transport is closing
680	377	0	377	rpc error: code = Unavailable desc = transport is closing
680	26	3	29	<nil>
680	169	37	206	<nil>
680	168	38	206	<nil>
680	355	0	355	rpc error: code = Unavailable desc = transport is closing
680	15981	0	15981	rpc error: code = Unavailable desc = transport is closing
680	219	5	224	<nil>
680	109	10	119	<nil>
680	213	5	218	<nil>
680	5525	10	5535	<nil>
680	193	44	237	<nil>
680	378	0	378	rpc error: code = Unavailable desc = transport is closing
680	376	0	376	rpc error: code = Unavailable desc = transport is closing
680	354	0	354	rpc error: code = Unavailable desc = transport is closing
680	9655	47	9702	<nil>
680	5967	0	5967	rpc error: code = Unavailable desc = transport is closing
680	5539	5	5544	<nil>
680	359	0	359	rpc error: code = Unavailable desc = transport is closing
680	174	40	214	<nil>
680	161	61	222	<nil>
680	1095	8	1103	<nil>
680	196	22	218	<nil>
680	270	3	273	<nil>
680	221	7	228	<nil>
680	188	60	248	<nil>
680	1168	60	1228	<nil>
680	17	2	19	<nil>
680	382	0	382	rpc error: code = Unavailable desc = transport is closing
680	210	6	216	<nil>
680	366	0	366	rpc error: code = Unavailable desc = transport is closing
680	211	10	221	<nil>
680	374	0	374	rpc error: code = Unavailable desc = transport is closing
680	196	29	225	<nil>
680	164	58	222	<nil>
680	354	0	354	rpc error: code = Unavailable desc = transport is closing
680	381	0	381	rpc error: code = Unavailable desc = transport is closing
680	8911	11	8922	<nil>
680	216	8	224	<nil>
680	158	70	228	<nil>
680	385	0	385	rpc error: code = Unavailable desc = transport is closing
680	177	65	242	<nil>
680	207	23	230	<nil>
680	221	19	240	<nil>
680	186	0	186	rpc error: code = Unavailable desc = transport is closing
680	185	0	185	rpc error: code = Unavailable desc = transport is closing
680	214	22	236	<nil>
680	194	48	242	<nil>
680	10453	48	10501	<nil>
680	126	48	174	<nil>
680	124	48	172	<nil>
680	258	0	258	rpc error: code = Unavailable desc = transport is closing
680	197	48	245	<nil>
680	194	48	242	<nil>
680	110	48	158	<nil>
680	125	48	173	<nil>
680	212	65	277	<nil>
680	211	65	276	<nil>
680	8804	65	8869	<nil>
680	215	64	279	<nil>
680	228	65	293	<nil>
680	209	65	274	<nil>
680	211	65	276	<nil>
680	162	62	224	<nil>
680	211	64	275	<nil>
680	10466	68	10534	<nil>
680	17	75	92	<nil>
680	214	67	281	<nil>
680	143	80	223	<nil>
680	216	80	296	<nil>
680	216	75	291	<nil>
680	16	76	92	<nil>
680	127	81	208	<nil>
680	215	80	295	<nil>
680	219	77	296	<nil>
680	211	83	294	<nil>
680	212	79	291	<nil>
680	213	83	296	<nil>
680	227	89	316	<nil>
680	253	122	375	<nil>
680	219	120	339	<nil>
680	8975	122	9097	<nil>
680	216	122	338	<nil>
680	215	124	339	<nil>
680	212	126	338	<nil>
680	216	122	338	<nil>
680	235	123	358	<nil>
680	225	134	359	<nil>
680	220	146	366	<nil>
680	205	201	406	<nil>
680	6154	0	6154	rpc error: code = Unavailable desc = transport is closing
680	394	0	394	rpc error: code = Unavailable desc = transport is closing
680	1201	0	1201	rpc error: code = Unavailable desc = transport is closing
680	228	185	413	<nil>
680	261	185	446	<nil>
680	334	0	334	rpc error: code = Unavailable desc = transport is closing
680	228	187	415	<nil>
680	2957	0	2957	rpc error: code = Unavailable desc = transport is closing
680	291	0	291	rpc error: code = Unavailable desc = transport is closing
680	193	223	416	<nil>
680	315	0	315	rpc error: code = Unavailable desc = transport is closing
680	185	0	185	rpc error: code = Unavailable desc = transport is closing
680	1332	0	1332	rpc error: code = Unavailable desc = transport is closing
680	300	0	300	rpc error: code = Unavailable desc = transport is closing
680	300	0	300	rpc error: code = Unavailable desc = transport is closing
680	3097	0	3097	rpc error: code = Unavailable desc = transport is closing
680	357	0	357	rpc error: code = Unavailable desc = transport is closing
680	192	0	192	rpc error: code = Unavailable desc = transport is closing
680	337	0	337	rpc error: code = Unavailable desc = transport is closing
680	355	0	355	rpc error: code = Unavailable desc = transport is closing
680	6193	0	6193	rpc error: code = Unavailable desc = transport is closing
680	1386	0	1386	rpc error: code = Unavailable desc = transport is closing
680	10338	0	10338	rpc error: code = Unavailable desc = transport is closing
680	2720	230	2950	<nil>
680	397	0	397	rpc error: code = Unavailable desc = transport is closing
680	10002	0	10002	rpc error: code = Unavailable desc = transport is closing
680	3003	0	3003	rpc error: code = Unavailable desc = transport is closing
680	310	0	310	rpc error: code = Unavailable desc = transport is closing
680	25397	0	25397	rpc error: code = Unavailable desc = transport is closing
680	6239	0	6239	rpc error: code = Unavailable desc = transport is closing
680	394	0	394	rpc error: code = Unavailable desc = transport is closing
680	186	218	404	<nil>
680	317	0	317	rpc error: code = Unavailable desc = transport is closing
680	238	173	411	<nil>
680	2753	206	2959	<nil>
680	252	172	424	<nil>
680	9826	223	10049	<nil>
680	206	204	410	<nil>
680	204	223	427	<nil>
680	1278	224	1502	<nil>
680	307	239	546	<nil>
680	9089	210	9299	<nil>
680	206	0	206	rpc error: code = Unavailable desc = transport is closing
680	3017	0	3017	rpc error: code = Unavailable desc = transport is closing
680	338	0	338	rpc error: code = Unavailable desc = transport is closing
680	3254	210	3464	<nil>
680	268	211	479	<nil>
680	270	198	468	<nil>
680	400	0	400	rpc error: code = Unavailable desc = transport is closing
680	357	212	569	<nil>
680	337	0	337	rpc error: code = Unavailable desc = transport is closing
680	357	199	556	<nil>
680	271	199	470	<nil>
680	412	0	412	rpc error: code = Unavailable desc = transport is closing
680	427	0	427	rpc error: code = Unavailable desc = transport is closing
680	357	0	357	rpc error: code = Unavailable desc = transport is closing
680	426	0	426	rpc error: code = Unavailable desc = transport is closing
680	6399	0	6399	rpc error: code = Unavailable desc = transport is closing
680	245	197	442	<nil>
680	301	0	301	rpc error: code = Unavailable desc = transport is closing
680	425	0	425	rpc error: code = Unavailable desc = transport is closing
680	272	173	445	<nil>
680	272	173	445	<nil>
680	414	0	414	rpc error: code = Unavailable desc = transport is closing
680	426	0	426	rpc error: code = Unavailable desc = transport is closing
680	424	0	424	rpc error: code = Unavailable desc = transport is closing
680	422	0	422	rpc error: code = Unavailable desc = transport is closing
680	263	168	431	<nil>
680	412	0	412	rpc error: code = Unavailable desc = transport is closing
680	417	0	417	rpc error: code = Unavailable desc = transport is closing
680	420	0	420	rpc error: code = Unavailable desc = transport is closing
680	6012	0	6012	rpc error: code = Unavailable desc = transport is closing
680	269	147	416	<nil>
680	422	0	422	rpc error: code = Unavailable desc = transport is closing
680	397	0	397	rpc error: code = Unavailable desc = transport is closing
680	294	147	441	<nil>
680	419	0	419	rpc error: code = Unavailable desc = transport is closing
680	274	149	423	<nil>
680	268	149	417	<nil>
680	359	0	359	rpc error: code = Unavailable desc = transport is closing
680	10230	0	10230	rpc error: code = Unavailable desc = transport is closing
680	271	159	430	<nil>
680	275	147	422	<nil>
680	3249	0	3249	rpc error: code = Unavailable desc = transport is closing
680	3085	0	3085	rpc error: code = Unavailable desc = transport is closing
680	399	0	399	rpc error: code = Unavailable desc = transport is closing
680	413	0	413	rpc error: code = Unavailable desc = transport is closing
680	392	0	392	rpc error: code = Unavailable desc = transport is closing
680	3220	0	3220	rpc error: code = Unavailable desc = transport is closing
680	1913	0	1913	rpc error: code = Unavailable desc = transport is closing
680	1919	0	1919	rpc error: code = Unavailable desc = transport is closing
680	1912	0	1912	rpc error: code = Unavailable desc = transport is closing
680	407	0	407	rpc error: code = Unavailable desc = transport is closing
680	3786	0	3786	rpc error: code = Unavailable desc = transport is closing
680	1566	0	1566	rpc error: code = Unavailable desc = transport is closing
680	1915	0	1915	rpc error: code = Unavailable desc = transport is closing
680	1570	0	1570	rpc error: code = Unavailable desc = transport is closing
680	5927	0	5927	rpc error: code = Unavailable desc = transport is closing
680	3417	0	3417	rpc error: code = Unavailable desc = transport is closing
680	1571	0	1571	rpc error: code = Unavailable desc = transport is closing
680	5716	0	5716	rpc error: code = Unavailable desc = transport is closing
680	3251	0	3251	rpc error: code = Unavailable desc = transport is closing
680	291	0	291	rpc error: code = Unavailable desc = transport is closing
680	9531	0	9531	rpc error: code = Unavailable desc = transport is closing
680	1918	0	1918	rpc error: code = Unavailable desc = transport is closing
680	3087	0	3087	rpc error: code = Unavailable desc = transport is closing
680	1565	0	1565	rpc error: code = Unavailable desc = transport is closing
680	9536	0	9536	rpc error: code = Unavailable desc = transport is closing
680	9915	0	9915	rpc error: code = Unavailable desc = transport is closing
680	2945	0	2945	rpc error: code = Unavailable desc = transport is closing
680	1862	0	1862	rpc error: code = Unavailable desc = transport is closing
680	277	166	443	<nil>
680	3425	0	3425	rpc error: code = Unavailable desc = transport is closing
680	10013	0	10013	rpc error: code = Unavailable desc = transport is closing
680	1572	0	1572	rpc error: code = Unavailable desc = transport is closing
680	5992	0	5992	rpc error: code = Unavailable desc = transport is closing
680	1894	0	1894	rpc error: code = Unavailable desc = transport is closing
680	893	0	893	rpc error: code = Unavailable desc = transport is closing
680	1364	0	1364	rpc error: code = Unavailable desc = transport is closing
680	893	0	893	rpc error: code = Unavailable desc = transport is closing
680	1861	0	1861	rpc error: code = Unavailable desc = transport is closing
680	1571	0	1571	rpc error: code = Unavailable desc = transport is closing
680	6259	0	6259	rpc error: code = Unavailable desc = transport is closing
680	1860	0	1860	rpc error: code = Unavailable desc = transport is closing
680	6216	0	6216	rpc error: code = Unavailable desc = transport is closing
680	6151	0	6151	rpc error: code = Unavailable desc = transport is closing
680	6258	0	6258	rpc error: code = Unavailable desc = transport is closing
680	2932	0	2932	rpc error: code = Unavailable desc = transport is closing
680	3237	0	3237	rpc error: code = Unavailable desc = transport is closing
680	1571	0	1571	rpc error: code = Unavailable desc = transport is closing
680	1916	0	1916	rpc error: code = Unavailable desc = transport is closing
680	26397	0	26397	rpc error: code = Unavailable desc = transport is closing
680	414	0	414	rpc error: code = Unavailable desc = transport is closing
680	280	147	427	<nil>
680	2868	0	2868	rpc error: code = Unavailable desc = transport is closing
680	242	0	242	rpc error: code = Unavailable desc = transport is closing
680	421	0	421	rpc error: code = Unavailable desc = transport is closing
680	412	0	412	rpc error: code = Unavailable desc = transport is closing
680	46513	0	46513	rpc error: code = Unavailable desc = transport is closing
680	3380	0	3380	rpc error: code = Unavailable desc = transport is closing
680	279	190	469	<nil>
680	16918	0	16918	rpc error: code = Unavailable desc = transport is closing
680	5832	0	5832	rpc error: code = Unavailable desc = transport is closing
680	1923	0	1923	rpc error: code = Unavailable desc = transport is closing
680	1920	0	1920	rpc error: code = Unavailable desc = transport is closing
680	417	0	417	rpc error: code = Unavailable desc = transport is closing
680	430	0	430	rpc error: code = Unavailable desc = transport is closing
680	6048	0	6048	rpc error: code = Unavailable desc = transport is closing
680	320	224	544	<nil>
680	273	225	498	<nil>
680	277	730	1007	<nil>
680	282	730	1012	<nil>
680	279	745	1024	<nil>
680	274	745	1019	<nil>
680	281	747	1028	<nil>
680	290	704	994	<nil>
680	333	699	1032	<nil>
680	333	705	1038	<nil>
680	333	702	1035	<nil>
680	318	705	1023	<nil>
680	255	661	916	<nil>
680	259	661	920	<nil>
680	253	663	916	<nil>
680	317	663	980	<nil>
680	319	662	981	<nil>
680	399	665	1064	<nil>
680	317	663	980	<nil>
680	318	662	980	<nil>
680	230	662	892	<nil>
680	303	662	965	<nil>
680	253	664	917	<nil>
680	254	662	916	<nil>
680	318	662	980	<nil>
680	14831	666	15497	<nil>
680	255	662	917	<nil>
680	9346	663	10009	<nil>
680	253	663	916	<nil>
680	236	666	902	<nil>
680	220	664	884	<nil>
680	252	665	917	<nil>
680	301	665	966	<nil>
680	16516	664	17180	<nil>
680	314	666	980	<nil>
680	5198	665	5863	<nil>
680	251	666	917	<nil>
680	3057	666	3723	<nil>
680	359	666	1025	<nil>
680	199	656	855	<nil>
680	196	658	854	<nil>
680	196	658	854	<nil>
680	5181	659	5840	<nil>
680	256	661	917	<nil>
680	195	659	854	<nil>
680	5367	663	6030	<nil>
680	253	662	915	<nil>
680	255	662	917	<nil>
680	319	661	980	<nil>
680	258	659	917	<nil>
680	318	666	984	<nil>
680	284	0	284	rpc error: code = Unavailable desc = transport is closing
680	324	718	1042	<nil>
680	316	722	1038	<nil>
680	332	724	1056	<nil>
680	5884	718	6602	<nil>
680	3036	718	3754	<nil>
680	341	724	1065	<nil>
680	2967	702	3669	<nil>
680	337	714	1051	<nil>
680	6385	702	7087	<nil>
680	358	682	1040	<nil>
680	364	687	1051	<nil>
680	388	0	388	rpc error: code = Unavailable desc = transport is closing
680	6149	0	6149	rpc error: code = Unavailable desc = transport is closing
680	463	0	463	rpc error: code = Unavailable desc = transport is closing
680	394	0	394	rpc error: code = Unavailable desc = transport is closing
680	336	718	1054	<nil>
680	392	687	1079	<nil>
680	328	724	1052	<nil>
680	338	702	1040	<nil>
680	331	719	1050	<nil>
680	338	690	1028	<nil>
680	391	689	1080	<nil>
680	2981	689	3670	<nil>
680	333	829	1162	<nil>
680	327	832	1159	<nil>
680	332	828	1160	<nil>
680	335	829	1164	<nil>
680	331	828	1159	<nil>
680	45576	829	46405	<nil>
680	324	828	1152	<nil>
680	339	835	1174	<nil>
680	346	805	1151	<nil>
680	348	814	1162	<nil>
680	390	801	1191	<nil>
680	365	799	1164	<nil>
680	387	0	387	rpc error: code = Unavailable desc = transport is closing
680	299	794	1093	<nil>
680	201	789	990	<nil>
680	337	815	1152	<nil>
680	310	795	1105	<nil>
680	377	816	1193	<nil>
680	390	803	1193	<nil>
680	360	794	1154	<nil>
680	369	796	1165	<nil>
680	359	795	1154	<nil>
680	17016	795	17811	<nil>
680	398	795	1193	<nil>
680	299	836	1135	<nil>
680	201	808	1009	<nil>
680	203	819	1022	<nil>
680	159	0	159	rpc error: code = Unavailable desc = transport is closing
680	161	0	161	rpc error: code = Unavailable desc = transport is closing
680	289	0	289	rpc error: code = Unavailable desc = transport is closing
680	292	0	292	rpc error: code = Unavailable desc = transport is closing
680	201	823	1024	<nil>
680	204	821	1025	<nil>
680	201	823	1024	<nil>
680	201	823	1024	<nil>
680	291	0	291	rpc error: code = Unavailable desc = transport is closing
680	202	821	1023	<nil>
680	289	0	289	rpc error: code = Unavailable desc = transport is closing
680	204	800	1004	<nil>
680	186	834	1020	<nil>
680	186	834	1020	<nil>
680	204	800	1004	<nil>
680	202	848	1050	<nil>
680	186	834	1020	<nil>
680	186	834	1020	<nil>
680	204	800	1004	<nil>
680	217	804	1021	<nil>
680	204	841	1045	<nil>
680	202	846	1048	<nil>
680	202	846	1048	<nil>
680	756	281	1037	<nil>
680	15447	285	15732	<nil>
680	766	286	1052	<nil>
680	713	280	993	<nil>
680	738	287	1025	<nil>
680	712	287	999	<nil>
680	784	282	1066	<nil>
680	783	301	1084	<nil>
680	814	208	1022	<nil>
680	768	355	1123	<nil>
680	819	249	1068	<nil>
680	5982	251	6233	<nil>
680	822	251	1073	<nil>
680	808	0	808	rpc error: code = Unavailable desc = transport is closing
680	787	0	787	rpc error: code = Unavailable desc = transport is closing
680	893	251	1144	<nil>
680	761	375	1136	<nil>
680	892	264	1156	<nil>
680	861	265	1126	<nil>
680	890	265	1155	<nil>
680	827	264	1091	<nil>
680	827	264	1091	<nil>
680	817	264	1081	<nil>
680	858	265	1123	<nil>
680	809	0	809	rpc error: code = Unavailable desc = transport is closing
680	809	0	809	rpc error: code = Unavailable desc = transport is closing
680	828	0	828	rpc error: code = Unavailable desc = transport is closing
680	3152	0	3152	rpc error: code = Unavailable desc = transport is closing
680	3131	265	3396	<nil>
680	831	265	1096	<nil>
680	811	0	811	rpc error: code = Unavailable desc = transport is closing
680	819	0	819	rpc error: code = Unavailable desc = transport is closing
680	834	0	834	rpc error: code = Unavailable desc = transport is closing
680	831	0	831	rpc error: code = Unavailable desc = transport is closing
680	825	0	825	rpc error: code = Unavailable desc = transport is closing
680	830	268	1098	<nil>
680	817	0	817	rpc error: code = Unavailable desc = transport is closing
680	829	0	829	rpc error: code = Unavailable desc = transport is closing
680	834	0	834	rpc error: code = Unavailable desc = transport is closing
680	835	0	835	rpc error: code = Unavailable desc = transport is closing
680	861	269	1130	<nil>
680	831	0	831	rpc error: code = Unavailable desc = transport is closing
680	830	270	1100	<nil>
680	6585	397	6982	<nil>
680	869	270	1139	<nil>
680	3220	0	3220	rpc error: code = Unavailable desc = transport is closing
680	10185	270	10455	<nil>
680	16058	0	16058	rpc error: code = Unavailable desc = transport is closing
680	802	0	802	rpc error: code = Unavailable desc = transport is closing
680	814	0	814	rpc error: code = Unavailable desc = transport is closing
680	816	0	816	rpc error: code = Unavailable desc = transport is closing
680	817	0	817	rpc error: code = Unavailable desc = transport is closing
680	818	0	818	rpc error: code = Unavailable desc = transport is closing
680	813	0	813	rpc error: code = Unavailable desc = transport is closing
680	802	0	802	rpc error: code = Unavailable desc = transport is closing
680	817	0	817	rpc error: code = Unavailable desc = transport is closing
680	812	0	812	rpc error: code = Unavailable desc = transport is closing
680	812	0	812	rpc error: code = Unavailable desc = transport is closing
680	818	0	818	rpc error: code = Unavailable desc = transport is closing
680	812	0	812	rpc error: code = Unavailable desc = transport is closing
680	812	0	812	rpc error: code = Unavailable desc = transport is closing
680	819	0	819	rpc error: code = Unavailable desc = transport is closing
680	809	0	809	rpc error: code = Unavailable desc = transport is closing
680	811	0	811	rpc error: code = Unavailable desc = transport is closing
680	800	0	800	rpc error: code = Unavailable desc = transport is closing
680	808	0	808	rpc error: code = Unavailable desc = transport is closing
680	821	0	821	rpc error: code = Unavailable desc = transport is closing
680	785	0	785	rpc error: code = Unavailable desc = transport is closing
680	1804	205	2009	<nil>
680	9887	206	10093	<nil>
680	3067	205	3272	<nil>
680	3204	211	3415	<nil>
680	1533	210	1743	<nil>
680	1535	210	1745	<nil>
680	1554	207	1761	<nil>
680	384	206	590	<nil>
680	1797	206	2003	<nil>
680	3077	204	3281	<nil>
680	15830	204	16034	<nil>
680	5627	109	5736	<nil>
680	2925	193	3118	<nil>
680	338	115	453	<nil>
680	27209	109	27318	<nil>
680	9758	112	9870	<nil>
680	302	107	409	<nil>
680	1631	118	1749	<nil>
680	344	109	453	<nil>
680	268	183	451	<nil>
680	6228	200	6428	<nil>
680	3205	206	3411	<nil>
680	272	113	385	<nil>
680	300	109	409	<nil>
680	3216	205	3421	<nil>
680	5435	193	5628	<nil>
680	385	206	591	<nil>
680	292	107	399	<nil>
680	300	109	409	<nil>
680	1812	206	2018	<nil>
680	341	109	450	<nil>
680	343	73	416	<nil>
680	3182	102	3284	<nil>
680	339	112	451	<nil>
680	346	103	449	<nil>
680	306	110	416	<nil>
680	282	123	405	<nil>
680	292	126	418	<nil>
680	270	103	373	<nil>
680	320	140	460	<nil>
680	1280	108	1388	<nil>
680	5624	107	5731	<nil>
680	206	107	313	<nil>
680	212	107	319	<nil>
680	206	108	314	<nil>
680	252	50	302	<nil>
680	6463	46	6509	<nil>
680	242	51	293	<nil>
680	247	46	293	<nil>
680	257	40	297	<nil>
680	242	51	293	<nil>
680	243	52	295	<nil>
680	248	47	295	<nil>
680	254	47	301	<nil>
680	249	52	301	<nil>
680	246	57	303	<nil>
680	267	34	301	<nil>
680	265	35	300	<nil>
680	241	60	301	<nil>
680	242	57	299	<nil>
680	267	35	302	<nil>
680	9283	31	9314	<nil>
680	245	60	305	<nil>
680	272	32	304	<nil>
680	245	61	306	<nil>
680	249	56	305	<nil>
680	213	72	285	<nil>
680	115757	73	115830	<nil>
680	5193	75	5268	<nil>
680	245	111	356	<nil>
680	204	78	282	<nil>
680	1199	75	1274	<nil>
680	9271	77	9348	<nil>
680	245	111	356	<nil>
680	275	75	350	<nil>
680	223	82	305	<nil>
680	270	82	352	<nil>
680	1253	77	1330	<nil>
680	210	75	285	<nil>
680	205	77	282	<nil>
680	198	81	279	<nil>
680	193	87	280	<nil>
680	207	71	278	<nil>
680	243	112	355	<nil>
680	208	72	280	<nil>
680	270	89	359	<nil>
680	264	89	353	<nil>
680	207	78	285	<nil>
680	208	77	285	<nil>
680	211	79	290	<nil>
680	95	71	166	<nil>
680	111	76	187	<nil>
680	16133	77	16210	<nil>
680	106	132	238	<nil>
680	110	131	241	<nil>
680	109	130	239	<nil>
680	118	122	240	<nil>
680	112	130	242	<nil>
680	108	131	239	<nil>
680	112	133	245	<nil>
680	95	125	220	<nil>
680	95	124	219	<nil>
680	125	109	234	<nil>
680	145	101	246	<nil>
680	99	108	207	<nil>
680	120	104	224	<nil>
680	144	103	247	<nil>
680	113	104	217	<nil>
680	142	88	230	<nil>
680	124	130	254	<nil>
680	124	94	218	<nil>
680	122	90	212	<nil>
680	2878	90	2968	<nil>
680	122	90	212	<nil>
680	125	88	213	<nil>
680	106	91	197	<nil>
680	102	92	194	<nil>
680	122	92	214	<nil>
680	16239	93	16332	<nil>
680	122	95	217	<nil>
680	145	98	243	<nil>
680	130	25	155	<nil>
680	123	101	224	<nil>
680	125	98	223	<nil>
680	133	23	156	<nil>
680	134	23	157	<nil>
680	90	83	173	<nil>
680	133	25	158	<nil>
680	136	15	151	<nil>
680	96	7	103	<nil>
680	86	82	168	<nil>
680	134	21	155	<nil>
680	144	99	243	<nil>
680	86	9	95	<nil>
680	132	26	158	<nil>
680	92	10	102	<nil>
680	125	99	224	<nil>
680	107	100	207	<nil>
680	134	16	150	<nil>
680	82	83	165	<nil>
680	132	21	153	<nil>
680	143	101	244	<nil>
680	135	21	156	<nil>
680	130	19	149	<nil>
680	130	19	149	<nil>
680	132	16	148	<nil>
680	129	21	150	<nil>
680	131	21	152	<nil>
680	135	20	155	<nil>
680	139	21	160	<nil>
680	126	23	149	<nil>
680	135	22	157	<nil>
680	134	23	157	<nil>
680	2942	17	2959	<nil>
680	133	17	150	<nil>
680	87	83	170	<nil>
680	108	99	207	<nil>
680	133	21	154	<nil>
680	9339	18	9357	<nil>
680	81	11	92	<nil>
680	89	12	101	<nil>
680	90	12	102	<nil>
680	89	13	102	<nil>
680	90	13	103	<nil>
680	83	14	97	<nil>
680	87	13	100	<nil>
680	86	9	95	<nil>
680	2930	16	2946	<nil>
680	97	9	106	<nil>
680	96	11	107	<nil>
680	87	11	98	<nil>
680	95	12	107	<nil>
680	97	12	109	<nil>
680	86	12	98	<nil>
680	97	12	109	<nil>
680	96	12	108	<nil>
680	95	13	108	<nil>
680	97	14	111	<nil>
680	95	14	109	<nil>
680	97	14	111	<nil>
680	42411	0	42411	rpc error: code = Unavailable desc = transport is closing
680	266	0	266	rpc error: code = Unavailable desc = transport is closing
680	295	0	295	rpc error: code = Unavailable desc = transport is closing
680	266	0	266	rpc error: code = Unavailable desc = transport is closing
680	3209	0	3209	rpc error: code = Unavailable desc = transport is closing
680	1809	0	1809	rpc error: code = Unavailable desc = transport is closing
680	953	0	953	rpc error: code = Unavailable desc = transport is closing
680	1542	0	1542	rpc error: code = Unavailable desc = transport is closing
680	3202	0	3202	rpc error: code = Unavailable desc = transport is closing
680	5727	0	5727	rpc error: code = Unavailable desc = transport is closing
680	3206	0	3206	rpc error: code = Unavailable desc = transport is closing
680	3207	0	3207	rpc error: code = Unavailable desc = transport is closing
680	3149	0	3149	rpc error: code = Unavailable desc = transport is closing
680	1792	0	1792	rpc error: code = Unavailable desc = transport is closing
680	3069	0	3069	rpc error: code = Unavailable desc = transport is closing
680	3209	0	3209	rpc error: code = Unavailable desc = transport is closing
680	5856	0	5856	rpc error: code = Unavailable desc = transport is closing
680	3204	0	3204	rpc error: code = Unavailable desc = transport is closing
680	5095	0	5095	rpc error: code = Unavailable desc = transport is closing
680	2608	0	2608	rpc error: code = Unavailable desc = transport is closing
680	3016	0	3016	rpc error: code = Unavailable desc = transport is closing
680	3311	0	3311	rpc error: code = Unavailable desc = transport is closing
680	300	0	300	rpc error: code = Unavailable desc = transport is closing
680	300	0	300	rpc error: code = Unavailable desc = transport is closing
680	3180	0	3180	rpc error: code = Unavailable desc = transport is closing
680	302	0	302	rpc error: code = Unavailable desc = transport is closing
680	300	0	300	rpc error: code = Unavailable desc = transport is closing
680	4643	0	4643	rpc error: code = Unavailable desc = transport is closing
680	219	0	219	rpc error: code = Unavailable desc = transport is closing
680	302	0	302	rpc error: code = Unavailable desc = transport is closing
680	17574	0	17574	rpc error: code = Unavailable desc = transport is closing
680	306	0	306	rpc error: code = Unavailable desc = transport is closing
680	340	0	340	rpc error: code = Unavailable desc = transport is closing
680	1828	0	1828	rpc error: code = Unavailable desc = transport is closing
680	1052	0	1052	rpc error: code = Unavailable desc = transport is closing
680	343	0	343	rpc error: code = Unavailable desc = transport is closing
680	341	0	341	rpc error: code = Unavailable desc = transport is closing
680	6230	0	6230	rpc error: code = Unavailable desc = transport is closing
680	341	0	341	rpc error: code = Unavailable desc = transport is closing
680	1052	0	1052	rpc error: code = Unavailable desc = transport is closing
680	296	0	296	rpc error: code = Unavailable desc = transport is closing
680	276	0	276	rpc error: code = Unavailable desc = transport is closing
680	89	0	89	rpc error: code = Unavailable desc = transport is closing
680	346	0	346	rpc error: code = Unavailable desc = transport is closing
680	277	0	277	rpc error: code = Unavailable desc = transport is closing
680	321	0	321	rpc error: code = Unavailable desc = transport is closing
680	351	0	351	rpc error: code = Unavailable desc = transport is closing
680	1493	0	1493	rpc error: code = Unavailable desc = transport is closing
680	317	0	317	rpc error: code = Unavailable desc = transport is closing
680	321	0	321	rpc error: code = Unavailable desc = transport is closing
680	273	0	273	rpc error: code = Unavailable desc = transport is closing
680	293	0	293	rpc error: code = Unavailable desc = transport is closing
680	820	0	820	rpc error: code = Unavailable desc = transport is closing
680	1521	0	1521	rpc error: code = Unavailable desc = transport is closing
680	1756	0	1756	rpc error: code = Unavailable desc = transport is closing
680	775	0	775	rpc error: code = Unavailable desc = transport is closing
680	320	0	320	rpc error: code = Unavailable desc = transport is closing
680	819	0	819	rpc error: code = Unavailable desc = transport is closing
680	912	0	912	rpc error: code = Unavailable desc = transport is closing
680	25295	0	25295	rpc error: code = Unavailable desc = transport is closing
680	819	0	819	rpc error: code = Unavailable desc = transport is closing
680	827	0	827	rpc error: code = Unavailable desc = transport is closing
680	902	0	902	rpc error: code = Unavailable desc = transport is closing
680	259	0	259	rpc error: code = Unavailable desc = transport is closing
680	2961	0	2961	rpc error: code = Unavailable desc = transport is closing
680	249	0	249	rpc error: code = Unavailable desc = transport is closing
680	1493	0	1493	rpc error: code = Unavailable desc = transport is closing
680	894	0	894	rpc error: code = Unavailable desc = transport is closing
680	900	0	900	rpc error: code = Unavailable desc = transport is closing
680	825	0	825	rpc error: code = Unavailable desc = transport is closing
680	819	0	819	rpc error: code = Unavailable desc = transport is closing
680	819	0	819	rpc error: code = Unavailable desc = transport is closing
680	818	0	818	rpc error: code = Unavailable desc = transport is closing
680	818	0	818	rpc error: code = Unavailable desc = transport is closing
680	802	0	802	rpc error: code = Unavailable desc = transport is closing
680	821	0	821	rpc error: code = Unavailable desc = transport is closing
680	3815	0	3815	rpc error: code = Unavailable desc = transport is closing
680	1492	0	1492	rpc error: code = Unavailable desc = transport is closing
680	3161	0	3161	rpc error: code = Unavailable desc = transport is closing
680	97	0	97	rpc error: code = Unavailable desc = transport is closing
680	3190	0	3190	rpc error: code = Unavailable desc = transport is closing
680	218	0	218	rpc error: code = Unavailable desc = transport is closing
680	5087	0	5087	rpc error: code = Unavailable desc = transport is closing
680	1493	0	1493	rpc error: code = Unavailable desc = transport is closing
680	812	0	812	rpc error: code = Unavailable desc = transport is closing
680	857	0	857	rpc error: code = Unavailable desc = transport is closing
680	841	0	841	rpc error: code = Unavailable desc = transport is closing
680	846	0	846	rpc error: code = Unavailable desc = transport is closing
680	818	0	818	rpc error: code = Unavailable desc = transport is closing
680	854	0	854	rpc error: code = Unavailable desc = transport is closing
680	838	0	838	rpc error: code = Unavailable desc = transport is closing
680	242	0	242	rpc error: code = Unavailable desc = transport is closing
680	857	0	857	rpc error: code = Unavailable desc = transport is closing
680	814	0	814	rpc error: code = Unavailable desc = transport is closing
680	1516	0	1516	rpc error: code = Unavailable desc = transport is closing
680	859	0	859	rpc error: code = Unavailable desc = transport is closing
680	3103	0	3103	rpc error: code = Unavailable desc = transport is closing
680	17392	0	17392	rpc error: code = Unavailable desc = transport is closing
680	858	0	858	rpc error: code = Unavailable desc = transport is closing
680	838	0	838	rpc error: code = Unavailable desc = transport is closing
680	3269	0	3269	rpc error: code = Unavailable desc = transport is closing
680	847	0	847	rpc error: code = Unavailable desc = transport is closing
680	844	0	844	rpc error: code = Unavailable desc = transport is closing
680	847	0	847	rpc error: code = Unavailable desc = transport is closing
680	858	0	858	rpc error: code = Unavailable desc = transport is closing
680	845	0	845	rpc error: code = Unavailable desc = transport is closing
680	5953	0	5953	rpc error: code = Unavailable desc = transport is closing
680	839	0	839	rpc error: code = Unavailable desc = transport is closing
680	899	0	899	rpc error: code = Unavailable desc = transport is closing
680	846	0	846	rpc error: code = Unavailable desc = transport is closing
680	859	0	859	rpc error: code = Unavailable desc = transport is closing
680	3153	0	3153	rpc error: code = Unavailable desc = transport is closing
680	844	0	844	rpc error: code = Unavailable desc = transport is closing
680	3119	0	3119	rpc error: code = Unavailable desc = transport is closing
680	1505	0	1505	rpc error: code = Unavailable desc = transport is closing
680	404	0	404	rpc error: code = Unavailable desc = transport is closing
680	867	0	867	rpc error: code = Unavailable desc = transport is closing
680	340	0	340	rpc error: code = Unavailable desc = transport is closing
680	3126	0	3126	rpc error: code = Unavailable desc = transport is closing
680	3208	0	3208	rpc error: code = Unavailable desc = transport is closing
680	1752	0	1752	rpc error: code = Unavailable desc = transport is closing
680	315	0	315	rpc error: code = Unavailable desc = transport is closing
680	1826	0	1826	rpc error: code = Unavailable desc = transport is closing
680	384	0	384	rpc error: code = Unavailable desc = transport is closing
680	371	0	371	rpc error: code = Unavailable desc = transport is closing
680	3208	0	3208	rpc error: code = Unavailable desc = transport is closing
680	3201	0	3201	rpc error: code = Unavailable desc = transport is closing
680	871	0	871	rpc error: code = Unavailable desc = transport is closing
680	360	0	360	rpc error: code = Unavailable desc = transport is closing
680	338	0	338	rpc error: code = Unavailable desc = transport is closing
680	17459	0	17459	rpc error: code = Unavailable desc = transport is closing
680	10331	0	10331	rpc error: code = Unavailable desc = transport is closing
680	3118	0	3118	rpc error: code = Unavailable desc = transport is closing
680	822	0	822	rpc error: code = Unavailable desc = transport is closing
680	956	0	956	rpc error: code = Unavailable desc = transport is closing
680	819	0	819	rpc error: code = Unavailable desc = transport is closing
680	44009	0	44009	rpc error: code = Unavailable desc = transport is closing
680	856	0	856	rpc error: code = Unavailable desc = transport is closing
680	3303	0	3303	rpc error: code = Unavailable desc = transport is closing
680	5967	0	5967	rpc error: code = Unavailable desc = transport is closing
680	351	0	351	rpc error: code = Unavailable desc = transport is closing
680	1503	0	1503	rpc error: code = Unavailable desc = transport is closing
680	808	0	808	rpc error: code = Unavailable desc = transport is closing
680	3110	0	3110	rpc error: code = Unavailable desc = transport is closing
680	808	0	808	rpc error: code = Unavailable desc = transport is closing
680	3190	0	3190	rpc error: code = Unavailable desc = transport is closing
680	856	0	856	rpc error: code = Unavailable desc = transport is closing
680	845	0	845	rpc error: code = Unavailable desc = transport is closing
680	857	0	857	rpc error: code = Unavailable desc = transport is closing
680	268	0	268	rpc error: code = Unavailable desc = transport is closing
680	808	0	808	rpc error: code = Unavailable desc = transport is closing
680	861	0	861	rpc error: code = Unavailable desc = transport is closing
680	17372	0	17372	rpc error: code = Unavailable desc = transport is closing
680	817	0	817	rpc error: code = Unavailable desc = transport is closing
680	899	0	899	rpc error: code = Unavailable desc = transport is closing
680	251	0	251	rpc error: code = Unavailable desc = transport is closing
680	248	0	248	rpc error: code = Unavailable desc = transport is closing
686	252	0	252	rpc error: code = Unavailable desc = transport is closing
700	856	0	856	rpc error: code = Unavailable desc = transport is closing
700	3112	0	3112	rpc error: code = Unavailable desc = transport is closing
700	338	0	338	rpc error: code = Unavailable desc = transport is closing
700	808	0	808	rpc error: code = Unavailable desc = transport is closing
700	619	242	861	<nil>
700	806	0	806	rpc error: code = Unavailable desc = transport is closing
700	767	106	873	<nil>
700	6109	85	6194	<nil>
700	2910	7	2917	<nil>
700	836	44	880	<nil>
700	854	22	876	<nil>
700	853	86	939	<nil>
700	852	51	903	<nil>
700	858	23	881	<nil>
700	816	66	882	<nil>
700	804	88	892	<nil>
700	818	70	888	<nil>
700	841	67	908	<nil>
700	5821	0	5821	rpc error: code = Unavailable desc = transport is closing
700	826	81	907	<nil>
700	1266	9	1275	<nil>
700	661	252	913	<nil>
700	263	27	290	<nil>
700	250	24	274	<nil>
700	277	16	293	<nil>
700	896	31	927	<nil>
700	249	25	274	<nil>
700	248	24	272	<nil>
700	248	25	273	<nil>
700	248	26	274	<nil>
700	250	26	276	<nil>
700	262	30	292	<nil>
700	268	27	295	<nil>
700	883	38	921	<nil>
700	260	31	291	<nil>
700	265	27	292	<nil>
700	251	26	277	<nil>
700	247	30	277	<nil>
700	1755	25	1780	<nil>
700	2923	28	2951	<nil>
700	248	23	271	<nil>
700	245	27	272	<nil>
700	339	30	369	<nil>
700	250	27	277	<nil>
700	889	37	926	<nil>
700	2642	32	2674	<nil>
700	250	29	279	<nil>
700	1281	39	1320	<nil>
700	267	16	283	<nil>
700	247	35	282	<nil>
700	271	20	291	<nil>
700	266	41	307	<nil>
700	266	48	314	<nil>
700	274	62	336	<nil>
700	259	48	307	<nil>
700	273	43	316	<nil>
700	292	41	333	<nil>
700	275	67	342	<nil>
700	278	100	378	<nil>
700	272	101	373	<nil>
700	296	97	393	<nil>
700	271	105	376	<nil>
700	278	101	379	<nil>
700	282	96	378	<nil>
700	279	97	376	<nil>
700	258	119	377	<nil>
700	276	102	378	<nil>
700	275	102	377	<nil>
700	311	109	420	<nil>
700	279	102	381	<nil>
700	271	110	381	<nil>
700	281	101	382	<nil>
700	276	105	381	<nil>
700	266	113	379	<nil>
700	303	134	437	<nil>
700	299	134	433	<nil>
700	293	129	422	<nil>
700	308	129	437	<nil>
700	2784	60	2844	<nil>
700	132	65	197	<nil>
700	133	65	198	<nil>
700	143	27	170	<nil>
700	156	17	173	<nil>
700	142	62	204	<nil>
700	2799	65	2864	<nil>
700	151	66	217	<nil>
700	156	12	168	<nil>
700	155	54	209	<nil>
700	129	21	150	<nil>
700	2842	27	2869	<nil>
700	154	10	164	<nil>
700	144	26	170	<nil>
700	163	7	170	<nil>
700	179	35	214	<nil>
700	168	9	177	<nil>
700	162	11	173	<nil>
700	156	34	190	<nil>
700	163	10	173	<nil>
700	160	8	168	<nil>
700	140	30	170	<nil>
700	154	20	174	<nil>
700	3245	65	3310	<nil>
700	10787	26	10813	<nil>
700	157	19	176	<nil>
700	163	19	182	<nil>
700	157	19	176	<nil>
700	157	19	176	<nil>
700	3306	18	3324	<nil>
700	164	17	181	<nil>
700	162	11	173	<nil>
700	156	21	177	<nil>
700	163	20	183	<nil>
700	155	20	175	<nil>
700	155	29	184	<nil>
700	3121	26	3147	<nil>
700	159	27	186	<nil>
700	2859	37	2896	<nil>
700	160	110	270	<nil>
700	159	111	270	<nil>
700	1200	114	1314	<nil>
700	163	139	302	<nil>
700	163	139	302	<nil>
700	89	131	220	<nil>
700	154	157	311	<nil>
700	162	139	301	<nil>
700	89	131	220	<nil>
700	92	131	223	<nil>
700	89	129	218	<nil>
700	87	129	216	<nil>
700	111	110	221	<nil>
700	51	131	182	<nil>
700	1117	130	1247	<nil>
700	90	133	223	<nil>
700	115	119	234	<nil>
700	88	132	220	<nil>
700	57	123	180	<nil>
700	90	133	223	<nil>
700	162	157	319	<nil>
700	162	158	320	<nil>
700	161	139	300	<nil>
700	2841	139	2980	<nil>
700	107	134	241	<nil>
700	131	25	156	<nil>
700	96	132	228	<nil>
700	105	134	239	<nil>
700	88	134	222	<nil>
700	117	133	250	<nil>
700	162	159	321	<nil>
700	161	159	320	<nil>
700	46	135	181	<nil>
700	90	133	223	<nil>
700	14690	50	14740	<nil>
700	17827	138	17965	<nil>
700	118	26	144	<nil>
700	103	51	154	<nil>
700	119	26	145	<nil>
700	2796	52	2848	<nil>
700	160	158	318	<nil>
700	111	51	162	<nil>
700	123	30	153	<nil>
700	123	29	152	<nil>
700	131	24	155	<nil>
700	50	133	183	<nil>
700	123	31	154	<nil>
700	116	33	149	<nil>
700	130	27	157	<nil>
700	127	51	178	<nil>
700	131	111	242	<nil>
700	130	112	242	<nil>
700	130	121	251	<nil>
700	141	117	258	<nil>
700	131	129	260	<nil>
700	127	133	260	<nil>
700	128	159	287	<nil>
700	130	134	264	<nil>
700	131	135	266	<nil>
700	130	159	289	<nil>
700	128	133	261	<nil>
700	121	159	280	<nil>
700	127	168	295	<nil>
700	10726	169	10895	<nil>
700	80	98	178	<nil>
700	16374	10	16384	<nil>
700	127	175	302	<nil>
700	137	22	159	<nil>
700	129	174	303	<nil>
700	83	123	206	<nil>
700	130	174	304	<nil>
700	122	44	166	<nil>
700	158	146	304	<nil>
700	87	149	236	<nil>
700	95	173	268	<nil>
700	62	146	208	<nil>
700	4966	149	5115	<nil>
700	94	174	268	<nil>
700	130	174	304	<nil>
700	140	10	150	<nil>
700	141	15	156	<nil>
700	158	146	304	<nil>
700	136	50	186	<nil>
700	146	50	196	<nil>
700	134	87	221	<nil>
700	142	86	228	<nil>
700	140	91	231	<nil>
700	134	97	231	<nil>
700	141	93	234	<nil>
700	140	91	231	<nil>
700	154	80	234	<nil>
700	111	82	193	<nil>
700	153	82	235	<nil>
700	147	83	230	<nil>
700	118	87	205	<nil>
700	118	86	204	<nil>
700	141	86	227	<nil>
700	142	85	227	<nil>
700	140	88	228	<nil>
700	153	88	241	<nil>
700	142	85	227	<nil>
700	142	85	227	<nil>
700	156	87	243	<nil>
700	155	86	241	<nil>
700	152	86	238	<nil>
700	152	92	244	<nil>
700	5110	86	5196	<nil>
700	140	524	664	<nil>
700	140	523	663	<nil>
700	25868	525	26393	<nil>
700	110	525	635	<nil>
700	119	523	642	<nil>
700	141	524	665	<nil>
700	14623	521	15144	<nil>
700	141	524	665	<nil>
700	5106	525	5631	<nil>
700	144	526	670	<nil>
700	141	525	666	<nil>
700	5039	456	5495	<nil>
700	140	526	666	<nil>
700	141	524	665	<nil>
700	113	456	569	<nil>
700	141	526	667	<nil>
700	9405	463	9868	<nil>
700	89	446	535	<nil>
700	5178	457	5635	<nil>
700	115	456	571	<nil>
700	142	525	667	<nil>
700	110	462	572	<nil>
700	16467	457	16924	<nil>
700	85	445	530	<nil>
700	83	452	535	<nil>
700	16726	451	17177	<nil>
700	5068	460	5528	<nil>
700	99	467	566	<nil>
700	106	461	567	<nil>
700	9494	462	9956	<nil>
700	5036	486	5522	<nil>
700	89	487	576	<nil>
700	84	497	581	<nil>
700	84	497	581	<nil>
700	68	492	560	<nil>
700	68	496	564	<nil>
700	75	491	566	<nil>
700	21	492	513	<nil>
700	91	498	589	<nil>
700	4921	491	5412	<nil>
700	73	491	564	<nil>
700	32	492	524	<nil>
700	14978	492	15470	<nil>
700	73	493	566	<nil>
700	91	498	589	<nil>
700	10868	493	11361	<nil>
700	17	492	509	<nil>
700	73	493	566	<nil>
700	68	498	566	<nil>
700	75	492	567	<nil>
700	25966	493	26459	<nil>
700	9652	501	10153	<nil>
700	5204	501	5705	<nil>
700	1272	0	1272	rpc error: code = Unavailable desc = transport is closing
700	9022	0	9022	rpc error: code = Unavailable desc = transport is closing
700	5309	9	5318	<nil>
700	545	10	555	<nil>
700	5739	10	5749	<nil>
700	544	10	554	<nil>
700	5734	10	5744	<nil>
700	547	11	558	<nil>
700	544	10	554	<nil>
700	547	10	557	<nil>
700	5743	11	5754	<nil>
700	541	12	553	<nil>
700	544	11	555	<nil>
700	543	10	553	<nil>
700	270	0	270	rpc error: code = Unavailable desc = transport is closing
700	281	0	281	rpc error: code = Unavailable desc = transport is closing
700	2894	18	2912	<nil>
700	5743	11	5754	<nil>
700	10058	16	10074	<nil>
700	112	11	123	<nil>
700	2676	17	2693	<nil>
700	2900	11	2911	<nil>
700	5743	16	5759	<nil>
700	5750	11	5761	<nil>
700	5739	16	5755	<nil>
700	5596	16	5612	<nil>
700	2834	17	2851	<nil>
700	1525	16	1541	<nil>
700	5497	17	5514	<nil>
700	2885	16	2901	<nil>
700	2900	12	2912	<nil>
700	1524	16	1540	<nil>
700	2938	11	2949	<nil>
700	1452	15	1467	<nil>
700	282	0	282	rpc error: code = Unavailable desc = transport is closing
700	1513	16	1529	<nil>
700	106	18	124	<nil>
700	10175	12	10187	<nil>
700	5747	16	5763	<nil>
700	5742	16	5758	<nil>
700	2793	18	2811	<nil>
700	5908	16	5924	<nil>
700	2896	16	2912	<nil>
700	5638	17	5655	<nil>
700	26605	18	26623	<nil>
700	4996	18	5014	<nil>
700	1530	18	1548	<nil>
700	1494	18	1512	<nil>
700	23992	75	24067	<nil>
700	112	85	197	<nil>
700	5747	101	5848	<nil>
700	70	87	157	<nil>
700	64	93	157	<nil>
700	74	98	172	<nil>
700	73	97	170	<nil>
700	76	93	169	<nil>
700	5616	97	5713	<nil>
700	2896	97	2993	<nil>
700	5612	107	5719	<nil>
700	5606	107	5713	<nil>
700	2899	10	2909	<nil>
700	79	95	174	<nil>
700	2711	98	2809	<nil>
700	9647	106	9753	<nil>
700	72	98	170	<nil>
700	1516	108	1624	<nil>
700	63	105	168	<nil>
700	60	99	159	<nil>
700	75	96	171	<nil>
700	52	95	147	<nil>
700	2908	96	3004	<nil>
700	72	99	171	<nil>
700	63	95	158	<nil>
700	1493	101	1594	<nil>
700	272	0	272	rpc error: code = Unavailable desc = transport is closing
700	76	96	172	<nil>
700	81	26	107	<nil>
700	73	105	178	<nil>
700	89	10	99	<nil>
700	83	11	94	<nil>
700	81	27	108	<nil>
700	81	27	108	<nil>
700	87	10	97	<nil>
700	2918	95	3013	<nil>
700	89	10	99	<nil>
700	2887	26	2913	<nil>
700	95	5	100	<nil>
700	1278	0	1278	rpc error: code = Unavailable desc = transport is closing
700	1093	96	1189	<nil>
700	99	74	173	<nil>
700	291	0	291	rpc error: code = Unavailable desc = transport is closing
700	274	0	274	rpc error: code = Unavailable desc = transport is closing
700	109	73	182	<nil>
700	2856	74	2930	<nil>
700	104	74	178	<nil>
700	261	0	261	rpc error: code = Unavailable desc = transport is closing
700	1267	0	1267	rpc error: code = Unavailable desc = transport is closing
700	255	0	255	rpc error: code = Unavailable desc = transport is closing
700	273	0	273	rpc error: code = Unavailable desc = transport is closing
700	1085	78	1163	<nil>
700	1267	0	1267	rpc error: code = Unavailable desc = transport is closing
700	117	64	181	<nil>
700	273	0	273	rpc error: code = Unavailable desc = transport is closing
700	116	68	184	<nil>
700	100	81	181	<nil>
700	119	68	187	<nil>
700	104	78	182	<nil>
700	104	77	181	<nil>
700	119	67	186	<nil>
700	103	81	184	<nil>
700	277	0	277	rpc error: code = Unavailable desc = transport is closing
700	285	0	285	rpc error: code = Unavailable desc = transport is closing
700	235	0	235	rpc error: code = Unavailable desc = transport is closing
700	119	68	187	<nil>
700	101	84	185	<nil>
700	119	67	186	<nil>
700	131	56	187	<nil>
700	2916	81	2997	<nil>
700	116	68	184	<nil>
700	146	42	188	<nil>
700	2658	0	2658	rpc error: code = Unavailable desc = transport is closing
700	104	81	185	<nil>
700	104	81	185	<nil>
700	116	69	185	<nil>
700	6248	0	6248	rpc error: code = Unavailable desc = transport is closing
700	143	41	184	<nil>
700	103	119	222	<nil>
700	142	77	219	<nil>
700	106	117	223	<nil>
700	100	117	217	<nil>
700	118	115	233	<nil>
700	101	163	264	<nil>
700	103	169	272	<nil>
700	98	175	273	<nil>
700	103	172	275	<nil>
700	95	0	95	rpc error: code = Unavailable desc = transport is closing
700	116	161	277	<nil>
700	118	160	278	<nil>
700	100	177	277	<nil>
700	90	117	207	<nil>
700	276	0	276	rpc error: code = Unavailable desc = transport is closing
700	254	0	254	rpc error: code = Unavailable desc = transport is closing
700	204	152	356	<nil>
700	1113	147	1260	<nil>
700	3085	147	3232	<nil>
700	5926	146	6072	<nil>
700	307	0	307	rpc error: code = Unavailable desc = transport is closing
700	266	0	266	rpc error: code = Unavailable desc = transport is closing
700	166	59	225	<nil>
700	181	40	221	<nil>
700	127	91	218	<nil>
700	156	53	209	<nil>
700	166	55	221	<nil>
700	166	55	221	<nil>
700	172	79	251	<nil>
700	162	55	217	<nil>
700	90	137	227	<nil>
700	3176	58	3234	<nil>
700	178	45	223	<nil>
700	153	60	213	<nil>
700	167	45	212	<nil>
700	162	58	220	<nil>
700	155	59	214	<nil>
700	155	58	213	<nil>
700	162	58	220	<nil>
700	144	71	215	<nil>
700	5758	60	5818	<nil>
700	153	56	209	<nil>
700	2396	143	2539	<nil>
700	155	58	213	<nil>
700	45400	0	45400	rpc error: code = Unavailable desc = transport is closing
700	149	94	243	<nil>
700	155	83	238	<nil>
700	171	68	239	<nil>
700	170	68	238	<nil>
700	149	89	238	<nil>
700	180	69	249	<nil>
700	174	71	245	<nil>
700	165	55	220	<nil>
700	133	34	167	<nil>
700	169	69	238	<nil>
700	3119	40	3159	<nil>
700	171	69	240	<nil>
700	6037	81	6118	<nil>
700	153	87	240	<nil>
700	164	76	240	<nil>
700	128	35	163	<nil>
700	155	93	248	<nil>
700	167	79	246	<nil>
700	175	45	220	<nil>
700	130	52	182	<nil>
700	135	49	184	<nil>
700	135	52	187	<nil>
700	132	52	184	<nil>
700	161	18	179	<nil>
700	3158	19	3177	<nil>
700	132	58	190	<nil>
700	175	101	276	<nil>
700	3217	13	3230	<nil>
700	1156	12	1168	<nil>
700	5844	48	5892	<nil>
700	180	62	242	<nil>
700	1158	84	1242	<nil>
700	149	139	288	<nil>
700	6123	141	6264	<nil>
700	5970	140	6110	<nil>
700	3280	140	3420	<nil>
700	149	139	288	<nil>
700	186	144	330	<nil>
700	149	142	291	<nil>
700	158	160	318	<nil>
700	3277	174	3451	<nil>
700	148	172	320	<nil>
700	199	162	361	<nil>
700	160	163	323	<nil>
700	858	0	858	rpc error: code = Unavailable desc = transport is closing
700	855	0	855	rpc error: code = Unavailable desc = transport is closing
700	850	0	850	rpc error: code = Unavailable desc = transport is closing
700	855	0	855	rpc error: code = Unavailable desc = transport is closing
700	1704	0	1704	rpc error: code = Unavailable desc = transport is closing
700	1705	0	1705	rpc error: code = Unavailable desc = transport is closing
700	859	0	859	rpc error: code = Unavailable desc = transport is closing
700	346	0	346	rpc error: code = Unavailable desc = transport is closing
700	859	0	859	rpc error: code = Unavailable desc = transport is closing
700	856	0	856	rpc error: code = Unavailable desc = transport is closing
700	206	164	370	<nil>
700	1175	177	1352	<nil>
700	861	0	861	rpc error: code = Unavailable desc = transport is closing
700	3308	166	3474	<nil>
700	199	173	372	<nil>
700	861	0	861	rpc error: code = Unavailable desc = transport is closing
700	891	0	891	rpc error: code = Unavailable desc = transport is closing
700	336	0	336	rpc error: code = Unavailable desc = transport is closing
700	833	0	833	rpc error: code = Unavailable desc = transport is closing
700	857	0	857	rpc error: code = Unavailable desc = transport is closing
700	875	0	875	rpc error: code = Unavailable desc = transport is closing
700	864	0	864	rpc error: code = Unavailable desc = transport is closing
700	772	0	772	rpc error: code = Unavailable desc = transport is closing
700	868	0	868	rpc error: code = Unavailable desc = transport is closing
700	1392	0	1392	rpc error: code = Unavailable desc = transport is closing
700	6247	0	6247	rpc error: code = Unavailable desc = transport is closing
700	867	0	867	rpc error: code = Unavailable desc = transport is closing
700	864	0	864	rpc error: code = Unavailable desc = transport is closing
700	317	0	317	rpc error: code = Unavailable desc = transport is closing
700	855	0	855	rpc error: code = Unavailable desc = transport is closing
700	854	0	854	rpc error: code = Unavailable desc = transport is closing
700	849	0	849	rpc error: code = Unavailable desc = transport is closing
700	876	0	876	rpc error: code = Unavailable desc = transport is closing
700	868	0	868	rpc error: code = Unavailable desc = transport is closing
700	1452	0	1452	rpc error: code = Unavailable desc = transport is closing
700	1703	0	1703	rpc error: code = Unavailable desc = transport is closing
700	868	0	868	rpc error: code = Unavailable desc = transport is closing
700	10219	0	10219	rpc error: code = Unavailable desc = transport is closing
700	745	0	745	rpc error: code = Unavailable desc = transport is closing
700	6269	0	6269	rpc error: code = Unavailable desc = transport is closing
700	857	0	857	rpc error: code = Unavailable desc = transport is closing
700	888	0	888	rpc error: code = Unavailable desc = transport is closing
700	3792	0	3792	rpc error: code = Unavailable desc = transport is closing
700	1742	0	1742	rpc error: code = Unavailable desc = transport is closing
700	834	0	834	rpc error: code = Unavailable desc = transport is closing
700	1174	181	1355	<nil>
700	6224	0	6224	rpc error: code = Unavailable desc = transport is closing
700	145	200	345	<nil>
700	1186	170	1356	<nil>
700	5910	0	5910	rpc error: code = Unavailable desc = transport is closing
700	139	198	337	<nil>
700	142	215	357	<nil>
700	138	219	357	<nil>
700	1704	0	1704	rpc error: code = Unavailable desc = transport is closing
700	149	198	347	<nil>
700	820	0	820	rpc error: code = Unavailable desc = transport is closing
700	160	195	355	<nil>
700	1188	197	1385	<nil>
700	3072	226	3298	<nil>
700	903	0	903	rpc error: code = Unavailable desc = transport is closing
700	845	0	845	rpc error: code = Unavailable desc = transport is closing
700	6199	0	6199	rpc error: code = Unavailable desc = transport is closing
700	828	0	828	rpc error: code = Unavailable desc = transport is closing
700	83	254	337	<nil>
700	839	0	839	rpc error: code = Unavailable desc = transport is closing
700	6163	0	6163	rpc error: code = Unavailable desc = transport is closing
700	825	0	825	rpc error: code = Unavailable desc = transport is closing
700	816	0	816	rpc error: code = Unavailable desc = transport is closing
700	817	0	817	rpc error: code = Unavailable desc = transport is closing
700	836	0	836	rpc error: code = Unavailable desc = transport is closing
700	820	0	820	rpc error: code = Unavailable desc = transport is closing
700	1364	0	1364	rpc error: code = Unavailable desc = transport is closing
700	5841	0	5841	rpc error: code = Unavailable desc = transport is closing
700	816	0	816	rpc error: code = Unavailable desc = transport is closing
700	84	289	373	<nil>
700	10285	0	10285	rpc error: code = Unavailable desc = transport is closing
700	798	0	798	rpc error: code = Unavailable desc = transport is closing
700	3177	288	3465	<nil>
700	817	0	817	rpc error: code = Unavailable desc = transport is closing
700	96	279	375	<nil>
700	84	290	374	<nil>
700	10423	0	10423	rpc error: code = Unavailable desc = transport is closing
700	817	0	817	rpc error: code = Unavailable desc = transport is closing
700	919	0	919	rpc error: code = Unavailable desc = transport is closing
700	817	0	817	rpc error: code = Unavailable desc = transport is closing
700	135	215	350	<nil>
700	847	0	847	rpc error: code = Unavailable desc = transport is closing
700	3310	157	3467	<nil>
700	3177	291	3468	<nil>
700	188	159	347	<nil>
700	107	272	379	<nil>
700	182	154	336	<nil>
700	85	294	379	<nil>
700	87	292	379	<nil>
700	181	157	338	<nil>
700	921	0	921	rpc error: code = Unavailable desc = transport is closing
700	6239	0	6239	rpc error: code = Unavailable desc = transport is closing
700	923	0	923	rpc error: code = Unavailable desc = transport is closing
700	192	216	408	<nil>
700	816	0	816	rpc error: code = Unavailable desc = transport is closing
700	748	0	748	rpc error: code = Unavailable desc = transport is closing
700	3061	289	3350	<nil>
700	193	234	427	<nil>
700	162	241	403	<nil>
700	816	0	816	rpc error: code = Unavailable desc = transport is closing
700	836	0	836	rpc error: code = Unavailable desc = transport is closing
700	816	0	816	rpc error: code = Unavailable desc = transport is closing
700	815	0	815	rpc error: code = Unavailable desc = transport is closing
700	836	0	836	rpc error: code = Unavailable desc = transport is closing
700	821	0	821	rpc error: code = Unavailable desc = transport is closing
700	822	0	822	rpc error: code = Unavailable desc = transport is closing
700	16742	0	16742	rpc error: code = Unavailable desc = transport is closing
700	830	0	830	rpc error: code = Unavailable desc = transport is closing
700	928	0	928	rpc error: code = Unavailable desc = transport is closing
700	1551	0	1551	rpc error: code = Unavailable desc = transport is closing
700	851	0	851	rpc error: code = Unavailable desc = transport is closing
700	1781	0	1781	rpc error: code = Unavailable desc = transport is closing
700	1750	0	1750	rpc error: code = Unavailable desc = transport is closing
700	838	0	838	rpc error: code = Unavailable desc = transport is closing
700	925	0	925	rpc error: code = Unavailable desc = transport is closing
700	847	0	847	rpc error: code = Unavailable desc = transport is closing
700	922	0	922	rpc error: code = Unavailable desc = transport is closing
700	915	0	915	rpc error: code = Unavailable desc = transport is closing
700	813	0	813	rpc error: code = Unavailable desc = transport is closing
700	846	0	846	rpc error: code = Unavailable desc = transport is closing
700	6126	0	6126	rpc error: code = Unavailable desc = transport is closing
700	814	0	814	rpc error: code = Unavailable desc = transport is closing
700	245	0	245	rpc error: code = Unavailable desc = transport is closing
700	259	0	259	rpc error: code = Unavailable desc = transport is closing
700	244	0	244	rpc error: code = Unavailable desc = transport is closing
700	199	315	514	<nil>
700	247	0	247	rpc error: code = Unavailable desc = transport is closing
700	846	0	846	rpc error: code = Unavailable desc = transport is closing
700	850	0	850	rpc error: code = Unavailable desc = transport is closing
700	241	0	241	rpc error: code = Unavailable desc = transport is closing
700	241	0	241	rpc error: code = Unavailable desc = transport is closing
700	819	0	819	rpc error: code = Unavailable desc = transport is closing
700	44116	0	44116	rpc error: code = Unavailable desc = transport is closing
700	244	0	244	rpc error: code = Unavailable desc = transport is closing
700	816	0	816	rpc error: code = Unavailable desc = transport is closing
700	751	0	751	rpc error: code = Unavailable desc = transport is closing
700	227	315	542	<nil>
700	241	0	241	rpc error: code = Unavailable desc = transport is closing
700	262	0	262	rpc error: code = Unavailable desc = transport is closing
700	246	0	246	rpc error: code = Unavailable desc = transport is closing
700	250	0	250	rpc error: code = Unavailable desc = transport is closing
700	193	298	491	<nil>
700	282	0	282	rpc error: code = Unavailable desc = transport is closing
700	1228	714	1942	<nil>
700	269	0	269	rpc error: code = Unavailable desc = transport is closing
700	263	0	263	rpc error: code = Unavailable desc = transport is closing
700	810	0	810	rpc error: code = Unavailable desc = transport is closing
700	6180	0	6180	rpc error: code = Unavailable desc = transport is closing
700	18736	0	18736	rpc error: code = Unavailable desc = transport is closing
700	271	0	271	rpc error: code = Unavailable desc = transport is closing
700	16087	0	16087	rpc error: code = Unavailable desc = transport is closing
700	251	0	251	rpc error: code = Unavailable desc = transport is closing
700	2667	0	2667	rpc error: code = Unavailable desc = transport is closing
700	266	0	266	rpc error: code = Unavailable desc = transport is closing
700	267	0	267	rpc error: code = Unavailable desc = transport is closing
700	271	0	271	rpc error: code = Unavailable desc = transport is closing
700	268	0	268	rpc error: code = Unavailable desc = transport is closing
700	276	0	276	rpc error: code = Unavailable desc = transport is closing
700	273	0	273	rpc error: code = Unavailable desc = transport is closing
700	280	0	280	rpc error: code = Unavailable desc = transport is closing
700	259	0	259	rpc error: code = Unavailable desc = transport is closing
700	214	716	930	<nil>
700	284	0	284	rpc error: code = Unavailable desc = transport is closing
700	274	0	274	rpc error: code = Unavailable desc = transport is closing
700	1309	0	1309	rpc error: code = Unavailable desc = transport is closing
700	277	0	277	rpc error: code = Unavailable desc = transport is closing
700	3463	716	4179	<nil>
700	15595	0	15595	rpc error: code = Unavailable desc = transport is closing
700	270	0	270	rpc error: code = Unavailable desc = transport is closing
700	213	756	969	<nil>
700	274	0	274	rpc error: code = Unavailable desc = transport is closing
700	281	0	281	rpc error: code = Unavailable desc = transport is closing
700	302	0	302	rpc error: code = Unavailable desc = transport is closing
700	278	0	278	rpc error: code = Unavailable desc = transport is closing
700	277	0	277	rpc error: code = Unavailable desc = transport is closing
700	277	0	277	rpc error: code = Unavailable desc = transport is closing
700	265	0	265	rpc error: code = Unavailable desc = transport is closing
700	280	0	280	rpc error: code = Unavailable desc = transport is closing
700	282	0	282	rpc error: code = Unavailable desc = transport is closing
700	293	0	293	rpc error: code = Unavailable desc = transport is closing
700	274	0	274	rpc error: code = Unavailable desc = transport is closing
700	276	0	276	rpc error: code = Unavailable desc = transport is closing
700	281	0	281	rpc error: code = Unavailable desc = transport is closing
700	284	0	284	rpc error: code = Unavailable desc = transport is closing
700	262	669	931	<nil>
700	264	669	933	<nil>
700	262	669	931	<nil>
700	3552	672	4224	<nil>
700	262	669	931	<nil>
700	258	672	930	<nil>
700	265	668	933	<nil>
700	259	672	931	<nil>
700	233	694	927	<nil>
700	3484	690	4174	<nil>
700	286	676	962	<nil>
700	3440	692	4132	<nil>
700	892	0	892	rpc error: code = Unavailable desc = transport is closing
700	282	672	954	<nil>
700	267	732	999	<nil>
700	1292	733	2025	<nil>
700	380	621	1001	<nil>
700	367	634	1001	<nil>
700	374	634	1008	<nil>
700	379	622	1001	<nil>
700	336	667	1003	<nil>
700	330	670	1000	<nil>
700	377	625	1002	<nil>
700	336	666	1002	<nil>
700	1403	627	2030	<nil>
700	387	627	1014	<nil>
700	1369	627	1996	<nil>
700	402	611	1013	<nil>
700	409	610	1019	<nil>
700	1418	625	2043	<nil>
700	409	611	1020	<nil>
700	383	569	952	<nil>
700	3094	570	3664	<nil>
700	435	589	1024	<nil>
700	409	625	1034	<nil>
700	9622	571	10193	<nil>
700	411	617	1028	<nil>
700	419	618	1037	<nil>
700	1458	589	2047	<nil>
700	433	605	1038	<nil>
700	332	581	913	<nil>
700	411	621	1032	<nil>
700	437	595	1032	<nil>
700	441	600	1041	<nil>
700	399	639	1038	<nil>
700	420	610	1030	<nil>
700	1432	622	2054	<nil>
700	9306	571	9877	<nil>
700	343	570	913	<nil>
700	438	597	1035	<nil>
700	423	604	1027	<nil>
700	401	635	1036	<nil>
700	424	604	1028	<nil>
700	332	574	906	<nil>
700	410	611	1021	<nil>
700	344	569	913	<nil>
700	319	627	946	<nil>
700	316	628	944	<nil>
700	319	628	947	<nil>
700	761	183	944	<nil>
700	764	184	948	<nil>
700	761	184	945	<nil>
700	760	183	943	<nil>
700	770	184	954	<nil>
700	761	186	947	<nil>
700	839	131	970	<nil>
700	806	131	937	<nil>
700	805	130	935	<nil>
700	807	132	939	<nil>
700	806	132	938	<nil>
700	823	132	955	<nil>
700	809	123	932	<nil>
700	751	129	880	<nil>
700	804	131	935	<nil>
700	828	131	959	<nil>
700	825	131	956	<nil>
700	805	131	936	<nil>
700	806	133	939	<nil>
700	791	131	922	<nil>
700	851	131	982	<nil>
700	795	131	926	<nil>
700	841	131	972	<nil>
700	806	133	939	<nil>
700	823	133	956	<nil>
700	805	132	937	<nil>
700	807	131	938	<nil>
700	808	137	945	<nil>
700	749	127	876	<nil>
700	852	130	982	<nil>
700	749	125	874	<nil>
700	820	133	953	<nil>
700	809	131	940	<nil>
700	753	133	886	<nil>
700	840	131	971	<nil>
700	820	88	908	<nil>
700	925	84	1009	<nil>
700	678	66	744	<nil>
700	642	103	745	<nil>
700	643	103	746	<nil>
700	718	130	848	<nil>
700	811	103	914	<nil>
700	755	93	848	<nil>
700	813	103	916	<nil>
700	730	120	850	<nil>
700	191	70	261	<nil>
700	912	71	983	<nil>
700	854	68	922	<nil>
700	10036	134	10170	<nil>
700	766	135	901	<nil>
700	752	136	888	<nil>
700	752	137	889	<nil>
700	797	153	950	<nil>
700	655	101	756	<nil>
700	937	89	1026	<nil>
700	744	104	848	<nil>
700	755	94	849	<nil>
700	210	58	268	<nil>
700	810	135	945	<nil>
700	156	152	308	<nil>
700	901	205	1106	<nil>
700	936	215	1151	<nil>
700	5642	148	5790	<nil>
700	830	219	1049	<nil>
700	663	102	765	<nil>
700	745	103	848	<nil>
700	696	247	943	<nil>
700	746	106	852	<nil>
700	754	136	890	<nil>
700	197	71	268	<nil>
700	820	124	944	<nil>
700	821	124	945	<nil>
700	755	123	878	<nil>
700	676	199	875	<nil>
700	903	206	1109	<nil>
700	678	200	878	<nil>
700	678	197	875	<nil>
700	730	119	849	<nil>
700	812	100	912	<nil>
700	15912	94	16006	<nil>
700	730	119	849	<nil>
700	751	105	856	<nil>
700	2925	58	2983	<nil>
700	200	59	259	<nil>
700	198	58	256	<nil>
700	2974	34	3008	<nil>
700	2917	58	2975	<nil>
700	755	96	851	<nil>
700	821	95	916	<nil>
700	226	28	254	<nil>
700	912	69	981	<nil>
700	210	58	268	<nil>
700	796	118	914	<nil>
700	678	204	882	<nil>
700	71215	138	71353	<nil>
700	679	204	883	<nil>
700	678	205	883	<nil>
700	226	162	388	<nil>
700	716	185	901	<nil>
700	2580	214	2794	<nil>
700	995	172	1167	<nil>
700	1736	78	1814	<nil>
700	397	64	461	<nil>
700	984	78	1062	<nil>
700	1149	57	1206	<nil>
700	391	81	472	<nil>
700	699	234	933	<nil>
700	853	78	931	<nil>
700	983	80	1063	<nil>
700	1126	80	1206	<nil>
700	323	55	378	<nil>
700	1007	57	1064	<nil>
700	1124	82	1206	<nil>
700	955	70	1025	<nil>
700	1149	57	1206	<nil>
700	5542	58	5600	<nil>
700	3111	78	3189	<nil>
700	305	57	362	<nil>
700	1121	87	1208	<nil>
700	3253	80	3333	<nil>
700	977	55	1032	<nil>
700	698	233	931	<nil>
700	10646	102	10748	<nil>
700	128	233	361	<nil>
700	1116	92	1208	<nil>
700	3119	70	3189	<nil>
700	392	81	473	<nil>
700	1124	81	1205	<nil>
700	17305	56	17361	<nil>
700	1788	80	1868	<nil>
700	974	59	1033	<nil>
700	1732	55	1787	<nil>
700	1008	55	1063	<nil>
700	999	220	1219	<nil>
700	413	70	483	<nil>
700	341	81	422	<nil>
700	362	106	468	<nil>
700	401	139	540	<nil>
700	400	104	504	<nil>
700	426	69	495	<nil>
700	875	69	944	<nil>
700	423	70	493	<nil>
700	413	58	471	<nil>
700	3076	123	3199	<nil>
700	878	69	947	<nil>
700	10384	249	10633	<nil>
700	118	177	295	<nil>
700	1541	174	1715	<nil>
700	410	101	511	<nil>
700	125	176	301	<nil>
700	240	173	413	<nil>
700	1475	241	1716	<nil>
700	3065	175	3240	<nil>
700	378	123	501	<nil>
700	385	127	512	<nil>
700	1573	255	1828	<nil>
700	3165	194	3359	<nil>
700	1653	248	1901	<nil>
700	1542	180	1722	<nil>
700	3133	240	3373	<nil>
700	27552	181	27733	<nil>
700	270	147	417	<nil>
700	143	142	285	<nil>
700	323	146	469	<nil>
700	3118	251	3369	<nil>
700	1167	241	1408	<nil>
700	1164	241	1405	<nil>
700	1165	245	1410	<nil>
700	1166	260	1426	<nil>
700	1167	264	1431	<nil>
700	345	249	594	<nil>
700	347	249	596	<nil>
700	3330	248	3578	<nil>
700	344	249	593	<nil>
700	356	239	595	<nil>
700	345	250	595	<nil>
700	1166	264	1430	<nil>
700	347	247	594	<nil>
700	453	259	712	<nil>
700	1280	241	1521	<nil>
700	933	238	1171	<nil>
700	198	242	440	<nil>
700	185	242	427	<nil>
700	935	239	1174	<nil>
700	346	256	602	<nil>
700	210	229	439	<nil>
700	234	239	473	<nil>
700	349	259	608	<nil>
700	193	260	453	<nil>
700	1180	256	1436	<nil>
700	496	231	727	<nil>
700	346	265	611	<nil>
700	96	243	339	<nil>
700	364	271	635	<nil>
700	3213	223	3436	<nil>
700	349	262	611	<nil>
700	172	255	427	<nil>
700	3269	172	3441	<nil>
700	340	269	609	<nil>
700	204	243	447	<nil>
700	2820	259	3079	<nil>
700	183	251	434	<nil>
700	249	240	489	<nil>
700	239	258	497	<nil>
700	414	240	654	<nil>
700	346	274	620	<nil>
700	230	245	475	<nil>
700	3251	208	3459	<nil>
700	15881	247	16128	<nil>
700	346	260	606	<nil>
700	3361	348	3709	<nil>
700	3277	301	3578	<nil>
700	3387	302	3689	<nil>
700	1962	220	2182	<nil>
700	3283	308	3591	<nil>
700	3373	354	3727	<nil>
700	1828	354	2182	<nil>
700	5665	355	6020	<nil>
700	3230	358	3588	<nil>
700	3375	225	3600	<nil>
700	319	318	637	<nil>
700	372	224	596	<nil>
700	2961	349	3310	<nil>
700	139	248	387	<nil>
700	290	293	583	<nil>
700	385	189	574	<nil>
700	10302	359	10661	<nil>
700	334	248	582	<nil>
700	5921	359	6280	<nil>
700	275	307	582	<nil>
700	384	190	574	<nil>
700	3341	247	3588	<nil>
700	385	189	574	<nil>
700	330	253	583	<nil>
700	1828	354	2182	<nil>
700	206	166	372	<nil>
700	3429	193	3622	<nil>
700	523	166	689	<nil>
700	3428	166	3594	<nil>
700	5829	174	6003	<nil>
700	395	193	588	<nil>
700	5855	166	6021	<nil>
700	206	166	372	<nil>
700	3399	196	3595	<nil>
700	3420	190	3610	<nil>
700	10618	193	10811	<nil>
700	384	196	580	<nil>
700	589	175	764	<nil>
700	3486	214	3700	<nil>
700	359	222	581	<nil>
700	206	166	372	<nil>
700	684	550	1234	<nil>
700	3434	637	4071	<nil>
700	732	503	1235	<nil>
700	306	541	847	<nil>
700	5984	523	6507	<nil>
700	291	556	847	<nil>
700	3528	550	4078	<nil>
700	666	576	1242	<nil>
700	848	512	1360	<nil>
700	273	584	857	<nil>
700	285	565	850	<nil>
700	272	585	857	<nil>
700	1640	533	2173	<nil>
700	299	550	849	<nil>
700	1269	602	1871	<nil>
700	306	584	890	<nil>
700	197	557	754	<nil>
700	559	534	1093	<nil>
700	1331	541	1872	<nil>
700	332	540	872	<nil>
700	1331	552	1883	<nil>
700	335	604	939	<nil>
700	341	536	877	<nil>
700	1588	604	2192	<nil>
700	271	605	876	<nil>
700	560	532	1092	<nil>
700	398	534	932	<nil>
700	3090	558	3648	<nil>
700	344	534	878	<nil>
700	561	534	1095	<nil>
700	292	584	876	<nil>
700	590	585	1175	<nil>
700	561	533	1094	<nil>
700	1590	518	2108	<nil>
700	364	520	884	<nil>
700	1592	516	2108	<nil>
700	560	534	1094	<nil>
700	159	516	675	<nil>
700	357	522	879	<nil>
700	562	534	1096	<nil>
700	165	572	737	<nil>
700	394	551	945	<nil>
700	156	562	718	<nil>
700	389	550	939	<nil>
700	387	551	938	<nil>
700	1392	551	1943	<nil>
700	166	555	721	<nil>
700	1592	578	2170	<nil>
700	394	554	948	<nil>
700	164	555	719	<nil>
700	193	554	747	<nil>
700	187	558	745	<nil>
700	213	507	720	<nil>
700	17280	556	17836	<nil>
700	3651	554	4205	<nil>
700	1361	557	1918	<nil>
700	6027	556	6583	<nil>
700	427	524	951	<nil>
700	211	509	720	<nil>
700	1485	507	1992	<nil>
700	4991	501	5492	<nil>
700	1457	502	1959	<nil>
700	214	505	719	<nil>
700	25937	506	26443	<nil>
700	214	504	718	<nil>
700	215	504	719	<nil>
700	213	507	720	<nil>
700	1449	500	1949	<nil>
700	161	566	727	<nil>
700	217	558	775	<nil>
700	499	193	692	<nil>
700	3759	182	3941	<nil>
700	1061	183	1244	<nil>
700	1075	182	1257	<nil>
700	3536	183	3719	<nil>
700	874	166	1040	<nil>
700	874	166	1040	<nil>
700	874	166	1040	<nil>
700	41757	184	41941	<nil>
700	1075	184	1259	<nil>
700	4086	184	4270	<nil>
700	879	206	1085	<nil>
700	867	219	1086	<nil>
700	875	210	1085	<nil>
700	9855	148	10003	<nil>
700	893	213	1106	<nil>
700	1211	158	1369	<nil>
700	4167	162	4329	<nil>
700	876	230	1106	<nil>
700	706	3	709	<nil>
700	611	81	692	<nil>
700	884	4	888	<nil>
700	1215	175	1390	<nil>
700	2995	68	3063	<nil>
700	2907	8	2915	<nil>
700	2995	83	3078	<nil>
700	735	177	912	<nil>
700	2012	115	2127	<nil>
700	654	104	758	<nil>
700	973	177	1150	<nil>
700	1446	104	1550	<nil>
700	1445	106	1551	<nil>
700	1446	104	1550	<nil>
700	1460	90	1550	<nil>
700	1058	190	1248	<nil>
700	1004	133	1137	<nil>
700	747	11	758	<nil>
700	1019	137	1156	<nil>
700	4362	89	4451	<nil>
700	1445	106	1551	<nil>
700	1462	89	1551	<nil>
700	2994	84	3078	<nil>
700	607	84	691	<nil>
700	1195	175	1370	<nil>
700	1215	176	1391	<nil>
700	183	79	262	<nil>
700	1065	176	1241	<nil>
700	10734	191	10925	<nil>
700	1295	128	1423	<nil>
700	938	191	1129	<nil>
700	947	181	1128	<nil>
700	1238	191	1429	<nil>
700	581	176	757	<nil>
700	1128	115	1243	<nil>
700	1544	101	1645	<nil>
700	1067	220	1287	<nil>
700	1008	117	1125	<nil>
700	1064	186	1250	<nil>
700	1009	154	1163	<nil>
700	4391	167	4558	<nil>
700	932	103	1035	<nil>
700	1063	187	1250	<nil>
700	1013	116	1129	<nil>
700	956	198	1154	<nil>
700	890	8	898	<nil>
700	660	101	761	<nil>
700	611	81	692	<nil>
700	3482	107	3589	<nil>
700	1545	104	1649	<nil>
700	1064	186	1250	<nil>
700	1029	105	1134	<nil>
700	742	24	766	<nil>
700	1000	128	1128	<nil>
700	651	121	772	<nil>
700	584	181	765	<nil>
700	1008	122	1130	<nil>
700	1548	103	1651	<nil>
700	914	11	925	<nil>
700	1031	103	1134	<nil>
700	940	107	1047	<nil>
700	965	203	1168	<nil>
700	1029	107	1136	<nil>
700	670	109	779	<nil>
700	754	24	778	<nil>
700	612	81	693	<nil>
700	622	84	706	<nil>
700	184	15	199	<nil>
700	909	27	936	<nil>
700	3087	14	3101	<nil>
700	8605	3	8608	<nil>
700	1118	115	1233	<nil>
700	881	254	1135	<nil>
700	1967	166	2133	<nil>
700	745	188	933	<nil>
700	1281	180	1461	<nil>
700	1106	180	1286	<nil>
700	1026	140	1166	<nil>
700	1014	153	1167	<nil>
700	1215	186	1401	<nil>
700	2960	154	3114	<nil>
700	1279	167	1446	<nil>
700	1116	180	1296	<nil>
700	1268	192	1460	<nil>
700	1130	140	1270	<nil>
700	1117	179	1296	<nil>
700	732	24	756	<nil>
700	152	11	163	<nil>
700	700	119	819	<nil>
700	879	139	1018	<nil>
700	747	139	886	<nil>
700	702	119	821	<nil>
700	701	118	819	<nil>
700	905	209	1114	<nil>
700	883	205	1088	<nil>
700	879	209	1088	<nil>
700	741	182	923	<nil>
700	1537	188	1725	<nil>
700	770	190	960	<nil>
700	1540	189	1729	<nil>
700	742	194	936	<nil>
700	1139	185	1324	<nil>
700	921	188	1109	<nil>
700	2430	150	2580	<nil>
700	802	165	967	<nil>
700	947	165	1112	<nil>
700	725	187	912	<nil>
700	183	201	384	<nil>
700	1542	192	1734	<nil>
700	780	188	968	<nil>
700	3054	189	3243	<nil>
700	708	204	912	<nil>
700	774	195	969	<nil>
700	780	188	968	<nil>
700	1541	194	1735	<nil>
700	914	38	952	<nil>
700	368	32	400	<nil>
700	278	123	401	<nil>
700	856	123	979	<nil>
700	2787	107	2894	<nil>
700	2839	108	2947	<nil>
700	3202	107	3309	<nil>
700	295	106	401	<nil>
700	1549	213	1762	<nil>
700	3155	144	3299	<nil>
700	311	144	455	<nil>
700	1562	106	1668	<nil>
700	263	127	390	<nil>
700	907	74	981	<nil>
700	767	156	923	<nil>
700	355	33	388	<nil>
700	355	32	387	<nil>
700	1811	89	1900	<nil>
700	3267	180	3447	<nil>
700	920	37	957	<nil>
700	2553	184	2737	<nil>
700	5955	177	6132	<nil>
700	1367	177	1544	<nil>
700	1574	227	1801	<nil>
700	3192	194	3386	<nil>
700	3222	257	3479	<nil>
700	915	208	1123	<nil>
700	357	202	559	<nil>
700	880	224	1104	<nil>
700	5925	251	6176	<nil>
700	354	222	576	<nil>
700	2797	202	2999	<nil>
700	312	197	509	<nil>
700	471	203	674	<nil>
700	469	197	666	<nil>
700	1461	200	1661	<nil>
700	1113	208	1321	<nil>
700	1461	201	1662	<nil>
700	368	238	606	<nil>
700	474	206	680	<nil>
700	360	221	581	<nil>
700	2773	228	3001	<nil>
700	1095	228	1323	<nil>
700	466	206	672	<nil>
700	273	197	470	<nil>
700	10612	202	10814	<nil>
700	1112	208	1320	<nil>
700	1461	204	1665	<nil>
700	313	194	507	<nil>
700	466	209	675	<nil>
700	5986	195	6181	<nil>
700	1112	219	1331	<nil>
700	459	208	667	<nil>
700	1111	219	1330	<nil>
700	1111	220	1331	<nil>
700	1093	236	1329	<nil>
700	245	206	451	<nil>
700	46754	220	46974	<nil>
700	1109	222	1331	<nil>
700	1110	224	1334	<nil>
700	1108	223	1331	<nil>
700	1461	215	1676	<nil>
700	360	240	600	<nil>
700	466	239	705	<nil>
700	465	231	696	<nil>
700	475	233	708	<nil>
700	472	229	701	<nil>
700	354	266	620	<nil>
700	2948	235	3183	<nil>
700	464	239	703	<nil>
700	980	230	1210	<nil>
700	976	232	1208	<nil>
700	355	261	616	<nil>
700	470	231	701	<nil>
700	360	255	615	<nil>
700	1465	229	1694	<nil>
700	471	230	701	<nil>
700	1110	240	1350	<nil>
700	470	234	704	<nil>
700	17376	245	17621	<nil>
700	3186	345	3531	<nil>
700	11435	240	11675	<nil>
700	5937	313	6250	<nil>
700	478	236	714	<nil>
700	465	241	706	<nil>
700	470	239	709	<nil>
700	1465	234	1699	<nil>
700	220	241	461	<nil>
700	311	241	552	<nil>
700	360	265	625	<nil>
700	1460	241	1701	<nil>
700	466	236	702	<nil>
700	3212	239	3451	<nil>
700	355	266	621	<nil>
700	2798	235	3033	<nil>
700	344	265	609	<nil>
700	359	267	626	<nil>
700	2944	241	3185	<nil>
700	1108	242	1350	<nil>
700	1236	369	1605	<nil>
700	266	359	625	<nil>
700	15339	370	15709	<nil>
700	2699	279	2978	<nil>
700	383	247	630	<nil>
700	2694	278	2972	<nil>
700	1365	257	1622	<nil>
700	371	229	600	<nil>
700	30011	246	30257	<nil>
700	379	280	659	<nil>
700	2752	222	2974	<nil>
700	322	280	602	<nil>
700	2694	280	2974	<nil>
700	29956	230	30186	<nil>
700	2712	221	2933	<nil>
700	508	201	709	<nil>
700	400	206	606	<nil>
700	3152	200	3352	<nil>
700	3536	214	3750	<nil>
700	445	198	643	<nil>
700	496	189	685	<nil>
700	448	191	639	<nil>
700	6238	189	6427	<nil>
700	458	190	648	<nil>
700	475	188	663	<nil>
700	3590	68	3658	<nil>
700	611	68	679	<nil>
700	582	68	650	<nil>
700	3595	68	3663	<nil>
700	603	66	669	<nil>
700	583	68	651	<nil>
700	3501	62	3563	<nil>
700	3329	67	3396	<nil>
700	622	62	684	<nil>
700	3599	67	3666	<nil>
700	3334	63	3397	<nil>
700	511	79	590	<nil>
700	584	93	677	<nil>
700	600	92	692	<nil>
700	530	94	624	<nil>
700	17552	100	17652	<nil>
700	542	559	1101	<nil>
700	3606	558	4164	<nil>
700	597	559	1156	<nil>
700	534	567	1101	<nil>
700	543	567	1110	<nil>
700	496	560	1056	<nil>
700	3608	569	4177	<nil>
700	632	562	1194	<nil>
700	587	569	1156	<nil>
700	588	561	1149	<nil>
700	597	566	1163	<nil>
700	9327	566	9893	<nil>
700	588	569	1157	<nil>
700	588	567	1155	<nil>
700	535	566	1101	<nil>
700	1621	568	2189	<nil>
700	596	568	1164	<nil>
700	593	561	1154	<nil>
700	617	568	1185	<nil>
700	414	559	973	<nil>
700	1563	567	2130	<nil>
700	491	560	1051	<nil>
700	491	560	1051	<nil>
700	493	559	1052	<nil>
700	595	568	1163	<nil>
700	587	568	1155	<nil>
700	493	559	1052	<nil>
700	5794	560	6354	<nil>
700	17322	559	17881	<nil>
700	1547	569	2116	<nil>
700	3347	559	3906	<nil>
700	503	559	1062	<nil>
700	588	569	1157	<nil>
700	588	568	1156	<nil>
700	543	570	1113	<nil>
700	3339	569	3908	<nil>
700	566	562	1128	<nil>
700	542	562	1104	<nil>
700	6165	560	6725	<nil>
700	3611	560	4171	<nil>
700	496	564	1060	<nil>
700	6476	571	7047	<nil>
700	559	568	1127	<nil>
700	543	570	1113	<nil>
700	542	570	1112	<nil>
700	9979	570	10549	<nil>
700	589	570	1159	<nil>
700	27579	564	28143	<nil>
700	484	564	1048	<nil>
700	3196	563	3759	<nil>
700	494	562	1056	<nil>
700	6489	561	7050	<nil>
700	3349	585	3934	<nil>
700	493	586	1079	<nil>
700	499	587	1086	<nil>
700	493	586	1079	<nil>
700	400	591	991	<nil>
700	503	594	1097	<nil>
700	1613	623	2236	<nil>
700	502	594	1096	<nil>
700	411	623	1034	<nil>
700	495	640	1135	<nil>
700	258	605	863	<nil>
700	3644	643	4287	<nil>
700	255	617	872	<nil>
700	234	618	852	<nil>
700	258	607	865	<nil>
700	257	617	874	<nil>
700	9378	607	9985	<nil>
700	497	640	1137	<nil>
700	437	642	1079	<nil>
700	520	610	1130	<nil>
700	101	594	695	<nil>
700	27660	590	28250	<nil>
700	103	595	698	<nil>
700	5068	596	5664	<nil>
700	1086	60	1146	<nil>
700	1153	60	1213	<nil>
700	1077	69	1146	<nil>
700	1086	69	1155	<nil>
700	1147	61	1208	<nil>
700	1076	69	1145	<nil>
700	1058	70	1128	<nil>
700	7145	69	7214	<nil>
700	650	69	719	<nil>
700	1072	47	1119	<nil>
700	9995	62	10057	<nil>
700	1168	49	1217	<nil>
700	1052	62	1114	<nil>
700	646	72	718	<nil>
700	1138	70	1208	<nil>
700	3941	72	4013	<nil>
700	1149	60	1209	<nil>
700	1050	73	1123	<nil>
700	1040	73	1113	<nil>
700	1056	60	1116	<nil>
700	1069	56	1125	<nil>
700	1140	64	1204	<nil>
700	3993	74	4067	<nil>
700	1159	64	1223	<nil>
700	2154	74	2228	<nil>
700	1150	73	1223	<nil>
700	1133	72	1205	<nil>
700	1177	59	1236	<nil>
700	2167	58	2225	<nil>
700	1077	69	1146	<nil>
700	1050	65	1115	<nil>
700	672	51	723	<nil>
700	1066	51	1117	<nil>
700	680	44	724	<nil>
700	678	45	723	<nil>
700	1082	51	1133	<nil>
700	1190	29	1219	<nil>
700	4023	51	4074	<nil>
700	2177	53	2230	<nil>
700	6955	49	7004	<nil>
700	3786	45	3831	<nil>
700	1067	49	1116	<nil>
700	672	51	723	<nil>
700	1175	41	1216	<nil>
700	678	46	724	<nil>
700	4020	51	4071	<nil>
700	5647	51	5698	<nil>
700	677	47	724	<nil>
700	6492	52	6544	<nil>
700	2197	45	2242	<nil>
700	1079	52	1131	<nil>
700	1165	52	1217	<nil>
700	1158	51	1209	<nil>
700	1166	45	1211	<nil>
700	3875	39	3914	<nil>
700	1170	49	1219	<nil>
700	1168	49	1217	<nil>
700	674	62	736	<nil>
700	672	74	746	<nil>
700	680	69	749	<nil>
700	26518	76	26594	<nil>
700	864	76	940	<nil>
700	676	72	748	<nil>
700	680	68	748	<nil>
700	863	77	940	<nil>
700	819	79	898	<nil>
700	818	77	895	<nil>
700	833	173	1006	<nil>
700	827	187	1014	<nil>
700	876	175	1051	<nil>
700	838	174	1012	<nil>
700	878	173	1051	<nil>
700	875	177	1052	<nil>
700	844	180	1024	<nil>
700	875	190	1065	<nil>
700	872	195	1067	<nil>
700	828	196	1024	<nil>
700	862	199	1061	<nil>
700	637	195	832	<nil>
700	875	192	1067	<nil>
700	869	212	1081	<nil>
700	843	202	1045	<nil>
700	851	207	1058	<nil>
700	919	202	1121	<nil>
700	40821	134	40955	<nil>
700	114	141	255	<nil>
700	875	192	1067	<nil>
700	839	183	1022	<nil>
700	856	193	1049	<nil>
700	891	196	1087	<nil>
700	850	191	1041	<nil>
700	832	211	1043	<nil>
700	649	202	851	<nil>
700	634	195	829	<nil>
700	116935	216	117151	<nil>
700	882	200	1082	<nil>
700	887	191	1078	<nil>
700	637	206	843	<nil>
700	633	218	851	<nil>
700	150	184	334	<nil>
700	147	184	331	<nil>
700	648	205	853	<nil>
700	281	18	299	<nil>
700	5686	215	5901	<nil>
700	147	184	331	<nil>
700	652	204	856	<nil>
700	657	200	857	<nil>
700	295	23	318	<nil>
700	638	195	833	<nil>
700	895	196	1091	<nil>
700	634	219	853	<nil>
700	632	224	856	<nil>
700	925	202	1127	<nil>
700	855	198	1053	<nil>
700	206	2	208	<nil>
700	850	204	1054	<nil>
700	925	204	1129	<nil>
700	5688	205	5893	<nil>
700	1125	14	1139	<nil>
700	10039	198	10237	<nil>
700	146	188	334	<nil>
700	889	206	1095	<nil>
700	925	206	1131	<nil>
700	844	206	1050	<nil>
700	222	0	222	<nil>
700	18020	205	18225	<nil>
700	10039	199	10238	<nil>
700	845	206	1051	<nil>
700	149	194	343	<nil>
700	878	191	1069	<nil>
700	304	40	344	<nil>
700	84	162	246	<nil>
700	637	195	832	<nil>
700	5778	133	5911	<nil>
700	328	15	343	<nil>
700	296	49	345	<nil>
700	296	49	345	<nil>
700	212	134	346	<nil>
700	298	42	340	<nil>
700	294	49	343	<nil>
700	311	32	343	<nil>
700	366	18	384	<nil>
700	214	134	348	<nil>
700	147	193	340	<nil>
700	2626	133	2759	<nil>
700	297	48	345	<nil>
700	234	123	357	<nil>
700	314	39	353	<nil>
700	951	167	1118	<nil>
700	2528	191	2719	<nil>
700	14341	136	14477	<nil>
700	10120	124	10244	<nil>
700	954	161	1115	<nil>
700	966	160	1126	<nil>
700	114	123	237	<nil>
700	875	191	1066	<nil>
700	2528	192	2720	<nil>
700	836	191	1027	<nil>
700	332	33	365	<nil>
700	330	30	360	<nil>
700	335	29	364	<nil>
700	356	16	372	<nil>
700	352	19	371	<nil>
700	1325	9	1334	<nil>
700	274	33	307	<nil>
700	355	23	378	<nil>
700	1193	12	1205	<nil>
700	633	220	853	<nil>
700	206	16	222	<nil>
700	3139	7	3146	<nil>
700	151	185	336	<nil>
700	1324	17	1341	<nil>
700	179	1	180	<nil>
700	221	1	222	<nil>
700	5922	5	5927	<nil>
700	884	203	1087	<nil>
700	361	21	382	<nil>
700	859	11	870	<nil>
700	895	198	1093	<nil>
700	368	15	383	<nil>
700	147	187	334	<nil>
700	209	0	209	<nil>
700	209	0	209	<nil>
700	309	30	339	<nil>
700	15928	24	15952	<nil>
700	2786	6	2792	<nil>
700	176	27	203	<nil>
700	331	25	356	<nil>
700	1120	16	1136	<nil>
700	174	51	225	<nil>
700	5420	30	5450	<nil>
700	162	45	207	<nil>
700	162	42	204	<nil>
700	375	9	384	<nil>
700	7039	166	7205	<nil>
700	318	43	361	<nil>
700	356	32	388	<nil>
700	3038	32	3070	<nil>
700	357	32	389	<nil>
700	5906	27	5933	<nil>
700	360	28	388	<nil>
700	358	30	388	<nil>
700	180	24	204	<nil>
700	357	32	389	<nil>
700	206	30	236	<nil>
700	2958	11	2969	<nil>
700	329	18	347	<nil>
700	356	33	389	<nil>
700	361	19	380	<nil>
700	176	28	204	<nil>
700	360	19	379	<nil>
700	1314	23	1337	<nil>
700	5924	35	5959	<nil>
700	2671	31	2702	<nil>
700	221	12	233	<nil>
700	1077	24	1101	<nil>
700	187	32	219	<nil>
700	1111	29	1140	<nil>
700	159	41	200	<nil>
700	1078	17	1095	<nil>
700	1073	17	1090	<nil>
700	200	21	221	<nil>
700	360	19	379	<nil>
700	176	27	203	<nil>
700	1109	23	1132	<nil>
700	353	27	380	<nil>
700	1117	17	1134	<nil>
700	2771	24	2795	<nil>
700	219	1	220	<nil>
700	220	1	221	<nil>
700	2624	0	2624	<nil>
700	854	23	877	<nil>
700	320	1	321	<nil>
700	2800	1	2801	<nil>
700	221	0	221	<nil>
700	360	30	390	<nil>
700	218	237	455	<nil>
700	361	267	628	<nil>
700	212	240	452	<nil>
700	1099	267	1366	<nil>
700	230	240	470	<nil>
700	226	249	475	<nil>
700	3804	236	4040	<nil>
700	857	238	1095	<nil>
700	211	240	451	<nil>
700	3251	239	3490	<nil>
700	224	240	464	<nil>
700	358	267	625	<nil>
700	210	242	452	<nil>
700	224	249	473	<nil>
700	3155	239	3394	<nil>
700	1109	274	1383	<nil>
700	194	269	463	<nil>
700	1137	240	1377	<nil>
700	304	241	545	<nil>
700	375	252	627	<nil>
700	203	252	455	<nil>
700	210	240	450	<nil>
700	1142	240	1382	<nil>
700	386	240	626	<nil>
700	1191	253	1444	<nil>
700	373	254	627	<nil>
700	210	241	451	<nil>
700	197	253	450	<nil>
700	391	236	627	<nil>
700	1118	260	1378	<nil>
700	226	239	465	<nil>
700	1086	257	1343	<nil>
700	233	243	476	<nil>
700	226	239	465	<nil>
700	200	252	452	<nil>
700	215	249	464	<nil>
700	360	265	625	<nil>
700	891	239	1130	<nil>
700	871	272	1143	<nil>
700	357	273	630	<nil>
700	869	252	1121	<nil>
700	595	56	651	<nil>
700	605	63	668	<nil>
700	1512	39	1551	<nil>
700	404	41	445	<nil>
700	10682	44	10726	<nil>
700	1513	41	1554	<nil>
700	418	39	457	<nil>
700	605	68	673	<nil>
700	1501	47	1548	<nil>
700	590	66	656	<nil>
700	3560	37	3597	<nil>
700	383	65	448	<nil>
700	1508	40	1548	<nil>
700	1512	35	1547	<nil>
700	444	7	451	<nil>
700	1509	40	1549	<nil>
700	411	37	448	<nil>
700	1513	37	1550	<nil>
700	397	45	442	<nil>
700	405	37	442	<nil>
700	3585	66	3651	<nil>
700	403	43	446	<nil>
700	1340	35	1375	<nil>
700	3563	36	3599	<nil>
700	593	66	659	<nil>
700	5969	37	6006	<nil>
700	3505	37	3542	<nil>
700	1508	39	1547	<nil>
700	595	64	659	<nil>
700	406	35	441	<nil>
700	3184	66	3250	<nil>
700	406	38	444	<nil>
700	408	40	448	<nil>
700	3552	50	3602	<nil>
700	409	40	449	<nil>
700	408	40	448	<nil>
700	590	73	663	<nil>
700	1507	41	1548	<nil>
700	1481	66	1547	<nil>
700	603	71	674	<nil>
700	411	38	449	<nil>
700	405	40	445	<nil>
700	3183	70	3253	<nil>
700	605	69	674	<nil>
700	3635	57	3692	<nil>
700	406	36	442	<nil>
700	3633	65	3698	<nil>
700	419	45	464	<nil>
700	406	38	444	<nil>
700	40095	49	40144	<nil>
700	593	71	664	<nil>
700	1511	36	1547	<nil>
700	408	39	447	<nil>
700	408	39	447	<nil>
700	505	39	544	<nil>
700	3541	61	3602	<nil>
700	406	42	448	<nil>
700	408	40	448	<nil>
700	416	40	456	<nil>
700	413	40	453	<nil>
700	408	40	448	<nil>
700	414	40	454	<nil>
700	440	10	450	<nil>
700	457	9	466	<nil>
700	418	42	460	<nil>
700	377	61	438	<nil>
700	408	42	450	<nil>
700	404	41	445	<nil>
700	3222	37	3259	<nil>
700	459	7	466	<nil>
700	446	16	462	<nil>
700	441	16	457	<nil>
700	448	17	465	<nil>
700	445	14	459	<nil>
700	539	18	557	<nil>
700	1553	8	1561	<nil>
700	454	6	460	<nil>
700	439	21	460	<nil>
700	436	23	459	<nil>
700	449	10	459	<nil>
700	454	11	465	<nil>
700	440	19	459	<nil>
700	456	5	461	<nil>
700	3247	22	3269	<nil>
700	444	17	461	<nil>
700	434	27	461	<nil>
700	1511	54	1565	<nil>
700	453	25	478	<nil>
700	450	13	463	<nil>
700	453	10	463	<nil>
700	1547	19	1566	<nil>
700	442	21	463	<nil>
700	449	15	464	<nil>
700	459	15	474	<nil>
700	414	55	469	<nil>
700	3614	8	3622	<nil>
700	1553	14	1567	<nil>
700	456	7	463	<nil>
700	604	90	694	<nil>
700	3659	14	3673	<nil>
700	1582	90	1672	<nil>
700	10663	94	10757	<nil>
700	3183	91	3274	<nil>
700	377	90	467	<nil>
700	3628	94	3722	<nil>
700	593	94	687	<nil>
700	6309	98	6407	<nil>
700	443	551	994	<nil>
700	457	542	999	<nil>
700	547	543	1090	<nil>
700	450	545	995	<nil>
700	1432	546	1978	<nil>
700	450	543	993	<nil>
700	46768	553	47321	<nil>
700	6399	540	6939	<nil>
700	479	530	1009	<nil>
700	3704	548	4252	<nil>
700	467	533	1000	<nil>
700	441	560	1001	<nil>
700	470	531	1001	<nil>
700	3269	544	3813	<nil>
700	470	530	1000	<nil>
700	465	535	1000	<nil>
700	477	530	1007	<nil>
700	482	529	1011	<nil>
700	532	565	1097	<nil>
700	478	533	1011	<nil>
700	469	531	1000	<nil>
700	452	549	1001	<nil>
700	3705	549	4254	<nil>
700	436	564	1000	<nil>
700	472	534	1006	<nil>
700	443	565	1008	<nil>
700	455	550	1005	<nil>
700	484	531	1015	<nil>
700	461	540	1001	<nil>
700	471	535	1006	<nil>
700	1556	553	2109	<nil>
700	564	534	1098	<nil>
700	3624	534	4158	<nil>
700	448	552	1000	<nil>
700	447	565	1012	<nil>
700	473	533	1006	<nil>
700	466	537	1003	<nil>
700	489	532	1021	<nil>
700	481	530	1011	<nil>
700	3721	536	4257	<nil>
700	451	549	1000	<nil>
700	5606	549	6155	<nil>
700	3691	565	4256	<nil>
700	461	532	993	<nil>
700	1574	531	2105	<nil>
700	472	611	1083	<nil>
700	668	432	1100	<nil>
700	711	432	1143	<nil>
700	659	433	1092	<nil>
700	1007	0	1007	rpc error: code = Unavailable desc = transport is closing
700	1004	0	1004	rpc error: code = Unavailable desc = transport is closing
700	999	0	999	rpc error: code = Unavailable desc = transport is closing
700	3809	0	3809	rpc error: code = Unavailable desc = transport is closing
700	25525	0	25525	rpc error: code = Unavailable desc = transport is closing
700	999	0	999	rpc error: code = Unavailable desc = transport is closing
700	1002	122	1124	<nil>
700	1004	0	1004	rpc error: code = Unavailable desc = transport is closing
700	3810	0	3810	rpc error: code = Unavailable desc = transport is closing
700	9786	140	9926	<nil>
700	1047	0	1047	rpc error: code = Unavailable desc = transport is closing
700	1044	0	1044	rpc error: code = Unavailable desc = transport is closing
700	3809	0	3809	rpc error: code = Unavailable desc = transport is closing
700	11253	0	11253	rpc error: code = Unavailable desc = transport is closing
700	1077	0	1077	rpc error: code = Unavailable desc = transport is closing
700	3890	0	3890	rpc error: code = Unavailable desc = transport is closing
700	1078	0	1078	rpc error: code = Unavailable desc = transport is closing
700	1069	0	1069	rpc error: code = Unavailable desc = transport is closing
700	1162	0	1162	rpc error: code = Unavailable desc = transport is closing
700	11357	0	11357	rpc error: code = Unavailable desc = transport is closing
700	3704	0	3704	rpc error: code = Unavailable desc = transport is closing
700	3703	0	3703	rpc error: code = Unavailable desc = transport is closing
700	4184	0	4184	rpc error: code = Unavailable desc = transport is closing
700	1089	0	1089	rpc error: code = Unavailable desc = transport is closing
700	1163	0	1163	rpc error: code = Unavailable desc = transport is closing
700	1163	0	1163	rpc error: code = Unavailable desc = transport is closing
700	7016	0	7016	rpc error: code = Unavailable desc = transport is closing
700	1070	0	1070	rpc error: code = Unavailable desc = transport is closing
700	1087	0	1087	rpc error: code = Unavailable desc = transport is closing
700	1090	0	1090	rpc error: code = Unavailable desc = transport is closing
700	1167	0	1167	rpc error: code = Unavailable desc = transport is closing
700	2025	0	2025	rpc error: code = Unavailable desc = transport is closing
700	3880	0	3880	rpc error: code = Unavailable desc = transport is closing
700	1124	0	1124	rpc error: code = Unavailable desc = transport is closing
700	1069	0	1069	rpc error: code = Unavailable desc = transport is closing
700	1091	0	1091	rpc error: code = Unavailable desc = transport is closing
700	1088	0	1088	rpc error: code = Unavailable desc = transport is closing
700	1097	0	1097	rpc error: code = Unavailable desc = transport is closing
700	1086	0	1086	rpc error: code = Unavailable desc = transport is closing
700	10628	0	10628	rpc error: code = Unavailable desc = transport is closing
700	673	22	695	<nil>
700	670	15	685	<nil>
700	681	19	700	<nil>
700	681	16	697	<nil>
700	672	26	698	<nil>
700	670	29	699	<nil>
700	680	18	698	<nil>
700	660	26	686	<nil>
700	690	11	701	<nil>
700	671	25	696	<nil>
700	683	18	701	<nil>
700	680	17	697	<nil>
700	670	19	689	<nil>
700	671	56	727	<nil>
700	673	69	742	<nil>
700	673	62	735	<nil>
700	672	71	743	<nil>
700	658	74	732	<nil>
700	671	66	737	<nil>
700	684	66	750	<nil>
700	677	66	743	<nil>
700	677	61	738	<nil>
700	668	69	737	<nil>
700	673	64	737	<nil>
700	2983	66	3049	<nil>
700	682	62	744	<nil>
700	680	62	742	<nil>
700	679	151	830	<nil>
700	680	154	834	<nil>
700	682	152	834	<nil>
700	674	151	825	<nil>
700	684	152	836	<nil>
700	666	155	821	<nil>
700	680	153	833	<nil>
700	677	155	832	<nil>
700	684	153	837	<nil>
700	695	137	832	<nil>
700	5797	155	5952	<nil>
700	692	140	832	<nil>
700	674	154	828	<nil>
700	677	155	832	<nil>
700	680	153	833	<nil>
700	25764	153	25917	<nil>
700	681	153	834	<nil>
700	670	153	823	<nil>
700	690	154	844	<nil>
700	681	155	836	<nil>
700	671	155	826	<nil>
700	681	157	838	<nil>
700	670	161	831	<nil>
700	669	154	823	<nil>
700	2987	154	3141	<nil>
700	681	155	836	<nil>
700	681	145	826	<nil>
700	679	149	828	<nil>
700	2965	161	3126	<nil>
700	41740	165	41905	<nil>
700	693	161	854	<nil>
700	675	161	836	<nil>
700	1443	161	1604	<nil>
700	1442	161	1603	<nil>
700	15166	182	15348	<nil>
700	1222	164	1386	<nil>
700	1444	175	1619	<nil>
700	2967	172	3139	<nil>
700	24093	166	24259	<nil>
700	82	175	257	<nil>
700	5756	175	5931	<nil>
700	1423	174	1597	<nil>
700	2976	175	3151	<nil>
700	5606	174	5780	<nil>
700	2497	176	2673	<nil>
700	1211	175	1386	<nil>
700	5713	180	5893	<nil>
700	5806	169	5975	<nil>
700	5863	110	5973	<nil>
700	17226	181	17407	<nil>
700	145	179	324	<nil>
700	132	184	316	<nil>
700	3008	181	3189	<nil>
700	2610	180	2790	<nil>
700	1371	175	1546	<nil>
700	5813	183	5996	<nil>
700	1442	183	1625	<nil>
700	15872	182	16054	<nil>
700	1364	184	1548	<nil>
700	1432	182	1614	<nil>
700	116	119	235	<nil>
700	5797	185	5982	<nil>
700	17126	184	17310	<nil>
700	15183	183	15366	<nil>
700	2886	186	3072	<nil>
700	1427	187	1614	<nil>
700	1450	194	1644	<nil>
700	2875	202	3077	<nil>
700	9495	195	9690	<nil>
700	145	202	347	<nil>
700	194	165	359	<nil>
700	1448	206	1654	<nil>
700	5361	155	5516	<nil>
700	1450	206	1656	<nil>
700	15891	210	16101	<nil>
700	1373	207	1580	<nil>
700	68	138	206	<nil>
700	3042	166	3208	<nil>
700	3037	150	3187	<nil>
700	5285	168	5453	<nil>
700	4199	212	4411	<nil>
700	154	213	367	<nil>
700	4192	198	4390	<nil>
700	55	201	256	<nil>
700	1415	169	1584	<nil>
700	32	204	236	<nil>
700	52	204	256	<nil>
700	6721	219	6940	<nil>
700	52	204	256	<nil>
700	66	218	284	<nil>
700	25891	170	26061	<nil>
700	55	204	259	<nil>
700	52	204	256	<nil>
700	2865	187	3052	<nil>
700	78	188	266	<nil>
700	1414	166	1580	<nil>
700	65	177	242	<nil>
700	4234	178	4412	<nil>
700	74	189	263	<nil>
700	4199	214	4413	<nil>
700	116	179	295	<nil>
700	97	176	273	<nil>
700	74	189	263	<nil>
700	68	190	258	<nil>
700	98	190	288	<nil>
700	100	191	291	<nil>
700	68	191	259	<nil>
700	99	191	290	<nil>
700	69	192	261	<nil>
700	102	200	302	<nil>
700	86	193	279	<nil>
700	74	194	268	<nil>
700	100	192	292	<nil>
700	98	190	288	<nil>
700	45193	184	45377	<nil>
700	68	201	269	<nil>
700	69	203	272	<nil>
700	4234	231	4465	<nil>
700	70	203	273	<nil>
700	2576	200	2776	<nil>
700	69	203	272	<nil>
700	2662	205	2867	<nil>
700	71	200	271	<nil>
700	26	211	237	<nil>
700	2577	201	2778	<nil>
700	68	191	259	<nil>
700	68	257	325	<nil>
700	29	260	289	<nil>
700	72	260	332	<nil>
700	5895	261	6156	<nil>
700	102	255	357	<nil>
700	67	256	323	<nil>
700	26	260	286	<nil>
700	72	260	332	<nil>
700	68	265	333	<nil>
700	72	259	331	<nil>
700	2577	265	2842	<nil>
700	68	260	328	<nil>
700	74	261	335	<nil>
700	26	261	287	<nil>
700	25	262	287	<nil>
700	26	260	286	<nil>
700	26	261	287	<nil>
700	2885	260	3145	<nil>
700	72	261	333	<nil>
700	26	260	286	<nil>
700	72	260	332	<nil>
700	73	261	334	<nil>
700	72	261	333	<nil>
700	73	261	334	<nil>
700	72	260	332	<nil>
700	83	260	343	<nil>
700	71	261	332	<nil>
700	68	259	327	<nil>
700	72	261	333	<nil>
700	2671	261	2932	<nil>
700	26	262	288	<nil>
700	679	0	679	rpc error: code = Unavailable desc = transport is closing
700	673	0	673	rpc error: code = Unavailable desc = transport is closing
700	671	0	671	rpc error: code = Unavailable desc = transport is closing
700	4764	0	4764	rpc error: code = Unavailable desc = transport is closing
700	4765	0	4765	rpc error: code = Unavailable desc = transport is closing
700	4767	0	4767	rpc error: code = Unavailable desc = transport is closing
700	4766	0	4766	rpc error: code = Unavailable desc = transport is closing
700	4769	0	4769	rpc error: code = Unavailable desc = transport is closing
700	5745	0	5745	rpc error: code = Unavailable desc = transport is closing
700	4765	0	4765	rpc error: code = Unavailable desc = transport is closing
700	4767	0	4767	rpc error: code = Unavailable desc = transport is closing
700	4768	0	4768	rpc error: code = Unavailable desc = transport is closing
700	4772	0	4772	rpc error: code = Unavailable desc = transport is closing
700	4774	0	4774	rpc error: code = Unavailable desc = transport is closing
700	4775	0	4775	rpc error: code = Unavailable desc = transport is closing
700	209	93	302	<nil>
700	4778	0	4778	rpc error: code = Unavailable desc = transport is closing
700	251	58	309	<nil>
700	251	58	309	<nil>
700	252	57	309	<nil>
700	664	0	664	rpc error: code = Unavailable desc = transport is closing
700	669	0	669	rpc error: code = Unavailable desc = transport is closing
700	657	0	657	rpc error: code = Unavailable desc = transport is closing
700	650	0	650	rpc error: code = Unavailable desc = transport is closing
700	656	0	656	rpc error: code = Unavailable desc = transport is closing
700	251	57	308	<nil>
700	653	0	653	rpc error: code = Unavailable desc = transport is closing
700	660	0	660	rpc error: code = Unavailable desc = transport is closing
700	658	0	658	rpc error: code = Unavailable desc = transport is closing
700	653	0	653	rpc error: code = Unavailable desc = transport is closing
700	654	0	654	rpc error: code = Unavailable desc = transport is closing
700	665	0	665	rpc error: code = Unavailable desc = transport is closing
700	249	0	249	rpc error: code = Unavailable desc = transport is closing
700	1256	0	1256	rpc error: code = Unavailable desc = transport is closing
700	262	0	262	rpc error: code = Unavailable desc = transport is closing
700	2993	0	2993	rpc error: code = Unavailable desc = transport is closing
700	253	0	253	rpc error: code = Unavailable desc = transport is closing
700	262	74	336	<nil>
700	5702	0	5702	rpc error: code = Unavailable desc = transport is closing
700	257	78	335	<nil>
700	262	75	337	<nil>
700	263	74	337	<nil>
700	262	74	336	<nil>
700	257	77	334	<nil>
700	259	79	338	<nil>
700	1257	75	1332	<nil>
700	263	75	338	<nil>
700	262	76	338	<nil>
700	7486	76	7562	<nil>
700	7488	76	7564	<nil>
700	263	0	263	rpc error: code = Unavailable desc = transport is closing
700	263	81	344	<nil>
700	206	0	206	rpc error: code = Unavailable desc = transport is closing
700	3193	111	3304	<nil>
700	250	0	250	rpc error: code = Unavailable desc = transport is closing
700	264	108	372	<nil>
700	262	124	386	<nil>
700	5223	124	5347	<nil>
700	1260	146	1406	<nil>
700	262	121	383	<nil>
700	1260	145	1405	<nil>
700	214	0	214	rpc error: code = Unavailable desc = transport is closing
700	214	0	214	rpc error: code = Unavailable desc = transport is closing
700	265	149	414	<nil>
700	1261	147	1408	<nil>
700	233	0	233	rpc error: code = Unavailable desc = transport is closing
700	1261	148	1409	<nil>
700	1262	147	1409	<nil>
700	240	148	388	<nil>
700	1205	0	1205	rpc error: code = Unavailable desc = transport is closing
700	214	0	214	rpc error: code = Unavailable desc = transport is closing
700	202	0	202	rpc error: code = Unavailable desc = transport is closing
700	225	148	373	<nil>
700	215	0	215	rpc error: code = Unavailable desc = transport is closing
700	215	0	215	rpc error: code = Unavailable desc = transport is closing
700	240	150	390	<nil>
700	1261	150	1411	<nil>
700	255	0	255	rpc error: code = Unavailable desc = transport is closing
700	2992	149	3141	<nil>
700	5716	146	5862	<nil>
700	234	145	379	<nil>
700	214	145	359	<nil>
700	131	0	131	rpc error: code = Unavailable desc = transport is closing
700	199	0	199	rpc error: code = Unavailable desc = transport is closing
700	214	146	360	<nil>
700	1237	0	1237	rpc error: code = Unavailable desc = transport is closing
700	215	146	361	<nil>
700	3059	0	3059	rpc error: code = Unavailable desc = transport is closing
700	258	147	405	<nil>
700	235	0	235	rpc error: code = Unavailable desc = transport is closing
700	9743	152	9895	<nil>
700	213	144	357	<nil>
700	212	145	357	<nil>
700	209	145	354	<nil>
700	200	145	345	<nil>
700	1262	149	1411	<nil>
700	233	0	233	rpc error: code = Unavailable desc = transport is closing
700	152	0	152	rpc error: code = Unavailable desc = transport is closing
700	183	0	183	rpc error: code = Unavailable desc = transport is closing
700	210	0	210	rpc error: code = Unavailable desc = transport is closing
700	190	0	190	rpc error: code = Unavailable desc = transport is closing
700	186	0	186	rpc error: code = Unavailable desc = transport is closing
700	233	150	383	<nil>
700	233	145	378	<nil>
700	232	0	232	rpc error: code = Unavailable desc = transport is closing
700	1236	0	1236	rpc error: code = Unavailable desc = transport is closing
700	215	0	215	rpc error: code = Unavailable desc = transport is closing
700	1254	0	1254	rpc error: code = Unavailable desc = transport is closing
700	228	149	377	<nil>
700	1258	150	1408	<nil>
700	222	0	222	rpc error: code = Unavailable desc = transport is closing
700	233	147	380	<nil>
700	3001	147	3148	<nil>
700	215	146	361	<nil>
700	128	0	128	rpc error: code = Unavailable desc = transport is closing
700	133	0	133	rpc error: code = Unavailable desc = transport is closing
700	234	149	383	<nil>
700	130	0	130	rpc error: code = Unavailable desc = transport is closing
700	130	0	130	rpc error: code = Unavailable desc = transport is closing
700	1262	146	1408	<nil>
700	1205	148	1353	<nil>
700	180	152	332	<nil>
700	233	109	342	<nil>
700	209	124	333	<nil>
700	1208	152	1360	<nil>
700	211	120	331	<nil>
700	1205	152	1357	<nil>
700	198	134	332	<nil>
700	209	137	346	<nil>
700	674	0	674	rpc error: code = Unavailable desc = transport is closing
700	188	137	325	<nil>
700	1259	103	1362	<nil>
700	17666	105	17771	<nil>
700	212	114	326	<nil>
700	159	18	177	<nil>
700	128	5	133	<nil>
700	670	0	670	rpc error: code = Unavailable desc = transport is closing
700	3018	134	3152	<nil>
700	674	0	674	rpc error: code = Unavailable desc = transport is closing
700	24431	0	24431	rpc error: code = Unavailable desc = transport is closing
700	5414	7	5421	<nil>
700	109	7	116	<nil>
700	194	152	346	<nil>
700	1249	117	1366	<nil>
700	129	7	136	<nil>
700	662	0	662	rpc error: code = Unavailable desc = transport is closing
700	130	8	138	<nil>
700	151	6	157	<nil>
700	133	5	138	<nil>
700	672	0	672	rpc error: code = Unavailable desc = transport is closing
700	110	10	120	<nil>
700	667	0	667	rpc error: code = Unavailable desc = transport is closing
700	662	0	662	rpc error: code = Unavailable desc = transport is closing
700	670	0	670	rpc error: code = Unavailable desc = transport is closing
700	209	131	340	<nil>
700	109	11	120	<nil>
700	677	0	677	rpc error: code = Unavailable desc = transport is closing
700	116	12	128	<nil>
700	674	0	674	rpc error: code = Unavailable desc = transport is closing
700	670	0	670	rpc error: code = Unavailable desc = transport is closing
700	114	9	123	<nil>
700	134	9	143	<nil>
700	1231	136	1367	<nil>
700	1258	109	1367	<nil>
700	23305	10	23315	<nil>
700	660	0	660	rpc error: code = Unavailable desc = transport is closing
700	675	0	675	rpc error: code = Unavailable desc = transport is closing
700	665	0	665	rpc error: code = Unavailable desc = transport is closing
700	672	0	672	rpc error: code = Unavailable desc = transport is closing
700	673	0	673	rpc error: code = Unavailable desc = transport is closing
700	1231	131	1362	<nil>
700	218	112	330	<nil>
700	670	0	670	rpc error: code = Unavailable desc = transport is closing
700	176	133	309	<nil>
700	118	12	130	<nil>
700	668	0	668	rpc error: code = Unavailable desc = transport is closing
700	1249	121	1370	<nil>
700	131	108	239	<nil>
700	3060	131	3191	<nil>
700	674	0	674	rpc error: code = Unavailable desc = transport is closing
700	204	120	324	<nil>
700	1255	114	1369	<nil>
700	155	83	238	<nil>
700	184	131	315	<nil>
700	156	134	290	<nil>
700	212	132	344	<nil>
700	133	106	239	<nil>
700	1238	132	1370	<nil>
700	245	121	366	<nil>
700	153	86	239	<nil>
700	153	83	236	<nil>
700	172	65	237	<nil>
700	129	108	237	<nil>
700	1239	133	1372	<nil>
700	198	122	320	<nil>
700	2916	155	3071	<nil>
700	125	112	237	<nil>
700	135	107	242	<nil>
700	130	109	239	<nil>
700	213	122	335	<nil>
700	231	113	344	<nil>
700	128	111	239	<nil>
700	186	133	319	<nil>
700	129	113	242	<nil>
700	130	112	242	<nil>
700	133	110	243	<nil>
700	128	113	241	<nil>
700	133	111	244	<nil>
700	128	114	242	<nil>
700	132	110	242	<nil>
700	128	114	242	<nil>
700	132	111	243	<nil>
700	138	105	243	<nil>
700	128	113	241	<nil>
700	131	112	243	<nil>
700	130	112	242	<nil>
700	658	0	658	rpc error: code = Unavailable desc = transport is closing
700	158	17	175	<nil>
700	8890	95	8985	<nil>
700	136	68	204	<nil>
700	16451	19	16470	<nil>
700	121	85	206	<nil>
700	159	18	177	<nil>
700	159	18	177	<nil>
700	110	95	205	<nil>
700	159	20	179	<nil>
700	159	20	179	<nil>
700	130	4	134	<nil>
700	130	119	249	<nil>
700	668	0	668	rpc error: code = Unavailable desc = transport is closing
700	129	5	134	<nil>
700	127	6	133	<nil>
700	115	6	121	<nil>
700	129	7	136	<nil>
700	678	0	678	rpc error: code = Unavailable desc = transport is closing
700	668	0	668	rpc error: code = Unavailable desc = transport is closing
700	667	0	667	rpc error: code = Unavailable desc = transport is closing
700	4954	4	4958	<nil>
700	8980	7	8987	<nil>
700	9189	3	9192	<nil>
700	151	5	156	<nil>
700	134	4	138	<nil>
700	5928	108	6036	<nil>
700	674	0	674	rpc error: code = Unavailable desc = transport is closing
700	214	109	323	<nil>
700	16267	7	16274	<nil>
700	111	8	119	<nil>
700	671	0	671	rpc error: code = Unavailable desc = transport is closing
700	118	7	125	<nil>
700	109	10	119	<nil>
700	130	9	139	<nil>
700	2610	11	2621	<nil>
700	116	11	127	<nil>
700	130	11	141	<nil>
700	152	9	161	<nil>
700	189	84	273	<nil>
700	109	11	120	<nil>
700	670	0	670	rpc error: code = Unavailable desc = transport is closing
700	77	10	87	<nil>
700	205	109	314	<nil>
700	6283	0	6283	rpc error: code = Unavailable desc = transport is closing
700	663	0	663	rpc error: code = Unavailable desc = transport is closing
700	111	13	124	<nil>
700	674	0	674	rpc error: code = Unavailable desc = transport is closing
700	154	89	243	<nil>
700	130	93	223	<nil>
700	134	89	223	<nil>
700	130	92	222	<nil>
700	2954	89	3043	<nil>
700	155	93	248	<nil>
700	133	90	223	<nil>
700	129	94	223	<nil>
700	133	90	223	<nil>
700	676	0	676	rpc error: code = Unavailable desc = transport is closing
700	1088	0	1088	rpc error: code = Unavailable desc = transport is closing
700	1093	0	1093	rpc error: code = Unavailable desc = transport is closing
700	1090	0	1090	rpc error: code = Unavailable desc = transport is closing
700	657	17	674	<nil>
700	681	19	700	<nil>
700	1095	0	1095	rpc error: code = Unavailable desc = transport is closing
700	1090	0	1090	rpc error: code = Unavailable desc = transport is closing
700	5746	0	5746	rpc error: code = Unavailable desc = transport is closing
700	1120	0	1120	rpc error: code = Unavailable desc = transport is closing
700	1098	0	1098	rpc error: code = Unavailable desc = transport is closing
700	1093	0	1093	rpc error: code = Unavailable desc = transport is closing
700	1092	0	1092	rpc error: code = Unavailable desc = transport is closing
700	1095	0	1095	rpc error: code = Unavailable desc = transport is closing
700	75497	0	75497	rpc error: code = Unavailable desc = transport is closing
700	1088	0	1088	rpc error: code = Unavailable desc = transport is closing
700	1996	0	1996	rpc error: code = Unavailable desc = transport is closing
700	1166	0	1166	rpc error: code = Unavailable desc = transport is closing
700	654	13	667	<nil>
700	3901	0	3901	rpc error: code = Unavailable desc = transport is closing
700	1091	0	1091	rpc error: code = Unavailable desc = transport is closing
700	25720	0	25720	rpc error: code = Unavailable desc = transport is closing
700	1097	0	1097	rpc error: code = Unavailable desc = transport is closing
700	1125	0	1125	rpc error: code = Unavailable desc = transport is closing
700	658	19	677	<nil>
700	1087	0	1087	rpc error: code = Unavailable desc = transport is closing
700	672	13	685	<nil>
700	653	23	676	<nil>
700	655	19	674	<nil>
700	658	21	679	<nil>
700	666	22	688	<nil>
700	660	7	667	<nil>
700	653	23	676	<nil>
700	662	21	683	<nil>
700	619	21	640	<nil>
700	671	10	681	<nil>
700	670	18	688	<nil>
700	667	18	685	<nil>
700	662	23	685	<nil>
700	678	23	701	<nil>
700	665	12	677	<nil>
700	631	18	649	<nil>
700	672	7	679	<nil>
700	617	24	641	<nil>
700	618	23	641	<nil>
700	669	18	687	<nil>
700	664	11	675	<nil>
700	661	23	684	<nil>
700	656	23	679	<nil>
700	659	23	682	<nil>
700	658	23	681	<nil>
700	3564	19	3583	<nil>
700	629	12	641	<nil>
700	628	23	651	<nil>
700	663	23	686	<nil>
700	657	20	677	<nil>
700	654	19	673	<nil>
700	656	24	680	<nil>
700	651	8	659	<nil>
700	627	17	644	<nil>
700	635	9	644	<nil>
700	661	11	672	<nil>
700	9764	17	9781	<nil>
700	685	8	693	<nil>
700	639	9	648	<nil>
700	682	10	692	<nil>
700	679	8	687	<nil>
700	680	12	692	<nil>
700	689	10	699	<nil>
700	675	8	683	<nil>
700	701	9	710	<nil>
700	621	10	631	<nil>
700	9838	11	9849	<nil>
700	686	10	696	<nil>
700	647	8	655	<nil>
700	682	10	692	<nil>
700	683	9	692	<nil>
700	653	12	665	<nil>
700	643	9	652	<nil>
700	670	9	679	<nil>
700	642	21	663	<nil>
700	695	19	714	<nil>
700	638	24	662	<nil>
700	687	21	708	<nil>
700	650	23	673	<nil>
700	543	24	567	<nil>
700	5200	50	5250	<nil>
700	644	40	684	<nil>
700	644	47	691	<nil>
700	646	42	688	<nil>
700	688	88	776	<nil>
700	644	93	737	<nil>
700	650	90	740	<nil>
700	6098	102	6200	<nil>
700	633	106	739	<nil>
700	642	101	743	<nil>
700	687	97	784	<nil>
700	673	98	771	<nil>
700	690	94	784	<nil>
700	640	102	742	<nil>
700	648	95	743	<nil>
700	26794	106	26900	<nil>
700	669	101	770	<nil>
700	559	119	678	<nil>
700	643	123	766	<nil>
700	653	121	774	<nil>
700	687	126	813	<nil>
700	671	125	796	<nil>
700	175679	129	175808	<nil>
700	3268	128	3396	<nil>
700	655	123	778	<nil>
700	645	127	772	<nil>
700	690	124	814	<nil>
700	527	136	663	<nil>
700	673	128	801	<nil>
700	644	126	770	<nil>
700	542	127	669	<nil>
700	673	127	800	<nil>
700	563	136	699	<nil>
700	647	135	782	<nil>
700	559	137	696	<nil>
700	115	24	139	<nil>
700	117	24	141	<nil>
700	556	139	695	<nil>
700	2822	50	2872	<nil>
700	687	126	813	<nil>
700	644	137	781	<nil>
700	686	139	825	<nil>
700	642	139	781	<nil>
700	537	137	674	<nil>
700	645	136	781	<nil>
700	559	137	696	<nil>
700	568	134	702	<nil>
700	565	136	701	<nil>
700	5537	138	5675	<nil>
700	547	141	688	<nil>
700	93	47	140	<nil>
700	49	109	158	<nil>
700	91	47	138	<nil>
700	118	23	141	<nil>
700	561	144	705	<nil>
700	116	25	141	<nil>
700	118	24	142	<nil>
700	536	138	674	<nil>
700	22	140	162	<nil>
700	52	102	154	<nil>
700	117	23	140	<nil>
700	555	145	700	<nil>
700	118	27	145	<nil>
700	117	24	141	<nil>
700	118	24	142	<nil>
700	42	103	145	<nil>
700	116	26	142	<nil>
700	118	24	142	<nil>
700	1109	25	1134	<nil>
700	118	25	143	<nil>
700	686	144	830	<nil>
700	642	140	782	<nil>
700	117	25	142	<nil>
700	557	138	695	<nil>
700	117	24	141	<nil>
700	109	24	133	<nil>
700	51	103	154	<nil>
700	117	26	143	<nil>
700	114	27	141	<nil>
700	92	26	118	<nil>
700	115	26	141	<nil>
700	1114	25	1139	<nil>
700	118	26	144	<nil>
700	93	48	141	<nil>
700	93	48	141	<nil>
700	116	27	143	<nil>
700	1115	27	1142	<nil>
700	104	25	129	<nil>
700	107	25	132	<nil>
700	1098	25	1123	<nil>
700	1117	26	1143	<nil>
700	1117	26	1143	<nil>
700	103	26	129	<nil>
700	136	12	148	<nil>
700	670	16	686	<nil>
700	781	14	795	<nil>
700	696	13	709	<nil>
700	826	13	839	<nil>
700	700	14	714	<nil>
700	683	14	697	<nil>
700	781	14	795	<nil>
700	823	16	839	<nil>
700	782	14	796	<nil>
700	681	16	697	<nil>
700	780	16	796	<nil>
700	680	17	697	<nil>
700	680	17	697	<nil>
700	662	17	679	<nil>
700	641	19	660	<nil>
700	133	18	151	<nil>
700	132	19	151	<nil>
700	778	20	798	<nil>
700	779	17	796	<nil>
700	672	18	690	<nil>
700	693	19	712	<nil>
700	661	19	680	<nil>
700	823	19	842	<nil>
700	9920	20	9940	<nil>
700	25481	22	25503	<nil>
700	823	20	843	<nil>
700	699	20	719	<nil>
700	777	22	799	<nil>
700	825	20	845	<nil>
700	671	22	693	<nil>
700	682	22	704	<nil>
700	692	24	716	<nil>
700	664	20	684	<nil>
700	693	23	716	<nil>
700	9920	24	9944	<nil>
700	776	25	801	<nil>
700	679	26	705	<nil>
700	700	22	722	<nil>
700	682	24	706	<nil>
700	673	23	696	<nil>
700	822	26	848	<nil>
700	823	25	848	<nil>
700	697	26	723	<nil>
700	823	26	849	<nil>
700	661	26	687	<nil>
700	779	25	804	<nil>
700	661	26	687	<nil>
700	662	28	690	<nil>
700	828	23	851	<nil>
700	700	23	723	<nil>
700	670	30	700	<nil>
700	3401	24	3425	<nil>
700	154	7	161	<nil>
700	679	30	709	<nil>
700	692	30	722	<nil>
700	686	24	710	<nil>
700	9982	24	10006	<nil>
700	1085	24	1109	<nil>
700	5795	24	5819	<nil>
700	1084	25	1109	<nil>
700	965	12	977	<nil>
700	849	14	863	<nil>
700	325	11	336	<nil>
700	890	11	901	<nil>
700	5533	13	5546	<nil>
700	322	13	335	<nil>
700	325	11	336	<nil>
700	887	13	900	<nil>
700	325	11	336	<nil>
700	837	27	864	<nil>
700	863	11	874	<nil>
700	884	12	896	<nil>
700	16766	10	16776	<nil>
700	1015	13	1028	<nil>
700	885	13	898	<nil>
700	874	13	887	<nil>
700	885	14	899	<nil>
700	873	13	886	<nil>
700	891	14	905	<nil>
700	887	14	901	<nil>
700	326	14	340	<nil>
700	29201	14	29215	<nil>
700	873	12	885	<nil>
700	1014	13	1027	<nil>
700	326	14	340	<nil>
700	887	13	900	<nil>
700	24622	13	24635	<nil>
700	890	14	904	<nil>
700	891	13	904	<nil>
700	873	13	886	<nil>
700	1016	17	1033	<nil>
700	331	12	343	<nil>
700	887	15	902	<nil>
700	1022	11	1033	<nil>
700	876	14	890	<nil>
700	303	12	315	<nil>
700	893	12	905	<nil>
700	873	17	890	<nil>
700	881	9	890	<nil>
700	848	9	857	<nil>
700	1024	11	1035	<nil>
700	335	9	344	<nil>
700	1021	15	1036	<nil>
700	879	15	894	<nil>
700	890	14	904	<nil>
700	341	65	406	<nil>
700	882	71	953	<nil>
700	337	67	404	<nil>
700	1284	75	1359	<nil>
700	1730	75	1805	<nil>
700	888	78	966	<nil>
700	335	72	407	<nil>
700	1047	75	1122	<nil>
700	918	75	993	<nil>
700	1035	87	1122	<nil>
700	911	68	979	<nil>
700	920	77	997	<nil>
700	28504	69	28573	<nil>
700	916	76	992	<nil>
700	338	59	397	<nil>
700	347	91	438	<nil>
700	357	113	470	<nil>
700	357	80	437	<nil>
700	10029	73	10102	<nil>
700	1307	91	1398	<nil>
700	1047	79	1126	<nil>
700	357	80	437	<nil>
700	337	72	409	<nil>
700	343	95	438	<nil>
700	918	80	998	<nil>
700	1317	115	1432	<nil>
700	1334	129	1463	<nil>
700	341	145	486	<nil>
700	340	147	487	<nil>
700	317	131	448	<nil>
700	365	123	488	<nil>
700	303	145	448	<nil>
700	357	130	487	<nil>
700	364	124	488	<nil>
700	340	149	489	<nil>
700	2748	145	2893	<nil>
700	340	150	490	<nil>
700	345	146	491	<nil>
700	358	149	507	<nil>
700	1301	174	1475	<nil>
700	1300	175	1475	<nil>
700	1304	160	1464	<nil>
700	340	174	514	<nil>
700	364	164	528	<nil>
700	357	170	527	<nil>
700	1286	188	1474	<nil>
700	1286	188	1474	<nil>
700	224	186	410	<nil>
700	1307	182	1489	<nil>
700	364	166	530	<nil>
700	329	171	500	<nil>
700	1285	210	1495	<nil>
700	3058	208	3266	<nil>
700	358	171	529	<nil>
700	244	222	466	<nil>
700	200	221	421	<nil>
700	280	222	502	<nil>
700	249	217	466	<nil>
700	1291	216	1507	<nil>
700	5022	220	5242	<nil>
700	230	222	452	<nil>
700	1248	221	1469	<nil>
700	200	197	397	<nil>
700	209	215	424	<nil>
700	269	199	468	<nil>
700	2382	253	2635	<nil>
700	2760	242	3002	<nil>
700	94	165	259	<nil>
700	2767	240	3007	<nil>
700	211	235	446	<nil>
700	236	252	488	<nil>
700	2770	234	3004	<nil>
700	99	162	261	<nil>
700	91	165	256	<nil>
700	92	164	256	<nil>
700	105	155	260	<nil>
700	91	166	257	<nil>
700	92	164	256	<nil>
700	95	161	256	<nil>
700	280	199	479	<nil>
700	99	178	277	<nil>
700	95	178	273	<nil>
700	104	187	291	<nil>
700	102	173	275	<nil>
700	102	210	312	<nil>
700	95	217	312	<nil>
700	130	183	313	<nil>
700	105	216	321	<nil>
700	135	184	319	<nil>
700	128	183	311	<nil>
700	134	188	322	<nil>
700	139	185	324	<nil>
700	135	185	320	<nil>
700	129	189	318	<nil>
700	10160	189	10349	<nil>
700	135	185	320	<nil>
700	117	189	306	<nil>
700	139	186	325	<nil>
700	138	185	323	<nil>
700	139	184	323	<nil>
700	114	186	300	<nil>
700	3059	191	3250	<nil>
700	3054	200	3254	<nil>
700	120	204	324	<nil>
700	2885	200	3085	<nil>
700	143	196	339	<nil>
700	135	200	335	<nil>
700	142	193	335	<nil>
700	156	207	363	<nil>
700	2889	258	3147	<nil>
700	2450	236	2686	<nil>
700	409	204	613	<nil>
700	404	206	610	<nil>
700	97	249	346	<nil>
700	378	229	607	<nil>
700	3089	248	3337	<nil>
700	2965	204	3169	<nil>
700	2968	206	3174	<nil>
700	411	203	614	<nil>
700	449	178	627	<nil>
700	2978	205	3183	<nil>
700	114	251	365	<nil>
700	480	139	619	<nil>
700	408	215	623	<nil>
700	6245	140	6385	<nil>
700	405	216	621	<nil>
700	2676	140	2816	<nil>
700	3003	179	3182	<nil>
700	445	179	624	<nil>
700	3369	141	3510	<nil>
700	483	140	623	<nil>
700	3179	216	3395	<nil>
700	1216	136	1352	<nil>
700	1284	71	1355	<nil>
700	5769	215	5984	<nil>
700	1408	140	1548	<nil>
700	29001	141	29142	<nil>
700	1220	128	1348	<nil>
700	1223	127	1350	<nil>
700	1279	75	1354	<nil>
700	1217	133	1350	<nil>
700	1239	109	1348	<nil>
700	576	55	631	<nil>
700	491	155	646	<nil>
700	1213	129	1342	<nil>
700	203	152	355	<nil>
700	201	154	355	<nil>
700	3039	156	3195	<nil>
700	2701	132	2833	<nil>
700	471	156	627	<nil>
700	485	155	640	<nil>
700	16226	111	16337	<nil>
700	2965	214	3179	<nil>
700	481	162	643	<nil>
700	490	156	646	<nil>
700	595	46	641	<nil>
700	1287	69	1356	<nil>
700	3416	54	3470	<nil>
700	491	157	648	<nil>
700	2699	135	2834	<nil>
700	273	81	354	<nil>
700	1223	129	1352	<nil>
700	1218	134	1352	<nil>
700	10587	48	10635	<nil>
700	1221	130	1351	<nil>
700	573	55	628	<nil>
700	274	81	355	<nil>
700	483	158	641	<nil>
700	1219	133	1352	<nil>
700	203	156	359	<nil>
700	1239	114	1353	<nil>
700	2662	81	2743	<nil>
700	264	83	347	<nil>
700	2765	70	2835	<nil>
700	2834	91	2925	<nil>
700	590	59	649	<nil>
700	479	159	638	<nil>
700	1284	72	1356	<nil>
700	1483	48	1531	<nil>
700	627	31	658	<nil>
700	614	32	646	<nil>
700	274	81	355	<nil>
700	605	32	637	<nil>
700	601	31	632	<nil>
700	615	32	647	<nil>
700	481	139	620	<nil>
700	6324	31	6355	<nil>
700	614	32	646	<nil>
700	6211	33	6244	<nil>
700	3321	50	3371	<nil>
700	10611	33	10644	<nil>
700	10172	231	10403	<nil>
700	413	253	666	<nil>
700	142	33	175	<nil>
700	400	259	659	<nil>
700	10418	43	10461	<nil>
700	287	3	290	<nil>
700	9167	4	9171	<nil>
700	114	7	121	<nil>
700	205	29	234	<nil>
700	17566	253	17819	<nil>
700	390	297	687	<nil>
700	210	253	463	<nil>
700	353	305	658	<nil>
700	10612	42	10654	<nil>
700	195	32	227	<nil>
700	414	254	668	<nil>
700	1295	253	1548	<nil>
700	209	39	248	<nil>
700	403	297	700	<nil>
700	5767	271	6038	<nil>
700	205	31	236	<nil>
700	395	254	649	<nil>
700	212	254	466	<nil>
700	197	40	237	<nil>
700	215	272	487	<nil>
700	405	313	718	<nil>
700	143	31	174	<nil>
700	194	32	226	<nil>
700	348	325	673	<nil>
700	399	253	652	<nil>
700	617	32	649	<nil>
700	196	33	229	<nil>
700	143	32	175	<nil>
700	195	33	228	<nil>
700	399	251	650	<nil>
700	263	10	273	<nil>
700	2840	12	2852	<nil>
700	127	12	139	<nil>
700	147	12	159	<nil>
700	127	12	139	<nil>
700	678	4	682	<nil>
700	156	3	159	<nil>
700	139	4	143	<nil>
700	3234	4	3238	<nil>
700	686	3	689	<nil>
700	657	4	661	<nil>
700	115	3	118	<nil>
700	158	4	162	<nil>
700	138	4	142	<nil>
700	654	4	658	<nil>
700	8857	2	8859	<nil>
700	179	5	184	<nil>
700	181	4	185	<nil>
700	654	5	659	<nil>
700	415	251	666	<nil>
700	94	5	99	<nil>
700	653	5	658	<nil>
700	707	6	713	<nil>
700	154	4	158	<nil>
700	17939	6	17945	<nil>
700	2822	30	2852	<nil>
700	345	304	649	<nil>
700	367	315	682	<nil>
700	365	298	663	<nil>
700	621	45	666	<nil>
700	400	299	699	<nil>
700	364	299	663	<nil>
700	185	296	481	<nil>
700	217	30	247	<nil>
700	368	300	668	<nil>
700	612	64	676	<nil>
700	210	271	481	<nil>
700	628	30	658	<nil>
700	138	342	480	<nil>
700	194	31	225	<nil>
700	370	311	681	<nil>
700	362	303	665	<nil>
700	10348	324	10672	<nil>
700	2435	324	2759	<nil>
700	3086	317	3403	<nil>
700	385	305	690	<nil>
700	98	326	424	<nil>
700	154	40	194	<nil>
700	372	310	682	<nil>
700	408	290	698	<nil>
700	398	283	681	<nil>
700	390	310	700	<nil>
700	15528	308	15836	<nil>
700	396	321	717	<nil>
700	2856	95	2951	<nil>
700	662	85	747	<nil>
700	1377	84	1461	<nil>
700	665	85	750	<nil>
700	230	83	313	<nil>
700	141	92	233	<nil>
700	343	85	428	<nil>
700	693	83	776	<nil>
700	385	86	471	<nil>
700	661	87	748	<nil>
700	3230	86	3316	<nil>
700	10568	88	10656	<nil>
700	1593	89	1682	<nil>
700	315	88	403	<nil>
700	140	92	232	<nil>
700	702	86	788	<nil>
700	293	87	380	<nil>
700	675	89	764	<nil>
700	267	93	360	<nil>
700	671	87	758	<nil>
700	15191	94	15285	<nil>
700	1592	86	1678	<nil>
700	308	87	395	<nil>
700	671	88	759	<nil>
700	267	94	361	<nil>
700	376	87	463	<nil>
700	667	89	756	<nil>
700	679	88	767	<nil>
700	675	104	779	<nil>
700	681	103	784	<nil>
700	3229	103	3332	<nil>
700	668	103	771	<nil>
700	728	104	832	<nil>
700	2869	345	3214	<nil>
700	160	340	500	<nil>
700	672	349	1021	<nil>
700	276	347	623	<nil>
700	316	343	659	<nil>
700	3228	349	3577	<nil>
700	1601	345	1946	<nil>
700	269	345	614	<nil>
700	314	343	657	<nil>
700	313	344	657	<nil>
700	1376	349	1725	<nil>
700	277	346	623	<nil>
700	6409	349	6758	<nil>
700	2864	349	3213	<nil>
700	672	346	1018	<nil>
700	673	346	1019	<nil>
700	1391	347	1738	<nil>
700	679	346	1025	<nil>
700	698	345	1043	<nil>
700	682	346	1028	<nil>
700	688	345	1033	<nil>
700	694	345	1039	<nil>
700	313	345	658	<nil>
700	171	350	521	<nil>
700	680	344	1024	<nil>
700	160	351	511	<nil>
700	160	351	511	<nil>
700	159	350	509	<nil>
700	171	350	521	<nil>
700	1401	348	1749	<nil>
700	160	351	511	<nil>
700	2786	350	3136	<nil>
700	325	347	672	<nil>
700	172	351	523	<nil>
700	1392	347	1739	<nil>
700	11273	0	11273	rpc error: code = Unavailable desc = transport is closing
700	660	0	660	rpc error: code = Unavailable desc = transport is closing
700	618	0	618	rpc error: code = Unavailable desc = transport is closing
700	3464	0	3464	rpc error: code = Unavailable desc = transport is closing
700	657	0	657	rpc error: code = Unavailable desc = transport is closing
700	657	0	657	rpc error: code = Unavailable desc = transport is closing
700	617	0	617	rpc error: code = Unavailable desc = transport is closing
700	679	0	679	rpc error: code = Unavailable desc = transport is closing
700	647	0	647	rpc error: code = Unavailable desc = transport is closing
700	652	0	652	rpc error: code = Unavailable desc = transport is closing
700	653	12	665	<nil>
700	644	0	644	rpc error: code = Unavailable desc = transport is closing
700	615	0	615	rpc error: code = Unavailable desc = transport is closing
700	1474	23	1497	<nil>
700	581	0	581	rpc error: code = Unavailable desc = transport is closing
700	672	0	672	rpc error: code = Unavailable desc = transport is closing
700	650	16	666	<nil>
700	668	0	668	rpc error: code = Unavailable desc = transport is closing
700	645	0	645	rpc error: code = Unavailable desc = transport is closing
700	624	0	624	rpc error: code = Unavailable desc = transport is closing
700	618	0	618	rpc error: code = Unavailable desc = transport is closing
700	648	0	648	rpc error: code = Unavailable desc = transport is closing
700	618	0	618	rpc error: code = Unavailable desc = transport is closing
700	619	0	619	rpc error: code = Unavailable desc = transport is closing
700	630	0	630	rpc error: code = Unavailable desc = transport is closing
700	647	0	647	rpc error: code = Unavailable desc = transport is closing
700	598	0	598	rpc error: code = Unavailable desc = transport is closing
700	619	0	619	rpc error: code = Unavailable desc = transport is closing
700	661	0	661	rpc error: code = Unavailable desc = transport is closing
700	645	0	645	rpc error: code = Unavailable desc = transport is closing
700	647	0	647	rpc error: code = Unavailable desc = transport is closing
700	647	0	647	rpc error: code = Unavailable desc = transport is closing
700	620	0	620	rpc error: code = Unavailable desc = transport is closing
700	1325	25	1350	<nil>
700	649	0	649	rpc error: code = Unavailable desc = transport is closing
700	623	0	623	rpc error: code = Unavailable desc = transport is closing
700	655	0	655	rpc error: code = Unavailable desc = transport is closing
700	649	0	649	rpc error: code = Unavailable desc = transport is closing
700	644	0	644	rpc error: code = Unavailable desc = transport is closing
700	650	19	669	<nil>
700	635	23	658	<nil>
700	690	0	690	rpc error: code = Unavailable desc = transport is closing
700	691	0	691	rpc error: code = Unavailable desc = transport is closing
700	675	0	675	rpc error: code = Unavailable desc = transport is closing
700	650	0	650	rpc error: code = Unavailable desc = transport is closing
700	623	0	623	rpc error: code = Unavailable desc = transport is closing
700	3492	0	3492	rpc error: code = Unavailable desc = transport is closing
700	9469	0	9469	rpc error: code = Unavailable desc = transport is closing
700	615	0	615	rpc error: code = Unavailable desc = transport is closing
700	615	0	615	rpc error: code = Unavailable desc = transport is closing
700	651	0	651	rpc error: code = Unavailable desc = transport is closing
700	635	0	635	rpc error: code = Unavailable desc = transport is closing
700	634	0	634	rpc error: code = Unavailable desc = transport is closing
700	618	0	618	rpc error: code = Unavailable desc = transport is closing
700	626	0	626	rpc error: code = Unavailable desc = transport is closing
700	648	0	648	rpc error: code = Unavailable desc = transport is closing
700	5338	10	5348	<nil>
700	1470	15	1485	<nil>
700	618	0	618	rpc error: code = Unavailable desc = transport is closing
700	667	15	682	<nil>
700	656	0	656	rpc error: code = Unavailable desc = transport is closing
700	623	0	623	rpc error: code = Unavailable desc = transport is closing
700	275	17	292	<nil>
700	5333	17	5350	<nil>
700	625	0	625	rpc error: code = Unavailable desc = transport is closing
700	668	14	682	<nil>
700	276	17	293	<nil>
700	278	16	294	<nil>
700	5654	0	5654	rpc error: code = Unavailable desc = transport is closing
700	5685	0	5685	rpc error: code = Unavailable desc = transport is closing
700	668	22	690	<nil>
700	253	19	272	<nil>
700	264	25	289	<nil>
700	15783	23	15806	<nil>
700	218	23	241	<nil>
700	1328	14	1342	<nil>
700	5198	0	5198	rpc error: code = Unavailable desc = transport is closing
700	687	0	687	rpc error: code = Unavailable desc = transport is closing
700	654	0	654	rpc error: code = Unavailable desc = transport is closing
700	657	0	657	rpc error: code = Unavailable desc = transport is closing
700	686	0	686	rpc error: code = Unavailable desc = transport is closing
700	635	22	657	<nil>
700	665	32	697	<nil>
700	5542	131	5673	<nil>
700	263	143	406	<nil>
700	218	144	362	<nil>
700	3409	162	3571	<nil>
700	635	168	803	<nil>
700	669	168	837	<nil>
700	1325	172	1497	<nil>
700	268	166	434	<nil>
700	656	150	806	<nil>
720	637	171	808	<nil>
720	680	161	841	<nil>
720	1357	145	1502	<nil>
720	1497	151	1648	<nil>
720	1351	149	1500	<nil>
720	667	174	841	<nil>
720	654	159	813	<nil>
720	632	180	812	<nil>
720	2831	161	2992	<nil>
720	657	155	812	<nil>
720	293	154	447	<nil>
720	655	166	821	<nil>
720	5326	184	5510	<nil>
720	247	157	404	<nil>
720	2898	163	3061	<nil>
720	1354	171	1525	<nil>
720	1331	180	1511	<nil>
720	2895	166	3061	<nil>
720	1499	175	1674	<nil>
720	244	151	395	<nil>
720	1350	170	1520	<nil>
720	654	173	827	<nil>
720	14910	171	15081	<nil>
720	650	178	828	<nil>
720	294	164	458	<nil>
720	661	166	827	<nil>
720	1501	168	1669	<nil>
720	692	170	862	<nil>
720	1504	166	1670	<nil>
720	691	172	863	<nil>
720	289	171	460	<nil>
720	248	168	416	<nil>
720	1501	169	1670	<nil>
720	15581	166	15747	<nil>
720	5762	172	5934	<nil>
720	1376	149	1525	<nil>
720	273	173	446	<nil>
720	656	173	829	<nil>
720	1352	172	1524	<nil>
720	656	173	829	<nil>
720	1502	166	1668	<nil>
720	287	174	461	<nil>
720	1349	175	1524	<nil>
720	1349	175	1524	<nil>
720	656	175	831	<nil>
720	5729	174	5903	<nil>
720	670	162	832	<nil>
720	5643	176	5819	<nil>
720	2755	162	2917	<nil>
720	5735	175	5910	<nil>
720	653	168	821	<nil>
720	658	177	835	<nil>
720	5724	151	5875	<nil>
720	634	173	807	<nil>
720	1351	150	1501	<nil>
720	690	175	865	<nil>
720	691	151	842	<nil>
720	691	178	869	<nil>
720	70984	183	71167	<nil>
720	1358	169	1527	<nil>
720	272	158	430	<nil>
720	84	133	217	<nil>
720	1337	155	1492	<nil>
720	690	151	841	<nil>
720	2813	177	2990	<nil>
720	247	149	396	<nil>
720	2943	184	3127	<nil>
720	2581	208	2789	<nil>
720	154	219	373	<nil>
720	170	203	373	<nil>
720	184	184	368	<nil>
720	185	184	369	<nil>
720	208	183	391	<nil>
720	207	179	386	<nil>
720	214	161	375	<nil>
720	190	186	376	<nil>
720	196	179	375	<nil>
720	212	163	375	<nil>
720	207	178	385	<nil>
720	187	183	370	<nil>
720	215	162	377	<nil>
720	210	193	403	<nil>
720	219	161	380	<nil>
720	189	181	370	<nil>
720	210	182	392	<nil>
720	186	183	369	<nil>
720	197	179	376	<nil>
720	242	129	371	<nil>
720	186	183	369	<nil>
720	190	181	371	<nil>
720	198	184	382	<nil>
720	242	132	374	<nil>
720	194	187	381	<nil>
720	194	185	379	<nil>
720	316	63	379	<nil>
720	189	185	374	<nil>
720	263	112	375	<nil>
720	208	166	374	<nil>
720	242	132	374	<nil>
720	2636	190	2826	<nil>
720	204	167	371	<nil>
720	196	182	378	<nil>
720	8769	168	8937	<nil>
720	193	186	379	<nil>
720	192	205	397	<nil>
720	186	190	376	<nil>
720	185	191	376	<nil>
720	188	196	384	<nil>
720	186	190	376	<nil>
720	193	188	381	<nil>
720	190	190	380	<nil>
720	191	189	380	<nil>
720	193	188	381	<nil>
720	310	65	375	<nil>
720	191	183	374	<nil>
720	2633	193	2826	<nil>
720	213	178	391	<nil>
720	204	167	371	<nil>
720	247	152	399	<nil>
720	201	191	392	<nil>
720	3032	205	3237	<nil>
720	202	186	388	<nil>
720	200	189	389	<nil>
720	188	208	396	<nil>
720	5467	190	5657	<nil>
720	190	208	398	<nil>
720	200	191	391	<nil>
720	1156	190	1346	<nil>
720	1217	136	1353	<nil>
720	200	192	392	<nil>
720	3035	207	3242	<nil>
720	184	188	372	<nil>
720	268	112	380	<nil>
720	1211	203	1414	<nil>
720	327	194	521	<nil>
720	6058	196	6254	<nil>
720	3147	302	3449	<nil>
720	3014	253	3267	<nil>
720	304	253	557	<nil>
720	322	236	558	<nil>
720	3039	241	3280	<nil>
720	330	243	573	<nil>
720	329	258	587	<nil>
720	5629	226	5855	<nil>
720	3216	224	3440	<nil>
720	227	238	465	<nil>
720	196	236	432	<nil>
720	3199	240	3439	<nil>
720	212	244	456	<nil>
720	265	172	437	<nil>
720	226	261	487	<nil>
720	224	263	487	<nil>
720	1226	239	1465	<nil>
720	287	150	437	<nil>
720	264	172	436	<nil>
720	264	173	437	<nil>
720	241	184	425	<nil>
720	265	172	437	<nil>
720	3271	173	3444	<nil>
720	223	261	484	<nil>
720	257	140	397	<nil>
720	196	229	425	<nil>
720	254	172	426	<nil>
720	3046	98	3144	<nil>
720	266	172	438	<nil>
720	182	200	382	<nil>
720	245	177	422	<nil>
720	243	177	420	<nil>
720	248	183	431	<nil>
720	167	173	340	<nil>
720	287	152	439	<nil>
720	1215	174	1389	<nil>
720	244	176	420	<nil>
720	281	140	421	<nil>
720	262	177	439	<nil>
720	282	139	421	<nil>
720	287	153	440	<nil>
720	251	175	426	<nil>
720	232	189	421	<nil>
720	301	138	439	<nil>
720	262	178	440	<nil>
720	248	173	421	<nil>
720	251	175	426	<nil>
720	251	176	427	<nil>
720	265	176	441	<nil>
720	3207	100	3307	<nil>
720	340	101	441	<nil>
720	317	130	447	<nil>
720	242	175	417	<nil>
720	3046	99	3145	<nil>
720	229	188	417	<nil>
720	206	187	393	<nil>
720	286	154	440	<nil>
720	24540	101	24641	<nil>
720	212	229	441	<nil>
720	3271	176	3447	<nil>
720	3372	140	3512	<nil>
720	241	178	419	<nil>
720	222	42	264	<nil>
720	244	207	451	<nil>
720	240	182	422	<nil>
720	5715	184	5899	<nil>
720	1251	184	1435	<nil>
720	216	206	422	<nil>
720	123	169	292	<nil>
720	265	205	470	<nil>
720	240	186	426	<nil>
720	3295	181	3476	<nil>
720	10536	79	10615	<nil>
720	1230	204	1434	<nil>
720	5688	204	5892	<nil>
720	254	169	423	<nil>
720	333	115	448	<nil>
720	127	171	298	<nil>
720	1163	169	1332	<nil>
720	321	130	451	<nil>
720	200	80	280	<nil>
720	285	185	470	<nil>
720	213	41	254	<nil>
720	223	42	265	<nil>
720	221	42	263	<nil>
720	225	49	274	<nil>
720	226	48	274	<nil>
720	227	48	275	<nil>
720	227	49	276	<nil>
720	310	152	462	<nil>
720	256	171	427	<nil>
720	205	506	711	<nil>
720	228	506	734	<nil>
720	229	509	738	<nil>
720	229	509	738	<nil>
720	230	508	738	<nil>
720	259	521	780	<nil>
720	234	519	753	<nil>
720	235	519	754	<nil>
720	243	510	753	<nil>
720	3093	514	3607	<nil>
720	241	511	752	<nil>
720	261	499	760	<nil>
720	257	499	756	<nil>
720	273	482	755	<nil>
720	254	498	752	<nil>
720	17088	481	17569	<nil>
720	251	498	749	<nil>
720	255	497	752	<nil>
720	256	498	754	<nil>
720	258	502	760	<nil>
720	260	501	761	<nil>
720	246	515	761	<nil>
720	246	516	762	<nil>
720	3190	511	3701	<nil>
720	244	517	761	<nil>
720	274	484	758	<nil>
720	243	504	747	<nil>
720	239	523	762	<nil>
720	246	519	765	<nil>
720	242	519	761	<nil>
720	232	519	751	<nil>
720	132	487	619	<nil>
720	267	486	753	<nil>
720	271	487	758	<nil>
720	246	518	764	<nil>
720	111	492	603	<nil>
720	96	489	585	<nil>
720	99	489	588	<nil>
720	276	487	763	<nil>
720	268	493	761	<nil>
720	228	519	747	<nil>
720	246	518	764	<nil>
720	244	520	764	<nil>
720	265	505	770	<nil>
720	233	519	752	<nil>
720	237	519	756	<nil>
720	240	520	760	<nil>
720	255	504	759	<nil>
720	280	486	766	<nil>
720	6015	519	6534	<nil>
720	246	520	766	<nil>
720	276	488	764	<nil>
720	244	521	765	<nil>
720	277	488	765	<nil>
720	9234	492	9726	<nil>
720	115	490	605	<nil>
720	230	521	751	<nil>
720	259	508	767	<nil>
720	262	507	769	<nil>
720	254	508	762	<nil>
720	247	521	768	<nil>
720	254	509	763	<nil>
720	243	522	765	<nil>
720	245	520	765	<nil>
720	538	125	663	<nil>
720	545	158	703	<nil>
720	541	158	699	<nil>
720	554	160	714	<nil>
720	555	161	716	<nil>
720	555	161	716	<nil>
720	589	153	742	<nil>
720	542	176	718	<nil>
720	621	123	744	<nil>
720	554	154	708	<nil>
720	623	122	745	<nil>
720	550	154	704	<nil>
720	550	154	704	<nil>
720	3294	125	3419	<nil>
720	581	125	706	<nil>
720	1555	125	1680	<nil>
720	580	124	704	<nil>
720	562	156	718	<nil>
720	604	102	706	<nil>
720	624	120	744	<nil>
720	591	119	710	<nil>
720	1578	102	1680	<nil>
720	599	111	710	<nil>
720	659	52	711	<nil>
720	607	104	711	<nil>
720	613	94	707	<nil>
720	612	95	707	<nil>
720	15400	65	15465	<nil>
720	669	66	735	<nil>
720	617	96	713	<nil>
720	1593	87	1680	<nil>
720	658	87	745	<nil>
720	623	96	719	<nil>
720	613	96	709	<nil>
720	587	122	709	<nil>
720	605	104	709	<nil>
720	669	77	746	<nil>
720	603	105	708	<nil>
720	1588	96	1684	<nil>
720	618	90	708	<nil>
720	606	105	711	<nil>
720	624	96	720	<nil>
720	624	96	720	<nil>
720	676	40	716	<nil>
720	585	88	673	<nil>
720	653	96	749	<nil>
720	610	96	706	<nil>
720	1576	104	1680	<nil>
720	577	95	672	<nil>
720	596	110	706	<nil>
720	1585	96	1681	<nil>
720	589	122	711	<nil>
720	609	105	714	<nil>
720	1642	65	1707	<nil>
720	650	66	716	<nil>
720	641	132	773	<nil>
720	631	111	742	<nil>
720	622	95	717	<nil>
720	650	67	717	<nil>
720	1642	67	1709	<nil>
720	706	68	774	<nil>
720	1642	65	1707	<nil>
720	639	105	744	<nil>
720	641	105	746	<nil>
720	650	64	714	<nil>
720	689	68	757	<nil>
720	650	69	719	<nil>
720	9495	98	9593	<nil>
720	674	77	751	<nil>
720	9766	104	9870	<nil>
720	650	75	725	<nil>
720	1612	105	1717	<nil>
720	1609	112	1721	<nil>
720	18022	76	18098	<nil>
720	1645	76	1721	<nil>
720	45697	76	45773	<nil>
720	667	104	771	<nil>
720	649	76	725	<nil>
720	5223	76	5299	<nil>
720	670	160	830	<nil>
720	647	189	836	<nil>
720	2672	207	2879	<nil>
720	1614	259	1873	<nil>
720	43136	234	43370	<nil>
720	1617	263	1880	<nil>
720	178	234	412	<nil>
720	173	236	409	<nil>
720	191	205	396	<nil>
720	185	207	392	<nil>
720	173	236	409	<nil>
720	191	205	396	<nil>
720	174	236	410	<nil>
720	173	238	411	<nil>
720	2704	240	2944	<nil>
720	191	250	441	<nil>
720	5727	0	5727	rpc error: code = Unavailable desc = transport is closing
720	9904	256	10160	<nil>
720	625	0	625	rpc error: code = Unavailable desc = transport is closing
720	189	259	448	<nil>
720	626	0	626	rpc error: code = Unavailable desc = transport is closing
720	181	259	440	<nil>
720	3505	0	3505	rpc error: code = Unavailable desc = transport is closing
720	9802	0	9802	rpc error: code = Unavailable desc = transport is closing
720	634	0	634	rpc error: code = Unavailable desc = transport is closing
720	647	0	647	rpc error: code = Unavailable desc = transport is closing
720	3414	0	3414	rpc error: code = Unavailable desc = transport is closing
720	658	0	658	rpc error: code = Unavailable desc = transport is closing
720	658	0	658	rpc error: code = Unavailable desc = transport is closing
720	663	0	663	rpc error: code = Unavailable desc = transport is closing
720	26764	0	26764	rpc error: code = Unavailable desc = transport is closing
720	628	0	628	rpc error: code = Unavailable desc = transport is closing
720	5522	0	5522	rpc error: code = Unavailable desc = transport is closing
720	5611	0	5611	rpc error: code = Unavailable desc = transport is closing
720	634	0	634	rpc error: code = Unavailable desc = transport is closing
720	637	0	637	rpc error: code = Unavailable desc = transport is closing
720	3393	0	3393	rpc error: code = Unavailable desc = transport is closing
720	183	261	444	<nil>
720	178	261	439	<nil>
720	176	261	437	<nil>
720	178	269	447	<nil>
720	1166	315	1481	<nil>
720	178	329	507	<nil>
720	300	0	300	rpc error: code = Unavailable desc = transport is closing
720	627	0	627	rpc error: code = Unavailable desc = transport is closing
720	9428	0	9428	rpc error: code = Unavailable desc = transport is closing
720	628	0	628	rpc error: code = Unavailable desc = transport is closing
720	658	0	658	rpc error: code = Unavailable desc = transport is closing
720	653	0	653	rpc error: code = Unavailable desc = transport is closing
720	632	0	632	rpc error: code = Unavailable desc = transport is closing
720	1243	254	1497	<nil>
720	653	0	653	rpc error: code = Unavailable desc = transport is closing
720	5304	0	5304	rpc error: code = Unavailable desc = transport is closing
720	1249	257	1506	<nil>
720	238	280	518	<nil>
720	653	0	653	rpc error: code = Unavailable desc = transport is closing
720	183	335	518	<nil>
720	294	223	517	<nil>
720	651	0	651	rpc error: code = Unavailable desc = transport is closing
720	1253	244	1497	<nil>
720	207	311	518	<nil>
720	261	257	518	<nil>
720	181	314	495	<nil>
720	1176	332	1508	<nil>
720	1228	280	1508	<nil>
720	652	0	652	rpc error: code = Unavailable desc = transport is closing
720	212	280	492	<nil>
720	1219	258	1477	<nil>
720	1284	224	1508	<nil>
720	632	0	632	rpc error: code = Unavailable desc = transport is closing
720	2470	315	2785	<nil>
720	208	309	517	<nil>
720	1197	311	1508	<nil>
720	238	280	518	<nil>
720	189	315	504	<nil>
720	207	315	522	<nil>
720	249	257	506	<nil>
720	1319	193	1512	<nil>
720	1285	230	1515	<nil>
720	1279	229	1508	<nil>
720	10502	271	10773	<nil>
720	1221	276	1497	<nil>
720	2933	257	3190	<nil>
720	294	244	538	<nil>
720	1165	279	1444	<nil>
720	1254	244	1498	<nil>
720	1166	278	1444	<nil>
720	1218	259	1477	<nil>
720	1218	280	1498	<nil>
720	261	256	517	<nil>
720	1283	224	1507	<nil>
720	1191	315	1506	<nil>
720	1198	284	1482	<nil>
720	286	0	286	rpc error: code = Unavailable desc = transport is closing
720	206	278	484	<nil>
720	1196	287	1483	<nil>
720	1249	278	1527	<nil>
720	9936	278	10214	<nil>
720	399	0	399	rpc error: code = Unavailable desc = transport is closing
720	240	196	436	<nil>
720	15831	0	15831	rpc error: code = Unavailable desc = transport is closing
720	638	0	638	rpc error: code = Unavailable desc = transport is closing
720	329	137	466	<nil>
720	15721	138	15859	<nil>
720	328	138	466	<nil>
720	5120	138	5258	<nil>
720	327	137	464	<nil>
720	257	223	480	<nil>
720	2672	137	2809	<nil>
720	324	137	461	<nil>
720	254	223	477	<nil>
720	296	137	433	<nil>
720	638	0	638	rpc error: code = Unavailable desc = transport is closing
720	5339	0	5339	rpc error: code = Unavailable desc = transport is closing
720	1144	422	1566	<nil>
720	645	0	645	rpc error: code = Unavailable desc = transport is closing
720	649	0	649	rpc error: code = Unavailable desc = transport is closing
720	9818	0	9818	rpc error: code = Unavailable desc = transport is closing
720	667	0	667	rpc error: code = Unavailable desc = transport is closing
720	258	0	258	rpc error: code = Unavailable desc = transport is closing
720	631	0	631	rpc error: code = Unavailable desc = transport is closing
720	648	0	648	rpc error: code = Unavailable desc = transport is closing
720	2912	0	2912	rpc error: code = Unavailable desc = transport is closing
720	29007	0	29007	rpc error: code = Unavailable desc = transport is closing
720	1167	399	1566	<nil>
720	2472	347	2819	<nil>
720	248	0	248	rpc error: code = Unavailable desc = transport is closing
720	151	510	661	<nil>
720	269	197	466	<nil>
720	242	541	783	<nil>
720	638	0	638	rpc error: code = Unavailable desc = transport is closing
720	696	0	696	rpc error: code = Unavailable desc = transport is closing
720	9813	0	9813	rpc error: code = Unavailable desc = transport is closing
720	641	0	641	rpc error: code = Unavailable desc = transport is closing
720	177	360	537	<nil>
720	195	346	541	<nil>
720	2838	0	2838	rpc error: code = Unavailable desc = transport is closing
720	657	0	657	rpc error: code = Unavailable desc = transport is closing
720	631	0	631	rpc error: code = Unavailable desc = transport is closing
720	655	0	655	rpc error: code = Unavailable desc = transport is closing
720	654	0	654	rpc error: code = Unavailable desc = transport is closing
720	1348	0	1348	rpc error: code = Unavailable desc = transport is closing
720	689	0	689	rpc error: code = Unavailable desc = transport is closing
720	696	0	696	rpc error: code = Unavailable desc = transport is closing
720	663	0	663	rpc error: code = Unavailable desc = transport is closing
720	5396	497	5893	<nil>
720	1365	0	1365	rpc error: code = Unavailable desc = transport is closing
720	256	0	256	rpc error: code = Unavailable desc = transport is closing
720	669	0	669	rpc error: code = Unavailable desc = transport is closing
720	256	371	627	<nil>
720	249	377	626	<nil>
720	254	374	628	<nil>
720	167	499	666	<nil>
720	255	371	626	<nil>
720	269	366	635	<nil>
720	10055	516	10571	<nil>
720	417	202	619	<nil>
720	408	212	620	<nil>
720	407	212	619	<nil>
720	1378	0	1378	rpc error: code = Unavailable desc = transport is closing
720	418	208	626	<nil>
720	418	207	625	<nil>
720	426	207	633	<nil>
720	418	206	624	<nil>
720	2787	206	2993	<nil>
720	658	0	658	rpc error: code = Unavailable desc = transport is closing
720	269	0	269	rpc error: code = Unavailable desc = transport is closing
720	635	0	635	rpc error: code = Unavailable desc = transport is closing
720	641	0	641	rpc error: code = Unavailable desc = transport is closing
720	267	0	267	rpc error: code = Unavailable desc = transport is closing
720	635	0	635	rpc error: code = Unavailable desc = transport is closing
720	643	0	643	rpc error: code = Unavailable desc = transport is closing
720	1097	0	1097	rpc error: code = DeadlineExceeded desc = context deadline exceeded
720	3368	0	3368	rpc error: code = DeadlineExceeded desc = context deadline exceeded
720	1093	0	1093	rpc error: code = DeadlineExceeded desc = context deadline exceeded
720	1095	0	1095	rpc error: code = DeadlineExceeded desc = context deadline exceeded
720	1094	0	1094	rpc error: code = DeadlineExceeded desc = context deadline exceeded
720	1096	0	1096	rpc error: code = DeadlineExceeded desc = context deadline exceeded
720	4248	0	4248	rpc error: code = DeadlineExceeded desc = context deadline exceeded
720	1093	0	1093	rpc error: code = DeadlineExceeded desc = context deadline exceeded
720	1096	0	1096	rpc error: code = DeadlineExceeded desc = context deadline exceeded
720	1092	0	1092	rpc error: code = DeadlineExceeded desc = context deadline exceeded
720	634	0	634	rpc error: code = Unavailable desc = transport is closing
720	658	0	658	rpc error: code = Unavailable desc = transport is closing
720	635	0	635	rpc error: code = Unavailable desc = transport is closing
720	9030	0	9030	rpc error: code = Unavailable desc = transport is closing
720	633	0	633	rpc error: code = Unavailable desc = transport is closing
720	419	922	1341	<nil>
720	410	923	1333	<nil>
720	5883	931	6814	<nil>
720	450	898	1348	<nil>
720	409	909	1318	<nil>
720	423	922	1345	<nil>
720	189	0	189	rpc error: code = Unavailable desc = transport is closing
720	187	0	187	rpc error: code = Unavailable desc = transport is closing
720	2732	0	2732	rpc error: code = Unavailable desc = transport is closing
720	190	0	190	rpc error: code = Unavailable desc = transport is closing
720	3170	921	4091	<nil>
720	3305	904	4209	<nil>
720	423	926	1349	<nil>
720	1292	921	2213	<nil>
720	383	926	1309	<nil>
720	406	904	1310	<nil>
720	409	902	1311	<nil>
720	445	903	1348	<nil>
720	478	902	1380	<nil>
720	205	925	1130	<nil>
720	415	927	1342	<nil>
720	313	871	1184	<nil>
720	423	927	1350	<nil>
720	3190	904	4094	<nil>
720	409	933	1342	<nil>
720	226	925	1151	<nil>
720	288	901	1189	<nil>
720	3245	906	4151	<nil>
720	298	911	1209	<nil>
720	453	926	1379	<nil>
720	205	925	1130	<nil>
720	205	926	1131	<nil>
720	199	927	1126	<nil>
720	205	926	1131	<nil>
720	205	925	1130	<nil>
720	206	925	1131	<nil>
720	205	926	1131	<nil>
720	205	927	1132	<nil>
720	303	886	1189	<nil>
720	300	833	1133	<nil>
720	206	926	1132	<nil>
720	423	1037	1460	<nil>
720	588	875	1463	<nil>
720	423	1039	1462	<nil>
720	423	1039	1462	<nil>
720	409	1043	1452	<nil>
720	446	879	1325	<nil>
720	419	1041	1460	<nil>
720	424	1036	1460	<nil>
720	385	1038	1423	<nil>
720	593	863	1456	<nil>
720	586	874	1460	<nil>
720	617	876	1493	<nil>
720	424	1036	1460	<nil>
720	6208	875	7083	<nil>
720	395	1042	1437	<nil>
720	455	1038	1493	<nil>
720	10023	1038	11061	<nil>
720	386	1038	1424	<nil>
720	246	0	246	rpc error: code = Unavailable desc = transport is closing
720	405	857	1262	<nil>
720	636	0	636	rpc error: code = Unavailable desc = transport is closing
720	612	857	1469	<nil>
720	385	1045	1430	<nil>
720	2978	867	3845	<nil>
720	3355	858	4213	<nil>
720	611	859	1470	<nil>
720	3222	1047	4269	<nil>
720	449	857	1306	<nil>
720	612	858	1470	<nil>
720	452	1048	1500	<nil>
720	397	1048	1445	<nil>
720	454	1046	1500	<nil>
720	608	862	1470	<nil>
720	1390	802	2192	<nil>
720	402	847	1249	<nil>
720	3097	856	3953	<nil>
720	2711	811	3522	<nil>
720	401	855	1256	<nil>
720	386	856	1242	<nil>
720	406	849	1255	<nil>
720	390	858	1248	<nil>
720	3160	857	4017	<nil>
720	396	852	1248	<nil>
720	395	856	1251	<nil>
720	613	859	1472	<nil>
720	387	855	1242	<nil>
720	1387	807	2194	<nil>
720	1385	808	2193	<nil>
720	437	814	1251	<nil>
720	1386	811	2197	<nil>
720	395	856	1251	<nil>
720	2876	865	3741	<nil>
720	657	0	657	rpc error: code = Unavailable desc = transport is closing
720	396	859	1255	<nil>
720	3108	866	3974	<nil>
720	637	0	637	rpc error: code = Unavailable desc = transport is closing
720	5440	863	6303	<nil>
720	1634	870	2504	<nil>
720	398	860	1258	<nil>
720	370	821	1191	<nil>
720	427	1043	1470	<nil>
720	656	0	656	rpc error: code = Unavailable desc = transport is closing
720	40917	0	40917	rpc error: code = Unavailable desc = transport is closing
720	627	0	627	rpc error: code = Unavailable desc = transport is closing
720	658	0	658	rpc error: code = Unavailable desc = transport is closing
720	635	0	635	rpc error: code = Unavailable desc = transport is closing
720	1413	948	2361	<nil>
720	345	946	1291	<nil>
720	280	948	1228	<nil>
720	637	0	637	rpc error: code = Unavailable desc = transport is closing
720	251	0	251	rpc error: code = Unavailable desc = transport is closing
720	1387	991	2378	<nil>
720	1412	991	2403	<nil>
720	1008	319	1327	<nil>
720	1412	1002	2414	<nil>
720	343	999	1342	<nil>
720	343	999	1342	<nil>
720	378	999	1377	<nil>
720	347	1012	1359	<nil>
720	1019	349	1368	<nil>
720	1020	348	1368	<nil>
720	1019	348	1367	<nil>
720	2066	348	2414	<nil>
720	2092	349	2441	<nil>
720	2093	349	2442	<nil>
720	2070	346	2416	<nil>
720	2066	350	2416	<nil>
720	2064	352	2416	<nil>
720	2066	350	2416	<nil>
720	16983	306	17289	<nil>
720	3431	322	3753	<nil>
720	1089	265	1354	<nil>
720	1055	273	1328	<nil>
720	997	287	1284	<nil>
720	3829	261	4090	<nil>
720	3504	261	3765	<nil>
720	3938	261	4199	<nil>
720	1003	279	1282	<nil>
720	2176	299	2475	<nil>
720	2174	264	2438	<nil>
720	3774	317	4091	<nil>
720	3874	341	4215	<nil>
720	1011	271	1282	<nil>
720	2211	272	2483	<nil>
720	1014	270	1284	<nil>
720	3480	285	3765	<nil>
720	1117	277	1394	<nil>
720	1123	273	1396	<nil>
720	1004	272	1276	<nil>
720	3785	241	4026	<nil>
720	1078	264	1342	<nil>
720	2120	362	2482	<nil>
720	1003	279	1282	<nil>
720	1012	281	1293	<nil>
720	3822	280	4102	<nil>
720	975	330	1305	<nil>
720	990	331	1321	<nil>
720	965	331	1296	<nil>
720	3586	319	3905	<nil>
720	3446	332	3778	<nil>
720	1074	331	1405	<nil>
720	1019	273	1292	<nil>
720	1111	197	1308	<nil>
720	1031	274	1305	<nil>
720	3761	274	4035	<nil>
720	1161	196	1357	<nil>
720	1087	272	1359	<nil>
720	1019	275	1294	<nil>
720	2185	273	2458	<nil>
720	1031	274	1305	<nil>
720	2213	273	2486	<nil>
720	1019	273	1292	<nil>
720	1014	280	1294	<nil>
720	999	317	1316	<nil>
720	1124	268	1392	<nil>
720	1051	310	1361	<nil>
720	1162	149	1311	<nil>
720	3424	365	3789	<nil>
720	1081	281	1362	<nil>
720	1023	283	1306	<nil>
720	1015	293	1308	<nil>
720	1140	275	1415	<nil>
720	2185	275	2460	<nil>
720	1014	293	1307	<nil>
720	1024	296	1320	<nil>
720	1262	83	1345	<nil>
720	1019	82	1101	<nil>
720	1111	201	1312	<nil>
720	1043	155	1198	<nil>
720	1135	158	1293	<nil>
720	6258	281	6539	<nil>
720	1301	162	1463	<nil>
720	1033	272	1305	<nil>
720	1088	254	1342	<nil>
720	3890	255	4145	<nil>
720	1130	177	1307	<nil>
720	3563	256	3819	<nil>
720	285	1	286	<nil>
720	1136	254	1390	<nil>
720	1083	254	1337	<nil>
720	1018	83	1101	<nil>
720	1104	81	1185	<nil>
720	1021	81	1102	<nil>
720	1018	83	1101	<nil>
720	1924	51	1975	<nil>
720	1023	87	1110	<nil>
720	1140	169	1309	<nil>
720	1274	52	1326	<nil>
720	3621	202	3823	<nil>
720	284	27	311	<nil>
720	1081	260	1341	<nil>
720	2224	259	2483	<nil>
720	1215	234	1449	<nil>
720	993	178	1171	<nil>
720	1221	258	1479	<nil>
720	1015	234	1249	<nil>
720	1128	163	1291	<nil>
720	3949	202	4151	<nil>
720	1181	142	1323	<nil>
720	1133	39	1172	<nil>
720	1133	39	1172	<nil>
720	1132	41	1173	<nil>
720	1146	40	1186	<nil>
720	1134	41	1175	<nil>
720	1123	42	1165	<nil>
720	1132	42	1174	<nil>
720	271	40	311	<nil>
720	1918	50	1968	<nil>
720	375	49	424	<nil>
720	3822	38	3860	<nil>
720	920	50	970	<nil>
720	387	47	434	<nil>
720	1928	48	1976	<nil>
720	3453	43	3496	<nil>
720	1132	40	1172	<nil>
720	368	66	434	<nil>
720	921	49	970	<nil>
720	1919	51	1970	<nil>
720	3780	48	3828	<nil>
720	3318	68	3386	<nil>
720	1125	39	1164	<nil>
720	1151	159	1310	<nil>
720	370	67	437	<nil>
720	371	68	439	<nil>
720	354	81	435	<nil>
720	1788	88	1876	<nil>
720	5940	67	6007	<nil>
720	1920	51	1971	<nil>
720	929	52	981	<nil>
720	372	69	441	<nil>
720	363	81	444	<nil>
720	355	69	424	<nil>
720	987	169	1156	<nil>
720	6057	21	6078	<nil>
720	170	22	192	<nil>
720	302	21	323	<nil>
720	5586	35	5621	<nil>
720	3356	36	3392	<nil>
720	383	36	419	<nil>
720	1300	22	1322	<nil>
720	1287	35	1322	<nil>
720	253	23	276	<nil>
720	3132	35	3167	<nil>
720	383	37	420	<nil>
720	3431	35	3466	<nil>
720	384	35	419	<nil>
720	289	32	321	<nil>
720	379	35	414	<nil>
720	383	36	419	<nil>
720	2909	52	2961	<nil>
720	1307	36	1343	<nil>
720	245	34	279	<nil>
720	370	49	419	<nil>
720	10185	53	10238	<nil>
720	1132	51	1183	<nil>
720	2739	22	2761	<nil>
720	383	37	420	<nil>
720	17320	52	17372	<nil>
720	270	54	324	<nil>
720	2913	51	2964	<nil>
720	3647	175	3822	<nil>
720	1000	169	1169	<nil>
720	1305	28	1333	<nil>
720	1966	27	1993	<nil>
720	282	31	313	<nil>
720	3143	33	3176	<nil>
720	956	33	989	<nil>
720	280	32	312	<nil>
720	1297	33	1330	<nil>
720	281	33	314	<nil>
720	286	13	299	<nil>
720	285	15	300	<nil>
720	286	16	302	<nil>
720	1012	265	1277	<nil>
720	290	15	305	<nil>
720	317	17	334	<nil>
720	309	17	326	<nil>
720	307	17	324	<nil>
720	2969	16	2985	<nil>
720	294	15	309	<nil>
720	1928	86	2014	<nil>
720	3207	13	3220	<nil>
720	1366	14	1380	<nil>
720	318	15	333	<nil>
720	5763	14	5777	<nil>
720	1225	10	1235	<nil>
720	3032	24	3056	<nil>
720	6030	15	6045	<nil>
720	1289	48	1337	<nil>
720	332	14	346	<nil>
720	6054	30	6084	<nil>
720	317	15	332	<nil>
720	325	16	341	<nil>
720	5675	18	5693	<nil>
720	369	27	396	<nil>
720	359	15	374	<nil>
720	3222	15	3237	<nil>
720	6086	74	6160	<nil>
720	489	120	609	<nil>
720	1018	167	1185	<nil>
720	344	28	372	<nil>
720	345	28	373	<nil>
720	6119	27	6146	<nil>
720	487	43	530	<nil>
720	1183	118	1301	<nil>
720	502	119	621	<nil>
720	490	119	609	<nil>
720	491	118	609	<nil>
720	354	9	363	<nil>
720	349	26	375	<nil>
720	346	27	373	<nil>
720	495	66	561	<nil>
720	320	308	628	<nil>
720	319	309	628	<nil>
720	208	308	516	<nil>
720	339	310	649	<nil>
720	3209	304	3513	<nil>
720	331	305	636	<nil>
720	487	296	783	<nil>
720	334	332	666	<nil>
720	357	309	666	<nil>
720	363	310	673	<nil>
720	342	312	654	<nil>
720	328	310	638	<nil>
720	324	312	636	<nil>
720	2660	313	2973	<nil>
720	474	300	774	<nil>
720	810	898	1708	<nil>
720	356	1223	1579	<nil>
720	359	1223	1582	<nil>
720	830	889	1719	<nil>
720	3791	886	4677	<nil>
720	1246	1219	2465	<nil>
720	839	878	1717	<nil>
720	2038	1232	3270	<nil>
720	830	888	1718	<nil>
720	508	0	508	rpc error: code = Unavailable desc = transport is closing
720	926	794	1720	<nil>
720	796	904	1700	<nil>
720	926	795	1721	<nil>
720	937	766	1703	<nil>
720	871	856	1727	<nil>
720	808	890	1698	<nil>
720	818	886	1704	<nil>
720	1044	0	1044	rpc error: code = Unavailable desc = transport is closing
720	1036	0	1036	rpc error: code = Unavailable desc = transport is closing
720	1037	0	1037	rpc error: code = Unavailable desc = transport is closing
720	2080	0	2080	rpc error: code = Unavailable desc = transport is closing
720	1169	0	1169	rpc error: code = Unavailable desc = transport is closing
720	1149	0	1149	rpc error: code = Unavailable desc = transport is closing
720	70013	0	70013	rpc error: code = Unavailable desc = transport is closing
720	1040	0	1040	rpc error: code = Unavailable desc = transport is closing
720	1118	0	1118	rpc error: code = Unavailable desc = transport is closing
720	1076	0	1076	rpc error: code = Unavailable desc = transport is closing
720	1150	0	1150	rpc error: code = Unavailable desc = transport is closing
720	1139	0	1139	rpc error: code = Unavailable desc = transport is closing
720	71789	0	71789	rpc error: code = Unavailable desc = transport is closing
720	1050	0	1050	rpc error: code = Unavailable desc = transport is closing
720	1034	0	1034	rpc error: code = Unavailable desc = transport is closing
720	1126	0	1126	rpc error: code = Unavailable desc = transport is closing
720	6847	0	6847	rpc error: code = Unavailable desc = transport is closing
720	1040	0	1040	rpc error: code = Unavailable desc = transport is closing
720	2098	0	2098	rpc error: code = Unavailable desc = transport is closing
720	1076	0	1076	rpc error: code = Unavailable desc = transport is closing
720	1173	0	1173	rpc error: code = Unavailable desc = transport is closing
720	1078	0	1078	rpc error: code = Unavailable desc = transport is closing
720	5635	0	5635	rpc error: code = Unavailable desc = transport is closing
720	1039	0	1039	rpc error: code = Unavailable desc = transport is closing
720	5634	0	5634	rpc error: code = Unavailable desc = transport is closing
720	1036	0	1036	rpc error: code = Unavailable desc = transport is closing
720	1045	0	1045	rpc error: code = Unavailable desc = transport is closing
720	2081	0	2081	rpc error: code = Unavailable desc = transport is closing
720	1117	0	1117	rpc error: code = Unavailable desc = transport is closing
720	2081	0	2081	rpc error: code = Unavailable desc = transport is closing
720	1296	0	1296	rpc error: code = Unavailable desc = transport is closing
720	1136	0	1136	rpc error: code = Unavailable desc = transport is closing
720	2267	0	2267	rpc error: code = Unavailable desc = transport is closing
720	1148	0	1148	rpc error: code = Unavailable desc = transport is closing
720	1143	0	1143	rpc error: code = Unavailable desc = transport is closing
720	1240	0	1240	rpc error: code = Unavailable desc = transport is closing
720	1198	0	1198	rpc error: code = Unavailable desc = transport is closing
720	1202	0	1202	rpc error: code = Unavailable desc = transport is closing
720	1283	0	1283	rpc error: code = Unavailable desc = transport is closing
720	2434	0	2434	rpc error: code = Unavailable desc = transport is closing
720	1276	127	1403	<nil>
720	1027	85	1112	<nil>
720	1027	88	1115	<nil>
720	1310	91	1401	<nil>
720	2561	88	2649	<nil>
720	1027	84	1111	<nil>
720	1025	89	1114	<nil>
720	1313	84	1397	<nil>
720	1031	84	1115	<nil>
720	1027	88	1115	<nil>
720	151	45	196	<nil>
720	3349	35	3384	<nil>
720	78	34	112	<nil>
720	170	33	203	<nil>
720	184	33	217	<nil>
720	153	38	191	<nil>
720	136	33	169	<nil>
720	5300	38	5338	<nil>
720	88	33	121	<nil>
720	169	37	206	<nil>
720	10368	38	10406	<nil>
720	93	33	126	<nil>
720	161	38	199	<nil>
720	5512	37	5549	<nil>
720	70161	40	70201	<nil>
720	159	38	197	<nil>
720	78	33	111	<nil>
720	79	34	113	<nil>
720	170	36	206	<nil>
720	78	48	126	<nil>
720	89	52	141	<nil>
720	78	54	132	<nil>
720	1121	25	1146	<nil>
720	77	56	133	<nil>
720	77	58	135	<nil>
720	120	48	168	<nil>
720	1089	54	1143	<nil>
720	108	60	168	<nil>
720	109	75	184	<nil>
720	110	85	195	<nil>
720	1119	92	1211	<nil>
720	110	85	195	<nil>
720	1123	87	1210	<nil>
720	109	86	195	<nil>
720	109	88	197	<nil>
720	109	87	196	<nil>
720	110	85	195	<nil>
720	109	90	199	<nil>
720	108	91	199	<nil>
720	108	91	199	<nil>
720	109	96	205	<nil>
720	5662	97	5759	<nil>
720	54	75	129	<nil>
720	3343	107	3450	<nil>
720	53	87	140	<nil>
720	63	106	169	<nil>
720	16131	10	16141	<nil>
720	109	107	216	<nil>
720	93	12	105	<nil>
720	93	12	105	<nil>
720	53	11	64	<nil>
720	3000	13	3013	<nil>
720	81	26	107	<nil>
720	16098	39	16137	<nil>
720	93	15	108	<nil>
720	83	26	109	<nil>
720	93	16	109	<nil>
720	62	116	178	<nil>
720	93	17	110	<nil>
720	67	29	96	<nil>
720	52	98	150	<nil>
720	52	97	149	<nil>
720	52	19	71	<nil>
720	93	19	112	<nil>
720	81	20	101	<nil>
720	55	95	150	<nil>
720	83	30	113	<nil>
720	80	34	114	<nil>
720	58	100	158	<nil>
720	49	20	69	<nil>
720	25383	49	25432	<nil>
720	2970	51	3021	<nil>
720	52	99	151	<nil>
720	54	99	153	<nil>
720	63	121	184	<nil>
720	93	21	114	<nil>
720	93	21	114	<nil>
720	83	21	104	<nil>
720	49	103	152	<nil>
720	73	48	121	<nil>
720	76	47	123	<nil>
720	109	117	226	<nil>
720	109	122	231	<nil>
720	1061	116	1177	<nil>
720	114	2	116	<nil>
720	92	20	112	<nil>
720	186	21	207	<nil>
720	156	10	166	<nil>
720	135	10	145	<nil>
720	118	20	138	<nil>
720	142	21	163	<nil>
720	133	6	139	<nil>
720	149	18	167	<nil>
720	158	10	168	<nil>
720	153	8	161	<nil>
720	159	8	167	<nil>
720	168	22	190	<nil>
720	161	7	168	<nil>
720	162	10	172	<nil>
720	16265	22	16287	<nil>
720	152	5	157	<nil>
720	10205	6	10211	<nil>
720	150	7	157	<nil>
720	155	4	159	<nil>
720	5278	7	5285	<nil>
720	153	6	159	<nil>
720	163	0	163	<nil>
720	185	1	186	<nil>
720	5577	21	5598	<nil>
720	165	1	166	<nil>
720	173	13	186	<nil>
720	174	7	181	<nil>
720	174	7	181	<nil>
720	4940	8	4948	<nil>
720	162	21	183	<nil>
720	154	7	161	<nil>
720	157	9	166	<nil>
720	154	7	161	<nil>
720	151	7	158	<nil>
720	151	7	158	<nil>
720	167	7	174	<nil>
720	151	10	161	<nil>
720	158	8	166	<nil>
720	159	2	161	<nil>
720	8858	7	8865	<nil>
720	153	9	162	<nil>
720	176	7	183	<nil>
720	153	11	164	<nil>
720	154	9	163	<nil>
720	174	1	175	<nil>
720	5256	15	5271	<nil>
720	10271	22	10293	<nil>
720	170	2	172	<nil>
720	165	1	166	<nil>
720	5275	8	5283	<nil>
720	153	5	158	<nil>
720	153	6	159	<nil>
720	151	8	159	<nil>
720	177	1	178	<nil>
720	170	1	171	<nil>
720	134	7	141	<nil>
720	173	15	188	<nil>
720	175	0	175	<nil>
720	188	0	188	<nil>
720	110	13	123	<nil>
720	107	13	120	<nil>
720	102	12	114	<nil>
720	115	13	128	<nil>
720	113	14	127	<nil>
720	5057	12	5069	<nil>
720	110	24	134	<nil>
720	135	11	146	<nil>
720	108	22	130	<nil>
720	103	10	113	<nil>
720	134	6	140	<nil>
720	5745	13	5758	<nil>
720	130	5	135	<nil>
720	128	8	136	<nil>
720	121	15	136	<nil>
720	132	5	137	<nil>
720	131	9	140	<nil>
720	126	9	135	<nil>
720	121	16	137	<nil>
720	128	8	136	<nil>
720	119	17	136	<nil>
720	123	15	138	<nil>
720	5976	8	5984	<nil>
720	120	16	136	<nil>
720	128	10	138	<nil>
720	123	17	140	<nil>
720	132	9	141	<nil>
720	126	11	137	<nil>
720	5302	18	5320	<nil>
720	120	17	137	<nil>
720	129	9	138	<nil>
720	129	10	139	<nil>
720	5329	11	5340	<nil>
720	5075	19	5094	<nil>
720	120	18	138	<nil>
720	121	17	138	<nil>
720	127	11	138	<nil>
720	130	12	142	<nil>
720	120	18	138	<nil>
720	130	12	142	<nil>
720	123	11	134	<nil>
720	121	12	133	<nil>
720	134	10	144	<nil>
720	127	12	139	<nil>
720	120	19	139	<nil>
720	119	17	136	<nil>
720	127	38	165	<nil>
720	14946	38	14984	<nil>
720	130	50	180	<nil>
720	129	48	177	<nil>
720	130	82	212	<nil>
720	127	82	209	<nil>
720	20	72	92	<nil>
720	133	77	210	<nil>
720	127	92	219	<nil>
720	28	65	93	<nil>
720	130	82	212	<nil>
720	145	111	256	<nil>
720	144	77	221	<nil>
720	127	93	220	<nil>
720	1334	0	1334	rpc error: code = Unavailable desc = transport is closing
720	2509	0	2509	rpc error: code = Unavailable desc = transport is closing
720	168	638	806	<nil>
720	172	637	809	<nil>
720	1309	0	1309	rpc error: code = Unavailable desc = transport is closing
720	2502	0	2502	rpc error: code = Unavailable desc = transport is closing
720	1308	0	1308	rpc error: code = Unavailable desc = transport is closing
720	6694	0	6694	rpc error: code = Unavailable desc = transport is closing
720	4300	0	4300	rpc error: code = Unavailable desc = transport is closing
720	1263	0	1263	rpc error: code = Unavailable desc = transport is closing
720	2509	0	2509	rpc error: code = Unavailable desc = transport is closing
720	1361	0	1361	rpc error: code = Unavailable desc = transport is closing
720	1386	0	1386	rpc error: code = Unavailable desc = transport is closing
720	2499	0	2499	rpc error: code = Unavailable desc = transport is closing
720	1393	0	1393	rpc error: code = Unavailable desc = transport is closing
720	1306	0	1306	rpc error: code = Unavailable desc = transport is closing
720	170	0	170	rpc error: code = Unavailable desc = transport is closing
720	1308	0	1308	rpc error: code = Unavailable desc = transport is closing
720	1022	0	1022	rpc error: code = Unavailable desc = transport is closing
720	1323	0	1323	rpc error: code = Unavailable desc = transport is closing
720	1311	0	1311	rpc error: code = Unavailable desc = transport is closing
720	2508	0	2508	rpc error: code = Unavailable desc = transport is closing
720	1027	0	1027	rpc error: code = Unavailable desc = transport is closing
720	1029	0	1029	rpc error: code = Unavailable desc = transport is closing
720	176	633	809	<nil>
720	1027	0	1027	rpc error: code = Unavailable desc = transport is closing
720	962	0	962	rpc error: code = Unavailable desc = transport is closing
720	157	636	793	<nil>
720	1029	0	1029	rpc error: code = Unavailable desc = transport is closing
720	1027	0	1027	rpc error: code = Unavailable desc = transport is closing
720	160	637	797	<nil>
720	1035	0	1035	rpc error: code = Unavailable desc = transport is closing
720	1032	0	1032	rpc error: code = Unavailable desc = transport is closing
720	1027	0	1027	rpc error: code = Unavailable desc = transport is closing
720	5593	0	5593	rpc error: code = Unavailable desc = transport is closing
720	1027	0	1027	rpc error: code = Unavailable desc = transport is closing
720	1030	0	1030	rpc error: code = Unavailable desc = transport is closing
720	2501	0	2501	rpc error: code = Unavailable desc = transport is closing
720	962	0	962	rpc error: code = Unavailable desc = transport is closing
720	969	0	969	rpc error: code = Unavailable desc = transport is closing
720	2443	0	2443	rpc error: code = Unavailable desc = transport is closing
720	1309	0	1309	rpc error: code = Unavailable desc = transport is closing
720	1248	0	1248	rpc error: code = Unavailable desc = transport is closing
720	1026	0	1026	rpc error: code = Unavailable desc = transport is closing
720	1028	0	1028	rpc error: code = Unavailable desc = transport is closing
720	187	633	820	<nil>
720	968	0	968	rpc error: code = Unavailable desc = transport is closing
720	2512	0	2512	rpc error: code = Unavailable desc = transport is closing
720	1024	0	1024	rpc error: code = Unavailable desc = transport is closing
720	1024	0	1024	rpc error: code = Unavailable desc = transport is closing
720	1035	0	1035	rpc error: code = Unavailable desc = transport is closing
720	976	0	976	rpc error: code = Unavailable desc = transport is closing
720	2500	0	2500	rpc error: code = Unavailable desc = transport is closing
720	167	635	802	<nil>
720	1025	0	1025	rpc error: code = Unavailable desc = transport is closing
720	1028	0	1028	rpc error: code = Unavailable desc = transport is closing
720	2452	0	2452	rpc error: code = Unavailable desc = transport is closing
720	1023	0	1023	rpc error: code = Unavailable desc = transport is closing
720	1370	0	1370	rpc error: code = Unavailable desc = transport is closing
720	1023	0	1023	rpc error: code = Unavailable desc = transport is closing
720	1365	0	1365	rpc error: code = Unavailable desc = transport is closing
720	2533	0	2533	rpc error: code = Unavailable desc = transport is closing
720	4306	0	4306	rpc error: code = Unavailable desc = transport is closing
720	1120	0	1120	rpc error: code = Unavailable desc = transport is closing
720	961	0	961	rpc error: code = Unavailable desc = transport is closing
720	1341	0	1341	rpc error: code = Unavailable desc = transport is closing
720	7340	0	7340	rpc error: code = Unavailable desc = transport is closing
720	1317	0	1317	rpc error: code = Unavailable desc = transport is closing
720	1332	0	1332	rpc error: code = Unavailable desc = transport is closing
720	1340	0	1340	rpc error: code = Unavailable desc = transport is closing
720	2503	0	2503	rpc error: code = Unavailable desc = transport is closing
720	2442	0	2442	rpc error: code = Unavailable desc = transport is closing
720	1368	0	1368	rpc error: code = Unavailable desc = transport is closing
720	1341	0	1341	rpc error: code = Unavailable desc = transport is closing
720	2450	0	2450	rpc error: code = Unavailable desc = transport is closing
720	5854	0	5854	rpc error: code = Unavailable desc = transport is closing
720	2509	0	2509	rpc error: code = Unavailable desc = transport is closing
720	2502	0	2502	rpc error: code = Unavailable desc = transport is closing
720	109	0	109	rpc error: code = Unavailable desc = transport is closing
720	1335	0	1335	rpc error: code = Unavailable desc = transport is closing
720	1288	0	1288	rpc error: code = Unavailable desc = transport is closing
720	11570	0	11570	rpc error: code = Unavailable desc = transport is closing
720	5632	0	5632	rpc error: code = Unavailable desc = transport is closing
720	1335	0	1335	rpc error: code = Unavailable desc = transport is closing
720	1406	0	1406	rpc error: code = Unavailable desc = transport is closing
720	3320	0	3320	rpc error: code = Unavailable desc = transport is closing
720	1028	0	1028	rpc error: code = Unavailable desc = transport is closing
720	1336	0	1336	rpc error: code = Unavailable desc = transport is closing
720	1407	0	1407	rpc error: code = Unavailable desc = transport is closing
720	5847	0	5847	rpc error: code = Unavailable desc = transport is closing
720	1027	0	1027	rpc error: code = Unavailable desc = transport is closing
720	1334	0	1334	rpc error: code = Unavailable desc = transport is closing
720	1323	0	1323	rpc error: code = Unavailable desc = transport is closing
720	1338	0	1338	rpc error: code = Unavailable desc = transport is closing
720	2512	0	2512	rpc error: code = Unavailable desc = transport is closing
720	1342	0	1342	rpc error: code = Unavailable desc = transport is closing
720	2529	0	2529	rpc error: code = Unavailable desc = transport is closing
720	2500	0	2500	rpc error: code = Unavailable desc = transport is closing
720	106	0	106	rpc error: code = Unavailable desc = transport is closing
720	1391	0	1391	rpc error: code = Unavailable desc = transport is closing
720	1027	0	1027	rpc error: code = Unavailable desc = transport is closing
720	1334	0	1334	rpc error: code = Unavailable desc = transport is closing
720	10989	0	10989	rpc error: code = Unavailable desc = transport is closing
720	1375	0	1375	rpc error: code = Unavailable desc = transport is closing
720	1412	0	1412	rpc error: code = Unavailable desc = transport is closing
720	1327	0	1327	rpc error: code = Unavailable desc = transport is closing
720	2865	0	2865	rpc error: code = Unavailable desc = transport is closing
720	1399	0	1399	rpc error: code = Unavailable desc = transport is closing
720	45974	0	45974	rpc error: code = Unavailable desc = transport is closing
720	1333	0	1333	rpc error: code = Unavailable desc = transport is closing
720	1315	0	1315	rpc error: code = Unavailable desc = transport is closing
720	7332	0	7332	rpc error: code = Unavailable desc = transport is closing
720	1411	0	1411	rpc error: code = Unavailable desc = transport is closing
720	1369	0	1369	rpc error: code = Unavailable desc = transport is closing
720	1318	0	1318	rpc error: code = Unavailable desc = transport is closing
720	1430	0	1430	rpc error: code = Unavailable desc = transport is closing
720	1421	0	1421	rpc error: code = Unavailable desc = transport is closing
720	1349	0	1349	rpc error: code = Unavailable desc = transport is closing
720	1386	0	1386	rpc error: code = Unavailable desc = transport is closing
720	9844	0	9844	rpc error: code = Unavailable desc = transport is closing
720	11583	0	11583	rpc error: code = Unavailable desc = transport is closing
720	1338	0	1338	rpc error: code = Unavailable desc = transport is closing
720	1398	0	1398	rpc error: code = Unavailable desc = transport is closing
720	1347	0	1347	rpc error: code = Unavailable desc = transport is closing
720	1317	0	1317	rpc error: code = Unavailable desc = transport is closing
720	1428	0	1428	rpc error: code = Unavailable desc = transport is closing
720	1437	0	1437	rpc error: code = Unavailable desc = transport is closing
720	4303	0	4303	rpc error: code = Unavailable desc = transport is closing
720	1336	0	1336	rpc error: code = Unavailable desc = transport is closing
720	1387	0	1387	rpc error: code = Unavailable desc = transport is closing
720	1386	0	1386	rpc error: code = Unavailable desc = transport is closing
720	110806	0	110806	rpc error: code = Unavailable desc = transport is closing
720	3903	0	3903	rpc error: code = Unavailable desc = transport is closing
720	1312	0	1312	rpc error: code = Unavailable desc = transport is closing
720	1380	0	1380	rpc error: code = Unavailable desc = transport is closing
720	2502	0	2502	rpc error: code = Unavailable desc = transport is closing
720	1327	0	1327	rpc error: code = Unavailable desc = transport is closing
720	28568	0	28568	rpc error: code = Unavailable desc = transport is closing
720	2475	0	2475	rpc error: code = Unavailable desc = transport is closing
720	1351	0	1351	rpc error: code = Unavailable desc = transport is closing
720	1306	0	1306	rpc error: code = Unavailable desc = transport is closing
720	1426	0	1426	rpc error: code = Unavailable desc = transport is closing
720	5977	0	5977	rpc error: code = Unavailable desc = transport is closing
720	1343	0	1343	rpc error: code = Unavailable desc = transport is closing
720	1369	0	1369	rpc error: code = Unavailable desc = transport is closing
720	2503	0	2503	rpc error: code = Unavailable desc = transport is closing
720	1307	0	1307	rpc error: code = Unavailable desc = transport is closing
720	1334	0	1334	rpc error: code = Unavailable desc = transport is closing
720	1309	0	1309	rpc error: code = Unavailable desc = transport is closing
720	1356	0	1356	rpc error: code = Unavailable desc = transport is closing
720	1374	0	1374	rpc error: code = Unavailable desc = transport is closing
720	1346	0	1346	rpc error: code = Unavailable desc = transport is closing
720	1365	0	1365	rpc error: code = Unavailable desc = transport is closing
720	11185	0	11185	rpc error: code = Unavailable desc = transport is closing
720	1299	0	1299	rpc error: code = Unavailable desc = transport is closing
720	1311	0	1311	rpc error: code = Unavailable desc = transport is closing
720	1418	0	1418	rpc error: code = Unavailable desc = transport is closing
720	1337	0	1337	rpc error: code = Unavailable desc = transport is closing
720	1342	0	1342	rpc error: code = Unavailable desc = transport is closing
720	1286	0	1286	rpc error: code = Unavailable desc = transport is closing
720	2302	0	2302	rpc error: code = Unavailable desc = transport is closing
720	1300	0	1300	rpc error: code = Unavailable desc = transport is closing
720	1353	0	1353	rpc error: code = Unavailable desc = transport is closing
720	1230	0	1230	rpc error: code = Unavailable desc = transport is closing
720	2455	0	2455	rpc error: code = Unavailable desc = transport is closing
720	1366	0	1366	rpc error: code = Unavailable desc = transport is closing
720	1289	0	1289	rpc error: code = Unavailable desc = transport is closing
720	1311	0	1311	rpc error: code = Unavailable desc = transport is closing
720	1311	0	1311	rpc error: code = Unavailable desc = transport is closing
720	1355	0	1355	rpc error: code = Unavailable desc = transport is closing
720	2457	0	2457	rpc error: code = Unavailable desc = transport is closing
720	1408	0	1408	rpc error: code = Unavailable desc = transport is closing
720	1313	0	1313	rpc error: code = Unavailable desc = transport is closing
720	1309	0	1309	rpc error: code = Unavailable desc = transport is closing
720	1423	0	1423	rpc error: code = Unavailable desc = transport is closing
720	6917	0	6917	rpc error: code = Unavailable desc = transport is closing
720	1341	0	1341	rpc error: code = Unavailable desc = transport is closing
720	1325	0	1325	rpc error: code = Unavailable desc = transport is closing
720	2252	0	2252	rpc error: code = Unavailable desc = transport is closing
720	1313	0	1313	rpc error: code = Unavailable desc = transport is closing
720	1345	0	1345	rpc error: code = Unavailable desc = transport is closing
720	10222	0	10222	rpc error: code = Unavailable desc = transport is closing
720	1336	0	1336	rpc error: code = Unavailable desc = transport is closing
720	1342	0	1342	rpc error: code = Unavailable desc = transport is closing
720	1357	0	1357	rpc error: code = Unavailable desc = transport is closing
720	1377	0	1377	rpc error: code = Unavailable desc = transport is closing
720	3919	0	3919	rpc error: code = Unavailable desc = transport is closing
720	1414	0	1414	rpc error: code = Unavailable desc = transport is closing
720	1314	0	1314	rpc error: code = Unavailable desc = transport is closing
720	1259	0	1259	rpc error: code = Unavailable desc = transport is closing
720	28005	0	28005	rpc error: code = Unavailable desc = transport is closing
720	1385	0	1385	rpc error: code = Unavailable desc = transport is closing
720	173	0	173	rpc error: code = Unavailable desc = transport is closing
720	1313	0	1313	rpc error: code = Unavailable desc = transport is closing
720	1023	0	1023	rpc error: code = Unavailable desc = transport is closing
720	1027	0	1027	rpc error: code = Unavailable desc = transport is closing
720	788	24	812	<nil>
720	789	24	813	<nil>
720	792	23	815	<nil>
720	789	23	812	<nil>
720	789	24	813	<nil>
720	1407	0	1407	rpc error: code = Unavailable desc = transport is closing
720	785	24	809	<nil>
720	2435	0	2435	rpc error: code = Unavailable desc = transport is closing
720	791	32	823	<nil>
720	792	32	824	<nil>
720	792	32	824	<nil>
720	795	33	828	<nil>
720	792	33	825	<nil>
720	795	33	828	<nil>
720	793	33	826	<nil>
720	797	35	832	<nil>
720	792	34	826	<nil>
720	787	35	822	<nil>
720	788	34	822	<nil>
720	792	34	826	<nil>
720	792	33	825	<nil>
720	792	33	825	<nil>
720	799	36	835	<nil>
720	795	33	828	<nil>
720	798	36	834	<nil>
720	788	36	824	<nil>
720	798	101	899	<nil>
720	794	102	896	<nil>
720	802	97	899	<nil>
720	796	97	893	<nil>
720	795	97	892	<nil>
720	712	97	809	<nil>
720	795	102	897	<nil>
720	5713	101	5814	<nil>
720	3006	100	3106	<nil>
720	796	100	896	<nil>
720	15751	101	15852	<nil>
720	801	100	901	<nil>
720	797	101	898	<nil>
720	714	98	812	<nil>
720	697	104	801	<nil>
720	795	217	1012	<nil>
720	3009	291	3300	<nil>
720	697	345	1042	<nil>
720	794	369	1163	<nil>
720	797	446	1243	<nil>
720	9987	446	10433	<nil>
720	796	447	1243	<nil>
720	710	447	1157	<nil>
720	696	462	1158	<nil>
720	697	478	1175	<nil>
720	712	487	1199	<nil>
720	3190	499	3689	<nil>
720	90	428	518	<nil>
720	6004	429	6433	<nil>
720	92	481	573	<nil>
720	36	539	575	<nil>
720	86	489	575	<nil>
720	112	464	576	<nil>
720	2423	482	2905	<nil>
720	8868	452	9320	<nil>
720	111	465	576	<nil>
720	314	319	633	<nil>
720	2741	285	3026	<nil>
720	355	287	642	<nil>
720	351	298	649	<nil>
720	361	295	656	<nil>
720	386	283	669	<nil>
720	376	281	657	<nil>
720	373	281	654	<nil>
720	405	264	669	<nil>
720	427	261	688	<nil>
720	427	282	709	<nil>
720	432	283	715	<nil>
720	2826	283	3109	<nil>
720	433	296	729	<nil>
720	2846	294	3140	<nil>
720	457	293	750	<nil>
720	469	284	753	<nil>
720	548	244	792	<nil>
720	549	243	792	<nil>
720	26347	233	26580	<nil>
720	422	195	617	<nil>
720	2986	206	3192	<nil>
720	429	186	615	<nil>
720	2992	176	3168	<nil>
720	1353	161	1514	<nil>
720	667	162	829	<nil>
720	5394	161	5555	<nil>
720	705	127	832	<nil>
720	705	127	832	<nil>
720	17836	166	18002	<nil>
720	3121	107	3228	<nil>
720	665	171	836	<nil>
720	697	137	834	<nil>
720	3063	167	3230	<nil>
720	705	128	833	<nil>
720	298	105	403	<nil>
720	5394	166	5560	<nil>
720	3436	87	3523	<nil>
720	269	65	334	<nil>
720	238	63	301	<nil>
720	240	61	301	<nil>
720	239	63	302	<nil>
720	5190	79	5269	<nil>
720	239	113	352	<nil>
720	3147	112	3259	<nil>
720	240	112	352	<nil>
720	186	55	241	<nil>
720	206	58	264	<nil>
720	190	58	248	<nil>
720	5034	55	5089	<nil>
720	147	82	229	<nil>
720	115	83	198	<nil>
720	129	69	198	<nil>
720	109	39	148	<nil>
720	117	39	156	<nil>
720	142	88	230	<nil>
720	119	37	156	<nil>
720	110	86	196	<nil>
720	127	90	217	<nil>
720	111	36	147	<nil>
720	81	34	115	<nil>
720	118	35	153	<nil>
720	110	38	148	<nil>
720	93	5	98	<nil>
720	5389	89	5478	<nil>
720	192	87	279	<nil>
720	104	4	108	<nil>
720	83	34	117	<nil>
720	81	35	116	<nil>
720	100	5	105	<nil>
720	84	35	119	<nil>
720	100	5	105	<nil>
720	173	90	263	<nil>
720	73	8	81	<nil>
720	85	24	109	<nil>
720	97	24	121	<nil>
740	492	0	492	rpc error: code = DeadlineExceeded desc = context deadline exceeded
740	453	0	453	rpc error: code = DeadlineExceeded desc = context deadline exceeded
740	10475	0	10475	rpc error: code = DeadlineExceeded desc = context deadline exceeded
740	433	0	433	rpc error: code = DeadlineExceeded desc = context deadline exceeded
740	120	1072	1192	<nil>
740	473	0	473	rpc error: code = DeadlineExceeded desc = context deadline exceeded
740	459	0	459	rpc error: code = DeadlineExceeded desc = context deadline exceeded
740	433	0	433	rpc error: code = DeadlineExceeded desc = context deadline exceeded
740	433	0	433	rpc error: code = DeadlineExceeded desc = context deadline exceeded
740	441	0	441	rpc error: code = DeadlineExceeded desc = context deadline exceeded
740	469	0	469	rpc error: code = DeadlineExceeded desc = context deadline exceeded
740	435	0	435	rpc error: code = DeadlineExceeded desc = context deadline exceeded
740	648	0	648	rpc error: code = DeadlineExceeded desc = context deadline exceeded
740	505	0	505	rpc error: code = DeadlineExceeded desc = context deadline exceeded
740	501	0	501	rpc error: code = DeadlineExceeded desc = context deadline exceeded
740	5210	0	5210	rpc error: code = DeadlineExceeded desc = context deadline exceeded
740	502	0	502	rpc error: code = DeadlineExceeded desc = context deadline exceeded
740	495	0	495	rpc error: code = DeadlineExceeded desc = context deadline exceeded
740	554	0	554	rpc error: code = DeadlineExceeded desc = context deadline exceeded
740	2996	0	2996	rpc error: code = DeadlineExceeded desc = context deadline exceeded
740	503	0	503	rpc error: code = DeadlineExceeded desc = context deadline exceeded
740	490	0	490	rpc error: code = DeadlineExceeded desc = context deadline exceeded
740	521	0	521	rpc error: code = DeadlineExceeded desc = context deadline exceeded
740	525	0	525	rpc error: code = DeadlineExceeded desc = context deadline exceeded
740	509	0	509	rpc error: code = DeadlineExceeded desc = context deadline exceeded
740	505	0	505	rpc error: code = DeadlineExceeded desc = context deadline exceeded
740	508	0	508	rpc error: code = DeadlineExceeded desc = context deadline exceeded
740	533	0	533	rpc error: code = DeadlineExceeded desc = context deadline exceeded
740	2864	0	2864	rpc error: code = DeadlineExceeded desc = context deadline exceeded
740	514	0	514	rpc error: code = DeadlineExceeded desc = context deadline exceeded
740	16408	0	16408	rpc error: code = DeadlineExceeded desc = context deadline exceeded
740	3237	0	3237	rpc error: code = DeadlineExceeded desc = context deadline exceeded
740	557	0	557	rpc error: code = DeadlineExceeded desc = context deadline exceeded
740	557	0	557	rpc error: code = DeadlineExceeded desc = context deadline exceeded
740	557	0	557	rpc error: code = DeadlineExceeded desc = context deadline exceeded
740	561	0	561	rpc error: code = DeadlineExceeded desc = context deadline exceeded
740	559	0	559	rpc error: code = DeadlineExceeded desc = context deadline exceeded
740	560	0	560	rpc error: code = DeadlineExceeded desc = context deadline exceeded
740	649	0	649	rpc error: code = DeadlineExceeded desc = context deadline exceeded
740	560	0	560	rpc error: code = DeadlineExceeded desc = context deadline exceeded
740	1514	0	1514	rpc error: code = DeadlineExceeded desc = context deadline exceeded
740	561	0	561	rpc error: code = DeadlineExceeded desc = context deadline exceeded
740	1519	0	1519	rpc error: code = DeadlineExceeded desc = context deadline exceeded
740	16356	0	16356	rpc error: code = DeadlineExceeded desc = context deadline exceeded
740	1518	0	1518	rpc error: code = DeadlineExceeded desc = context deadline exceeded
740	467	0	467	rpc error: code = DeadlineExceeded desc = context deadline exceeded
740	559	0	559	rpc error: code = DeadlineExceeded desc = context deadline exceeded
740	559	0	559	rpc error: code = DeadlineExceeded desc = context deadline exceeded
740	523	0	523	rpc error: code = DeadlineExceeded desc = context deadline exceeded
740	590	0	590	rpc error: code = DeadlineExceeded desc = context deadline exceeded
740	587	0	587	rpc error: code = DeadlineExceeded desc = context deadline exceeded
740	9214	0	9214	rpc error: code = DeadlineExceeded desc = context deadline exceeded
740	1545	0	1545	rpc error: code = DeadlineExceeded desc = context deadline exceeded
740	590	0	590	rpc error: code = DeadlineExceeded desc = context deadline exceeded
740	2984	0	2984	rpc error: code = DeadlineExceeded desc = context deadline exceeded
740	1518	0	1518	rpc error: code = DeadlineExceeded desc = context deadline exceeded
740	1548	0	1548	rpc error: code = DeadlineExceeded desc = context deadline exceeded
740	649	0	649	rpc error: code = DeadlineExceeded desc = context deadline exceeded
740	591	0	591	rpc error: code = DeadlineExceeded desc = context deadline exceeded
740	2937	0	2937	rpc error: code = DeadlineExceeded desc = context deadline exceeded
740	587	0	587	rpc error: code = DeadlineExceeded desc = context deadline exceeded
740	10429	0	10429	rpc error: code = DeadlineExceeded desc = context deadline exceeded
740	2938	0	2938	rpc error: code = DeadlineExceeded desc = context deadline exceeded
740	2936	0	2936	rpc error: code = DeadlineExceeded desc = context deadline exceeded
740	2932	0	2932	rpc error: code = DeadlineExceeded desc = context deadline exceeded
740	9420	0	9420	rpc error: code = DeadlineExceeded desc = context deadline exceeded
740	593	0	593	rpc error: code = DeadlineExceeded desc = context deadline exceeded
740	2937	0	2937	rpc error: code = DeadlineExceeded desc = context deadline exceeded
740	437	0	437	rpc error: code = DeadlineExceeded desc = context deadline exceeded
740	512	0	512	rpc error: code = DeadlineExceeded desc = context deadline exceeded
740	436	0	436	rpc error: code = DeadlineExceeded desc = context deadline exceeded
740	592	0	592	rpc error: code = DeadlineExceeded desc = context deadline exceeded
740	594	0	594	rpc error: code = DeadlineExceeded desc = context deadline exceeded
740	3275	0	3275	rpc error: code = DeadlineExceeded desc = context deadline exceeded
740	592	0	592	rpc error: code = DeadlineExceeded desc = context deadline exceeded
740	2994	0	2994	rpc error: code = DeadlineExceeded desc = context deadline exceeded
740	10423	0	10423	rpc error: code = DeadlineExceeded desc = context deadline exceeded
740	596	0	596	rpc error: code = DeadlineExceeded desc = context deadline exceeded
740	594	0	594	rpc error: code = DeadlineExceeded desc = context deadline exceeded
740	595	0	595	rpc error: code = DeadlineExceeded desc = context deadline exceeded
740	595	0	595	rpc error: code = DeadlineExceeded desc = context deadline exceeded
740	602	0	602	rpc error: code = DeadlineExceeded desc = context deadline exceeded
740	598	0	598	rpc error: code = DeadlineExceeded desc = context deadline exceeded
740	593	0	593	rpc error: code = DeadlineExceeded desc = context deadline exceeded
740	595	0	595	rpc error: code = DeadlineExceeded desc = context deadline exceeded
740	600	0	600	rpc error: code = DeadlineExceeded desc = context deadline exceeded
740	597	0	597	rpc error: code = DeadlineExceeded desc = context deadline exceeded
740	597	0	597	rpc error: code = DeadlineExceeded desc = context deadline exceeded
740	650	0	650	rpc error: code = DeadlineExceeded desc = context deadline exceeded
740	2988	0	2988	rpc error: code = DeadlineExceeded desc = context deadline exceeded
740	2942	0	2942	rpc error: code = DeadlineExceeded desc = context deadline exceeded
740	9022	0	9022	rpc error: code = DeadlineExceeded desc = context deadline exceeded
740	2938	0	2938	rpc error: code = DeadlineExceeded desc = context deadline exceeded
740	596	0	596	rpc error: code = DeadlineExceeded desc = context deadline exceeded
740	5331	0	5331	rpc error: code = DeadlineExceeded desc = context deadline exceeded
740	3045	0	3045	rpc error: code = DeadlineExceeded desc = context deadline exceeded
740	600	0	600	rpc error: code = DeadlineExceeded desc = context deadline exceeded
740	422	0	422	rpc error: code = DeadlineExceeded desc = context deadline exceeded
740	427	0	427	rpc error: code = DeadlineExceeded desc = context deadline exceeded
740	424	0	424	rpc error: code = DeadlineExceeded desc = context deadline exceeded
740	598	0	598	rpc error: code = DeadlineExceeded desc = context deadline exceeded
740	606	0	606	rpc error: code = DeadlineExceeded desc = context deadline exceeded
740	422	0	422	rpc error: code = DeadlineExceeded desc = context deadline exceeded
740	606	0	606	rpc error: code = DeadlineExceeded desc = context deadline exceeded
740	424	0	424	rpc error: code = DeadlineExceeded desc = context deadline exceeded
740	420	0	420	rpc error: code = DeadlineExceeded desc = context deadline exceeded
740	598	0	598	rpc error: code = DeadlineExceeded desc = context deadline exceeded
740	607	0	607	rpc error: code = DeadlineExceeded desc = context deadline exceeded
740	606	0	606	rpc error: code = DeadlineExceeded desc = context deadline exceeded
740	2999	0	2999	rpc error: code = DeadlineExceeded desc = context deadline exceeded
740	427	0	427	rpc error: code = DeadlineExceeded desc = context deadline exceeded
740	651	0	651	rpc error: code = DeadlineExceeded desc = context deadline exceeded
740	606	0	606	rpc error: code = DeadlineExceeded desc = context deadline exceeded
740	3048	0	3048	rpc error: code = DeadlineExceeded desc = context deadline exceeded
740	370	0	370	rpc error: code = DeadlineExceeded desc = context deadline exceeded
740	426	0	426	rpc error: code = DeadlineExceeded desc = context deadline exceeded
740	5689	1074	6763	<nil>
740	425	0	425	rpc error: code = DeadlineExceeded desc = context deadline exceeded
740	1371	0	1371	rpc error: code = DeadlineExceeded desc = context deadline exceeded
740	129	1066	1195	<nil>
740	424	0	424	rpc error: code = DeadlineExceeded desc = context deadline exceeded
740	652	0	652	rpc error: code = DeadlineExceeded desc = context deadline exceeded
740	652	0	652	rpc error: code = DeadlineExceeded desc = context deadline exceeded
740	5299	0	5299	rpc error: code = DeadlineExceeded desc = context deadline exceeded
740	123	1067	1190	<nil>
740	666	0	666	rpc error: code = DeadlineExceeded desc = context deadline exceeded
740	26374	0	26374	rpc error: code = DeadlineExceeded desc = context deadline exceeded
740	3061	0	3061	rpc error: code = DeadlineExceeded desc = context deadline exceeded
740	666	0	666	rpc error: code = DeadlineExceeded desc = context deadline exceeded
740	618	0	618	rpc error: code = DeadlineExceeded desc = context deadline exceeded
740	666	0	666	rpc error: code = DeadlineExceeded desc = context deadline exceeded
740	1353	0	1353	rpc error: code = DeadlineExceeded desc = context deadline exceeded
740	3062	0	3062	rpc error: code = DeadlineExceeded desc = context deadline exceeded
740	1386	0	1386	rpc error: code = DeadlineExceeded desc = context deadline exceeded
740	3015	0	3015	rpc error: code = DeadlineExceeded desc = context deadline exceeded
740	1354	0	1354	rpc error: code = DeadlineExceeded desc = context deadline exceeded
740	666	0	666	rpc error: code = DeadlineExceeded desc = context deadline exceeded
740	3015	0	3015	rpc error: code = DeadlineExceeded desc = context deadline exceeded
740	666	0	666	rpc error: code = DeadlineExceeded desc = context deadline exceeded
740	666	0	666	rpc error: code = DeadlineExceeded desc = context deadline exceeded
740	9496	0	9496	rpc error: code = DeadlineExceeded desc = context deadline exceeded
740	3067	0	3067	rpc error: code = DeadlineExceeded desc = context deadline exceeded
740	680	0	680	rpc error: code = DeadlineExceeded desc = context deadline exceeded
740	683	0	683	rpc error: code = DeadlineExceeded desc = context deadline exceeded
740	680	0	680	rpc error: code = DeadlineExceeded desc = context deadline exceeded
740	680	0	680	rpc error: code = DeadlineExceeded desc = context deadline exceeded
740	683	0	683	rpc error: code = DeadlineExceeded desc = context deadline exceeded
740	708	0	708	rpc error: code = DeadlineExceeded desc = context deadline exceeded
740	680	0	680	rpc error: code = DeadlineExceeded desc = context deadline exceeded
740	695	0	695	rpc error: code = DeadlineExceeded desc = context deadline exceeded
740	697	0	697	rpc error: code = DeadlineExceeded desc = context deadline exceeded
740	679	0	679	rpc error: code = DeadlineExceeded desc = context deadline exceeded
740	350	0	350	rpc error: code = DeadlineExceeded desc = context deadline exceeded
740	3092	0	3092	rpc error: code = DeadlineExceeded desc = context deadline exceeded
740	709	0	709	rpc error: code = DeadlineExceeded desc = context deadline exceeded
740	695	0	695	rpc error: code = DeadlineExceeded desc = context deadline exceeded
740	707	0	707	rpc error: code = DeadlineExceeded desc = context deadline exceeded
740	3065	0	3065	rpc error: code = DeadlineExceeded desc = context deadline exceeded
740	701	0	701	rpc error: code = DeadlineExceeded desc = context deadline exceeded
740	713	0	713	rpc error: code = DeadlineExceeded desc = context deadline exceeded
740	647	0	647	rpc error: code = DeadlineExceeded desc = context deadline exceeded
740	708	0	708	rpc error: code = DeadlineExceeded desc = context deadline exceeded
740	3120	0	3120	rpc error: code = DeadlineExceeded desc = context deadline exceeded
740	502	0	502	rpc error: code = DeadlineExceeded desc = context deadline exceeded
740	190	0	190	rpc error: code = DeadlineExceeded desc = context deadline exceeded
740	130	0	130	rpc error: code = DeadlineExceeded desc = context deadline exceeded
740	211	0	211	rpc error: code = DeadlineExceeded desc = context deadline exceeded
740	101	0	101	rpc error: code = DeadlineExceeded desc = context deadline exceeded
740	725	0	725	rpc error: code = DeadlineExceeded desc = context deadline exceeded
740	5453	0	5453	rpc error: code = DeadlineExceeded desc = context deadline exceeded
740	3075	0	3075	rpc error: code = DeadlineExceeded desc = context deadline exceeded
740	298	0	298	rpc error: code = DeadlineExceeded desc = context deadline exceeded
740	3122	0	3122	rpc error: code = DeadlineExceeded desc = context deadline exceeded
740	3128	0	3128	rpc error: code = DeadlineExceeded desc = context deadline exceeded
740	125	5310	5435	<nil>
740	708	0	708	rpc error: code = DeadlineExceeded desc = context deadline exceeded
740	3070	0	3070	rpc error: code = DeadlineExceeded desc = context deadline exceeded
740	2959	0	2959	rpc error: code = DeadlineExceeded desc = context deadline exceeded
740	2965	0	2965	rpc error: code = DeadlineExceeded desc = context deadline exceeded
740	3124	0	3124	rpc error: code = DeadlineExceeded desc = context deadline exceeded
740	293	0	293	rpc error: code = DeadlineExceeded desc = context deadline exceeded
740	5453	0	5453	rpc error: code = DeadlineExceeded desc = context deadline exceeded
740	446	0	446	rpc error: code = DeadlineExceeded desc = context deadline exceeded
740	304	0	304	rpc error: code = DeadlineExceeded desc = context deadline exceeded
740	54	1072	1126	<nil>
740	3129	0	3129	rpc error: code = DeadlineExceeded desc = context deadline exceeded
740	557	0	557	rpc error: code = DeadlineExceeded desc = context deadline exceeded
740	631	0	631	rpc error: code = DeadlineExceeded desc = context deadline exceeded
740	457	0	457	rpc error: code = DeadlineExceeded desc = context deadline exceeded
740	1376	0	1376	rpc error: code = DeadlineExceeded desc = context deadline exceeded
740	1516	0	1516	rpc error: code = DeadlineExceeded desc = context deadline exceeded
740	463	0	463	rpc error: code = DeadlineExceeded desc = context deadline exceeded
740	436	0	436	rpc error: code = DeadlineExceeded desc = context deadline exceeded
740	386	0	386	rpc error: code = DeadlineExceeded desc = context deadline exceeded
740	55	1072	1127	<nil>
740	445	0	445	rpc error: code = DeadlineExceeded desc = context deadline exceeded
740	81	1075	1156	<nil>
740	5596	1075	6671	<nil>
740	97	1068	1165	<nil>
740	476	0	476	rpc error: code = DeadlineExceeded desc = context deadline exceeded
740	435	0	435	rpc error: code = DeadlineExceeded desc = context deadline exceeded
740	445	0	445	rpc error: code = DeadlineExceeded desc = context deadline exceeded
740	609	0	609	rpc error: code = DeadlineExceeded desc = context deadline exceeded
740	128	1066	1194	<nil>
740	433	0	433	rpc error: code = DeadlineExceeded desc = context deadline exceeded
740	468	0	468	rpc error: code = DeadlineExceeded desc = context deadline exceeded
740	445	0	445	rpc error: code = DeadlineExceeded desc = context deadline exceeded
740	432	0	432	rpc error: code = DeadlineExceeded desc = context deadline exceeded
740	9732	1066	10798	<nil>
740	10661	0	10661	rpc error: code = DeadlineExceeded desc = context deadline exceeded
740	482	0	482	rpc error: code = DeadlineExceeded desc = context deadline exceeded
740	495	0	495	rpc error: code = DeadlineExceeded desc = context deadline exceeded
740	3457	0	3457	rpc error: code = DeadlineExceeded desc = context deadline exceeded
740	3073	0	3073	rpc error: code = DeadlineExceeded desc = context deadline exceeded
740	209	0	209	rpc error: code = DeadlineExceeded desc = context deadline exceeded
740	3133	0	3133	rpc error: code = DeadlineExceeded desc = context deadline exceeded
740	349	0	349	rpc error: code = DeadlineExceeded desc = context deadline exceeded
740	104	0	104	rpc error: code = DeadlineExceeded desc = context deadline exceeded
740	3132	0	3132	rpc error: code = DeadlineExceeded desc = context deadline exceeded
740	101	0	101	rpc error: code = DeadlineExceeded desc = context deadline exceeded
740	9507	0	9507	rpc error: code = DeadlineExceeded desc = context deadline exceeded
740	68	0	68	rpc error: code = DeadlineExceeded desc = context deadline exceeded
740	725	0	725	rpc error: code = DeadlineExceeded desc = context deadline exceeded
740	697	0	697	rpc error: code = DeadlineExceeded desc = context deadline exceeded
740	442	0	442	rpc error: code = DeadlineExceeded desc = context deadline exceeded
740	10631	198	10829	<nil>
740	5348	196	5544	<nil>
740	5348	195	5543	<nil>
740	5348	196	5544	<nil>
740	5345	196	5541	<nil>
740	5335	207	5542	<nil>
740	5342	193	5535	<nil>
740	5348	203	5551	<nil>
740	5381	169	5550	<nil>
740	5383	169	5552	<nil>
740	5348	202	5550	<nil>
740	5384	166	5550	<nil>
740	5376	158	5534	<nil>
740	5338	211	5549	<nil>
740	5389	160	5549	<nil>
740	5348	205	5553	<nil>
740	5384	169	5553	<nil>
740	5409	141	5550	<nil>
740	5348	266	5614	<nil>
740	6464	100	6564	<nil>
740	5483	139	5622	<nil>
740	15062	272	15334	<nil>
740	6480	99	6579	<nil>
740	5333	272	5605	<nil>
740	222	83	305	<nil>
740	6486	94	6580	<nil>
740	895	95	990	<nil>
740	6490	90	6580	<nil>
740	213	83	296	<nil>
740	5840	94	5934	<nil>
740	5824	94	5918	<nil>
740	214	83	297	<nil>
740	26612	88	26700	<nil>
740	256	57	313	<nil>
740	251	69	320	<nil>
740	5983	64	6047	<nil>
740	200	74	274	<nil>
740	204	74	278	<nil>
740	278	56	334	<nil>
740	280	56	336	<nil>
740	286	52	338	<nil>
740	275	61	336	<nil>
740	9592	55	9647	<nil>
740	283	56	339	<nil>
740	274	61	335	<nil>
740	219	60	279	<nil>
740	266	55	321	<nil>
740	9591	61	9652	<nil>
740	283	52	335	<nil>
740	288	52	340	<nil>
740	273	61	334	<nil>
740	277	62	339	<nil>
740	287	52	339	<nil>
740	284	55	339	<nil>
740	283	57	340	<nil>
740	277	65	342	<nil>
740	9591	55	9646	<nil>
740	9586	61	9647	<nil>
740	277	64	341	<nil>
740	268	67	335	<nil>
740	273	65	338	<nil>
740	273	49	322	<nil>
740	288	50	338	<nil>
740	277	61	338	<nil>
740	276	61	337	<nil>
740	268	67	335	<nil>
740	286	51	337	<nil>
740	287	52	339	<nil>
740	6100	92	6192	<nil>
740	285	129	414	<nil>
740	300	115	415	<nil>
740	285	130	415	<nil>
740	27446	91	27537	<nil>
740	323	93	416	<nil>
740	327	88	415	<nil>
740	308	108	416	<nil>
740	328	89	417	<nil>
740	326	91	417	<nil>
740	327	88	415	<nil>
740	328	89	417	<nil>
740	313	110	423	<nil>
740	308	115	423	<nil>
740	9830	97	9927	<nil>
740	306	116	422	<nil>
740	299	159	458	<nil>
740	331	136	467	<nil>
740	330	141	471	<nil>
740	176	161	337	<nil>
740	334	139	473	<nil>
740	117	140	257	<nil>
740	161	91	252	<nil>
740	137	115	252	<nil>
740	336	140	476	<nil>
740	118	141	259	<nil>
740	145	97	242	<nil>
740	167	85	252	<nil>
740	301	172	473	<nil>
740	138	118	256	<nil>
740	155	106	261	<nil>
740	168	88	256	<nil>
740	156	104	260	<nil>
740	152	113	265	<nil>
740	169	120	289	<nil>
740	158	132	290	<nil>
740	2432	120	2552	<nil>
740	194	111	305	<nil>
740	9712	126	9838	<nil>
740	115	110	225	<nil>
740	114	111	225	<nil>
740	192	110	302	<nil>
740	5744	107	5851	<nil>
740	116	108	224	<nil>
740	196	109	305	<nil>
740	197	107	304	<nil>
740	116	108	224	<nil>
740	148	76	224	<nil>
740	116	109	225	<nil>
740	117	109	226	<nil>
740	112	107	219	<nil>
740	149	76	225	<nil>
740	151	92	243	<nil>
740	138	90	228	<nil>
740	9101	89	9190	<nil>
740	2529	76	2605	<nil>
740	178	76	254	<nil>
740	140	89	229	<nil>
740	146	90	236	<nil>
740	24952	90	25042	<nil>
740	145	93	238	<nil>
740	135	80	215	<nil>
740	135	79	214	<nil>
740	132	79	211	<nil>
740	168	59	227	<nil>
740	141	20	161	<nil>
740	165	62	227	<nil>
740	146	21	167	<nil>
740	98	1	99	<nil>
740	153	72	225	<nil>
740	145	22	167	<nil>
740	166	54	220	<nil>
740	144	20	164	<nil>
740	159	72	231	<nil>
740	154	70	224	<nil>
740	103	3	106	<nil>
740	132	22	154	<nil>
740	167	57	224	<nil>
740	106	3	109	<nil>
740	135	24	159	<nil>
740	130	28	158	<nil>
740	135	18	153	<nil>
740	133	28	161	<nil>
740	18022	21	18043	<nil>
740	103	3	106	<nil>
740	127	36	163	<nil>
740	61	0	61	<nil>
740	166	65	231	<nil>
740	165	56	221	<nil>
740	118	1	119	<nil>
740	108	2	110	<nil>
740	120	46	166	<nil>
740	101	30	131	<nil>
740	138	104	242	<nil>
740	41780	47	41827	<nil>
740	44	2	46	<nil>
740	137	97	234	<nil>
740	108	31	139	<nil>
740	165	68	233	<nil>
740	107	33	140	<nil>
740	89	30	119	<nil>
740	108	31	139	<nil>
740	58	4	62	<nil>
740	116	7	123	<nil>
740	152	82	234	<nil>
740	141	105	246	<nil>
740	141	105	246	<nil>
740	166	69	235	<nil>
740	106	8	114	<nil>
740	44	3	47	<nil>
740	15459	87	15546	<nil>
740	62	5	67	<nil>
740	111	2	113	<nil>
740	141	105	246	<nil>
740	75	5	80	<nil>
740	152	82	234	<nil>
740	150	82	232	<nil>
740	115	7	122	<nil>
740	106	1	107	<nil>
740	59	3	62	<nil>
740	15459	87	15546	<nil>
740	76	158	234	<nil>
740	62	160	222	<nil>
740	78	149	227	<nil>
740	63	164	227	<nil>
740	9280	170	9450	<nil>
740	123	171	294	<nil>
740	94	160	254	<nil>
740	113	159	272	<nil>
740	95	159	254	<nil>
740	94	160	254	<nil>
740	146	159	305	<nil>
740	138	161	299	<nil>
740	5946	160	6106	<nil>
740	251	6	257	<nil>
740	220	10	230	<nil>
740	219	10	229	<nil>
740	217	29	246	<nil>
740	218	29	247	<nil>
740	224	10	234	<nil>
740	233	12	245	<nil>
740	220	9	229	<nil>
740	217	8	225	<nil>
740	220	12	232	<nil>
740	230	38	268	<nil>
740	244	31	275	<nil>
740	203	32	235	<nil>
740	224	26	250	<nil>
740	2850	29	2879	<nil>
740	9485	32	9517	<nil>
740	261	33	294	<nil>
740	204	32	236	<nil>
740	219	34	253	<nil>
740	215	34	249	<nil>
740	217	35	252	<nil>
740	217	33	250	<nil>
740	220	30	250	<nil>
740	239	34	273	<nil>
740	170	49	219	<nil>
740	25106	49	25155	<nil>
740	246	48	294	<nil>
740	246	47	293	<nil>
740	219	49	268	<nil>
740	204	86	290	<nil>
740	173	85	258	<nil>
740	170	90	260	<nil>
740	204	91	295	<nil>
740	228	84	312	<nil>
740	2850	94	2944	<nil>
740	218	94	312	<nil>
740	2849	96	2945	<nil>
740	182	96	278	<nil>
740	10117	98	10215	<nil>
740	212	86	298	<nil>
740	180	85	265	<nil>
740	220	90	310	<nil>
740	177	94	271	<nil>
740	229	92	321	<nil>
740	177	94	271	<nil>
740	178	130	308	<nil>
740	176	132	308	<nil>
740	222	133	355	<nil>
740	2858	133	2991	<nil>
740	2860	131	2991	<nil>
740	177	134	311	<nil>
740	228	134	362	<nil>
740	8534	134	8668	<nil>
740	27212	139	27351	<nil>
740	176	135	311	<nil>
740	238	127	365	<nil>
740	2870	126	2996	<nil>
740	2863	133	2996	<nil>
740	15568	133	15701	<nil>
740	176	140	316	<nil>
740	176	140	316	<nil>
740	172	140	312	<nil>
740	224	140	364	<nil>
740	74	129	203	<nil>
740	78	128	206	<nil>
740	74	129	203	<nil>
740	67	116	183	<nil>
740	58	126	184	<nil>
740	40	131	171	<nil>
740	49	122	171	<nil>
740	35	137	172	<nil>
740	40	131	171	<nil>
740	70	102	172	<nil>
740	14446	76	14522	<nil>
740	79	93	172	<nil>
740	73	67	140	<nil>
740	72	68	140	<nil>
740	65	68	133	<nil>
740	75	68	143	<nil>
740	65	68	133	<nil>
740	59	67	126	<nil>
740	8537	67	8604	<nil>
740	65	67	132	<nil>
740	72	65	137	<nil>
740	115	22	137	<nil>
740	114	22	136	<nil>
740	73	64	137	<nil>
740	98	27	125	<nil>
740	2988	24	3012	<nil>
740	102	25	127	<nil>
740	15992	26	16018	<nil>
740	2988	25	3013	<nil>
740	102	26	128	<nil>
740	100	27	127	<nil>
740	89	38	127	<nil>
740	96	30	126	<nil>
740	101	29	130	<nil>
740	92	40	132	<nil>
740	95	31	126	<nil>
740	103	31	134	<nil>
740	101	31	132	<nil>
740	103	31	134	<nil>
740	101	32	133	<nil>
740	48	32	80	<nil>
740	52	32	84	<nil>
740	63	32	95	<nil>
740	64	32	96	<nil>
740	52	32	84	<nil>
740	76	33	109	<nil>
740	76	33	109	<nil>
740	41	31	72	<nil>
740	9563	32	9595	<nil>
740	47	32	79	<nil>
740	41	32	73	<nil>
740	33	34	67	<nil>
740	42	31	73	<nil>
740	70	32	102	<nil>
740	14060	32	14092	<nil>
740	42	32	74	<nil>
740	6491	0	6491	rpc error: code = Unavailable desc = transport is closing
740	10995	0	10995	rpc error: code = Unavailable desc = transport is closing
740	17954	0	17954	rpc error: code = Unavailable desc = transport is closing
740	9521	0	9521	rpc error: code = Unavailable desc = transport is closing
740	170	0	170	rpc error: code = Unavailable desc = transport is closing
740	5543	0	5543	rpc error: code = Unavailable desc = transport is closing
740	278	0	278	rpc error: code = Unavailable desc = transport is closing
740	8888	0	8888	rpc error: code = Unavailable desc = transport is closing
740	151	0	151	rpc error: code = Unavailable desc = transport is closing
740	10804	0	10804	rpc error: code = Unavailable desc = transport is closing
740	166	0	166	rpc error: code = Unavailable desc = transport is closing
740	273	0	273	rpc error: code = Unavailable desc = transport is closing
740	26961	0	26961	rpc error: code = Unavailable desc = transport is closing
740	6130	0	6130	rpc error: code = Unavailable desc = transport is closing
740	218	0	218	rpc error: code = Unavailable desc = transport is closing
740	226	0	226	rpc error: code = Unavailable desc = transport is closing
740	197	0	197	rpc error: code = Unavailable desc = transport is closing
740	238	0	238	rpc error: code = Unavailable desc = transport is closing
740	10118	0	10118	rpc error: code = Unavailable desc = transport is closing
740	15473	0	15473	rpc error: code = Unavailable desc = transport is closing
740	9694	0	9694	rpc error: code = Unavailable desc = transport is closing
740	11200	0	11200	rpc error: code = Unavailable desc = transport is closing
740	226	0	226	rpc error: code = Unavailable desc = transport is closing
740	275	0	275	rpc error: code = Unavailable desc = transport is closing
740	251	0	251	rpc error: code = Unavailable desc = transport is closing
740	46309	0	46309	rpc error: code = Unavailable desc = transport is closing
740	241	0	241	rpc error: code = Unavailable desc = transport is closing
740	218	0	218	rpc error: code = Unavailable desc = transport is closing
740	203	0	203	rpc error: code = Unavailable desc = transport is closing
740	289	0	289	rpc error: code = Unavailable desc = transport is closing
740	274	0	274	rpc error: code = Unavailable desc = transport is closing
740	116	0	116	rpc error: code = Unavailable desc = transport is closing
740	208	0	208	rpc error: code = Unavailable desc = transport is closing
740	15318	0	15318	rpc error: code = Unavailable desc = transport is closing
740	256	0	256	rpc error: code = Unavailable desc = transport is closing
740	313	0	313	rpc error: code = Unavailable desc = transport is closing
740	306	0	306	rpc error: code = Unavailable desc = transport is closing
740	300	0	300	rpc error: code = Unavailable desc = transport is closing
740	9725	0	9725	rpc error: code = Unavailable desc = transport is closing
740	283	0	283	rpc error: code = Unavailable desc = transport is closing
740	271	0	271	rpc error: code = Unavailable desc = transport is closing
740	9517	0	9517	rpc error: code = Unavailable desc = transport is closing
740	290	0	290	rpc error: code = Unavailable desc = transport is closing
740	6480	0	6480	rpc error: code = Unavailable desc = transport is closing
740	5528	0	5528	rpc error: code = Unavailable desc = transport is closing
740	285	0	285	rpc error: code = Unavailable desc = transport is closing
740	26711	0	26711	rpc error: code = Unavailable desc = transport is closing
740	10923	0	10923	rpc error: code = Unavailable desc = transport is closing
740	279	0	279	rpc error: code = Unavailable desc = transport is closing
740	288	0	288	rpc error: code = Unavailable desc = transport is closing
740	269	0	269	rpc error: code = Unavailable desc = transport is closing
740	217	0	217	rpc error: code = Unavailable desc = transport is closing
740	244	0	244	rpc error: code = Unavailable desc = transport is closing
740	5576	0	5576	rpc error: code = Unavailable desc = transport is closing
740	284	0	284	rpc error: code = Unavailable desc = transport is closing
740	275	0	275	rpc error: code = Unavailable desc = transport is closing
740	9732	0	9732	rpc error: code = Unavailable desc = transport is closing
740	328	0	328	rpc error: code = Unavailable desc = transport is closing
740	282	0	282	rpc error: code = Unavailable desc = transport is closing
740	282	0	282	rpc error: code = Unavailable desc = transport is closing
740	218	0	218	rpc error: code = Unavailable desc = transport is closing
740	325	0	325	rpc error: code = Unavailable desc = transport is closing
740	203	0	203	rpc error: code = Unavailable desc = transport is closing
740	311	0	311	rpc error: code = Unavailable desc = transport is closing
740	287	0	287	rpc error: code = Unavailable desc = transport is closing
740	6548	0	6548	rpc error: code = Unavailable desc = transport is closing
740	282	0	282	rpc error: code = Unavailable desc = transport is closing
740	323	0	323	rpc error: code = Unavailable desc = transport is closing
740	276	0	276	rpc error: code = Unavailable desc = transport is closing
740	252	0	252	rpc error: code = Unavailable desc = transport is closing
740	328	0	328	rpc error: code = Unavailable desc = transport is closing
740	255	0	255	rpc error: code = Unavailable desc = transport is closing
740	11063	0	11063	rpc error: code = Unavailable desc = transport is closing
740	292	0	292	rpc error: code = Unavailable desc = transport is closing
740	331	0	331	rpc error: code = Unavailable desc = transport is closing
740	333	0	333	rpc error: code = Unavailable desc = transport is closing
740	282	0	282	rpc error: code = Unavailable desc = transport is closing
740	277	0	277	rpc error: code = Unavailable desc = transport is closing
740	6565	0	6565	rpc error: code = Unavailable desc = transport is closing
740	254	0	254	rpc error: code = Unavailable desc = transport is closing
740	280	0	280	rpc error: code = Unavailable desc = transport is closing
740	328	0	328	rpc error: code = Unavailable desc = transport is closing
740	309	0	309	rpc error: code = Unavailable desc = transport is closing
740	281	0	281	rpc error: code = Unavailable desc = transport is closing
740	5645	0	5645	rpc error: code = Unavailable desc = transport is closing
740	274	0	274	rpc error: code = Unavailable desc = transport is closing
740	252	0	252	rpc error: code = Unavailable desc = transport is closing
740	285	0	285	rpc error: code = Unavailable desc = transport is closing
740	283	0	283	rpc error: code = Unavailable desc = transport is closing
740	249	0	249	rpc error: code = Unavailable desc = transport is closing
740	286	0	286	rpc error: code = Unavailable desc = transport is closing
740	249	0	249	rpc error: code = Unavailable desc = transport is closing
740	300	0	300	rpc error: code = Unavailable desc = transport is closing
740	6486	0	6486	rpc error: code = Unavailable desc = transport is closing
740	9536	0	9536	rpc error: code = Unavailable desc = transport is closing
740	244	0	244	rpc error: code = Unavailable desc = transport is closing
740	277	0	277	rpc error: code = Unavailable desc = transport is closing
740	15348	0	15348	rpc error: code = Unavailable desc = transport is closing
740	271	0	271	rpc error: code = Unavailable desc = transport is closing
740	252	0	252	rpc error: code = Unavailable desc = transport is closing
740	251	0	251	rpc error: code = Unavailable desc = transport is closing
740	273	0	273	rpc error: code = Unavailable desc = transport is closing
740	302	0	302	rpc error: code = Unavailable desc = transport is closing
740	337	0	337	rpc error: code = Unavailable desc = transport is closing
740	254	0	254	rpc error: code = Unavailable desc = transport is closing
740	278	0	278	rpc error: code = Unavailable desc = transport is closing
740	9722	0	9722	rpc error: code = Unavailable desc = transport is closing
740	6103	0	6103	rpc error: code = Unavailable desc = transport is closing
740	272	0	272	rpc error: code = Unavailable desc = transport is closing
740	11215	0	11215	rpc error: code = Unavailable desc = transport is closing
740	260	0	260	rpc error: code = Unavailable desc = transport is closing
740	283	0	283	rpc error: code = Unavailable desc = transport is closing
740	332	0	332	rpc error: code = Unavailable desc = transport is closing
740	9500	0	9500	rpc error: code = Unavailable desc = transport is closing
740	286	0	286	rpc error: code = Unavailable desc = transport is closing
740	337	0	337	rpc error: code = Unavailable desc = transport is closing
740	9598	0	9598	rpc error: code = Unavailable desc = transport is closing
740	278	0	278	rpc error: code = Unavailable desc = transport is closing
740	285	0	285	rpc error: code = Unavailable desc = transport is closing
740	76369	0	76369	rpc error: code = Unavailable desc = transport is closing
740	266	0	266	rpc error: code = Unavailable desc = transport is closing
740	330	0	330	rpc error: code = Unavailable desc = transport is closing
740	328	0	328	rpc error: code = Unavailable desc = transport is closing
740	285	0	285	rpc error: code = Unavailable desc = transport is closing
740	304	0	304	rpc error: code = Unavailable desc = transport is closing
740	275	0	275	rpc error: code = Unavailable desc = transport is closing
740	285	0	285	rpc error: code = Unavailable desc = transport is closing
740	306	0	306	rpc error: code = Unavailable desc = transport is closing
740	287	0	287	rpc error: code = Unavailable desc = transport is closing
740	254	0	254	rpc error: code = Unavailable desc = transport is closing
740	261	0	261	rpc error: code = Unavailable desc = transport is closing
740	287	0	287	rpc error: code = Unavailable desc = transport is closing
740	274	0	274	rpc error: code = Unavailable desc = transport is closing
740	9781	0	9781	rpc error: code = Unavailable desc = transport is closing
740	251	0	251	rpc error: code = Unavailable desc = transport is closing
740	10901	0	10901	rpc error: code = Unavailable desc = transport is closing
740	286	0	286	rpc error: code = Unavailable desc = transport is closing
740	300	0	300	rpc error: code = Unavailable desc = transport is closing
740	285	0	285	rpc error: code = Unavailable desc = transport is closing
740	284	0	284	rpc error: code = Unavailable desc = transport is closing
740	277	0	277	rpc error: code = Unavailable desc = transport is closing
740	271	0	271	rpc error: code = Unavailable desc = transport is closing
740	306	0	306	rpc error: code = Unavailable desc = transport is closing
740	331	0	331	rpc error: code = Unavailable desc = transport is closing
740	276	0	276	rpc error: code = Unavailable desc = transport is closing
740	10645	0	10645	rpc error: code = Unavailable desc = transport is closing
740	9504	0	9504	rpc error: code = Unavailable desc = transport is closing
740	6459	0	6459	rpc error: code = Unavailable desc = transport is closing
740	6458	0	6458	rpc error: code = Unavailable desc = transport is closing
740	6463	0	6463	rpc error: code = Unavailable desc = transport is closing
740	6467	0	6467	rpc error: code = Unavailable desc = transport is closing
740	6498	0	6498	rpc error: code = Unavailable desc = transport is closing
740	6464	0	6464	rpc error: code = Unavailable desc = transport is closing
740	118719	0	118719	rpc error: code = Unavailable desc = transport is closing
740	8882	0	8882	rpc error: code = Unavailable desc = transport is closing
740	221	0	221	rpc error: code = Unavailable desc = transport is closing
740	6474	0	6474	rpc error: code = Unavailable desc = transport is closing
740	10390	0	10390	rpc error: code = Unavailable desc = transport is closing
740	189566	0	189566	rpc error: code = Unavailable desc = transport is closing
740	10969	0	10969	rpc error: code = Unavailable desc = transport is closing
740	645	281	926	<nil>
740	693	251	944	<nil>
740	623	281	904	<nil>
740	691	273	964	<nil>
740	724	230	954	<nil>
740	721	230	951	<nil>
740	704	250	954	<nil>
740	697	250	947	<nil>
740	732	222	954	<nil>
740	721	230	951	<nil>
740	705	250	955	<nil>
740	804	164	968	<nil>
740	10486	0	10486	rpc error: code = Unavailable desc = transport is closing
740	851	0	851	rpc error: code = Unavailable desc = transport is closing
740	283	50	333	<nil>
740	1318	73	1391	<nil>
740	1302	87	1389	<nil>
740	308	70	378	<nil>
740	15475	68	15543	<nil>
740	291	87	378	<nil>
740	307	72	379	<nil>
740	310	67	377	<nil>
740	267	65	332	<nil>
740	292	87	379	<nil>
740	328	7	335	<nil>
740	169	2	171	<nil>
740	327	11	338	<nil>
740	327	8	335	<nil>
740	15544	8	15552	<nil>
740	175	2	177	<nil>
740	325	9	334	<nil>
740	874	0	874	rpc error: code = Unavailable desc = transport is closing
740	325	9	334	<nil>
740	275	85	360	<nil>
740	861	0	861	rpc error: code = Unavailable desc = transport is closing
740	320	15	335	<nil>
740	884	0	884	rpc error: code = Unavailable desc = transport is closing
740	170	14	184	<nil>
740	290	108	398	<nil>
740	284	88	372	<nil>
740	885	0	885	rpc error: code = Unavailable desc = transport is closing
740	332	23	355	<nil>
740	883	0	883	rpc error: code = Unavailable desc = transport is closing
740	1198	16	1214	<nil>
740	15379	0	15379	rpc error: code = Unavailable desc = transport is closing
740	1321	91	1412	<nil>
740	289	72	361	<nil>
740	319	91	410	<nil>
740	282	67	349	<nil>
740	18283	15	18298	<nil>
740	170	15	185	<nil>
740	170	15	185	<nil>
740	883	0	883	rpc error: code = Unavailable desc = transport is closing
740	875	0	875	rpc error: code = Unavailable desc = transport is closing
740	865	0	865	rpc error: code = Unavailable desc = transport is closing
740	874	0	874	rpc error: code = Unavailable desc = transport is closing
740	850	0	850	rpc error: code = Unavailable desc = transport is closing
740	880	0	880	rpc error: code = Unavailable desc = transport is closing
740	1843	0	1843	rpc error: code = Unavailable desc = transport is closing
740	295	115	410	<nil>
740	903	120	1023	<nil>
740	289	116	405	<nil>
740	16938	117	17055	<nil>
740	880	0	880	rpc error: code = Unavailable desc = transport is closing
740	293	116	409	<nil>
740	892	132	1024	<nil>
740	880	0	880	rpc error: code = Unavailable desc = transport is closing
740	894	0	894	rpc error: code = Unavailable desc = transport is closing
740	883	0	883	rpc error: code = Unavailable desc = transport is closing
740	879	0	879	rpc error: code = Unavailable desc = transport is closing
740	1856	153	2009	<nil>
740	291	121	412	<nil>
740	310	105	415	<nil>
740	883	0	883	rpc error: code = Unavailable desc = transport is closing
740	884	0	884	rpc error: code = Unavailable desc = transport is closing
740	1841	0	1841	rpc error: code = Unavailable desc = transport is closing
740	169	37	206	<nil>
740	276	127	403	<nil>
740	16955	164	17119	<nil>
740	332	165	497	<nil>
740	352	97	449	<nil>
740	349	97	446	<nil>
740	353	96	449	<nil>
740	9438	206	9644	<nil>
740	1324	219	1543	<nil>
740	307	225	532	<nil>
740	310	222	532	<nil>
740	294	242	536	<nil>
740	286	220	506	<nil>
740	337	126	463	<nil>
740	320	225	545	<nil>
740	278	222	500	<nil>
740	311	225	536	<nil>
740	1326	220	1546	<nil>
740	285	205	490	<nil>
740	300	205	505	<nil>
740	1324	222	1546	<nil>
740	288	215	503	<nil>
740	307	239	546	<nil>
740	282	216	498	<nil>
740	276	221	497	<nil>
740	1317	241	1558	<nil>
740	1320	241	1561	<nil>
740	283	218	501	<nil>
740	287	217	504	<nil>
740	353	142	495	<nil>
740	8247	179	8426	<nil>
740	357	172	529	<nil>
740	372	175	547	<nil>
740	14558	177	14735	<nil>
740	1387	176	1563	<nil>
740	328	230	558	<nil>
740	319	230	549	<nil>
740	9615	230	9845	<nil>
740	329	231	560	<nil>
740	324	230	554	<nil>
740	321	231	552	<nil>
740	328	231	559	<nil>
740	321	231	552	<nil>
740	325	263	588	<nil>
740	171	252	423	<nil>
740	1182	147	1329	<nil>
740	9688	252	9940	<nil>
740	1198	131	1329	<nil>
740	133	147	280	<nil>
740	1191	139	1330	<nil>
740	341	267	608	<nil>
740	331	109	440	<nil>
740	328	270	598	<nil>
740	265	93	358	<nil>
740	506	97	603	<nil>
740	323	273	596	<nil>
740	244	34	278	<nil>
740	382	59	441	<nil>
740	251	32	283	<nil>
740	251	35	286	<nil>
740	280	88	368	<nil>
740	381	60	441	<nil>
740	309	61	370	<nil>
740	296	40	336	<nil>
740	78	8	86	<nil>
740	242	31	273	<nil>
740	335	273	608	<nil>
740	215	59	274	<nil>
740	124	15	139	<nil>
740	113	11	124	<nil>
740	9625	276	9901	<nil>
740	274	95	369	<nil>
740	238	26	264	<nil>
740	8562	16	8578	<nil>
740	229	25	254	<nil>
740	8522	26	8548	<nil>
740	1232	62	1294	<nil>
740	244	19	263	<nil>
740	1291	67	1358	<nil>
740	210	59	269	<nil>
740	9622	65	9687	<nil>
740	216	66	282	<nil>
740	1267	27	1294	<nil>
740	249	34	283	<nil>
740	1257	38	1295	<nil>
740	9833	35	9868	<nil>
740	250	35	285	<nil>
740	247	37	284	<nil>
740	308	58	366	<nil>
740	235	37	272	<nil>
740	178	3	181	<nil>
740	284	59	343	<nil>
740	180	2	182	<nil>
740	127	1	128	<nil>
740	1270	41	1311	<nil>
740	134	2	136	<nil>
740	74	1	75	<nil>
740	268	5	273	<nil>
740	1293	12	1305	<nil>
740	248	31	279	<nil>
740	15839	7	15846	<nil>
740	244	31	275	<nil>
740	243	31	274	<nil>
740	15841	6	15847	<nil>
740	248	31	279	<nil>
740	120	17	137	<nil>
740	1268	31	1299	<nil>
740	329	310	639	<nil>
740	1282	15	1297	<nil>
740	248	31	279	<nil>
740	225	31	256	<nil>
740	244	31	275	<nil>
740	122	16	138	<nil>
740	263	16	279	<nil>
740	242	32	274	<nil>
740	1268	31	1299	<nil>
740	240	31	271	<nil>
740	1269	40	1309	<nil>
740	239	41	280	<nil>
740	17390	5	17395	<nil>
740	231	41	272	<nil>
740	1266	41	1307	<nil>
740	240	41	281	<nil>
740	248	33	281	<nil>
740	230	41	271	<nil>
740	225	35	260	<nil>
740	228	35	263	<nil>
740	10884	34	10918	<nil>
740	46920	16	46936	<nil>
740	244	36	280	<nil>
740	1274	31	1305	<nil>
740	248	13	261	<nil>
740	74	1	75	<nil>
740	254	93	347	<nil>
740	130	2	132	<nil>
740	130	1	131	<nil>
740	87	4	91	<nil>
740	171	14	185	<nil>
740	130	9	139	<nil>
740	121	16	137	<nil>
740	1295	16	1311	<nil>
740	122	14	136	<nil>
740	75	8	83	<nil>
740	164	16	180	<nil>
740	186	14	200	<nil>
740	8558	12	8570	<nil>
740	77	9	86	<nil>
740	8552	14	8566	<nil>
740	123	15	138	<nil>
740	288	79	367	<nil>
740	15984	15	15999	<nil>
740	78	9	87	<nil>
740	8562	2	8564	<nil>
740	73	10	83	<nil>
740	293	11	304	<nil>
740	275	94	369	<nil>
740	74	9	83	<nil>
740	150	14	164	<nil>
740	251	93	344	<nil>
740	8556	9	8565	<nil>
740	512	94	606	<nil>
740	1264	35	1299	<nil>
740	265	8	273	<nil>
740	247	32	279	<nil>
740	243	32	275	<nil>
740	9916	7	9923	<nil>
740	249	32	281	<nil>
740	289	0	289	<nil>
740	742	37	779	<nil>
740	744	36	780	<nil>
740	701	26	727	<nil>
740	726	13	739	<nil>
740	9266	36	9302	<nil>
740	698	29	727	<nil>
740	731	15	746	<nil>
740	735	48	783	<nil>
740	746	37	783	<nil>
740	742	19	761	<nil>
740	700	30	730	<nil>
740	689	42	731	<nil>
740	718	12	730	<nil>
740	694	33	727	<nil>
740	691	41	732	<nil>
740	730	7	737	<nil>
740	739	7	746	<nil>
740	734	54	788	<nil>
740	728	13	741	<nil>
740	729	12	741	<nil>
740	719	26	745	<nil>
740	726	12	738	<nil>
740	719	30	749	<nil>
740	725	24	749	<nil>
740	729	23	752	<nil>
740	731	12	743	<nil>
740	767	24	791	<nil>
740	725	18	743	<nil>
740	744	39	783	<nil>
740	733	14	747	<nil>
740	774	15	789	<nil>
740	725	23	748	<nil>
740	736	15	751	<nil>
740	773	19	792	<nil>
740	740	21	761	<nil>
740	743	21	764	<nil>
740	700	27	727	<nil>
740	742	22	764	<nil>
740	740	27	767	<nil>
740	746	24	770	<nil>
740	742	27	769	<nil>
740	746	36	782	<nil>
740	749	63	812	<nil>
740	743	68	811	<nil>
740	753	70	823	<nil>
740	9323	85	9408	<nil>
740	16244	79	16323	<nil>
740	745	94	839	<nil>
740	9322	86	9408	<nil>
740	774	85	859	<nil>
740	759	93	852	<nil>
740	765	88	853	<nil>
740	745	103	848	<nil>
740	749	91	840	<nil>
740	763	90	853	<nil>
740	763	87	850	<nil>
740	747	104	851	<nil>
740	43035	106	43141	<nil>
740	755	94	849	<nil>
740	742	107	849	<nil>
740	755	96	851	<nil>
740	811	90	901	<nil>
740	745	93	838	<nil>
740	754	97	851	<nil>
740	9337	89	9426	<nil>
740	745	93	838	<nil>
740	747	107	854	<nil>
740	751	98	849	<nil>
740	756	96	852	<nil>
740	764	90	854	<nil>
740	764	90	854	<nil>
740	764	89	853	<nil>
740	765	89	854	<nil>
740	757	92	849	<nil>
740	16157	97	16254	<nil>
740	743	110	853	<nil>
740	754	99	853	<nil>
740	753	100	853	<nil>
740	745	111	856	<nil>
740	745	109	854	<nil>
740	756	98	854	<nil>
740	779	98	877	<nil>
740	757	96	853	<nil>
740	774	101	875	<nil>
740	757	96	853	<nil>
740	26604	100	26704	<nil>
740	745	114	859	<nil>
740	745	118	863	<nil>
740	768	177	945	<nil>
740	759	194	953	<nil>
740	758	198	956	<nil>
740	16156	202	16358	<nil>
740	763	195	958	<nil>
740	778	178	956	<nil>
740	10463	199	10662	<nil>
740	759	198	957	<nil>
740	769	191	960	<nil>
740	197	30	227	<nil>
740	1218	30	1248	<nil>
740	16621	209	16830	<nil>
740	16162	211	16373	<nil>
740	5270	37	5307	<nil>
740	1236	10	1246	<nil>
740	1221	30	1251	<nil>
740	3264	14	3278	<nil>
740	16829	11	16840	<nil>
740	1219	30	1249	<nil>
740	215	33	248	<nil>
740	16189	197	16386	<nil>
740	221	14	235	<nil>
740	194	15	209	<nil>
740	16758	217	16975	<nil>
740	194	16	210	<nil>
740	3133	18	3151	<nil>
740	201	22	223	<nil>
740	1242	16	1258	<nil>
740	192	29	221	<nil>
740	228	18	246	<nil>
740	3136	20	3156	<nil>
740	200	20	220	<nil>
740	3262	24	3286	<nil>
740	203	22	225	<nil>
740	194	20	214	<nil>
740	225	22	247	<nil>
740	232	22	254	<nil>
740	226	27	253	<nil>
740	193	39	232	<nil>
740	218	23	241	<nil>
740	3264	18	3282	<nil>
740	153	30	183	<nil>
740	194	28	222	<nil>
740	203	28	231	<nil>
740	137	28	165	<nil>
740	1150	24	1174	<nil>
740	193	35	228	<nil>
740	242	9	251	<nil>
740	3265	32	3297	<nil>
740	193	28	221	<nil>
740	162	9	171	<nil>
740	152	20	172	<nil>
740	161	13	174	<nil>
740	1241	56	1297	<nil>
740	150	26	176	<nil>
740	161	14	175	<nil>
740	145	41	186	<nil>
740	161	10	171	<nil>
740	1243	24	1267	<nil>
740	869	0	869	rpc error: code = Unavailable desc = transport is closing
740	149	23	172	<nil>
740	217	44	261	<nil>
740	1166	17	1183	<nil>
740	15716	41	15757	<nil>
740	888	0	888	rpc error: code = Unavailable desc = transport is closing
740	3263	30	3293	<nil>
740	208	61	269	<nil>
740	1841	0	1841	rpc error: code = Unavailable desc = transport is closing
740	1854	0	1854	rpc error: code = Unavailable desc = transport is closing
740	1245	54	1299	<nil>
740	196	24	220	<nil>
740	9575	34	9609	<nil>
740	163	13	176	<nil>
740	308	0	308	rpc error: code = Unavailable desc = transport is closing
740	219	37	256	<nil>
740	160	21	181	<nil>
740	3296	37	3333	<nil>
740	161	15	176	<nil>
740	3292	42	3334	<nil>
740	1854	0	1854	rpc error: code = Unavailable desc = transport is closing
740	2937	36	2973	<nil>
740	287	0	287	rpc error: code = Unavailable desc = transport is closing
740	889	0	889	rpc error: code = Unavailable desc = transport is closing
740	890	0	890	rpc error: code = Unavailable desc = transport is closing
740	178	17	195	<nil>
740	890	0	890	rpc error: code = Unavailable desc = transport is closing
740	9417	0	9417	rpc error: code = Unavailable desc = transport is closing
740	209	19	228	<nil>
740	152	35	187	<nil>
740	874	0	874	rpc error: code = Unavailable desc = transport is closing
740	2953	19	2972	<nil>
740	156	39	195	<nil>
740	3290	44	3334	<nil>
740	150	39	189	<nil>
740	159	20	179	<nil>
740	1380	0	1380	rpc error: code = Unavailable desc = transport is closing
740	175	22	197	<nil>
740	898	0	898	rpc error: code = Unavailable desc = transport is closing
740	1164	25	1189	<nil>
740	162	23	185	<nil>
740	9570	0	9570	rpc error: code = Unavailable desc = transport is closing
740	160	26	186	<nil>
740	172	15	187	<nil>
740	278	0	278	rpc error: code = Unavailable desc = transport is closing
740	10536	0	10536	rpc error: code = Unavailable desc = transport is closing
740	166	29	195	<nil>
740	160	27	187	<nil>
740	1868	0	1868	rpc error: code = Unavailable desc = transport is closing
740	864	0	864	rpc error: code = Unavailable desc = transport is closing
740	155	35	190	<nil>
740	887	0	887	rpc error: code = Unavailable desc = transport is closing
740	167	29	196	<nil>
740	914	0	914	rpc error: code = Unavailable desc = transport is closing
740	162	27	189	<nil>
740	307	0	307	rpc error: code = Unavailable desc = transport is closing
740	1319	0	1319	rpc error: code = Unavailable desc = transport is closing
740	144	46	190	<nil>
740	182	19	201	<nil>
740	162	29	191	<nil>
740	1160	30	1190	<nil>
740	134	31	165	<nil>
740	161	31	192	<nil>
740	163	30	193	<nil>
740	311	0	311	rpc error: code = Unavailable desc = transport is closing
740	870	0	870	rpc error: code = Unavailable desc = transport is closing
740	886	0	886	rpc error: code = Unavailable desc = transport is closing
740	862	0	862	rpc error: code = Unavailable desc = transport is closing
740	887	0	887	rpc error: code = Unavailable desc = transport is closing
740	892	0	892	rpc error: code = Unavailable desc = transport is closing
740	892	0	892	rpc error: code = Unavailable desc = transport is closing
740	898	0	898	rpc error: code = Unavailable desc = transport is closing
740	874	0	874	rpc error: code = Unavailable desc = transport is closing
740	880	0	880	rpc error: code = Unavailable desc = transport is closing
740	1842	0	1842	rpc error: code = Unavailable desc = transport is closing
740	892	0	892	rpc error: code = Unavailable desc = transport is closing
740	880	0	880	rpc error: code = Unavailable desc = transport is closing
740	1844	0	1844	rpc error: code = Unavailable desc = transport is closing
740	863	0	863	rpc error: code = Unavailable desc = transport is closing
740	888	0	888	rpc error: code = Unavailable desc = transport is closing
740	889	0	889	rpc error: code = Unavailable desc = transport is closing
740	880	0	880	rpc error: code = Unavailable desc = transport is closing
740	1443	0	1443	rpc error: code = Unavailable desc = transport is closing
740	862	0	862	rpc error: code = Unavailable desc = transport is closing
740	893	0	893	rpc error: code = Unavailable desc = transport is closing
740	887	0	887	rpc error: code = Unavailable desc = transport is closing
740	1322	0	1322	rpc error: code = Unavailable desc = transport is closing
740	867	0	867	rpc error: code = Unavailable desc = transport is closing
740	9578	0	9578	rpc error: code = Unavailable desc = transport is closing
740	9385	0	9385	rpc error: code = Unavailable desc = transport is closing
740	292	0	292	rpc error: code = Unavailable desc = transport is closing
740	1300	0	1300	rpc error: code = Unavailable desc = transport is closing
740	1853	0	1853	rpc error: code = Unavailable desc = transport is closing
740	743	0	743	rpc error: code = Unavailable desc = transport is closing
740	741	0	741	rpc error: code = Unavailable desc = transport is closing
740	758	0	758	rpc error: code = Unavailable desc = transport is closing
740	762	0	762	rpc error: code = Unavailable desc = transport is closing
740	292	0	292	rpc error: code = Unavailable desc = transport is closing
740	761	0	761	rpc error: code = Unavailable desc = transport is closing
740	1369	62	1431	<nil>
740	3313	0	3313	rpc error: code = Unavailable desc = transport is closing
740	748	0	748	rpc error: code = Unavailable desc = transport is closing
740	3496	89	3585	<nil>
740	899	0	899	rpc error: code = Unavailable desc = transport is closing
740	421	64	485	<nil>
740	375	68	443	<nil>
740	1457	62	1519	<nil>
740	393	64	457	<nil>
740	9962	0	9962	rpc error: code = Unavailable desc = transport is closing
740	1422	78	1500	<nil>
740	1890	0	1890	rpc error: code = Unavailable desc = transport is closing
740	9526	0	9526	rpc error: code = Unavailable desc = transport is closing
740	289	0	289	rpc error: code = Unavailable desc = transport is closing
740	425	0	425	rpc error: code = Unavailable desc = transport is closing
740	292	0	292	rpc error: code = Unavailable desc = transport is closing
740	3675	0	3675	rpc error: code = Unavailable desc = transport is closing
740	338	0	338	rpc error: code = Unavailable desc = transport is closing
740	901	0	901	rpc error: code = Unavailable desc = transport is closing
740	341	0	341	rpc error: code = Unavailable desc = transport is closing
740	392	0	392	rpc error: code = Unavailable desc = transport is closing
740	429	0	429	rpc error: code = Unavailable desc = transport is closing
740	366	0	366	rpc error: code = Unavailable desc = transport is closing
740	433	41	474	<nil>
740	1423	68	1491	<nil>
740	367	50	417	<nil>
740	3638	89	3727	<nil>
740	338	0	338	rpc error: code = Unavailable desc = transport is closing
740	403	57	460	<nil>
740	8204	0	8204	rpc error: code = Unavailable desc = transport is closing
740	286	0	286	rpc error: code = Unavailable desc = transport is closing
740	299	0	299	rpc error: code = Unavailable desc = transport is closing
740	293	0	293	rpc error: code = Unavailable desc = transport is closing
740	299	0	299	rpc error: code = Unavailable desc = transport is closing
740	322	0	322	rpc error: code = Unavailable desc = transport is closing
740	744	0	744	rpc error: code = Unavailable desc = transport is closing
740	1324	0	1324	rpc error: code = Unavailable desc = transport is closing
740	277	0	277	rpc error: code = Unavailable desc = transport is closing
740	3470	64	3534	<nil>
740	384	66	450	<nil>
740	1457	61	1518	<nil>
740	18454	72	18526	<nil>
740	378	62	440	<nil>
740	438	0	438	rpc error: code = Unavailable desc = transport is closing
740	3709	68	3777	<nil>
740	5748	71	5819	<nil>
740	3582	65	3647	<nil>
740	339	0	339	rpc error: code = Unavailable desc = transport is closing
740	292	0	292	rpc error: code = Unavailable desc = transport is closing
740	3304	62	3366	<nil>
740	1398	64	1462	<nil>
740	3716	67	3783	<nil>
740	457	70	527	<nil>
740	1410	51	1461	<nil>
740	3716	66	3782	<nil>
740	3356	66	3422	<nil>
740	381	67	448	<nil>
740	437	66	503	<nil>
740	467	68	535	<nil>
740	1423	67	1490	<nil>
740	378	69	447	<nil>
740	1423	66	1489	<nil>
740	293	0	293	rpc error: code = Unavailable desc = transport is closing
740	14674	0	14674	rpc error: code = Unavailable desc = transport is closing
740	1872	0	1872	rpc error: code = Unavailable desc = transport is closing
740	410	45	455	<nil>
740	3153	0	3153	rpc error: code = Unavailable desc = transport is closing
740	419	46	465	<nil>
740	3745	47	3792	<nil>
740	3624	42	3666	<nil>
740	440	16	456	<nil>
740	415	41	456	<nil>
740	3680	0	3680	rpc error: code = Unavailable desc = transport is closing
740	16582	78	16660	<nil>
740	396	77	473	<nil>
740	409	82	491	<nil>
740	431	28	459	<nil>
740	3635	27	3662	<nil>
740	5794	42	5836	<nil>
740	436	35	471	<nil>
740	445	53	498	<nil>
740	287	0	287	rpc error: code = Unavailable desc = transport is closing
740	10056	23	10079	<nil>
740	1453	56	1509	<nil>
740	27337	48	27385	<nil>
740	3747	47	3794	<nil>
740	3750	201	3951	<nil>
740	410	243	653	<nil>
740	417	241	658	<nil>
740	432	244	676	<nil>
740	3745	264	4009	<nil>
740	691	0	691	rpc error: code = Unavailable desc = transport is closing
740	691	0	691	rpc error: code = Unavailable desc = transport is closing
740	696	0	696	rpc error: code = Unavailable desc = transport is closing
740	749	0	749	rpc error: code = Unavailable desc = transport is closing
740	691	0	691	rpc error: code = Unavailable desc = transport is closing
740	746	0	746	rpc error: code = Unavailable desc = transport is closing
740	411	268	679	<nil>
740	329	0	329	rpc error: code = Unavailable desc = transport is closing
740	733	0	733	rpc error: code = Unavailable desc = transport is closing
740	325	237	562	<nil>
740	727	0	727	rpc error: code = Unavailable desc = transport is closing
740	461	238	699	<nil>
740	464	250	714	<nil>
740	725	0	725	rpc error: code = Unavailable desc = transport is closing
740	1453	266	1719	<nil>
740	3791	261	4052	<nil>
740	10060	279	10339	<nil>
740	10077	264	10341	<nil>
740	743	0	743	rpc error: code = Unavailable desc = transport is closing
740	178	0	178	rpc error: code = Unavailable desc = transport is closing
740	715	0	715	rpc error: code = Unavailable desc = transport is closing
740	729	0	729	rpc error: code = Unavailable desc = transport is closing
740	423	268	691	<nil>
740	704	0	704	rpc error: code = Unavailable desc = transport is closing
740	442	237	679	<nil>
740	1453	267	1720	<nil>
740	753	0	753	rpc error: code = Unavailable desc = transport is closing
740	417	267	684	<nil>
740	729	0	729	rpc error: code = Unavailable desc = transport is closing
740	427	273	700	<nil>
740	9573	0	9573	rpc error: code = Unavailable desc = transport is closing
740	283	0	283	rpc error: code = Unavailable desc = transport is closing
740	15498	0	15498	rpc error: code = Unavailable desc = transport is closing
740	234	0	234	rpc error: code = Unavailable desc = transport is closing
740	409	279	688	<nil>
740	248	0	248	rpc error: code = Unavailable desc = transport is closing
740	327	0	327	rpc error: code = Unavailable desc = transport is closing
740	167	217	384	<nil>
740	410	278	688	<nil>
740	12708	0	12708	rpc error: code = Unavailable desc = transport is closing
740	1481	249	1730	<nil>
740	474	227	701	<nil>
740	80	2	82	<nil>
740	408	278	686	<nil>
740	410	278	688	<nil>
740	243	0	243	rpc error: code = Unavailable desc = transport is closing
740	87	2	89	<nil>
740	353	0	353	rpc error: code = Unavailable desc = transport is closing
740	3613	278	3891	<nil>
740	3747	279	4026	<nil>
740	408	278	686	<nil>
740	3390	277	3667	<nil>
740	283	0	283	rpc error: code = Unavailable desc = transport is closing
740	415	272	687	<nil>
740	474	226	700	<nil>
740	340	0	340	rpc error: code = Unavailable desc = transport is closing
740	249	0	249	rpc error: code = Unavailable desc = transport is closing
740	1452	280	1732	<nil>
740	460	232	692	<nil>
740	276	0	276	rpc error: code = Unavailable desc = transport is closing
740	703	0	703	rpc error: code = Unavailable desc = transport is closing
740	462	225	687	<nil>
740	464	239	703	<nil>
740	461	245	706	<nil>
740	705	0	705	rpc error: code = Unavailable desc = transport is closing
740	453	241	694	<nil>
740	1498	239	1737	<nil>
740	462	255	717	<nil>
740	444	259	703	<nil>
740	463	241	704	<nil>
740	473	250	723	<nil>
740	239	0	239	rpc error: code = Unavailable desc = transport is closing
740	465	241	706	<nil>
740	443	245	688	<nil>
740	456	256	712	<nil>
740	452	263	715	<nil>
740	181	0	181	rpc error: code = Unavailable desc = transport is closing
740	464	255	719	<nil>
740	422	268	690	<nil>
740	447	275	722	<nil>
740	3791	267	4058	<nil>
740	24561	273	24834	<nil>
740	463	257	720	<nil>
740	453	273	726	<nil>
740	1498	234	1732	<nil>
740	472	262	734	<nil>
740	430	264	694	<nil>
740	445	278	723	<nil>
740	760	0	760	rpc error: code = Unavailable desc = transport is closing
740	242	125	367	<nil>
740	440	282	722	<nil>
740	450	0	450	rpc error: code = Unavailable desc = transport is closing
740	264	112	376	<nil>
740	121	305	426	<nil>
740	239	0	239	rpc error: code = Unavailable desc = transport is closing
740	81	2	83	<nil>
740	320	0	320	rpc error: code = Unavailable desc = transport is closing
740	87	2	89	<nil>
740	421	276	697	<nil>
740	17298	0	17298	<nil>
740	265	0	265	rpc error: code = Unavailable desc = transport is closing
740	443	277	720	<nil>
740	438	322	760	<nil>
740	516	0	516	rpc error: code = Unavailable desc = transport is closing
740	281	16	297	<nil>
740	92	3	95	<nil>
740	307	2	309	<nil>
740	301	2	303	<nil>
740	448	316	764	<nil>
740	16645	1	16646	<nil>
740	301	3	304	<nil>
740	96	2	98	<nil>
740	291	22	313	<nil>
740	260	22	282	<nil>
740	461	279	740	<nil>
740	289	23	312	<nil>
740	217	8	225	<nil>
740	303	3	306	<nil>
740	310	1	311	<nil>
740	309	2	311	<nil>
740	313	3	316	<nil>
740	272	5	277	<nil>
740	277	5	282	<nil>
740	307	1	308	<nil>
740	463	246	709	<nil>
740	451	270	721	<nil>
740	260	129	389	<nil>
740	284	128	412	<nil>
740	442	451	893	<nil>
740	233	0	233	rpc error: code = Unavailable desc = transport is closing
740	1352	0	1352	rpc error: code = Unavailable desc = transport is closing
740	130	294	424	<nil>
740	323	0	323	rpc error: code = Unavailable desc = transport is closing
740	224	237	461	<nil>
740	226	216	442	<nil>
740	42086	236	42322	<nil>
740	10291	228	10519	<nil>
740	254	126	380	<nil>
740	291	178	469	<nil>
740	305	2	307	<nil>
740	93	3	96	<nil>
740	484	257	741	<nil>
740	1418	0	1418	rpc error: code = Unavailable desc = transport is closing
740	258	24	282	<nil>
740	302	10	312	<nil>
740	286	24	310	<nil>
740	282	30	312	<nil>
740	223	215	438	<nil>
740	228	226	454	<nil>
740	230	184	414	<nil>
740	230	222	452	<nil>
740	442	453	895	<nil>
740	289	127	416	<nil>
740	241	193	434	<nil>
740	257	129	386	<nil>
740	1336	0	1336	rpc error: code = Unavailable desc = transport is closing
740	16889	213	17102	<nil>
740	217	217	434	<nil>
740	247	190	437	<nil>
740	443	453	896	<nil>
740	247	181	428	<nil>
740	321	0	321	rpc error: code = Unavailable desc = transport is closing
740	441	466	907	<nil>
740	260	244	504	<nil>
740	436	467	903	<nil>
740	239	209	448	<nil>
740	226	220	446	<nil>
740	240	266	506	<nil>
740	332	0	332	rpc error: code = Unavailable desc = transport is closing
740	449	0	449	rpc error: code = Unavailable desc = transport is closing
740	3791	446	4237	<nil>
740	16878	229	17107	<nil>
740	330	0	330	rpc error: code = Unavailable desc = transport is closing
740	232	218	450	<nil>
740	442	465	907	<nil>
740	199	155	354	<nil>
740	246	195	441	<nil>
740	322	0	322	rpc error: code = Unavailable desc = transport is closing
740	465	257	722	<nil>
740	9415	0	9415	rpc error: code = Unavailable desc = transport is closing
740	306	143	449	<nil>
740	432	457	889	<nil>
740	10062	469	10531	<nil>
740	233	204	437	<nil>
740	202	156	358	<nil>
740	239	189	428	<nil>
740	297	451	748	<nil>
740	298	139	437	<nil>
740	302	458	760	<nil>
740	442	480	922	<nil>
740	221	218	439	<nil>
740	280	423	703	<nil>
740	307	140	447	<nil>
740	328	0	328	rpc error: code = Unavailable desc = transport is closing
740	259	154	413	<nil>
740	10062	467	10529	<nil>
740	328	0	328	rpc error: code = Unavailable desc = transport is closing
740	254	289	543	<nil>
740	299	0	299	rpc error: code = Unavailable desc = transport is closing
740	10070	425	10495	<nil>
740	300	0	300	rpc error: code = Unavailable desc = transport is closing
740	190	351	541	<nil>
740	228	293	521	<nil>
740	14834	351	15185	<nil>
740	283	154	437	<nil>
740	209	178	387	<nil>
740	142	179	321	<nil>
740	442	451	893	<nil>
740	283	186	469	<nil>
740	159	377	536	<nil>
740	173	373	546	<nil>
740	427	339	766	<nil>
740	262	509	771	<nil>
740	16287	571	16858	<nil>
740	279	0	279	rpc error: code = Unavailable desc = transport is closing
740	442	393	835	<nil>
740	286	0	286	rpc error: code = Unavailable desc = transport is closing
740	17113	421	17534	<nil>
740	283	577	860	<nil>
740	306	0	306	rpc error: code = Unavailable desc = transport is closing
740	284	0	284	rpc error: code = Unavailable desc = transport is closing
740	295	380	675	<nil>
740	389	294	683	<nil>
740	17150	420	17570	<nil>
740	302	399	701	<nil>
740	284	592	876	<nil>
740	258	599	857	<nil>
740	297	595	892	<nil>
740	463	0	463	rpc error: code = Unavailable desc = transport is closing
740	422	394	816	<nil>
740	466	428	894	<nil>
740	469	400	869	<nil>
740	447	447	894	<nil>
740	476	395	871	<nil>
740	495	401	896	<nil>
740	476	427	903	<nil>
740	17149	418	17567	<nil>
740	282	601	883	<nil>
740	301	286	587	<nil>
740	416	402	818	<nil>
740	289	612	901	<nil>
740	358	234	592	<nil>
740	319	387	706	<nil>
740	494	401	895	<nil>
740	258	604	862	<nil>
740	465	0	465	rpc error: code = Unavailable desc = transport is closing
740	363	241	604	<nil>
740	16293	570	16863	<nil>
740	264	601	865	<nil>
740	299	296	595	<nil>
740	263	605	868	<nil>
740	482	391	873	<nil>
740	25268	185	25453	<nil>
740	454	0	454	rpc error: code = Unavailable desc = transport is closing
740	258	0	258	rpc error: code = Unavailable desc = transport is closing
740	454	0	454	rpc error: code = Unavailable desc = transport is closing
740	464	0	464	rpc error: code = Unavailable desc = transport is closing
740	1456	0	1456	rpc error: code = Unavailable desc = transport is closing
740	467	0	467	rpc error: code = Unavailable desc = transport is closing
740	464	0	464	rpc error: code = Unavailable desc = transport is closing
740	15588	99	15687	<nil>
740	538	98	636	<nil>
740	535	99	634	<nil>
740	541	93	634	<nil>
740	536	99	635	<nil>
740	539	97	636	<nil>
740	17340	101	17441	<nil>
740	3158	96	3254	<nil>
740	541	100	641	<nil>
740	446	101	547	<nil>
740	543	103	646	<nil>
740	541	103	644	<nil>
740	593	55	648	<nil>
740	1531	42	1573	<nil>
740	573	82	655	<nil>
740	3190	76	3266	<nil>
740	573	77	650	<nil>
740	3191	92	3283	<nil>
740	216	24	240	<nil>
740	456	97	553	<nil>
740	18009	107	18116	<nil>
740	610	42	652	<nil>
740	455	100	555	<nil>
740	542	108	650	<nil>
740	541	107	648	<nil>
740	570	80	650	<nil>
740	229	29	258	<nil>
740	494	64	558	<nil>
740	29358	36	29394	<nil>
740	527	78	605	<nil>
740	534	103	637	<nil>
740	589	63	652	<nil>
740	1759	78	1837	<nil>
740	800	32	832	<nil>
740	575	77	652	<nil>
740	545	107	652	<nil>
740	143	4	147	<nil>
740	562	80	642	<nil>
740	477	80	557	<nil>
740	587	63	650	<nil>
740	453	105	558	<nil>
740	589	64	653	<nil>
740	17397	61	17458	<nil>
740	515	39	554	<nil>
740	478	90	568	<nil>
740	499	101	600	<nil>
740	545	73	618	<nil>
740	142	8	150	<nil>
740	449	120	569	<nil>
740	2828	98	2926	<nil>
740	213	61	274	<nil>
740	573	94	667	<nil>
740	319	58	377	<nil>
740	494	121	615	<nil>
740	317	45	362	<nil>
740	2787	47	2834	<nil>
740	476	94	570	<nil>
740	3288	8	3296	<nil>
740	17288	75	17363	<nil>
740	226	37	263	<nil>
740	497	74	571	<nil>
740	572	97	669	<nil>
740	573	94	667	<nil>
740	293	45	338	<nil>
740	332	46	378	<nil>
740	457	113	570	<nil>
740	610	41	651	<nil>
740	552	118	670	<nil>
740	187	36	223	<nil>
740	609	62	671	<nil>
740	222	47	269	<nil>
740	212	23	235	<nil>
740	454	104	558	<nil>
740	206	31	237	<nil>
740	3256	33	3289	<nil>
740	3256	35	3291	<nil>
740	1472	100	1572	<nil>
740	2757	35	2792	<nil>
740	477	78	555	<nil>
740	17441	6	17447	<nil>
740	591	65	656	<nil>
740	510	45	555	<nil>
740	395	119	514	<nil>
740	142	6	148	<nil>
740	215	6	221	<nil>
740	3207	74	3281	<nil>
740	558	94	652	<nil>
740	142	5	147	<nil>
740	3290	7	3297	<nil>
740	141	9	150	<nil>
740	2843	8	2851	<nil>
740	240	8	248	<nil>
740	3290	9	3299	<nil>
740	142	9	151	<nil>
740	203	7	210	<nil>
740	74911	8	74919	<nil>
740	171	10	181	<nil>
740	140	11	151	<nil>
740	143	9	152	<nil>
740	3291	10	3301	<nil>
740	3294	10	3304	<nil>
740	136	10	146	<nil>
740	142	11	153	<nil>
740	138	63	201	<nil>
740	3027	63	3090	<nil>
740	141	61	202	<nil>
740	5348	0	5348	rpc error: code = DeadlineExceeded desc = context deadline exceeded
740	141	60	201	<nil>
740	141	60	201	<nil>
740	14254	67	14321	<nil>
740	147	60	207	<nil>
740	135	61	196	<nil>
740	140	86	226	<nil>
740	139	69	208	<nil>
740	22209	0	22209	rpc error: code = DeadlineExceeded desc = context deadline exceeded
740	3291	82	3373	<nil>
740	17483	83	17566	<nil>
740	143	83	226	<nil>
740	1496	0	1496	rpc error: code = Unavailable desc = transport is closing
740	1545	0	1545	rpc error: code = Unavailable desc = transport is closing
740	1589	0	1589	rpc error: code = Unavailable desc = transport is closing
740	1557	0	1557	rpc error: code = Unavailable desc = transport is closing
740	13869	0	13869	rpc error: code = DeadlineExceeded desc = context deadline exceeded
740	78292	0	78292	rpc error: code = DeadlineExceeded desc = context deadline exceeded
740	9472	0	9472	rpc error: code = DeadlineExceeded desc = context deadline exceeded
740	9471	0	9471	rpc error: code = DeadlineExceeded desc = context deadline exceeded
740	6428	0	6428	rpc error: code = DeadlineExceeded desc = context deadline exceeded
740	9607	0	9607	rpc error: code = DeadlineExceeded desc = context deadline exceeded
740	30315	0	30315	rpc error: code = DeadlineExceeded desc = context deadline exceeded
740	1495	0	1495	rpc error: code = Unavailable desc = transport is closing
740	606	0	606	rpc error: code = Unavailable desc = transport is closing
740	13870	0	13870	rpc error: code = DeadlineExceeded desc = context deadline exceeded
740	9468	0	9468	rpc error: code = DeadlineExceeded desc = context deadline exceeded
740	113204	0	113204	rpc error: code = DeadlineExceeded desc = context deadline exceeded
740	6454	0	6454	rpc error: code = DeadlineExceeded desc = context deadline exceeded
740	9475	0	9475	rpc error: code = DeadlineExceeded desc = context deadline exceeded
740	9657	0	9657	rpc error: code = DeadlineExceeded desc = context deadline exceeded
740	1487	0	1487	rpc error: code = Unavailable desc = transport is closing
740	456	0	456	rpc error: code = Unavailable desc = transport is closing
740	1502	0	1502	rpc error: code = Unavailable desc = transport is closing
740	1656	0	1656	rpc error: code = Unavailable desc = transport is closing
740	3350	0	3350	rpc error: code = Unavailable desc = transport is closing
740	534	0	534	rpc error: code = Unavailable desc = transport is closing
740	467	0	467	rpc error: code = Unavailable desc = transport is closing
740	487	0	487	rpc error: code = Unavailable desc = transport is closing
740	488	0	488	rpc error: code = Unavailable desc = transport is closing
740	468	0	468	rpc error: code = Unavailable desc = transport is closing
740	501	0	501	rpc error: code = Unavailable desc = transport is closing
740	448	0	448	rpc error: code = Unavailable desc = transport is closing
740	478	0	478	rpc error: code = Unavailable desc = transport is closing
740	484	0	484	rpc error: code = Unavailable desc = transport is closing
740	469	0	469	rpc error: code = Unavailable desc = transport is closing
740	600	0	600	rpc error: code = Unavailable desc = transport is closing
740	520	0	520	rpc error: code = Unavailable desc = transport is closing
740	670	0	670	rpc error: code = Unavailable desc = transport is closing
740	601	0	601	rpc error: code = Unavailable desc = transport is closing
740	613	0	613	rpc error: code = Unavailable desc = transport is closing
740	485	0	485	rpc error: code = Unavailable desc = transport is closing
740	543	0	543	rpc error: code = Unavailable desc = transport is closing
740	477	0	477	rpc error: code = Unavailable desc = transport is closing
740	496	0	496	rpc error: code = Unavailable desc = transport is closing
740	1735	0	1735	rpc error: code = Unavailable desc = transport is closing
740	1735	0	1735	rpc error: code = Unavailable desc = transport is closing
740	535	0	535	rpc error: code = Unavailable desc = transport is closing
740	499	0	499	rpc error: code = Unavailable desc = transport is closing
740	478	0	478	rpc error: code = Unavailable desc = transport is closing
740	16722	0	16722	rpc error: code = Unavailable desc = transport is closing
740	488	0	488	rpc error: code = Unavailable desc = transport is closing
740	525	0	525	rpc error: code = Unavailable desc = transport is closing
740	496	0	496	rpc error: code = Unavailable desc = transport is closing
740	485	0	485	rpc error: code = Unavailable desc = transport is closing
740	546	0	546	rpc error: code = Unavailable desc = transport is closing
740	479	0	479	rpc error: code = Unavailable desc = transport is closing
740	497	0	497	rpc error: code = Unavailable desc = transport is closing
740	15372	0	15372	rpc error: code = Unavailable desc = transport is closing
740	489	0	489	rpc error: code = Unavailable desc = transport is closing
740	495	0	495	rpc error: code = Unavailable desc = transport is closing
740	653	0	653	rpc error: code = Unavailable desc = transport is closing
740	488	0	488	rpc error: code = Unavailable desc = transport is closing
740	512	0	512	rpc error: code = Unavailable desc = transport is closing
740	3172	0	3172	rpc error: code = Unavailable desc = transport is closing
740	542	0	542	rpc error: code = Unavailable desc = transport is closing
740	686	0	686	rpc error: code = Unavailable desc = transport is closing
740	1631	0	1631	rpc error: code = Unavailable desc = transport is closing
740	17016	0	17016	rpc error: code = Unavailable desc = transport is closing
740	430	0	430	rpc error: code = Unavailable desc = transport is closing
740	1741	0	1741	rpc error: code = Unavailable desc = transport is closing
740	717	0	717	rpc error: code = Unavailable desc = transport is closing
740	556	0	556	rpc error: code = Unavailable desc = transport is closing
740	482	0	482	rpc error: code = Unavailable desc = transport is closing
740	1740	0	1740	rpc error: code = Unavailable desc = transport is closing
740	543	0	543	rpc error: code = Unavailable desc = transport is closing
740	545	0	545	rpc error: code = Unavailable desc = transport is closing
740	602	0	602	rpc error: code = Unavailable desc = transport is closing
740	617	0	617	rpc error: code = Unavailable desc = transport is closing
740	475	0	475	rpc error: code = Unavailable desc = transport is closing
740	498	0	498	rpc error: code = Unavailable desc = transport is closing
740	1558	0	1558	rpc error: code = Unavailable desc = transport is closing
740	1553	0	1553	rpc error: code = Unavailable desc = transport is closing
740	453	0	453	rpc error: code = Unavailable desc = transport is closing
740	497	0	497	rpc error: code = Unavailable desc = transport is closing
740	512	0	512	rpc error: code = Unavailable desc = transport is closing
740	1554	0	1554	rpc error: code = Unavailable desc = transport is closing
740	516	0	516	rpc error: code = Unavailable desc = transport is closing
740	605	0	605	rpc error: code = Unavailable desc = transport is closing
740	1495	0	1495	rpc error: code = Unavailable desc = transport is closing
740	1629	0	1629	rpc error: code = Unavailable desc = transport is closing
740	1652	0	1652	rpc error: code = Unavailable desc = transport is closing
740	547	0	547	rpc error: code = Unavailable desc = transport is closing
740	766	0	766	rpc error: code = Unavailable desc = transport is closing
740	598	0	598	rpc error: code = Unavailable desc = transport is closing
740	600	0	600	rpc error: code = Unavailable desc = transport is closing
740	577	0	577	rpc error: code = Unavailable desc = transport is closing
740	3281	0	3281	rpc error: code = Unavailable desc = transport is closing
740	554	0	554	rpc error: code = Unavailable desc = transport is closing
740	42403	0	42403	rpc error: code = Unavailable desc = transport is closing
740	573	0	573	rpc error: code = Unavailable desc = transport is closing
740	532	0	532	rpc error: code = Unavailable desc = transport is closing
740	1589	0	1589	rpc error: code = Unavailable desc = transport is closing
740	1493	0	1493	rpc error: code = Unavailable desc = transport is closing
740	557	0	557	rpc error: code = Unavailable desc = transport is closing
740	558	0	558	rpc error: code = Unavailable desc = transport is closing
740	528	0	528	rpc error: code = Unavailable desc = transport is closing
740	550	0	550	rpc error: code = Unavailable desc = transport is closing
740	1110	14	1124	<nil>
740	1118	16	1134	<nil>
740	1107	17	1124	<nil>
740	532	0	532	rpc error: code = Unavailable desc = transport is closing
740	527	0	527	rpc error: code = Unavailable desc = transport is closing
740	43716	0	43716	rpc error: code = Unavailable desc = transport is closing
740	552	0	552	rpc error: code = Unavailable desc = transport is closing
740	496	0	496	rpc error: code = Unavailable desc = transport is closing
740	1124	8	1132	<nil>
740	1161	17	1178	<nil>
740	1132	9	1141	<nil>
740	549	0	549	rpc error: code = Unavailable desc = transport is closing
740	539	0	539	rpc error: code = Unavailable desc = transport is closing
740	694	0	694	rpc error: code = Unavailable desc = transport is closing
740	1546	0	1546	rpc error: code = Unavailable desc = transport is closing
740	31714	0	31714	rpc error: code = Unavailable desc = transport is closing
740	1555	0	1555	rpc error: code = Unavailable desc = transport is closing
740	543	0	543	rpc error: code = Unavailable desc = transport is closing
740	612	0	612	rpc error: code = Unavailable desc = transport is closing
740	609	0	609	rpc error: code = Unavailable desc = transport is closing
740	536	0	536	rpc error: code = Unavailable desc = transport is closing
740	648	0	648	rpc error: code = Unavailable desc = transport is closing
740	1584	0	1584	rpc error: code = Unavailable desc = transport is closing
740	1742	0	1742	rpc error: code = Unavailable desc = transport is closing
740	554	0	554	rpc error: code = Unavailable desc = transport is closing
740	452	0	452	rpc error: code = Unavailable desc = transport is closing
740	551	0	551	rpc error: code = Unavailable desc = transport is closing
740	25242	0	25242	rpc error: code = Unavailable desc = transport is closing
740	1118	9	1127	<nil>
740	1113	9	1122	<nil>
740	536	0	536	rpc error: code = Unavailable desc = transport is closing
740	557	0	557	rpc error: code = Unavailable desc = transport is closing
740	535	0	535	rpc error: code = Unavailable desc = transport is closing
740	1123	6	1129	<nil>
740	1124	11	1135	<nil>
740	1124	8	1132	<nil>
740	1122	8	1130	<nil>
740	1123	5	1128	<nil>
740	555	0	555	rpc error: code = Unavailable desc = transport is closing
740	1120	8	1128	<nil>
740	1123	9	1132	<nil>
740	1126	8	1134	<nil>
740	1124	6	1130	<nil>
740	1127	9	1136	<nil>
740	1729	19	1748	<nil>
740	1115	18	1133	<nil>
740	1167	10	1177	<nil>
740	1127	9	1136	<nil>
740	1128	8	1136	<nil>
740	1165	9	1174	<nil>
740	1170	10	1180	<nil>
740	1127	8	1135	<nil>
740	1121	13	1134	<nil>
740	1124	11	1135	<nil>
740	1114	20	1134	<nil>
740	1122	12	1134	<nil>
740	1490	0	1490	rpc error: code = Unavailable desc = transport is closing
740	1124	13	1137	<nil>
740	1125	10	1135	<nil>
740	1124	17	1141	<nil>
740	1171	10	1181	<nil>
740	1175	8	1183	<nil>
740	1126	10	1136	<nil>
740	1130	13	1143	<nil>
740	1126	11	1137	<nil>
740	1492	0	1492	rpc error: code = Unavailable desc = transport is closing
740	1135	29	1164	<nil>
740	25026	11	25037	<nil>
740	1127	9	1136	<nil>
740	1121	18	1139	<nil>
740	1289	20	1309	<nil>
740	1162	19	1181	<nil>
740	1166	3	1169	<nil>
740	1167	6	1173	<nil>
740	1164	5	1169	<nil>
740	174	3	177	<nil>
740	1122	19	1141	<nil>
740	1125	19	1144	<nil>
740	1200	8	1208	<nil>
740	1132	42	1174	<nil>
740	142	29	171	<nil>
740	172	28	200	<nil>
740	162	10	172	<nil>
740	1125	12	1137	<nil>
740	1129	11	1140	<nil>
740	1156	21	1177	<nil>
740	160	13	173	<nil>
740	185	19	204	<nil>
740	194	10	204	<nil>
740	1170	9	1179	<nil>
740	17052	28	17080	<nil>
740	192	14	206	<nil>
740	1163	16	1179	<nil>
740	71	35	106	<nil>
740	1128	12	1140	<nil>
740	1121	18	1139	<nil>
740	1128	8	1136	<nil>
740	1122	22	1144	<nil>
740	1154	27	1181	<nil>
740	1123	30	1153	<nil>
740	1184	9	1193	<nil>
740	1168	8	1176	<nil>
740	1176	5	1181	<nil>
740	1800	13	1813	<nil>
740	1164	13	1177	<nil>
740	18138	13	18151	<nil>
740	171	10	181	<nil>
740	1164	13	1177	<nil>
740	1306	12	1318	<nil>
740	1172	12	1184	<nil>
740	1173	13	1186	<nil>
740	1169	10	1179	<nil>
740	6123	12	6135	<nil>
740	1170	13	1183	<nil>
740	1174	11	1185	<nil>
740	1187	16	1203	<nil>
740	2131	18	2149	<nil>
740	198	13	211	<nil>
740	1150	33	1183	<nil>
740	1187	18	1205	<nil>
740	25268	84	25352	<nil>
740	1796	34	1830	<nil>
740	1160	34	1194	<nil>
740	1306	35	1341	<nil>
740	152	45	197	<nil>
740	6111	34	6145	<nil>
740	2792	14	2806	<nil>
740	1158	34	1192	<nil>
740	17135	19	17154	<nil>
740	219	15	234	<nil>
740	1159	34	1193	<nil>
740	1170	24	1194	<nil>
740	45189	21	45210	<nil>
740	1181	19	1200	<nil>
740	18309	34	18343	<nil>
740	1168	23	1191	<nil>
740	1167	22	1189	<nil>
740	180	35	215	<nil>
740	1164	31	1195	<nil>
740	1214	17	1231	<nil>
740	162	38	200	<nil>
740	1815	22	1837	<nil>
740	1171	30	1201	<nil>
740	16914	18	16932	<nil>
740	1301	38	1339	<nil>
740	1180	18	1198	<nil>
740	1171	29	1200	<nil>
740	201	110	311	<nil>
740	1300	110	1410	<nil>
740	163	114	277	<nil>
740	29377	114	29491	<nil>
740	1156	114	1270	<nil>
740	1159	115	1274	<nil>
740	1196	114	1310	<nil>
740	1154	115	1269	<nil>
740	6119	127	6246	<nil>
740	1753	137	1890	<nil>
740	1182	122	1304	<nil>
740	1159	144	1303	<nil>
740	1158	146	1304	<nil>
740	2560	146	2706	<nil>
740	1824	124	1948	<nil>
740	1159	145	1304	<nil>
740	1158	145	1303	<nil>
740	1165	145	1310	<nil>
740	1194	139	1333	<nil>
740	1224	139	1363	<nil>
740	2593	139	2732	<nil>
740	1190	138	1328	<nil>
740	1195	172	1367	<nil>
740	1188	180	1368	<nil>
740	6143	174	6317	<nil>
740	5989	205	6194	<nil>
740	1752	209	1961	<nil>
740	2772	210	2982	<nil>
740	1750	212	1962	<nil>
740	3954	225	4179	<nil>
740	1762	226	1988	<nil>
740	6119	226	6345	<nil>
740	6145	201	6346	<nil>
740	37	226	263	<nil>
740	6144	201	6345	<nil>
740	6117	226	6343	<nil>
740	2772	227	2999	<nil>
740	16761	226	16987	<nil>
740	2780	224	3004	<nil>
740	21	225	246	<nil>
740	36	225	261	<nil>
740	2576	225	2801	<nil>
740	47	221	268	<nil>
740	1792	193	1985	<nil>
740	209	230	439	<nil>
740	37	225	262	<nil>
740	226	49	275	<nil>
740	167	230	397	<nil>
740	37	226	263	<nil>
740	34	224	258	<nil>
740	2773	226	2999	<nil>
740	2779	234	3013	<nil>
740	39	225	264	<nil>
740	18833	73	18906	<nil>
740	1996	73	2069	<nil>
740	426	44	470	<nil>
740	224	48	272	<nil>
740	1980	71	2051	<nil>
740	354	61	415	<nil>
740	381	70	451	<nil>
740	402	50	452	<nil>
740	226	49	275	<nil>
740	210	231	441	<nil>
740	26386	230	26616	<nil>
740	225	50	275	<nil>
740	1534	25	1559	<nil>
740	1997	76	2073	<nil>
740	1471	70	1541	<nil>
740	393	27	420	<nil>
740	1975	27	2002	<nil>
740	316	88	404	<nil>
740	17116	67	17183	<nil>
740	208	231	439	<nil>
740	1534	26	1560	<nil>
740	6324	29	6353	<nil>
740	2780	225	3005	<nil>
740	1913	89	2002	<nil>
740	2063	47	2110	<nil>
740	2030	27	2057	<nil>
740	18776	99	18875	<nil>
740	445	93	538	<nil>
740	2042	83	2125	<nil>
740	6354	99	6453	<nil>
740	2046	113	2159	<nil>
740	3014	113	3127	<nil>
740	2046	113	2159	<nil>
740	404	114	518	<nil>
740	2042	113	2155	<nil>
740	412	114	526	<nil>
740	2053	114	2167	<nil>
740	395	124	519	<nil>
740	2051	115	2166	<nil>
740	448	115	563	<nil>
740	6218	124	6342	<nil>
740	2073	116	2189	<nil>
740	2044	122	2166	<nil>
740	2051	137	2188	<nil>
740	1584	106	1690	<nil>
740	1586	109	1695	<nil>
740	2084	109	2193	<nil>
740	260	110	370	<nil>
740	439	112	551	<nil>
740	2082	110	2192	<nil>
740	484	110	594	<nil>
740	1585	111	1696	<nil>
740	258	112	370	<nil>
740	1595	112	1707	<nil>
740	413	110	523	<nil>
740	463	116	579	<nil>
740	6397	118	6515	<nil>
740	6395	115	6510	<nil>
740	6403	112	6515	<nil>
740	269	112	381	<nil>
740	267	117	384	<nil>
740	283	118	401	<nil>
740	261	116	377	<nil>
740	260	117	377	<nil>
740	1446	116	1562	<nil>
740	267	112	379	<nil>
740	367	21	388	<nil>
740	17210	122	17332	<nil>
740	2032	115	2147	<nil>
740	259	118	377	<nil>
740	2901	29	2930	<nil>
740	359	32	391	<nil>
740	322	70	392	<nil>
740	264	124	388	<nil>
740	2083	122	2205	<nil>
740	259	115	374	<nil>
740	268	115	383	<nil>
740	266	122	388	<nil>
740	2078	122	2200	<nil>
740	484	105	589	<nil>
740	259	115	374	<nil>
740	447	116	563	<nil>
740	381	24	405	<nil>
740	284	105	389	<nil>
740	342	64	406	<nil>
740	268	114	382	<nil>
740	2086	113	2199	<nil>
740	1443	117	1560	<nil>
740	362	31	393	<nil>
740	485	121	606	<nil>
740	270	113	383	<nil>
740	380	25	405	<nil>
740	362	32	394	<nil>
740	3150	32	3182	<nil>
740	367	31	398	<nil>
740	145	31	176	<nil>
740	345	49	394	<nil>
740	363	33	396	<nil>
740	375	33	408	<nil>
740	356	33	389	<nil>
740	260	122	382	<nil>
740	363	34	397	<nil>
740	380	40	420	<nil>
740	363	42	405	<nil>
740	3113	66	3179	<nil>
740	491	122	613	<nil>
740	360	32	392	<nil>
740	376	32	408	<nil>
740	370	45	415	<nil>
740	363	26	389	<nil>
740	6492	30	6522	<nil>
740	356	32	388	<nil>
740	150	31	181	<nil>
740	342	48	390	<nil>
740	361	27	388	<nil>
740	366	28	394	<nil>
740	361	32	393	<nil>
740	357	32	389	<nil>
740	373	62	435	<nil>
740	386	54	440	<nil>
740	369	68	437	<nil>
740	368	72	440	<nil>
740	365	71	436	<nil>
740	387	64	451	<nil>
740	363	68	431	<nil>
740	377	62	439	<nil>
740	389	141	530	<nil>
740	356	32	388	<nil>
740	358	32	390	<nil>
740	358	32	390	<nil>
740	356	33	389	<nil>
740	371	64	435	<nil>
740	357	32	389	<nil>
740	369	151	520	<nil>
740	159	147	306	<nil>
740	376	149	525	<nil>
740	371	148	519	<nil>
740	372	139	511	<nil>
740	370	141	511	<nil>
740	153	205	358	<nil>
740	371	207	578	<nil>
740	377	207	584	<nil>
740	378	211	589	<nil>
740	389	211	600	<nil>
740	289	205	494	<nil>
740	378	211	589	<nil>
740	391	211	602	<nil>
740	6494	211	6705	<nil>
740	351	210	561	<nil>
740	378	211	589	<nil>
740	371	211	582	<nil>
740	377	215	592	<nil>
740	378	215	593	<nil>
740	397	219	616	<nil>
740	409	210	619	<nil>
740	6534	217	6751	<nil>
740	167	219	386	<nil>
740	2702	211	2913	<nil>
740	433	191	624	<nil>
740	177	221	398	<nil>
740	469	185	654	<nil>
740	56	196	252	<nil>
740	113	174	287	<nil>
740	45	196	241	<nil>
740	65	219	284	<nil>
740	76	211	287	<nil>
740	62	225	287	<nil>
740	90	174	264	<nil>
740	179	219	398	<nil>
740	67	222	289	<nil>
740	186	228	414	<nil>
740	167	218	385	<nil>
740	108	182	290	<nil>
740	17461	219	17680	<nil>
740	67	226	293	<nil>
740	66	223	289	<nil>
740	189	215	404	<nil>
740	469	174	643	<nil>
740	3038	187	3225	<nil>
740	3277	164	3441	<nil>
740	2232	181	2413	<nil>
740	441	90	531	<nil>
740	2271	151	2422	<nil>
740	454	190	644	<nil>
740	566	185	751	<nil>
740	572	144	716	<nil>
740	6195	132	6327	<nil>
740	475	184	659	<nil>
740	234	180	414	<nil>
740	2226	187	2413	<nil>
740	70	236	306	<nil>
740	232	183	415	<nil>
740	468	187	655	<nil>
740	2951	223	3174	<nil>
740	84	190	274	<nil>
740	458	188	646	<nil>
740	159	228	387	<nil>
740	452	191	643	<nil>
740	684	172	856	<nil>
740	1778	98	1876	<nil>
740	2277	141	2418	<nil>
740	88	191	279	<nil>
740	153	98	251	<nil>
740	710	153	863	<nil>
740	60	218	278	<nil>
740	568	98	666	<nil>
740	115	199	314	<nil>
740	1812	175	1987	<nil>
740	463	193	656	<nil>
740	105	173	278	<nil>
740	2287	133	2420	<nil>
740	146	134	280	<nil>
740	2289	133	2422	<nil>
740	505	119	624	<nil>
740	3383	98	3481	<nil>
740	622	72	694	<nil>
740	602	98	700	<nil>
740	17680	98	17778	<nil>
740	2865	77	2942	<nil>
740	3373	113	3486	<nil>
740	628	72	700	<nil>
740	2269	152	2421	<nil>
740	3165	97	3262	<nil>
740	69	229	298	<nil>
740	588	122	710	<nil>
740	500	123	623	<nil>
740	529	134	663	<nil>
740	584	126	710	<nil>
740	625	97	722	<nil>
740	3410	97	3507	<nil>
740	688	172	860	<nil>
740	2272	199	2471	<nil>
740	455	138	593	<nil>
740	483	106	589	<nil>
740	625	84	709	<nil>
740	3403	103	3506	<nil>
740	2326	179	2505	<nil>
740	490	103	593	<nil>
740	614	103	717	<nil>
740	623	111	734	<nil>
740	586	135	721	<nil>
740	385	107	492	<nil>
740	386	106	492	<nil>
740	232	108	340	<nil>
740	223	108	331	<nil>
740	614	107	721	<nil>
740	623	109	732	<nil>
740	384	108	492	<nil>
740	623	104	727	<nil>
740	17761	132	17893	<nil>
740	3408	419	3827	<nil>
740	1804	419	2223	<nil>
740	3411	450	3861	<nil>
740	3436	428	3864	<nil>
740	2889	432	3321	<nil>
740	479	431	910	<nil>
740	636	433	1069	<nil>
740	3219	394	3613	<nil>
740	392	446	838	<nil>
740	406	430	836	<nil>
740	427	393	820	<nil>
740	43377	447	43824	<nil>
740	3423	443	3866	<nil>
740	447	390	837	<nil>
740	16228	428	16656	<nil>
740	456	434	890	<nil>
740	481	443	924	<nil>
740	381	432	813	<nil>
740	462	375	837	<nil>
740	2497	388	2885	<nil>
740	3426	443	3869	<nil>
740	420	383	803	<nil>
740	413	390	803	<nil>
740	243	442	685	<nil>
740	3437	429	3866	<nil>
740	433	359	792	<nil>
740	412	401	813	<nil>
740	2937	389	3326	<nil>
740	392	369	761	<nil>
740	416	397	813	<nil>
740	419	404	823	<nil>
740	441	371	812	<nil>
740	394	364	758	<nil>
740	484	404	888	<nil>
740	2978	403	3381	<nil>
740	485	363	848	<nil>
740	441	375	816	<nil>
740	3279	398	3677	<nil>
740	330	367	697	<nil>
740	3267	400	3667	<nil>
740	339	360	699	<nil>
740	453	366	819	<nil>
740	489	404	893	<nil>
740	413	406	819	<nil>
740	329	376	705	<nil>
740	413	405	818	<nil>
740	449	368	817	<nil>
740	447	372	819	<nil>
740	309	390	699	<nil>
740	325	370	695	<nil>
740	329	377	706	<nil>
740	530	369	899	<nil>
740	305	369	674	<nil>
740	106572	369	106941	<nil>
740	337	369	706	<nil>
740	44841	369	45210	<nil>
740	433	370	803	<nil>
740	447	375	822	<nil>
740	338	369	707	<nil>
740	312	369	681	<nil>
740	66579	375	66954	<nil>
740	334	411	745	<nil>
740	340	417	757	<nil>
740	487	475	962	<nil>
740	319	476	795	<nil>
740	442	476	918	<nil>
740	341	477	818	<nil>
740	343	478	821	<nil>
740	186	471	657	<nil>
740	444	477	921	<nil>
740	448	472	920	<nil>
740	486	482	968	<nil>
740	344	473	817	<nil>
740	288	473	761	<nil>
740	310	478	788	<nil>
740	286	469	755	<nil>
740	350	472	822	<nil>
740	340	480	820	<nil>
740	332	490	822	<nil>
740	281	480	761	<nil>
740	340	481	821	<nil>
740	357	464	821	<nil>
740	304	464	768	<nil>
740	158	448	606	<nil>
740	170	449	619	<nil>
740	322	451	773	<nil>
740	328	465	793	<nil>
740	306	472	778	<nil>
740	163	469	632	<nil>
740	168	461	629	<nil>
740	4736	461	5197	<nil>
740	313	466	779	<nil>
740	174	457	631	<nil>
740	175	457	632	<nil>
740	327	498	825	<nil>
740	349	520	869	<nil>
740	321	461	782	<nil>
740	28659	543	29202	<nil>
740	324	488	812	<nil>
740	345	500	845	<nil>
740	326	541	867	<nil>
740	123	541	664	<nil>
740	172	489	661	<nil>
740	327	565	892	<nil>
740	179	489	668	<nil>
740	304	472	776	<nil>
740	310	566	876	<nil>
740	173	567	740	<nil>
740	5243	500	5743	<nil>
740	320	499	819	<nil>
740	319	500	819	<nil>
740	185	521	706	<nil>
740	143	523	666	<nil>
740	289	553	842	<nil>
740	300	564	864	<nil>
740	2998	554	3552	<nil>
740	319	500	819	<nil>
740	317	568	885	<nil>
740	153	546	699	<nil>
740	307	552	859	<nil>
740	144	541	685	<nil>
740	318	541	859	<nil>
740	173	501	674	<nil>
740	318	500	818	<nil>
740	352	565	917	<nil>
740	300	592	892	<nil>
740	141	562	703	<nil>
740	443	305	748	<nil>
740	449	306	755	<nil>
740	453	304	757	<nil>
740	787	0	787	rpc error: code = Unavailable desc = transport is closing
740	5681	0	5681	rpc error: code = Unavailable desc = transport is closing
740	889	0	889	rpc error: code = Unavailable desc = transport is closing
740	15038	0	15038	rpc error: code = Unavailable desc = transport is closing
740	810	0	810	rpc error: code = Unavailable desc = transport is closing
740	556	0	556	rpc error: code = Unavailable desc = transport is closing
740	556	0	556	rpc error: code = Unavailable desc = transport is closing
740	556	0	556	rpc error: code = Unavailable desc = transport is closing
740	612	0	612	rpc error: code = Unavailable desc = transport is closing
740	570	174	744	<nil>
740	574	176	750	<nil>
740	694	0	694	rpc error: code = Unavailable desc = transport is closing
740	556	0	556	rpc error: code = Unavailable desc = transport is closing
740	767	0	767	rpc error: code = Unavailable desc = transport is closing
740	556	0	556	rpc error: code = Unavailable desc = transport is closing
740	320	96	416	<nil>
740	553	0	553	rpc error: code = Unavailable desc = transport is closing
740	824	0	824	rpc error: code = Unavailable desc = transport is closing
740	875	0	875	rpc error: code = Unavailable desc = transport is closing
740	903	0	903	rpc error: code = Unavailable desc = transport is closing
740	813	0	813	rpc error: code = Unavailable desc = transport is closing
740	779	0	779	rpc error: code = Unavailable desc = transport is closing
740	27836	0	27836	rpc error: code = Unavailable desc = transport is closing
740	9440	0	9440	rpc error: code = Unavailable desc = transport is closing
740	5717	0	5717	rpc error: code = Unavailable desc = transport is closing
740	659	0	659	rpc error: code = Unavailable desc = transport is closing
740	16898	0	16898	rpc error: code = Unavailable desc = transport is closing
740	804	0	804	rpc error: code = Unavailable desc = transport is closing
740	559	0	559	rpc error: code = Unavailable desc = transport is closing
740	828	0	828	rpc error: code = Unavailable desc = transport is closing
740	817	0	817	rpc error: code = Unavailable desc = transport is closing
740	827	0	827	rpc error: code = Unavailable desc = transport is closing
740	5283	0	5283	rpc error: code = Unavailable desc = transport is closing
740	820	0	820	rpc error: code = Unavailable desc = transport is closing
740	800	0	800	rpc error: code = Unavailable desc = transport is closing
740	805	0	805	rpc error: code = Unavailable desc = transport is closing
740	27759	0	27759	rpc error: code = Unavailable desc = transport is closing
740	693	0	693	rpc error: code = Unavailable desc = transport is closing
740	5821	0	5821	rpc error: code = Unavailable desc = transport is closing
740	830	0	830	rpc error: code = Unavailable desc = transport is closing
740	881	0	881	rpc error: code = Unavailable desc = transport is closing
740	5740	0	5740	rpc error: code = Unavailable desc = transport is closing
740	732	0	732	rpc error: code = Unavailable desc = transport is closing
740	695	0	695	rpc error: code = Unavailable desc = transport is closing
740	537	0	537	rpc error: code = Unavailable desc = transport is closing
740	351	55	406	<nil>
740	521	0	521	rpc error: code = Unavailable desc = transport is closing
740	797	0	797	rpc error: code = Unavailable desc = transport is closing
740	625	0	625	rpc error: code = Unavailable desc = transport is closing
740	567	0	567	rpc error: code = Unavailable desc = transport is closing
740	636	0	636	rpc error: code = Unavailable desc = transport is closing
740	694	0	694	rpc error: code = Unavailable desc = transport is closing
740	546	0	546	rpc error: code = Unavailable desc = transport is closing
740	738	0	738	rpc error: code = Unavailable desc = transport is closing
740	799	0	799	rpc error: code = Unavailable desc = transport is closing
740	553	0	553	rpc error: code = Unavailable desc = transport is closing
740	556	170	726	<nil>
740	650	173	823	<nil>
740	572	174	746	<nil>
740	387	29	416	<nil>
740	574	166	740	<nil>
740	545	170	715	<nil>
740	574	165	739	<nil>
740	552	178	730	<nil>
740	608	144	752	<nil>
740	572	178	750	<nil>
740	573	178	751	<nil>
740	576	178	754	<nil>
740	547	188	735	<nil>
740	609	143	752	<nil>
740	573	182	755	<nil>
740	583	173	756	<nil>
740	523	0	523	rpc error: code = Unavailable desc = transport is closing
740	616	0	616	rpc error: code = Unavailable desc = transport is closing
740	694	0	694	rpc error: code = Unavailable desc = transport is closing
740	741	0	741	rpc error: code = Unavailable desc = transport is closing
740	694	0	694	rpc error: code = Unavailable desc = transport is closing
740	571	0	571	rpc error: code = Unavailable desc = transport is closing
740	820	0	820	rpc error: code = Unavailable desc = transport is closing
740	799	0	799	rpc error: code = Unavailable desc = transport is closing
740	572	183	755	<nil>
740	553	183	736	<nil>
740	607	149	756	<nil>
740	570	183	753	<nil>
740	585	171	756	<nil>
740	1376	184	1560	<nil>
740	5335	187	5522	<nil>
740	5288	175	5463	<nil>
740	15055	166	15221	<nil>
740	607	153	760	<nil>
740	327	99	426	<nil>
740	326	97	423	<nil>
740	323	99	422	<nil>
740	325	97	422	<nil>
740	326	99	425	<nil>
740	558	0	558	rpc error: code = Unavailable desc = transport is closing
740	352	54	406	<nil>
740	351	55	406	<nil>
740	350	55	405	<nil>
740	346	59	405	<nil>
740	330	76	406	<nil>
740	337	69	406	<nil>
740	339	69	408	<nil>
740	348	59	407	<nil>
740	336	70	406	<nil>
740	317	84	401	<nil>
740	312	96	408	<nil>
740	332	75	407	<nil>
740	325	82	407	<nil>
740	330	78	408	<nil>
740	331	77	408	<nil>
740	315	93	408	<nil>
740	323	83	406	<nil>
740	329	78	407	<nil>
740	313	96	409	<nil>
740	552	179	731	<nil>
740	570	179	749	<nil>
740	551	186	737	<nil>
740	1493	0	1493	rpc error: code = Unavailable desc = transport is closing
740	619	0	619	rpc error: code = Unavailable desc = transport is closing
740	693	0	693	rpc error: code = Unavailable desc = transport is closing
740	576	160	736	<nil>
740	393	23	416	<nil>
740	388	34	422	<nil>
740	779	0	779	rpc error: code = Unavailable desc = transport is closing
740	372	42	414	<nil>
740	388	33	421	<nil>
740	386	34	420	<nil>
740	384	34	418	<nil>
740	393	30	423	<nil>
740	571	177	748	<nil>
740	570	187	757	<nil>
740	387	202	589	<nil>
740	403	194	597	<nil>
740	396	222	618	<nil>
740	399	198	597	<nil>
740	15240	245	15485	<nil>
740	1372	254	1626	<nil>
740	371	287	658	<nil>
740	410	249	659	<nil>
740	387	273	660	<nil>
740	368	286	654	<nil>
740	1362	272	1634	<nil>
740	412	272	684	<nil>
740	370	333	703	<nil>
740	5475	305	5780	<nil>
740	372	335	707	<nil>
740	388	319	707	<nil>
740	377	327	704	<nil>
740	368	336	704	<nil>
740	1384	297	1681	<nil>
740	388	315	703	<nil>
740	290	296	586	<nil>
740	1366	291	1657	<nil>
740	5652	278	5930	<nil>
740	356	281	637	<nil>
740	270	291	561	<nil>
740	1375	281	1656	<nil>
740	1361	296	1657	<nil>
740	387	324	711	<nil>
740	305	290	595	<nil>
740	1348	297	1645	<nil>
740	1379	278	1657	<nil>
740	455	257	712	<nil>
740	312	283	595	<nil>
740	6098	283	6381	<nil>
740	307	287	594	<nil>
740	1447	215	1662	<nil>
740	1380	283	1663	<nil>
740	407	195	602	<nil>
740	13931	296	14227	<nil>
740	300	294	594	<nil>
760	179	369	548	<nil>
760	258	373	631	<nil>
740	300	304	604	<nil>
740	6002	290	6292	<nil>
760	410	270	680	<nil>
760	145	347	492	<nil>
760	1245	367	1612	<nil>
740	1335	282	1617	<nil>
760	3296	369	3665	<nil>
760	187	382	569	<nil>
760	1238	375	1613	<nil>
760	479	213	692	<nil>
740	1434	216	1650	<nil>
740	435	283	718	<nil>
760	6009	377	6386	<nil>
760	3287	379	3666	<nil>
760	1339	384	1723	<nil>
760	1235	378	1613	<nil>
760	6008	378	6386	<nil>
760	387	302	689	<nil>
760	6093	375	6468	<nil>
760	341	381	722	<nil>
760	366	279	645	<nil>
760	347	277	624	<nil>
760	1246	373	1619	<nil>
760	40745	374	41119	<nil>
760	6002	374	6376	<nil>
760	325	385	710	<nil>
760	274	370	644	<nil>
760	209	383	592	<nil>
760	1240	373	1613	<nil>
760	148	351	499	<nil>
760	5744	385	6129	<nil>
760	5496	369	5865	<nil>
760	311	368	679	<nil>
760	319	383	702	<nil>
760	318	373	691	<nil>
760	328	367	695	<nil>
760	1238	380	1618	<nil>
760	1347	376	1723	<nil>
760	191	381	572	<nil>
760	3293	369	3662	<nil>
760	162	371	533	<nil>
760	192	317	509	<nil>
760	6093	386	6479	<nil>
760	1240	375	1615	<nil>
760	6004	382	6386	<nil>
760	339	357	696	<nil>
760	299	193	492	<nil>
760	304	398	702	<nil>
760	70103	398	70501	<nil>
760	251	362	613	<nil>
760	362	446	808	<nil>
760	366	446	812	<nil>
760	364	446	810	<nil>
760	361	447	808	<nil>
760	369	438	807	<nil>
760	362	450	812	<nil>
760	377	435	812	<nil>
760	363	451	814	<nil>
760	380	428	808	<nil>
760	398	425	823	<nil>
760	398	435	833	<nil>
760	391	435	826	<nil>
760	382	433	815	<nil>
760	387	440	827	<nil>
760	395	437	832	<nil>
760	398	434	832	<nil>
760	372	447	819	<nil>
760	393	429	822	<nil>
760	413	414	827	<nil>
760	1388	435	1823	<nil>
760	410	426	836	<nil>
760	3670	438	4108	<nil>
760	1372	442	1814	<nil>
760	408	420	828	<nil>
760	400	436	836	<nil>
760	391	451	842	<nil>
760	381	439	820	<nil>
760	424	414	838	<nil>
760	1401	416	1817	<nil>
760	399	448	847	<nil>
760	395	448	843	<nil>
760	387	447	834	<nil>
760	413	426	839	<nil>
760	394	434	828	<nil>
760	424	416	840	<nil>
760	426	419	845	<nil>
760	422	432	854	<nil>
760	415	433	848	<nil>
760	392	435	827	<nil>
760	417	462	879	<nil>
760	425	471	896	<nil>
760	482	424	906	<nil>
760	448	446	894	<nil>
760	452	451	903	<nil>
760	431	466	897	<nil>
760	432	470	902	<nil>
760	438	466	904	<nil>
760	447	449	896	<nil>
760	463	429	892	<nil>
760	247	450	697	<nil>
760	477	428	905	<nil>
760	426	465	891	<nil>
760	457	440	897	<nil>
760	1405	426	1831	<nil>
760	461	446	907	<nil>
760	439	464	903	<nil>
760	447	448	895	<nil>
760	452	446	898	<nil>
760	466	432	898	<nil>
760	1572	113	1685	<nil>
760	573	114	687	<nil>
760	576	115	691	<nil>
760	16176	115	16291	<nil>
760	469	430	899	<nil>
760	462	458	920	<nil>
760	548	116	664	<nil>
760	1574	116	1690	<nil>
760	452	452	904	<nil>
760	513	107	620	<nil>
760	513	106	619	<nil>
760	446	453	899	<nil>
760	440	473	913	<nil>
760	451	454	905	<nil>
760	6883	111	6994	<nil>
760	463	436	899	<nil>
760	411	485	896	<nil>
760	1572	113	1685	<nil>
760	3321	432	3753	<nil>
760	480	433	913	<nil>
760	473	432	905	<nil>
760	451	453	904	<nil>
760	1430	455	1885	<nil>
760	447	452	899	<nil>
760	477	437	914	<nil>
760	464	431	895	<nil>
760	478	431	909	<nil>
760	472	437	909	<nil>
760	458	436	894	<nil>
760	1386	451	1837	<nil>
760	468	437	905	<nil>
760	442	463	905	<nil>
760	446	453	899	<nil>
760	463	443	906	<nil>
760	440	495	935	<nil>
760	1399	488	1887	<nil>
760	430	491	921	<nil>
760	451	462	913	<nil>
760	3810	464	4274	<nil>
760	473	440	913	<nil>
760	426	487	913	<nil>
760	415	490	905	<nil>
760	467	439	906	<nil>
760	451	460	911	<nil>
760	443	464	907	<nil>
760	511	106	617	<nil>
760	464	450	914	<nil>
760	449	458	907	<nil>
760	25568	476	26044	<nil>
760	515	149	664	<nil>
760	476	441	917	<nil>
760	423	510	933	<nil>
760	428	490	918	<nil>
760	481	439	920	<nil>
760	428	491	919	<nil>
760	3727	472	4199	<nil>
760	424	493	917	<nil>
760	3288	461	3749	<nil>
760	459	526	985	<nil>
760	448	536	984	<nil>
760	476	496	972	<nil>
760	473	504	977	<nil>
760	432	547	979	<nil>
760	1401	557	1958	<nil>
760	513	261	774	<nil>
760	519	259	778	<nil>
760	520	262	782	<nil>
760	512	267	779	<nil>
760	539	256	795	<nil>
760	535	258	793	<nil>
760	535	264	799	<nil>
760	534	271	805	<nil>
760	528	277	805	<nil>
760	515	279	794	<nil>
760	522	277	799	<nil>
760	533	279	812	<nil>
760	518	281	799	<nil>
760	489	264	753	<nil>
760	518	281	799	<nil>
760	529	270	799	<nil>
760	535	278	813	<nil>
760	528	282	810	<nil>
760	517	281	798	<nil>
760	533	281	814	<nil>
760	528	272	800	<nil>
760	545	271	816	<nil>
760	535	280	815	<nil>
760	529	271	800	<nil>
760	531	268	799	<nil>
760	535	280	815	<nil>
760	546	253	799	<nil>
760	534	276	810	<nil>
760	548	261	809	<nil>
760	463	263	726	<nil>
760	557	254	811	<nil>
760	486	253	739	<nil>
760	557	271	828	<nil>
760	547	302	849	<nil>
760	548	302	850	<nil>
760	546	303	849	<nil>
760	465	304	769	<nil>
760	486	280	766	<nil>
760	549	322	871	<nil>
760	463	322	785	<nil>
760	454	290	744	<nil>
760	492	289	781	<nil>
760	436	314	750	<nil>
760	474	277	751	<nil>
760	564	181	745	<nil>
760	456	288	744	<nil>
760	451	291	742	<nil>
760	493	288	781	<nil>
760	257	110	367	<nil>
760	463	283	746	<nil>
760	550	318	868	<nil>
760	492	291	783	<nil>
760	490	292	782	<nil>
760	629	114	743	<nil>
760	469	272	741	<nil>
760	458	286	744	<nil>
760	451	291	742	<nil>
760	254	109	363	<nil>
760	10756	117	10873	<nil>
760	629	117	746	<nil>
760	494	290	784	<nil>
760	458	324	782	<nil>
760	16150	164	16314	<nil>
760	549	323	872	<nil>
760	548	325	873	<nil>
760	586	285	871	<nil>
760	588	283	871	<nil>
760	488	293	781	<nil>
760	582	289	871	<nil>
760	264	101	365	<nil>
760	264	120	384	<nil>
760	572	299	871	<nil>
760	521	220	741	<nil>
760	598	145	743	<nil>
760	483	299	782	<nil>
760	490	291	781	<nil>
760	257	109	366	<nil>
760	438	299	737	<nil>
760	256	109	365	<nil>
760	492	290	782	<nil>
760	264	120	384	<nil>
760	1256	120	1376	<nil>
760	1254	120	1374	<nil>
760	570	297	867	<nil>
760	469	286	755	<nil>
760	603	119	722	<nil>
760	1256	196	1452	<nil>
760	263	198	461	<nil>
760	248	197	445	<nil>
760	255	198	453	<nil>
760	42312	197	42509	<nil>
760	1248	197	1445	<nil>
760	1261	198	1459	<nil>
760	1256	196	1452	<nil>
760	16152	196	16348	<nil>
760	260	196	456	<nil>
760	1251	196	1447	<nil>
760	242	196	438	<nil>
760	1250	196	1446	<nil>
760	243	196	439	<nil>
760	250	196	446	<nil>
760	1252	195	1447	<nil>
760	1257	191	1448	<nil>
760	1256	191	1447	<nil>
760	1259	197	1456	<nil>
760	236	229	465	<nil>
760	1257	232	1489	<nil>
760	259	228	487	<nil>
760	2798	225	3023	<nil>
760	1266	225	1491	<nil>
760	270	222	492	<nil>
760	1284	212	1496	<nil>
760	2849	194	3043	<nil>
760	279	193	472	<nil>
760	2778	194	2972	<nil>
760	2860	193	3053	<nil>
760	287	194	481	<nil>
760	16218	195	16413	<nil>
760	306	228	534	<nil>
760	303	230	533	<nil>
760	270	238	508	<nil>
760	285	221	506	<nil>
760	305	237	542	<nil>
760	261	240	501	<nil>
760	225	242	467	<nil>
760	301	224	525	<nil>
760	304	240	544	<nil>
760	2921	197	3118	<nil>
760	2907	207	3114	<nil>
760	305	239	544	<nil>
760	304	239	543	<nil>
760	261	240	501	<nil>
760	305	240	545	<nil>
760	304	238	542	<nil>
760	234	239	473	<nil>
760	2785	208	2993	<nil>
760	272	236	508	<nil>
760	26716	207	26923	<nil>
760	264	207	471	<nil>
760	300	209	509	<nil>
760	325	147	472	<nil>
760	2656	144	2800	<nil>
760	308	164	472	<nil>
760	259	207	466	<nil>
760	296	240	536	<nil>
760	320	147	467	<nil>
760	304	242	546	<nil>
760	2773	240	3013	<nil>
760	300	202	502	<nil>
760	370	144	514	<nil>
760	2903	208	3111	<nil>
760	295	212	507	<nil>
760	366	140	506	<nil>
760	2866	237	3103	<nil>
760	289	217	506	<nil>
760	299	207	506	<nil>
760	320	223	543	<nil>
760	300	242	542	<nil>
760	320	148	468	<nil>
760	368	146	514	<nil>
760	2936	207	3143	<nil>
760	307	207	514	<nil>
760	323	222	545	<nil>
760	2903	206	3109	<nil>
760	296	177	473	<nil>
760	2732	201	2933	<nil>
760	308	236	544	<nil>
760	367	140	507	<nil>
760	290	210	500	<nil>
760	319	148	467	<nil>
760	363	152	515	<nil>
760	298	208	506	<nil>
760	26417	201	26618	<nil>
760	372	146	518	<nil>
760	265	208	473	<nil>
760	368	147	515	<nil>
760	283	254	537	<nil>
760	263	279	542	<nil>
760	2886	279	3165	<nil>
760	262	282	544	<nil>
760	288	255	543	<nil>
760	327	216	543	<nil>
760	288	255	543	<nil>
760	296	248	544	<nil>
760	5276	279	5555	<nil>
760	261	280	541	<nil>
760	326	218	544	<nil>
760	259	285	544	<nil>
760	5272	283	5555	<nil>
760	29257	281	29538	<nil>
760	264	289	553	<nil>
760	2653	239	2892	<nil>
760	269	203	472	<nil>
760	2716	208	2924	<nil>
760	299	344	643	<nil>
760	259	340	599	<nil>
760	325	277	602	<nil>
760	258	340	598	<nil>
760	263	338	601	<nil>
760	2953	340	3293	<nil>
760	304	340	644	<nil>
760	200	309	509	<nil>
760	3022	263	3285	<nil>
760	231	286	517	<nil>
760	2999	272	3271	<nil>
760	2721	274	2995	<nil>
760	2719	277	2996	<nil>
760	15265	272	15537	<nil>
760	233	275	508	<nil>
760	225	271	496	<nil>
760	227	270	497	<nil>
760	227	270	497	<nil>
760	2853	270	3123	<nil>
760	227	269	496	<nil>
760	227	272	499	<nil>
760	224	272	496	<nil>
760	223	273	496	<nil>
760	251	211	462	<nil>
760	215	273	488	<nil>
760	219	271	490	<nil>
760	221	274	495	<nil>
760	3059	269	3328	<nil>
760	229	276	505	<nil>
760	227	272	499	<nil>
760	3033	275	3308	<nil>
760	226	275	501	<nil>
760	223	274	497	<nil>
760	3100	209	3309	<nil>
760	229	273	502	<nil>
760	251	211	462	<nil>
760	3098	214	3312	<nil>
760	3107	213	3320	<nil>
760	220	276	496	<nil>
760	226	210	436	<nil>
760	243	211	454	<nil>
760	2797	211	3008	<nil>
760	2799	212	3011	<nil>
760	3102	210	3312	<nil>
760	228	292	520	<nil>
760	227	294	521	<nil>
760	207	313	520	<nil>
760	226	317	543	<nil>
760	209	314	523	<nil>
760	3150	315	3465	<nil>
760	211	317	528	<nil>
760	209	316	525	<nil>
760	203	322	525	<nil>
760	3105	318	3423	<nil>
760	3098	319	3417	<nil>
760	5467	321	5788	<nil>
760	3097	322	3419	<nil>
760	267	309	576	<nil>
760	322	255	577	<nil>
760	258	320	578	<nil>
760	262	316	578	<nil>
760	256	320	576	<nil>
760	256	320	576	<nil>
760	3287	188	3475	<nil>
760	206	366	572	<nil>
760	1218	367	1585	<nil>
760	1407	184	1591	<nil>
760	265	315	580	<nil>
760	256	325	581	<nil>
760	224	278	502	<nil>
760	262	320	582	<nil>
760	267	316	583	<nil>
760	3080	321	3401	<nil>
760	255	321	576	<nil>
760	267	316	583	<nil>
760	261	316	577	<nil>
760	274	306	580	<nil>
760	390	193	583	<nil>
760	262	315	577	<nil>
760	396	188	584	<nil>
760	16756	321	17077	<nil>
760	261	321	582	<nil>
760	260	316	576	<nil>
760	256	326	582	<nil>
760	260	316	576	<nil>
760	261	316	577	<nil>
760	253	251	504	<nil>
760	398	185	583	<nil>
760	268	316	584	<nil>
760	310	645	955	<nil>
760	309	645	954	<nil>
760	320	636	956	<nil>
760	235	721	956	<nil>
760	318	636	954	<nil>
760	242	715	957	<nil>
760	232	723	955	<nil>
760	252	702	954	<nil>
760	235	720	955	<nil>
760	243	713	956	<nil>
760	310	646	956	<nil>
760	241	714	955	<nil>
760	311	645	956	<nil>
760	2875	0	2875	rpc error: code = Unavailable desc = transport is closing
760	3003	0	3003	rpc error: code = Unavailable desc = transport is closing
760	3347	622	3969	<nil>
760	297	624	921	<nil>
760	3304	636	3940	<nil>
760	314	624	938	<nil>
760	304	622	926	<nil>
760	3384	610	3994	<nil>
760	5977	610	6587	<nil>
760	363	631	994	<nil>
760	65527	614	66141	<nil>
760	356	0	356	rpc error: code = Unavailable desc = transport is closing
760	3334	634	3968	<nil>
760	3337	629	3966	<nil>
760	3331	611	3942	<nil>
760	374	602	976	<nil>
760	288	644	932	<nil>
760	5951	632	6583	<nil>
760	3362	616	3978	<nil>
760	370	0	370	rpc error: code = Unavailable desc = transport is closing
760	364	0	364	rpc error: code = Unavailable desc = transport is closing
760	365	0	365	rpc error: code = Unavailable desc = transport is closing
760	376	0	376	rpc error: code = Unavailable desc = transport is closing
760	16887	615	17502	<nil>
760	17076	618	17694	<nil>
760	1288	617	1905	<nil>
760	3119	617	3736	<nil>
760	395	0	395	rpc error: code = Unavailable desc = transport is closing
760	390	0	390	rpc error: code = Unavailable desc = transport is closing
760	391	0	391	rpc error: code = Unavailable desc = transport is closing
760	636	0	636	rpc error: code = Unavailable desc = transport is closing
760	1307	606	1913	<nil>
760	1299	618	1917	<nil>
760	1332	583	1915	<nil>
760	326	619	945	<nil>
760	3435	618	4053	<nil>
760	3419	621	4040	<nil>
760	3427	621	4048	<nil>
760	1328	586	1914	<nil>
760	301	629	930	<nil>
760	3129	628	3757	<nil>
760	294	626	920	<nil>
760	303	625	928	<nil>
760	302	619	921	<nil>
760	1330	616	1946	<nil>
760	1327	590	1917	<nil>
760	298	0	298	rpc error: code = Unavailable desc = transport is closing
760	648	0	648	rpc error: code = Unavailable desc = transport is closing
760	653	0	653	rpc error: code = Unavailable desc = transport is closing
760	1332	614	1946	<nil>
760	408	0	408	rpc error: code = Unavailable desc = transport is closing
760	322	0	322	rpc error: code = Unavailable desc = transport is closing
760	646	0	646	rpc error: code = Unavailable desc = transport is closing
760	359	0	359	rpc error: code = Unavailable desc = transport is closing
760	6301	0	6301	rpc error: code = Unavailable desc = transport is closing
760	1569	0	1569	rpc error: code = Unavailable desc = transport is closing
760	1260	0	1260	rpc error: code = Unavailable desc = transport is closing
760	302	0	302	rpc error: code = Unavailable desc = transport is closing
760	301	0	301	rpc error: code = Unavailable desc = transport is closing
760	327	0	327	rpc error: code = Unavailable desc = transport is closing
760	1566	0	1566	rpc error: code = Unavailable desc = transport is closing
760	364	0	364	rpc error: code = Unavailable desc = transport is closing
760	655	0	655	rpc error: code = Unavailable desc = transport is closing
760	5998	0	5998	rpc error: code = Unavailable desc = transport is closing
760	351	599	950	<nil>
760	649	0	649	rpc error: code = Unavailable desc = transport is closing
760	1466	0	1466	rpc error: code = Unavailable desc = transport is closing
760	1256	0	1256	rpc error: code = Unavailable desc = transport is closing
760	1569	0	1569	rpc error: code = Unavailable desc = transport is closing
760	1572	0	1572	rpc error: code = Unavailable desc = transport is closing
760	649	0	649	rpc error: code = Unavailable desc = transport is closing
760	658	0	658	rpc error: code = Unavailable desc = transport is closing
760	660	0	660	rpc error: code = Unavailable desc = transport is closing
760	364	0	364	rpc error: code = Unavailable desc = transport is closing
760	1589	0	1589	rpc error: code = Unavailable desc = transport is closing
760	656	0	656	rpc error: code = Unavailable desc = transport is closing
760	658	0	658	rpc error: code = Unavailable desc = transport is closing
760	353	603	956	<nil>
760	314	566	880	<nil>
760	384	566	950	<nil>
760	639	0	639	rpc error: code = Unavailable desc = transport is closing
760	1346	603	1949	<nil>
760	353	598	951	<nil>
760	388	562	950	<nil>
760	443	0	443	rpc error: code = Unavailable desc = transport is closing
760	348	0	348	rpc error: code = Unavailable desc = transport is closing
760	351	600	951	<nil>
760	1329	618	1947	<nil>
760	3187	604	3791	<nil>
760	383	573	956	<nil>
760	406	566	972	<nil>
760	313	567	880	<nil>
760	1296	622	1918	<nil>
760	328	606	934	<nil>
760	1342	605	1947	<nil>
760	300	0	300	rpc error: code = Unavailable desc = transport is closing
760	318	575	893	<nil>
760	351	603	954	<nil>
760	352	605	957	<nil>
760	3502	567	4069	<nil>
760	1332	621	1953	<nil>
760	424	0	424	rpc error: code = Unavailable desc = transport is closing
760	311	572	883	<nil>
760	352	605	957	<nil>
760	3331	579	3910	<nil>
760	1347	610	1957	<nil>
760	749	239	988	<nil>
760	290	579	869	<nil>
760	385	578	963	<nil>
760	3207	580	3787	<nil>
760	315	579	894	<nil>
760	351	606	957	<nil>
760	335	0	335	rpc error: code = Unavailable desc = transport is closing
760	654	0	654	rpc error: code = Unavailable desc = transport is closing
760	319	0	319	rpc error: code = Unavailable desc = transport is closing
760	650	0	650	rpc error: code = Unavailable desc = transport is closing
760	653	0	653	rpc error: code = Unavailable desc = transport is closing
760	748	250	998	<nil>
760	649	0	649	rpc error: code = Unavailable desc = transport is closing
760	387	0	387	rpc error: code = Unavailable desc = transport is closing
760	308	584	892	<nil>
760	307	585	892	<nil>
760	314	585	899	<nil>
760	242	583	825	<nil>
760	289	585	874	<nil>
760	3208	585	3793	<nil>
760	351	602	953	<nil>
760	313	584	897	<nil>
760	3155	582	3737	<nil>
760	3946	207	4153	<nil>
760	737	207	944	<nil>
760	3939	226	4165	<nil>
760	1802	208	2010	<nil>
760	314	580	894	<nil>
760	1815	240	2055	<nil>
760	730	251	981	<nil>
760	16183	247	16430	<nil>
760	308	578	886	<nil>
760	749	247	996	<nil>
760	656	0	656	rpc error: code = Unavailable desc = transport is closing
760	737	260	997	<nil>
760	736	276	1012	<nil>
760	742	339	1081	<nil>
760	748	367	1115	<nil>
760	742	366	1108	<nil>
760	750	366	1116	<nil>
760	749	381	1130	<nil>
760	686	360	1046	<nil>
760	741	383	1124	<nil>
760	9921	363	10284	<nil>
760	1815	382	2197	<nil>
760	670	359	1029	<nil>
760	741	384	1125	<nil>
760	662	364	1026	<nil>
760	732	393	1125	<nil>
760	748	383	1131	<nil>
760	674	360	1034	<nil>
760	694	348	1042	<nil>
760	718	315	1033	<nil>
760	3302	328	3630	<nil>
760	717	315	1032	<nil>
760	723	314	1037	<nil>
760	9675	327	10002	<nil>
760	674	363	1037	<nil>
760	670	363	1033	<nil>
760	692	328	1020	<nil>
760	736	314	1050	<nil>
760	697	338	1035	<nil>
760	6134	323	6457	<nil>
760	701	328	1029	<nil>
760	709	351	1060	<nil>
760	722	403	1125	<nil>
760	693	415	1108	<nil>
760	572	0	572	rpc error: code = Unavailable desc = transport is closing
760	3515	409	3924	<nil>
760	558	0	558	rpc error: code = Unavailable desc = transport is closing
760	682	430	1112	<nil>
760	575	0	575	rpc error: code = Unavailable desc = transport is closing
760	687	430	1117	<nil>
760	18652	428	19080	<nil>
760	690	438	1128	<nil>
760	669	441	1110	<nil>
760	703	428	1131	<nil>
760	692	437	1129	<nil>
760	694	443	1137	<nil>
760	686	443	1129	<nil>
760	707	424	1131	<nil>
760	706	425	1131	<nil>
760	626	423	1049	<nil>
760	701	429	1130	<nil>
760	16260	424	16684	<nil>
760	701	430	1131	<nil>
760	672	440	1112	<nil>
760	703	429	1132	<nil>
760	674	447	1121	<nil>
760	671	346	1017	<nil>
760	676	350	1026	<nil>
760	641	377	1018	<nil>
760	668	350	1018	<nil>
760	644	378	1022	<nil>
760	669	350	1019	<nil>
760	3367	378	3745	<nil>
760	3156	375	3531	<nil>
760	697	290	987	<nil>
760	644	378	1022	<nil>
760	669	349	1018	<nil>
760	650	376	1026	<nil>
760	662	292	954	<nil>
760	42294	289	42583	<nil>
760	16413	291	16704	<nil>
760	700	291	991	<nil>
760	574	376	950	<nil>
760	694	267	961	<nil>
760	720	268	988	<nil>
760	698	291	989	<nil>
760	3166	383	3549	<nil>
760	664	290	954	<nil>
760	16412	292	16704	<nil>
760	670	293	963	<nil>
760	659	293	952	<nil>
760	699	290	989	<nil>
760	695	292	987	<nil>
760	695	290	985	<nil>
760	9908	383	10291	<nil>
760	697	270	967	<nil>
760	2664	287	2951	<nil>
760	708	314	1022	<nil>
760	663	304	967	<nil>
760	258	288	546	<nil>
760	1498	279	1777	<nil>
760	1259	302	1561	<nil>
760	1342	304	1646	<nil>
760	366	172	538	<nil>
760	379	165	544	<nil>
760	337	190	527	<nil>
760	244	303	547	<nil>
760	1500	305	1805	<nil>
760	239	307	546	<nil>
760	243	304	547	<nil>
760	307	234	541	<nil>
760	256	288	544	<nil>
760	2643	293	2936	<nil>
760	29071	286	29357	<nil>
760	681	287	968	<nil>
760	316	225	541	<nil>
760	377	165	542	<nil>
760	2898	303	3201	<nil>
760	663	305	968	<nil>
760	288	228	516	<nil>
760	286	226	512	<nil>
760	379	167	546	<nil>
760	686	289	975	<nil>
760	258	299	557	<nil>
760	679	298	977	<nil>
760	285	227	512	<nil>
760	283	229	512	<nil>
760	344	201	545	<nil>
760	285	249	534	<nil>
760	338	198	536	<nil>
760	330	205	535	<nil>
760	2664	287	2951	<nil>
760	338	204	542	<nil>
760	320	224	544	<nil>
760	339	174	513	<nil>
760	305	291	596	<nil>
760	1308	290	1598	<nil>
760	346	297	643	<nil>
760	1345	308	1653	<nil>
760	348	295	643	<nil>
760	349	298	647	<nil>
760	341	302	643	<nil>
760	1310	301	1611	<nil>
760	1346	299	1645	<nil>
760	348	298	646	<nil>
760	311	303	614	<nil>
760	314	306	620	<nil>
760	308	313	621	<nil>
760	10383	0	10383	rpc error: code = Unavailable desc = transport is closing
760	372	0	372	rpc error: code = Unavailable desc = transport is closing
760	359	0	359	rpc error: code = Unavailable desc = transport is closing
760	361	0	361	rpc error: code = Unavailable desc = transport is closing
760	346	0	346	rpc error: code = Unavailable desc = transport is closing
760	2916	0	2916	rpc error: code = Unavailable desc = transport is closing
760	392	0	392	rpc error: code = Unavailable desc = transport is closing
760	373	0	373	rpc error: code = Unavailable desc = transport is closing
760	1399	0	1399	rpc error: code = Unavailable desc = transport is closing
760	405	0	405	rpc error: code = Unavailable desc = transport is closing
760	409	0	409	rpc error: code = Unavailable desc = transport is closing
760	1399	0	1399	rpc error: code = Unavailable desc = transport is closing
760	420	0	420	rpc error: code = Unavailable desc = transport is closing
760	3248	0	3248	rpc error: code = Unavailable desc = transport is closing
760	452	0	452	rpc error: code = Unavailable desc = transport is closing
760	414	0	414	rpc error: code = Unavailable desc = transport is closing
760	353	0	353	rpc error: code = Unavailable desc = transport is closing
760	2939	0	2939	rpc error: code = Unavailable desc = transport is closing
760	344	0	344	rpc error: code = Unavailable desc = transport is closing
760	451	0	451	rpc error: code = Unavailable desc = transport is closing
760	352	0	352	rpc error: code = Unavailable desc = transport is closing
760	444	0	444	rpc error: code = Unavailable desc = transport is closing
760	3093	0	3093	rpc error: code = Unavailable desc = transport is closing
760	390	0	390	rpc error: code = Unavailable desc = transport is closing
760	389	0	389	rpc error: code = Unavailable desc = transport is closing
760	1433	0	1433	rpc error: code = Unavailable desc = transport is closing
760	377	209	586	<nil>
760	374	210	584	<nil>
760	377	210	587	<nil>
760	381	204	585	<nil>
760	384	204	588	<nil>
760	25387	204	25591	<nil>
760	384	204	588	<nil>
760	384	204	588	<nil>
760	384	204	588	<nil>
760	384	204	588	<nil>
760	3094	205	3299	<nil>
760	16738	186	16924	<nil>
760	284	182	466	<nil>
760	429	163	592	<nil>
760	417	174	591	<nil>
760	1364	164	1528	<nil>
760	385	205	590	<nil>
760	440	175	615	<nil>
760	16741	173	16914	<nil>
760	2945	49	2994	<nil>
760	408	184	592	<nil>
760	430	159	589	<nil>
760	429	165	594	<nil>
760	408	205	613	<nil>
760	401	209	610	<nil>
760	414	136	550	<nil>
760	471	134	605	<nil>
760	435	172	607	<nil>
760	383	108	491	<nil>
760	16819	110	16929	<nil>
760	2907	86	2993	<nil>
760	388	109	497	<nil>
760	493	101	594	<nil>
760	1333	53	1386	<nil>
760	394	82	476	<nil>
760	381	240	621	<nil>
760	356	136	492	<nil>
760	247	45	292	<nil>
760	377	100	477	<nil>
760	474	76	550	<nil>
760	410	139	549	<nil>
760	460	136	596	<nil>
760	398	78	476	<nil>
760	353	138	491	<nil>
760	407	187	594	<nil>
760	10437	80	10517	<nil>
760	518	79	597	<nil>
760	473	78	551	<nil>
760	399	79	478	<nil>
760	379	129	508	<nil>
760	25612	86	25698	<nil>
760	1399	139	1538	<nil>
760	518	77	595	<nil>
760	399	79	478	<nil>
760	411	139	550	<nil>
760	414	83	497	<nil>
760	517	79	596	<nil>
760	369	110	479	<nil>
760	3224	87	3311	<nil>
760	421	129	550	<nil>
760	1413	85	1498	<nil>
760	414	79	493	<nil>
760	412	83	495	<nil>
760	471	80	551	<nil>
760	513	83	596	<nil>
760	5762	79	5841	<nil>
760	328	41	369	<nil>
760	329	41	370	<nil>
760	329	41	370	<nil>
760	367	109	476	<nil>
760	328	42	370	<nil>
760	416	146	562	<nil>
760	440	166	606	<nil>
760	386	166	552	<nil>
760	426	183	609	<nil>
760	10526	134	10660	<nil>
760	355	147	502	<nil>
760	2827	177	3004	<nil>
760	441	171	612	<nil>
760	434	178	612	<nil>
760	16757	185	16942	<nil>
760	336	175	511	<nil>
760	408	175	583	<nil>
760	3057	118	3175	<nil>
760	429	183	612	<nil>
760	238	46	284	<nil>
760	215	38	253	<nil>
760	362	168	530	<nil>
760	416	192	608	<nil>
760	429	177	606	<nil>
760	444	61	505	<nil>
760	353	136	489	<nil>
760	436	183	619	<nil>
760	2738	46	2784	<nil>
760	235	49	284	<nil>
760	207	38	245	<nil>
760	1354	48	1402	<nil>
760	336	47	383	<nil>
760	3139	47	3186	<nil>
760	335	48	383	<nil>
760	321	53	374	<nil>
760	327	48	375	<nil>
760	225	41	266	<nil>
760	3134	52	3186	<nil>
760	1324	53	1377	<nil>
760	329	51	380	<nil>
760	336	47	383	<nil>
760	18048	55	18103	<nil>
760	333	53	386	<nil>
760	1346	55	1401	<nil>
760	16904	48	16952	<nil>
760	336	53	389	<nil>
760	334	48	382	<nil>
760	26743	46	26789	<nil>
760	518	77	595	<nil>
760	3041	109	3150	<nil>
760	247	44	291	<nil>
760	439	181	620	<nil>
760	420	78	498	<nil>
760	234	47	281	<nil>
760	236	47	283	<nil>
760	249	51	300	<nil>
760	234	46	280	<nil>
760	227	37	264	<nil>
760	228	37	265	<nil>
760	242	44	286	<nil>
760	226	37	263	<nil>
760	239	43	282	<nil>
760	223	41	264	<nil>
760	16922	45	16967	<nil>
760	219	43	262	<nil>
760	1230	43	1273	<nil>
760	238	47	285	<nil>
760	16924	43	16967	<nil>
760	223	41	264	<nil>
760	423	185	608	<nil>
760	2989	38	3027	<nil>
760	1453	60	1513	<nil>
760	234	47	281	<nil>
760	248	52	300	<nil>
760	248	53	301	<nil>
760	235	49	284	<nil>
760	236	49	285	<nil>
760	249	46	295	<nil>
760	240	46	286	<nil>
760	1348	47	1395	<nil>
760	384	240	624	<nil>
760	238	45	283	<nil>
760	228	44	272	<nil>
760	228	46	274	<nil>
760	239	46	285	<nil>
760	228	45	273	<nil>
760	6343	47	6390	<nil>
760	227	48	275	<nil>
760	226	47	273	<nil>
760	230	46	276	<nil>
760	232	46	278	<nil>
760	228	45	273	<nil>
760	241	45	286	<nil>
760	228	46	274	<nil>
760	2756	31	2787	<nil>
760	10659	52	10711	<nil>
760	228	53	281	<nil>
760	238	54	292	<nil>
760	227	53	280	<nil>
760	228	52	280	<nil>
760	228	53	281	<nil>
760	191	151	342	<nil>
760	238	162	400	<nil>
760	202	152	354	<nil>
760	178	54	232	<nil>
760	228	53	281	<nil>
760	167	53	220	<nil>
760	2779	150	2929	<nil>
760	177	163	340	<nil>
760	227	163	390	<nil>
760	182	149	331	<nil>
760	166	162	328	<nil>
760	227	162	389	<nil>
760	227	164	391	<nil>
760	190	150	340	<nil>
760	170	162	332	<nil>
760	190	149	339	<nil>
760	170	162	332	<nil>
760	10670	152	10822	<nil>
760	78	153	231	<nil>
760	156	152	308	<nil>
760	16417	155	16572	<nil>
760	169	163	332	<nil>
760	227	163	390	<nil>
760	8839	162	9001	<nil>
760	152	155	307	<nil>
760	152	156	308	<nil>
760	154	154	308	<nil>
760	154	155	309	<nil>
760	190	152	342	<nil>
760	151	155	306	<nil>
760	240	154	394	<nil>
760	3014	155	3169	<nil>
760	149	155	304	<nil>
760	79	154	233	<nil>
760	151	155	306	<nil>
760	154	153	307	<nil>
760	179	152	331	<nil>
760	155	156	311	<nil>
760	151	155	306	<nil>
760	151	155	306	<nil>
760	3009	153	3162	<nil>
760	228	162	390	<nil>
760	152	154	306	<nil>
760	179	153	332	<nil>
760	182	152	334	<nil>
760	149	155	304	<nil>
760	191	154	345	<nil>
760	192	152	344	<nil>
760	161	151	312	<nil>
760	216	150	366	<nil>
760	168	53	221	<nil>
760	605	26	631	<nil>
760	649	26	675	<nil>
760	622	26	648	<nil>
760	616	11	627	<nil>
760	621	12	633	<nil>
760	433	25	458	<nil>
760	628	27	655	<nil>
760	26333	26	26359	<nil>
760	598	29	627	<nil>
760	5243	7	5250	<nil>
760	607	26	633	<nil>
760	650	30	680	<nil>
760	406	28	434	<nil>
760	1432	0	1432	rpc error: code = Unavailable desc = transport is closing
760	659	26	685	<nil>
760	626	13	639	<nil>
760	205	0	205	rpc error: code = Unavailable desc = transport is closing
760	225	26	251	<nil>
760	1448	10	1458	<nil>
760	613	26	639	<nil>
760	9179	0	9179	rpc error: code = Unavailable desc = transport is closing
760	633	8	641	<nil>
760	191	24	215	<nil>
760	633	7	640	<nil>
760	632	7	639	<nil>
760	179	11	190	<nil>
760	5059	9	5068	<nil>
760	615	28	643	<nil>
760	27418	20	27438	<nil>
760	1448	10	1458	<nil>
760	619	24	643	<nil>
760	179	10	189	<nil>
760	467	28	495	<nil>
760	657	25	682	<nil>
760	613	26	639	<nil>
760	493	0	493	rpc error: code = Unavailable desc = transport is closing
760	620	24	644	<nil>
760	5273	27	5300	<nil>
760	1449	9	1458	<nil>
760	629	10	639	<nil>
760	485	10	495	<nil>
760	660	25	685	<nil>
760	642	0	642	rpc error: code = Unavailable desc = transport is closing
760	487	11	498	<nil>
760	1447	9	1456	<nil>
760	24864	25	24889	<nil>
760	645	0	645	rpc error: code = Unavailable desc = transport is closing
760	480	28	508	<nil>
760	614	30	644	<nil>
760	609	31	640	<nil>
760	643	0	643	rpc error: code = Unavailable desc = transport is closing
760	497	0	497	rpc error: code = Unavailable desc = transport is closing
760	17586	24	17610	<nil>
760	1448	12	1460	<nil>
760	9658	12	9670	<nil>
760	497	0	497	rpc error: code = Unavailable desc = transport is closing
760	630	10	640	<nil>
760	644	0	644	rpc error: code = Unavailable desc = transport is closing
760	234	15	249	<nil>
760	620	23	643	<nil>
760	191	81	272	<nil>
760	642	80	722	<nil>
760	644	78	722	<nil>
760	113818	79	113897	<nil>
760	643	79	722	<nil>
760	1434	81	1515	<nil>
760	5372	79	5451	<nil>
760	5077	78	5155	<nil>
760	1463	78	1541	<nil>
760	498	78	576	<nil>
760	246	102	348	<nil>
760	24905	86	24991	<nil>
760	1461	110	1571	<nil>
760	584	0	584	rpc error: code = Unavailable desc = transport is closing
760	624	0	624	rpc error: code = Unavailable desc = transport is closing
760	546	0	546	rpc error: code = Unavailable desc = transport is closing
760	601	0	601	rpc error: code = Unavailable desc = transport is closing
760	89	53	142	<nil>
760	635	0	635	rpc error: code = Unavailable desc = transport is closing
760	584	0	584	rpc error: code = Unavailable desc = transport is closing
760	602	0	602	rpc error: code = Unavailable desc = transport is closing
760	653	0	653	rpc error: code = Unavailable desc = transport is closing
760	600	0	600	rpc error: code = Unavailable desc = transport is closing
760	636	0	636	rpc error: code = Unavailable desc = transport is closing
760	601	0	601	rpc error: code = Unavailable desc = transport is closing
760	613	0	613	rpc error: code = Unavailable desc = transport is closing
760	637	0	637	rpc error: code = Unavailable desc = transport is closing
760	629	0	629	rpc error: code = Unavailable desc = transport is closing
760	555	0	555	rpc error: code = Unavailable desc = transport is closing
760	605	0	605	rpc error: code = Unavailable desc = transport is closing
760	648	0	648	rpc error: code = Unavailable desc = transport is closing
760	600	0	600	rpc error: code = Unavailable desc = transport is closing
760	607	0	607	rpc error: code = Unavailable desc = transport is closing
760	632	0	632	rpc error: code = Unavailable desc = transport is closing
760	583	0	583	rpc error: code = Unavailable desc = transport is closing
760	605	0	605	rpc error: code = Unavailable desc = transport is closing
760	605	0	605	rpc error: code = Unavailable desc = transport is closing
760	599	0	599	rpc error: code = Unavailable desc = transport is closing
760	608	0	608	rpc error: code = Unavailable desc = transport is closing
760	578	0	578	rpc error: code = Unavailable desc = transport is closing
760	10947	0	10947	rpc error: code = Unavailable desc = transport is closing
760	601	0	601	rpc error: code = Unavailable desc = transport is closing
760	602	0	602	rpc error: code = Unavailable desc = transport is closing
760	598	0	598	rpc error: code = Unavailable desc = transport is closing
760	3343	0	3343	rpc error: code = Unavailable desc = transport is closing
760	635	0	635	rpc error: code = Unavailable desc = transport is closing
760	602	0	602	rpc error: code = Unavailable desc = transport is closing
760	619	0	619	rpc error: code = Unavailable desc = transport is closing
760	598	0	598	rpc error: code = Unavailable desc = transport is closing
760	119	33	152	<nil>
760	125	28	153	<nil>
760	120	34	154	<nil>
760	120	29	149	<nil>
760	119	33	152	<nil>
760	120	39	159	<nil>
760	114	38	152	<nil>
760	125	50	175	<nil>
760	5191	60	5251	<nil>
760	24632	0	24632	rpc error: code = Unavailable desc = transport is closing
760	621	0	621	rpc error: code = Unavailable desc = transport is closing
760	179	0	179	rpc error: code = Unavailable desc = transport is closing
760	483	0	483	rpc error: code = Unavailable desc = transport is closing
760	1431	0	1431	rpc error: code = Unavailable desc = transport is closing
760	623	0	623	rpc error: code = Unavailable desc = transport is closing
760	468	0	468	rpc error: code = Unavailable desc = transport is closing
760	659	0	659	rpc error: code = Unavailable desc = transport is closing
760	1438	0	1438	rpc error: code = Unavailable desc = transport is closing
760	10927	0	10927	rpc error: code = Unavailable desc = transport is closing
760	1349	0	1349	rpc error: code = Unavailable desc = transport is closing
760	613	0	613	rpc error: code = Unavailable desc = transport is closing
760	613	0	613	rpc error: code = Unavailable desc = transport is closing
760	2879	14	2893	<nil>
760	166	9	175	<nil>
760	96	14	110	<nil>
760	151	35	186	<nil>
760	2689	110	2799	<nil>
760	2895	14	2909	<nil>
760	5249	14	5263	<nil>
760	11166	0	11166	rpc error: code = Unavailable desc = transport is closing
760	5352	0	5352	rpc error: code = Unavailable desc = transport is closing
760	471	0	471	rpc error: code = Unavailable desc = transport is closing
760	469	0	469	rpc error: code = Unavailable desc = transport is closing
760	5385	0	5385	rpc error: code = Unavailable desc = transport is closing
760	661	0	661	rpc error: code = Unavailable desc = transport is closing
760	613	0	613	rpc error: code = Unavailable desc = transport is closing
760	622	0	622	rpc error: code = Unavailable desc = transport is closing
760	621	0	621	rpc error: code = Unavailable desc = transport is closing
760	127	32	159	<nil>
760	126	36	162	<nil>
760	745	46	791	<nil>
760	619	0	619	rpc error: code = Unavailable desc = transport is closing
760	623	0	623	rpc error: code = Unavailable desc = transport is closing
760	606	0	606	rpc error: code = Unavailable desc = transport is closing
760	648	0	648	rpc error: code = Unavailable desc = transport is closing
760	125	60	185	<nil>
760	627	0	627	rpc error: code = Unavailable desc = transport is closing
760	618	0	618	rpc error: code = Unavailable desc = transport is closing
760	111	50	161	<nil>
760	629	0	629	rpc error: code = Unavailable desc = transport is closing
760	1432	0	1432	rpc error: code = Unavailable desc = transport is closing
760	5027	0	5027	rpc error: code = Unavailable desc = transport is closing
760	602	0	602	rpc error: code = Unavailable desc = transport is closing
760	1096	97	1193	<nil>
760	71000	0	71000	rpc error: code = Unavailable desc = transport is closing
760	617	0	617	rpc error: code = Unavailable desc = transport is closing
760	634	0	634	rpc error: code = Unavailable desc = transport is closing
760	628	0	628	rpc error: code = Unavailable desc = transport is closing
760	659	0	659	rpc error: code = Unavailable desc = transport is closing
760	179	0	179	rpc error: code = Unavailable desc = transport is closing
760	1448	0	1448	rpc error: code = Unavailable desc = transport is closing
760	179	0	179	rpc error: code = Unavailable desc = transport is closing
760	114	0	114	rpc error: code = Unavailable desc = transport is closing
760	44834	0	44834	rpc error: code = Unavailable desc = transport is closing
760	179	0	179	rpc error: code = Unavailable desc = transport is closing
760	176	0	176	rpc error: code = Unavailable desc = transport is closing
760	483	0	483	rpc error: code = Unavailable desc = transport is closing
760	473	0	473	rpc error: code = Unavailable desc = transport is closing
760	488	0	488	rpc error: code = Unavailable desc = transport is closing
760	635	0	635	rpc error: code = Unavailable desc = transport is closing
760	1333	0	1333	rpc error: code = Unavailable desc = transport is closing
760	634	0	634	rpc error: code = Unavailable desc = transport is closing
760	175	0	175	rpc error: code = Unavailable desc = transport is closing
760	655	0	655	rpc error: code = Unavailable desc = transport is closing
760	623	0	623	rpc error: code = Unavailable desc = transport is closing
760	486	0	486	rpc error: code = Unavailable desc = transport is closing
760	621	0	621	rpc error: code = Unavailable desc = transport is closing
760	116	61	177	<nil>
760	116	61	177	<nil>
760	5487	64	5551	<nil>
760	176	0	176	rpc error: code = Unavailable desc = transport is closing
760	179	0	179	rpc error: code = Unavailable desc = transport is closing
760	125	51	176	<nil>
760	125	62	187	<nil>
760	116	62	178	<nil>
760	124	51	175	<nil>
760	114	62	176	<nil>
760	5492	62	5554	<nil>
760	116	64	180	<nil>
760	124	64	188	<nil>
760	126	0	126	rpc error: code = Unavailable desc = transport is closing
760	114	62	176	<nil>
760	124	51	175	<nil>
760	113	62	175	<nil>
760	115	62	177	<nil>
760	2599	54	2653	<nil>
760	2583	62	2645	<nil>
760	111	0	111	rpc error: code = Unavailable desc = transport is closing
760	328	0	328	rpc error: code = Unavailable desc = transport is closing
760	114	64	178	<nil>
760	1346	0	1346	rpc error: code = Unavailable desc = transport is closing
760	115	0	115	rpc error: code = Unavailable desc = transport is closing
760	5186	66	5252	<nil>
760	16898	0	16898	rpc error: code = Unavailable desc = transport is closing
760	617	0	617	rpc error: code = Unavailable desc = transport is closing
760	17580	0	17580	rpc error: code = Unavailable desc = transport is closing
760	612	0	612	rpc error: code = Unavailable desc = transport is closing
760	103	12	115	<nil>
760	1136	12	1148	<nil>
760	421	0	421	rpc error: code = Unavailable desc = transport is closing
760	662	0	662	rpc error: code = Unavailable desc = transport is closing
760	115	78	193	<nil>
760	5367	0	5367	rpc error: code = Unavailable desc = transport is closing
760	104	79	183	<nil>
760	128	59	187	<nil>
760	2602	70	2672	<nil>
760	124	81	205	<nil>
760	601	0	601	rpc error: code = Unavailable desc = transport is closing
760	111	70	181	<nil>
760	148	43	191	<nil>
760	141	42	183	<nil>
760	152	43	195	<nil>
760	2990	44	3034	<nil>
760	148	43	191	<nil>
760	600	0	600	rpc error: code = Unavailable desc = transport is closing
760	607	0	607	rpc error: code = Unavailable desc = transport is closing
760	140	43	183	<nil>
760	647	0	647	rpc error: code = Unavailable desc = transport is closing
760	54	19	73	<nil>
760	63	30	93	<nil>
760	2914	31	2945	<nil>
760	2901	32	2933	<nil>
760	2871	31	2902	<nil>
760	40	38	78	<nil>
760	5063	38	5101	<nil>
760	2897	38	2935	<nil>
760	2663	38	2701	<nil>
760	606	0	606	rpc error: code = Unavailable desc = transport is closing
760	143	245	388	<nil>
760	618	0	618	rpc error: code = Unavailable desc = transport is closing
760	5227	243	5470	<nil>
760	599	0	599	rpc error: code = Unavailable desc = transport is closing
760	146	330	476	<nil>
760	3016	315	3331	<nil>
760	2644	316	2960	<nil>
760	2760	317	3077	<nil>
760	604	0	604	rpc error: code = Unavailable desc = transport is closing
760	599	0	599	rpc error: code = Unavailable desc = transport is closing
760	2679	289	2968	<nil>
760	95	319	414	<nil>
760	173	319	492	<nil>
760	614	0	614	rpc error: code = Unavailable desc = transport is closing
760	90	291	381	<nil>
760	599	0	599	rpc error: code = Unavailable desc = transport is closing
760	601	0	601	rpc error: code = Unavailable desc = transport is closing
760	603	0	603	rpc error: code = Unavailable desc = transport is closing
760	606	0	606	rpc error: code = Unavailable desc = transport is closing
760	652	0	652	rpc error: code = Unavailable desc = transport is closing
760	658	0	658	rpc error: code = Unavailable desc = transport is closing
760	599	0	599	rpc error: code = Unavailable desc = transport is closing
760	637	0	637	rpc error: code = Unavailable desc = transport is closing
760	637	0	637	rpc error: code = Unavailable desc = transport is closing
760	584	0	584	rpc error: code = Unavailable desc = transport is closing
760	625	0	625	rpc error: code = Unavailable desc = transport is closing
760	595	0	595	rpc error: code = Unavailable desc = transport is closing
760	3380	0	3380	rpc error: code = Unavailable desc = transport is closing
760	590	0	590	rpc error: code = Unavailable desc = transport is closing
760	605	0	605	rpc error: code = Unavailable desc = transport is closing
760	609	0	609	rpc error: code = Unavailable desc = transport is closing
760	594	0	594	rpc error: code = Unavailable desc = transport is closing
760	637	0	637	rpc error: code = Unavailable desc = transport is closing
760	582	0	582	rpc error: code = Unavailable desc = transport is closing
760	594	0	594	rpc error: code = Unavailable desc = transport is closing
760	635	0	635	rpc error: code = Unavailable desc = transport is closing
760	589	0	589	rpc error: code = Unavailable desc = transport is closing
760	11268	0	11268	rpc error: code = Unavailable desc = transport is closing
760	582	0	582	rpc error: code = Unavailable desc = transport is closing
760	601	0	601	rpc error: code = Unavailable desc = transport is closing
760	647	0	647	rpc error: code = Unavailable desc = transport is closing
760	646	0	646	rpc error: code = Unavailable desc = transport is closing
760	649	0	649	rpc error: code = Unavailable desc = transport is closing
760	600	0	600	rpc error: code = Unavailable desc = transport is closing
760	595	0	595	rpc error: code = Unavailable desc = transport is closing
760	595	0	595	rpc error: code = Unavailable desc = transport is closing
760	595	0	595	rpc error: code = Unavailable desc = transport is closing
760	612	0	612	rpc error: code = Unavailable desc = transport is closing
760	600	0	600	rpc error: code = Unavailable desc = transport is closing
760	593	0	593	rpc error: code = Unavailable desc = transport is closing
760	624	0	624	rpc error: code = Unavailable desc = transport is closing
760	595	0	595	rpc error: code = Unavailable desc = transport is closing
760	594	0	594	rpc error: code = Unavailable desc = transport is closing
760	3176	0	3176	rpc error: code = Unavailable desc = transport is closing
760	594	0	594	rpc error: code = Unavailable desc = transport is closing
760	634	0	634	rpc error: code = Unavailable desc = transport is closing
760	603	0	603	rpc error: code = Unavailable desc = transport is closing
760	600	0	600	rpc error: code = Unavailable desc = transport is closing
760	600	0	600	rpc error: code = Unavailable desc = transport is closing
760	654	0	654	rpc error: code = Unavailable desc = transport is closing
760	190	337	527	<nil>
760	607	0	607	rpc error: code = Unavailable desc = transport is closing
760	598	0	598	rpc error: code = Unavailable desc = transport is closing
760	652	0	652	rpc error: code = Unavailable desc = transport is closing
760	613	0	613	rpc error: code = Unavailable desc = transport is closing
760	24148	321	24469	<nil>
760	597	0	597	rpc error: code = Unavailable desc = transport is closing
760	154	343	497	<nil>
760	212	317	529	<nil>
760	633	0	633	rpc error: code = Unavailable desc = transport is closing
760	653	0	653	rpc error: code = Unavailable desc = transport is closing
760	625	0	625	rpc error: code = Unavailable desc = transport is closing
760	362	0	362	rpc error: code = Unavailable desc = transport is closing
760	303	0	303	rpc error: code = Unavailable desc = transport is closing
760	322	0	322	rpc error: code = Unavailable desc = transport is closing
760	3233	0	3233	rpc error: code = Unavailable desc = transport is closing
760	343	0	343	rpc error: code = Unavailable desc = transport is closing
760	336	194	530	<nil>
760	309	196	505	<nil>
760	323	193	516	<nil>
760	339	178	517	<nil>
760	333	181	514	<nil>
760	339	191	530	<nil>
760	362	191	553	<nil>
760	3362	187	3549	<nil>
760	421	0	421	rpc error: code = Unavailable desc = transport is closing
760	25499	0	25499	rpc error: code = Unavailable desc = transport is closing
760	613	0	613	rpc error: code = Unavailable desc = transport is closing
760	446	63	509	<nil>
760	458	56	514	<nil>
760	5986	0	5986	rpc error: code = Unavailable desc = transport is closing
760	423	0	423	rpc error: code = Unavailable desc = transport is closing
760	428	0	428	rpc error: code = Unavailable desc = transport is closing
760	421	106	527	<nil>
760	452	0	452	rpc error: code = Unavailable desc = transport is closing
760	3083	109	3192	<nil>
760	455	107	562	<nil>
760	3174	0	3174	rpc error: code = Unavailable desc = transport is closing
760	415	107	522	<nil>
760	417	0	417	rpc error: code = Unavailable desc = transport is closing
760	398	110	508	<nil>
760	420	110	530	<nil>
760	453	60	513	<nil>
760	454	60	514	<nil>
760	418	0	418	rpc error: code = Unavailable desc = transport is closing
760	77969	56	78025	<nil>
760	199	36	235	<nil>
760	2856	19	2875	<nil>
760	434	57	491	<nil>
760	134	15	149	<nil>
760	468	56	524	<nil>
760	474	47	521	<nil>
760	39923	14	39937	<nil>
760	458	61	519	<nil>
760	455	61	516	<nil>
760	460	56	516	<nil>
760	459	56	515	<nil>
760	459	56	515	<nil>
760	3379	58	3437	<nil>
760	458	58	516	<nil>
760	451	62	513	<nil>
760	452	61	513	<nil>
760	2774	0	2774	rpc error: code = Unavailable desc = transport is closing
760	463	50	513	<nil>
760	452	64	516	<nil>
760	199	36	235	<nil>
760	2890	19	2909	<nil>
760	468	52	520	<nil>
760	450	62	512	<nil>
760	451	61	512	<nil>
760	133	14	147	<nil>
760	6052	53	6105	<nil>
760	199	36	235	<nil>
760	201	35	236	<nil>
760	461	58	519	<nil>
760	465	56	521	<nil>
760	452	63	515	<nil>
760	132	15	147	<nil>
760	157	14	171	<nil>
760	458	56	514	<nil>
760	159	14	173	<nil>
760	134	13	147	<nil>
760	459	56	515	<nil>
760	1408	53	1461	<nil>
760	144	14	158	<nil>
760	455	62	517	<nil>
760	178	18	196	<nil>
760	470	56	526	<nil>
760	116	408	524	<nil>
760	117	409	526	<nil>
760	116	409	525	<nil>
760	27107	406	27513	<nil>
760	118	409	527	<nil>
760	117	409	526	<nil>
760	117	411	528	<nil>
760	119	410	529	<nil>
760	118	411	529	<nil>
760	117	410	527	<nil>
760	2773	412	3185	<nil>
760	120	411	531	<nil>
760	117	410	527	<nil>
760	118	409	527	<nil>
760	2910	409	3319	<nil>
760	118	415	533	<nil>
760	2906	411	3317	<nil>
760	121	411	532	<nil>
760	117	411	528	<nil>
760	117	412	529	<nil>
760	4906	410	5316	<nil>
760	120	411	531	<nil>
760	120	410	530	<nil>
760	117	415	532	<nil>
760	117	411	528	<nil>
760	120	415	535	<nil>
760	117	415	532	<nil>
760	119	413	532	<nil>
760	118	416	534	<nil>
760	36	414	450	<nil>
760	118	416	534	<nil>
760	525	27	552	<nil>
760	440	13	453	<nil>
760	432	20	452	<nil>
760	462	13	475	<nil>
760	436	15	451	<nil>
760	437	15	452	<nil>
760	108	24	132	<nil>
760	463	15	478	<nil>
760	432	23	455	<nil>
760	455	24	479	<nil>
760	438	17	455	<nil>
760	432	23	455	<nil>
760	431	23	454	<nil>
760	459	18	477	<nil>
760	428	67	495	<nil>
760	452	67	519	<nil>
760	438	78	516	<nil>
760	455	74	529	<nil>
760	449	66	515	<nil>
760	441	15	456	<nil>
760	451	60	511	<nil>
760	472	62	534	<nil>
760	428	81	509	<nil>
760	431	82	513	<nil>
760	436	107	543	<nil>
760	452	88	540	<nil>
760	449	91	540	<nil>
760	429	108	537	<nil>
760	451	88	539	<nil>
760	431	110	541	<nil>
760	454	105	559	<nil>
760	455	85	540	<nil>
760	449	107	556	<nil>
760	451	89	540	<nil>
760	452	125	577	<nil>
760	441	99	540	<nil>
760	436	116	552	<nil>
760	5275	92	5367	<nil>
760	5310	93	5403	<nil>
760	471	106	577	<nil>
760	441	98	539	<nil>
760	453	113	566	<nil>
760	450	116	566	<nil>
760	451	118	569	<nil>
760	451	121	572	<nil>
760	471	136	607	<nil>
760	1374	137	1511	<nil>
760	1375	135	1510	<nil>
760	1173	140	1313	<nil>
760	25046	140	25186	<nil>
760	108	141	249	<nil>
760	3223	146	3369	<nil>
760	1178	143	1321	<nil>
760	1433	142	1575	<nil>
760	1392	138	1530	<nil>
760	1428	143	1571	<nil>
760	1428	147	1575	<nil>
760	109	142	251	<nil>
760	94	111	205	<nil>
760	1379	162	1541	<nil>
760	82	122	204	<nil>
760	8962	161	9123	<nil>
760	91	119	210	<nil>
760	90	120	210	<nil>
760	115	86	201	<nil>
760	111	99	210	<nil>
760	93	116	209	<nil>
760	107	99	206	<nil>
760	145	70	215	<nil>
760	98	114	212	<nil>
760	112	101	213	<nil>
760	136	77	213	<nil>
760	114	88	202	<nil>
760	126	88	214	<nil>
760	126	89	215	<nil>
760	98	90	188	<nil>
760	2422	95	2517	<nil>
760	135	81	216	<nil>
760	1236	56	1292	<nil>
760	1290	75	1365	<nil>
760	107	91	198	<nil>
760	99	100	199	<nil>
760	147	51	198	<nil>
760	145	53	198	<nil>
760	116	71	187	<nil>
760	2659	100	2759	<nil>
760	5758	75	5833	<nil>
760	23037	68	23105	<nil>
760	129	80	209	<nil>
760	1514	63	1577	<nil>
760	1565	59	1624	<nil>
760	233	73	306	<nil>
760	1110	64	1174	<nil>
760	147	63	210	<nil>
760	1117	65	1182	<nil>
760	1113	70	1183	<nil>
760	85	65	150	<nil>
760	242	67	309	<nil>
760	73	75	148	<nil>
760	1147	82	1229	<nil>
760	1126	103	1229	<nil>
760	2740	82	2822	<nil>
760	94	83	177	<nil>
760	94	84	178	<nil>
760	93	83	176	<nil>
760	95	83	178	<nil>
760	95	83	178	<nil>
760	1145	87	1232	<nil>
760	1147	84	1231	<nil>
760	120	84	204	<nil>
760	1174	85	1259	<nil>
760	1142	83	1225	<nil>
760	1184	89	1273	<nil>
760	116	86	202	<nil>
760	27	99	126	<nil>
760	29	114	143	<nil>
760	45	116	161	<nil>
760	49	116	165	<nil>
760	2388	120	2508	<nil>
760	95	121	216	<nil>
760	95	121	216	<nil>
760	73817	110	73927	<nil>
760	186	114	300	<nil>
760	46	125	171	<nil>
760	44	127	171	<nil>
760	21	115	136	<nil>
760	28	125	153	<nil>
760	172	129	301	<nil>
760	188	142	330	<nil>
760	188	143	331	<nil>
760	188	144	332	<nil>
760	188	144	332	<nil>
760	188	145	333	<nil>
760	27746	141	27887	<nil>
760	194	143	337	<nil>
760	174	150	324	<nil>
760	15	149	164	<nil>
760	187	150	337	<nil>
760	1617	160	1777	<nil>
760	1632	146	1778	<nil>
760	1575	148	1723	<nil>
760	307	149	456	<nil>
760	22	150	172	<nil>
760	309	149	458	<nil>
760	1378	149	1527	<nil>
760	21	150	171	<nil>
760	308	149	457	<nil>
760	22	151	173	<nil>
760	25	152	177	<nil>
760	24	162	186	<nil>
760	33	149	182	<nil>
760	66	136	202	<nil>
760	33	163	196	<nil>
760	2595	143	2738	<nil>
760	63	152	215	<nil>
760	5882	154	6036	<nil>
760	46	156	202	<nil>
760	44	158	202	<nil>
760	78	123	201	<nil>
760	44	156	200	<nil>
760	43	157	200	<nil>
760	65	125	190	<nil>
760	77	124	201	<nil>
760	65	125	190	<nil>
760	2639	124	2763	<nil>
760	75	124	199	<nil>
760	74	136	210	<nil>
760	70	142	212	<nil>
760	75	143	218	<nil>
760	76	144	220	<nil>
760	180	140	320	<nil>
760	1178	144	1322	<nil>
760	1286	124	1410	<nil>
760	2625	139	2764	<nil>
760	328	109	437	<nil>
760	248	110	358	<nil>
760	45	137	182	<nil>
760	1272	142	1414	<nil>
760	175	145	320	<nil>
760	181	142	323	<nil>
760	39204	139	39343	<nil>
760	2546	109	2655	<nil>
760	154	107	261	<nil>
760	63	83	146	<nil>
760	152	111	263	<nil>
760	152	111	263	<nil>
760	160	108	268	<nil>
760	45919	107	46026	<nil>
760	155	108	263	<nil>
760	162	108	270	<nil>
760	2662	111	2773	<nil>
760	66	86	152	<nil>
760	2554	110	2664	<nil>
760	83	86	169	<nil>
760	61	87	148	<nil>
760	67	86	153	<nil>
760	2688	88	2776	<nil>
760	2709	88	2797	<nil>
760	52	61	113	<nil>
760	70	62	132	<nil>
760	5230	61	5291	<nil>
760	57	65	122	<nil>
760	2612	63	2675	<nil>
760	51	70	121	<nil>
760	52	66	118	<nil>
760	54	62	116	<nil>
760	183	44	227	<nil>
760	195	43	238	<nil>
760	1382	42	1424	<nil>
760	194	45	239	<nil>
760	382	21	403	<nil>
760	381	23	404	<nil>
760	1445	25	1470	<nil>
760	1404	24	1428	<nil>
760	1312	24	1336	<nil>
760	1077	32	1109	<nil>
760	2648	25	2673	<nil>
760	5265	33	5298	<nil>
760	70	25	95	<nil>
760	71	26	97	<nil>
760	2992	33	3025	<nil>
760	74	23	97	<nil>
760	76	23	99	<nil>
760	2649	24	2673	<nil>
760	72	26	98	<nil>
760	58	25	83	<nil>
760	183	26	209	<nil>
760	9589	26	9615	<nil>
760	2763	26	2789	<nil>
760	310	21	331	<nil>
760	292	21	313	<nil>
760	2771	22	2793	<nil>
760	2768	22	2790	<nil>
760	1032	22	1054	<nil>
760	34	22	56	<nil>
760	51	22	73	<nil>
760	5054	23	5077	<nil>
760	43	19	62	<nil>
760	6073	19	6092	<nil>
760	56	20	76	<nil>
760	1045	21	1066	<nil>
760	56	21	77	<nil>
760	2788	21	2809	<nil>
760	55	21	76	<nil>
760	56	22	78	<nil>
760	166	19	185	<nil>
760	155	17	172	<nil>
760	150	22	172	<nil>
760	1150	19	1169	<nil>
760	1150	18	1168	<nil>
760	223	10	233	<nil>
760	1237	8	1245	<nil>
760	238	10	248	<nil>
760	341	16	357	<nil>
760	1212	17	1229	<nil>
760	237	16	253	<nil>
760	343	14	357	<nil>
760	2814	16	2830	<nil>
760	171	8	179	<nil>
760	5642	10	5652	<nil>
760	234	17	251	<nil>
760	2885	18	2903	<nil>
760	345	15	360	<nil>
760	175	2	177	<nil>
760	341	16	357	<nil>
760	188	13	201	<nil>
760	331	14	345	<nil>
760	1371	15	1386	<nil>
760	336	17	353	<nil>
760	234	18	252	<nil>
760	2945	1	2946	<nil>
760	233	21	254	<nil>
760	343	16	359	<nil>
760	158	5	163	<nil>
760	1083	6	1089	<nil>
760	172	7	179	<nil>
760	47900	15	47915	<nil>
760	163	1	164	<nil>
760	185	2	187	<nil>
760	185	1	186	<nil>
760	164	1	165	<nil>
760	176	1	177	<nil>
760	192	4	196	<nil>
760	1182	1	1183	<nil>
760	174	1	175	<nil>
760	206	3	209	<nil>
760	186	2	188	<nil>
760	165	1	166	<nil>
760	5033	1	5034	<nil>
760	1179	4	1183	<nil>
760	185	2	187	<nil>
760	162	3	165	<nil>
760	165	4	169	<nil>
760	206	3	209	<nil>
760	163	3	166	<nil>
760	161	9	170	<nil>
760	26682	6	26688	<nil>
760	2925	16	2941	<nil>
760	163	1	164	<nil>
760	181	1	182	<nil>
760	169	12	181	<nil>
760	157	14	171	<nil>
760	186	105	291	<nil>
760	174	103	277	<nil>
760	187	100	287	<nil>
760	170	101	271	<nil>
760	162	130	292	<nil>
760	168	130	298	<nil>
760	162	130	292	<nil>
760	2827	130	2957	<nil>
760	2836	130	2966	<nil>
760	155	130	285	<nil>
760	181	131	312	<nil>
760	170	131	301	<nil>
760	198	130	328	<nil>
760	182	112	294	<nil>
760	198	137	335	<nil>
760	171	135	306	<nil>
760	165	136	301	<nil>
760	170	135	305	<nil>
760	126	11	137	<nil>
760	120	12	132	<nil>
760	120	13	133	<nil>
760	127	10	137	<nil>
760	289	4	293	<nil>
760	290	3	293	<nil>
760	290	6	296	<nil>
760	303	9	312	<nil>
760	9917	9	9926	<nil>
760	133	9	142	<nil>
760	306	10	316	<nil>
760	299	10	309	<nil>
760	307	10	317	<nil>
760	296	10	306	<nil>
760	295	11	306	<nil>
760	296	10	306	<nil>
760	138	18	156	<nil>
760	2982	12	2994	<nil>
760	1326	14	1340	<nil>
760	302	14	316	<nil>
760	311	14	325	<nil>
760	302	13	315	<nil>
760	310	14	324	<nil>
760	302	16	318	<nil>
760	306	14	320	<nil>
760	308	15	323	<nil>
760	3081	16	3097	<nil>
760	291	15	306	<nil>
760	292	16	308	<nil>
760	296	16	312	<nil>
760	2967	17	2984	<nil>
760	307	18	325	<nil>
760	307	18	325	<nil>
760	295	17	312	<nil>
760	26452	17	26469	<nil>
760	329	18	347	<nil>
760	309	18	327	<nil>
760	136	19	155	<nil>
760	124	19	143	<nil>
760	2967	19	2986	<nil>
760	302	20	322	<nil>
760	290	19	309	<nil>
760	131	21	152	<nil>
760	126	20	146	<nil>
760	128	21	149	<nil>
760	119	21	140	<nil>
760	129	20	149	<nil>
760	309	23	332	<nil>
760	125	20	145	<nil>
760	132	22	154	<nil>
760	171224	23	171247	<nil>
760	127	22	149	<nil>
760	128	21	149	<nil>
760	131	24	155	<nil>
760	126	24	150	<nil>
760	122	22	144	<nil>
760	128	22	150	<nil>
760	122	22	144	<nil>
760	125	25	150	<nil>
760	127	26	153	<nil>
760	1471	0	1471	rpc error: code = Unavailable desc = transport is closing
760	614	0	614	rpc error: code = Unavailable desc = transport is closing
760	450	0	450	rpc error: code = Unavailable desc = transport is closing
760	3128	0	3128	rpc error: code = Unavailable desc = transport is closing
760	456	0	456	rpc error: code = Unavailable desc = transport is closing
760	1404	0	1404	rpc error: code = Unavailable desc = transport is closing
760	460	0	460	rpc error: code = Unavailable desc = transport is closing
760	25186	0	25186	rpc error: code = Unavailable desc = transport is closing
760	456	0	456	rpc error: code = Unavailable desc = transport is closing
760	469	0	469	rpc error: code = Unavailable desc = transport is closing
760	459	0	459	rpc error: code = Unavailable desc = transport is closing
760	3140	0	3140	rpc error: code = Unavailable desc = transport is closing
760	3502	0	3502	rpc error: code = Unavailable desc = transport is closing
760	470	0	470	rpc error: code = Unavailable desc = transport is closing
760	457	0	457	rpc error: code = Unavailable desc = transport is closing
760	461	0	461	rpc error: code = Unavailable desc = transport is closing
760	458	0	458	rpc error: code = Unavailable desc = transport is closing
760	459	0	459	rpc error: code = Unavailable desc = transport is closing
760	2843	0	2843	rpc error: code = Unavailable desc = transport is closing
760	457	0	457	rpc error: code = Unavailable desc = transport is closing
760	470	0	470	rpc error: code = Unavailable desc = transport is closing
760	3135	0	3135	rpc error: code = Unavailable desc = transport is closing
760	515	0	515	rpc error: code = Unavailable desc = transport is closing
760	466	0	466	rpc error: code = Unavailable desc = transport is closing
760	478	0	478	rpc error: code = Unavailable desc = transport is closing
760	431	0	431	rpc error: code = Unavailable desc = transport is closing
760	458	0	458	rpc error: code = Unavailable desc = transport is closing
760	1471	0	1471	rpc error: code = Unavailable desc = transport is closing
760	457	0	457	rpc error: code = Unavailable desc = transport is closing
760	1398	0	1398	rpc error: code = Unavailable desc = transport is closing
760	456	0	456	rpc error: code = Unavailable desc = transport is closing
760	460	0	460	rpc error: code = Unavailable desc = transport is closing
760	460	0	460	rpc error: code = Unavailable desc = transport is closing
760	474	0	474	rpc error: code = Unavailable desc = transport is closing
760	471	0	471	rpc error: code = Unavailable desc = transport is closing
760	460	0	460	rpc error: code = Unavailable desc = transport is closing
760	475	0	475	rpc error: code = Unavailable desc = transport is closing
760	1400	0	1400	rpc error: code = Unavailable desc = transport is closing
760	459	0	459	rpc error: code = Unavailable desc = transport is closing
760	473	0	473	rpc error: code = Unavailable desc = transport is closing
760	474	0	474	rpc error: code = Unavailable desc = transport is closing
760	466	0	466	rpc error: code = Unavailable desc = transport is closing
760	1473	0	1473	rpc error: code = Unavailable desc = transport is closing
760	477	0	477	rpc error: code = Unavailable desc = transport is closing
760	179	0	179	rpc error: code = Unavailable desc = transport is closing
760	481	0	481	rpc error: code = Unavailable desc = transport is closing
760	197	0	197	rpc error: code = Unavailable desc = transport is closing
760	172	0	172	rpc error: code = Unavailable desc = transport is closing
760	467	0	467	rpc error: code = Unavailable desc = transport is closing
760	10122	37	10159	<nil>
760	3244	0	3244	rpc error: code = Unavailable desc = transport is closing
760	476	0	476	rpc error: code = Unavailable desc = transport is closing
760	462	0	462	rpc error: code = Unavailable desc = transport is closing
760	3149	0	3149	rpc error: code = Unavailable desc = transport is closing
760	416	0	416	rpc error: code = Unavailable desc = transport is closing
760	466	0	466	rpc error: code = Unavailable desc = transport is closing
760	469	0	469	rpc error: code = Unavailable desc = transport is closing
760	179	0	179	rpc error: code = Unavailable desc = transport is closing
760	3243	0	3243	rpc error: code = Unavailable desc = transport is closing
760	3363	0	3363	rpc error: code = Unavailable desc = transport is closing
760	461	0	461	rpc error: code = Unavailable desc = transport is closing
760	465	0	465	rpc error: code = Unavailable desc = transport is closing
760	462	0	462	rpc error: code = Unavailable desc = transport is closing
760	481	0	481	rpc error: code = Unavailable desc = transport is closing
760	456	0	456	rpc error: code = Unavailable desc = transport is closing
760	446	0	446	rpc error: code = Unavailable desc = transport is closing
760	10350	0	10350	rpc error: code = Unavailable desc = transport is closing
760	454	0	454	rpc error: code = Unavailable desc = transport is closing
760	463	0	463	rpc error: code = Unavailable desc = transport is closing
760	446	0	446	rpc error: code = Unavailable desc = transport is closing
760	446	0	446	rpc error: code = Unavailable desc = transport is closing
760	207	0	207	rpc error: code = Unavailable desc = transport is closing
760	2830	0	2830	rpc error: code = Unavailable desc = transport is closing
760	522	59	581	<nil>
760	200	0	200	rpc error: code = Unavailable desc = transport is closing
760	3353	0	3353	rpc error: code = Unavailable desc = transport is closing
760	2739	0	2739	rpc error: code = Unavailable desc = transport is closing
760	210	0	210	rpc error: code = Unavailable desc = transport is closing
760	450	0	450	rpc error: code = Unavailable desc = transport is closing
760	463	0	463	rpc error: code = Unavailable desc = transport is closing
760	445	0	445	rpc error: code = Unavailable desc = transport is closing
760	521	34	555	<nil>
760	517	34	551	<nil>
760	485	34	519	<nil>
760	469	0	469	rpc error: code = Unavailable desc = transport is closing
760	397	0	397	rpc error: code = Unavailable desc = transport is closing
760	1472	0	1472	rpc error: code = Unavailable desc = transport is closing
760	466	0	466	rpc error: code = Unavailable desc = transport is closing
760	515	55	570	<nil>
760	477	54	531	<nil>
760	514	53	567	<nil>
760	466	0	466	rpc error: code = Unavailable desc = transport is closing
760	2869	0	2869	rpc error: code = Unavailable desc = transport is closing
760	446	0	446	rpc error: code = Unavailable desc = transport is closing
760	547	29	576	<nil>
760	480	0	480	rpc error: code = Unavailable desc = transport is closing
760	468	0	468	rpc error: code = Unavailable desc = transport is closing
760	543	30	573	<nil>
760	199	0	199	rpc error: code = Unavailable desc = transport is closing
760	543	30	573	<nil>
760	543	32	575	<nil>
760	1464	0	1464	rpc error: code = Unavailable desc = transport is closing
760	447	0	447	rpc error: code = Unavailable desc = transport is closing
760	547	52	599	<nil>
760	564	101	665	<nil>
760	568	94	662	<nil>
760	561	104	665	<nil>
760	572	116	688	<nil>
760	118	0	118	rpc error: code = Unavailable desc = transport is closing
760	119	0	119	rpc error: code = Unavailable desc = transport is closing
760	120	0	120	rpc error: code = Unavailable desc = transport is closing
760	549	125	674	<nil>
760	133	0	133	rpc error: code = Unavailable desc = transport is closing
760	437	0	437	rpc error: code = Unavailable desc = transport is closing
760	457	0	457	rpc error: code = Unavailable desc = transport is closing
760	441	0	441	rpc error: code = Unavailable desc = transport is closing
760	428	0	428	rpc error: code = Unavailable desc = transport is closing
760	583	118	701	<nil>
760	3521	120	3641	<nil>
760	568	119	687	<nil>
760	558	128	686	<nil>
760	561	121	682	<nil>
760	454	0	454	rpc error: code = Unavailable desc = transport is closing
760	158	0	158	rpc error: code = Unavailable desc = transport is closing
760	452	0	452	rpc error: code = Unavailable desc = transport is closing
760	454	0	454	rpc error: code = Unavailable desc = transport is closing
760	455	0	455	rpc error: code = Unavailable desc = transport is closing
760	133	0	133	rpc error: code = Unavailable desc = transport is closing
760	466	0	466	rpc error: code = Unavailable desc = transport is closing
760	102963	0	102963	rpc error: code = Unavailable desc = transport is closing
760	148	0	148	rpc error: code = Unavailable desc = transport is closing
760	119	0	119	rpc error: code = Unavailable desc = transport is closing
760	550	181	731	<nil>
760	150	0	150	rpc error: code = Unavailable desc = transport is closing
760	551	184	735	<nil>
760	561	181	742	<nil>
760	456	158	614	<nil>
760	540	74	614	<nil>
760	28778	140	28918	<nil>
760	486	132	618	<nil>
760	472	122	594	<nil>
760	471	150	621	<nil>
760	467	152	619	<nil>
760	25918	150	26068	<nil>
760	3139	142	3281	<nil>
760	192	2	194	<nil>
760	442	150	592	<nil>
760	74	5	79	<nil>
760	503	116	619	<nil>
760	1112	6	1118	<nil>
760	10417	116	10533	<nil>
760	475	152	627	<nil>
760	491	136	627	<nil>
760	481	132	613	<nil>
760	526	74	600	<nil>
760	439	151	590	<nil>
760	465	151	616	<nil>
760	132	0	132	rpc error: code = Unavailable desc = transport is closing
760	70834	152	70986	<nil>
760	457	188	645	<nil>
760	457	187	644	<nil>
760	477	168	645	<nil>
760	463	152	615	<nil>
760	458	147	605	<nil>
760	459	182	641	<nil>
760	1184	10	1194	<nil>
760	1135	75	1210	<nil>
760	588	10	598	<nil>
760	10529	8	10537	<nil>
760	1135	70	1205	<nil>
760	5243	9	5252	<nil>
760	5310	76	5386	<nil>
760	468	97	565	<nil>
760	1133	78	1211	<nil>
760	1157	161	1318	<nil>
760	1119	139	1258	<nil>
760	9354	153	9507	<nil>
760	478	120	598	<nil>
760	3039	153	3192	<nil>
760	146	7	153	<nil>
760	134	62	196	<nil>
760	1124	74	1198	<nil>
760	1135	75	1210	<nil>
760	525	75	600	<nil>
760	1112	154	1266	<nil>
760	3034	158	3192	<nil>
760	448	153	601	<nil>
760	4857	159	5016	<nil>
760	415	199	614	<nil>
760	190	4	194	<nil>
760	1115	5	1120	<nil>
760	477	142	619	<nil>
760	8709	0	8709	rpc error: code = Unavailable desc = transport is closing
760	1210	5	1215	<nil>
760	459	155	614	<nil>
760	551	201	752	<nil>
760	434	0	434	rpc error: code = Unavailable desc = transport is closing
760	465	0	465	rpc error: code = Unavailable desc = transport is closing
760	454	147	601	<nil>
760	144	0	144	rpc error: code = Unavailable desc = transport is closing
760	439	200	639	<nil>
760	1209	4	1213	<nil>
760	452	0	452	rpc error: code = Unavailable desc = transport is closing
760	535	91	626	<nil>
760	635	0	635	rpc error: code = Unavailable desc = transport is closing
760	2715	36	2751	<nil>
760	78	27	105	<nil>
760	640	0	640	rpc error: code = Unavailable desc = transport is closing
760	5771	35	5806	<nil>
760	2740	36	2776	<nil>
760	621	0	621	rpc error: code = Unavailable desc = transport is closing
760	2798	29	2827	<nil>
760	613	27	640	<nil>
760	613	27	640	<nil>
760	625	27	652	<nil>
760	197	30	227	<nil>
760	58	30	88	<nil>
760	52	37	89	<nil>
760	190	36	226	<nil>
760	193	36	229	<nil>
760	1117	38	1155	<nil>
760	168	38	206	<nil>
760	170	37	207	<nil>
760	1115	36	1151	<nil>
760	53	30	83	<nil>
760	606	29	635	<nil>
760	84	31	115	<nil>
760	9512	32	9544	<nil>
760	1202	29	1231	<nil>
760	1120	32	1152	<nil>
760	60	31	91	<nil>
760	1119	31	1150	<nil>
760	58	32	90	<nil>
760	59	38	97	<nil>
760	178	34	212	<nil>
760	634	212	846	<nil>
760	5302	212	5514	<nil>
760	545	213	758	<nil>
760	27510	232	27742	<nil>
760	642	212	854	<nil>
760	616	231	847	<nil>
760	612	235	847	<nil>
760	625	233	858	<nil>
760	644	213	857	<nil>
760	628	233	861	<nil>
760	1224	214	1438	<nil>
760	70	231	301	<nil>
760	629	214	843	<nil>
760	636	213	849	<nil>
760	640	215	855	<nil>
760	5302	215	5517	<nil>
760	204	218	422	<nil>
760	195	220	415	<nil>
760	638	220	858	<nil>
760	3314	218	3532	<nil>
760	625	236	861	<nil>
760	2777	220	2997	<nil>
760	634	217	851	<nil>
760	601	0	601	rpc error: code = Unavailable desc = transport is closing
760	647	234	881	<nil>
760	207	215	422	<nil>
760	632	214	846	<nil>
760	628	217	845	<nil>
760	632	213	845	<nil>
760	637	237	874	<nil>
760	646	225	871	<nil>
760	630	232	862	<nil>
760	628	240	868	<nil>
760	614	237	851	<nil>
760	625	238	863	<nil>
760	637	213	850	<nil>
760	627	237	864	<nil>
760	629	237	866	<nil>
760	498	230	728	<nil>
760	209	237	446	<nil>
760	3304	231	3535	<nil>
760	9521	240	9761	<nil>
760	64	236	300	<nil>
760	5833	214	6047	<nil>
760	1064	235	1299	<nil>
760	622	238	860	<nil>
760	535	230	765	<nil>
760	5297	225	5522	<nil>
760	632	224	856	<nil>
760	632	225	857	<nil>
760	630	225	855	<nil>
760	621	230	851	<nil>
760	646	224	870	<nil>
760	626	231	857	<nil>
760	632	223	855	<nil>
760	629	214	843	<nil>
760	176	233	409	<nil>
760	633	225	858	<nil>
760	630	224	854	<nil>
760	625	234	859	<nil>
760	29084	0	29084	rpc error: code = Unavailable desc = transport is closing
760	631	363	994	<nil>
760	634	364	998	<nil>
760	1199	424	1623	<nil>
760	1186	435	1621	<nil>
760	10014	437	10451	<nil>
760	128	261	389	<nil>
760	363	214	577	<nil>
760	369	215	584	<nil>
760	2895	263	3158	<nil>
760	5245	440	5685	<nil>
760	1179	282	1461	<nil>
760	402	176	578	<nil>
760	406	189	595	<nil>
760	429	168	597	<nil>
760	431	168	599	<nil>
760	453	151	604	<nil>
760	420	190	610	<nil>
760	436	170	606	<nil>
760	406	194	600	<nil>
760	503	102	605	<nil>
760	455	170	625	<nil>
760	417	188	605	<nil>
760	501	106	607	<nil>
760	407	194	601	<nil>
760	436	171	607	<nil>
760	551	52	603	<nil>
760	521	84	605	<nil>
760	3014	0	3014	rpc error: code = Unavailable desc = transport is closing
760	558	52	610	<nil>
760	557	53	610	<nil>
760	533	70	603	<nil>
760	514	80	594	<nil>
760	450	0	450	rpc error: code = Unavailable desc = transport is closing
760	1653	53	1706	<nil>
760	540	71	611	<nil>
760	499	112	611	<nil>
760	451	0	451	rpc error: code = Unavailable desc = transport is closing
760	1539	73	1612	<nil>
760	467	0	467	rpc error: code = Unavailable desc = transport is closing
760	572	45	617	<nil>
760	1736	43	1779	<nil>
760	1656	56	1712	<nil>
760	536	77	613	<nil>
760	1562	101	1663	<nil>
760	2954	113	3067	<nil>
760	1640	143	1783	<nil>
760	3607	112	3719	<nil>
760	533	148	681	<nil>
760	459	0	459	rpc error: code = Unavailable desc = transport is closing
760	557	125	682	<nil>
760	1544	146	1690	<nil>
760	616	143	759	<nil>
760	1869	114	1983	<nil>
760	467	0	467	rpc error: code = Unavailable desc = transport is closing
760	1652	135	1787	<nil>
760	3578	142	3720	<nil>
760	460	132	592	<nil>
760	1732	116	1848	<nil>
760	613	142	755	<nil>
760	1739	114	1853	<nil>
760	454	0	454	rpc error: code = Unavailable desc = transport is closing
760	5276	147	5423	<nil>
760	5631	116	5747	<nil>
760	492	117	609	<nil>
760	544	148	692	<nil>
760	545	148	693	<nil>
760	544	146	690	<nil>
760	366	134	500	<nil>
760	454	0	454	rpc error: code = Unavailable desc = transport is closing
760	404	123	527	<nil>
760	1424	124	1548	<nil>
760	1470	133	1603	<nil>
760	396	122	518	<nil>
760	3152	134	3286	<nil>
760	392	178	570	<nil>
760	401	177	578	<nil>
760	413	186	599	<nil>
760	465	0	465	rpc error: code = Unavailable desc = transport is closing
760	451	0	451	rpc error: code = Unavailable desc = transport is closing
760	1428	184	1612	<nil>
760	450	0	450	rpc error: code = Unavailable desc = transport is closing
760	405	182	587	<nil>
760	453	0	453	rpc error: code = Unavailable desc = transport is closing
760	397	183	580	<nil>
760	465	0	465	rpc error: code = Unavailable desc = transport is closing
760	456	0	456	rpc error: code = Unavailable desc = transport is closing
760	1462	184	1646	<nil>
760	470	0	470	rpc error: code = Unavailable desc = transport is closing
760	405	185	590	<nil>
760	393	184	577	<nil>
760	379	183	562	<nil>
760	406	184	590	<nil>
760	426	184	610	<nil>
760	427	184	611	<nil>
760	421	171	592	<nil>
760	377	184	561	<nil>
760	1337	174	1511	<nil>
760	5158	177	5335	<nil>
760	488	174	662	<nil>
760	212	5	217	<nil>
760	205	4	209	<nil>
760	418	173	591	<nil>
760	3177	173	3350	<nil>
760	426	170	596	<nil>
760	1352	169	1521	<nil>
760	2980	184	3164	<nil>
760	1345	171	1516	<nil>
760	3182	169	3351	<nil>
760	428	172	600	<nil>
760	378	174	552	<nil>
760	395	178	573	<nil>
760	234	169	403	<nil>
760	3182	169	3351	<nil>
760	1385	159	1544	<nil>
760	1406	194	1600	<nil>
760	270	95	365	<nil>
760	2913	113	3026	<nil>
760	399	40	439	<nil>
760	398	41	439	<nil>
760	595	40	635	<nil>
760	154	122	276	<nil>
760	158	74	232	<nil>
760	129	104	233	<nil>
760	152	81	233	<nil>
760	26436	82	26518	<nil>
760	165	66	231	<nil>
760	166	68	234	<nil>
760	444	160	604	<nil>
760	150	84	234	<nil>
760	639	5	644	<nil>
760	314	11	325	<nil>
760	647	12	659	<nil>
760	437	19	456	<nil>
760	206	12	218	<nil>
760	316	11	327	<nil>
760	598	13	611	<nil>
760	208	16	224	<nil>
760	209	14	223	<nil>
760	411	3	414	<nil>
760	2717	7	2724	<nil>
760	649	13	662	<nil>
760	3135	5	3140	<nil>
760	644	16	660	<nil>
760	661	4	665	<nil>
760	5937	5	5942	<nil>
760	3208	7	3215	<nil>
760	656	6	662	<nil>
760	655	12	667	<nil>
760	5389	9	5398	<nil>
760	666	16	682	<nil>
760	216	6	222	<nil>
760	667	8	675	<nil>
760	203	5	208	<nil>
760	202	6	208	<nil>
760	3138	4	3142	<nil>
760	1406	9	1415	<nil>
760	220	4	224	<nil>
760	662	10	672	<nil>
760	211	6	217	<nil>
760	5684	5	5689	<nil>
760	5194	4	5198	<nil>
760	215	4	219	<nil>
760	216	12	228	<nil>
760	212	7	219	<nil>
760	428	172	600	<nil>
760	443	173	616	<nil>
760	400	172	572	<nil>
760	455	211	666	<nil>
760	590	42	632	<nil>
760	1434	93	1527	<nil>
760	442	163	605	<nil>
760	27508	93	27601	<nil>
760	445	161	606	<nil>
760	5706	163	5869	<nil>
760	401	46	447	<nil>
760	1477	153	1630	<nil>
760	437	33	470	<nil>
760	5869	34	5903	<nil>
760	430	178	608	<nil>
760	438	162	600	<nil>
760	467	142	609	<nil>
760	169	77	246	<nil>
760	5219	34	5253	<nil>
760	2997	32	3029	<nil>
760	1549	34	1583	<nil>
760	1547	64	1611	<nil>
760	3210	220	3430	<nil>
760	624	63	687	<nil>
760	437	126	563	<nil>
760	437	127	564	<nil>
760	1547	127	1674	<nil>
760	3202	142	3344	<nil>
760	3451	148	3599	<nil>
760	210	137	347	<nil>
760	1569	131	1700	<nil>
760	670	132	802	<nil>
760	5659	619	6278	<nil>
760	666	586	1252	<nil>
760	648	603	1251	<nil>
760	3436	621	4057	<nil>
760	3130	601	3731	<nil>
760	642	621	1263	<nil>
760	469	587	1056	<nil>
760	219	585	804	<nil>
760	3015	599	3614	<nil>
760	640	585	1225	<nil>
760	436	622	1058	<nil>
760	340	585	925	<nil>
760	346	586	932	<nil>
760	355	472	827	<nil>
760	312	526	838	<nil>
760	2813	474	3287	<nil>
760	1194	90	1284	<nil>
760	344	505	849	<nil>
760	3731	24	3755	<nil>
760	251	587	838	<nil>
760	588	502	1090	<nil>
760	1572	653	2225	<nil>
760	1279	80	1359	<nil>
760	501	588	1089	<nil>
760	5721	475	6196	<nil>
760	814	478	1292	<nil>
760	3012	632	3644	<nil>
760	470	621	1091	<nil>
760	2922	635	3557	<nil>
760	259	588	847	<nil>
760	1685	653	2338	<nil>
760	328	635	963	<nil>
760	787	490	1277	<nil>
760	645	654	1299	<nil>
760	375	475	850	<nil>
760	5933	631	6564	<nil>
760	777	14	791	<nil>
760	777	15	792	<nil>
760	6571	6	6577	<nil>
760	525	586	1111	<nil>
760	3081	654	3735	<nil>
760	345	635	980	<nil>
760	371	476	847	<nil>
760	2117	92	2209	<nil>
760	351	489	840	<nil>
760	27700	14	27714	<nil>
760	438	648	1086	<nil>
760	4009	48	4057	<nil>
760	6010	17	6027	<nil>
760	1002	95	1097	<nil>
760	753	13	766	<nil>
760	750	12	762	<nil>
760	27600	482	28082	<nil>
760	6364	49	6413	<nil>
760	1797	17	1814	<nil>
760	559	479	1038	<nil>
760	783	19	802	<nil>
760	756	17	773	<nil>
760	787	98	885	<nil>
760	751	13	764	<nil>
760	3680	14	3694	<nil>
760	6089	481	6570	<nil>
760	674	102	776	<nil>
760	751	18	769	<nil>
760	753	12	765	<nil>
760	737	40	777	<nil>
760	450	481	931	<nil>
760	764	12	776	<nil>
760	374	483	857	<nil>
760	6012	15	6027	<nil>
760	757	14	771	<nil>
760	753	14	767	<nil>
760	1305	80	1385	<nil>
760	644	653	1297	<nil>
760	3406	632	4038	<nil>
760	3565	485	4050	<nil>
760	1298	86	1384	<nil>
760	775	15	790	<nil>
760	1368	10	1378	<nil>
760	1725	478	2203	<nil>
760	781	10	791	<nil>
760	788	10	798	<nil>
760	1296	7	1303	<nil>
760	4044	20	4064	<nil>
760	1299	14	1313	<nil>
760	3655	15	3670	<nil>
760	1197	15	1212	<nil>
760	787	9	796	<nil>
760	364	475	839	<nil>
760	1306	9	1315	<nil>
760	736	95	831	<nil>
760	1277	14	1291	<nil>
760	844	14	858	<nil>
760	900	47	947	<nil>
760	1298	36	1334	<nil>
760	261	585	846	<nil>
760	3380	632	4012	<nil>
760	1364	130	1494	<nil>
760	1313	134	1447	<nil>
760	785	173	958	<nil>
760	1322	175	1497	<nil>
760	776	175	951	<nil>
760	1307	176	1483	<nil>
760	790	175	965	<nil>
760	1315	182	1497	<nil>
760	1099	196	1295	<nil>
760	2349	194	2543	<nil>
760	1299	193	1492	<nil>
760	1293	223	1516	<nil>
760	1272	224	1496	<nil>
760	622	0	622	rpc error: code = Unavailable desc = transport is closing
760	1368	212	1580	<nil>
760	1300	225	1525	<nil>
760	26007	220	26227	<nil>
760	718	215	933	<nil>
760	6580	223	6803	<nil>
760	65	209	274	<nil>
760	1364	218	1582	<nil>
760	5801	228	6029	<nil>
760	723	214	937	<nil>
760	64	210	274	<nil>
760	1331	215	1546	<nil>
760	1303	215	1518	<nil>
760	1300	228	1528	<nil>
760	1299	230	1529	<nil>
760	104180	229	104409	<nil>
760	633	228	861	<nil>
760	633	228	861	<nil>
760	652	210	862	<nil>
760	66	210	276	<nil>
760	581	0	581	rpc error: code = Unavailable desc = transport is closing
760	607	0	607	rpc error: code = Unavailable desc = transport is closing
760	65	256	321	<nil>
760	692	230	922	<nil>
760	601	0	601	rpc error: code = Unavailable desc = transport is closing
760	787	143	930	<nil>
760	3756	109	3865	<nil>
760	3810	142	3952	<nil>
760	693	239	932	<nil>
760	67223	166	67389	<nil>
760	794	236	1030	<nil>
760	552	0	552	rpc error: code = Unavailable desc = transport is closing
760	815	143	958	<nil>
760	666	185	851	<nil>
760	186	135	321	<nil>
760	766	194	960	<nil>
760	601	0	601	rpc error: code = Unavailable desc = transport is closing
760	894	136	1030	<nil>
760	742	287	1029	<nil>
760	3525	108	3633	<nil>
760	818	137	955	<nil>
760	186	130	316	<nil>
760	46149	197	46346	<nil>
760	1306	8	1314	<nil>
760	880	138	1018	<nil>
760	936	97	1033	<nil>
760	1253	55	1308	<nil>
760	823	204	1027	<nil>
760	278	26	304	<nil>
760	312	14	326	<nil>
760	922	58	980	<nil>
760	692	263	955	<nil>
760	1253	63	1316	<nil>
760	838	194	1032	<nil>
760	858	173	1031	<nil>
760	742	293	1035	<nil>
760	17574	12	17586	<nil>
760	5663	14	5677	<nil>
760	768	270	1038	<nil>
760	848	189	1037	<nil>
760	918	104	1022	<nil>
760	825	106	931	<nil>
760	902	9	911	<nil>
760	933	105	1038	<nil>
760	860	105	965	<nil>
760	860	105	965	<nil>
760	922	31	953	<nil>
760	199	144	343	<nil>
760	975	107	1082	<nil>
760	932	107	1039	<nil>
760	195	148	343	<nil>
760	856	113	969	<nil>
760	314	8	322	<nil>
760	315	5	320	<nil>
760	196	149	345	<nil>
760	821	150	971	<nil>
760	1887	7	1894	<nil>
760	316	4	320	<nil>
760	959	9	968	<nil>
760	1307	7	1314	<nil>
760	295	7	302	<nil>
760	307	9	316	<nil>
760	175	6	181	<nil>
760	959	9	968	<nil>
760	859	95	954	<nil>
760	312	11	323	<nil>
760	5341	10	5351	<nil>
760	1303	12	1315	<nil>
760	957	11	968	<nil>
760	317	6	323	<nil>
760	318	6	324	<nil>
760	668	306	974	<nil>
760	6070	171	6241	<nil>
760	995	55	1050	<nil>
760	6261	114	6375	<nil>
760	393	53	446	<nil>
760	779	67	846	<nil>
760	1245	68	1313	<nil>
760	283	44	327	<nil>
760	1847	53	1900	<nil>
760	1246	37	1283	<nil>
760	1251	70	1321	<nil>
760	331	59	390	<nil>
760	1253	58	1311	<nil>
760	144	13	157	<nil>
760	105	5	110	<nil>
760	1031	4	1035	<nil>
760	28053	14	28067	<nil>
760	319	14	333	<nil>
760	313	16	329	<nil>
760	319	13	332	<nil>
760	321	74	395	<nil>
760	805	155	960	<nil>
760	263	65	328	<nil>
760	161	73	234	<nil>
760	3126	6	3132	<nil>
760	321	76	397	<nil>
760	327	69	396	<nil>
760	804	157	961	<nil>
760	2504	67	2571	<nil>
760	321	78	399	<nil>
760	391	11	402	<nil>
760	3119	2	3121	<nil>
760	1317	3	1320	<nil>
760	155	13	168	<nil>
760	128	3	131	<nil>
760	156	12	168	<nil>
760	240	3	243	<nil>
760	240	3	243	<nil>
760	979	10	989	<nil>
760	391	12	403	<nil>
760	393	10	403	<nil>
760	1824	70	1894	<nil>
760	119	2	121	<nil>
760	309	7	316	<nil>
760	153	12	165	<nil>
760	392	11	403	<nil>
760	327	11	338	<nil>
760	155	13	168	<nil>
760	117690	7	117697	<nil>
760	862	174	1036	<nil>
760	5388	4	5392	<nil>
760	970	94	1064	<nil>
760	9299	1	9300	<nil>
760	1269	62	1331	<nil>
760	1173	2	1175	<nil>
760	29147	1	29148	<nil>
760	338	13	351	<nil>
760	1106	10	1116	<nil>
760	260	15	275	<nil>
760	1324	13	1337	<nil>
760	338	10	348	<nil>
760	4069	29	4098	<nil>
760	242	17	259	<nil>
760	1324	14	1338	<nil>
760	315	16	331	<nil>
760	1335	15	1350	<nil>
760	320	13	333	<nil>
760	294	3	297	<nil>
760	1908	29	1937	<nil>
760	341	11	352	<nil>
760	378	1	379	<nil>
760	902	10	912	<nil>
760	7060	14	7074	<nil>
760	1904	16	1920	<nil>
760	1925	14	1939	<nil>
760	374	10	384	<nil>
760	996	16	1012	<nil>
760	1904	19	1923	<nil>
760	869	20	889	<nil>
760	3740	18	3758	<nil>
760	998	19	1017	<nil>
760	372	5	377	<nil>
760	9295	30	9325	<nil>
760	1368	2	1370	<nil>
760	30508	11	30519	<nil>
760	1366	11	1377	<nil>
760	380	2	382	<nil>
760	1910	28	1938	<nil>
760	1077	62	1139	<nil>
760	1908	9	1917	<nil>
760	1906	9	1915	<nil>
760	996	7	1003	<nil>
760	1004	26	1030	<nil>
760	1334	13	1347	<nil>
760	246	11	257	<nil>
760	1000	29	1029	<nil>
760	1908	29	1937	<nil>
760	997	17	1014	<nil>
760	1929	27	1956	<nil>
760	6580	10	6590	<nil>
760	1372	2	1374	<nil>
760	62	61	123	<nil>
760	369	12	381	<nil>
760	61	61	122	<nil>
760	1361	12	1373	<nil>
760	1368	2	1370	<nil>
760	1167	1	1168	<nil>
760	373	15	388	<nil>
760	160	2	162	<nil>
760	1176	1	1177	<nil>
760	1362	13	1375	<nil>
760	2617	2	2619	<nil>
760	181	16	197	<nil>
760	1361	10	1371	<nil>
760	999	43	1042	<nil>
760	1904	42	1946	<nil>
760	1902	13	1915	<nil>
760	996	46	1042	<nil>
760	374	10	384	<nil>
760	178	1	179	<nil>
760	383	1	384	<nil>
760	1374	1	1375	<nil>
760	1932	26	1958	<nil>
760	1366	10	1376	<nil>
760	1003	28	1031	<nil>
760	1374	2	1376	<nil>
760	552	0	552	rpc error: code = Unavailable desc = transport is closing
760	1925	27	1952	<nil>
760	3159	28	3187	<nil>
760	1181	92	1273	<nil>
760	26484	93	26577	<nil>
760	388	93	481	<nil>
760	1048	102	1150	<nil>
760	1124	87	1211	<nil>
760	3164	109	3273	<nil>
760	1046	85	1131	<nil>
760	392	94	486	<nil>
760	184	91	275	<nil>
760	908	87	995	<nil>
760	1379	94	1473	<nil>
760	1951	87	2038	<nil>
760	518	85	603	<nil>
760	1954	85	2039	<nil>
760	1050	86	1136	<nil>
760	390	91	481	<nil>
760	373	107	480	<nil>
760	1388	88	1476	<nil>
760	3157	107	3264	<nil>
760	1378	93	1471	<nil>
760	1978	82	2060	<nil>
760	1050	96	1146	<nil>
760	177	98	275	<nil>
760	1363	108	1471	<nil>
760	1382	112	1494	<nil>
760	398	89	487	<nil>
760	184	107	291	<nil>
760	5420	92	5512	<nil>
760	1044	87	1131	<nil>
760	196	96	292	<nil>
760	1051	93	1144	<nil>
760	6987	94	7081	<nil>
760	1131	94	1225	<nil>
760	1142	94	1236	<nil>
760	1051	94	1145	<nil>
760	1958	96	2054	<nil>
760	1959	94	2053	<nil>
760	1054	94	1148	<nil>
760	1052	95	1147	<nil>
760	1047	103	1150	<nil>
760	923	95	1018	<nil>
760	1958	95	2053	<nil>
760	1954	101	2055	<nil>
760	1053	96	1149	<nil>
760	1127	100	1227	<nil>
760	1053	97	1150	<nil>
760	1159	102	1261	<nil>
760	1376	94	1470	<nil>
760	378	174	552	<nil>
760	2954	13	2967	<nil>
760	2954	14	2968	<nil>
760	414	13	427	<nil>
760	1368	11	1379	<nil>
760	3370	15	3385	<nil>
760	1368	24	1392	<nil>
760	341	23	364	<nil>
760	411	23	434	<nil>
760	397	18	415	<nil>
760	1379	14	1393	<nil>
760	27930	15	27945	<nil>
760	10004	13	10017	<nil>
760	442	23	465	<nil>
760	72149	15	72164	<nil>
760	348	16	364	<nil>
760	402	15	417	<nil>
760	3530	22	3552	<nil>
760	416	14	430	<nil>
760	402	14	416	<nil>
760	344	19	363	<nil>
760	348	16	364	<nil>
760	1469	15	1484	<nil>
760	449	25	474	<nil>
760	1381	13	1394	<nil>
760	355	12	367	<nil>
760	441	25	466	<nil>
760	412	24	436	<nil>
760	360	20	380	<nil>
760	368	4	372	<nil>
760	460	23	483	<nil>
760	1412	0	1412	<nil>
760	401	27	428	<nil>
760	3519	18	3537	<nil>
760	1412	0	1412	<nil>
760	3331	16	3347	<nil>
760	355	26	381	<nil>
760	1376	35	1411	<nil>
760	385	0	385	<nil>
760	404	1	405	<nil>
760	1384	25	1409	<nil>
760	380	3	383	<nil>
760	408	12	420	<nil>
760	3523	24	3547	<nil>
760	1386	9	1395	<nil>
760	28145	6	28151	<nil>
760	15838	0	15838	<nil>
760	410	3	413	<nil>
760	426	11	437	<nil>
760	458	21	479	<nil>
760	414	18	432	<nil>
760	431	14	445	<nil>
760	420	13	433	<nil>
760	426	17	443	<nil>
760	359	15	374	<nil>
760	171	11	182	<nil>
760	1280	26	1306	<nil>
760	424	20	444	<nil>
760	400	22	422	<nil>
760	3361	14	3375	<nil>
760	1389	13	1402	<nil>
760	422	13	435	<nil>
760	1383	20	1403	<nil>
760	430	15	445	<nil>
760	380	0	380	<nil>
760	380	0	380	<nil>
760	5349	8	5357	<nil>
760	359	9	368	<nil>
760	430	11	441	<nil>
760	486	8	494	<nil>
760	1411	110	1521	<nil>
760	353	118	471	<nil>
760	9083	118	9201	<nil>
760	1396	118	1514	<nil>
760	468	126	594	<nil>
760	364	118	482	<nil>
760	1397	118	1515	<nil>
760	438	118	556	<nil>
760	413	125	538	<nil>
760	1408	111	1519	<nil>
760	1395	118	1513	<nil>
760	448	144	592	<nil>
760	1414	484	1898	<nil>
760	1465	451	1916	<nil>
760	29529	507	30036	<nil>
760	1493	427	1920	<nil>
760	690	27	717	<nil>
760	1526	418	1944	<nil>
760	876	31	907	<nil>
760	1910	28	1938	<nil>
760	709	29	738	<nil>
760	43249	536	43785	<nil>
760	884	32	916	<nil>
760	884	32	916	<nil>
760	9824	416	10240	<nil>
760	1527	417	1944	<nil>
760	8850	416	9266	<nil>
760	698	30	728	<nil>
760	872	44	916	<nil>
760	1904	38	1942	<nil>
760	567	421	988	<nil>
760	722	19	741	<nil>
760	893	25	918	<nil>
760	2998	535	3533	<nil>
760	700	33	733	<nil>
760	684	42	726	<nil>
760	10509	34	10543	<nil>
760	9586	43	9629	<nil>
760	514	416	930	<nil>
760	306	418	724	<nil>
760	892	41	933	<nil>
760	535	418	953	<nil>
760	711	32	743	<nil>
760	6245	37	6282	<nil>
760	884	32	916	<nil>
760	9836	426	10262	<nil>
760	912	14	926	<nil>
760	879	41	920	<nil>
760	408	543	951	<nil>
760	697	41	738	<nil>
760	695	42	737	<nil>
760	5797	418	6215	<nil>
760	1410	544	1954	<nil>
760	893	18	911	<nil>
760	726	15	741	<nil>
760	3553	15	3568	<nil>
760	724	21	745	<nil>
760	729	16	745	<nil>
760	871	40	911	<nil>
760	907	19	926	<nil>
760	540	25	565	<nil>
760	904	18	922	<nil>
760	870	41	911	<nil>
760	730	17	747	<nil>
760	740	13	753	<nil>
760	716	26	742	<nil>
760	877	33	910	<nil>
760	1525	416	1941	<nil>
760	328	415	743	<nil>
760	876	35	911	<nil>
760	696	53	749	<nil>
760	698	33	731	<nil>
760	1909	29	1938	<nil>
760	884	34	918	<nil>
760	699	33	732	<nil>
760	698	34	732	<nil>
760	918	30	948	<nil>
760	915	120	1035	<nil>
760	1949	130	2079	<nil>
760	729	128	857	<nil>
760	732	130	862	<nil>
760	730	130	860	<nil>
760	914	139	1053	<nil>
760	1945	151	2096	<nil>
760	743	138	881	<nil>
760	956	141	1097	<nil>
760	739	141	880	<nil>
760	3550	139	3689	<nil>
760	3228	151	3379	<nil>
760	952	156	1108	<nil>
760	919	138	1057	<nil>
760	730	167	897	<nil>
760	958	168	1126	<nil>
760	753	144	897	<nil>
760	3543	160	3703	<nil>
760	539	159	698	<nil>
760	1849	167	2016	<nil>
760	740	154	894	<nil>
760	9322	148	9470	<nil>
760	550	157	707	<nil>
760	1949	203	2152	<nil>
760	725	216	941	<nil>
760	956	216	1172	<nil>
760	933	205	1138	<nil>
760	971	214	1185	<nil>
760	734	209	943	<nil>
760	934	195	1129	<nil>
760	920	225	1145	<nil>
760	1945	226	2171	<nil>
760	10257	211	10468	<nil>
760	923	224	1147	<nil>
760	917	210	1127	<nil>
760	737	217	954	<nil>
760	545	212	757	<nil>
760	725	224	949	<nil>
760	3867	219	4086	<nil>
760	1846	227	2073	<nil>
760	914	224	1138	<nil>
760	3553	225	3778	<nil>
760	902	227	1129	<nil>
760	947	227	1174	<nil>
760	1840	234	2074	<nil>
760	4117	208	4325	<nil>
760	896	224	1120	<nil>
760	3786	228	4014	<nil>
760	3422	175	3597	<nil>
760	930	209	1139	<nil>
760	1840	238	2078	<nil>
760	951	178	1129	<nil>
760	1948	227	2175	<nil>
760	1958	216	2174	<nil>
760	913	228	1141	<nil>
760	956	224	1180	<nil>
760	909	267	1176	<nil>
760	913	255	1168	<nil>
760	530	270	800	<nil>
760	905	269	1174	<nil>
760	917	304	1221	<nil>
760	26784	287	27071	<nil>
760	587	288	875	<nil>
760	909	328	1237	<nil>
760	722	329	1051	<nil>
760	777	281	1058	<nil>
760	952	281	1233	<nil>
760	583	280	863	<nil>
760	964	271	1235	<nil>
760	953	290	1243	<nil>
760	963	270	1233	<nil>
760	1237	295	1532	<nil>
760	962	273	1235	<nil>
760	963	271	1234	<nil>
760	1019	217	1236	<nil>
760	10633	225	10858	<nil>
760	1034	210	1244	<nil>
760	959	289	1248	<nil>
760	953	288	1241	<nil>
760	1017	227	1244	<nil>
760	840	227	1067	<nil>
760	952	291	1243	<nil>
760	940	303	1243	<nil>
760	1019	227	1246	<nil>
760	939	304	1243	<nil>
760	3589	281	3870	<nil>
760	10598	292	10890	<nil>
760	962	321	1283	<nil>
760	955	330	1285	<nil>
760	662	305	967	<nil>
760	665	288	953	<nil>
760	678	293	971	<nil>
760	664	292	956	<nil>
760	663	291	954	<nil>
760	682	290	972	<nil>
760	694	292	986	<nil>
760	669	256	925	<nil>
760	662	297	959	<nil>
760	733	244	977	<nil>
760	706	255	961	<nil>
760	730	257	987	<nil>
760	664	295	959	<nil>
760	705	256	961	<nil>
760	668	256	924	<nil>
760	678	294	972	<nil>
760	2094	250	2344	<nil>
760	684	257	941	<nil>
760	649	275	924	<nil>
760	690	258	948	<nil>
760	710	250	960	<nil>
760	720	276	996	<nil>
760	3737	256	3993	<nil>
760	6037	237	6274	<nil>
760	73783	287	74070	<nil>
760	5597	276	5873	<nil>
760	703	283	986	<nil>
760	5178	272	5450	<nil>
760	750	292	1042	<nil>
760	29582	299	29881	<nil>
760	2950	329	3279	<nil>
760	6544	298	6842	<nil>
760	16720	298	17018	<nil>
760	10462	297	10759	<nil>
760	2095	337	2432	<nil>
760	25303	305	25608	<nil>
760	10719	337	11056	<nil>
760	766	300	1066	<nil>
760	767	300	1067	<nil>
760	690	345	1035	<nil>
760	772	299	1071	<nil>
760	650	336	986	<nil>
760	651	329	980	<nil>
760	69821	340	70161	<nil>
760	665	317	982	<nil>
760	285	248	533	<nil>
760	664	318	982	<nil>
760	207	334	541	<nil>
760	2660	268	2928	<nil>
760	292	268	560	<nil>
760	306	237	543	<nil>
760	648	335	983	<nil>
760	665	318	983	<nil>
760	646	336	982	<nil>
760	5291	245	5536	<nil>
760	302	289	591	<nil>
760	296	287	583	<nil>
760	152	327	479	<nil>
760	1214	299	1513	<nil>
760	267	319	586	<nil>
760	168	300	468	<nil>
760	1232	290	1522	<nil>
760	827	330	1157	<nil>
760	159	290	449	<nil>
760	2531	320	2851	<nil>
760	2946	291	3237	<nil>
760	1221	288	1509	<nil>
760	155	310	465	<nil>
760	101	291	392	<nil>
760	2995	304	3299	<nil>
760	708	336	1044	<nil>
760	852	299	1151	<nil>
760	3007	291	3298	<nil>
760	346	300	646	<nil>
760	5003	299	5302	<nil>
760	170	300	470	<nil>
760	149	338	487	<nil>
760	149	300	449	<nil>
760	707	339	1046	<nil>
760	138	241	379	<nil>
760	1236	289	1525	<nil>
760	176	291	467	<nil>
760	162	324	486	<nil>
760	9138	349	9487	<nil>
760	169	322	491	<nil>
760	5544	263	5807	<nil>
760	804	262	1066	<nil>
760	804	264	1068	<nil>
760	150	263	413	<nil>
760	15163	327	15490	<nil>
760	363	262	625	<nil>
760	1222	320	1542	<nil>
760	139	263	402	<nil>
760	226	279	505	<nil>
760	210	280	490	<nil>
760	372	277	649	<nil>
760	2605	298	2903	<nil>
760	178	240	418	<nil>
760	2789	292	3081	<nil>
760	3188	296	3484	<nil>
760	400	339	739	<nil>
760	2696	346	3042	<nil>
760	402	353	755	<nil>
760	404	355	759	<nil>
760	395	356	751	<nil>
760	403	357	760	<nil>
760	401	355	756	<nil>
760	395	358	753	<nil>
760	252	354	606	<nil>
760	2653	353	3006	<nil>
760	85	353	438	<nil>
760	396	360	756	<nil>
760	396	361	757	<nil>
760	101	358	459	<nil>
760	397	361	758	<nil>
760	1326	355	1681	<nil>
760	253	356	609	<nil>
760	201	363	564	<nil>
760	5312	358	5670	<nil>
760	204	363	567	<nil>
760	74	363	437	<nil>
760	222	342	564	<nil>
760	219	377	596	<nil>
760	222	380	602	<nil>
760	2672	380	3052	<nil>
760	3021	375	3396	<nil>
760	182	380	562	<nil>
760	249	350	599	<nil>
760	279	321	600	<nil>
760	220	376	596	<nil>
760	248	351	599	<nil>
760	931	323	1254	<nil>
760	281	322	603	<nil>
760	932	331	1263	<nil>
760	1044	331	1375	<nil>
760	493	326	819	<nil>
760	81	331	412	<nil>
760	495	324	819	<nil>
760	264	333	597	<nil>
760	23	329	352	<nil>
760	71	328	399	<nil>
760	382	287	669	<nil>
760	350	287	637	<nil>
760	328	287	615	<nil>
760	355	266	621	<nil>
760	71	332	403	<nil>
760	3327	288	3615	<nil>
760	71	332	403	<nil>
760	247	252	499	<nil>
760	3175	316	3491	<nil>
760	266	257	523	<nil>
760	262	258	520	<nil>
760	3237	254	3491	<nil>
760	258	260	518	<nil>
760	260	261	521	<nil>
760	5593	258	5851	<nil>
760	258	260	518	<nil>
760	259	259	518	<nil>
760	1039	269	1308	<nil>
760	1033	273	1306	<nil>
760	378	275	653	<nil>
760	107	268	375	<nil>
760	1079	228	1307	<nil>
760	1043	265	1308	<nil>
760	5771	279	6050	<nil>
760	232	227	459	<nil>
760	446	266	712	<nil>
760	1042	266	1308	<nil>
760	259	265	524	<nil>
760	234	230	464	<nil>
760	283	180	463	<nil>
760	68	289	357	<nil>
760	220	264	484	<nil>
760	628	260	888	<nil>
760	1044	294	1338	<nil>
760	637	259	896	<nil>
760	42	314	356	<nil>
760	326	726	1052	<nil>
760	3425	725	4150	<nil>
760	3596	564	4160	<nil>
760	469	488	957	<nil>
760	266	493	759	<nil>
760	326	728	1054	<nil>
760	314	727	1041	<nil>
760	20	538	558	<nil>
760	1078	731	1809	<nil>
760	28	543	571	<nil>
760	15	544	559	<nil>
760	3631	609	4240	<nil>
760	285	545	830	<nil>
760	3329	679	4008	<nil>
760	17214	547	17761	<nil>
760	407	560	967	<nil>
760	155	574	729	<nil>
760	179	567	746	<nil>
760	669	569	1238	<nil>
760	263	676	939	<nil>
760	288	672	960	<nil>
760	600	618	1218	<nil>
760	121	584	705	<nil>
760	292	546	838	<nil>
760	283	664	947	<nil>
760	9898	553	10451	<nil>
760	125	621	746	<nil>
760	171	566	737	<nil>
760	288	604	892	<nil>
760	3584	576	4160	<nil>
760	138	635	773	<nil>
760	44	589	633	<nil>
760	270	675	945	<nil>
760	2965	631	3596	<nil>
760	240	706	946	<nil>
760	9802	634	10436	<nil>
760	1300	567	1867	<nil>
760	17	550	567	<nil>
760	3025	734	3759	<nil>
760	309	562	871	<nil>
760	594	564	1158	<nil>
760	139	678	817	<nil>
760	6088	676	6764	<nil>
760	40	521	561	<nil>
760	137	637	774	<nil>
760	52	489	541	<nil>
760	262	613	875	<nil>
760	50	567	617	<nil>
760	269	687	956	<nil>
760	38	572	610	<nil>
760	47	576	623	<nil>
760	314	728	1042	<nil>
760	240	716	956	<nil>
760	178	567	745	<nil>
760	171	578	749	<nil>
760	43	541	584	<nil>
760	24	542	566	<nil>
760	3024	745	3769	<nil>
760	3676	491	4167	<nil>
760	45	520	565	<nil>
760	267	488	755	<nil>
760	3048	569	3617	<nil>
760	269	679	948	<nil>
760	1246	574	1820	<nil>
760	317	446	763	<nil>
760	319	559	878	<nil>
760	90	459	549	<nil>
760	315	447	762	<nil>
760	3388	617	4005	<nil>
760	43009	551	43560	<nil>
760	27996	558	28554	<nil>
760	276	682	958	<nil>
760	292	675	967	<nil>
760	324	746	1070	<nil>
760	401	633	1034	<nil>
760	3147	728	3875	<nil>
760	783	449	1232	<nil>
760	2868	614	3482	<nil>
760	41	536	577	<nil>
760	379	447	826	<nil>
760	3341	678	4019	<nil>
760	71	449	520	<nil>
760	33	535	568	<nil>
760	77	749	826	<nil>
760	44	534	578	<nil>
760	70	500	570	<nil>
760	45	521	566	<nil>
760	4958	530	5488	<nil>
760	267	493	760	<nil>
760	258	493	751	<nil>
760	243	712	955	<nil>
760	75	443	518	<nil>
760	70	500	570	<nil>
760	267	502	769	<nil>
760	40	530	570	<nil>
760	400	642	1042	<nil>
760	15801	453	16254	<nil>
760	10071	503	10574	<nil>
760	38	568	606	<nil>
760	4957	552	5509	<nil>
760	44	541	585	<nil>
760	40	531	571	<nil>
760	32	533	565	<nil>
760	73	464	537	<nil>
760	35	542	577	<nil>
760	256	507	763	<nil>
760	3135	502	3637	<nil>
760	44	531	575	<nil>
760	333	456	789	<nil>
760	317	735	1052	<nil>
780	5293	192	5485	<nil>
780	1420	183	1603	<nil>
780	647	198	845	<nil>
780	1427	194	1621	<nil>
780	794	194	988	<nil>
780	1414	201	1615	<nil>
780	5519	202	5721	<nil>
780	1423	200	1623	<nil>
780	1423	196	1619	<nil>
780	1425	198	1623	<nil>
780	1426	199	1625	<nil>
780	647	205	852	<nil>
780	1415	201	1616	<nil>
780	1426	200	1626	<nil>
780	1423	195	1618	<nil>
780	921	204	1125	<nil>
780	1428	197	1625	<nil>
780	14592	206	14798	<nil>
780	1421	204	1625	<nil>
780	3912	202	4114	<nil>
780	1424	199	1623	<nil>
780	559	203	762	<nil>
780	1421	196	1617	<nil>
780	658	193	851	<nil>
780	10291	199	10490	<nil>
780	6538	199	6737	<nil>
780	827	196	1023	<nil>
780	649	204	853	<nil>
780	658	204	862	<nil>
780	1429	197	1626	<nil>
780	4061	199	4260	<nil>
780	1419	198	1617	<nil>
780	795	194	989	<nil>
780	1451	202	1653	<nil>
780	1422	194	1616	<nil>
780	804	197	1001	<nil>
780	657	206	863	<nil>
780	1423	200	1623	<nil>
780	645	207	852	<nil>
780	1425	199	1624	<nil>
780	1418	205	1623	<nil>
780	1424	199	1623	<nil>
780	652	207	859	<nil>
780	1427	197	1624	<nil>
780	799	200	999	<nil>
780	1419	199	1618	<nil>
780	1423	196	1619	<nil>
780	661	204	865	<nil>
780	650	203	853	<nil>
780	658	205	863	<nil>
780	1424	205	1629	<nil>
780	1431	196	1627	<nil>
780	4216	197	4413	<nil>
780	796	202	998	<nil>
780	659	208	867	<nil>
780	3719	224	3943	<nil>
780	593	351	944	<nil>
780	705	351	1056	<nil>
780	805	337	1142	<nil>
780	9326	342	9668	<nil>
780	5542	339	5881	<nil>
780	800	343	1143	<nil>
780	791	340	1131	<nil>
780	602	342	944	<nil>
780	795	340	1135	<nil>
780	803	339	1142	<nil>
780	796	346	1142	<nil>
780	784	347	1131	<nil>
780	1983	376	2359	<nil>
780	824	348	1172	<nil>
780	791	343	1134	<nil>
780	571	343	914	<nil>
780	816	360	1176	<nil>
780	791	353	1144	<nil>
780	936	344	1280	<nil>
780	555	360	915	<nil>
780	796	352	1148	<nil>
780	6868	349	7217	<nil>
780	3817	348	4165	<nil>
780	794	353	1147	<nil>
780	957	343	1300	<nil>
780	801	350	1151	<nil>
780	1869	354	2223	<nil>
780	933	343	1276	<nil>
780	10611	348	10959	<nil>
780	2866	351	3217	<nil>
780	935	349	1284	<nil>
780	935	343	1278	<nil>
780	1226	350	1576	<nil>
780	1983	352	2335	<nil>
780	566	353	919	<nil>
780	1865	359	2224	<nil>
780	1233	351	1584	<nil>
780	562	375	937	<nil>
780	793	354	1147	<nil>
780	4681	374	5055	<nil>
780	1881	370	2251	<nil>
780	557	378	935	<nil>
780	553	374	927	<nil>
780	1874	373	2247	<nil>
780	563	373	936	<nil>
780	549	368	917	<nil>
780	552	376	928	<nil>
780	562	474	1036	<nil>
780	561	475	1036	<nil>
780	562	476	1038	<nil>
780	551	477	1028	<nil>
780	558	475	1033	<nil>
780	540	477	1017	<nil>
780	1530	470	2000	<nil>
780	28774	488	29262	<nil>
780	9275	0	9275	rpc error: code = Unavailable desc = transport is closing
780	561	500	1061	<nil>
780	528	478	1006	<nil>
780	558	498	1056	<nil>
780	1521	495	2016	<nil>
780	562	500	1062	<nil>
780	508	499	1007	<nil>
780	1517	501	2018	<nil>
780	73	521	594	<nil>
780	2669	522	3191	<nil>
780	2670	522	3192	<nil>
780	2548	522	3070	<nil>
780	2813	0	2813	rpc error: code = Unavailable desc = transport is closing
780	249	0	249	rpc error: code = Unavailable desc = transport is closing
780	2568	0	2568	rpc error: code = Unavailable desc = transport is closing
780	268	0	268	rpc error: code = Unavailable desc = transport is closing
780	2625	320	2945	<nil>
780	2838	0	2838	rpc error: code = Unavailable desc = transport is closing
780	369	0	369	rpc error: code = Unavailable desc = transport is closing
780	388	0	388	rpc error: code = Unavailable desc = transport is closing
780	3102	0	3102	rpc error: code = Unavailable desc = transport is closing
780	356	0	356	rpc error: code = Unavailable desc = transport is closing
780	371	0	371	rpc error: code = Unavailable desc = transport is closing
780	390	0	390	rpc error: code = Unavailable desc = transport is closing
780	375	0	375	rpc error: code = Unavailable desc = transport is closing
780	388	0	388	rpc error: code = Unavailable desc = transport is closing
780	2868	0	2868	rpc error: code = Unavailable desc = transport is closing
780	1374	0	1374	rpc error: code = Unavailable desc = transport is closing
780	376	0	376	rpc error: code = Unavailable desc = transport is closing
780	389	0	389	rpc error: code = Unavailable desc = transport is closing
780	389	0	389	rpc error: code = Unavailable desc = transport is closing
780	377	0	377	rpc error: code = Unavailable desc = transport is closing
780	378	0	378	rpc error: code = Unavailable desc = transport is closing
780	5884	0	5884	rpc error: code = Unavailable desc = transport is closing
780	1377	0	1377	rpc error: code = Unavailable desc = transport is closing
780	358	0	358	rpc error: code = Unavailable desc = transport is closing
780	388	0	388	rpc error: code = Unavailable desc = transport is closing
780	380	0	380	rpc error: code = Unavailable desc = transport is closing
780	394	0	394	rpc error: code = Unavailable desc = transport is closing
780	389	0	389	rpc error: code = Unavailable desc = transport is closing
780	389	0	389	rpc error: code = Unavailable desc = transport is closing
780	390	0	390	rpc error: code = Unavailable desc = transport is closing
780	391	0	391	rpc error: code = Unavailable desc = transport is closing
780	394	0	394	rpc error: code = Unavailable desc = transport is closing
780	1373	0	1373	rpc error: code = Unavailable desc = transport is closing
780	392	0	392	rpc error: code = Unavailable desc = transport is closing
780	386	0	386	rpc error: code = Unavailable desc = transport is closing
780	340	295	635	<nil>
780	335	301	636	<nil>
780	387	228	615	<nil>
780	388	0	388	rpc error: code = Unavailable desc = transport is closing
780	393	0	393	rpc error: code = Unavailable desc = transport is closing
780	370	0	370	rpc error: code = Unavailable desc = transport is closing
780	372	0	372	rpc error: code = Unavailable desc = transport is closing
780	384	229	613	<nil>
780	371	0	371	rpc error: code = Unavailable desc = transport is closing
780	371	0	371	rpc error: code = Unavailable desc = transport is closing
780	2730	0	2730	rpc error: code = Unavailable desc = transport is closing
780	350	0	350	rpc error: code = Unavailable desc = transport is closing
780	391	0	391	rpc error: code = Unavailable desc = transport is closing
780	393	227	620	<nil>
780	2754	227	2981	<nil>
780	2761	0	2761	rpc error: code = Unavailable desc = transport is closing
780	2736	242	2978	<nil>
780	469	157	626	<nil>
780	389	239	628	<nil>
780	494	135	629	<nil>
780	2745	232	2977	<nil>
780	387	229	616	<nil>
780	2754	225	2979	<nil>
780	386	230	616	<nil>
780	377	0	377	rpc error: code = Unavailable desc = transport is closing
780	2753	227	2980	<nil>
780	391	226	617	<nil>
780	494	144	638	<nil>
780	2945	55	3000	<nil>
780	387	60	447	<nil>
780	2753	226	2979	<nil>
780	2755	227	2982	<nil>
780	394	227	621	<nil>
780	389	228	617	<nil>
780	2774	228	3002	<nil>
780	393	227	620	<nil>
780	390	225	615	<nil>
780	393	227	620	<nil>
780	2754	227	2981	<nil>
780	2773	228	3001	<nil>
780	2929	228	3157	<nil>
780	393	228	621	<nil>
780	383	0	383	rpc error: code = Unavailable desc = transport is closing
780	392	229	621	<nil>
780	391	229	620	<nil>
780	5207	230	5437	<nil>
780	391	227	618	<nil>
780	2754	228	2982	<nil>
780	2577	228	2805	<nil>
780	2755	228	2983	<nil>
780	392	231	623	<nil>
780	2755	229	2984	<nil>
780	389	229	618	<nil>
780	2759	230	2989	<nil>
780	392	229	621	<nil>
780	386	231	617	<nil>
780	390	231	621	<nil>
780	393	228	621	<nil>
780	2744	233	2977	<nil>
780	2755	227	2982	<nil>
780	391	230	621	<nil>
780	392	229	621	<nil>
780	2756	229	2985	<nil>
780	519	104	623	<nil>
780	393	234	627	<nil>
780	393	234	627	<nil>
780	459	168	627	<nil>
780	5799	154	5953	<nil>
780	5080	232	5312	<nil>
780	386	230	616	<nil>
780	9659	157	9816	<nil>
780	412	214	626	<nil>
780	470	153	623	<nil>
780	393	232	625	<nil>
780	3125	233	3358	<nil>
780	469	156	625	<nil>
780	390	228	618	<nil>
780	469	156	625	<nil>
780	469	156	625	<nil>
780	384	242	626	<nil>
780	386	230	616	<nil>
780	368	0	368	rpc error: code = Unavailable desc = transport is closing
780	379	69	448	<nil>
780	383	70	453	<nil>
780	2896	102	2998	<nil>
780	9908	64	9972	<nil>
780	380	64	444	<nil>
780	379	58	437	<nil>
780	383	64	447	<nil>
780	386	65	451	<nil>
780	2899	103	3002	<nil>
780	493	143	636	<nil>
780	382	62	444	<nil>
780	384	66	450	<nil>
780	6108	66	6174	<nil>
780	382	63	445	<nil>
780	9923	65	9988	<nil>
780	3238	60	3298	<nil>
780	2853	144	2997	<nil>
780	393	227	620	<nil>
780	383	61	444	<nil>
780	2944	57	3001	<nil>
780	372	63	435	<nil>
780	494	144	638	<nil>
780	48914	103	49017	<nil>
780	2896	101	2997	<nil>
780	394	227	621	<nil>
780	391	58	449	<nil>
780	385	63	448	<nil>
780	377	55	432	<nil>
780	392	55	447	<nil>
780	399	56	455	<nil>
780	373	61	434	<nil>
780	379	57	436	<nil>
780	2938	63	3001	<nil>
780	393	56	449	<nil>
780	394	226	620	<nil>
780	391	0	391	rpc error: code = Unavailable desc = transport is closing
780	368	0	368	rpc error: code = Unavailable desc = transport is closing
780	332	296	628	<nil>
780	392	72	464	<nil>
780	2973	76	3049	<nil>
780	402	94	496	<nil>
780	3270	76	3346	<nil>
780	402	94	496	<nil>
780	401	94	495	<nil>
780	402	94	496	<nil>
780	408	94	502	<nil>
780	284	73	357	<nil>
780	401	95	496	<nil>
780	402	94	496	<nil>
780	419	77	496	<nil>
780	403	95	498	<nil>
780	401	95	496	<nil>
780	402	95	497	<nil>
780	401	96	497	<nil>
780	402	95	497	<nil>
780	2979	71	3050	<nil>
780	3488	77	3565	<nil>
780	5609	76	5685	<nil>
780	282	74	356	<nil>
780	402	95	497	<nil>
780	2812	62	2874	<nil>
780	421	78	499	<nil>
780	336	77	413	<nil>
780	264	62	326	<nil>
780	2977	78	3055	<nil>
780	326	79	405	<nil>
780	286	103	389	<nil>
780	285	104	389	<nil>
780	1175	103	1278	<nil>
780	266	87	353	<nil>
780	296	92	388	<nil>
780	259	91	350	<nil>
780	3356	94	3450	<nil>
780	250	92	342	<nil>
780	25998	94	26092	<nil>
780	296	93	389	<nil>
780	24870	93	24963	<nil>
780	285	105	390	<nil>
780	272	106	378	<nil>
780	297	93	390	<nil>
780	248	94	342	<nil>
780	256	89	345	<nil>
780	259	87	346	<nil>
780	256	88	344	<nil>
780	255	90	345	<nil>
780	3164	94	3258	<nil>
780	444	87	531	<nil>
780	249	96	345	<nil>
780	3288	95	3383	<nil>
780	2993	90	3083	<nil>
780	256	89	345	<nil>
780	249	96	345	<nil>
780	270	76	346	<nil>
780	3292	90	3382	<nil>
780	3008	95	3103	<nil>
780	2997	90	3087	<nil>
780	3014	91	3105	<nil>
780	2993	90	3083	<nil>
780	1237	102	1339	<nil>
780	164	101	265	<nil>
780	425	135	560	<nil>
780	238	103	341	<nil>
780	3000	102	3102	<nil>
780	1270	103	1373	<nil>
780	256	101	357	<nil>
780	256	104	360	<nil>
780	1237	104	1341	<nil>
780	151	96	247	<nil>
780	3004	96	3100	<nil>
780	239	109	348	<nil>
780	142	107	249	<nil>
780	1161	96	1257	<nil>
780	143	107	250	<nil>
780	252	107	359	<nil>
780	166	102	268	<nil>
780	2997	109	3106	<nil>
780	165	109	274	<nil>
780	2625	110	2735	<nil>
780	142	108	250	<nil>
780	162	112	274	<nil>
780	110	146	256	<nil>
780	108	116	224	<nil>
780	153	148	301	<nil>
780	8452	148	8600	<nil>
780	107	148	255	<nil>
780	110	146	256	<nil>
780	270	138	408	<nil>
780	58	147	205	<nil>
780	3017	140	3157	<nil>
780	108	147	255	<nil>
780	110	148	258	<nil>
780	57	146	203	<nil>
780	108	148	256	<nil>
780	110	146	256	<nil>
780	256	102	358	<nil>
780	151	76	227	<nil>
780	249	96	345	<nil>
780	777	0	777	rpc error: code = Unavailable desc = transport is closing
780	753	0	753	rpc error: code = Unavailable desc = transport is closing
780	839	0	839	rpc error: code = Unavailable desc = transport is closing
780	793	0	793	rpc error: code = Unavailable desc = transport is closing
780	790	0	790	rpc error: code = Unavailable desc = transport is closing
780	730	12	742	<nil>
780	825	13	838	<nil>
780	796	0	796	rpc error: code = Unavailable desc = transport is closing
780	799	0	799	rpc error: code = Unavailable desc = transport is closing
780	758	0	758	rpc error: code = Unavailable desc = transport is closing
780	10685	0	10685	rpc error: code = Unavailable desc = transport is closing
780	830	0	830	rpc error: code = Unavailable desc = transport is closing
780	765	0	765	rpc error: code = Unavailable desc = transport is closing
780	829	0	829	rpc error: code = Unavailable desc = transport is closing
780	828	0	828	rpc error: code = Unavailable desc = transport is closing
780	10750	0	10750	rpc error: code = Unavailable desc = transport is closing
780	835	0	835	rpc error: code = Unavailable desc = transport is closing
780	824	0	824	rpc error: code = Unavailable desc = transport is closing
780	832	0	832	rpc error: code = Unavailable desc = transport is closing
780	807	0	807	rpc error: code = Unavailable desc = transport is closing
780	820	0	820	rpc error: code = Unavailable desc = transport is closing
780	780	0	780	rpc error: code = Unavailable desc = transport is closing
780	805	0	805	rpc error: code = Unavailable desc = transport is closing
780	827	0	827	rpc error: code = Unavailable desc = transport is closing
780	3296	0	3296	rpc error: code = Unavailable desc = transport is closing
780	830	0	830	rpc error: code = Unavailable desc = transport is closing
780	830	0	830	rpc error: code = Unavailable desc = transport is closing
780	789	0	789	rpc error: code = Unavailable desc = transport is closing
780	772	0	772	rpc error: code = Unavailable desc = transport is closing
780	832	0	832	rpc error: code = Unavailable desc = transport is closing
780	801	0	801	rpc error: code = Unavailable desc = transport is closing
780	806	0	806	rpc error: code = Unavailable desc = transport is closing
780	764	0	764	rpc error: code = Unavailable desc = transport is closing
780	765	0	765	rpc error: code = Unavailable desc = transport is closing
780	42933	0	42933	rpc error: code = Unavailable desc = transport is closing
780	811	0	811	rpc error: code = Unavailable desc = transport is closing
780	822	0	822	rpc error: code = Unavailable desc = transport is closing
780	794	0	794	rpc error: code = Unavailable desc = transport is closing
780	806	0	806	rpc error: code = Unavailable desc = transport is closing
780	764	0	764	rpc error: code = Unavailable desc = transport is closing
780	772	0	772	rpc error: code = Unavailable desc = transport is closing
780	745	19	764	<nil>
780	797	0	797	rpc error: code = Unavailable desc = transport is closing
780	800	0	800	rpc error: code = Unavailable desc = transport is closing
780	798	0	798	rpc error: code = Unavailable desc = transport is closing
780	808	0	808	rpc error: code = Unavailable desc = transport is closing
780	831	0	831	rpc error: code = Unavailable desc = transport is closing
780	821	19	840	<nil>
780	817	0	817	rpc error: code = Unavailable desc = transport is closing
780	802	0	802	rpc error: code = Unavailable desc = transport is closing
780	834	0	834	rpc error: code = Unavailable desc = transport is closing
780	823	0	823	rpc error: code = Unavailable desc = transport is closing
780	839	0	839	rpc error: code = Unavailable desc = transport is closing
780	835	0	835	rpc error: code = Unavailable desc = transport is closing
780	823	0	823	rpc error: code = Unavailable desc = transport is closing
780	794	0	794	rpc error: code = Unavailable desc = transport is closing
780	10200	0	10200	rpc error: code = Unavailable desc = transport is closing
780	810	0	810	rpc error: code = Unavailable desc = transport is closing
780	801	24	825	<nil>
780	806	0	806	rpc error: code = Unavailable desc = transport is closing
780	810	0	810	rpc error: code = Unavailable desc = transport is closing
780	813	0	813	rpc error: code = Unavailable desc = transport is closing
780	835	0	835	rpc error: code = Unavailable desc = transport is closing
780	829	0	829	rpc error: code = Unavailable desc = transport is closing
780	17291	0	17291	rpc error: code = Unavailable desc = transport is closing
780	830	0	830	rpc error: code = Unavailable desc = transport is closing
780	577	11	588	<nil>
780	829	0	829	rpc error: code = Unavailable desc = transport is closing
780	822	10	832	<nil>
780	676	11	687	<nil>
780	820	11	831	<nil>
780	785	0	785	rpc error: code = Unavailable desc = transport is closing
780	804	0	804	rpc error: code = Unavailable desc = transport is closing
780	825	15	840	<nil>
780	10250	16	10266	<nil>
780	806	0	806	rpc error: code = Unavailable desc = transport is closing
780	824	14	838	<nil>
780	825	15	840	<nil>
780	820	21	841	<nil>
780	2998	16	3014	<nil>
780	789	0	789	rpc error: code = Unavailable desc = transport is closing
780	788	0	788	rpc error: code = Unavailable desc = transport is closing
780	677	18	695	<nil>
780	677	18	695	<nil>
780	821	19	840	<nil>
780	747	18	765	<nil>
780	814	0	814	rpc error: code = Unavailable desc = transport is closing
780	732	18	750	<nil>
780	838	0	838	rpc error: code = Unavailable desc = transport is closing
780	17507	17	17524	<nil>
780	25712	21	25733	<nil>
780	824	19	843	<nil>
780	824	18	842	<nil>
780	748	18	766	<nil>
780	824	25	849	<nil>
780	3357	53	3410	<nil>
780	824	58	882	<nil>
780	820	49	869	<nil>
780	743	52	795	<nil>
780	826	61	887	<nil>
780	823	86	909	<nil>
780	678	84	762	<nil>
780	756	124	880	<nil>
780	10289	126	10415	<nil>
780	835	134	969	<nil>
780	10142	138	10280	<nil>
780	742	125	867	<nil>
780	829	127	956	<nil>
780	823	135	958	<nil>
780	25723	126	25849	<nil>
780	826	133	959	<nil>
780	827	132	959	<nil>
780	831	129	960	<nil>
780	17778	134	17912	<nil>
780	824	134	958	<nil>
780	742	125	867	<nil>
780	824	132	956	<nil>
780	750	132	882	<nil>
780	741	134	875	<nil>
780	590	137	727	<nil>
780	827	133	960	<nil>
780	834	136	970	<nil>
780	755	139	894	<nil>
780	742	133	875	<nil>
780	582	135	717	<nil>
780	685	138	823	<nil>
780	824	132	956	<nil>
780	755	127	882	<nil>
780	831	141	972	<nil>
780	583	147	730	<nil>
780	836	135	971	<nil>
780	832	138	970	<nil>
780	837	135	972	<nil>
780	27178	137	27315	<nil>
780	835	136	971	<nil>
780	831	141	972	<nil>
780	690	135	825	<nil>
780	831	141	972	<nil>
780	15893	137	16030	<nil>
780	15893	140	16033	<nil>
780	833	137	970	<nil>
780	835	134	969	<nil>
780	836	136	972	<nil>
780	837	135	972	<nil>
780	828	136	964	<nil>
780	687	163	850	<nil>
780	593	207	800	<nil>
780	17516	222	17738	<nil>
780	739	221	960	<nil>
780	589	214	803	<nil>
780	748	212	960	<nil>
780	834	213	1047	<nil>
780	16103	212	16315	<nil>
780	673	226	899	<nil>
780	678	251	929	<nil>
780	686	244	930	<nil>
780	5174	238	5412	<nil>
780	694	239	933	<nil>
780	693	253	946	<nil>
780	692	253	945	<nil>
780	693	271	964	<nil>
780	2698	281	2979	<nil>
780	693	280	973	<nil>
780	129	279	408	<nil>
780	1202	283	1485	<nil>
780	1202	284	1486	<nil>
780	693	283	976	<nil>
780	692	283	975	<nil>
780	5799	282	6081	<nil>
780	691	283	974	<nil>
780	690	285	975	<nil>
780	3016	283	3299	<nil>
780	692	286	978	<nil>
780	3016	286	3302	<nil>
780	696	282	978	<nil>
780	704	273	977	<nil>
780	5316	286	5602	<nil>
780	1132	177	1309	<nil>
780	10454	178	10632	<nil>
780	3014	296	3310	<nil>
780	89	218	307	<nil>
780	2919	295	3214	<nil>
780	1485	295	1780	<nil>
780	694	285	979	<nil>
780	28130	295	28425	<nil>
780	207	149	356	<nil>
780	205	151	356	<nil>
780	213	150	363	<nil>
780	220	132	352	<nil>
780	1228	124	1352	<nil>
780	232	122	354	<nil>
780	202	150	352	<nil>
780	265	96	361	<nil>
780	225	128	353	<nil>
780	208	138	346	<nil>
780	230	123	353	<nil>
780	211	152	363	<nil>
780	231	122	353	<nil>
780	5926	151	6077	<nil>
780	226	130	356	<nil>
780	221	131	352	<nil>
780	265	97	362	<nil>
780	249	106	355	<nil>
780	219	134	353	<nil>
780	219	137	356	<nil>
780	261	95	356	<nil>
780	1253	132	1385	<nil>
780	265	117	382	<nil>
780	264	119	383	<nil>
780	1252	133	1385	<nil>
780	251	146	397	<nil>
780	266	131	397	<nil>
780	248	148	396	<nil>
780	263	133	396	<nil>
780	264	132	396	<nil>
780	266	131	397	<nil>
780	264	131	395	<nil>
780	266	132	398	<nil>
780	263	133	396	<nil>
780	259	130	389	<nil>
780	28337	148	28485	<nil>
780	263	133	396	<nil>
780	264	132	396	<nil>
780	2923	133	3056	<nil>
780	250	148	398	<nil>
780	259	132	391	<nil>
780	5988	132	6120	<nil>
780	243	148	391	<nil>
780	266	132	398	<nil>
780	264	133	397	<nil>
780	259	132	391	<nil>
780	248	148	396	<nil>
780	243	148	391	<nil>
780	266	151	417	<nil>
780	265	151	416	<nil>
780	264	152	416	<nil>
780	284	136	420	<nil>
780	269	152	421	<nil>
780	259	161	420	<nil>
780	264	162	426	<nil>
780	267	151	418	<nil>
780	248	150	398	<nil>
780	289	139	428	<nil>
780	195	79	274	<nil>
780	294	132	426	<nil>
780	283	144	427	<nil>
780	270	163	433	<nil>
780	270	156	426	<nil>
780	307	133	440	<nil>
780	5473	159	5632	<nil>
780	277	162	439	<nil>
780	276	163	439	<nil>
780	2943	103	3046	<nil>
780	2891	151	3042	<nil>
780	281	157	438	<nil>
780	5909	105	6014	<nil>
780	281	157	438	<nil>
780	2665	158	2823	<nil>
780	281	157	438	<nil>
780	283	158	441	<nil>
780	293	145	438	<nil>
780	276	163	439	<nil>
780	216	166	382	<nil>
780	277	144	421	<nil>
780	6061	131	6192	<nil>
780	6166	114	6280	<nil>
780	2937	116	3053	<nil>
780	334	121	455	<nil>
780	209	121	330	<nil>
780	6049	130	6179	<nil>
780	218	116	334	<nil>
780	208	130	338	<nil>
780	193	131	324	<nil>
780	196	118	314	<nil>
780	40501	131	40632	<nil>
780	5895	131	6026	<nil>
780	196	125	321	<nil>
780	173	134	307	<nil>
780	215	120	335	<nil>
780	194	116	310	<nil>
780	211	118	329	<nil>
780	208	120	328	<nil>
780	2716	121	2837	<nil>
780	217	120	337	<nil>
780	193	121	314	<nil>
780	192	117	309	<nil>
780	212	122	334	<nil>
780	3013	127	3140	<nil>
780	269	198	467	<nil>
780	199	115	314	<nil>
780	188	122	310	<nil>
780	6073	118	6191	<nil>
780	212	124	336	<nil>
780	185	89	274	<nil>
780	190	131	321	<nil>
780	107	87	194	<nil>
780	143	102	245	<nil>
780	122	102	224	<nil>
780	217	125	342	<nil>
780	97	88	185	<nil>
780	26085	122	26207	<nil>
780	197	130	327	<nil>
780	149	125	274	<nil>
780	198	129	327	<nil>
780	194	116	310	<nil>
780	84	91	175	<nil>
780	220	121	341	<nil>
780	2971	102	3073	<nil>
780	218	128	346	<nil>
780	2755	99	2854	<nil>
780	105	100	205	<nil>
780	78	100	178	<nil>
780	85	101	186	<nil>
780	83	99	182	<nil>
780	97	101	198	<nil>
780	105	100	205	<nil>
780	82	100	182	<nil>
780	106	108	214	<nil>
780	106	123	229	<nil>
780	98	108	206	<nil>
780	107	107	214	<nil>
780	105	110	215	<nil>
780	97	112	209	<nil>
780	106	112	218	<nil>
780	111	108	219	<nil>
780	98	112	210	<nil>
780	43	119	162	<nil>
780	2842	142	2984	<nil>
780	37	118	155	<nil>
780	2995	118	3113	<nil>
780	41	120	161	<nil>
780	35	119	154	<nil>
780	16341	118	16459	<nil>
780	46244	109	46353	<nil>
780	3031	172	3203	<nil>
780	33	151	184	<nil>
780	87	146	233	<nil>
780	2620	173	2793	<nil>
780	27265	145	27410	<nil>
780	123	173	296	<nil>
780	106	154	260	<nil>
780	118	148	266	<nil>
780	9693	147	9840	<nil>
780	41	151	192	<nil>
780	2794	17	2811	<nil>
780	5777	19	5796	<nil>
780	250	29	279	<nil>
780	271	18	289	<nil>
780	277	37	314	<nil>
780	269	19	288	<nil>
780	244	18	262	<nil>
780	209	6	215	<nil>
780	242	37	279	<nil>
780	276	37	313	<nil>
780	295	19	314	<nil>
780	289	24	313	<nil>
780	279	35	314	<nil>
780	292	21	313	<nil>
780	243	38	281	<nil>
780	282	31	313	<nil>
780	293	20	313	<nil>
780	259	18	277	<nil>
780	248	30	278	<nil>
780	274	40	314	<nil>
780	271	20	291	<nil>
780	227	4	231	<nil>
780	197	19	216	<nil>
780	242	19	261	<nil>
780	200	16	216	<nil>
780	243	19	262	<nil>
780	2923	20	2943	<nil>
780	260	18	278	<nil>
780	6242	20	6262	<nil>
780	212	19	231	<nil>
780	205	16	221	<nil>
780	185	5	190	<nil>
780	205	17	222	<nil>
780	210	19	229	<nil>
780	198	20	218	<nil>
780	246	21	267	<nil>
780	199	5	204	<nil>
780	213	20	233	<nil>
780	16787	7	16794	<nil>
780	296	21	317	<nil>
780	201	5	206	<nil>
780	215	17	232	<nil>
780	3064	7	3071	<nil>
780	2862	21	2883	<nil>
780	295	22	317	<nil>
780	11394	22	11416	<nil>
780	3094	21	3115	<nil>
780	245	23	268	<nil>
780	202	20	222	<nil>
780	253	22	275	<nil>
780	253	22	275	<nil>
780	245	22	267	<nil>
780	172	18	190	<nil>
780	206	17	223	<nil>
780	205	2	207	<nil>
780	178	8	186	<nil>
780	204	4	208	<nil>
780	203	4	207	<nil>
780	182	4	186	<nil>
780	203	2	205	<nil>
780	163	6	169	<nil>
780	207	7	214	<nil>
780	186	7	193	<nil>
780	171	8	179	<nil>
780	211	6	217	<nil>
780	205	9	214	<nil>
780	179	7	186	<nil>
780	208	9	217	<nil>
780	201	9	210	<nil>
780	75823	16	75839	<nil>
780	164	14	178	<nil>
780	201	17	218	<nil>
780	164	15	179	<nil>
780	181	21	202	<nil>
780	210	142	352	<nil>
780	172	142	314	<nil>
780	87	152	239	<nil>
780	3048	447	3495	<nil>
780	121	445	566	<nil>
780	160	447	607	<nil>
780	161	447	608	<nil>
780	119	447	566	<nil>
780	183	450	633	<nil>
780	170	450	620	<nil>
780	117	449	566	<nil>
780	83	444	527	<nil>
780	183	450	633	<nil>
780	138	312	450	<nil>
780	176	445	621	<nil>
780	87	445	532	<nil>
780	160	449	609	<nil>
780	2769	448	3217	<nil>
780	159	448	607	<nil>
780	2917	445	3362	<nil>
780	87	444	531	<nil>
780	173	448	621	<nil>
780	121	445	566	<nil>
780	132	448	580	<nil>
780	211	445	656	<nil>
780	161	448	609	<nil>
780	176	445	621	<nil>
780	174	448	622	<nil>
780	156	454	610	<nil>
780	117	450	567	<nil>
780	177	453	630	<nil>
780	119	447	566	<nil>
780	139	310	449	<nil>
780	137	311	448	<nil>
780	139	310	449	<nil>
780	139	311	450	<nil>
780	138	312	450	<nil>
780	447	39	486	<nil>
780	439	37	476	<nil>
780	5282	39	5321	<nil>
780	448	38	486	<nil>
780	388	40	428	<nil>
780	444	40	484	<nil>
780	448	37	485	<nil>
780	448	38	486	<nil>
780	446	40	486	<nil>
780	449	40	489	<nil>
780	440	41	481	<nil>
780	444	40	484	<nil>
780	443	39	482	<nil>
780	449	41	490	<nil>
780	449	41	490	<nil>
780	443	41	484	<nil>
780	443	42	485	<nil>
780	448	42	490	<nil>
780	448	42	490	<nil>
780	447	42	489	<nil>
780	443	40	483	<nil>
780	440	41	481	<nil>
780	438	40	478	<nil>
780	448	43	491	<nil>
780	446	42	488	<nil>
780	451	51	502	<nil>
780	451	51	502	<nil>
780	446	53	499	<nil>
780	446	57	503	<nil>
780	450	56	506	<nil>
780	448	56	504	<nil>
780	448	80	528	<nil>
780	445	55	500	<nil>
780	447	56	503	<nil>
780	449	54	503	<nil>
780	444	80	524	<nil>
780	445	78	523	<nil>
780	451	78	529	<nil>
780	450	78	528	<nil>
780	449	80	529	<nil>
780	448	56	504	<nil>
780	22625	100	22725	<nil>
780	447	92	539	<nil>
780	449	91	540	<nil>
780	452	91	543	<nil>
780	450	92	542	<nil>
780	440	92	532	<nil>
780	5357	98	5455	<nil>
780	447	98	545	<nil>
780	449	96	545	<nil>
780	440	97	537	<nil>
780	441	97	538	<nil>
780	444	145	589	<nil>
780	448	149	597	<nil>
780	3230	130	3360	<nil>
780	449	148	597	<nil>
780	448	131	579	<nil>
780	471	124	595	<nil>
780	450	152	602	<nil>
780	442	152	594	<nil>
780	451	152	603	<nil>
780	450	153	603	<nil>
780	447	154	601	<nil>
780	5160	155	5315	<nil>
780	448	154	602	<nil>
780	445	159	604	<nil>
780	449	156	605	<nil>
780	337	155	492	<nil>
780	5316	151	5467	<nil>
780	345	154	499	<nil>
780	6323	150	6473	<nil>
780	91	124	215	<nil>
780	5451	117	5568	<nil>
780	9146	118	9264	<nil>
780	1369	119	1488	<nil>
780	5423	81	5504	<nil>
780	1155	66	1221	<nil>
780	5111	93	5204	<nil>
780	155	66	221	<nil>
780	1278	68	1346	<nil>
780	1413	69	1482	<nil>
780	28205	37	28242	<nil>
780	17375	84	17459	<nil>
780	1413	84	1497	<nil>
780	154	67	221	<nil>
780	5509	68	5577	<nil>
780	164	18	182	<nil>
780	162	24	186	<nil>
780	157	32	189	<nil>
780	14535	20	14555	<nil>
780	140	86	226	<nil>
780	1266	85	1351	<nil>
780	154	73	227	<nil>
780	5137	75	5212	<nil>
780	1154	67	1221	<nil>
780	5135	73	5208	<nil>
780	1422	70	1492	<nil>
780	1416	86	1502	<nil>
780	129	100	229	<nil>
780	1152	74	1226	<nil>
780	1156	73	1229	<nil>
780	136	86	222	<nil>
780	1140	88	1228	<nil>
780	150	38	188	<nil>
780	1152	75	1227	<nil>
780	5142	73	5215	<nil>
780	1153	70	1223	<nil>
780	1155	68	1223	<nil>
780	155	20	175	<nil>
780	2825	23	2848	<nil>
780	5139	74	5213	<nil>
780	148	81	229	<nil>
780	167	19	186	<nil>
780	1277	80	1357	<nil>
780	149	46	195	<nil>
780	165	21	186	<nil>
780	164	25	189	<nil>
780	2457	25	2482	<nil>
780	158	25	183	<nil>
780	167	26	193	<nil>
780	157	29	186	<nil>
780	175	47	222	<nil>
780	169	49	218	<nil>
780	2464	50	2514	<nil>
780	174	63	237	<nil>
780	172	68	240	<nil>
780	175	64	239	<nil>
780	174	72	246	<nil>
780	175	70	245	<nil>
780	172	73	245	<nil>
780	185	25	210	<nil>
780	2842	72	2914	<nil>
780	172	73	245	<nil>
780	5414	32	5446	<nil>
780	162	75	237	<nil>
780	174	74	248	<nil>
780	161	25	186	<nil>
780	169	38	207	<nil>
780	5241	48	5289	<nil>
780	1188	48	1236	<nil>
780	5541	53	5594	<nil>
780	110	46	156	<nil>
780	2886	44	2930	<nil>
780	2498	60	2558	<nil>
780	108	45	153	<nil>
780	14594	45	14639	<nil>
780	1118	49	1167	<nil>
780	1143	53	1196	<nil>
780	103	52	155	<nil>
780	153	49	202	<nil>
780	156	49	205	<nil>
780	2885	49	2934	<nil>
780	109	48	157	<nil>
780	1183	56	1239	<nil>
780	16465	62	16527	<nil>
780	5412	62	5474	<nil>
780	5531	64	5595	<nil>
780	71	26	97	<nil>
780	75	25	100	<nil>
780	183	49	232	<nil>
780	74	52	126	<nil>
780	5074	48	5122	<nil>
780	2883	55	2938	<nil>
780	75	26	101	<nil>
780	2510	55	2565	<nil>
780	9724	40	9764	<nil>
780	101	56	157	<nil>
780	105	49	154	<nil>
780	47	40	87	<nil>
780	14888	49	14937	<nil>
780	5423	52	5475	<nil>
780	58	27	85	<nil>
780	39	41	80	<nil>
780	1178	66	1244	<nil>
780	61	25	86	<nil>
780	107	52	159	<nil>
780	99	59	158	<nil>
780	60	26	86	<nil>
780	5234	66	5300	<nil>
780	1187	55	1242	<nil>
780	66	23	89	<nil>
780	2702	59	2761	<nil>
780	1177	66	1243	<nil>
780	46	40	86	<nil>
780	156	79	235	<nil>
780	263	9	272	<nil>
780	176	60	236	<nil>
780	232	15	247	<nil>
780	233	10	243	<nil>
780	151	15	166	<nil>
780	15091	15	15106	<nil>
780	230	15	245	<nil>
780	230	14	244	<nil>
780	230	14	244	<nil>
780	230	13	243	<nil>
780	232	14	246	<nil>
780	229	15	244	<nil>
780	229	16	245	<nil>
780	162	11	173	<nil>
780	231	16	247	<nil>
780	244	11	255	<nil>
780	166	17	183	<nil>
780	167	14	181	<nil>
780	5465	15	5480	<nil>
780	5469	15	5484	<nil>
780	240	15	255	<nil>
780	2725	19	2744	<nil>
780	246	14	260	<nil>
780	161	18	179	<nil>
780	240	15	255	<nil>
780	239	21	260	<nil>
780	184	21	205	<nil>
780	238	17	255	<nil>
780	160	19	179	<nil>
780	241	15	256	<nil>
780	235	19	254	<nil>
780	235	21	256	<nil>
780	186	19	205	<nil>
780	190	15	205	<nil>
780	230	15	245	<nil>
780	235	21	256	<nil>
780	236	19	255	<nil>
780	235	21	256	<nil>
780	163	22	185	<nil>
780	177	89	266	<nil>
780	247	84	331	<nil>
780	251	90	341	<nil>
780	180	94	274	<nil>
780	186	93	279	<nil>
780	257	93	350	<nil>
780	182	96	278	<nil>
780	186	88	274	<nil>
780	206	93	299	<nil>
780	2742	97	2839	<nil>
780	181	96	277	<nil>
780	207	93	300	<nil>
780	181	94	275	<nil>
780	263	88	351	<nil>
780	207	94	301	<nil>
780	3123	89	3212	<nil>
780	3127	89	3216	<nil>
780	206	95	301	<nil>
780	262	88	350	<nil>
780	188	93	281	<nil>
780	185	94	279	<nil>
780	15129	97	15226	<nil>
780	185	97	282	<nil>
780	181	97	278	<nil>
780	5492	90	5582	<nil>
780	3120	95	3215	<nil>
780	3115	101	3216	<nil>
780	314	42	356	<nil>
780	231	101	332	<nil>
780	2837	98	2935	<nil>
780	5660	101	5761	<nil>
780	5997	101	6098	<nil>
780	185	101	286	<nil>
780	265	92	357	<nil>
780	252	104	356	<nil>
780	252	107	359	<nil>
780	177	107	284	<nil>
780	184	94	278	<nil>
780	124	88	212	<nil>
780	203	101	304	<nil>
780	3119	101	3220	<nil>
780	186	105	291	<nil>
780	208	104	312	<nil>
780	185	103	288	<nil>
780	183	105	288	<nil>
780	3125	98	3223	<nil>
780	265	102	367	<nil>
780	1128	104	1232	<nil>
780	2844	99	2943	<nil>
780	26640	105	26745	<nil>
780	2896	101	2997	<nil>
780	5659	107	5766	<nil>
780	177	110	287	<nil>
780	178	111	289	<nil>
780	257	106	363	<nil>
780	211	101	312	<nil>
780	186	102	288	<nil>
780	5489	102	5591	<nil>
780	3122	104	3226	<nil>
780	181	107	288	<nil>
780	212	97	309	<nil>
780	228	112	340	<nil>
780	3115	110	3225	<nil>
780	261	103	364	<nil>
780	256	96	352	<nil>
780	257	108	365	<nil>
780	184	106	290	<nil>
780	2843	10	2853	<nil>
780	106	15	121	<nil>
780	185	106	291	<nil>
780	129	116	245	<nil>
780	141	99	240	<nil>
780	138	102	240	<nil>
780	10528	116	10644	<nil>
780	123	118	241	<nil>
780	138	103	241	<nil>
780	147	100	247	<nil>
780	247	0	247	rpc error: code = Unavailable desc = transport is closing
780	226	0	226	rpc error: code = Unavailable desc = transport is closing
780	122	120	242	<nil>
780	129	118	247	<nil>
780	123	119	242	<nil>
780	146	100	246	<nil>
780	138	107	245	<nil>
780	5942	87	6029	<nil>
780	136	104	240	<nil>
780	243	0	243	rpc error: code = Unavailable desc = transport is closing
780	124	118	242	<nil>
780	151	13	164	<nil>
780	141	25	166	<nil>
780	125	119	244	<nil>
780	2997	88	3085	<nil>
780	3281	88	3369	<nil>
780	123	119	242	<nil>
780	141	100	241	<nil>
780	149	14	163	<nil>
780	153	18	171	<nil>
780	5746	13	5759	<nil>
780	148	31	179	<nil>
780	138	104	242	<nil>
780	160	10	170	<nil>
780	151	103	254	<nil>
780	298	0	298	rpc error: code = Unavailable desc = transport is closing
780	105	59	164	<nil>
780	146	21	167	<nil>
780	107	137	244	<nil>
780	220	24	244	<nil>
780	137	107	244	<nil>
780	3283	86	3369	<nil>
780	146	22	168	<nil>
780	220	25	245	<nil>
780	220	25	245	<nil>
780	148	24	172	<nil>
780	141	14	155	<nil>
780	150	15	165	<nil>
780	3373	10	3383	<nil>
780	148	7	155	<nil>
780	150	7	157	<nil>
780	145	12	157	<nil>
780	143	24	167	<nil>
780	145	11	156	<nil>
780	144	14	158	<nil>
780	148	8	156	<nil>
780	5730	15	5745	<nil>
780	153	13	166	<nil>
780	147	8	155	<nil>
780	122	119	241	<nil>
780	139	10	149	<nil>
780	154	13	167	<nil>
780	146	13	159	<nil>
780	146	14	160	<nil>
780	3381	14	3395	<nil>
780	152	17	169	<nil>
780	145	17	162	<nil>
780	148	16	164	<nil>
780	155	14	169	<nil>
780	5564	16	5580	<nil>
780	154	88	242	<nil>
780	145	16	161	<nil>
780	146	18	164	<nil>
780	3036	0	3036	rpc error: code = Unavailable desc = transport is closing
780	146	16	162	<nil>
780	152	19	171	<nil>
780	3377	16	3393	<nil>
780	153	16	169	<nil>
780	152	19	171	<nil>
780	10004	20	10024	<nil>
780	123	118	241	<nil>
780	2908	87	2995	<nil>
780	161	9	170	<nil>
780	149	20	169	<nil>
780	1145	17	1162	<nil>
780	158	7	165	<nil>
780	153	13	166	<nil>
780	157	13	170	<nil>
780	150	20	170	<nil>
780	3388	13	3401	<nil>
780	147	19	166	<nil>
780	157	13	170	<nil>
780	146	18	164	<nil>
780	141	100	241	<nil>
780	145	21	166	<nil>
780	155	10	165	<nil>
780	145	20	165	<nil>
780	151	19	170	<nil>
780	3376	20	3396	<nil>
780	5748	19	5767	<nil>
780	157	9	166	<nil>
780	145	20	165	<nil>
780	153	14	167	<nil>
780	254	0	254	rpc error: code = Unavailable desc = transport is closing
780	1143	20	1163	<nil>
780	146	20	166	<nil>
780	143	21	164	<nil>
780	138	104	242	<nil>
780	296	0	296	rpc error: code = Unavailable desc = transport is closing
780	147	20	167	<nil>
780	149	23	172	<nil>
780	2864	15	2879	<nil>
780	152	15	167	<nil>
780	123	122	245	<nil>
780	137	104	241	<nil>
780	245	0	245	rpc error: code = Unavailable desc = transport is closing
780	245	0	245	rpc error: code = Unavailable desc = transport is closing
780	208	0	208	rpc error: code = Unavailable desc = transport is closing
780	2896	0	2896	rpc error: code = Unavailable desc = transport is closing
780	271	0	271	rpc error: code = Unavailable desc = transport is closing
780	264	0	264	rpc error: code = Unavailable desc = transport is closing
780	26375	0	26375	rpc error: code = Unavailable desc = transport is closing
780	276	0	276	rpc error: code = Unavailable desc = transport is closing
780	259	0	259	rpc error: code = Unavailable desc = transport is closing
780	183	0	183	rpc error: code = Unavailable desc = transport is closing
780	241	0	241	rpc error: code = Unavailable desc = transport is closing
780	3019	0	3019	rpc error: code = Unavailable desc = transport is closing
780	190	0	190	rpc error: code = Unavailable desc = transport is closing
780	228	0	228	rpc error: code = Unavailable desc = transport is closing
780	212	19	231	<nil>
780	261	0	261	rpc error: code = Unavailable desc = transport is closing
780	211	27	238	<nil>
780	2667	0	2667	rpc error: code = Unavailable desc = transport is closing
780	212	19	231	<nil>
780	266	0	266	rpc error: code = Unavailable desc = transport is closing
780	231	0	231	rpc error: code = Unavailable desc = transport is closing
780	244	0	244	rpc error: code = Unavailable desc = transport is closing
780	301	0	301	rpc error: code = Unavailable desc = transport is closing
780	287	0	287	rpc error: code = Unavailable desc = transport is closing
780	188	0	188	rpc error: code = Unavailable desc = transport is closing
780	293	0	293	rpc error: code = Unavailable desc = transport is closing
780	292	0	292	rpc error: code = Unavailable desc = transport is closing
780	300	0	300	rpc error: code = Unavailable desc = transport is closing
780	273	0	273	rpc error: code = Unavailable desc = transport is closing
780	176	28	204	<nil>
780	212	27	239	<nil>
780	212	42	254	<nil>
780	198	38	236	<nil>
780	183	39	222	<nil>
780	212	39	251	<nil>
780	179	40	219	<nil>
780	205	38	243	<nil>
780	214	41	255	<nil>
780	180	38	218	<nil>
780	206	37	243	<nil>
780	182	40	222	<nil>
780	236	0	236	rpc error: code = Unavailable desc = transport is closing
780	201	541	742	<nil>
780	193	541	734	<nil>
780	189	542	731	<nil>
780	221	545	766	<nil>
780	207	553	760	<nil>
780	223	547	770	<nil>
780	220	560	780	<nil>
780	205	560	765	<nil>
780	203	560	763	<nil>
780	204	559	763	<nil>
780	222	561	783	<nil>
780	124	0	124	rpc error: code = Unavailable desc = transport is closing
780	217	561	778	<nil>
780	203	560	763	<nil>
780	207	570	777	<nil>
780	267	0	267	rpc error: code = Unavailable desc = transport is closing
780	211	0	211	rpc error: code = Unavailable desc = transport is closing
780	216	0	216	rpc error: code = Unavailable desc = transport is closing
780	2700	0	2700	rpc error: code = Unavailable desc = transport is closing
780	215	0	215	rpc error: code = Unavailable desc = transport is closing
780	26069	0	26069	rpc error: code = Unavailable desc = transport is closing
780	208	570	778	<nil>
780	230	0	230	rpc error: code = Unavailable desc = transport is closing
780	237	0	237	rpc error: code = Unavailable desc = transport is closing
780	216	0	216	rpc error: code = Unavailable desc = transport is closing
780	5954	0	5954	rpc error: code = Unavailable desc = transport is closing
780	216	0	216	rpc error: code = Unavailable desc = transport is closing
780	159	0	159	rpc error: code = Unavailable desc = transport is closing
780	800	0	800	rpc error: code = Unavailable desc = transport is closing
780	215	0	215	rpc error: code = Unavailable desc = transport is closing
780	236	0	236	rpc error: code = Unavailable desc = transport is closing
780	215	0	215	rpc error: code = Unavailable desc = transport is closing
780	217	0	217	rpc error: code = Unavailable desc = transport is closing
780	801	0	801	rpc error: code = Unavailable desc = transport is closing
780	799	0	799	rpc error: code = Unavailable desc = transport is closing
780	176	0	176	rpc error: code = Unavailable desc = transport is closing
780	812	0	812	rpc error: code = Unavailable desc = transport is closing
780	215	0	215	rpc error: code = Unavailable desc = transport is closing
780	799	0	799	rpc error: code = Unavailable desc = transport is closing
780	230	0	230	rpc error: code = Unavailable desc = transport is closing
780	823	0	823	rpc error: code = Unavailable desc = transport is closing
780	82	0	82	rpc error: code = Unavailable desc = transport is closing
780	797	0	797	rpc error: code = Unavailable desc = transport is closing
780	839	0	839	rpc error: code = Unavailable desc = transport is closing
780	207	0	207	rpc error: code = Unavailable desc = transport is closing
780	826	0	826	rpc error: code = Unavailable desc = transport is closing
780	216	0	216	rpc error: code = Unavailable desc = transport is closing
780	44366	0	44366	rpc error: code = Unavailable desc = transport is closing
780	3127	0	3127	rpc error: code = Unavailable desc = transport is closing
780	811	0	811	rpc error: code = Unavailable desc = transport is closing
780	220	564	784	<nil>
780	220	565	785	<nil>
780	183	0	183	rpc error: code = Unavailable desc = transport is closing
780	248	0	248	rpc error: code = Unavailable desc = transport is closing
780	202	0	202	rpc error: code = Unavailable desc = transport is closing
780	213	0	213	rpc error: code = Unavailable desc = transport is closing
780	178	0	178	rpc error: code = Unavailable desc = transport is closing
780	1223	0	1223	rpc error: code = Unavailable desc = transport is closing
780	161	0	161	rpc error: code = Unavailable desc = transport is closing
780	797	0	797	rpc error: code = Unavailable desc = transport is closing
780	198	0	198	rpc error: code = Unavailable desc = transport is closing
780	832	0	832	rpc error: code = Unavailable desc = transport is closing
780	282	0	282	rpc error: code = Unavailable desc = transport is closing
780	211	0	211	rpc error: code = Unavailable desc = transport is closing
780	188	0	188	rpc error: code = Unavailable desc = transport is closing
780	208	0	208	rpc error: code = Unavailable desc = transport is closing
780	208	0	208	rpc error: code = Unavailable desc = transport is closing
780	186	0	186	rpc error: code = Unavailable desc = transport is closing
780	202	0	202	rpc error: code = Unavailable desc = transport is closing
780	199	0	199	rpc error: code = Unavailable desc = transport is closing
780	831	0	831	rpc error: code = Unavailable desc = transport is closing
780	796	0	796	rpc error: code = Unavailable desc = transport is closing
780	2765	0	2765	rpc error: code = Unavailable desc = transport is closing
780	163	0	163	rpc error: code = Unavailable desc = transport is closing
780	218	568	786	<nil>
780	105	614	719	<nil>
780	217	624	841	<nil>
780	208	641	849	<nil>
780	5973	671	6644	<nil>
780	221	657	878	<nil>
780	722	157	879	<nil>
780	252	655	907	<nil>
780	5811	656	6467	<nil>
780	218	658	876	<nil>
780	751	126	877	<nil>
780	737	139	876	<nil>
780	221	655	876	<nil>
780	720	157	877	<nil>
780	5155	654	5809	<nil>
780	220	657	877	<nil>
780	217	659	876	<nil>
780	150	655	805	<nil>
780	220	657	877	<nil>
780	221	659	880	<nil>
780	221	658	879	<nil>
780	221	658	879	<nil>
780	222	656	878	<nil>
780	218	662	880	<nil>
780	219	658	877	<nil>
780	221	658	879	<nil>
780	721	157	878	<nil>
780	239	673	912	<nil>
780	208	672	880	<nil>
780	247	659	906	<nil>
780	4841	657	5498	<nil>
780	720	159	879	<nil>
780	250	658	908	<nil>
780	220	658	878	<nil>
780	5809	658	6467	<nil>
780	217	662	879	<nil>
780	745	153	898	<nil>
780	219	660	879	<nil>
780	5986	659	6645	<nil>
780	221	657	878	<nil>
780	5154	656	5810	<nil>
780	220	660	880	<nil>
780	223	656	879	<nil>
780	222	658	880	<nil>
780	249	660	909	<nil>
780	15328	661	15989	<nil>
780	222	658	880	<nil>
780	224	656	880	<nil>
780	224	657	881	<nil>
780	223	658	881	<nil>
780	218	661	879	<nil>
780	223	657	880	<nil>
780	224	659	883	<nil>
780	224	656	880	<nil>
780	222	659	881	<nil>
780	564	126	690	<nil>
780	222	660	882	<nil>
780	222	662	884	<nil>
780	220	660	880	<nil>
780	223	661	884	<nil>
780	223	659	882	<nil>
780	207	671	878	<nil>
780	222	658	880	<nil>
780	223	661	884	<nil>
780	101779	659	102438	<nil>
780	223	659	882	<nil>
780	220	662	882	<nil>
780	221	659	880	<nil>
780	5058	661	5719	<nil>
780	221	661	882	<nil>
780	224	659	883	<nil>
780	222	660	882	<nil>
780	223	660	883	<nil>
780	219	662	881	<nil>
780	222	660	882	<nil>
780	222	661	883	<nil>
780	221	660	881	<nil>
780	221	661	882	<nil>
780	223	659	882	<nil>
780	223	658	881	<nil>
780	5811	659	6470	<nil>
780	222	658	880	<nil>
780	220	657	877	<nil>
780	222	657	879	<nil>
780	679	114	793	<nil>
780	683	114	797	<nil>
780	680	114	794	<nil>
780	9602	114	9716	<nil>
780	5608	115	5723	<nil>
780	1664	114	1778	<nil>
780	800	0	800	rpc error: code = Unavailable desc = transport is closing
780	800	0	800	rpc error: code = Unavailable desc = transport is closing
780	710	0	710	rpc error: code = Unavailable desc = transport is closing
780	727	0	727	rpc error: code = Unavailable desc = transport is closing
780	801	0	801	rpc error: code = Unavailable desc = transport is closing
780	710	0	710	rpc error: code = Unavailable desc = transport is closing
780	712	0	712	rpc error: code = Unavailable desc = transport is closing
780	805	0	805	rpc error: code = Unavailable desc = transport is closing
780	802	0	802	rpc error: code = Unavailable desc = transport is closing
780	805	0	805	rpc error: code = Unavailable desc = transport is closing
780	3635	0	3635	rpc error: code = Unavailable desc = transport is closing
780	805	0	805	rpc error: code = Unavailable desc = transport is closing
780	728	0	728	rpc error: code = Unavailable desc = transport is closing
780	694	115	809	<nil>
780	802	0	802	rpc error: code = Unavailable desc = transport is closing
780	802	0	802	rpc error: code = Unavailable desc = transport is closing
780	10641	0	10641	rpc error: code = Unavailable desc = transport is closing
780	802	0	802	rpc error: code = Unavailable desc = transport is closing
780	803	0	803	rpc error: code = Unavailable desc = transport is closing
780	801	0	801	rpc error: code = Unavailable desc = transport is closing
780	802	0	802	rpc error: code = Unavailable desc = transport is closing
780	1702	91	1793	<nil>
780	672	0	672	rpc error: code = Unavailable desc = transport is closing
780	727	0	727	rpc error: code = Unavailable desc = transport is closing
780	802	0	802	rpc error: code = Unavailable desc = transport is closing
780	1717	79	1796	<nil>
780	730	0	730	rpc error: code = Unavailable desc = transport is closing
780	803	0	803	rpc error: code = Unavailable desc = transport is closing
780	712	0	712	rpc error: code = Unavailable desc = transport is closing
780	1668	115	1783	<nil>
780	802	0	802	rpc error: code = Unavailable desc = transport is closing
780	206	0	206	rpc error: code = Unavailable desc = transport is closing
780	191	54	245	<nil>
780	696	115	811	<nil>
780	712	0	712	rpc error: code = Unavailable desc = transport is closing
780	804	0	804	rpc error: code = Unavailable desc = transport is closing
780	743	0	743	rpc error: code = Unavailable desc = transport is closing
780	835	0	835	rpc error: code = Unavailable desc = transport is closing
780	832	0	832	rpc error: code = Unavailable desc = transport is closing
780	647	0	647	rpc error: code = Unavailable desc = transport is closing
780	198	52	250	<nil>
780	194	53	247	<nil>
780	5791	49	5840	<nil>
780	764	54	818	<nil>
780	5769	80	5849	<nil>
780	719	96	815	<nil>
780	711	108	819	<nil>
780	1740	50	1790	<nil>
780	1567	99	1666	<nil>
780	1671	118	1789	<nil>
780	201	48	249	<nil>
780	1693	99	1792	<nil>
780	674	0	674	rpc error: code = Unavailable desc = transport is closing
780	1740	50	1790	<nil>
780	5922	51	5973	<nil>
780	1674	118	1792	<nil>
780	2678	99	2777	<nil>
780	2978	82	3060	<nil>
780	1688	106	1794	<nil>
780	1681	108	1789	<nil>
780	801	0	801	rpc error: code = Unavailable desc = transport is closing
780	198	52	250	<nil>
780	1671	120	1791	<nil>
780	1662	129	1791	<nil>
780	5454	73	5527	<nil>
780	1708	83	1791	<nil>
780	1691	100	1791	<nil>
780	5539	108	5647	<nil>
780	1744	50	1794	<nil>
780	1741	56	1797	<nil>
780	1744	51	1795	<nil>
780	1746	55	1801	<nil>
780	1717	79	1796	<nil>
780	2974	87	3061	<nil>
780	802	0	802	rpc error: code = Unavailable desc = transport is closing
780	1669	128	1797	<nil>
780	192	0	192	rpc error: code = Unavailable desc = transport is closing
780	198	0	198	rpc error: code = Unavailable desc = transport is closing
780	193	0	193	rpc error: code = Unavailable desc = transport is closing
780	207	0	207	rpc error: code = Unavailable desc = transport is closing
780	192	0	192	rpc error: code = Unavailable desc = transport is closing
780	188	0	188	rpc error: code = Unavailable desc = transport is closing
780	2640	0	2640	rpc error: code = Unavailable desc = transport is closing
780	198	51	249	<nil>
780	201	0	201	rpc error: code = Unavailable desc = transport is closing
780	205	0	205	rpc error: code = Unavailable desc = transport is closing
780	199	51	250	<nil>
780	201	0	201	rpc error: code = Unavailable desc = transport is closing
780	202	0	202	rpc error: code = Unavailable desc = transport is closing
780	1188	50	1238	<nil>
780	199	50	249	<nil>
780	192	0	192	rpc error: code = Unavailable desc = transport is closing
780	207	0	207	rpc error: code = Unavailable desc = transport is closing
780	2917	31	2948	<nil>
780	127	32	159	<nil>
780	208	0	208	rpc error: code = Unavailable desc = transport is closing
780	204	0	204	rpc error: code = Unavailable desc = transport is closing
780	727	0	727	rpc error: code = Unavailable desc = transport is closing
780	198	49	247	<nil>
780	162	22	184	<nil>
780	197	45	242	<nil>
780	139	20	159	<nil>
780	206	0	206	rpc error: code = Unavailable desc = transport is closing
780	195	47	242	<nil>
780	5352	64	5416	<nil>
780	192	48	240	<nil>
780	193	55	248	<nil>
780	198	53	251	<nil>
780	199	48	247	<nil>
780	193	55	248	<nil>
780	699	115	814	<nil>
780	197	51	248	<nil>
780	196	47	243	<nil>
780	5641	23	5664	<nil>
780	196	49	245	<nil>
780	196	48	244	<nil>
780	196	49	245	<nil>
780	196	48	244	<nil>
780	199	52	251	<nil>
780	200	48	248	<nil>
780	199	48	247	<nil>
780	198	52	250	<nil>
780	5121	0	5121	rpc error: code = Unavailable desc = transport is closing
780	197	49	246	<nil>
780	196	49	245	<nil>
780	197	49	246	<nil>
780	3030	48	3078	<nil>
780	5812	49	5861	<nil>
780	196	49	245	<nil>
780	193	48	241	<nil>
780	1673	118	1791	<nil>
780	198	48	246	<nil>
780	678	0	678	rpc error: code = Unavailable desc = transport is closing
780	1708	82	1790	<nil>
780	691	119	810	<nil>
780	193	57	250	<nil>
780	738	82	820	<nil>
780	199	0	199	rpc error: code = Unavailable desc = transport is closing
780	200	51	251	<nil>
780	205	0	205	rpc error: code = Unavailable desc = transport is closing
780	197	50	247	<nil>
780	199	50	249	<nil>
780	187	0	187	rpc error: code = Unavailable desc = transport is closing
780	199	50	249	<nil>
780	138	23	161	<nil>
780	128	31	159	<nil>
780	140	20	160	<nil>
780	200	51	251	<nil>
780	128	31	159	<nil>
780	133	16	149	<nil>
780	136	15	151	<nil>
780	201	0	201	rpc error: code = Unavailable desc = transport is closing
780	207	0	207	rpc error: code = Unavailable desc = transport is closing
780	159	15	174	<nil>
780	129	31	160	<nil>
780	146	14	160	<nil>
780	28669	20	28689	<nil>
780	137	16	153	<nil>
780	138	21	159	<nil>
780	188	55	243	<nil>
780	140	23	163	<nil>
780	152	32	184	<nil>
780	174	55	229	<nil>
780	133	15	148	<nil>
780	188	56	244	<nil>
780	197	48	245	<nil>
780	208	0	208	rpc error: code = Unavailable desc = transport is closing
780	132	31	163	<nil>
780	137	23	160	<nil>
780	1163	31	1194	<nil>
780	15917	16	15933	<nil>
780	128	31	159	<nil>
780	1160	24	1184	<nil>
780	200	51	251	<nil>
780	2811	15	2826	<nil>
780	142	15	157	<nil>
780	143	15	158	<nil>
780	3078	15	3093	<nil>
780	141	16	157	<nil>
780	2808	16	2824	<nil>
780	50	0	50	<nil>
780	137	15	152	<nil>
780	135	16	151	<nil>
780	136	14	150	<nil>
780	133	16	149	<nil>
780	139	14	153	<nil>
780	3072	16	3088	<nil>
780	133	16	149	<nil>
780	1183	15	1198	<nil>
780	150	16	166	<nil>
780	3066	21	3087	<nil>
780	5761	17	5778	<nil>
780	136	14	150	<nil>
780	135	26	161	<nil>
780	145	26	171	<nil>
780	136	27	163	<nil>
780	136	26	162	<nil>
780	143	29	172	<nil>
780	139	26	165	<nil>
780	145	26	171	<nil>
780	136	29	165	<nil>
780	136	29	165	<nil>
780	144	27	171	<nil>
780	1183	27	1210	<nil>
780	136	30	166	<nil>
780	142	33	175	<nil>
780	138	30	168	<nil>
780	144	30	174	<nil>
780	143	35	178	<nil>
780	134	33	167	<nil>
780	136	27	163	<nil>
780	133	34	167	<nil>
780	47	81	128	<nil>
780	141	86	227	<nil>
780	139	84	223	<nil>
780	140	86	226	<nil>
780	2440	90	2530	<nil>
780	143	89	232	<nil>
780	5842	90	5932	<nil>
780	46	80	126	<nil>
780	45	82	127	<nil>
780	5660	82	5742	<nil>
780	143	90	233	<nil>
780	5947	82	6029	<nil>
780	136	90	226	<nil>
780	143	89	232	<nil>
780	128	115	243	<nil>
780	139	88	227	<nil>
780	138	89	227	<nil>
780	138	89	227	<nil>
780	141	84	225	<nil>
780	46	82	128	<nil>
780	46	82	128	<nil>
780	141	90	231	<nil>
780	143	90	233	<nil>
780	301	50	351	<nil>
780	271	50	321	<nil>
780	301	49	350	<nil>
780	262	54	316	<nil>
780	299	15	314	<nil>
780	300	53	353	<nil>
780	2884	54	2938	<nil>
780	310	11	321	<nil>
780	227	15	242	<nil>
780	259	54	313	<nil>
780	305	18	323	<nil>
780	301	20	321	<nil>
780	225	20	245	<nil>
780	299	18	317	<nil>
780	309	15	324	<nil>
780	308	19	327	<nil>
780	302	17	319	<nil>
780	176	16	192	<nil>
780	2704	16	2720	<nil>
780	2702	18	2720	<nil>
780	310	19	329	<nil>
780	307	19	326	<nil>
780	306	19	325	<nil>
780	307	19	326	<nil>
780	307	19	326	<nil>
780	311	42	353	<nil>
780	2709	43	2752	<nil>
780	312	42	354	<nil>
780	308	44	352	<nil>
780	308	46	354	<nil>
780	198	46	244	<nil>
780	156	47	203	<nil>
780	312	46	358	<nil>
780	308	45	353	<nil>
780	313	45	358	<nil>
780	309	50	359	<nil>
780	310	50	360	<nil>
780	311	50	361	<nil>
780	311	49	360	<nil>
780	311	46	357	<nil>
780	320	43	363	<nil>
780	310	52	362	<nil>
780	180	52	232	<nil>
780	314	53	367	<nil>
780	183	43	226	<nil>
780	321	47	368	<nil>
780	317	50	367	<nil>
780	195	49	244	<nil>
780	208	44	252	<nil>
780	45618	52	45670	<nil>
780	200	52	252	<nil>
780	316	57	373	<nil>
780	205	63	268	<nil>
780	197	59	256	<nil>
780	322	59	381	<nil>
780	316	65	381	<nil>
780	201	64	265	<nil>
780	320	64	384	<nil>
780	190	53	243	<nil>
780	215	54	269	<nil>
780	328	54	382	<nil>
780	189	61	250	<nil>
780	2780	56	2836	<nil>
780	36	31	67	<nil>
780	323	56	379	<nil>
780	328	56	384	<nil>
780	319	64	383	<nil>
780	331	54	385	<nil>
780	315	67	382	<nil>
780	2813	25	2838	<nil>
780	315	67	382	<nil>
780	316	68	384	<nil>
780	320	46	366	<nil>
780	39	31	70	<nil>
780	37	30	67	<nil>
780	193	68	261	<nil>
780	319	66	385	<nil>
780	323	64	387	<nil>
780	49	12	61	<nil>
780	41	31	72	<nil>
780	200	110	310	<nil>
780	46272	119	46391	<nil>
780	51	56	107	<nil>
780	44	66	110	<nil>
780	46	46	92	<nil>
780	48	81	129	<nil>
780	45	100	145	<nil>
780	2657	83	2740	<nil>
780	43	104	147	<nil>
780	48	97	145	<nil>
780	41	103	144	<nil>
780	46	93	139	<nil>
780	2776	96	2872	<nil>
780	25	95	120	<nil>
780	17	91	108	<nil>
780	26	94	120	<nil>
780	95	8	103	<nil>
780	105	10	115	<nil>
780	29	92	121	<nil>
780	102	9	111	<nil>
780	100	3	103	<nil>
780	104	9	113	<nil>
780	101	3	104	<nil>
780	9142	91	9233	<nil>
780	40	104	144	<nil>
780	122	6	128	<nil>
780	21	91	112	<nil>
780	101	8	109	<nil>
780	42	103	145	<nil>
780	100	8	108	<nil>
780	103	6	109	<nil>
780	26	95	121	<nil>
780	102	8	110	<nil>
780	112	8	120	<nil>
780	102	9	111	<nil>
780	86	9	95	<nil>
780	2778	94	2872	<nil>
780	104	9	113	<nil>
780	47	99	146	<nil>
780	15651	17	15668	<nil>
780	4650	4	4654	<nil>
780	89	16	105	<nil>
780	106	5	111	<nil>
780	124	2	126	<nil>
780	12	92	104	<nil>
780	41	106	147	<nil>
780	8762	6	8768	<nil>
780	99	7	106	<nil>
780	45	101	146	<nil>
780	107	10	117	<nil>
780	102	6	108	<nil>
780	99	8	107	<nil>
780	44	103	147	<nil>
780	102	8	110	<nil>
780	103	8	111	<nil>
780	125	7	132	<nil>
780	101	8	109	<nil>
780	102	8	110	<nil>
780	9011	7	9018	<nil>
780	102	8	110	<nil>
780	43	100	143	<nil>
780	86	8	94	<nil>
780	109	10	119	<nil>
780	87	8	95	<nil>
780	103	10	113	<nil>
780	103	10	113	<nil>
780	87	9	96	<nil>
780	102	8	110	<nil>
780	38	132	170	<nil>
780	15553	12	15565	<nil>
780	101	12	113	<nil>
780	110	12	122	<nil>
780	110	12	122	<nil>
780	103	12	115	<nil>
780	135	1	136	<nil>
780	134	1	135	<nil>
780	101	12	113	<nil>
780	71	12	83	<nil>
780	65	16	81	<nil>
780	109	13	122	<nil>
780	9339	9	9348	<nil>
780	185	8	193	<nil>
780	211	9	220	<nil>
780	16199	9	16208	<nil>
780	175	9	184	<nil>
780	194	8	202	<nil>
780	175	8	183	<nil>
780	3065	12	3077	<nil>
780	171	13	184	<nil>
780	168	16	184	<nil>
780	222	14	236	<nil>
780	212	16	228	<nil>
780	173	13	186	<nil>
780	174	224	398	<nil>
780	293	223	516	<nil>
780	175	226	401	<nil>
780	179	226	405	<nil>
780	172	227	399	<nil>
780	219	226	445	<nil>
780	175	227	402	<nil>
780	175	227	402	<nil>
780	176	227	403	<nil>
780	185	227	412	<nil>
780	175	227	402	<nil>
780	179	227	406	<nil>
780	218	228	446	<nil>
780	175	227	402	<nil>
780	2943	227	3170	<nil>
780	180	227	407	<nil>
780	179	228	407	<nil>
780	208	252	460	<nil>
780	16829	252	17081	<nil>
780	25131	251	25382	<nil>
780	184	251	435	<nil>
780	183	251	434	<nil>
780	182	253	435	<nil>
780	42455	253	42708	<nil>
780	182	252	434	<nil>
780	182	254	436	<nil>
780	201	252	453	<nil>
780	183	251	434	<nil>
780	183	252	435	<nil>
780	190	252	442	<nil>
780	182	253	435	<nil>
780	320	0	320	rpc error: code = Unavailable desc = transport is closing
780	4751	252	5003	<nil>
780	4751	252	5003	<nil>
780	190	253	443	<nil>
780	209	253	462	<nil>
780	5127	253	5380	<nil>
780	185	255	440	<nil>
780	194	253	447	<nil>
780	208	253	461	<nil>
780	15428	252	15680	<nil>
780	183	252	435	<nil>
780	180	254	434	<nil>
780	9438	253	9691	<nil>
780	183	252	435	<nil>
780	182	253	435	<nil>
780	5125	254	5379	<nil>
780	182	253	435	<nil>
780	182	253	435	<nil>
780	208	254	462	<nil>
780	196	253	449	<nil>
780	219	252	471	<nil>
780	182	253	435	<nil>
780	183	253	436	<nil>
780	183	252	435	<nil>
780	183	252	435	<nil>
780	179	254	433	<nil>
780	190	254	444	<nil>
780	183	253	436	<nil>
780	289	0	289	rpc error: code = Unavailable desc = transport is closing
780	287	0	287	rpc error: code = Unavailable desc = transport is closing
780	192	253	445	<nil>
780	5634	251	5885	<nil>
780	208	255	463	<nil>
780	182	255	437	<nil>
780	312	0	312	rpc error: code = Unavailable desc = transport is closing
780	283	0	283	rpc error: code = Unavailable desc = transport is closing
780	285	0	285	rpc error: code = Unavailable desc = transport is closing
780	292	0	292	rpc error: code = Unavailable desc = transport is closing
780	293	0	293	rpc error: code = Unavailable desc = transport is closing
780	289	0	289	rpc error: code = Unavailable desc = transport is closing
780	308	0	308	rpc error: code = Unavailable desc = transport is closing
780	3383	0	3383	rpc error: code = Unavailable desc = transport is closing
780	3230	0	3230	rpc error: code = Unavailable desc = transport is closing
780	288	0	288	rpc error: code = Unavailable desc = transport is closing
780	296	0	296	rpc error: code = Unavailable desc = transport is closing
780	324	0	324	rpc error: code = Unavailable desc = transport is closing
780	2696	0	2696	rpc error: code = Unavailable desc = transport is closing
780	292	0	292	rpc error: code = Unavailable desc = transport is closing
780	305	0	305	rpc error: code = Unavailable desc = transport is closing
780	304	0	304	rpc error: code = Unavailable desc = transport is closing
780	295	0	295	rpc error: code = Unavailable desc = transport is closing
780	2696	0	2696	rpc error: code = Unavailable desc = transport is closing
780	292	0	292	rpc error: code = Unavailable desc = transport is closing
780	294	0	294	rpc error: code = Unavailable desc = transport is closing
780	290	0	290	rpc error: code = Unavailable desc = transport is closing
780	328	0	328	rpc error: code = Unavailable desc = transport is closing
780	294	0	294	rpc error: code = Unavailable desc = transport is closing
780	198	0	198	rpc error: code = Unavailable desc = transport is closing
780	299	0	299	rpc error: code = Unavailable desc = transport is closing
780	315	0	315	rpc error: code = Unavailable desc = transport is closing
780	292	0	292	rpc error: code = Unavailable desc = transport is closing
780	305	0	305	rpc error: code = Unavailable desc = transport is closing
780	328	0	328	rpc error: code = Unavailable desc = transport is closing
780	292	0	292	rpc error: code = Unavailable desc = transport is closing
780	299	0	299	rpc error: code = Unavailable desc = transport is closing
780	330	0	330	rpc error: code = Unavailable desc = transport is closing
780	291	0	291	rpc error: code = Unavailable desc = transport is closing
780	290	0	290	rpc error: code = Unavailable desc = transport is closing
780	291	0	291	rpc error: code = Unavailable desc = transport is closing
780	294	0	294	rpc error: code = Unavailable desc = transport is closing
780	291	0	291	rpc error: code = Unavailable desc = transport is closing
780	291	0	291	rpc error: code = Unavailable desc = transport is closing
780	302	0	302	rpc error: code = Unavailable desc = transport is closing
780	305	0	305	rpc error: code = Unavailable desc = transport is closing
780	266	0	266	rpc error: code = Unavailable desc = transport is closing
780	277	0	277	rpc error: code = Unavailable desc = transport is closing
780	268	0	268	rpc error: code = Unavailable desc = transport is closing
780	5097	99	5196	<nil>
780	253	97	350	<nil>
780	287	64	351	<nil>
780	1292	65	1357	<nil>
780	287	65	352	<nil>
780	294	60	354	<nil>
780	277	76	353	<nil>
780	1336	0	1336	rpc error: code = Unavailable desc = transport is closing
780	1336	0	1336	rpc error: code = Unavailable desc = transport is closing
780	1326	0	1326	rpc error: code = Unavailable desc = transport is closing
780	293	63	356	<nil>
780	287	67	354	<nil>
780	265	88	353	<nil>
780	1277	0	1277	rpc error: code = Unavailable desc = transport is closing
780	301	0	301	rpc error: code = Unavailable desc = transport is closing
780	114	35	149	<nil>
780	1153	35	1188	<nil>
780	1267	35	1302	<nil>
780	1326	34	1360	<nil>
780	1335	28	1363	<nil>
780	1171	32	1203	<nil>
780	98	34	132	<nil>
780	97	0	97	rpc error: code = Unavailable desc = transport is closing
780	5107	0	5107	rpc error: code = Unavailable desc = transport is closing
780	99	0	99	rpc error: code = Unavailable desc = transport is closing
780	96	32	128	<nil>
780	5188	41	5229	<nil>
780	1330	40	1370	<nil>
780	1336	41	1377	<nil>
780	100	34	134	<nil>
780	1336	40	1376	<nil>
780	107	24	131	<nil>
780	122	41	163	<nil>
780	127	0	127	rpc error: code = Unavailable desc = transport is closing
780	100	33	133	<nil>
780	100	32	132	<nil>
780	99	33	132	<nil>
780	102	33	135	<nil>
780	99	32	131	<nil>
780	114	18	132	<nil>
780	99	33	132	<nil>
780	131	42	173	<nil>
780	100	34	134	<nil>
780	1163	42	1205	<nil>
780	102	31	133	<nil>
780	1326	35	1361	<nil>
780	1336	40	1376	<nil>
780	1175	47	1222	<nil>
780	305	0	305	rpc error: code = Unavailable desc = transport is closing
780	261	0	261	rpc error: code = Unavailable desc = transport is closing
780	301	0	301	rpc error: code = Unavailable desc = transport is closing
780	1277	42	1319	<nil>
780	127	28	155	<nil>
780	128	67	195	<nil>
780	129	75	204	<nil>
780	129	67	196	<nil>
780	129	79	208	<nil>
780	129	81	210	<nil>
780	132	78	210	<nil>
780	132	79	211	<nil>
780	129	81	210	<nil>
780	130	82	212	<nil>
780	113	76	189	<nil>
780	138	75	213	<nil>
780	132	80	212	<nil>
780	130	83	213	<nil>
780	130	82	212	<nil>
780	131	81	212	<nil>
780	133	80	213	<nil>
780	132	83	215	<nil>
780	5521	77	5598	<nil>
780	138	76	214	<nil>
780	126	88	214	<nil>
780	137	77	214	<nil>
780	129	75	204	<nil>
780	142	119	261	<nil>
780	84	120	204	<nil>
780	5514	131	5645	<nil>
780	132	131	263	<nil>
780	279	0	279	rpc error: code = Unavailable desc = transport is closing
780	129	139	268	<nil>
780	312	0	312	rpc error: code = Unavailable desc = transport is closing
780	283	0	283	rpc error: code = Unavailable desc = transport is closing
780	142	125	267	<nil>
780	271	0	271	rpc error: code = Unavailable desc = transport is closing
780	2670	0	2670	rpc error: code = Unavailable desc = transport is closing
780	76	140	216	<nil>
780	136	133	269	<nil>
780	80	138	218	<nil>
780	96	134	230	<nil>
780	271	0	271	rpc error: code = Unavailable desc = transport is closing
780	288	0	288	rpc error: code = Unavailable desc = transport is closing
780	2581	146	2727	<nil>
780	130	147	277	<nil>
780	77	149	226	<nil>
780	143	134	277	<nil>
780	80	146	226	<nil>
780	142	134	276	<nil>
780	130	147	277	<nil>
780	86	147	233	<nil>
780	2575	162	2737	<nil>
780	292	0	292	rpc error: code = Unavailable desc = transport is closing
780	294	0	294	rpc error: code = Unavailable desc = transport is closing
780	323	0	323	rpc error: code = Unavailable desc = transport is closing
780	86	160	246	<nil>
780	294	0	294	rpc error: code = Unavailable desc = transport is closing
780	295	0	295	rpc error: code = Unavailable desc = transport is closing
780	294	0	294	rpc error: code = Unavailable desc = transport is closing
780	280	0	280	rpc error: code = Unavailable desc = transport is closing
780	294	0	294	rpc error: code = Unavailable desc = transport is closing
780	283	0	283	rpc error: code = Unavailable desc = transport is closing
780	294	0	294	rpc error: code = Unavailable desc = transport is closing
780	327	0	327	rpc error: code = Unavailable desc = transport is closing
780	296	0	296	rpc error: code = Unavailable desc = transport is closing
780	332	0	332	rpc error: code = Unavailable desc = transport is closing
780	279	0	279	rpc error: code = Unavailable desc = transport is closing
780	69	167	236	<nil>
780	81	156	237	<nil>
780	78	156	234	<nil>
780	1055	180	1235	<nil>
780	70	167	237	<nil>
780	1070	165	1235	<nil>
780	5144	160	5304	<nil>
780	71	166	237	<nil>
780	330	0	330	rpc error: code = Unavailable desc = transport is closing
780	87	164	251	<nil>
780	79	167	246	<nil>
780	330	0	330	rpc error: code = Unavailable desc = transport is closing
780	294	0	294	rpc error: code = Unavailable desc = transport is closing
780	294	0	294	rpc error: code = Unavailable desc = transport is closing
780	88	220	308	<nil>
780	67	242	309	<nil>
780	1081	229	1310	<nil>
780	81	231	312	<nil>
780	69	243	312	<nil>
780	65	228	293	<nil>
780	66	228	294	<nil>
780	183	0	183	rpc error: code = Unavailable desc = transport is closing
780	95	186	281	<nil>
780	2715	234	2949	<nil>
780	100	181	281	<nil>
780	68	232	300	<nil>
780	68	232	300	<nil>
780	68	232	300	<nil>
780	2634	219	2853	<nil>
780	99	223	322	<nil>
780	109	215	324	<nil>
780	84	240	324	<nil>
780	115	189	304	<nil>
780	99	227	326	<nil>
780	113	213	326	<nil>
780	110	215	325	<nil>
780	100	227	327	<nil>
780	98	213	311	<nil>
780	114	213	327	<nil>
780	144	166	310	<nil>
780	145	164	309	<nil>
780	5642	166	5808	<nil>
780	134	177	311	<nil>
780	146	164	310	<nil>
780	144	166	310	<nil>
780	120	190	310	<nil>
780	2780	171	2951	<nil>
780	147	172	319	<nil>
780	306	0	306	rpc error: code = Unavailable desc = transport is closing
780	307	0	307	rpc error: code = Unavailable desc = transport is closing
780	306	0	306	rpc error: code = Unavailable desc = transport is closing
780	306	0	306	rpc error: code = Unavailable desc = transport is closing
780	306	0	306	rpc error: code = Unavailable desc = transport is closing
780	306	0	306	rpc error: code = Unavailable desc = transport is closing
780	309	0	309	rpc error: code = Unavailable desc = transport is closing
780	226	0	226	rpc error: code = Unavailable desc = transport is closing
780	307	0	307	rpc error: code = Unavailable desc = transport is closing
780	302	0	302	rpc error: code = Unavailable desc = transport is closing
780	16455	0	16455	rpc error: code = Unavailable desc = transport is closing
780	306	0	306	rpc error: code = Unavailable desc = transport is closing
780	3192	0	3192	rpc error: code = Unavailable desc = transport is closing
780	159	166	325	<nil>
780	2943	179	3122	<nil>
780	134	177	311	<nil>
780	146	179	325	<nil>
780	142	180	322	<nil>
780	145	179	324	<nil>
780	29050	176	29226	<nil>
780	150	177	327	<nil>
780	5644	194	5838	<nil>
780	137	179	316	<nil>
780	301	0	301	rpc error: code = Unavailable desc = transport is closing
780	147	195	342	<nil>
780	157	178	335	<nil>
780	146	192	338	<nil>
780	147	191	338	<nil>
780	148	192	340	<nil>
780	147	207	354	<nil>
780	147	206	353	<nil>
780	147	245	392	<nil>
780	197	0	197	rpc error: code = Unavailable desc = transport is closing
780	308	0	308	rpc error: code = Unavailable desc = transport is closing
780	3395	0	3395	rpc error: code = Unavailable desc = transport is closing
780	312	0	312	rpc error: code = Unavailable desc = transport is closing
780	308	0	308	rpc error: code = Unavailable desc = transport is closing
780	159	251	410	<nil>
780	153	244	397	<nil>
780	171	0	171	rpc error: code = Unavailable desc = transport is closing
780	148	240	388	<nil>
780	311	0	311	rpc error: code = Unavailable desc = transport is closing
780	313	0	313	rpc error: code = Unavailable desc = transport is closing
780	2922	250	3172	<nil>
780	226	177	403	<nil>
780	309	0	309	rpc error: code = Unavailable desc = transport is closing
780	196	0	196	rpc error: code = Unavailable desc = transport is closing
780	2766	234	3000	<nil>
780	1177	0	1177	rpc error: code = Unavailable desc = transport is closing
780	158	239	397	<nil>
780	147	251	398	<nil>
780	174	222	396	<nil>
780	2959	221	3180	<nil>
780	303	0	303	rpc error: code = Unavailable desc = transport is closing
780	309	0	309	rpc error: code = Unavailable desc = transport is closing
780	18346	0	18346	rpc error: code = Unavailable desc = transport is closing
780	147	251	398	<nil>
780	2956	252	3208	<nil>
780	145	251	396	<nil>
780	195	0	195	rpc error: code = Unavailable desc = transport is closing
780	306	0	306	rpc error: code = Unavailable desc = transport is closing
780	199	0	199	rpc error: code = Unavailable desc = transport is closing
780	146	253	399	<nil>
780	173	0	173	rpc error: code = Unavailable desc = transport is closing
780	179	0	179	rpc error: code = Unavailable desc = transport is closing
780	318	0	318	rpc error: code = Unavailable desc = transport is closing
780	112156	0	112156	rpc error: code = Unavailable desc = transport is closing
780	317	0	317	rpc error: code = Unavailable desc = transport is closing
780	318	0	318	rpc error: code = Unavailable desc = transport is closing
780	317	0	317	rpc error: code = Unavailable desc = transport is closing
780	309	0	309	rpc error: code = Unavailable desc = transport is closing
780	175	0	175	rpc error: code = Unavailable desc = transport is closing
780	314	0	314	rpc error: code = Unavailable desc = transport is closing
780	214	0	214	rpc error: code = Unavailable desc = transport is closing
780	316	0	316	rpc error: code = Unavailable desc = transport is closing
780	162	183	345	<nil>
780	319	0	319	rpc error: code = Unavailable desc = transport is closing
780	190	0	190	rpc error: code = Unavailable desc = transport is closing
780	315	0	315	rpc error: code = Unavailable desc = transport is closing
780	149	250	399	<nil>
780	148	252	400	<nil>
780	195	0	195	rpc error: code = Unavailable desc = transport is closing
780	16638	0	16638	rpc error: code = Unavailable desc = transport is closing
780	198	0	198	rpc error: code = Unavailable desc = transport is closing
780	311	0	311	rpc error: code = Unavailable desc = transport is closing
780	305	0	305	rpc error: code = Unavailable desc = transport is closing
780	3253	0	3253	rpc error: code = Unavailable desc = transport is closing
780	309	0	309	rpc error: code = Unavailable desc = transport is closing
780	304	0	304	rpc error: code = Unavailable desc = transport is closing
780	312	0	312	rpc error: code = Unavailable desc = transport is closing
780	339	0	339	rpc error: code = Unavailable desc = transport is closing
780	224	0	224	rpc error: code = Unavailable desc = transport is closing
780	308	0	308	rpc error: code = Unavailable desc = transport is closing
780	195	0	195	rpc error: code = Unavailable desc = transport is closing
780	298	0	298	rpc error: code = Unavailable desc = transport is closing
780	311	0	311	rpc error: code = Unavailable desc = transport is closing
780	1199	170	1369	<nil>
780	228	175	403	<nil>
780	228	175	403	<nil>
780	162	170	332	<nil>
780	329	0	329	rpc error: code = Unavailable desc = transport is closing
780	2728	0	2728	rpc error: code = Unavailable desc = transport is closing
780	227	176	403	<nil>
780	297	0	297	rpc error: code = Unavailable desc = transport is closing
780	162	183	345	<nil>
780	2780	0	2780	rpc error: code = Unavailable desc = transport is closing
780	324	0	324	rpc error: code = Unavailable desc = transport is closing
780	160	241	401	<nil>
780	166	171	337	<nil>
780	128	171	299	<nil>
780	159	238	397	<nil>
780	1164	181	1345	<nil>
780	163	184	347	<nil>
780	231	0	231	rpc error: code = Unavailable desc = transport is closing
780	204	0	204	rpc error: code = Unavailable desc = transport is closing
780	161	192	353	<nil>
780	164	304	468	<nil>
780	165	342	507	<nil>
780	163	349	512	<nil>
780	1198	326	1524	<nil>
780	2559	328	2887	<nil>
780	1197	329	1526	<nil>
780	195	328	523	<nil>
780	190	335	525	<nil>
780	198	330	528	<nil>
780	196	330	526	<nil>
780	1232	331	1563	<nil>
780	2869	317	3186	<nil>
780	194	333	527	<nil>
780	160	319	479	<nil>
780	174	319	493	<nil>
780	172	318	490	<nil>
780	2874	317	3191	<nil>
780	169	309	478	<nil>
780	163	302	465	<nil>
780	159	307	466	<nil>
780	2870	318	3188	<nil>
780	197	334	531	<nil>
780	5819	305	6124	<nil>
780	166	308	474	<nil>
780	174	299	473	<nil>
780	174	357	531	<nil>
780	175	356	531	<nil>
780	3059	358	3417	<nil>
780	2975	0	2975	rpc error: code = Unavailable desc = transport is closing
780	273	0	273	rpc error: code = Unavailable desc = transport is closing
780	274	0	274	rpc error: code = Unavailable desc = transport is closing
780	285	0	285	rpc error: code = Unavailable desc = transport is closing
780	193	372	565	<nil>
780	176	415	591	<nil>
780	324	0	324	rpc error: code = Unavailable desc = transport is closing
780	297	0	297	rpc error: code = Unavailable desc = transport is closing
780	294	0	294	rpc error: code = Unavailable desc = transport is closing
780	296	0	296	rpc error: code = Unavailable desc = transport is closing
780	311	0	311	rpc error: code = Unavailable desc = transport is closing
780	294	0	294	rpc error: code = Unavailable desc = transport is closing
780	284	0	284	rpc error: code = Unavailable desc = transport is closing
780	285	0	285	rpc error: code = Unavailable desc = transport is closing
780	163	437	600	<nil>
780	2899	436	3335	<nil>
780	176	438	614	<nil>
780	189	424	613	<nil>
780	305	0	305	rpc error: code = Unavailable desc = transport is closing
780	241	360	601	<nil>
780	3200	360	3560	<nil>
780	5542	360	5902	<nil>
780	240	360	600	<nil>
780	252	360	612	<nil>
780	224	360	584	<nil>
780	274	0	274	rpc error: code = Unavailable desc = transport is closing
780	251	361	612	<nil>
780	237	361	598	<nil>
780	276	0	276	rpc error: code = Unavailable desc = transport is closing
780	236	363	599	<nil>
780	2794	362	3156	<nil>
780	3056	364	3420	<nil>
780	226	366	592	<nil>
780	251	367	618	<nil>
780	251	366	617	<nil>
780	223	364	587	<nil>
780	248	364	612	<nil>
780	226	363	589	<nil>
780	317	0	317	rpc error: code = Unavailable desc = transport is closing
780	229	361	590	<nil>
780	201	414	615	<nil>
780	204	410	614	<nil>
780	225	463	688	<nil>
780	246	465	711	<nil>
780	246	463	709	<nil>
780	227	484	711	<nil>
780	266	465	731	<nil>
780	246	464	710	<nil>
780	242	468	710	<nil>
780	244	466	710	<nil>
780	245	468	713	<nil>
780	262	466	728	<nil>
780	244	467	711	<nil>
780	245	469	714	<nil>
780	264	468	732	<nil>
780	233	416	649	<nil>
780	3317	469	3786	<nil>
780	228	426	654	<nil>
780	2590	417	3007	<nil>
780	241	426	667	<nil>
780	10220	430	10650	<nil>
780	250	405	655	<nil>
780	5833	425	6258	<nil>
780	284	427	711	<nil>
780	279	439	718	<nil>
780	235	438	673	<nil>
780	236	437	673	<nil>
780	283	441	724	<nil>
780	801	0	801	rpc error: code = DeadlineExceeded desc = context deadline exceeded
780	829	0	829	rpc error: code = DeadlineExceeded desc = context deadline exceeded
780	710	0	710	rpc error: code = DeadlineExceeded desc = context deadline exceeded
780	801	0	801	rpc error: code = DeadlineExceeded desc = context deadline exceeded
780	798	0	798	rpc error: code = DeadlineExceeded desc = context deadline exceeded
780	834	0	834	rpc error: code = DeadlineExceeded desc = context deadline exceeded
780	800	0	800	rpc error: code = DeadlineExceeded desc = context deadline exceeded
780	799	0	799	rpc error: code = DeadlineExceeded desc = context deadline exceeded
780	832	0	832	rpc error: code = DeadlineExceeded desc = context deadline exceeded
780	811	0	811	rpc error: code = DeadlineExceeded desc = context deadline exceeded
780	17752	0	17752	rpc error: code = DeadlineExceeded desc = context deadline exceeded
780	801	0	801	rpc error: code = DeadlineExceeded desc = context deadline exceeded
780	798	0	798	rpc error: code = DeadlineExceeded desc = context deadline exceeded
780	3296	510	3806	<nil>
780	253	511	764	<nil>
780	308	438	746	<nil>
780	383	0	383	rpc error: code = Unavailable desc = transport is closing
780	381	0	381	rpc error: code = Unavailable desc = transport is closing
780	382	0	382	rpc error: code = Unavailable desc = transport is closing
780	3298	0	3298	rpc error: code = Unavailable desc = transport is closing
780	9935	441	10376	<nil>
780	364	0	364	rpc error: code = Unavailable desc = transport is closing
780	6167	415	6582	<nil>
780	359	420	779	<nil>
780	361	415	776	<nil>
780	369	420	789	<nil>
780	380	411	791	<nil>
780	375	410	785	<nil>
780	385	410	795	<nil>
780	383	410	793	<nil>
780	367	0	367	rpc error: code = Unavailable desc = transport is closing
780	2965	0	2965	rpc error: code = Unavailable desc = transport is closing
780	377	0	377	rpc error: code = Unavailable desc = transport is closing
780	382	0	382	rpc error: code = Unavailable desc = transport is closing
780	360	0	360	rpc error: code = Unavailable desc = transport is closing
780	3444	0	3444	rpc error: code = Unavailable desc = transport is closing
780	382	411	793	<nil>
780	380	0	380	rpc error: code = Unavailable desc = transport is closing
780	3415	410	3825	<nil>
780	484	107	591	<nil>
780	475	108	583	<nil>
780	3200	108	3308	<nil>
780	476	107	583	<nil>
780	493	71	564	<nil>
780	428	87	515	<nil>
780	410	29	439	<nil>
780	478	110	588	<nil>
780	8985	87	9072	<nil>
780	476	111	587	<nil>
780	490	72	562	<nil>
780	438	74	512	<nil>
780	472	113	585	<nil>
780	494	71	565	<nil>
780	474	109	583	<nil>
780	474	108	582	<nil>
780	478	108	586	<nil>
780	458	108	566	<nil>
780	292	10	302	<nil>
780	5080	11	5091	<nil>
780	412	27	439	<nil>
780	403	34	437	<nil>
780	404	31	435	<nil>
780	292	10	302	<nil>
780	9422	27	9449	<nil>
780	406	27	433	<nil>
780	408	30	438	<nil>
780	401	26	427	<nil>
780	414	28	442	<nil>
780	408	30	438	<nil>
780	399	28	427	<nil>
780	402	26	428	<nil>
780	450	40	490	<nil>
780	413	31	444	<nil>
780	416	27	443	<nil>
780	289	16	305	<nil>
780	5324	28	5352	<nil>
780	286	19	305	<nil>
780	447	40	487	<nil>
780	400	27	427	<nil>
780	410	34	444	<nil>
780	409	30	439	<nil>
780	242	9	251	<nil>
780	290	9	299	<nil>
780	1257	9	1266	<nil>
780	292	11	303	<nil>
780	291	11	302	<nil>
780	272	11	283	<nil>
780	401	28	429	<nil>
780	5083	10	5093	<nil>
780	228	26	254	<nil>
780	266	26	292	<nil>
780	266	26	292	<nil>
780	1257	26	1283	<nil>
780	229	75	304	<nil>
780	1259	141	1400	<nil>
780	160	141	301	<nil>
780	160	143	303	<nil>
780	122	144	266	<nil>
780	1180	144	1324	<nil>
780	160	144	304	<nil>
780	1116	164	1280	<nil>
780	111	168	279	<nil>
780	122	172	294	<nil>
780	111	177	288	<nil>
780	122	170	292	<nil>
780	143	35	178	<nil>
780	142	36	178	<nil>
780	144	32	176	<nil>
780	95	177	272	<nil>
780	144	35	179	<nil>
780	186	2	188	<nil>
780	187	3	190	<nil>
780	97	188	285	<nil>
780	101	189	290	<nil>
780	151	32	183	<nil>
780	149	31	180	<nil>
780	156	30	186	<nil>
780	151	31	182	<nil>
780	154	33	187	<nil>
780	151	32	183	<nil>
780	111	182	293	<nil>
780	1116	192	1308	<nil>
780	189	19	208	<nil>
780	1114	210	1324	<nil>
780	1116	210	1326	<nil>
780	189	21	210	<nil>
780	188	19	207	<nil>
780	9374	210	9584	<nil>
780	185	20	205	<nil>
780	93	210	303	<nil>
780	185	28	213	<nil>
780	2783	4	2787	<nil>
780	113	215	328	<nil>
780	187	22	209	<nil>
780	1139	38	1177	<nil>
780	211	38	249	<nil>
780	205	49	254	<nil>
780	142	143	285	<nil>
780	205	77	282	<nil>
780	210	78	288	<nil>
780	205	78	283	<nil>
780	211	79	290	<nil>
780	211	78	289	<nil>
780	182	102	284	<nil>
780	139	134	273	<nil>
780	208	79	287	<nil>
780	182	104	286	<nil>
780	2773	108	2881	<nil>
780	206	78	284	<nil>
780	2616	111	2727	<nil>
780	281	19	300	<nil>
780	278	19	297	<nil>
780	2796	90	2886	<nil>
780	276	19	295	<nil>
780	1087	113	1200	<nil>
780	286	30	316	<nil>
780	121	31	152	<nil>
780	2699	42	2741	<nil>
780	182	153	335	<nil>
780	5671	45	5716	<nil>
780	1249	47	1296	<nil>
780	290	45	335	<nil>
780	286	50	336	<nil>
780	156	45	201	<nil>
780	287	45	332	<nil>
780	1131	45	1176	<nil>
780	5664	53	5717	<nil>
780	2873	48	2921	<nil>
780	292	46	338	<nil>
780	293	45	338	<nil>
780	289	45	334	<nil>
780	290	45	335	<nil>
780	286	45	331	<nil>
780	296	43	339	<nil>
780	318	24	342	<nil>
780	179	28	207	<nil>
780	2571	44	2615	<nil>
780	1183	28	1211	<nil>
780	148	38	186	<nil>
780	119	45	164	<nil>
780	2915	41	2956	<nil>
780	5680	55	5735	<nil>
780	159	37	196	<nil>
780	150	38	188	<nil>
780	2923	37	2960	<nil>
780	149	37	186	<nil>
780	149	37	186	<nil>
780	149	37	186	<nil>
780	2919	37	2956	<nil>
780	150	36	186	<nil>
780	148	38	186	<nil>
780	149	37	186	<nil>
780	327	43	370	<nil>
780	154	37	191	<nil>
780	106	37	143	<nil>
780	152	37	189	<nil>
780	151	48	199	<nil>
780	1111	48	1159	<nil>
780	152	47	199	<nil>
780	153	49	202	<nil>
780	1113	51	1164	<nil>
780	170	31	201	<nil>
780	2754	51	2805	<nil>
780	171	30	201	<nil>
780	151	48	199	<nil>
780	2926	50	2976	<nil>
780	1113	58	1171	<nil>
780	126	71	197	<nil>
780	5733	102	5835	<nil>
780	73	123	196	<nil>
780	9843	92	9935	<nil>
780	2779	93	2872	<nil>
780	183	93	276	<nil>
780	1115	123	1238	<nil>
780	4914	94	5008	<nil>
780	1194	93	1287	<nil>
780	100	81	181	<nil>
780	95	111	206	<nil>
780	9450	127	9577	<nil>
780	75	128	203	<nil>
780	1193	127	1320	<nil>
780	77	125	202	<nil>
780	80	128	208	<nil>
780	76	131	207	<nil>
780	77	131	208	<nil>
780	77	130	207	<nil>
780	3043	48	3091	<nil>
780	138	53	191	<nil>
780	141	50	191	<nil>
780	143	49	192	<nil>
780	5594	137	5731	<nil>
780	77	137	214	<nil>
780	99	115	214	<nil>
780	123	55	178	<nil>
780	1148	17	1165	<nil>
780	3047	49	3096	<nil>
780	108	45	153	<nil>
780	9843	48	9891	<nil>
780	128	52	180	<nil>
780	132	7	139	<nil>
780	142	6	148	<nil>
780	123	7	130	<nil>
780	123	46	169	<nil>
780	144	50	194	<nil>
780	132	9	141	<nil>
780	145	50	195	<nil>
780	144	15	159	<nil>
780	120	13	133	<nil>
780	135	11	146	<nil>
780	2874	54	2928	<nil>
780	123	12	135	<nil>
780	1109	44	1153	<nil>
780	1111	53	1164	<nil>
780	145	14	159	<nil>
780	107	52	159	<nil>
780	124	52	176	<nil>
780	122	12	134	<nil>
780	3080	3	3083	<nil>
780	3045	52	3097	<nil>
780	124	3	127	<nil>
780	124	11	135	<nil>
780	124	59	183	<nil>
780	125	55	180	<nil>
780	133	3	136	<nil>
780	139	53	192	<nil>
780	127	52	179	<nil>
780	133	6	139	<nil>
780	133	7	140	<nil>
780	4925	9	4934	<nil>
780	133	9	142	<nil>
780	123	7	130	<nil>
780	5132	8	5140	<nil>
780	135	7	142	<nil>
780	2791	7	2798	<nil>
780	123	49	172	<nil>
780	5621	49	5670	<nil>
780	135	8	143	<nil>
780	136	4	140	<nil>
780	9595	10	9605	<nil>
780	164	51	215	<nil>
780	1139	3	1142	<nil>
780	1091	9	1100	<nil>
780	130	3	133	<nil>
780	60	6	66	<nil>
780	57	6	63	<nil>
780	59	7	66	<nil>
780	59	8	67	<nil>
780	58	7	65	<nil>
780	59	8	67	<nil>
780	59	8	67	<nil>
780	160	0	160	rpc error: code = Unavailable desc = transport is closing
780	166	0	166	rpc error: code = Unavailable desc = transport is closing
780	159	0	159	rpc error: code = Unavailable desc = transport is closing
780	494	0	494	rpc error: code = Unavailable desc = transport is closing
780	159	0	159	rpc error: code = Unavailable desc = transport is closing
780	9369	0	9369	rpc error: code = Unavailable desc = transport is closing
780	271	0	271	rpc error: code = Unavailable desc = transport is closing
780	291	0	291	rpc error: code = Unavailable desc = transport is closing
780	464	0	464	rpc error: code = Unavailable desc = transport is closing
780	422	0	422	rpc error: code = Unavailable desc = transport is closing
780	3443	0	3443	rpc error: code = Unavailable desc = transport is closing
780	1257	0	1257	rpc error: code = Unavailable desc = transport is closing
780	3536	0	3536	rpc error: code = Unavailable desc = transport is closing
780	1259	0	1259	rpc error: code = Unavailable desc = transport is closing
780	425	0	425	rpc error: code = Unavailable desc = transport is closing
780	428	0	428	rpc error: code = Unavailable desc = transport is closing
780	425	0	425	rpc error: code = Unavailable desc = transport is closing
780	1257	0	1257	rpc error: code = Unavailable desc = transport is closing
780	427	0	427	rpc error: code = Unavailable desc = transport is closing
780	478	0	478	rpc error: code = Unavailable desc = transport is closing
780	425	0	425	rpc error: code = Unavailable desc = transport is closing
780	429	0	429	rpc error: code = Unavailable desc = transport is closing
780	271	0	271	rpc error: code = Unavailable desc = transport is closing
780	451	0	451	rpc error: code = Unavailable desc = transport is closing
780	3554	0	3554	rpc error: code = Unavailable desc = transport is closing
780	5319	0	5319	rpc error: code = Unavailable desc = transport is closing
780	3177	0	3177	rpc error: code = Unavailable desc = transport is closing
780	360	0	360	rpc error: code = Unavailable desc = transport is closing
780	470	0	470	rpc error: code = Unavailable desc = transport is closing
780	266	0	266	rpc error: code = Unavailable desc = transport is closing
780	470	0	470	rpc error: code = Unavailable desc = transport is closing
780	450	0	450	rpc error: code = Unavailable desc = transport is closing
780	426	0	426	rpc error: code = Unavailable desc = transport is closing
780	1468	0	1468	rpc error: code = Unavailable desc = transport is closing
780	2852	0	2852	rpc error: code = Unavailable desc = transport is closing
780	3544	0	3544	rpc error: code = Unavailable desc = transport is closing
780	366	0	366	rpc error: code = Unavailable desc = transport is closing
780	292	0	292	rpc error: code = Unavailable desc = transport is closing
780	137	541	678	<nil>
780	1465	0	1465	rpc error: code = Unavailable desc = transport is closing
780	425	0	425	rpc error: code = Unavailable desc = transport is closing
780	1467	0	1467	rpc error: code = Unavailable desc = transport is closing
780	291	0	291	rpc error: code = Unavailable desc = transport is closing
780	271	0	271	rpc error: code = Unavailable desc = transport is closing
780	1257	0	1257	rpc error: code = Unavailable desc = transport is closing
780	426	0	426	rpc error: code = Unavailable desc = transport is closing
780	436	0	436	rpc error: code = Unavailable desc = transport is closing
780	285	0	285	rpc error: code = Unavailable desc = transport is closing
780	397	0	397	rpc error: code = Unavailable desc = transport is closing
780	6100	0	6100	rpc error: code = Unavailable desc = transport is closing
780	467	0	467	rpc error: code = Unavailable desc = transport is closing
780	271	0	271	rpc error: code = Unavailable desc = transport is closing
780	433	0	433	rpc error: code = Unavailable desc = transport is closing
780	1467	0	1467	rpc error: code = Unavailable desc = transport is closing
780	283	0	283	rpc error: code = Unavailable desc = transport is closing
780	3468	0	3468	rpc error: code = Unavailable desc = transport is closing
780	292	0	292	rpc error: code = Unavailable desc = transport is closing
780	153	0	153	rpc error: code = Unavailable desc = transport is closing
780	426	0	426	rpc error: code = Unavailable desc = transport is closing
780	427	0	427	rpc error: code = Unavailable desc = transport is closing
780	139	541	680	<nil>
780	284	0	284	rpc error: code = Unavailable desc = transport is closing
780	419	0	419	rpc error: code = Unavailable desc = transport is closing
780	470	0	470	rpc error: code = Unavailable desc = transport is closing
780	3528	0	3528	rpc error: code = Unavailable desc = transport is closing
780	428	0	428	rpc error: code = Unavailable desc = transport is closing
780	469	0	469	rpc error: code = Unavailable desc = transport is closing
780	425	0	425	rpc error: code = Unavailable desc = transport is closing
780	228	0	228	rpc error: code = Unavailable desc = transport is closing
780	70265	0	70265	rpc error: code = Unavailable desc = transport is closing
780	424	0	424	rpc error: code = Unavailable desc = transport is closing
780	715	6	721	<nil>
780	2610	1	2611	<nil>
780	12	3	15	<nil>
780	6407	0	6407	rpc error: code = Unavailable desc = transport is closing
780	15172	542	15714	<nil>
780	404	0	404	rpc error: code = Unavailable desc = transport is closing
780	428	0	428	rpc error: code = Unavailable desc = transport is closing
780	415	0	415	rpc error: code = Unavailable desc = transport is closing
780	406	0	406	rpc error: code = Unavailable desc = transport is closing
780	662	88	750	<nil>
780	464	0	464	rpc error: code = Unavailable desc = transport is closing
780	700	12	712	<nil>
780	1583	0	1583	rpc error: code = Unavailable desc = transport is closing
780	478	0	478	rpc error: code = Unavailable desc = transport is closing
780	393	0	393	rpc error: code = Unavailable desc = transport is closing
780	112	0	112	rpc error: code = Unavailable desc = transport is closing
780	479	0	479	rpc error: code = Unavailable desc = transport is closing
780	472	0	472	rpc error: code = Unavailable desc = transport is closing
780	584	0	584	rpc error: code = Unavailable desc = transport is closing
780	3127	75	3202	<nil>
780	686	74	760	<nil>
780	1595	0	1595	rpc error: code = Unavailable desc = transport is closing
780	3621	0	3621	rpc error: code = Unavailable desc = transport is closing
780	491	0	491	rpc error: code = Unavailable desc = transport is closing
780	702	11	713	<nil>
780	741	2	743	<nil>
780	1257	0	1257	rpc error: code = Unavailable desc = transport is closing
780	595	0	595	rpc error: code = Unavailable desc = transport is closing
780	9050	0	9050	rpc error: code = Unavailable desc = transport is closing
780	477	0	477	rpc error: code = Unavailable desc = transport is closing
780	3004	0	3004	rpc error: code = Unavailable desc = transport is closing
780	399	0	399	rpc error: code = Unavailable desc = transport is closing
780	280	0	280	rpc error: code = Unavailable desc = transport is closing
780	408	0	408	rpc error: code = Unavailable desc = transport is closing
780	413	0	413	rpc error: code = Unavailable desc = transport is closing
780	528	0	528	rpc error: code = Unavailable desc = transport is closing
780	3177	0	3177	rpc error: code = Unavailable desc = transport is closing
780	589	0	589	rpc error: code = Unavailable desc = transport is closing
780	1593	0	1593	rpc error: code = Unavailable desc = transport is closing
780	673	74	747	<nil>
780	574	0	574	rpc error: code = Unavailable desc = transport is closing
780	670	0	670	rpc error: code = Unavailable desc = transport is closing
780	672	59	731	<nil>
780	675	0	675	rpc error: code = Unavailable desc = transport is closing
780	672	62	734	<nil>
780	673	0	673	rpc error: code = Unavailable desc = transport is closing
780	559	0	559	rpc error: code = Unavailable desc = transport is closing
780	475	0	475	rpc error: code = Unavailable desc = transport is closing
780	673	59	732	<nil>
780	476	0	476	rpc error: code = Unavailable desc = transport is closing
780	475	0	475	rpc error: code = Unavailable desc = transport is closing
780	592	0	592	rpc error: code = Unavailable desc = transport is closing
780	1587	0	1587	rpc error: code = Unavailable desc = transport is closing
780	1591	0	1591	rpc error: code = Unavailable desc = transport is closing
780	671	76	747	<nil>
780	6582	53	6635	<nil>
780	491	0	491	rpc error: code = Unavailable desc = transport is closing
780	700	44	744	<nil>
780	485	0	485	rpc error: code = Unavailable desc = transport is closing
780	650	0	650	rpc error: code = Unavailable desc = transport is closing
780	399	0	399	rpc error: code = Unavailable desc = transport is closing
780	471	0	471	rpc error: code = Unavailable desc = transport is closing
780	480	0	480	rpc error: code = Unavailable desc = transport is closing
780	695	76	771	<nil>
780	402	0	402	rpc error: code = Unavailable desc = transport is closing
780	675	77	752	<nil>
780	3715	81	3796	<nil>
780	1592	0	1592	rpc error: code = Unavailable desc = transport is closing
780	15771	0	15771	rpc error: code = Unavailable desc = transport is closing
780	598	0	598	rpc error: code = Unavailable desc = transport is closing
780	63748	71	63819	<nil>
780	658	0	658	rpc error: code = Unavailable desc = transport is closing
780	1702	2	1704	<nil>
780	183	0	183	rpc error: code = Unavailable desc = transport is closing
780	405	0	405	rpc error: code = Unavailable desc = transport is closing
780	10704	0	10704	rpc error: code = Unavailable desc = transport is closing
780	1536	0	1536	rpc error: code = Unavailable desc = transport is closing
780	595	0	595	rpc error: code = Unavailable desc = transport is closing
780	685	76	761	<nil>
780	682	76	758	<nil>
780	675	62	737	<nil>
780	677	58	735	<nil>
780	677	77	754	<nil>
780	3142	63	3205	<nil>
780	3775	0	3775	rpc error: code = Unavailable desc = transport is closing
780	475	0	475	rpc error: code = Unavailable desc = transport is closing
780	426	0	426	rpc error: code = Unavailable desc = transport is closing
780	674	59	733	<nil>
780	522	0	522	rpc error: code = Unavailable desc = transport is closing
780	3790	0	3790	rpc error: code = Unavailable desc = transport is closing
780	1591	0	1591	rpc error: code = Unavailable desc = transport is closing
780	3603	0	3603	rpc error: code = Unavailable desc = transport is closing
780	595	0	595	rpc error: code = Unavailable desc = transport is closing
780	403	0	403	rpc error: code = Unavailable desc = transport is closing
780	291	0	291	rpc error: code = Unavailable desc = transport is closing
780	1306	0	1306	rpc error: code = Unavailable desc = transport is closing
780	407	0	407	rpc error: code = Unavailable desc = transport is closing
780	491	0	491	rpc error: code = Unavailable desc = transport is closing
780	412	0	412	rpc error: code = Unavailable desc = transport is closing
780	659	85	744	<nil>
780	9049	0	9049	rpc error: code = Unavailable desc = transport is closing
780	665	69	734	<nil>
780	475	0	475	rpc error: code = Unavailable desc = transport is closing
780	685	89	774	<nil>
780	3806	0	3806	rpc error: code = Unavailable desc = transport is closing
780	589	0	589	rpc error: code = Unavailable desc = transport is closing
780	405	0	405	rpc error: code = Unavailable desc = transport is closing
780	596	0	596	rpc error: code = Unavailable desc = transport is closing
780	1344	0	1344	rpc error: code = Unavailable desc = transport is closing
780	3501	105	3606	<nil>
780	3502	105	3607	<nil>
780	1660	103	1763	<nil>
780	722	109	831	<nil>
780	700	109	809	<nil>
780	699	109	808	<nil>
780	698	109	807	<nil>
780	713	108	821	<nil>
780	698	110	808	<nil>
780	1654	114	1768	<nil>
780	703	108	811	<nil>
780	701	108	809	<nil>
780	701	111	812	<nil>
780	704	106	810	<nil>
780	113400	106	113506	<nil>
780	3651	106	3757	<nil>
780	702	109	811	<nil>
780	1663	106	1769	<nil>
780	718	107	825	<nil>
780	701	108	809	<nil>
780	703	106	809	<nil>
780	703	289	992	<nil>
780	706	290	996	<nil>
780	753	249	1002	<nil>
780	704	297	1001	<nil>
780	704	297	1001	<nil>
780	774	250	1024	<nil>
780	149	216	365	<nil>
780	152	213	365	<nil>
780	8996	233	9229	<nil>
780	152	234	386	<nil>
780	152	233	385	<nil>
780	1135	249	1384	<nil>
780	286	105	391	<nil>
780	286	107	393	<nil>
780	330	119	449	<nil>
780	286	113	399	<nil>
780	286	107	393	<nil>
780	286	107	393	<nil>
780	320	109	429	<nil>
780	286	147	433	<nil>
780	324	32	356	<nil>
780	2922	106	3028	<nil>
780	303	111	414	<nil>
780	1305	120	1425	<nil>
780	10614	130	10744	<nil>
780	1342	112	1454	<nil>
780	303	124	427	<nil>
780	1324	131	1455	<nil>
780	309	146	455	<nil>
780	294	136	430	<nil>
780	353	59	412	<nil>
780	287	145	432	<nil>
780	345	69	414	<nil>
780	386	16	402	<nil>
780	1337	148	1485	<nil>
780	364	51	415	<nil>
780	363	50	413	<nil>
780	1337	146	1483	<nil>
780	2739	106	2845	<nil>
780	358	56	414	<nil>
780	310	105	415	<nil>
780	365	35	400	<nil>
780	289	143	432	<nil>
780	286	146	432	<nil>
780	310	106	416	<nil>
780	2820	145	2965	<nil>
780	306	125	431	<nil>
780	289	146	435	<nil>
780	366	36	402	<nil>
780	5251	34	5285	<nil>
780	341	58	399	<nil>
780	355	58	413	<nil>
780	289	144	433	<nil>
780	364	52	416	<nil>
780	286	146	432	<nil>
780	1431	32	1463	<nil>
780	365	35	400	<nil>
780	307	108	415	<nil>
780	285	147	432	<nil>
780	357	61	418	<nil>
780	287	146	433	<nil>
780	370	30	400	<nil>
780	369	34	403	<nil>
780	407	7	414	<nil>
780	285	147	432	<nil>
780	287	145	432	<nil>
780	285	106	391	<nil>
780	294	105	399	<nil>
780	310	103	413	<nil>
780	310	105	415	<nil>
780	362	52	414	<nil>
780	369	33	402	<nil>
780	1342	148	1490	<nil>
780	1342	150	1492	<nil>
780	366	59	425	<nil>
780	405	15	420	<nil>
780	336	152	488	<nil>
780	366	39	405	<nil>
780	364	58	422	<nil>
780	286	153	439	<nil>
780	334	152	486	<nil>
780	368	35	403	<nil>
780	299	153	452	<nil>
780	342	131	473	<nil>
780	397	13	410	<nil>
780	427	43	470	<nil>
780	364	52	416	<nil>
780	1392	14	1406	<nil>
780	355	73	428	<nil>
780	354	75	429	<nil>
780	407	18	425	<nil>
780	395	18	413	<nil>
780	380	33	413	<nil>
780	346	70	416	<nil>
780	395	25	420	<nil>
780	9486	146	9632	<nil>
780	5458	36	5494	<nil>
780	344	59	403	<nil>
780	2964	32	2996	<nil>
780	414	25	439	<nil>
780	356	29	385	<nil>
780	399	26	425	<nil>
780	382	36	418	<nil>
780	401	21	422	<nil>
780	402	29	431	<nil>
780	405	33	438	<nil>
780	403	34	437	<nil>
780	404	32	436	<nil>
780	1397	33	1430	<nil>
780	412	36	448	<nil>
780	391	43	434	<nil>
780	353	35	388	<nil>
780	353	37	390	<nil>
780	339	51	390	<nil>
780	459	36	495	<nil>
780	2887	34	2921	<nil>
780	421	161	582	<nil>
780	360	165	525	<nil>
780	414	166	580	<nil>
780	404	163	567	<nil>
780	413	167	580	<nil>
780	417	166	583	<nil>
780	406	162	568	<nil>
780	410	161	571	<nil>
780	409	179	588	<nil>
780	431	170	601	<nil>
780	438	164	602	<nil>
780	439	165	604	<nil>
780	418	169	587	<nil>
780	420	169	589	<nil>
780	2492	169	2661	<nil>
780	428	164	592	<nil>
780	422	181	603	<nil>
780	431	161	592	<nil>
780	434	160	594	<nil>
780	375	168	543	<nil>
780	444	160	604	<nil>
780	6385	171	6556	<nil>
780	440	164	604	<nil>
780	425	163	588	<nil>
780	421	168	589	<nil>
780	5501	164	5665	<nil>
780	429	159	588	<nil>
780	1196	169	1365	<nil>
780	432	171	603	<nil>
780	426	179	605	<nil>
780	2973	204	3177	<nil>
780	424	215	639	<nil>
780	178	210	388	<nil>
780	423	218	641	<nil>
780	1282	231	1513	<nil>
780	2871	229	3100	<nil>
780	157	228	385	<nil>
780	431	229	660	<nil>
780	1210	229	1439	<nil>
780	157	229	386	<nil>
780	1199	231	1430	<nil>
780	2484	232	2716	<nil>
780	160	232	392	<nil>
780	183	233	416	<nil>
780	2575	85	2660	<nil>
780	2694	82	2776	<nil>
780	256	82	338	<nil>
780	272	46	318	<nil>
780	263	46	309	<nil>
780	269	47	316	<nil>
780	288	32	320	<nil>
780	297	41	338	<nil>
780	294	24	318	<nil>
780	263	53	316	<nil>
780	263	47	310	<nil>
780	288	31	319	<nil>
780	272	47	319	<nil>
780	288	38	326	<nil>
780	293	32	325	<nil>
780	268	57	325	<nil>
780	273	36	309	<nil>
780	287	32	319	<nil>
780	284	41	325	<nil>
780	279	32	311	<nil>
780	288	32	320	<nil>
780	5920	56	5976	<nil>
780	264	56	320	<nil>
780	2735	55	2790	<nil>
780	263	54	317	<nil>
780	263	56	319	<nil>
780	276	43	319	<nil>
780	290	37	327	<nil>
780	274	46	320	<nil>
780	237	99	336	<nil>
780	269	57	326	<nil>
780	279	32	311	<nil>
780	283	37	320	<nil>
780	277	43	320	<nil>
780	263	57	320	<nil>
780	270	59	329	<nil>
780	307	28	335	<nil>
780	305	21	326	<nil>
780	296	39	335	<nil>
780	2799	24	2823	<nil>
780	303	23	326	<nil>
780	294	39	333	<nil>
780	2743	50	2793	<nil>
780	314	23	337	<nil>
780	295	22	317	<nil>
780	296	40	336	<nil>
780	294	41	335	<nil>
780	316	19	335	<nil>
780	287	40	327	<nil>
780	311	23	334	<nil>
780	299	40	339	<nil>
780	313	25	338	<nil>
780	314	24	338	<nil>
780	312	24	336	<nil>
780	294	41	335	<nil>
780	292	41	333	<nil>
780	306	12	318	<nil>
780	304	24	328	<nil>
780	315	22	337	<nil>
780	289	37	326	<nil>
780	305	22	327	<nil>
780	297	36	333	<nil>
780	316	32	348	<nil>
780	328	17	345	<nil>
780	315	138	453	<nil>
780	317	135	452	<nil>
780	296	139	435	<nil>
780	304	142	446	<nil>
780	316	143	459	<nil>
780	304	148	452	<nil>
780	311	149	460	<nil>
780	310	150	460	<nil>
780	312	150	462	<nil>
780	295	150	445	<nil>
780	303	150	453	<nil>
780	2953	157	3110	<nil>
780	294	160	454	<nil>
780	295	158	453	<nil>
780	309	154	463	<nil>
780	316	153	469	<nil>
780	312	172	484	<nil>
780	119	22	141	<nil>
780	293	177	470	<nil>
780	310	157	467	<nil>
780	309	155	464	<nil>
780	319	158	477	<nil>
780	6037	145	6182	<nil>
780	291	164	455	<nil>
780	137	12	149	<nil>
780	189	153	342	<nil>
780	145	6	151	<nil>
780	2956	163	3119	<nil>
780	311	151	462	<nil>
780	3071	137	3208	<nil>
780	161	152	313	<nil>
780	175	141	316	<nil>
780	174	141	315	<nil>
780	132	24	156	<nil>
780	2819	140	2959	<nil>
780	132	13	145	<nil>
780	77	141	218	<nil>
780	16559	144	16703	<nil>
780	91	144	235	<nil>
780	5881	141	6022	<nil>
780	2813	141	2954	<nil>
780	141	31	172	<nil>
780	138	20	158	<nil>
780	96	142	238	<nil>
780	125	26	151	<nil>
780	101	136	237	<nil>
780	125	43	168	<nil>
780	93	144	237	<nil>
780	97	142	239	<nil>
780	9940	142	10082	<nil>
780	180	144	324	<nil>
780	171	144	315	<nil>
780	134	25	159	<nil>
780	2786	170	2956	<nil>
780	313	176	489	<nil>
780	125	114	239	<nil>
780	171	144	315	<nil>
780	137	22	159	<nil>
780	2938	17	2955	<nil>
780	112	146	258	<nil>
780	152	170	322	<nil>
780	2886	180	3066	<nil>
780	2787	176	2963	<nil>
780	302	161	463	<nil>
780	300	173	473	<nil>
780	293	178	471	<nil>
780	171	163	334	<nil>
780	2704	141	2845	<nil>
780	185	147	332	<nil>
780	8773	148	8921	<nil>
780	5368	148	5516	<nil>
780	181	153	334	<nil>
780	200	138	338	<nil>
780	185	149	334	<nil>
780	155	128	283	<nil>
780	142	8	150	<nil>
780	139	14	153	<nil>
780	191	151	342	<nil>
780	145	6	151	<nil>
780	142	10	152	<nil>
780	303	163	466	<nil>
780	132	18	150	<nil>
780	149	18	167	<nil>
780	175	150	325	<nil>
780	137	13	150	<nil>
780	313	161	474	<nil>
780	122	29	151	<nil>
780	137	13	150	<nil>
780	147	17	164	<nil>
780	150	15	165	<nil>
780	142	149	291	<nil>
780	164	135	299	<nil>
780	5832	158	5990	<nil>
780	141	18	159	<nil>
780	149	6	155	<nil>
780	150	8	158	<nil>
780	150	8	158	<nil>
780	156	8	164	<nil>
780	157	4	161	<nil>
780	148	7	155	<nil>
780	152	5	157	<nil>
780	2758	138	2896	<nil>
780	153	4	157	<nil>
780	2978	158	3136	<nil>
780	146	11	157	<nil>
780	96	142	238	<nil>
780	152	6	158	<nil>
780	142	19	161	<nil>
780	131	26	157	<nil>
780	141	13	154	<nil>
780	133	21	154	<nil>
780	158	3	161	<nil>
780	2953	19	2972	<nil>
780	150	8	158	<nil>
780	139	16	155	<nil>
780	158	10	168	<nil>
780	148	18	166	<nil>
780	145	20	165	<nil>
780	157	9	166	<nil>
780	139	22	161	<nil>
780	157	12	169	<nil>
780	157	13	170	<nil>
780	5523	15	5538	<nil>
780	311	201	512	<nil>
780	314	202	516	<nil>
780	178	171	349	<nil>
780	171	171	342	<nil>
780	165	171	336	<nil>
780	169	1	170	<nil>
780	170	1	171	<nil>
780	173	1	174	<nil>
780	174	1	175	<nil>
780	2986	1	2987	<nil>
780	175	2	177	<nil>
780	178	3	181	<nil>
780	175	3	178	<nil>
780	179	3	182	<nil>
780	2471	3	2474	<nil>
780	175	3	178	<nil>
780	177	4	181	<nil>
780	175	3	178	<nil>
780	221	16	237	<nil>
780	211	18	229	<nil>
780	264	29	293	<nil>
780	253	29	282	<nil>
780	218	28	246	<nil>
780	261	17	278	<nil>
780	212	17	229	<nil>
780	2751	18	2769	<nil>
780	216	33	249	<nil>
780	217	28	245	<nil>
780	256	17	273	<nil>
780	212	28	240	<nil>
780	254	17	271	<nil>
780	212	24	236	<nil>
780	3137	26	3163	<nil>
780	6427	28	6455	<nil>
780	213	29	242	<nil>
780	246	27	273	<nil>
780	9789	27	9816	<nil>
780	221	17	238	<nil>
780	191	29	220	<nil>
780	237	23	260	<nil>
780	3189	29	3218	<nil>
780	218	30	248	<nil>
780	225	25	250	<nil>
780	228	32	260	<nil>
780	236	32	268	<nil>
780	222	25	247	<nil>
780	220	25	245	<nil>
780	214	33	247	<nil>
780	223	29	252	<nil>
780	215	32	247	<nil>
780	216	31	247	<nil>
780	213	32	245	<nil>
780	223	26	249	<nil>
780	219	19	238	<nil>
780	220	28	248	<nil>
780	2624	32	2656	<nil>
780	225	27	252	<nil>
780	267	32	299	<nil>
780	6344	24	6368	<nil>
780	221	26	247	<nil>
780	2677	25	2702	<nil>
780	221	31	252	<nil>
780	222	23	245	<nil>
780	243	31	274	<nil>
780	220	30	250	<nil>
780	211	29	240	<nil>
780	1240	18	1258	<nil>
780	239	23	262	<nil>
780	237	27	264	<nil>
780	258	28	286	<nil>
780	245	7	252	<nil>
780	227	22	249	<nil>
780	213	31	244	<nil>
780	213	32	245	<nil>
780	242	27	269	<nil>
780	274	22	296	<nil>
780	1166	17	1183	<nil>
780	261	37	298	<nil>
780	23523	77	23600	<nil>
780	243	132	375	<nil>
780	243	136	379	<nil>
780	257	136	393	<nil>
780	1171	135	1306	<nil>
780	245	155	400	<nil>
780	254	153	407	<nil>
780	1181	161	1342	<nil>
780	234	164	398	<nil>
780	245	179	424	<nil>
780	249	177	426	<nil>
780	1165	177	1342	<nil>
780	243	177	420	<nil>
780	1164	181	1345	<nil>
780	240	177	417	<nil>
780	249	181	430	<nil>
780	68391	176	68567	<nil>
780	239	181	420	<nil>
780	239	184	423	<nil>
780	9174	185	9359	<nil>
780	1170	179	1349	<nil>
780	240	182	422	<nil>
780	234	182	416	<nil>
780	2718	184	2902	<nil>
780	2891	184	3075	<nil>
780	244	176	420	<nil>
780	245	183	428	<nil>
780	243	185	428	<nil>
780	243	179	422	<nil>
780	1170	179	1349	<nil>
780	242	178	420	<nil>
780	1167	185	1352	<nil>
780	1168	179	1347	<nil>
780	239	183	422	<nil>
780	238	181	419	<nil>
780	239	182	421	<nil>
780	246	179	425	<nil>
780	2700	199	2899	<nil>
780	273	184	457	<nil>
780	245	209	454	<nil>
780	2559	211	2770	<nil>
780	239	211	450	<nil>
780	5044	208	5252	<nil>
780	1172	205	1377	<nil>
780	4879	209	5088	<nil>
780	239	211	450	<nil>
780	239	209	448	<nil>
780	239	211	450	<nil>
780	233	211	444	<nil>
780	232	211	443	<nil>
780	243	211	454	<nil>
780	1166	211	1377	<nil>
780	6266	210	6476	<nil>
780	233	211	444	<nil>
780	10354	209	10563	<nil>
780	356	0	356	rpc error: code = Unavailable desc = transport is closing
780	242	212	454	<nil>
780	353	0	353	rpc error: code = Unavailable desc = transport is closing
780	339	0	339	rpc error: code = Unavailable desc = transport is closing
780	343	0	343	rpc error: code = Unavailable desc = transport is closing
780	359	0	359	rpc error: code = Unavailable desc = transport is closing
780	237	242	479	<nil>
780	240	243	483	<nil>
780	273	243	516	<nil>
780	244	245	489	<nil>
780	347	0	347	rpc error: code = Unavailable desc = transport is closing
780	348	0	348	rpc error: code = Unavailable desc = transport is closing
780	406	0	406	rpc error: code = Unavailable desc = transport is closing
780	348	0	348	rpc error: code = Unavailable desc = transport is closing
780	348	0	348	rpc error: code = Unavailable desc = transport is closing
780	361	0	361	rpc error: code = Unavailable desc = transport is closing
780	351	0	351	rpc error: code = Unavailable desc = transport is closing
780	359	0	359	rpc error: code = Unavailable desc = transport is closing
780	362	0	362	rpc error: code = Unavailable desc = transport is closing
780	346	0	346	rpc error: code = Unavailable desc = transport is closing
780	1170	284	1454	<nil>
780	245	286	531	<nil>
780	241	300	541	<nil>
780	241	321	562	<nil>
780	113295	300	113595	<nil>
780	357	0	357	rpc error: code = Unavailable desc = transport is closing
780	400	0	400	rpc error: code = Unavailable desc = transport is closing
780	383	0	383	rpc error: code = Unavailable desc = transport is closing
780	14845	0	14845	rpc error: code = Unavailable desc = transport is closing
780	239	396	635	<nil>
780	382	0	382	rpc error: code = Unavailable desc = transport is closing
780	282	0	282	rpc error: code = Unavailable desc = transport is closing
780	323	0	323	rpc error: code = Unavailable desc = transport is closing
780	383	0	383	rpc error: code = Unavailable desc = transport is closing
780	356	0	356	rpc error: code = Unavailable desc = transport is closing
780	2971	0	2971	rpc error: code = Unavailable desc = transport is closing
780	10063	380	10443	<nil>
780	398	0	398	rpc error: code = Unavailable desc = transport is closing
780	440	0	440	rpc error: code = Unavailable desc = transport is closing
780	471	0	471	rpc error: code = Unavailable desc = transport is closing
780	311	0	311	rpc error: code = Unavailable desc = transport is closing
780	384	0	384	rpc error: code = Unavailable desc = transport is closing
780	411	0	411	rpc error: code = Unavailable desc = transport is closing
780	417	0	417	rpc error: code = Unavailable desc = transport is closing
780	381	0	381	rpc error: code = Unavailable desc = transport is closing
780	424	0	424	rpc error: code = Unavailable desc = transport is closing
780	392	0	392	rpc error: code = Unavailable desc = transport is closing
780	424	0	424	rpc error: code = Unavailable desc = transport is closing
780	421	0	421	rpc error: code = Unavailable desc = transport is closing
780	5288	0	5288	rpc error: code = Unavailable desc = transport is closing
780	379	0	379	rpc error: code = Unavailable desc = transport is closing
780	377	0	377	rpc error: code = Unavailable desc = transport is closing
780	419	0	419	rpc error: code = Unavailable desc = transport is closing
780	3059	0	3059	rpc error: code = Unavailable desc = transport is closing
780	407	0	407	rpc error: code = Unavailable desc = transport is closing
780	1384	0	1384	rpc error: code = Unavailable desc = transport is closing
780	414	0	414	rpc error: code = Unavailable desc = transport is closing
780	242	0	242	rpc error: code = Unavailable desc = transport is closing
780	408	0	408	rpc error: code = Unavailable desc = transport is closing
780	371	0	371	rpc error: code = Unavailable desc = transport is closing
780	361	0	361	rpc error: code = Unavailable desc = transport is closing
780	402	0	402	rpc error: code = Unavailable desc = transport is closing
780	246	381	627	<nil>
780	1168	392	1560	<nil>
780	369	0	369	rpc error: code = Unavailable desc = transport is closing
780	1122	404	1526	<nil>
780	243	402	645	<nil>
780	234	402	636	<nil>
780	331	0	331	rpc error: code = Unavailable desc = transport is closing
780	238	402	640	<nil>
780	1413	0	1413	rpc error: code = Unavailable desc = transport is closing
780	243	402	645	<nil>
780	243	404	647	<nil>
780	412	0	412	rpc error: code = Unavailable desc = transport is closing
780	1122	403	1525	<nil>
780	239	407	646	<nil>
780	240	412	652	<nil>
780	252	0	252	rpc error: code = Unavailable desc = transport is closing
780	2820	295	3115	<nil>
780	1120	413	1533	<nil>
780	246	410	656	<nil>
780	105402	413	105815	<nil>
780	2570	379	2949	<nil>
780	401	0	401	rpc error: code = Unavailable desc = transport is closing
780	401	0	401	rpc error: code = Unavailable desc = transport is closing
780	341	0	341	rpc error: code = Unavailable desc = transport is closing
780	341	0	341	rpc error: code = Unavailable desc = transport is closing
780	129	305	434	<nil>
780	137	287	424	<nil>
780	166	262	428	<nil>
780	2557	285	2842	<nil>
780	158	300	458	<nil>
780	2884	277	3161	<nil>
780	214	243	457	<nil>
780	2549	290	2839	<nil>
780	198	391	589	<nil>
780	196	392	588	<nil>
780	199	392	591	<nil>
780	204	392	596	<nil>
780	202	392	594	<nil>
780	204	408	612	<nil>
780	191	424	615	<nil>
780	204	429	633	<nil>
780	193	426	619	<nil>
780	199	430	629	<nil>
780	203	425	628	<nil>
780	214	416	630	<nil>
780	223	407	630	<nil>
780	193	429	622	<nil>
780	204	428	632	<nil>
780	227	406	633	<nil>
780	243	0	243	rpc error: code = Unavailable desc = transport is closing
780	2927	0	2927	rpc error: code = Unavailable desc = transport is closing
780	269	0	269	rpc error: code = Unavailable desc = transport is closing
780	261	0	261	rpc error: code = Unavailable desc = transport is closing
780	287	0	287	rpc error: code = Unavailable desc = transport is closing
780	353	0	353	rpc error: code = Unavailable desc = transport is closing
780	322	0	322	rpc error: code = Unavailable desc = transport is closing
780	201	433	634	<nil>
780	192	431	623	<nil>
780	204	420	624	<nil>
780	215	420	635	<nil>
780	229	405	634	<nil>
780	228	406	634	<nil>
780	213	421	634	<nil>
780	216	408	624	<nil>
780	228	406	634	<nil>
780	230	405	635	<nil>
780	194	431	625	<nil>
780	2788	420	3208	<nil>
780	205	420	625	<nil>
780	286	0	286	rpc error: code = Unavailable desc = transport is closing
780	2908	434	3342	<nil>
780	295	0	295	rpc error: code = Unavailable desc = transport is closing
780	294	0	294	rpc error: code = Unavailable desc = transport is closing
780	222	439	661	<nil>
780	225	470	695	<nil>
780	226	471	697	<nil>
780	195	469	664	<nil>
780	228	492	720	<nil>
780	2936	507	3443	<nil>
780	17207	507	17714	<nil>
780	217	508	725	<nil>
780	217	519	736	<nil>
780	2887	517	3404	<nil>
780	225	519	744	<nil>
780	216	521	737	<nil>
780	217	518	735	<nil>
780	141	504	645	<nil>
780	292	0	292	rpc error: code = Unavailable desc = transport is closing
780	291	0	291	rpc error: code = Unavailable desc = transport is closing
780	239	315	554	<nil>
780	94	530	624	<nil>
780	1104	528	1632	<nil>
780	16240	528	16768	<nil>
780	259	318	577	<nil>
780	5195	450	5645	<nil>
780	192	387	579	<nil>
780	239	340	579	<nil>
780	206	379	585	<nil>
780	178	401	579	<nil>
780	9128	530	9658	<nil>
780	138	463	601	<nil>
780	133	477	610	<nil>
780	97	530	627	<nil>
780	202	380	582	<nil>
780	217	529	746	<nil>
780	2752	379	3131	<nil>
780	2536	329	2865	<nil>
780	231	309	540	<nil>
780	280	298	578	<nil>
780	172	396	568	<nil>
780	9631	323	9954	<nil>
780	218	533	751	<nil>
780	119	515	634	<nil>
780	116761	470	117231	<nil>
780	239	348	587	<nil>
780	16258	324	16582	<nil>
780	291	0	291	rpc error: code = Unavailable desc = transport is closing
780	219	543	762	<nil>
780	217	545	762	<nil>
780	207	403	610	<nil>
780	216	560	776	<nil>
780	237	351	588	<nil>
780	292	0	292	rpc error: code = Unavailable desc = transport is closing
780	217	542	759	<nil>
800	247	339	586	<nil>
800	293	0	293	rpc error: code = Unavailable desc = transport is closing
800	231	350	581	<nil>
800	5497	1016	6513	<nil>
800	237	1033	1270	<nil>
800	249	1022	1271	<nil>
800	238	1017	1255	<nil>
800	219	1023	1242	<nil>
800	237	1018	1255	<nil>
800	235	1019	1254	<nil>
800	237	1034	1271	<nil>
800	256	1015	1271	<nil>
800	231	1026	1257	<nil>
800	303	0	303	rpc error: code = Unavailable desc = transport is closing
800	308	0	308	rpc error: code = Unavailable desc = transport is closing
800	242	1017	1259	<nil>
800	247	1044	1291	<nil>
800	9639	1037	10676	<nil>
800	208	1045	1253	<nil>
800	236	1054	1290	<nil>
800	250	1026	1276	<nil>
800	253	1038	1291	<nil>
800	212	1065	1277	<nil>
800	231	1037	1268	<nil>
800	246	1045	1291	<nil>
800	221	1055	1276	<nil>
800	236	1055	1291	<nil>
800	227	1030	1257	<nil>
800	250	1027	1277	<nil>
800	248	1044	1292	<nil>
800	266	1026	1292	<nil>
800	158	1038	1196	<nil>
800	5365	871	6236	<nil>
800	5323	1045	6368	<nil>
800	239	1058	1297	<nil>
800	249	1031	1280	<nil>
800	3035	862	3897	<nil>
800	2715	906	3621	<nil>
800	9257	1048	10305	<nil>
800	231	1048	1279	<nil>
800	16929	1030	17959	<nil>
800	264	853	1117	<nil>
800	231	1041	1272	<nil>
800	264	1032	1296	<nil>
800	265	1031	1296	<nil>
800	265	1030	1295	<nil>
800	186	1031	1217	<nil>
800	208	1050	1258	<nil>
800	246	1049	1295	<nil>
800	1299	799	2098	<nil>
800	2788	1040	3828	<nil>
800	193787	843	194630	<nil>
800	246	1048	1294	<nil>
800	266	1029	1295	<nil>
800	308	867	1175	<nil>
800	9816	863	10679	<nil>
800	5329	908	6237	<nil>
800	276	844	1120	<nil>
800	15334	905	16239	<nil>
800	2672	907	3579	<nil>
800	236	908	1144	<nil>
800	245	1051	1296	<nil>
800	2549	884	3433	<nil>
800	293	908	1201	<nil>
800	2770	799	3569	<nil>
800	288	802	1090	<nil>
800	2727	842	3569	<nil>
800	5393	846	6239	<nil>
800	273	908	1181	<nil>
800	27867	892	28759	<nil>
800	319	893	1212	<nil>
800	5758	893	6651	<nil>
800	1319	895	2214	<nil>
800	326	879	1205	<nil>
800	531	880	1411	<nil>
800	1278	870	2148	<nil>
800	5480	873	6353	<nil>
800	2865	874	3739	<nil>
800	372	885	1257	<nil>
800	288	897	1185	<nil>
800	300	880	1180	<nil>
800	1352	834	2186	<nil>
800	329	853	1182	<nil>
800	349	835	1184	<nil>
800	292	889	1181	<nil>
800	5695	833	6528	<nil>
800	338	849	1187	<nil>
800	344	851	1195	<nil>
800	339	854	1193	<nil>
800	1413	766	2179	<nil>
800	1591	0	1591	rpc error: code = Unavailable desc = transport is closing
800	1585	0	1585	rpc error: code = Unavailable desc = transport is closing
800	16848	0	16848	rpc error: code = Unavailable desc = transport is closing
800	477	0	477	rpc error: code = Unavailable desc = transport is closing
800	3605	0	3605	rpc error: code = Unavailable desc = transport is closing
800	585	0	585	rpc error: code = Unavailable desc = transport is closing
800	588	0	588	rpc error: code = Unavailable desc = transport is closing
800	303	867	1170	<nil>
800	343	864	1207	<nil>
800	3917	0	3917	rpc error: code = Unavailable desc = transport is closing
800	427	781	1208	<nil>
800	582	0	582	rpc error: code = Unavailable desc = transport is closing
800	582	0	582	rpc error: code = Unavailable desc = transport is closing
800	5624	781	6405	<nil>
800	533	0	533	rpc error: code = Unavailable desc = transport is closing
800	535	0	535	rpc error: code = Unavailable desc = transport is closing
800	343	866	1209	<nil>
800	1500	757	2257	<nil>
800	314	765	1079	<nil>
800	529	0	529	rpc error: code = Unavailable desc = transport is closing
800	1318	762	2080	<nil>
800	496	0	496	rpc error: code = Unavailable desc = transport is closing
800	451	761	1212	<nil>
800	448	0	448	rpc error: code = Unavailable desc = transport is closing
800	1514	0	1514	rpc error: code = Unavailable desc = transport is closing
800	1494	0	1494	rpc error: code = Unavailable desc = transport is closing
800	3028	767	3795	<nil>
800	15643	769	16412	<nil>
800	46012	768	46780	<nil>
800	438	777	1215	<nil>
800	302	778	1080	<nil>
800	438	777	1215	<nil>
800	438	776	1214	<nil>
800	1434	768	2202	<nil>
800	440	775	1215	<nil>
800	445	770	1215	<nil>
800	443	771	1214	<nil>
800	437	785	1222	<nil>
800	443	780	1223	<nil>
800	429	796	1225	<nil>
800	306	788	1094	<nil>
800	428	796	1224	<nil>
800	472	787	1259	<nil>
800	429	797	1226	<nil>
800	1440	787	2227	<nil>
800	427	798	1225	<nil>
800	3022	788	3810	<nil>
800	440	776	1216	<nil>
800	1430	803	2233	<nil>
800	582	0	582	rpc error: code = Unavailable desc = transport is closing
800	852	223	1075	<nil>
800	841	216	1057	<nil>
800	478	0	478	rpc error: code = Unavailable desc = transport is closing
800	1292	945	2237	<nil>
800	3765	0	3765	rpc error: code = Unavailable desc = transport is closing
800	843	217	1060	<nil>
800	845	217	1062	<nil>
800	839	219	1058	<nil>
800	3218	800	4018	<nil>
800	839	219	1058	<nil>
800	3597	219	3816	<nil>
800	820	222	1042	<nil>
800	840	226	1066	<nil>
800	427	806	1233	<nil>
800	836	210	1046	<nil>
800	839	218	1057	<nil>
800	9037	217	9254	<nil>
800	3749	220	3969	<nil>
800	842	217	1059	<nil>
800	841	219	1060	<nil>
800	341	904	1245	<nil>
800	836	211	1047	<nil>
800	474	0	474	rpc error: code = Unavailable desc = transport is closing
800	1315	799	2114	<nil>
800	959	0	959	rpc error: code = Unavailable desc = transport is closing
800	956	0	956	rpc error: code = Unavailable desc = transport is closing
800	954	0	954	rpc error: code = Unavailable desc = transport is closing
800	973	0	973	rpc error: code = Unavailable desc = transport is closing
800	954	0	954	rpc error: code = Unavailable desc = transport is closing
800	3549	0	3549	rpc error: code = Unavailable desc = transport is closing
800	3546	0	3546	rpc error: code = Unavailable desc = transport is closing
800	957	0	957	rpc error: code = Unavailable desc = transport is closing
800	3788	82	3870	<nil>
800	928	81	1009	<nil>
800	983	103	1086	<nil>
800	978	108	1086	<nil>
800	981	107	1088	<nil>
800	981	106	1087	<nil>
800	6686	115	6801	<nil>
800	984	104	1088	<nil>
800	940	116	1056	<nil>
800	971	116	1087	<nil>
800	978	109	1087	<nil>
800	975	136	1111	<nil>
800	974	115	1089	<nil>
800	5508	83	5591	<nil>
800	973	115	1088	<nil>
800	1916	79	1995	<nil>
800	1916	80	1996	<nil>
800	1919	76	1995	<nil>
800	1917	79	1996	<nil>
800	1918	79	1997	<nil>
800	1920	76	1996	<nil>
800	1914	81	1995	<nil>
800	928	81	1009	<nil>
800	3606	80	3686	<nil>
800	1915	81	1996	<nil>
800	1921	78	1999	<nil>
800	1916	79	1995	<nil>
800	1917	82	1999	<nil>
800	3614	0	3614	rpc error: code = Unavailable desc = transport is closing
800	1935	175	2110	<nil>
800	17301	178	17479	<nil>
800	1029	176	1205	<nil>
800	937	185	1122	<nil>
800	1935	185	2120	<nil>
800	952	185	1137	<nil>
800	1936	185	2121	<nil>
800	1934	185	2119	<nil>
800	1936	186	2122	<nil>
800	1932	187	2119	<nil>
800	3767	185	3952	<nil>
800	3625	205	3830	<nil>
800	251	223	474	<nil>
800	999	223	1222	<nil>
800	234	218	452	<nil>
800	231	224	455	<nil>
800	229	222	451	<nil>
800	1935	265	2200	<nil>
800	881	262	1143	<nil>
800	937	267	1204	<nil>
800	1938	262	2200	<nil>
800	930	268	1198	<nil>
800	5939	255	6194	<nil>
800	227	251	478	<nil>
800	942	260	1202	<nil>
800	941	265	1206	<nil>
800	1934	267	2201	<nil>
800	225	265	490	<nil>
800	249	229	478	<nil>
800	3845	233	4078	<nil>
800	226	251	477	<nil>
800	980	254	1234	<nil>
800	1941	260	2201	<nil>
800	3686	292	3978	<nil>
800	1937	262	2199	<nil>
800	249	231	480	<nil>
800	228	226	454	<nil>
800	228	250	478	<nil>
800	881	262	1143	<nil>
800	1940	264	2204	<nil>
800	227	250	477	<nil>
800	251	228	479	<nil>
800	3773	260	4033	<nil>
800	892	269	1161	<nil>
800	1941	262	2203	<nil>
800	10875	261	11136	<nil>
800	248	231	479	<nil>
800	3762	263	4025	<nil>
800	1935	269	2204	<nil>
800	227	251	478	<nil>
800	1939	260	2199	<nil>
800	244	307	551	<nil>
800	246	305	551	<nil>
800	3692	297	3989	<nil>
800	249	299	548	<nil>
800	2880	297	3177	<nil>
800	244	297	541	<nil>
800	2878	299	3177	<nil>
800	353	197	550	<nil>
800	239	303	542	<nil>
800	255	299	554	<nil>
800	261	298	559	<nil>
800	2880	297	3177	<nil>
800	354	198	552	<nil>
800	2775	199	2974	<nil>
800	254	298	552	<nil>
800	369	191	560	<nil>
800	362	190	552	<nil>
800	363	190	553	<nil>
800	360	191	551	<nil>
800	349	204	553	<nil>
800	259	191	450	<nil>
800	227	195	422	<nil>
800	241	213	454	<nil>
800	362	195	557	<nil>
800	356	198	554	<nil>
800	9701	223	9924	<nil>
800	259	196	455	<nil>
800	356	210	566	<nil>
800	1291	180	1471	<nil>
800	340	223	563	<nil>
800	362	202	564	<nil>
800	5710	192	5902	<nil>
800	354	217	571	<nil>
800	5369	191	5560	<nil>
800	250	321	571	<nil>
800	363	196	559	<nil>
800	391	194	585	<nil>
800	5206	187	5393	<nil>
800	9255	187	9442	<nil>
800	2997	188	3185	<nil>
800	343	201	544	<nil>
800	362	204	566	<nil>
800	239	207	446	<nil>
800	259	196	455	<nil>
800	362	199	561	<nil>
800	355	207	562	<nil>
800	43917	201	44118	<nil>
800	251	320	571	<nil>
800	369	195	564	<nil>
800	364	201	565	<nil>
800	243	319	562	<nil>
800	5359	198	5557	<nil>
800	258	202	460	<nil>
800	360	197	557	<nil>
800	366	195	561	<nil>
800	243	320	563	<nil>
800	9430	199	9629	<nil>
800	370	208	578	<nil>
800	363	219	582	<nil>
800	371	207	578	<nil>
800	364	231	595	<nil>
800	256	337	593	<nil>
800	341	240	581	<nil>
800	320	242	562	<nil>
800	1318	276	1594	<nil>
800	320	245	565	<nil>
800	5419	258	5677	<nil>
800	5603	254	5857	<nil>
800	320	254	574	<nil>
800	315	254	569	<nil>
800	41958	256	42214	<nil>
800	42654	262	42916	<nil>
800	335	0	335	rpc error: code = Unavailable desc = transport is closing
800	456	0	456	rpc error: code = Unavailable desc = transport is closing
800	1415	0	1415	rpc error: code = Unavailable desc = transport is closing
800	375	0	375	rpc error: code = Unavailable desc = transport is closing
800	413	0	413	rpc error: code = Unavailable desc = transport is closing
800	466	0	466	rpc error: code = Unavailable desc = transport is closing
800	420	0	420	rpc error: code = Unavailable desc = transport is closing
800	420	0	420	rpc error: code = Unavailable desc = transport is closing
800	387	0	387	rpc error: code = Unavailable desc = transport is closing
800	428	0	428	rpc error: code = Unavailable desc = transport is closing
800	396	0	396	rpc error: code = Unavailable desc = transport is closing
800	408	0	408	rpc error: code = Unavailable desc = transport is closing
800	459	0	459	rpc error: code = Unavailable desc = transport is closing
800	413	0	413	rpc error: code = Unavailable desc = transport is closing
800	427	0	427	rpc error: code = Unavailable desc = transport is closing
800	432	0	432	rpc error: code = Unavailable desc = transport is closing
800	429	0	429	rpc error: code = Unavailable desc = transport is closing
800	410	0	410	rpc error: code = Unavailable desc = transport is closing
800	405	0	405	rpc error: code = Unavailable desc = transport is closing
800	440	0	440	rpc error: code = Unavailable desc = transport is closing
800	409	0	409	rpc error: code = Unavailable desc = transport is closing
800	413	0	413	rpc error: code = Unavailable desc = transport is closing
800	408	0	408	rpc error: code = Unavailable desc = transport is closing
800	5817	0	5817	rpc error: code = Unavailable desc = transport is closing
800	426	0	426	rpc error: code = Unavailable desc = transport is closing
800	407	0	407	rpc error: code = Unavailable desc = transport is closing
800	414	0	414	rpc error: code = Unavailable desc = transport is closing
800	375	0	375	rpc error: code = Unavailable desc = transport is closing
800	354	0	354	rpc error: code = Unavailable desc = transport is closing
800	414	0	414	rpc error: code = Unavailable desc = transport is closing
800	413	0	413	rpc error: code = Unavailable desc = transport is closing
800	409	0	409	rpc error: code = Unavailable desc = transport is closing
800	477	0	477	rpc error: code = Unavailable desc = transport is closing
800	476	0	476	rpc error: code = Unavailable desc = transport is closing
800	480	0	480	rpc error: code = Unavailable desc = transport is closing
800	586	0	586	rpc error: code = Unavailable desc = transport is closing
800	1583	0	1583	rpc error: code = Unavailable desc = transport is closing
800	1586	0	1586	rpc error: code = Unavailable desc = transport is closing
800	3308	0	3308	rpc error: code = Unavailable desc = transport is closing
800	586	0	586	rpc error: code = Unavailable desc = transport is closing
800	492	0	492	rpc error: code = Unavailable desc = transport is closing
800	479	0	479	rpc error: code = Unavailable desc = transport is closing
800	10024	0	10024	rpc error: code = Unavailable desc = transport is closing
800	531	0	531	rpc error: code = Unavailable desc = transport is closing
800	519	0	519	rpc error: code = Unavailable desc = transport is closing
800	517	0	517	rpc error: code = Unavailable desc = transport is closing
800	538	0	538	rpc error: code = Unavailable desc = transport is closing
800	496	0	496	rpc error: code = Unavailable desc = transport is closing
800	521	0	521	rpc error: code = Unavailable desc = transport is closing
800	1382	0	1382	rpc error: code = Unavailable desc = transport is closing
800	457	0	457	rpc error: code = Unavailable desc = transport is closing
800	530	0	530	rpc error: code = Unavailable desc = transport is closing
800	1382	0	1382	rpc error: code = Unavailable desc = transport is closing
800	512	0	512	rpc error: code = Unavailable desc = transport is closing
800	527	0	527	rpc error: code = Unavailable desc = transport is closing
800	460	0	460	rpc error: code = Unavailable desc = transport is closing
800	9890	0	9890	rpc error: code = Unavailable desc = transport is closing
800	519	0	519	rpc error: code = Unavailable desc = transport is closing
800	495	0	495	rpc error: code = Unavailable desc = transport is closing
800	515	0	515	rpc error: code = Unavailable desc = transport is closing
800	512	0	512	rpc error: code = Unavailable desc = transport is closing
800	512	0	512	rpc error: code = Unavailable desc = transport is closing
800	513	0	513	rpc error: code = Unavailable desc = transport is closing
800	449	0	449	rpc error: code = Unavailable desc = transport is closing
800	1387	0	1387	rpc error: code = Unavailable desc = transport is closing
800	1546	0	1546	rpc error: code = Unavailable desc = transport is closing
800	547	0	547	rpc error: code = Unavailable desc = transport is closing
800	5691	0	5691	rpc error: code = Unavailable desc = transport is closing
800	516	0	516	rpc error: code = Unavailable desc = transport is closing
800	502	0	502	rpc error: code = Unavailable desc = transport is closing
800	482	0	482	rpc error: code = Unavailable desc = transport is closing
800	10007	0	10007	rpc error: code = Unavailable desc = transport is closing
800	444	0	444	rpc error: code = Unavailable desc = transport is closing
800	1539	0	1539	rpc error: code = Unavailable desc = transport is closing
800	1542	0	1542	rpc error: code = Unavailable desc = transport is closing
800	451	0	451	rpc error: code = Unavailable desc = transport is closing
800	482	0	482	rpc error: code = Unavailable desc = transport is closing
800	499	0	499	rpc error: code = Unavailable desc = transport is closing
800	481	0	481	rpc error: code = Unavailable desc = transport is closing
800	462	0	462	rpc error: code = Unavailable desc = transport is closing
800	519	0	519	rpc error: code = Unavailable desc = transport is closing
800	515	0	515	rpc error: code = Unavailable desc = transport is closing
800	539	0	539	rpc error: code = Unavailable desc = transport is closing
800	2752	0	2752	rpc error: code = Unavailable desc = transport is closing
800	503	0	503	rpc error: code = Unavailable desc = transport is closing
800	501	0	501	rpc error: code = Unavailable desc = transport is closing
800	498	0	498	rpc error: code = Unavailable desc = transport is closing
800	443	0	443	rpc error: code = Unavailable desc = transport is closing
800	530	0	530	rpc error: code = Unavailable desc = transport is closing
800	479	0	479	rpc error: code = Unavailable desc = transport is closing
800	529	0	529	rpc error: code = Unavailable desc = transport is closing
800	448	0	448	rpc error: code = Unavailable desc = transport is closing
800	501	0	501	rpc error: code = Unavailable desc = transport is closing
800	451	0	451	rpc error: code = Unavailable desc = transport is closing
800	445	0	445	rpc error: code = Unavailable desc = transport is closing
800	543	0	543	rpc error: code = Unavailable desc = transport is closing
800	529	0	529	rpc error: code = Unavailable desc = transport is closing
800	497	0	497	rpc error: code = Unavailable desc = transport is closing
800	504	0	504	rpc error: code = Unavailable desc = transport is closing
800	326	0	326	rpc error: code = Unavailable desc = transport is closing
800	1387	0	1387	rpc error: code = Unavailable desc = transport is closing
800	1534	0	1534	rpc error: code = Unavailable desc = transport is closing
800	505	0	505	rpc error: code = Unavailable desc = transport is closing
800	535	0	535	rpc error: code = Unavailable desc = transport is closing
800	2749	0	2749	rpc error: code = Unavailable desc = transport is closing
800	535	0	535	rpc error: code = Unavailable desc = transport is closing
800	512	0	512	rpc error: code = Unavailable desc = transport is closing
800	462	0	462	rpc error: code = Unavailable desc = transport is closing
800	518	0	518	rpc error: code = Unavailable desc = transport is closing
800	447	0	447	rpc error: code = Unavailable desc = transport is closing
800	6021	0	6021	rpc error: code = Unavailable desc = transport is closing
800	15054	0	15054	rpc error: code = Unavailable desc = transport is closing
800	537	0	537	rpc error: code = Unavailable desc = transport is closing
800	522	0	522	rpc error: code = Unavailable desc = transport is closing
800	510	0	510	rpc error: code = Unavailable desc = transport is closing
800	536	0	536	rpc error: code = Unavailable desc = transport is closing
800	497	0	497	rpc error: code = Unavailable desc = transport is closing
800	456	0	456	rpc error: code = Unavailable desc = transport is closing
800	516	0	516	rpc error: code = Unavailable desc = transport is closing
800	515	0	515	rpc error: code = Unavailable desc = transport is closing
800	558	0	558	rpc error: code = DeadlineExceeded desc = context deadline exceeded
800	537	0	537	rpc error: code = Unavailable desc = transport is closing
800	513	0	513	rpc error: code = Unavailable desc = transport is closing
800	522	0	522	rpc error: code = Unavailable desc = transport is closing
800	480	0	480	rpc error: code = Unavailable desc = transport is closing
800	6521	0	6521	rpc error: code = DeadlineExceeded desc = context deadline exceeded
800	582	0	582	rpc error: code = DeadlineExceeded desc = context deadline exceeded
800	585	0	585	rpc error: code = DeadlineExceeded desc = context deadline exceeded
800	3811	0	3811	rpc error: code = DeadlineExceeded desc = context deadline exceeded
800	290	399	689	<nil>
800	296	392	688	<nil>
800	10084	388	10472	<nil>
800	262	354	616	<nil>
800	259	361	620	<nil>
800	230	353	583	<nil>
800	256	360	616	<nil>
800	275	354	629	<nil>
800	252	369	621	<nil>
800	258	361	619	<nil>
800	264	354	618	<nil>
800	260	359	619	<nil>
800	265	354	619	<nil>
800	265	321	586	<nil>
800	280	318	598	<nil>
800	231	355	586	<nil>
800	264	321	585	<nil>
800	230	356	586	<nil>
800	230	355	585	<nil>
800	267	318	585	<nil>
800	264	321	585	<nil>
800	230	355	585	<nil>
800	230	355	585	<nil>
800	230	355	585	<nil>
800	5695	316	6011	<nil>
800	266	319	585	<nil>
800	2915	362	3277	<nil>
800	269	366	635	<nil>
800	270	366	636	<nil>
800	289	346	635	<nil>
800	273	362	635	<nil>
800	268	366	634	<nil>
800	254	382	636	<nil>
800	17486	367	17853	<nil>
800	269	383	652	<nil>
800	274	364	638	<nil>
800	256	382	638	<nil>
800	261	371	632	<nil>
800	274	364	638	<nil>
800	269	403	672	<nil>
800	286	401	687	<nil>
800	269	405	674	<nil>
800	269	404	673	<nil>
800	5064	412	5476	<nil>
800	266	408	674	<nil>
800	2602	403	3005	<nil>
800	9530	376	9906	<nil>
800	2969	351	3320	<nil>
800	446	159	605	<nil>
800	442	165	607	<nil>
800	387	163	550	<nil>
800	391	156	547	<nil>
800	394	157	551	<nil>
800	388	161	549	<nil>
800	441	168	609	<nil>
800	404	157	561	<nil>
800	3238	153	3391	<nil>
800	409	158	567	<nil>
800	410	154	564	<nil>
800	392	119	511	<nil>
800	2915	173	3088	<nil>
800	368	169	537	<nil>
800	392	120	512	<nil>
800	355	156	511	<nil>
800	357	155	512	<nil>
800	366	159	525	<nil>
800	3257	170	3427	<nil>
800	392	119	511	<nil>
800	373	155	528	<nil>
800	363	172	535	<nil>
800	403	123	526	<nil>
800	412	172	584	<nil>
800	403	124	527	<nil>
800	411	171	582	<nil>
800	361	166	527	<nil>
800	363	171	534	<nil>
800	392	120	512	<nil>
800	412	170	582	<nil>
800	411	175	586	<nil>
800	451	63	514	<nil>
800	445	65	510	<nil>
800	434	83	517	<nil>
800	452	64	516	<nil>
800	452	64	516	<nil>
800	448	66	514	<nil>
800	449	65	514	<nil>
800	435	84	519	<nil>
800	451	65	516	<nil>
800	28281	65	28346	<nil>
800	421	94	515	<nil>
800	449	64	513	<nil>
800	5685	65	5750	<nil>
800	450	65	515	<nil>
800	430	84	514	<nil>
800	425	91	516	<nil>
800	432	84	516	<nil>
800	434	83	517	<nil>
800	391	127	518	<nil>
800	425	89	514	<nil>
800	366	127	493	<nil>
800	412	175	587	<nil>
800	430	84	514	<nil>
800	449	86	535	<nil>
800	3030	76	3106	<nil>
800	422	84	506	<nil>
800	451	85	536	<nil>
800	445	86	531	<nil>
800	18780	96	18876	<nil>
800	458	124	582	<nil>
800	472	116	588	<nil>
800	475	154	629	<nil>
800	466	175	641	<nil>
800	491	151	642	<nil>
800	490	154	644	<nil>
800	478	160	638	<nil>
800	477	169	646	<nil>
800	3361	159	3520	<nil>
800	2813	162	2975	<nil>
800	477	171	648	<nil>
800	489	159	648	<nil>
800	482	188	670	<nil>
800	488	199	687	<nil>
800	10385	207	10592	<nil>
800	482	205	687	<nil>
800	490	204	694	<nil>
800	487	208	695	<nil>
800	480	210	690	<nil>
800	486	208	694	<nil>
800	479	209	688	<nil>
800	485	221	706	<nil>
800	2811	208	3019	<nil>
800	2698	216	2914	<nil>
800	475	221	696	<nil>
800	480	221	701	<nil>
800	485	208	693	<nil>
800	2607	157	2764	<nil>
800	205	162	367	<nil>
800	2884	150	3034	<nil>
800	194	161	355	<nil>
800	193	162	355	<nil>
800	153	201	354	<nil>
800	192	162	354	<nil>
800	169	201	370	<nil>
800	17616	173	17789	<nil>
800	4946	172	5118	<nil>
800	208	157	365	<nil>
800	154	201	355	<nil>
800	166	201	367	<nil>
800	193	170	363	<nil>
800	169	200	369	<nil>
800	171	199	370	<nil>
800	228	127	355	<nil>
800	167	202	369	<nil>
800	144	179	323	<nil>
800	179	218	397	<nil>
800	167	202	369	<nil>
800	169	199	368	<nil>
800	179	219	398	<nil>
800	155	170	325	<nil>
800	70679	157	70836	<nil>
800	168	201	369	<nil>
800	2499	135	2634	<nil>
800	181	173	354	<nil>
800	243	149	392	<nil>
800	207	146	353	<nil>
800	248	147	395	<nil>
800	193	162	355	<nil>
800	164	190	354	<nil>
800	159	144	303	<nil>
800	190	166	356	<nil>
800	14530	146	14676	<nil>
800	164	193	357	<nil>
800	145	254	399	<nil>
800	158	194	352	<nil>
800	190	165	355	<nil>
800	178	107	285	<nil>
800	176	104	280	<nil>
800	8666	243	8909	<nil>
800	163	149	312	<nil>
800	160	143	303	<nil>
800	155	243	398	<nil>
800	2456	251	2707	<nil>
800	145	254	399	<nil>
800	161	142	303	<nil>
800	160	143	303	<nil>
800	9254	143	9397	<nil>
800	160	143	303	<nil>
800	191	166	357	<nil>
800	203	194	397	<nil>
800	194	103	297	<nil>
800	9085	102	9187	<nil>
800	2464	243	2707	<nil>
800	2571	103	2674	<nil>
800	187	108	295	<nil>
800	166	107	273	<nil>
800	166	107	273	<nil>
800	165	108	273	<nil>
800	166	106	272	<nil>
800	179	107	286	<nil>
800	181	94	275	<nil>
800	180	95	275	<nil>
800	185	93	278	<nil>
800	182	96	278	<nil>
800	192	98	290	<nil>
800	180	98	278	<nil>
800	224	32	256	<nil>
800	179	110	289	<nil>
800	190	112	302	<nil>
800	2594	101	2695	<nil>
800	222	68	290	<nil>
800	211	79	290	<nil>
800	9459	104	9563	<nil>
800	197	102	299	<nil>
800	185	104	289	<nil>
800	222	67	289	<nil>
800	222	68	290	<nil>
800	212	104	316	<nil>
800	1176	104	1280	<nil>
800	211	80	291	<nil>
800	194	105	299	<nil>
800	205	111	316	<nil>
800	220	78	298	<nil>
800	210	94	304	<nil>
800	1190	85	1275	<nil>
800	184	106	290	<nil>
800	1183	96	1279	<nil>
800	2586	106	2692	<nil>
800	2649	104	2753	<nil>
800	222	97	319	<nil>
800	211	103	314	<nil>
800	196	112	308	<nil>
800	262	59	321	<nil>
800	196	88	284	<nil>
800	28619	105	28724	<nil>
800	225	130	355	<nil>
800	1232	111	1343	<nil>
800	142	105	247	<nil>
800	141	106	247	<nil>
800	141	105	246	<nil>
800	231	146	377	<nil>
800	10279	145	10424	<nil>
800	141	105	246	<nil>
800	213	146	359	<nil>
800	142	107	249	<nil>
800	159	104	263	<nil>
800	110	93	203	<nil>
800	247	110	357	<nil>
800	97	89	186	<nil>
800	119	101	220	<nil>
800	5529	130	5659	<nil>
800	196	146	342	<nil>
800	16583	94	16677	<nil>
800	2723	91	2814	<nil>
800	140	107	247	<nil>
800	259	115	374	<nil>
800	2871	103	2974	<nil>
800	111	117	228	<nil>
800	98	111	209	<nil>
800	2720	114	2834	<nil>
800	15059	115	15174	<nil>
800	146	110	256	<nil>
800	104	92	196	<nil>
800	117	96	213	<nil>
800	111	102	213	<nil>
800	105	112	217	<nil>
800	105	112	217	<nil>
800	2885	98	2983	<nil>
800	98	103	201	<nil>
800	106	111	217	<nil>
800	115	99	214	<nil>
800	115	96	211	<nil>
800	113	100	213	<nil>
800	115	96	211	<nil>
800	2713	97	2810	<nil>
800	111	102	213	<nil>
800	114	102	216	<nil>
800	120	93	213	<nil>
800	97	121	218	<nil>
800	110	124	234	<nil>
800	107	105	212	<nil>
800	121	93	214	<nil>
800	124	97	221	<nil>
800	9605	97	9702	<nil>
800	116	101	217	<nil>
800	123	96	219	<nil>
800	123	94	217	<nil>
800	117	97	214	<nil>
800	108	96	204	<nil>
800	121	96	217	<nil>
800	120	100	220	<nil>
800	144	138	282	<nil>
800	98	126	224	<nil>
800	116	97	213	<nil>
800	110	92	202	<nil>
800	2912	38	2950	<nil>
800	2977	17	2994	<nil>
800	267	16	283	<nil>
800	9333	37	9370	<nil>
800	5525	15	5540	<nil>
800	268	15	283	<nil>
800	269	14	283	<nil>
800	305	33	338	<nil>
800	251	36	287	<nil>
800	232	16	248	<nil>
800	1308	14	1322	<nil>
800	269	16	285	<nil>
800	250	39	289	<nil>
800	264	21	285	<nil>
800	2941	16	2957	<nil>
800	267	16	283	<nil>
800	246	39	285	<nil>
800	1303	17	1320	<nil>
800	1324	17	1341	<nil>
800	2920	38	2958	<nil>
800	1301	38	1339	<nil>
800	1315	14	1329	<nil>
800	1289	35	1324	<nil>
800	250	35	285	<nil>
800	273	20	293	<nil>
800	242	25	267	<nil>
800	227	24	251	<nil>
800	273	18	291	<nil>
800	1310	19	1329	<nil>
800	277	23	300	<nil>
800	5526	24	5550	<nil>
800	231	20	251	<nil>
800	262	23	285	<nil>
800	265	20	285	<nil>
800	273	24	297	<nil>
800	1332	16	1348	<nil>
800	227	24	251	<nil>
800	271	22	293	<nil>
800	2604	19	2623	<nil>
800	1309	20	1329	<nil>
800	273	19	292	<nil>
800	270	24	294	<nil>
800	279	20	299	<nil>
800	287	8	295	<nil>
800	248	7	255	<nil>
800	2610	7	2617	<nil>
800	283	7	290	<nil>
800	267	9	276	<nil>
800	288	7	295	<nil>
800	2962	20	2982	<nil>
800	252	21	273	<nil>
800	1227	17	1244	<nil>
800	250	22	272	<nil>
800	2608	24	2632	<nil>
800	252	22	274	<nil>
800	1212	21	1233	<nil>
800	9669	20	9689	<nil>
800	150	21	171	<nil>
800	249	22	271	<nil>
800	284	21	305	<nil>
800	291	21	312	<nil>
800	3142	21	3163	<nil>
800	290	23	313	<nil>
800	110766	20	110786	<nil>
800	257	19	276	<nil>
800	288	21	309	<nil>
800	245	28	273	<nil>
800	252	26	278	<nil>
800	1237	24	1261	<nil>
800	288	31	319	<nil>
800	284	25	309	<nil>
800	251	28	279	<nil>
800	5512	32	5544	<nil>
800	251	31	282	<nil>
800	5549	27	5576	<nil>
800	251	26	277	<nil>
800	257	26	283	<nil>
800	109	27	136	<nil>
800	3000	34	3034	<nil>
800	246	35	281	<nil>
800	246	31	277	<nil>
800	3124	31	3155	<nil>
800	105	31	136	<nil>
800	2605	32	2637	<nil>
800	2613	28	2641	<nil>
800	153	35	188	<nil>
800	3008	29	3037	<nil>
800	250	32	282	<nil>
800	156	32	188	<nil>
800	251	32	283	<nil>
800	104	34	138	<nil>
800	159	32	191	<nil>
800	105	33	138	<nil>
800	105	34	139	<nil>
800	105	33	138	<nil>
800	248	37	285	<nil>
800	103	37	140	<nil>
800	105	36	141	<nil>
800	2608	33	2641	<nil>
800	121	37	158	<nil>
800	103	38	141	<nil>
800	2614	38	2652	<nil>
800	1155	40	1195	<nil>
800	9507	12	9519	<nil>
800	2649	12	2661	<nil>
800	29	12	41	<nil>
800	28	12	40	<nil>
800	30	12	42	<nil>
800	33	38	71	<nil>
800	32	39	71	<nil>
800	33	32	65	<nil>
800	30	43	73	<nil>
800	33	33	66	<nil>
800	29	38	67	<nil>
800	35	97	132	<nil>
800	142	70	212	<nil>
800	162	118	280	<nil>
800	195	120	315	<nil>
800	179	113	292	<nil>
800	196	119	315	<nil>
800	186	111	297	<nil>
800	199	119	318	<nil>
800	190	112	302	<nil>
800	186	115	301	<nil>
800	193	122	315	<nil>
800	202	114	316	<nil>
800	179	123	302	<nil>
800	176	116	292	<nil>
800	204	116	320	<nil>
800	199	114	313	<nil>
800	199	121	320	<nil>
800	183	115	298	<nil>
800	195	120	315	<nil>
800	190	113	303	<nil>
800	187	114	301	<nil>
800	180	125	305	<nil>
800	198	124	322	<nil>
800	196	123	319	<nil>
800	315	5	320	<nil>
800	299	5	304	<nil>
800	196	107	303	<nil>
800	313	6	319	<nil>
800	2940	8	2948	<nil>
800	177	122	299	<nil>
800	313	6	319	<nil>
800	312	6	318	<nil>
800	176	124	300	<nil>
800	292	8	300	<nil>
800	291	12	303	<nil>
800	315	7	322	<nil>
800	8799	13	8812	<nil>
800	311	11	322	<nil>
800	294	6	300	<nil>
800	313	12	325	<nil>
800	2944	9	2953	<nil>
800	290	8	298	<nil>
800	300	10	310	<nil>
800	2940	9	2949	<nil>
800	302	8	310	<nil>
800	309	7	316	<nil>
800	293	7	300	<nil>
800	312	12	324	<nil>
800	315	7	322	<nil>
800	299	10	309	<nil>
800	317	7	324	<nil>
800	316	7	323	<nil>
800	304	7	311	<nil>
800	290	9	299	<nil>
800	296	94	390	<nil>
800	302	95	397	<nil>
800	295	95	390	<nil>
800	2933	97	3030	<nil>
800	295	98	393	<nil>
800	313	108	421	<nil>
800	323	96	419	<nil>
800	310	125	435	<nil>
800	44468	127	44595	<nil>
800	287	135	422	<nil>
800	281	138	419	<nil>
800	320	132	452	<nil>
800	2946	125	3071	<nil>
800	288	146	434	<nil>
800	285	142	427	<nil>
800	313	145	458	<nil>
800	313	144	457	<nil>
800	281	147	428	<nil>
800	286	146	432	<nil>
800	316	142	458	<nil>
800	288	146	434	<nil>
800	286	146	432	<nil>
800	181	146	327	<nil>
800	317	142	459	<nil>
800	303	131	434	<nil>
800	301	194	495	<nil>
800	290	204	494	<nil>
800	301	192	493	<nil>
800	297	190	487	<nil>
800	2933	201	3134	<nil>
800	289	199	488	<nil>
800	320	195	515	<nil>
800	291	201	492	<nil>
800	320	197	517	<nil>
800	291	203	494	<nil>
800	288	205	493	<nil>
800	317	204	521	<nil>
800	313	209	522	<nil>
800	296	222	518	<nil>
800	313	254	567	<nil>
800	41903	273	42176	<nil>
800	339	229	568	<nil>
800	294	272	566	<nil>
800	324	272	596	<nil>
800	337	228	565	<nil>
800	2959	268	3227	<nil>
800	283	282	565	<nil>
800	8800	278	9078	<nil>
800	246	157	403	<nil>
800	3088	145	3233	<nil>
800	177	106	283	<nil>
800	130	148	278	<nil>
800	230	56	286	<nil>
800	10182	99	10281	<nil>
800	3128	96	3224	<nil>
800	180	99	279	<nil>
800	154	129	283	<nil>
800	1248	98	1346	<nil>
800	137	145	282	<nil>
800	3115	109	3224	<nil>
800	254	25	279	<nil>
800	2990	238	3228	<nil>
800	343	237	580	<nil>
800	15479	106	15585	<nil>
800	3096	130	3226	<nil>
800	1248	100	1348	<nil>
800	254	28	282	<nil>
800	260	19	279	<nil>
800	246	38	284	<nil>
800	227	56	283	<nil>
800	258	29	287	<nil>
800	245	52	297	<nil>
800	224	89	313	<nil>
800	255	92	347	<nil>
800	254	93	347	<nil>
800	259	95	354	<nil>
800	148	70	218	<nil>
800	1253	89	1342	<nil>
800	244	110	354	<nil>
800	226	125	351	<nil>
800	259	99	358	<nil>
800	15545	112	15657	<nil>
800	264	111	375	<nil>
800	240	150	390	<nil>
800	146	113	259	<nil>
800	217	175	392	<nil>
800	247	140	387	<nil>
800	219	165	384	<nil>
800	244	152	396	<nil>
800	2506	120	2626	<nil>
800	260	137	397	<nil>
800	1170	131	1301	<nil>
800	1149	116	1265	<nil>
800	235	159	394	<nil>
800	163	145	308	<nil>
800	140	129	269	<nil>
800	1164	138	1302	<nil>
800	184	174	358	<nil>
800	237	158	395	<nil>
800	15948	128	16076	<nil>
800	3196	157	3353	<nil>
800	131	137	268	<nil>
800	16898	122	17020	<nil>
800	9781	158	9939	<nil>
800	198	158	356	<nil>
800	2512	118	2630	<nil>
800	1184	116	1300	<nil>
800	252	140	392	<nil>
800	5962	140	6102	<nil>
800	164	144	308	<nil>
800	250	145	395	<nil>
800	1172	131	1303	<nil>
800	255	133	388	<nil>
800	1166	137	1303	<nil>
800	1151	131	1282	<nil>
800	251	145	396	<nil>
800	1165	135	1300	<nil>
800	1110	130	1240	<nil>
800	238	160	398	<nil>
800	237	160	397	<nil>
800	37	107	144	<nil>
800	1247	145	1392	<nil>
800	222	175	397	<nil>
800	254	145	399	<nil>
800	254	146	400	<nil>
800	238	159	397	<nil>
800	8774	123	8897	<nil>
800	1171	131	1302	<nil>
800	254	145	399	<nil>
800	1116	152	1268	<nil>
800	92	145	237	<nil>
800	30	107	137	<nil>
800	8777	151	8928	<nil>
800	145	154	299	<nil>
800	82	152	234	<nil>
800	2510	152	2662	<nil>
800	1047	155	1202	<nil>
800	82	158	240	<nil>
800	161	145	306	<nil>
800	42	123	165	<nil>
800	4609	146	4755	<nil>
800	39	122	161	<nil>
800	15624	122	15746	<nil>
800	83	159	242	<nil>
800	68860	156	69016	<nil>
800	39	124	163	<nil>
800	103	156	259	<nil>
800	30	145	175	<nil>
800	2540	145	2685	<nil>
800	36	121	157	<nil>
800	2529	120	2649	<nil>
800	38	114	152	<nil>
800	35	121	156	<nil>
800	36	114	150	<nil>
800	78	162	240	<nil>
800	41	123	164	<nil>
800	35	122	157	<nil>
800	37	120	157	<nil>
800	33	121	154	<nil>
800	35	212	247	<nil>
800	36	321	357	<nil>
800	35	327	362	<nil>
800	37	340	377	<nil>
800	37	343	380	<nil>
800	31	345	376	<nil>
800	36	344	380	<nil>
800	40	344	384	<nil>
800	38	345	383	<nil>
800	37	345	382	<nil>
800	36	344	380	<nil>
800	1021	342	1363	<nil>
800	15632	344	15976	<nil>
800	251	28	279	<nil>
800	4988	346	5334	<nil>
800	76	238	314	<nil>
800	37	344	381	<nil>
800	10	342	352	<nil>
800	267	0	267	rpc error: code = Unavailable desc = transport is closing
800	267	0	267	rpc error: code = Unavailable desc = transport is closing
800	269	0	269	rpc error: code = Unavailable desc = transport is closing
800	230	0	230	rpc error: code = Unavailable desc = transport is closing
800	231	0	231	rpc error: code = Unavailable desc = transport is closing
800	252	26	278	<nil>
800	219	61	280	<nil>
800	246	33	279	<nil>
800	201	0	201	rpc error: code = Unavailable desc = transport is closing
800	2600	73	2673	<nil>
800	72	244	316	<nil>
800	78	245	323	<nil>
800	75	245	320	<nil>
800	2432	240	2672	<nil>
800	77	241	318	<nil>
800	37	345	382	<nil>
800	225	50	275	<nil>
800	81	240	321	<nil>
800	78	240	318	<nil>
800	264	0	264	rpc error: code = Unavailable desc = transport is closing
800	2933	0	2933	rpc error: code = Unavailable desc = transport is closing
800	235	0	235	rpc error: code = Unavailable desc = transport is closing
800	244	0	244	rpc error: code = Unavailable desc = transport is closing
800	14956	0	14956	rpc error: code = Unavailable desc = transport is closing
800	256	62	318	<nil>
800	2592	0	2592	rpc error: code = Unavailable desc = transport is closing
800	225	0	225	rpc error: code = Unavailable desc = transport is closing
800	273	0	273	rpc error: code = Unavailable desc = transport is closing
800	154	0	154	rpc error: code = Unavailable desc = transport is closing
800	268	0	268	rpc error: code = Unavailable desc = transport is closing
800	269	0	269	rpc error: code = Unavailable desc = transport is closing
800	237	95	332	<nil>
800	265	0	265	rpc error: code = Unavailable desc = transport is closing
800	269	0	269	rpc error: code = Unavailable desc = transport is closing
800	268	0	268	rpc error: code = Unavailable desc = transport is closing
800	267	0	267	rpc error: code = Unavailable desc = transport is closing
800	266	96	362	<nil>
800	254	95	349	<nil>
800	256	99	355	<nil>
800	250	0	250	rpc error: code = Unavailable desc = transport is closing
800	5359	0	5359	rpc error: code = Unavailable desc = transport is closing
800	98	0	98	rpc error: code = Unavailable desc = transport is closing
800	276	0	276	rpc error: code = Unavailable desc = transport is closing
800	99	0	99	rpc error: code = Unavailable desc = transport is closing
800	291	0	291	rpc error: code = Unavailable desc = transport is closing
800	292	0	292	rpc error: code = Unavailable desc = transport is closing
800	272	0	272	rpc error: code = Unavailable desc = transport is closing
800	10194	0	10194	rpc error: code = Unavailable desc = transport is closing
800	253	0	253	rpc error: code = Unavailable desc = transport is closing
800	286	0	286	rpc error: code = Unavailable desc = transport is closing
800	5358	0	5358	rpc error: code = Unavailable desc = transport is closing
800	252	0	252	rpc error: code = Unavailable desc = transport is closing
800	2601	0	2601	rpc error: code = Unavailable desc = transport is closing
800	284	0	284	rpc error: code = Unavailable desc = transport is closing
800	289	0	289	rpc error: code = Unavailable desc = transport is closing
800	16829	0	16829	rpc error: code = Unavailable desc = transport is closing
800	3142	0	3142	rpc error: code = Unavailable desc = transport is closing
800	2704	0	2704	rpc error: code = Unavailable desc = transport is closing
800	5336	0	5336	rpc error: code = Unavailable desc = transport is closing
800	256	191	447	<nil>
800	257	192	449	<nil>
800	244	191	435	<nil>
800	242	192	434	<nil>
800	260	190	450	<nil>
800	258	193	451	<nil>
800	259	195	454	<nil>
800	244	197	441	<nil>
800	441	0	441	rpc error: code = Unavailable desc = transport is closing
800	388	0	388	rpc error: code = Unavailable desc = transport is closing
800	411	0	411	rpc error: code = Unavailable desc = transport is closing
800	4877	165	5042	<nil>
800	401	0	401	rpc error: code = Unavailable desc = transport is closing
800	259	203	462	<nil>
800	243	204	447	<nil>
800	352	112	464	<nil>
800	406	0	406	rpc error: code = Unavailable desc = transport is closing
800	2677	203	2880	<nil>
800	353	112	465	<nil>
800	412	0	412	rpc error: code = Unavailable desc = transport is closing
800	255	0	255	rpc error: code = Unavailable desc = transport is closing
800	255	0	255	rpc error: code = Unavailable desc = transport is closing
800	255	0	255	rpc error: code = Unavailable desc = transport is closing
800	326	125	451	<nil>
800	430	0	430	rpc error: code = Unavailable desc = transport is closing
800	1248	132	1380	<nil>
800	265	0	265	rpc error: code = Unavailable desc = transport is closing
800	1258	133	1391	<nil>
800	254	0	254	rpc error: code = Unavailable desc = transport is closing
800	77736	149	77885	<nil>
800	5171	43	5214	<nil>
800	9357	50	9407	<nil>
800	1259	63	1322	<nil>
800	5790	4	5794	<nil>
800	257	0	257	rpc error: code = Unavailable desc = transport is closing
800	262	0	262	rpc error: code = Unavailable desc = transport is closing
800	331	119	450	<nil>
800	255	0	255	rpc error: code = Unavailable desc = transport is closing
800	359	112	471	<nil>
800	348	119	467	<nil>
800	255	0	255	rpc error: code = Unavailable desc = transport is closing
800	198	47	245	<nil>
800	350	119	469	<nil>
800	350	102	452	<nil>
800	255	0	255	rpc error: code = Unavailable desc = transport is closing
800	346	123	469	<nil>
800	352	120	472	<nil>
800	330	122	452	<nil>
800	345	126	471	<nil>
800	364	105	469	<nil>
800	396	0	396	rpc error: code = Unavailable desc = transport is closing
800	344	125	469	<nil>
800	354	118	472	<nil>
800	347	125	472	<nil>
800	255	0	255	rpc error: code = Unavailable desc = transport is closing
800	326	128	454	<nil>
800	391	0	391	rpc error: code = Unavailable desc = transport is closing
800	339	137	476	<nil>
800	259	0	259	rpc error: code = Unavailable desc = transport is closing
800	333	119	452	<nil>
800	352	123	475	<nil>
800	3055	0	3055	rpc error: code = Unavailable desc = transport is closing
800	261	0	261	rpc error: code = Unavailable desc = transport is closing
800	298	125	423	<nil>
800	2764	125	2889	<nil>
800	357	113	470	<nil>
800	1172	39	1211	<nil>
800	330	128	458	<nil>
800	253	0	253	rpc error: code = Unavailable desc = transport is closing
800	452	0	452	rpc error: code = Unavailable desc = transport is closing
800	450	0	450	rpc error: code = Unavailable desc = transport is closing
800	248	127	375	<nil>
800	1170	39	1209	<nil>
800	358	118	476	<nil>
800	2855	32	2887	<nil>
800	469	0	469	rpc error: code = Unavailable desc = transport is closing
800	488	0	488	rpc error: code = Unavailable desc = transport is closing
800	1258	122	1380	<nil>
800	484	0	484	rpc error: code = Unavailable desc = transport is closing
800	445	0	445	rpc error: code = Unavailable desc = transport is closing
800	465	0	465	rpc error: code = Unavailable desc = transport is closing
800	453	0	453	rpc error: code = Unavailable desc = transport is closing
800	7968	38	8006	<nil>
800	252	127	379	<nil>
800	485	0	485	rpc error: code = Unavailable desc = transport is closing
800	1253	125	1378	<nil>
800	449	0	449	rpc error: code = Unavailable desc = transport is closing
800	432	0	432	rpc error: code = Unavailable desc = transport is closing
800	369	91	460	<nil>
800	252	0	252	rpc error: code = Unavailable desc = transport is closing
800	332	129	461	<nil>
800	257	123	380	<nil>
800	171	39	210	<nil>
800	330	133	463	<nil>
800	9403	126	9529	<nil>
800	255	0	255	rpc error: code = Unavailable desc = transport is closing
800	460	0	460	rpc error: code = Unavailable desc = transport is closing
800	261	0	261	rpc error: code = Unavailable desc = transport is closing
800	261	0	261	rpc error: code = Unavailable desc = transport is closing
800	261	0	261	rpc error: code = Unavailable desc = transport is closing
800	292	94	386	<nil>
800	16117	95	16212	<nil>
800	1261	49	1310	<nil>
800	288	102	390	<nil>
800	287	101	388	<nil>
800	246	141	387	<nil>
800	2778	133	2911	<nil>
800	256	132	388	<nil>
800	288	100	388	<nil>
800	248	141	389	<nil>
800	195	59	254	<nil>
800	328	79	407	<nil>
800	10514	125	10639	<nil>
800	295	95	390	<nil>
800	1265	124	1389	<nil>
800	245	146	391	<nil>
800	254	0	254	rpc error: code = Unavailable desc = transport is closing
800	17931	146	18077	<nil>
800	255	0	255	rpc error: code = Unavailable desc = transport is closing
800	196	43	239	<nil>
800	1206	12	1218	<nil>
800	194	44	238	<nil>
800	192	47	239	<nil>
800	196	44	240	<nil>
800	43762	45	43807	<nil>
800	199	45	244	<nil>
800	255	0	255	rpc error: code = Unavailable desc = transport is closing
800	190	50	240	<nil>
800	188	53	241	<nil>
800	196	52	248	<nil>
800	255	0	255	rpc error: code = Unavailable desc = transport is closing
800	2768	5	2773	<nil>
800	201	3	204	<nil>
800	255	0	255	rpc error: code = Unavailable desc = transport is closing
800	1202	12	1214	<nil>
800	255	0	255	rpc error: code = Unavailable desc = transport is closing
800	405	0	405	rpc error: code = Unavailable desc = transport is closing
800	8368	122	8490	<nil>
800	449	0	449	rpc error: code = Unavailable desc = transport is closing
800	244	134	378	<nil>
800	1203	39	1242	<nil>
800	1228	13	1241	<nil>
800	1201	14	1215	<nil>
800	255	0	255	rpc error: code = Unavailable desc = transport is closing
800	255	0	255	rpc error: code = Unavailable desc = transport is closing
800	200	12	212	<nil>
800	1203	13	1216	<nil>
800	5571	14	5585	<nil>
800	5206	17	5223	<nil>
800	198	13	211	<nil>
800	150	16	166	<nil>
800	197	14	211	<nil>
800	5148	21	5169	<nil>
800	196	15	211	<nil>
800	135	17	152	<nil>
800	195	16	211	<nil>
800	194	18	212	<nil>
800	9284	21	9305	<nil>
800	145	15	160	<nil>
800	136	18	154	<nil>
800	15376	18	15394	<nil>
800	196	16	212	<nil>
800	142	18	160	<nil>
800	189	15	204	<nil>
800	138	17	155	<nil>
800	139	17	156	<nil>
800	140	16	156	<nil>
800	85	20	105	<nil>
800	186	20	206	<nil>
800	186	20	206	<nil>
800	133	27	160	<nil>
800	138	22	160	<nil>
800	135	26	161	<nil>
800	186	23	209	<nil>
800	136	22	158	<nil>
800	2907	23	2930	<nil>
800	138	21	159	<nil>
800	136	23	159	<nil>
800	2907	21	2928	<nil>
800	192	0	192	rpc error: code = Unavailable desc = transport is closing
800	449	0	449	rpc error: code = Unavailable desc = transport is closing
800	265	0	265	rpc error: code = Unavailable desc = transport is closing
800	434	0	434	rpc error: code = Unavailable desc = transport is closing
800	225	0	225	rpc error: code = Unavailable desc = transport is closing
800	265	0	265	rpc error: code = Unavailable desc = transport is closing
800	266	0	266	rpc error: code = Unavailable desc = transport is closing
800	446	0	446	rpc error: code = Unavailable desc = transport is closing
800	450	0	450	rpc error: code = Unavailable desc = transport is closing
800	450	0	450	rpc error: code = Unavailable desc = transport is closing
800	355	0	355	rpc error: code = Unavailable desc = transport is closing
800	369	0	369	rpc error: code = Unavailable desc = transport is closing
800	369	0	369	rpc error: code = Unavailable desc = transport is closing
800	279	0	279	rpc error: code = Unavailable desc = transport is closing
800	388	0	388	rpc error: code = Unavailable desc = transport is closing
800	392	0	392	rpc error: code = Unavailable desc = transport is closing
800	283	0	283	rpc error: code = Unavailable desc = transport is closing
800	483	0	483	rpc error: code = Unavailable desc = transport is closing
800	2815	0	2815	rpc error: code = Unavailable desc = transport is closing
800	2750	0	2750	rpc error: code = Unavailable desc = transport is closing
800	539	36	575	<nil>
800	262	0	262	rpc error: code = Unavailable desc = transport is closing
800	480	0	480	rpc error: code = Unavailable desc = transport is closing
800	386	0	386	rpc error: code = Unavailable desc = transport is closing
800	484	0	484	rpc error: code = Unavailable desc = transport is closing
800	16701	29	16730	<nil>
800	519	60	579	<nil>
800	3257	27	3284	<nil>
800	567	44	611	<nil>
800	282	0	282	rpc error: code = Unavailable desc = transport is closing
800	9003	30	9033	<nil>
800	548	29	577	<nil>
800	15483	0	15483	rpc error: code = Unavailable desc = transport is closing
800	258	0	258	rpc error: code = Unavailable desc = transport is closing
800	412	0	412	rpc error: code = Unavailable desc = transport is closing
800	544	34	578	<nil>
800	542	33	575	<nil>
800	485	36	521	<nil>
800	410	0	410	rpc error: code = Unavailable desc = transport is closing
800	409	0	409	rpc error: code = Unavailable desc = transport is closing
800	257	0	257	rpc error: code = Unavailable desc = transport is closing
800	413	0	413	rpc error: code = Unavailable desc = transport is closing
800	255	0	255	rpc error: code = Unavailable desc = transport is closing
800	264	0	264	rpc error: code = Unavailable desc = transport is closing
800	407	0	407	rpc error: code = Unavailable desc = transport is closing
800	472	33	505	<nil>
800	544	35	579	<nil>
800	9000	29	9029	<nil>
800	18177	29	18206	<nil>
800	475	0	475	rpc error: code = Unavailable desc = transport is closing
800	15781	35	15816	<nil>
800	544	36	580	<nil>
800	541	37	578	<nil>
800	478	0	478	rpc error: code = Unavailable desc = transport is closing
800	3170	0	3170	rpc error: code = Unavailable desc = transport is closing
800	5430	0	5430	rpc error: code = Unavailable desc = transport is closing
800	450	0	450	rpc error: code = Unavailable desc = transport is closing
800	6098	54	6152	<nil>
800	488	50	538	<nil>
800	512	59	571	<nil>
800	491	51	542	<nil>
800	516	48	564	<nil>
800	490	54	544	<nil>
800	547	49	596	<nil>
800	525	38	563	<nil>
800	26347	26	26373	<nil>
800	452	0	452	rpc error: code = Unavailable desc = transport is closing
800	568	42	610	<nil>
800	547	51	598	<nil>
800	1389	0	1389	rpc error: code = Unavailable desc = transport is closing
800	287	0	287	rpc error: code = Unavailable desc = transport is closing
800	540	80	620	<nil>
800	23183	55	23238	<nil>
800	550	56	606	<nil>
800	454	0	454	rpc error: code = Unavailable desc = transport is closing
800	547	59	606	<nil>
800	546	61	607	<nil>
800	444	0	444	rpc error: code = Unavailable desc = transport is closing
800	548	77	625	<nil>
800	3430	59	3489	<nil>
800	511	56	567	<nil>
800	595	33	628	<nil>
800	512	58	570	<nil>
800	529	43	572	<nil>
800	559	63	622	<nil>
800	3415	83	3498	<nil>
800	310	0	310	rpc error: code = Unavailable desc = transport is closing
800	2822	83	2905	<nil>
800	23184	54	23238	<nil>
800	537	35	572	<nil>
800	3268	19	3287	<nil>
800	509	59	568	<nil>
800	476	54	530	<nil>
800	468	61	529	<nil>
800	587	32	619	<nil>
800	3432	58	3490	<nil>
800	9905	82	9987	<nil>
800	2842	62	2904	<nil>
800	521	58	579	<nil>
800	1549	81	1630	<nil>
800	486	81	567	<nil>
800	2858	81	2939	<nil>
800	440	83	523	<nil>
800	582	29	611	<nil>
800	461	45	506	<nil>
800	5636	22	5658	<nil>
800	584	25	609	<nil>
800	3312	31	3343	<nil>
800	561	25	586	<nil>
800	553	23	576	<nil>
800	581	49	630	<nil>
800	510	27	537	<nil>
800	266	0	266	rpc error: code = Unavailable desc = transport is closing
800	545	121	666	<nil>
800	556	61	617	<nil>
800	604	27	631	<nil>
800	5691	0	5691	rpc error: code = Unavailable desc = transport is closing
800	589	26	615	<nil>
800	528	10	538	<nil>
800	566	119	685	<nil>
800	566	104	670	<nil>
800	2919	103	3022	<nil>
800	3426	106	3532	<nil>
800	505	124	629	<nil>
800	528	117	645	<nil>
800	566	113	679	<nil>
800	564	101	665	<nil>
800	253	0	253	rpc error: code = Unavailable desc = transport is closing
800	512	117	629	<nil>
800	16774	78	16852	<nil>
800	551	93	644	<nil>
800	569	78	647	<nil>
800	2882	204	3086	<nil>
800	537	259	796	<nil>
800	554	24	578	<nil>
800	569	217	786	<nil>
800	591	336	927	<nil>
800	574	299	873	<nil>
800	540	334	874	<nil>
800	622	319	941	<nil>
800	531	357	888	<nil>
800	551	346	897	<nil>
800	576	319	895	<nil>
800	5214	346	5560	<nil>
800	2912	317	3229	<nil>
800	576	358	934	<nil>
800	575	319	894	<nil>
800	1242	344	1586	<nil>
800	550	344	894	<nil>
800	575	319	894	<nil>
800	546	344	890	<nil>
800	448	0	448	rpc error: code = Unavailable desc = transport is closing
800	2884	0	2884	rpc error: code = Unavailable desc = transport is closing
800	2907	325	3232	<nil>
800	582	325	907	<nil>
800	563	345	908	<nil>
800	576	321	897	<nil>
800	87	328	415	<nil>
800	2904	328	3232	<nil>
800	553	345	898	<nil>
800	441	0	441	rpc error: code = Unavailable desc = transport is closing
800	109918	0	109918	rpc error: code = Unavailable desc = transport is closing
800	645	264	909	<nil>
800	638	264	902	<nil>
800	637	263	900	<nil>
800	638	262	900	<nil>
800	556	352	908	<nil>
800	638	262	900	<nil>
800	16851	279	17130	<nil>
800	631	278	909	<nil>
800	630	278	908	<nil>
800	672	239	911	<nil>
800	705	213	918	<nil>
800	639	266	905	<nil>
800	643	267	910	<nil>
800	557	357	914	<nil>
800	756	204	960	<nil>
800	629	279	908	<nil>
800	557	352	909	<nil>
800	706	253	959	<nil>
800	889	65	954	<nil>
800	647	314	961	<nil>
800	639	315	954	<nil>
800	631	330	961	<nil>
800	629	331	960	<nil>
800	637	315	952	<nil>
800	570	386	956	<nil>
800	650	313	963	<nil>
800	909	55	964	<nil>
800	895	64	959	<nil>
800	900	64	964	<nil>
800	895	64	959	<nil>
800	647	320	967	<nil>
800	5561	65	5626	<nil>
800	893	66	959	<nil>
800	668	292	960	<nil>
800	453	177	630	<nil>
800	802	163	965	<nil>
800	629	337	966	<nil>
800	646	319	965	<nil>
800	790	175	965	<nil>
800	365	72	437	<nil>
800	894	65	959	<nil>
800	42	405	447	<nil>
800	784	176	960	<nil>
800	779	177	956	<nil>
800	637	318	955	<nil>
800	791	176	967	<nil>
800	866	93	959	<nil>
800	637	318	955	<nil>
800	647	315	962	<nil>
800	5813	58	5871	<nil>
800	779	176	955	<nil>
800	909	58	967	<nil>
800	921	45	966	<nil>
800	897	59	956	<nil>
800	898	61	959	<nil>
800	899	141	1040	<nil>
800	907	151	1058	<nil>
800	759	303	1062	<nil>
800	870	190	1060	<nil>
800	870	192	1062	<nil>
800	795	263	1058	<nil>
800	739	361	1100	<nil>
800	756	303	1059	<nil>
800	897	174	1071	<nil>
800	778	276	1054	<nil>
800	894	175	1069	<nil>
800	897	174	1071	<nil>
800	908	173	1081	<nil>
800	899	173	1072	<nil>
800	903	174	1077	<nil>
800	907	174	1081	<nil>
800	907	173	1080	<nil>
800	44757	160	44917	<nil>
800	28889	175	29064	<nil>
800	899	223	1122	<nil>
800	903	227	1130	<nil>
800	1819	227	2046	<nil>
800	1602	229	1831	<nil>
800	486	217	703	<nil>
800	938	201	1139	<nil>
800	921	218	1139	<nil>
800	1604	224	1828	<nil>
800	940	225	1165	<nil>
800	924	240	1164	<nil>
800	920	246	1166	<nil>
800	3275	216	3491	<nil>
800	917	246	1163	<nil>
800	496	247	743	<nil>
800	17143	253	17396	<nil>
800	5584	247	5831	<nil>
800	5582	250	5832	<nil>
800	509	250	759	<nil>
800	923	245	1168	<nil>
800	1591	241	1832	<nil>
800	587	255	842	<nil>
800	514	249	763	<nil>
800	921	255	1176	<nil>
800	430	228	658	<nil>
800	917	255	1172	<nil>
800	915	258	1173	<nil>
800	1741	255	1996	<nil>
800	917	250	1167	<nil>
800	3234	256	3490	<nil>
800	917	255	1172	<nil>
800	914	259	1173	<nil>
800	9074	259	9333	<nil>
800	390	262	652	<nil>
800	16993	262	17255	<nil>
800	402	281	683	<nil>
800	5874	295	6169	<nil>
800	378	295	673	<nil>
800	520	175	695	<nil>
800	379	297	676	<nil>
800	384	294	678	<nil>
800	375	303	678	<nil>
800	380	298	678	<nil>
800	386	309	695	<nil>
800	379	300	679	<nil>
800	544	179	723	<nil>
800	519	178	697	<nil>
800	375	306	681	<nil>
800	5328	186	5514	<nil>
800	400	326	726	<nil>
800	501	209	710	<nil>
800	500	209	709	<nil>
800	503	234	737	<nil>
800	403	349	752	<nil>
800	404	351	755	<nil>
800	382	349	731	<nil>
800	10688	351	11039	<nil>
800	375	352	727	<nil>
800	444	348	792	<nil>
800	386	354	740	<nil>
800	390	356	746	<nil>
800	379	357	736	<nil>
800	419	346	765	<nil>
800	408	371	779	<nil>
800	403	374	777	<nil>
800	500	260	760	<nil>
800	506	262	768	<nil>
800	495	261	756	<nil>
800	396	378	774	<nil>
800	384	379	763	<nil>
800	507	273	780	<nil>
800	3022	273	3295	<nil>
800	521	269	790	<nil>
800	406	363	769	<nil>
800	405	378	783	<nil>
800	508	273	781	<nil>
800	500	278	778	<nil>
800	4905	356	5261	<nil>
800	150	356	506	<nil>
800	93	414	507	<nil>
800	490	280	770	<nil>
800	228	284	512	<nil>
800	552	281	833	<nil>
800	220	286	506	<nil>
800	17350	283	17633	<nil>
800	16424	283	16707	<nil>
800	174	338	512	<nil>
800	205	300	505	<nil>
800	175	337	512	<nil>
800	1600	221	1821	<nil>
800	9643	277	9920	<nil>
800	584	194	778	<nil>
800	10675	301	10976	<nil>
800	226	286	512	<nil>
800	204	300	504	<nil>
800	3025	281	3306	<nil>
800	5389	281	5670	<nil>
800	548	275	823	<nil>
800	214	279	493	<nil>
800	168	277	445	<nil>
800	1535	281	1816	<nil>
800	568	281	849	<nil>
800	576	283	859	<nil>
800	4997	277	5274	<nil>
800	2522	255	2777	<nil>
800	557	221	778	<nil>
800	507	206	713	<nil>
800	1627	194	1821	<nil>
800	1140	280	1420	<nil>
800	641	221	862	<nil>
800	198	255	453	<nil>
800	2488	281	2769	<nil>
800	491	203	694	<nil>
800	547	275	822	<nil>
800	508	326	834	<nil>
800	127	400	527	<nil>
800	16422	295	16717	<nil>
800	486	379	865	<nil>
800	431	354	785	<nil>
800	89	181	270	<nil>
800	5535	240	5775	<nil>
800	5498	244	5742	<nil>
800	294	278	572	<nil>
800	310	243	553	<nil>
800	62	209	271	<nil>
800	17757	207	17964	<nil>
800	328	273	601	<nil>
800	674	273	947	<nil>
800	283	107	390	<nil>
800	232	125	357	<nil>
800	315	108	423	<nil>
800	328	274	602	<nil>
800	724	212	936	<nil>
800	10315	249	10564	<nil>
800	332	90	422	<nil>
800	314	240	554	<nil>
800	639	306	945	<nil>
800	723	222	945	<nil>
800	17219	346	17565	<nil>
800	170	276	446	<nil>
800	351	279	630	<nil>
800	60	208	268	<nil>
800	330	271	601	<nil>
800	5497	277	5774	<nil>
800	673	275	948	<nil>
800	668	279	947	<nil>
800	570	303	873	<nil>
800	311	242	553	<nil>
800	369	245	614	<nil>
800	328	275	603	<nil>
800	62	184	246	<nil>
800	328	273	601	<nil>
800	70	210	280	<nil>
800	437	184	621	<nil>
800	2772	107	2879	<nil>
800	2844	87	2931	<nil>
800	253	97	350	<nil>
800	102	101	203	<nil>
800	1739	156	1895	<nil>
800	189	84	273	<nil>
800	339	107	446	<nil>
800	5267	121	5388	<nil>
800	467	107	574	<nil>
800	845	109	954	<nil>
800	647	299	946	<nil>
800	9883	107	9990	<nil>
800	836	108	944	<nil>
800	9358	176	9534	<nil>
800	231	123	354	<nil>
800	458	102	560	<nil>
800	159	85	244	<nil>
800	194	79	273	<nil>
800	184	124	308	<nil>
800	5130	246	5376	<nil>
800	3031	108	3139	<nil>
800	262	123	385	<nil>
800	9499	113	9612	<nil>
800	279	107	386	<nil>
800	339	108	447	<nil>
800	278	107	385	<nil>
800	190	108	298	<nil>
800	780	163	943	<nil>
800	190	82	272	<nil>
800	2726	124	2850	<nil>
800	236	123	359	<nil>
800	9934	103	10037	<nil>
800	360	240	600	<nil>
800	729	218	947	<nil>
800	485	123	608	<nil>
800	5265	124	5389	<nil>
800	2742	109	2851	<nil>
800	17939	108	18047	<nil>
800	1065	178	1243	<nil>
800	5655	127	5782	<nil>
800	479	81	560	<nil>
800	111	250	361	<nil>
800	370	191	561	<nil>
800	18013	109	18122	<nil>
800	330	271	601	<nil>
800	2796	86	2882	<nil>
800	357	244	601	<nil>
800	367	190	557	<nil>
800	271	89	360	<nil>
800	1071	172	1243	<nil>
800	705	250	955	<nil>
800	5112	279	5391	<nil>
800	5183	216	5399	<nil>
800	16990	274	17264	<nil>
800	165	275	440	<nil>
800	500	107	607	<nil>
800	284	124	408	<nil>
800	481	107	588	<nil>
800	478	107	585	<nil>
800	3031	135	3166	<nil>
800	525	107	632	<nil>
800	639	351	990	<nil>
800	481	107	588	<nil>
800	84	158	242	<nil>
800	534	145	679	<nil>
800	476	107	583	<nil>
800	540	107	647	<nil>
800	480	264	744	<nil>
800	5669	257	5926	<nil>
800	481	263	744	<nil>
800	9354	263	9617	<nil>
800	313	432	745	<nil>
800	476	261	737	<nil>
800	476	264	740	<nil>
800	3616	447	4063	<nil>
800	5694	86	5780	<nil>
800	431	264	695	<nil>
800	511	292	803	<nil>
800	489	255	744	<nil>
800	17683	294	17977	<nil>
800	2694	374	3068	<nil>
800	1454	503	1957	<nil>
800	481	519	1000	<nil>
800	483	520	1003	<nil>
800	112	521	633	<nil>
800	1451	521	1972	<nil>
800	177	520	697	<nil>
800	483	520	1003	<nil>
800	112	521	633	<nil>
800	1455	516	1971	<nil>
800	130	520	650	<nil>
800	415	393	808	<nil>
800	1923	452	2375	<nil>
800	880	452	1332	<nil>
800	10608	451	11059	<nil>
800	1928	451	2379	<nil>
800	2906	426	3332	<nil>
800	1924	452	2376	<nil>
800	6431	452	6883	<nil>
800	886	447	1333	<nil>
800	671	432	1103	<nil>
800	876	453	1329	<nil>
800	5443	395	5838	<nil>
800	5779	453	6232	<nil>
800	1924	452	2376	<nil>
800	143	521	664	<nil>
800	891	454	1345	<nil>
800	26026	436	26462	<nil>
800	967	455	1422	<nil>
800	3191	447	3638	<nil>
800	943	453	1396	<nil>
800	666	437	1103	<nil>
800	877	454	1331	<nil>
800	2955	429	3384	<nil>
800	817	456	1273	<nil>
800	876	454	1330	<nil>
800	2779	523	3302	<nil>
800	2577	523	3100	<nil>
800	144	522	666	<nil>
800	881	454	1335	<nil>
800	127	527	654	<nil>
800	878	456	1334	<nil>
800	9609	454	10063	<nil>
800	5332	525	5857	<nil>
800	943	452	1395	<nil>
800	666	393	1059	<nil>
800	873	455	1328	<nil>
800	2857	528	3385	<nil>
800	375	425	800	<nil>
800	3142	452	3594	<nil>
800	137	439	576	<nil>
800	132	427	559	<nil>
800	477	429	906	<nil>
800	122	432	554	<nil>
800	18063	439	18502	<nil>
800	206	433	639	<nil>
800	132	432	564	<nil>
800	158	439	597	<nil>
800	45941	400	46341	<nil>
800	202	433	635	<nil>
800	199	427	626	<nil>
800	337	417	754	<nil>
800	205	436	641	<nil>
800	2905	433	3338	<nil>
800	886	448	1334	<nil>
800	1158	435	1593	<nil>
800	26498	432	26930	<nil>
800	124	468	592	<nil>
800	500	400	900	<nil>
800	256	478	734	<nil>
800	2904	610	3514	<nil>
800	3033	453	3486	<nil>
800	243	490	733	<nil>
800	235	609	844	<nil>
800	46783	500	47283	<nil>
800	5421	610	6031	<nil>
800	673	613	1286	<nil>
800	192	618	810	<nil>
800	2950	609	3559	<nil>
800	9586	472	10058	<nil>
800	243	497	740	<nil>
800	190	612	802	<nil>
800	122	610	732	<nil>
800	16938	613	17551	<nil>
800	46082	435	46517	<nil>
800	266	371	637	<nil>
800	472	617	1089	<nil>
800	2907	616	3523	<nil>
800	331	610	941	<nil>
800	209	617	826	<nil>
800	197	614	811	<nil>
800	1162	619	1781	<nil>
800	520	224	744	<nil>
800	304	435	739	<nil>
800	1484	273	1757	<nil>
800	1309	274	1583	<nil>
800	532	274	806	<nil>
800	1486	275	1761	<nil>
800	535	275	810	<nil>
800	594	277	871	<nil>
800	535	279	814	<nil>
800	543	279	822	<nil>
800	537	279	816	<nil>
800	534	284	818	<nil>
800	1389	287	1676	<nil>
800	1570	120	1690	<nil>
800	430	281	711	<nil>
800	1016	179	1195	<nil>
800	609	141	750	<nil>
800	10708	151	10859	<nil>
800	591	194	785	<nil>
800	1526	148	1674	<nil>
800	623	152	775	<nil>
800	1548	143	1691	<nil>
800	658	146	804	<nil>
800	655	152	807	<nil>
800	1623	143	1766	<nil>
800	1547	144	1691	<nil>
800	631	147	778	<nil>
800	1536	152	1688	<nil>
800	606	144	750	<nil>
800	1595	155	1750	<nil>
800	3538	147	3685	<nil>
800	6049	142	6191	<nil>
800	3513	142	3655	<nil>
800	631	147	778	<nil>
800	622	156	778	<nil>
800	6064	142	6206	<nil>
800	760	145	905	<nil>
800	650	153	803	<nil>
800	1624	143	1767	<nil>
800	652	156	808	<nil>
800	44804	144	44948	<nil>
800	3308	146	3454	<nil>
800	538	145	683	<nil>
800	1535	153	1688	<nil>
800	6037	153	6190	<nil>
800	606	142	748	<nil>
800	667	142	809	<nil>
800	14702	145	14847	<nil>
800	6057	147	6204	<nil>
800	630	149	779	<nil>
800	1276	145	1421	<nil>
800	1545	144	1689	<nil>
800	1605	147	1752	<nil>
800	10092	147	10239	<nil>
800	1289	143	1432	<nil>
800	3518	145	3663	<nil>
800	655	152	807	<nil>
800	14690	143	14833	<nil>
800	595	153	748	<nil>
800	3060	144	3204	<nil>
800	660	144	804	<nil>
800	2909	146	3055	<nil>
800	656	151	807	<nil>
800	6044	157	6201	<nil>
800	3517	153	3670	<nil>
800	6027	187	6214	<nil>
800	659	143	802	<nil>
800	614	145	759	<nil>
800	1022	179	1201	<nil>
800	733	183	916	<nil>
800	601	184	785	<nil>
800	596	158	754	<nil>
800	3509	184	3693	<nil>
800	660	150	810	<nil>
800	1731	184	1915	<nil>
800	3545	136	3681	<nil>
800	655	152	807	<nil>
800	1604	153	1757	<nil>
800	6042	161	6203	<nil>
800	730	186	916	<nil>
800	1684	183	1867	<nil>
800	111799	154	111953	<nil>
800	730	180	910	<nil>
800	631	187	818	<nil>
800	665	154	819	<nil>
800	6048	154	6202	<nil>
800	729	187	916	<nil>
800	1769	187	1956	<nil>
800	730	182	912	<nil>
800	588	229	817	<nil>
800	1288	148	1436	<nil>
800	659	149	808	<nil>
800	1700	158	1858	<nil>
800	3511	158	3669	<nil>
800	731	189	920	<nil>
800	791	188	979	<nil>
800	604	147	751	<nil>
800	633	148	781	<nil>
800	1285	151	1436	<nil>
800	660	147	807	<nil>
800	1673	180	1853	<nil>
800	1280	151	1431	<nil>
800	1768	169	1937	<nil>
800	1547	146	1693	<nil>
800	17484	151	17635	<nil>
800	598	201	799	<nil>
800	590	183	773	<nil>
800	3506	178	3684	<nil>
800	334	206	540	<nil>
800	663	206	869	<nil>
800	416	189	605	<nil>
800	1403	205	1608	<nil>
800	3262	190	3452	<nil>
800	649	205	854	<nil>
800	403	158	561	<nil>
800	2589	5	2594	<nil>
800	369	189	558	<nil>
800	1404	203	1607	<nil>
800	212	10	222	<nil>
800	288	137	425	<nil>
800	1481	126	1607	<nil>
800	471	125	596	<nil>
800	1408	201	1609	<nil>
800	1400	188	1588	<nil>
800	143	204	347	<nil>
800	1773	224	1997	<nil>
800	337	205	542	<nil>
800	224	3	227	<nil>
800	3071	138	3209	<nil>
800	1404	199	1603	<nil>
800	74146	207	74353	<nil>
800	375	205	580	<nil>
800	223	5	228	<nil>
800	206	198	404	<nil>
800	343	198	541	<nil>
800	642	205	847	<nil>
800	398	197	595	<nil>
800	408	199	607	<nil>
800	398	198	596	<nil>
800	2576	198	2774	<nil>
800	1374	125	1499	<nil>
800	396	166	562	<nil>
800	5291	204	5495	<nil>
800	644	224	868	<nil>
800	676	192	868	<nil>
800	348	198	546	<nil>
800	389	207	596	<nil>
800	3160	138	3298	<nil>
800	3099	205	3304	<nil>
800	1413	198	1611	<nil>
800	1204	199	1403	<nil>
800	344	204	548	<nil>
800	392	204	596	<nil>
800	3011	198	3209	<nil>
800	372	189	561	<nil>
800	664	205	869	<nil>
800	346	201	547	<nil>
800	883	168	1051	<nil>
800	353	205	558	<nil>
800	399	207	606	<nil>
800	397	205	602	<nil>
800	1640	214	1854	<nil>
800	339	217	556	<nil>
800	372	201	573	<nil>
800	3230	81	3311	<nil>
800	2577	207	2784	<nil>
800	1707	180	1887	<nil>
800	3554	159	3713	<nil>
800	258	157	415	<nil>
800	369	48	417	<nil>
800	155	203	358	<nil>
800	10306	204	10510	<nil>
800	293	67	360	<nil>
800	217	205	422	<nil>
800	679	205	884	<nil>
800	1684	202	1886	<nil>
800	1470	152	1622	<nil>
800	1264	151	1415	<nil>
800	1420	205	1625	<nil>
800	278	138	416	<nil>
800	3188	116	3304	<nil>
800	46790	158	46948	<nil>
800	358	203	561	<nil>
800	2790	204	2994	<nil>
800	215	203	418	<nil>
800	178	179	357	<nil>
800	152	205	357	<nil>
800	473	82	555	<nil>
800	291	131	422	<nil>
800	3133	179	3312	<nil>
800	433	179	612	<nil>
800	3300	207	3507	<nil>
800	677	205	882	<nil>
800	415	159	574	<nil>
800	350	205	555	<nil>
800	716	152	868	<nil>
800	10374	5	10379	<nil>
800	337	207	544	<nil>
800	2591	3	2594	<nil>
800	241	7	248	<nil>
800	241	11	252	<nil>
800	232	12	244	<nil>
800	251	11	262	<nil>
800	5508	11	5519	<nil>
800	1306	11	1317	<nil>
800	337	11	348	<nil>
800	232	8	240	<nil>
800	356	2	358	<nil>
800	5792	8	5800	<nil>
800	1310	8	1318	<nil>
800	1283	7	1290	<nil>
800	205	12	217	<nil>
800	1299	199	1498	<nil>
800	1278	12	1290	<nil>
800	1306	13	1319	<nil>
800	16231	9	16240	<nil>
800	2995	7	3002	<nil>
800	267	159	426	<nil>
800	2789	8	2797	<nil>
800	259	165	424	<nil>
800	266	160	426	<nil>
800	217	3	220	<nil>
800	228	7	235	<nil>
800	3094	205	3299	<nil>
800	259	168	427	<nil>
800	1289	8	1297	<nil>
800	207	10	217	<nil>
800	300	9	309	<nil>
800	1183	3	1186	<nil>
800	213	3	216	<nil>
800	224	7	231	<nil>
800	214	3	217	<nil>
800	16458	8	16466	<nil>
800	226	6	232	<nil>
800	218	8	226	<nil>
800	213	9	222	<nil>
800	211	3	214	<nil>
800	225	10	235	<nil>
800	223	3	226	<nil>
800	215	8	223	<nil>
800	206	9	215	<nil>
800	212	21	233	<nil>
800	205	9	214	<nil>
800	8210	9	8219	<nil>
800	212	3	215	<nil>
800	2976	3	2979	<nil>
800	1173	11	1184	<nil>
800	223	4	227	<nil>
800	225	7	232	<nil>
800	215	3	218	<nil>
800	393	203	596	<nil>
800	743	125	868	<nil>
800	1182	6	1188	<nil>
800	1187	6	1193	<nil>
800	221	2	223	<nil>
800	215	5	220	<nil>
800	1183	5	1188	<nil>
800	222	8	230	<nil>
800	212	6	218	<nil>
800	218	31	249	<nil>
800	5432	133	5565	<nil>
800	915	211	1126	<nil>
800	1771	546	2317	<nil>
800	1380	548	1928	<nil>
800	825	545	1370	<nil>
800	1783	547	2330	<nil>
800	323	545	868	<nil>
800	2705	548	3253	<nil>
800	688	487	1175	<nil>
800	664	511	1175	<nil>
800	647	547	1194	<nil>
800	723	466	1189	<nil>
800	644	548	1192	<nil>
800	1787	539	2326	<nil>
800	10878	544	11422	<nil>
800	1797	553	2350	<nil>
800	6295	471	6766	<nil>
800	383	548	931	<nil>
800	332	542	874	<nil>
800	1789	546	2335	<nil>
800	9370	544	9914	<nil>
800	409	532	941	<nil>
800	1398	542	1940	<nil>
800	1578	543	2121	<nil>
800	5534	546	6080	<nil>
800	388	553	941	<nil>
800	816	544	1360	<nil>
800	3176	458	3634	<nil>
800	1727	476	2203	<nil>
800	1393	545	1938	<nil>
800	3086	546	3632	<nil>
800	1403	545	1948	<nil>
800	3074	545	3619	<nil>
800	352	590	942	<nil>
800	650	632	1282	<nil>
800	663	591	1254	<nil>
800	841	592	1433	<nil>
800	1404	608	2012	<nil>
800	390	609	999	<nil>
800	1645	606	2251	<nil>
800	341	608	949	<nil>
800	353	591	944	<nil>
800	755	594	1349	<nil>
800	3366	597	3963	<nil>
800	820	629	1449	<nil>
800	553	630	1183	<nil>
800	3311	374	3685	<nil>
800	737	395	1132	<nil>
800	1739	395	2134	<nil>
800	1941	396	2337	<nil>
800	736	396	1132	<nil>
800	1710	0	1710	rpc error: code = Unavailable desc = transport is closing
800	939	395	1334	<nil>
800	750	0	750	rpc error: code = Unavailable desc = transport is closing
800	517	0	517	rpc error: code = Unavailable desc = transport is closing
800	750	0	750	rpc error: code = Unavailable desc = transport is closing
800	750	0	750	rpc error: code = Unavailable desc = transport is closing
800	615	0	615	rpc error: code = Unavailable desc = transport is closing
800	492	0	492	rpc error: code = Unavailable desc = transport is closing
800	752	0	752	rpc error: code = Unavailable desc = transport is closing
800	513	0	513	rpc error: code = Unavailable desc = transport is closing
800	3585	304	3889	<nil>
800	1584	314	1898	<nil>
800	615	315	930	<nil>
800	750	0	750	rpc error: code = Unavailable desc = transport is closing
800	1765	305	2070	<nil>
800	525	398	923	<nil>
800	590	340	930	<nil>
800	1749	314	2063	<nil>
800	664	305	969	<nil>
800	617	311	928	<nil>
800	1756	315	2071	<nil>
800	3204	315	3519	<nil>
800	1644	316	1960	<nil>
800	9621	315	9936	<nil>
800	615	315	930	<nil>
800	588	340	928	<nil>
800	589	342	931	<nil>
800	508	0	508	rpc error: code = Unavailable desc = transport is closing
800	620	311	931	<nil>
800	15519	310	15829	<nil>
800	680	402	1082	<nil>
800	750	0	750	rpc error: code = Unavailable desc = transport is closing
800	566	356	922	<nil>
800	1710	0	1710	rpc error: code = Unavailable desc = transport is closing
800	1707	355	2062	<nil>
800	3117	396	3513	<nil>
800	745	395	1140	<nil>
800	986	357	1343	<nil>
800	745	0	745	rpc error: code = Unavailable desc = transport is closing
800	3310	328	3638	<nil>
800	1697	0	1697	rpc error: code = Unavailable desc = transport is closing
800	1685	344	2029	<nil>
800	742	0	742	rpc error: code = Unavailable desc = transport is closing
800	533	0	533	rpc error: code = Unavailable desc = transport is closing
800	747	0	747	rpc error: code = Unavailable desc = transport is closing
800	744	0	744	rpc error: code = Unavailable desc = transport is closing
800	755	0	755	rpc error: code = Unavailable desc = transport is closing
800	9748	0	9748	rpc error: code = Unavailable desc = transport is closing
800	16711	325	17036	<nil>
800	1719	0	1719	rpc error: code = Unavailable desc = transport is closing
800	1719	0	1719	rpc error: code = Unavailable desc = transport is closing
800	3324	0	3324	rpc error: code = Unavailable desc = transport is closing
800	1777	0	1777	rpc error: code = Unavailable desc = transport is closing
800	519	0	519	rpc error: code = Unavailable desc = transport is closing
800	529	0	529	rpc error: code = Unavailable desc = transport is closing
800	3242	328	3570	<nil>
800	813	330	1143	<nil>
800	760	0	760	rpc error: code = Unavailable desc = transport is closing
800	747	0	747	rpc error: code = Unavailable desc = transport is closing
800	1736	0	1736	rpc error: code = Unavailable desc = transport is closing
800	1732	0	1732	rpc error: code = Unavailable desc = transport is closing
800	787	0	787	rpc error: code = Unavailable desc = transport is closing
800	1727	0	1727	rpc error: code = Unavailable desc = transport is closing
800	770	0	770	rpc error: code = Unavailable desc = transport is closing
800	9778	0	9778	rpc error: code = Unavailable desc = transport is closing
800	547	0	547	rpc error: code = Unavailable desc = transport is closing
800	3269	0	3269	rpc error: code = Unavailable desc = transport is closing
800	546	0	546	rpc error: code = Unavailable desc = transport is closing
800	553	0	553	rpc error: code = Unavailable desc = transport is closing
800	776	0	776	rpc error: code = Unavailable desc = transport is closing
800	542	0	542	rpc error: code = Unavailable desc = transport is closing
800	758	0	758	rpc error: code = Unavailable desc = transport is closing
800	41268	0	41268	rpc error: code = Unavailable desc = transport is closing
800	769	0	769	rpc error: code = Unavailable desc = transport is closing
800	557	0	557	rpc error: code = Unavailable desc = transport is closing
800	773	0	773	rpc error: code = Unavailable desc = transport is closing
800	552	0	552	rpc error: code = Unavailable desc = transport is closing
800	547	0	547	rpc error: code = Unavailable desc = transport is closing
800	770	0	770	rpc error: code = Unavailable desc = transport is closing
800	782	0	782	rpc error: code = Unavailable desc = transport is closing
800	557	0	557	rpc error: code = Unavailable desc = transport is closing
800	6088	0	6088	rpc error: code = Unavailable desc = transport is closing
800	701	0	701	rpc error: code = Unavailable desc = transport is closing
800	698	0	698	rpc error: code = Unavailable desc = transport is closing
800	730	0	730	rpc error: code = Unavailable desc = transport is closing
800	726	0	726	rpc error: code = Unavailable desc = transport is closing
800	709	0	709	rpc error: code = Unavailable desc = transport is closing
800	936	0	936	rpc error: code = Unavailable desc = transport is closing
800	703	0	703	rpc error: code = Unavailable desc = transport is closing
800	703	0	703	rpc error: code = Unavailable desc = transport is closing
800	715	0	715	rpc error: code = Unavailable desc = transport is closing
800	708	0	708	rpc error: code = Unavailable desc = transport is closing
800	700	0	700	rpc error: code = Unavailable desc = transport is closing
800	3321	0	3321	rpc error: code = Unavailable desc = transport is closing
800	937	0	937	rpc error: code = Unavailable desc = transport is closing
800	718	0	718	rpc error: code = Unavailable desc = transport is closing
800	709	0	709	rpc error: code = Unavailable desc = transport is closing
800	6138	0	6138	rpc error: code = Unavailable desc = transport is closing
800	723	0	723	rpc error: code = Unavailable desc = transport is closing
800	701	0	701	rpc error: code = Unavailable desc = transport is closing
800	716	0	716	rpc error: code = Unavailable desc = transport is closing
800	714	0	714	rpc error: code = Unavailable desc = transport is closing
800	951	0	951	rpc error: code = Unavailable desc = transport is closing
800	738	0	738	rpc error: code = Unavailable desc = transport is closing
800	720	0	720	rpc error: code = Unavailable desc = transport is closing
800	691	0	691	rpc error: code = Unavailable desc = transport is closing
800	708	0	708	rpc error: code = Unavailable desc = transport is closing
800	689	0	689	rpc error: code = Unavailable desc = transport is closing
800	686	0	686	rpc error: code = Unavailable desc = transport is closing
800	3468	0	3468	rpc error: code = Unavailable desc = transport is closing
800	912	0	912	rpc error: code = Unavailable desc = transport is closing
800	685	0	685	rpc error: code = Unavailable desc = transport is closing
800	686	0	686	rpc error: code = Unavailable desc = transport is closing
800	715	0	715	rpc error: code = Unavailable desc = transport is closing
800	1896	0	1896	rpc error: code = Unavailable desc = transport is closing
800	667	0	667	rpc error: code = Unavailable desc = transport is closing
800	3286	0	3286	rpc error: code = Unavailable desc = transport is closing
800	663	0	663	rpc error: code = Unavailable desc = transport is closing
800	685	0	685	rpc error: code = Unavailable desc = transport is closing
800	718	0	718	rpc error: code = Unavailable desc = transport is closing
800	666	0	666	rpc error: code = Unavailable desc = transport is closing
800	677	0	677	rpc error: code = Unavailable desc = transport is closing
800	3332	0	3332	rpc error: code = Unavailable desc = transport is closing
800	714	0	714	rpc error: code = Unavailable desc = transport is closing
800	703	0	703	rpc error: code = Unavailable desc = transport is closing
800	749	0	749	rpc error: code = Unavailable desc = transport is closing
800	3333	0	3333	rpc error: code = Unavailable desc = transport is closing
800	707	0	707	rpc error: code = Unavailable desc = transport is closing
800	950	0	950	rpc error: code = Unavailable desc = transport is closing
800	3737	0	3737	rpc error: code = Unavailable desc = transport is closing
800	3533	0	3533	rpc error: code = Unavailable desc = transport is closing
800	714	0	714	rpc error: code = Unavailable desc = transport is closing
800	509	0	509	rpc error: code = Unavailable desc = transport is closing
800	741	0	741	rpc error: code = Unavailable desc = transport is closing
800	3532	0	3532	rpc error: code = Unavailable desc = transport is closing
800	502	0	502	rpc error: code = Unavailable desc = transport is closing
800	715	388	1103	<nil>
800	943	395	1338	<nil>
800	717	387	1104	<nil>
800	3322	402	3724	<nil>
800	3606	387	3993	<nil>
800	719	387	1106	<nil>
800	513	0	513	rpc error: code = Unavailable desc = transport is closing
800	520	0	520	rpc error: code = Unavailable desc = transport is closing
800	10438	0	10438	rpc error: code = Unavailable desc = transport is closing
800	520	0	520	rpc error: code = Unavailable desc = transport is closing
800	513	327	840	<nil>
800	655	0	655	rpc error: code = Unavailable desc = transport is closing
800	538	0	538	rpc error: code = Unavailable desc = transport is closing
800	495	0	495	rpc error: code = Unavailable desc = transport is closing
800	3454	0	3454	rpc error: code = Unavailable desc = transport is closing
800	10066	0	10066	rpc error: code = Unavailable desc = transport is closing
800	520	0	520	rpc error: code = Unavailable desc = transport is closing
800	541	0	541	rpc error: code = Unavailable desc = transport is closing
800	532	0	532	rpc error: code = Unavailable desc = transport is closing
800	10066	0	10066	rpc error: code = Unavailable desc = transport is closing
800	521	0	521	rpc error: code = Unavailable desc = transport is closing
800	519	323	842	<nil>
800	519	324	843	<nil>
800	688	0	688	rpc error: code = Unavailable desc = transport is closing
800	645	0	645	rpc error: code = Unavailable desc = transport is closing
800	650	0	650	rpc error: code = Unavailable desc = transport is closing
800	645	0	645	rpc error: code = Unavailable desc = transport is closing
800	883	0	883	rpc error: code = Unavailable desc = transport is closing
800	645	0	645	rpc error: code = Unavailable desc = transport is closing
800	646	0	646	rpc error: code = Unavailable desc = transport is closing
800	3244	0	3244	rpc error: code = Unavailable desc = transport is closing
800	5968	0	5968	rpc error: code = Unavailable desc = transport is closing
800	1509	0	1509	rpc error: code = Unavailable desc = transport is closing
800	649	0	649	rpc error: code = Unavailable desc = transport is closing
800	542	335	877	<nil>
800	1820	0	1820	rpc error: code = Unavailable desc = transport is closing
800	633	0	633	rpc error: code = Unavailable desc = transport is closing
800	324	324	648	<nil>
800	543	331	874	<nil>
800	71498	327	71825	<nil>
800	540	336	876	<nil>
800	449	328	777	<nil>
800	5489	327	5816	<nil>
800	324	330	654	<nil>
800	311	304	615	<nil>
800	406	205	611	<nil>
800	495	111	606	<nil>
800	449	160	609	<nil>
800	440	160	600	<nil>
800	435	178	613	<nil>
800	418	182	600	<nil>
800	444	160	604	<nil>
800	430	182	612	<nil>
800	421	184	605	<nil>
800	445	162	607	<nil>
800	5706	138	5844	<nil>
800	497	101	598	<nil>
800	436	164	600	<nil>
800	345	147	492	<nil>
800	495	112	607	<nil>
800	495	113	608	<nil>
800	2961	59	3020	<nil>
800	411	70	481	<nil>
800	323	19	342	<nil>
800	14550	18	14568	<nil>
800	319	23	342	<nil>
800	400	55	455	<nil>
800	318	22	340	<nil>
800	324	16	340	<nil>
800	10500	53	10553	<nil>
800	407	70	477	<nil>
800	322	18	340	<nil>
800	405	69	474	<nil>
800	413	60	473	<nil>
800	415	59	474	<nil>
800	8968	60	9028	<nil>
800	408	70	478	<nil>
800	324	17	341	<nil>
800	325	49	374	<nil>
800	273	41	314	<nil>
800	270	42	312	<nil>
800	272	41	313	<nil>
800	325	46	371	<nil>
800	272	41	313	<nil>
800	325	49	374	<nil>
800	207	46	253	<nil>
800	8836	47	8883	<nil>
800	245	46	291	<nil>
800	230	46	276	<nil>
800	250	6	256	<nil>
800	323	51	374	<nil>
800	245	42	287	<nil>
800	247	41	288	<nil>
800	1321	49	1370	<nil>
800	1305	46	1351	<nil>
800	245	42	287	<nil>
800	270	42	312	<nil>
800	244	46	290	<nil>
800	324	50	374	<nil>
800	244	47	291	<nil>
800	248	30	278	<nil>
800	250	71	321	<nil>
800	250	71	321	<nil>
800	252	66	318	<nil>
800	256	85	341	<nil>
800	248	95	343	<nil>
800	370	121	491	<nil>
800	257	109	366	<nil>
800	216	120	336	<nil>
800	228	114	342	<nil>
800	17836	121	17957	<nil>
800	216	127	343	<nil>
800	5296	126	5422	<nil>
800	246	109	355	<nil>
800	1156	119	1275	<nil>
800	184	127	311	<nil>
800	284	36	320	<nil>
800	203	115	318	<nil>
800	200	119	319	<nil>
800	197	115	312	<nil>
800	186	126	312	<nil>
800	199	121	320	<nil>
800	199	121	320	<nil>
800	2878	115	2993	<nil>
800	201	120	321	<nil>
800	180	139	319	<nil>
800	201	120	321	<nil>
800	229	126	355	<nil>
800	9193	125	9318	<nil>
800	196	124	320	<nil>
800	16478	125	16603	<nil>
800	222	127	349	<nil>
800	224	125	349	<nil>
800	2798	125	2923	<nil>
800	200	119	319	<nil>
800	195	126	321	<nil>
800	194	144	338	<nil>
800	198	117	315	<nil>
800	189	139	328	<nil>
800	130	143	273	<nil>
800	305	35	340	<nil>
800	173	589	762	<nil>
800	196	570	766	<nil>
800	195	587	782	<nil>
800	108	564	672	<nil>
800	116	485	601	<nil>
800	122	478	600	<nil>
800	114	490	604	<nil>
800	115	485	600	<nil>
800	121	479	600	<nil>
800	111	485	596	<nil>
800	118	479	597	<nil>
800	3014	479	3493	<nil>
800	110	479	589	<nil>
800	120	486	606	<nil>
800	117	480	597	<nil>
800	153	480	633	<nil>
800	143	491	634	<nil>
800	117	480	597	<nil>
800	118	480	598	<nil>
800	117	481	598	<nil>
800	104	521	625	<nil>
800	5420	480	5900	<nil>
800	2866	491	3357	<nil>
800	116	485	601	<nil>
800	118	480	598	<nil>
800	15170	488	15658	<nil>
800	101	535	636	<nil>
800	152	481	633	<nil>
800	112	492	604	<nil>
800	109	481	590	<nil>
800	1109	535	1644	<nil>
800	143	493	636	<nil>
800	2959	514	3473	<nil>
800	112	535	647	<nil>
800	125	530	655	<nil>
800	142	532	674	<nil>
800	142	530	672	<nil>
800	1144	521	1665	<nil>
800	180	523	703	<nil>
800	129	535	664	<nil>
800	169	536	705	<nil>
800	140	523	663	<nil>
800	142	520	662	<nil>
800	65	521	586	<nil>
800	181	523	704	<nil>
800	140	523	663	<nil>
800	59	525	584	<nil>
800	1144	519	1663	<nil>
800	142	521	663	<nil>
800	139	522	661	<nil>
800	104	522	626	<nil>
800	137	524	661	<nil>
800	137	524	661	<nil>
800	567	98	665	<nil>
800	568	98	666	<nil>
800	62	523	585	<nil>
800	142	520	662	<nil>
800	59	522	581	<nil>
800	141	523	664	<nil>
800	140	523	663	<nil>
800	138	525	663	<nil>
800	60	524	584	<nil>
800	567	97	664	<nil>
800	181	527	708	<nil>
800	629	135	764	<nil>
800	546	69	615	<nil>
800	570	64	634	<nil>
800	586	40	626	<nil>
800	581	58	639	<nil>
800	608	29	637	<nil>
800	1588	25	1613	<nil>
800	2953	30	2983	<nil>
800	3155	28	3183	<nil>
800	23574	18	23592	<nil>
800	6356	68	6424	<nil>
800	1588	26	1614	<nil>
800	1588	29	1617	<nil>
800	590	29	619	<nil>
800	9080	31	9111	<nil>
800	1251	18	1269	<nil>
800	1583	33	1616	<nil>
800	1587	29	1616	<nil>
800	145	18	163	<nil>
800	5422	29	5451	<nil>
800	2967	19	2986	<nil>
800	1244	17	1261	<nil>
800	151	21	172	<nil>
800	2967	19	2986	<nil>
800	2972	17	2989	<nil>
800	3476	48	3524	<nil>
800	3015	15	3030	<nil>
800	8934	21	8955	<nil>
800	2981	18	2999	<nil>
800	152	21	173	<nil>
800	2680	18	2698	<nil>
800	1388	21	1409	<nil>
800	2980	21	3001	<nil>
800	588	34	622	<nil>
800	2948	20	2968	<nil>
800	2974	14	2988	<nil>
800	3011	18	3029	<nil>
800	162	16	178	<nil>
800	5449	16	5465	<nil>
800	2677	18	2695	<nil>
800	1582	34	1616	<nil>
800	165	14	179	<nil>
800	2965	26	2991	<nil>
800	2770	23	2793	<nil>
800	1248	15	1263	<nil>
800	2688	16	2704	<nil>
800	566	78	644	<nil>
800	1256	18	1274	<nil>
800	3015	18	3033	<nil>
800	2974	21	2995	<nil>
800	1397	21	1418	<nil>
800	161	21	182	<nil>
800	162	84	246	<nil>
800	1259	84	1343	<nil>
800	168	118	286	<nil>
800	5454	119	5573	<nil>
800	9107	120	9227	<nil>
800	2686	130	2816	<nil>
800	5559	131	5690	<nil>
800	2981	131	3112	<nil>
800	2982	132	3114	<nil>
800	96	117	213	<nil>
800	85	133	218	<nil>
800	5134	133	5267	<nil>
800	117	93	210	<nil>
800	97	118	215	<nil>
800	102175	134	102309	<nil>
800	3007	133	3140	<nil>
800	172	133	305	<nil>
800	172	133	305	<nil>
800	2572	119	2691	<nil>
800	86	133	219	<nil>
800	101	114	215	<nil>
800	93	119	212	<nil>
800	97	110	207	<nil>
800	96	120	216	<nil>
800	95	119	214	<nil>
800	96	119	215	<nil>
800	96	119	215	<nil>
800	148	71	219	<nil>
800	120	96	216	<nil>
800	3010	138	3148	<nil>
800	106	110	216	<nil>
800	5375	96	5471	<nil>
800	96	119	215	<nil>
800	97	126	223	<nil>
800	119	96	215	<nil>
800	121	37	158	<nil>
800	167	70	237	<nil>
800	39	149	188	<nil>
800	118	44	162	<nil>
800	120	55	175	<nil>
800	122	45	167	<nil>
800	87	156	243	<nil>
800	5801	19	5820	<nil>
800	147	15	162	<nil>
800	155	9	164	<nil>
800	147	18	165	<nil>
800	140	19	159	<nil>
800	123	43	166	<nil>
800	119	56	175	<nil>
800	120	56	176	<nil>
800	123	44	167	<nil>
800	1058	139	1197	<nil>
800	97	128	225	<nil>
800	162	7	169	<nil>
800	156	14	170	<nil>
800	2864	43	2907	<nil>
800	161	113	274	<nil>
800	140	131	271	<nil>
800	145	131	276	<nil>
800	148	129	277	<nil>
800	143	133	276	<nil>
800	149	130	279	<nil>
800	141	131	272	<nil>
800	142	131	273	<nil>
800	143	130	273	<nil>
800	161	134	295	<nil>
800	187	121	308	<nil>
800	187	121	308	<nil>
800	150	153	303	<nil>
800	146	160	306	<nil>
800	156	152	308	<nil>
800	187	117	304	<nil>
800	192	118	310	<nil>
800	147	146	293	<nil>
800	156	148	304	<nil>
800	193	118	311	<nil>
800	161	119	280	<nil>
800	157	149	306	<nil>
800	152	154	306	<nil>
800	2834	41	2875	<nil>
800	187	118	305	<nil>
800	187	119	306	<nil>
800	2851	162	3013	<nil>
800	157	185	342	<nil>
800	28125	125	28250	<nil>
800	160	119	279	<nil>
800	190	186	376	<nil>
800	161	214	375	<nil>
800	2867	227	3094	<nil>
800	58	217	275	<nil>
800	81	181	262	<nil>
800	157	223	380	<nil>
800	157	223	380	<nil>
800	58	216	274	<nil>
800	8966	38	9004	<nil>
800	152	111	263	<nil>
800	139	111	250	<nil>
800	3152	224	3376	<nil>
800	2943	14	2957	<nil>
800	147	83	230	<nil>
800	3017	83	3100	<nil>
800	155	115	270	<nil>
800	158	217	375	<nil>
800	182	45	227	<nil>
800	175	48	223	<nil>
800	2476	44	2520	<nil>
800	8908	88	8996	<nil>
800	2842	117	2959	<nil>
800	2663	84	2747	<nil>
800	184	197	381	<nil>
800	161	86	247	<nil>
800	3066	36	3102	<nil>
800	214	19	233	<nil>
800	206	19	225	<nil>
800	216	35	251	<nil>
800	187	43	230	<nil>
800	193	29	222	<nil>
800	162	82	244	<nil>
800	189	44	233	<nil>
800	180	44	224	<nil>
800	182	48	230	<nil>
800	175	48	223	<nil>
800	204	45	249	<nil>
800	178	46	224	<nil>
800	183	42	225	<nil>
800	190	19	209	<nil>
800	3061	33	3094	<nil>
800	204	46	250	<nil>
800	184	47	231	<nil>
800	190	46	236	<nil>
800	43125	112	43237	<nil>
800	180	87	267	<nil>
800	5099	33	5132	<nil>
800	227	25	252	<nil>
800	236	22	258	<nil>
800	229	24	253	<nil>
800	208	27	235	<nil>
800	1169	28	1197	<nil>
800	210	26	236	<nil>
800	235	26	261	<nil>
800	215	34	249	<nil>
800	2465	20	2485	<nil>
800	216	35	251	<nil>
800	217	35	252	<nil>
800	213	38	251	<nil>
800	234	38	272	<nil>
800	213	37	250	<nil>
800	105	38	143	<nil>
800	101	42	143	<nil>
800	102	41	143	<nil>
800	2501	39	2540	<nil>
800	10040	38	10078	<nil>
800	124	19	143	<nil>
800	2948	40	2988	<nil>
800	3091	39	3130	<nil>
800	83	31	114	<nil>
800	9737	31	9768	<nil>
800	100	20	120	<nil>
800	2512	32	2544	<nil>
800	2500	27	2527	<nil>
800	2508	34	2542	<nil>
800	2746	33	2779	<nil>
800	82	32	114	<nil>
800	47971	27	47998	<nil>
800	2748	32	2780	<nil>
800	2888	27	2915	<nil>
800	124310	27	124337	<nil>
800	113	32	145	<nil>
800	90	28	118	<nil>
800	9395	29	9424	<nil>
800	87	28	115	<nil>
800	55	30	85	<nil>
800	86	28	114	<nil>
800	2515	30	2545	<nil>
800	50	30	80	<nil>
800	88	30	118	<nil>
800	2707	10	2717	<nil>
800	201	11	212	<nil>
800	277	11	288	<nil>
800	201	11	212	<nil>
800	184	12	196	<nil>
800	185	11	196	<nil>
800	184	11	195	<nil>
800	24749	11	24760	<nil>
800	2708	12	2720	<nil>
800	206	13	219	<nil>
800	172	8	180	<nil>
800	200	8	208	<nil>
800	16496	8	16504	<nil>
800	213	10	223	<nil>
800	2954	10	2964	<nil>
800	195	14	209	<nil>
800	170	13	183	<nil>
800	174	14	188	<nil>
800	5336	13	5349	<nil>
800	190	11	201	<nil>
800	191	12	203	<nil>
800	193	9	202	<nil>
800	174	8	182	<nil>
800	198	13	211	<nil>
800	194	9	203	<nil>
800	170	14	184	<nil>
800	193	9	202	<nil>
800	209	46	255	<nil>
800	208	48	256	<nil>
800	209	46	255	<nil>
800	209	46	255	<nil>
800	216	46	262	<nil>
800	210	46	256	<nil>
800	209	47	256	<nil>
800	210	47	257	<nil>
800	221	48	269	<nil>
800	210	47	257	<nil>
800	210	63	273	<nil>
800	9218	66	9284	<nil>
800	2730	50	2780	<nil>
800	221	48	269	<nil>
800	211	48	259	<nil>
800	2734	50	2784	<nil>
800	208	49	257	<nil>
800	215	48	263	<nil>
800	5574	25	5599	<nil>
800	223	50	273	<nil>
800	209	49	258	<nil>
800	190	46	236	<nil>
800	209	34	243	<nil>
800	2734	49	2783	<nil>
800	191	51	242	<nil>
800	233	26	259	<nil>
800	190	48	238	<nil>
800	212	66	278	<nil>
800	25843	66	25909	<nil>
800	191	65	256	<nil>
800	187	65	252	<nil>
800	190	68	258	<nil>
800	210	65	275	<nil>
800	208	67	275	<nil>
800	194	48	242	<nil>
800	189	62	251	<nil>
800	250	7	257	<nil>
800	2756	70	2826	<nil>
800	5415	11	5426	<nil>
800	2736	71	2807	<nil>
800	193	71	264	<nil>
800	220	71	291	<nil>
800	69	6	75	<nil>
800	75	6	81	<nil>
800	208	75	283	<nil>
800	2799	7	2806	<nil>
800	189	73	262	<nil>
800	2805	1	2806	<nil>
800	69	8	77	<nil>
800	221	60	281	<nil>
800	2801	8	2809	<nil>
800	191	77	268	<nil>
800	68	15	83	<nil>
800	28563	79	28642	<nil>
800	207	76	283	<nil>
800	211	76	287	<nil>
800	75	9	84	<nil>
800	60	19	79	<nil>
800	205	80	285	<nil>
800	228	78	306	<nil>
800	208	78	286	<nil>
800	207	73	280	<nil>
800	71	9	80	<nil>
800	5357	72	5429	<nil>
800	80	1	81	<nil>
800	210	73	283	<nil>
800	190	76	266	<nil>
800	63	18	81	<nil>
800	192	76	268	<nil>
800	67	18	85	<nil>
800	61	24	85	<nil>
800	68	8	76	<nil>
800	189	78	267	<nil>
800	70	12	82	<nil>
800	186	83	269	<nil>
800	81	1	82	<nil>
800	59	22	81	<nil>
800	68	20	88	<nil>
800	4687	20	4707	<nil>
800	5553	71	5624	<nil>
800	88	1	89	<nil>
800	76	8	84	<nil>
800	70	10	80	<nil>
800	63	17	80	<nil>
800	70	10	80	<nil>
800	192	77	269	<nil>
800	202	85	287	<nil>
800	190	0	190	rpc error: code = Unavailable desc = transport is closing
800	192	0	192	rpc error: code = Unavailable desc = transport is closing
800	209	0	209	rpc error: code = Unavailable desc = transport is closing
800	1511	0	1511	rpc error: code = Unavailable desc = transport is closing
800	888	0	888	rpc error: code = Unavailable desc = transport is closing
800	131	317	448	<nil>
800	3465	0	3465	rpc error: code = Unavailable desc = transport is closing
800	3272	0	3272	rpc error: code = Unavailable desc = transport is closing
800	541	0	541	rpc error: code = Unavailable desc = transport is closing
800	443	0	443	rpc error: code = Unavailable desc = transport is closing
800	542	0	542	rpc error: code = Unavailable desc = transport is closing
800	1428	0	1428	rpc error: code = Unavailable desc = transport is closing
800	17369	319	17688	<nil>
800	245	0	245	rpc error: code = Unavailable desc = transport is closing
800	543	0	543	rpc error: code = Unavailable desc = transport is closing
800	657	0	657	rpc error: code = Unavailable desc = transport is closing
800	641	0	641	rpc error: code = Unavailable desc = transport is closing
800	1251	0	1251	rpc error: code = Unavailable desc = transport is closing
800	652	0	652	rpc error: code = Unavailable desc = transport is closing
800	132	318	450	<nil>
800	478	0	478	rpc error: code = Unavailable desc = transport is closing
800	245	0	245	rpc error: code = Unavailable desc = transport is closing
800	248	0	248	rpc error: code = Unavailable desc = transport is closing
800	650	0	650	rpc error: code = Unavailable desc = transport is closing
800	539	0	539	rpc error: code = Unavailable desc = transport is closing
800	373	0	373	rpc error: code = Unavailable desc = transport is closing
800	660	0	660	rpc error: code = Unavailable desc = transport is closing
800	666	0	666	rpc error: code = Unavailable desc = transport is closing
800	666	0	666	rpc error: code = Unavailable desc = transport is closing
800	377	0	377	rpc error: code = Unavailable desc = transport is closing
800	666	0	666	rpc error: code = Unavailable desc = transport is closing
800	17145	0	17145	rpc error: code = Unavailable desc = transport is closing
800	112847	0	112847	rpc error: code = Unavailable desc = transport is closing
800	659	0	659	rpc error: code = Unavailable desc = transport is closing
800	3283	0	3283	rpc error: code = Unavailable desc = transport is closing
800	3281	0	3281	rpc error: code = Unavailable desc = transport is closing
800	699	0	699	rpc error: code = Unavailable desc = transport is closing
800	666	0	666	rpc error: code = Unavailable desc = transport is closing
800	10411	0	10411	rpc error: code = Unavailable desc = transport is closing
800	5325	0	5325	rpc error: code = Unavailable desc = transport is closing
800	663	0	663	rpc error: code = Unavailable desc = transport is closing
800	662	0	662	rpc error: code = Unavailable desc = transport is closing
800	157	317	474	<nil>
800	888	0	888	rpc error: code = Unavailable desc = transport is closing
800	543	0	543	rpc error: code = Unavailable desc = transport is closing
800	659	0	659	rpc error: code = Unavailable desc = transport is closing
800	9777	318	10095	<nil>
800	9432	317	9749	<nil>
800	8626	0	8626	rpc error: code = Unavailable desc = transport is closing
800	663	0	663	rpc error: code = Unavailable desc = transport is closing
800	881	0	881	rpc error: code = Unavailable desc = transport is closing
800	18755	0	18755	rpc error: code = Unavailable desc = transport is closing
800	3379	0	3379	rpc error: code = Unavailable desc = transport is closing
800	2713	0	2713	rpc error: code = Unavailable desc = transport is closing
800	890	0	890	rpc error: code = Unavailable desc = transport is closing
800	543	0	543	rpc error: code = Unavailable desc = transport is closing
800	162	0	162	rpc error: code = Unavailable desc = transport is closing
800	538	0	538	rpc error: code = Unavailable desc = transport is closing
800	120	0	120	rpc error: code = Unavailable desc = transport is closing
800	323	0	323	rpc error: code = Unavailable desc = transport is closing
800	373	0	373	rpc error: code = Unavailable desc = transport is closing
800	688	0	688	rpc error: code = Unavailable desc = transport is closing
800	120	0	120	rpc error: code = Unavailable desc = transport is closing
800	372	0	372	rpc error: code = Unavailable desc = transport is closing
800	650	0	650	rpc error: code = Unavailable desc = transport is closing
800	666	0	666	rpc error: code = Unavailable desc = transport is closing
800	325	0	325	rpc error: code = Unavailable desc = transport is closing
800	208	0	208	rpc error: code = Unavailable desc = transport is closing
800	303	0	303	rpc error: code = Unavailable desc = transport is closing
800	184	0	184	rpc error: code = Unavailable desc = transport is closing
800	325	0	325	rpc error: code = Unavailable desc = transport is closing
800	667	0	667	rpc error: code = Unavailable desc = transport is closing
800	373	0	373	rpc error: code = Unavailable desc = transport is closing
800	3166	0	3166	rpc error: code = Unavailable desc = transport is closing
800	370	0	370	rpc error: code = Unavailable desc = transport is closing
800	687	0	687	rpc error: code = Unavailable desc = transport is closing
800	272	0	272	rpc error: code = Unavailable desc = transport is closing
800	322	0	322	rpc error: code = Unavailable desc = transport is closing
800	126	0	126	rpc error: code = Unavailable desc = transport is closing
800	911	0	911	rpc error: code = Unavailable desc = transport is closing
800	920	0	920	rpc error: code = Unavailable desc = transport is closing
800	670	0	670	rpc error: code = Unavailable desc = transport is closing
800	271	0	271	rpc error: code = Unavailable desc = transport is closing
800	422	0	422	rpc error: code = Unavailable desc = transport is closing
800	2552	0	2552	rpc error: code = Unavailable desc = transport is closing
800	427	0	427	rpc error: code = Unavailable desc = transport is closing
800	444	0	444	rpc error: code = Unavailable desc = transport is closing
800	669	0	669	rpc error: code = Unavailable desc = transport is closing
800	444	0	444	rpc error: code = Unavailable desc = transport is closing
800	158	0	158	rpc error: code = Unavailable desc = transport is closing
800	692	0	692	rpc error: code = Unavailable desc = transport is closing
800	1424	0	1424	rpc error: code = Unavailable desc = transport is closing
800	690	0	690	rpc error: code = Unavailable desc = transport is closing
800	324	0	324	rpc error: code = Unavailable desc = transport is closing
800	415	0	415	rpc error: code = Unavailable desc = transport is closing
800	685	0	685	rpc error: code = Unavailable desc = transport is closing
800	911	0	911	rpc error: code = Unavailable desc = transport is closing
800	697	0	697	rpc error: code = Unavailable desc = transport is closing
800	1586	0	1586	rpc error: code = Unavailable desc = transport is closing
800	683	0	683	rpc error: code = Unavailable desc = transport is closing
800	420	0	420	rpc error: code = Unavailable desc = transport is closing
800	430	0	430	rpc error: code = Unavailable desc = transport is closing
800	413	0	413	rpc error: code = Unavailable desc = transport is closing
800	431	0	431	rpc error: code = Unavailable desc = transport is closing
800	434	0	434	rpc error: code = Unavailable desc = transport is closing
800	427	0	427	rpc error: code = Unavailable desc = transport is closing
800	416	0	416	rpc error: code = Unavailable desc = transport is closing
800	419	0	419	rpc error: code = Unavailable desc = transport is closing
800	686	0	686	rpc error: code = Unavailable desc = transport is closing
800	1389	0	1389	rpc error: code = Unavailable desc = transport is closing
800	418	0	418	rpc error: code = Unavailable desc = transport is closing
800	422	0	422	rpc error: code = Unavailable desc = transport is closing
800	480	0	480	rpc error: code = Unavailable desc = transport is closing
800	682	0	682	rpc error: code = Unavailable desc = transport is closing
800	437	0	437	rpc error: code = Unavailable desc = transport is closing
800	3305	0	3305	rpc error: code = Unavailable desc = transport is closing
800	422	0	422	rpc error: code = Unavailable desc = transport is closing
800	480	0	480	rpc error: code = Unavailable desc = transport is closing
800	683	0	683	rpc error: code = Unavailable desc = transport is closing
800	238	0	238	rpc error: code = Unavailable desc = transport is closing
800	484	0	484	rpc error: code = Unavailable desc = transport is closing
800	687	0	687	rpc error: code = Unavailable desc = transport is closing
800	447	0	447	rpc error: code = Unavailable desc = transport is closing
800	694	0	694	rpc error: code = Unavailable desc = transport is closing
800	325	0	325	rpc error: code = Unavailable desc = transport is closing
800	249	0	249	rpc error: code = Unavailable desc = transport is closing
800	441	27	468	<nil>
800	461	31	492	<nil>
800	227	0	227	rpc error: code = Unavailable desc = transport is closing
800	246	0	246	rpc error: code = Unavailable desc = transport is closing
800	246	0	246	rpc error: code = Unavailable desc = transport is closing
800	407	0	407	rpc error: code = Unavailable desc = transport is closing
800	408	0	408	rpc error: code = Unavailable desc = transport is closing
800	6071	28	6099	<nil>
800	3153	0	3153	rpc error: code = Unavailable desc = transport is closing
800	406	0	406	rpc error: code = Unavailable desc = transport is closing
800	431	34	465	<nil>
800	5108	0	5108	rpc error: code = Unavailable desc = transport is closing
800	415	0	415	rpc error: code = Unavailable desc = transport is closing
800	230	0	230	rpc error: code = Unavailable desc = transport is closing
800	2869	0	2869	rpc error: code = Unavailable desc = transport is closing
800	407	0	407	rpc error: code = Unavailable desc = transport is closing
800	447	28	475	<nil>
800	246	0	246	rpc error: code = Unavailable desc = transport is closing
800	446	30	476	<nil>
800	245	0	245	rpc error: code = Unavailable desc = transport is closing
800	409	0	409	rpc error: code = Unavailable desc = transport is closing
800	448	27	475	<nil>
800	409	0	409	rpc error: code = Unavailable desc = transport is closing
800	443	33	476	<nil>
800	443	28	471	<nil>
800	426	0	426	rpc error: code = Unavailable desc = transport is closing
800	448	30	478	<nil>
800	448	28	476	<nil>
800	3253	30	3283	<nil>
800	497	0	497	rpc error: code = Unavailable desc = transport is closing
800	461	47	508	<nil>
800	442	41	483	<nil>
800	452	62	514	<nil>
800	446	61	507	<nil>
800	3237	62	3299	<nil>
800	443	196	639	<nil>
800	449	230	679	<nil>
820	448	230	678	<nil>
820	473	230	703	<nil>
820	474	323	797	<nil>
820	3256	323	3579	<nil>
820	453	323	776	<nil>
820	451	331	782	<nil>
820	382	0	382	rpc error: code = Unavailable desc = transport is closing
820	5449	0	5449	rpc error: code = Unavailable desc = transport is closing
820	447	395	842	<nil>
820	414	0	414	rpc error: code = Unavailable desc = transport is closing
820	403	0	403	rpc error: code = Unavailable desc = transport is closing
820	396	0	396	rpc error: code = Unavailable desc = transport is closing
820	542	0	542	rpc error: code = Unavailable desc = transport is closing
820	415	0	415	rpc error: code = Unavailable desc = transport is closing
820	403	0	403	rpc error: code = Unavailable desc = transport is closing
820	404	0	404	rpc error: code = Unavailable desc = transport is closing
820	403	0	403	rpc error: code = Unavailable desc = transport is closing
820	416	0	416	rpc error: code = Unavailable desc = transport is closing
820	2755	0	2755	rpc error: code = Unavailable desc = transport is closing
820	405	0	405	rpc error: code = Unavailable desc = transport is closing
820	414	0	414	rpc error: code = Unavailable desc = transport is closing
820	414	0	414	rpc error: code = Unavailable desc = transport is closing
820	405	0	405	rpc error: code = Unavailable desc = transport is closing
820	408	0	408	rpc error: code = Unavailable desc = transport is closing
820	407	0	407	rpc error: code = Unavailable desc = transport is closing
820	474	451	925	<nil>
820	473	458	931	<nil>
820	3281	461	3742	<nil>
820	479	453	932	<nil>
820	471	461	932	<nil>
820	484	455	939	<nil>
820	3297	451	3748	<nil>
820	3291	454	3745	<nil>
820	476	461	937	<nil>
820	503	456	959	<nil>
820	6043	430	6473	<nil>
820	498	462	960	<nil>
820	3316	430	3746	<nil>
820	3320	450	3770	<nil>
820	467	517	984	<nil>
820	471	517	988	<nil>
820	478	511	989	<nil>
820	2991	511	3502	<nil>
820	645	349	994	<nil>
820	480	511	991	<nil>
820	476	518	994	<nil>
820	408	0	408	rpc error: code = Unavailable desc = transport is closing
820	474	532	1006	<nil>
820	476	537	1013	<nil>
820	499	541	1040	<nil>
820	473	539	1012	<nil>
820	3289	534	3823	<nil>
820	485	529	1014	<nil>
820	512	529	1041	<nil>
820	3288	534	3822	<nil>
820	16361	542	16903	<nil>
820	480	529	1009	<nil>
820	478	538	1016	<nil>
820	477	534	1011	<nil>
820	473	541	1014	<nil>
820	478	539	1017	<nil>
820	482	568	1050	<nil>
820	8830	559	9389	<nil>
820	5904	594	6498	<nil>
820	512	582	1094	<nil>
820	473	587	1060	<nil>
820	498	563	1061	<nil>
820	2864	0	2864	rpc error: code = Unavailable desc = transport is closing
820	502	563	1065	<nil>
820	502	562	1064	<nil>
820	476	588	1064	<nil>
820	479	583	1062	<nil>
820	699	375	1074	<nil>
820	631	432	1063	<nil>
820	631	434	1065	<nil>
820	16988	431	17419	<nil>
820	629	444	1073	<nil>
820	491	583	1074	<nil>
820	632	432	1064	<nil>
820	3448	443	3891	<nil>
820	475	599	1074	<nil>
820	8860	385	9245	<nil>
820	14635	388	15023	<nil>
820	3315	575	3890	<nil>
820	634	447	1081	<nil>
820	490	586	1076	<nil>
820	309	414	723	<nil>
820	323	0	323	rpc error: code = Unavailable desc = transport is closing
820	321	0	321	rpc error: code = Unavailable desc = transport is closing
820	323	0	323	rpc error: code = Unavailable desc = transport is closing
820	321	404	725	<nil>
820	319	438	757	<nil>
820	320	438	758	<nil>
820	320	438	758	<nil>
820	339	0	339	rpc error: code = Unavailable desc = transport is closing
820	344	0	344	rpc error: code = Unavailable desc = transport is closing
820	354	0	354	rpc error: code = Unavailable desc = transport is closing
820	392	0	392	rpc error: code = Unavailable desc = transport is closing
820	6292	0	6292	rpc error: code = Unavailable desc = transport is closing
820	479	0	479	rpc error: code = Unavailable desc = transport is closing
820	479	0	479	rpc error: code = Unavailable desc = transport is closing
820	481	0	481	rpc error: code = Unavailable desc = transport is closing
820	479	0	479	rpc error: code = Unavailable desc = transport is closing
820	481	0	481	rpc error: code = Unavailable desc = transport is closing
820	481	0	481	rpc error: code = Unavailable desc = transport is closing
820	460	0	460	rpc error: code = Unavailable desc = transport is closing
820	483	0	483	rpc error: code = Unavailable desc = transport is closing
820	479	0	479	rpc error: code = Unavailable desc = transport is closing
820	479	0	479	rpc error: code = Unavailable desc = transport is closing
820	468	0	468	rpc error: code = Unavailable desc = transport is closing
820	463	0	463	rpc error: code = Unavailable desc = transport is closing
820	483	0	483	rpc error: code = Unavailable desc = transport is closing
820	481	0	481	rpc error: code = Unavailable desc = transport is closing
820	482	0	482	rpc error: code = Unavailable desc = transport is closing
820	466	0	466	rpc error: code = Unavailable desc = transport is closing
820	364	234	598	<nil>
820	423	240	663	<nil>
820	3025	236	3261	<nil>
820	402	236	638	<nil>
820	422	240	662	<nil>
820	5733	248	5981	<nil>
820	400	236	636	<nil>
820	401	235	636	<nil>
820	558	18	576	<nil>
820	568	21	589	<nil>
820	422	240	662	<nil>
820	422	240	662	<nil>
820	563	19	582	<nil>
820	487	298	785	<nil>
820	1525	18	1543	<nil>
820	549	18	567	<nil>
820	401	235	636	<nil>
820	10933	18	10951	<nil>
820	566	19	585	<nil>
820	536	19	555	<nil>
820	537	18	555	<nil>
820	3086	17	3103	<nil>
820	475	10	485	<nil>
820	560	19	579	<nil>
820	543	18	561	<nil>
820	556	21	577	<nil>
820	3281	10	3291	<nil>
820	440	14	454	<nil>
820	475	11	486	<nil>
820	477	10	487	<nil>
820	318	8	326	<nil>
820	316	9	325	<nil>
820	474	14	488	<nil>
820	45181	14	45195	<nil>
820	293	17	310	<nil>
820	289	18	307	<nil>
820	290	15	305	<nil>
820	294	16	310	<nil>
820	291	18	309	<nil>
820	288	17	305	<nil>
820	291	18	309	<nil>
820	292	16	308	<nil>
820	289	61	350	<nil>
820	288	52	340	<nil>
820	289	97	386	<nil>
820	289	98	387	<nil>
820	297	98	395	<nil>
820	15563	99	15662	<nil>
820	308	110	418	<nil>
820	99	41	140	<nil>
820	99	42	141	<nil>
820	98	40	138	<nil>
820	15696	43	15739	<nil>
820	98	43	141	<nil>
820	110	14	124	<nil>
820	113	14	127	<nil>
820	137	4	141	<nil>
820	132	3	135	<nil>
820	113	14	127	<nil>
820	129	11	140	<nil>
820	116	11	127	<nil>
820	100	41	141	<nil>
820	98	42	140	<nil>
820	126	9	135	<nil>
820	126	12	138	<nil>
820	125	6	131	<nil>
820	135	4	139	<nil>
820	138	5	143	<nil>
820	127	53	180	<nil>
820	120	55	175	<nil>
820	125	52	177	<nil>
820	137	54	191	<nil>
820	133	57	190	<nil>
820	134	55	189	<nil>
820	138	55	193	<nil>
820	138	81	219	<nil>
820	137	82	219	<nil>
820	125	86	211	<nil>
820	120	94	214	<nil>
820	135	97	232	<nil>
820	113	103	216	<nil>
820	119	97	216	<nil>
820	129	103	232	<nil>
820	4603	96	4699	<nil>
820	134	96	230	<nil>
820	133	96	229	<nil>
820	45334	98	45432	<nil>
820	5488	103	5591	<nil>
820	142	119	261	<nil>
820	1096	120	1216	<nil>
820	5793	134	5927	<nil>
820	2577	149	2726	<nil>
820	1096	149	1245	<nil>
820	4608	151	4759	<nil>
820	18	150	168	<nil>
820	87	65	152	<nil>
820	87	65	152	<nil>
820	87	65	152	<nil>
820	88	65	153	<nil>
820	85	69	154	<nil>
820	88	65	153	<nil>
820	88	67	155	<nil>
820	88	67	155	<nil>
820	89	102	191	<nil>
820	86	116	202	<nil>
820	88	121	209	<nil>
820	88	122	210	<nil>
820	89	123	212	<nil>
820	107	108	215	<nil>
820	2705	81	2786	<nil>
820	96	96	192	<nil>
820	82	83	165	<nil>
820	42	122	164	<nil>
820	2704	110	2814	<nil>
820	147	68	215	<nil>
820	2534	67	2601	<nil>
820	4972	83	5055	<nil>
820	97	69	166	<nil>
820	60	65	125	<nil>
820	2746	70	2816	<nil>
820	5346	85	5431	<nil>
820	5628	92	5720	<nil>
820	2820	130	2950	<nil>
820	496	0	496	rpc error: code = Unavailable desc = transport is closing
820	524	0	524	rpc error: code = Unavailable desc = transport is closing
820	486	0	486	rpc error: code = Unavailable desc = transport is closing
820	564	0	564	rpc error: code = Unavailable desc = transport is closing
820	487	0	487	rpc error: code = Unavailable desc = transport is closing
820	488	0	488	rpc error: code = Unavailable desc = transport is closing
820	2820	135	2955	<nil>
820	468	0	468	rpc error: code = Unavailable desc = transport is closing
820	488	0	488	rpc error: code = Unavailable desc = transport is closing
820	118311	0	118311	rpc error: code = Unavailable desc = transport is closing
820	487	0	487	rpc error: code = Unavailable desc = transport is closing
820	490	0	490	rpc error: code = Unavailable desc = transport is closing
820	488	0	488	rpc error: code = Unavailable desc = transport is closing
820	488	0	488	rpc error: code = Unavailable desc = transport is closing
820	487	0	487	rpc error: code = Unavailable desc = transport is closing
820	3005	0	3005	rpc error: code = Unavailable desc = transport is closing
820	2877	79	2956	<nil>
820	489	0	489	rpc error: code = Unavailable desc = transport is closing
820	490	0	490	rpc error: code = Unavailable desc = transport is closing
820	423	0	423	rpc error: code = Unavailable desc = transport is closing
820	488	0	488	rpc error: code = Unavailable desc = transport is closing
820	423	0	423	rpc error: code = Unavailable desc = transport is closing
820	423	0	423	rpc error: code = Unavailable desc = transport is closing
820	545	0	545	rpc error: code = Unavailable desc = transport is closing
820	102	99	201	<nil>
820	545	0	545	rpc error: code = Unavailable desc = transport is closing
820	115	87	202	<nil>
820	422	0	422	rpc error: code = Unavailable desc = transport is closing
820	4813	88	4901	<nil>
820	120	81	201	<nil>
820	653	0	653	rpc error: code = Unavailable desc = transport is closing
820	599	0	599	rpc error: code = Unavailable desc = transport is closing
820	609	0	609	rpc error: code = Unavailable desc = transport is closing
820	545	0	545	rpc error: code = Unavailable desc = transport is closing
820	2868	91	2959	<nil>
820	5037	100	5137	<nil>
820	2859	100	2959	<nil>
820	608	0	608	rpc error: code = Unavailable desc = transport is closing
820	598	0	598	rpc error: code = Unavailable desc = transport is closing
820	75	128	203	<nil>
820	139	100	239	<nil>
820	1087	105	1192	<nil>
820	140	150	290	<nil>
820	628	0	628	rpc error: code = Unavailable desc = transport is closing
820	4831	124	4955	<nil>
820	1089	153	1242	<nil>
820	85	167	252	<nil>
820	492	0	492	rpc error: code = Unavailable desc = transport is closing
820	567	0	567	rpc error: code = Unavailable desc = transport is closing
820	457	0	457	rpc error: code = Unavailable desc = transport is closing
820	550	0	550	rpc error: code = Unavailable desc = transport is closing
820	547	0	547	rpc error: code = Unavailable desc = transport is closing
820	549	0	549	rpc error: code = Unavailable desc = transport is closing
820	524	0	524	rpc error: code = Unavailable desc = transport is closing
820	651	0	651	rpc error: code = Unavailable desc = transport is closing
820	470	0	470	rpc error: code = Unavailable desc = transport is closing
820	471	0	471	rpc error: code = Unavailable desc = transport is closing
820	543	0	543	rpc error: code = Unavailable desc = transport is closing
820	547	0	547	rpc error: code = Unavailable desc = transport is closing
820	647	0	647	rpc error: code = Unavailable desc = transport is closing
820	647	0	647	rpc error: code = Unavailable desc = transport is closing
820	5738	0	5738	rpc error: code = Unavailable desc = transport is closing
820	473	0	473	rpc error: code = Unavailable desc = transport is closing
820	542	0	542	rpc error: code = Unavailable desc = transport is closing
820	663	0	663	rpc error: code = Unavailable desc = transport is closing
820	542	0	542	rpc error: code = Unavailable desc = transport is closing
820	547	0	547	rpc error: code = Unavailable desc = transport is closing
820	457	0	457	rpc error: code = Unavailable desc = transport is closing
820	549	0	549	rpc error: code = Unavailable desc = transport is closing
820	87	202	289	<nil>
820	548	0	548	rpc error: code = Unavailable desc = transport is closing
820	9757	0	9757	rpc error: code = Unavailable desc = transport is closing
820	690	0	690	rpc error: code = Unavailable desc = transport is closing
820	647	0	647	rpc error: code = Unavailable desc = transport is closing
820	524	0	524	rpc error: code = Unavailable desc = transport is closing
820	459	0	459	rpc error: code = Unavailable desc = transport is closing
820	457	0	457	rpc error: code = Unavailable desc = transport is closing
820	459	0	459	rpc error: code = Unavailable desc = transport is closing
820	474	0	474	rpc error: code = Unavailable desc = transport is closing
820	567	0	567	rpc error: code = Unavailable desc = transport is closing
820	476	0	476	rpc error: code = Unavailable desc = transport is closing
820	690	0	690	rpc error: code = Unavailable desc = transport is closing
820	457	0	457	rpc error: code = Unavailable desc = transport is closing
820	548	0	548	rpc error: code = Unavailable desc = transport is closing
820	547	0	547	rpc error: code = Unavailable desc = transport is closing
820	90	202	292	<nil>
820	692	0	692	rpc error: code = Unavailable desc = transport is closing
820	6787	0	6787	rpc error: code = Unavailable desc = transport is closing
820	1684	0	1684	rpc error: code = Unavailable desc = transport is closing
820	296	0	296	rpc error: code = Unavailable desc = transport is closing
820	665	0	665	rpc error: code = Unavailable desc = transport is closing
820	700	0	700	rpc error: code = Unavailable desc = transport is closing
820	472	0	472	rpc error: code = Unavailable desc = transport is closing
820	3001	0	3001	rpc error: code = Unavailable desc = transport is closing
820	44740	0	44740	rpc error: code = Unavailable desc = transport is closing
820	702	0	702	rpc error: code = Unavailable desc = transport is closing
820	470	0	470	rpc error: code = Unavailable desc = transport is closing
820	1684	0	1684	rpc error: code = Unavailable desc = transport is closing
820	101	329	430	<nil>
820	473	0	473	rpc error: code = Unavailable desc = transport is closing
820	5739	0	5739	rpc error: code = Unavailable desc = transport is closing
820	696	0	696	rpc error: code = Unavailable desc = transport is closing
820	1663	0	1663	rpc error: code = Unavailable desc = transport is closing
820	696	0	696	rpc error: code = Unavailable desc = transport is closing
820	130	287	417	<nil>
820	129	286	415	<nil>
820	77	281	358	<nil>
820	76	281	357	<nil>
820	1086	332	1418	<nil>
820	82	330	412	<nil>
820	73	330	403	<nil>
820	2484	296	2780	<nil>
820	4884	302	5186	<nil>
820	368	0	368	rpc error: code = Unavailable desc = transport is closing
820	77	302	379	<nil>
820	1134	237	1371	<nil>
820	70	302	372	<nil>
820	78	375	453	<nil>
820	2415	311	2726	<nil>
820	2847	301	3148	<nil>
820	552	0	552	rpc error: code = Unavailable desc = transport is closing
820	2504	243	2747	<nil>
820	191	240	431	<nil>
820	600	0	600	rpc error: code = Unavailable desc = transport is closing
820	635	0	635	rpc error: code = Unavailable desc = transport is closing
820	598	0	598	rpc error: code = Unavailable desc = transport is closing
820	619	0	619	rpc error: code = Unavailable desc = transport is closing
820	632	0	632	rpc error: code = Unavailable desc = transport is closing
820	604	0	604	rpc error: code = Unavailable desc = transport is closing
820	605	0	605	rpc error: code = Unavailable desc = transport is closing
820	136	0	136	rpc error: code = Unavailable desc = transport is closing
820	600	0	600	rpc error: code = Unavailable desc = transport is closing
820	5131	0	5131	rpc error: code = Unavailable desc = transport is closing
820	537	0	537	rpc error: code = Unavailable desc = transport is closing
820	99	0	99	rpc error: code = Unavailable desc = transport is closing
820	537	0	537	rpc error: code = Unavailable desc = transport is closing
820	599	0	599	rpc error: code = Unavailable desc = transport is closing
820	611	0	611	rpc error: code = Unavailable desc = transport is closing
820	609	0	609	rpc error: code = Unavailable desc = transport is closing
820	605	0	605	rpc error: code = Unavailable desc = transport is closing
820	10374	244	10618	<nil>
820	193	243	436	<nil>
820	211	241	452	<nil>
820	193	239	432	<nil>
820	191	240	431	<nil>
820	599	0	599	rpc error: code = Unavailable desc = transport is closing
820	209	242	451	<nil>
820	5909	242	6151	<nil>
820	652	0	652	rpc error: code = Unavailable desc = transport is closing
820	628	0	628	rpc error: code = Unavailable desc = transport is closing
820	544	0	544	rpc error: code = Unavailable desc = transport is closing
820	628	0	628	rpc error: code = Unavailable desc = transport is closing
820	616	0	616	rpc error: code = Unavailable desc = transport is closing
820	205	248	453	<nil>
820	637	0	637	rpc error: code = Unavailable desc = transport is closing
820	388	0	388	rpc error: code = Unavailable desc = transport is closing
820	1111	0	1111	rpc error: code = Unavailable desc = transport is closing
820	197	239	436	<nil>
820	5372	0	5372	rpc error: code = Unavailable desc = transport is closing
820	602	0	602	rpc error: code = Unavailable desc = transport is closing
820	653	0	653	rpc error: code = Unavailable desc = transport is closing
820	197	239	436	<nil>
820	639	0	639	rpc error: code = Unavailable desc = transport is closing
820	1630	0	1630	rpc error: code = Unavailable desc = transport is closing
820	644	0	644	rpc error: code = Unavailable desc = transport is closing
820	649	0	649	rpc error: code = Unavailable desc = transport is closing
820	1635	0	1635	rpc error: code = Unavailable desc = transport is closing
820	298	235	533	<nil>
820	670	0	670	rpc error: code = Unavailable desc = transport is closing
820	440	0	440	rpc error: code = Unavailable desc = transport is closing
820	652	0	652	rpc error: code = Unavailable desc = transport is closing
820	5632	0	5632	rpc error: code = Unavailable desc = transport is closing
820	401	0	401	rpc error: code = Unavailable desc = transport is closing
820	296	243	539	<nil>
820	246	0	246	rpc error: code = Unavailable desc = transport is closing
820	654	0	654	rpc error: code = Unavailable desc = transport is closing
820	657	0	657	rpc error: code = Unavailable desc = transport is closing
820	297	241	538	<nil>
820	634	0	634	rpc error: code = Unavailable desc = transport is closing
820	1293	242	1535	<nil>
820	298	242	540	<nil>
820	3185	242	3427	<nil>
820	665	0	665	rpc error: code = Unavailable desc = transport is closing
820	401	0	401	rpc error: code = Unavailable desc = transport is closing
820	294	0	294	rpc error: code = Unavailable desc = transport is closing
820	295	0	295	rpc error: code = Unavailable desc = transport is closing
820	300	242	542	<nil>
820	275	272	547	<nil>
820	402	0	402	rpc error: code = Unavailable desc = transport is closing
820	298	0	298	rpc error: code = Unavailable desc = transport is closing
820	297	248	545	<nil>
820	299	0	299	rpc error: code = Unavailable desc = transport is closing
820	405	0	405	rpc error: code = Unavailable desc = transport is closing
820	276	268	544	<nil>
820	298	247	545	<nil>
820	297	247	544	<nil>
820	294	250	544	<nil>
820	295	0	295	rpc error: code = Unavailable desc = transport is closing
820	402	0	402	rpc error: code = Unavailable desc = transport is closing
820	648	0	648	rpc error: code = Unavailable desc = transport is closing
820	2712	246	2958	<nil>
820	335	227	562	<nil>
820	300	246	546	<nil>
820	1385	0	1385	rpc error: code = DeadlineExceeded desc = context deadline exceeded
820	297	248	545	<nil>
820	1378	0	1378	rpc error: code = DeadlineExceeded desc = context deadline exceeded
820	275	0	275	rpc error: code = Unavailable desc = transport is closing
820	1289	0	1289	rpc error: code = Unavailable desc = transport is closing
820	5201	0	5201	rpc error: code = Unavailable desc = transport is closing
820	653	0	653	rpc error: code = Unavailable desc = transport is closing
820	651	0	651	rpc error: code = Unavailable desc = transport is closing
820	300	801	1101	<nil>
820	3185	801	3986	<nil>
820	299	801	1100	<nil>
820	300	801	1101	<nil>
820	6104	769	6873	<nil>
820	5197	803	6000	<nil>
820	5845	761	6606	<nil>
820	14646	0	14646	rpc error: code = Unavailable desc = transport is closing
820	537	0	537	rpc error: code = Unavailable desc = transport is closing
820	339	0	339	rpc error: code = Unavailable desc = transport is closing
820	3460	0	3460	rpc error: code = Unavailable desc = transport is closing
820	5262	758	6020	<nil>
820	567	0	567	rpc error: code = Unavailable desc = transport is closing
820	696	0	696	rpc error: code = Unavailable desc = transport is closing
820	2729	753	3482	<nil>
820	374	753	1127	<nil>
820	700	0	700	rpc error: code = Unavailable desc = transport is closing
820	15751	0	15751	rpc error: code = Unavailable desc = transport is closing
820	697	0	697	rpc error: code = Unavailable desc = transport is closing
820	374	750	1124	<nil>
820	559	0	559	rpc error: code = Unavailable desc = transport is closing
820	696	0	696	rpc error: code = Unavailable desc = transport is closing
820	559	0	559	rpc error: code = Unavailable desc = transport is closing
820	677	0	677	rpc error: code = Unavailable desc = transport is closing
820	559	0	559	rpc error: code = Unavailable desc = transport is closing
820	367	754	1121	<nil>
820	698	0	698	rpc error: code = Unavailable desc = transport is closing
820	373	751	1124	<nil>
820	5859	753	6612	<nil>
820	696	0	696	rpc error: code = Unavailable desc = transport is closing
820	5640	626	6266	<nil>
820	695	0	695	rpc error: code = Unavailable desc = transport is closing
820	15935	0	15935	rpc error: code = Unavailable desc = transport is closing
820	694	0	694	rpc error: code = Unavailable desc = transport is closing
820	683	0	683	rpc error: code = Unavailable desc = transport is closing
820	661	0	661	rpc error: code = Unavailable desc = transport is closing
820	714	0	714	rpc error: code = Unavailable desc = transport is closing
820	695	0	695	rpc error: code = Unavailable desc = transport is closing
820	1513	0	1513	rpc error: code = Unavailable desc = transport is closing
820	684	0	684	rpc error: code = Unavailable desc = transport is closing
820	683	0	683	rpc error: code = Unavailable desc = transport is closing
820	1683	0	1683	rpc error: code = Unavailable desc = transport is closing
820	5385	0	5385	rpc error: code = Unavailable desc = transport is closing
820	702	0	702	rpc error: code = Unavailable desc = transport is closing
820	3001	0	3001	rpc error: code = Unavailable desc = transport is closing
820	696	0	696	rpc error: code = Unavailable desc = transport is closing
820	700	0	700	rpc error: code = Unavailable desc = transport is closing
820	701	0	701	rpc error: code = Unavailable desc = transport is closing
820	661	0	661	rpc error: code = Unavailable desc = transport is closing
820	2996	0	2996	rpc error: code = Unavailable desc = transport is closing
820	1683	0	1683	rpc error: code = Unavailable desc = transport is closing
820	700	0	700	rpc error: code = Unavailable desc = transport is closing
820	1681	0	1681	rpc error: code = Unavailable desc = transport is closing
820	664	0	664	rpc error: code = Unavailable desc = transport is closing
820	697	0	697	rpc error: code = Unavailable desc = transport is closing
820	499	0	499	rpc error: code = Unavailable desc = transport is closing
820	3238	751	3989	<nil>
820	373	753	1126	<nil>
820	5402	635	6037	<nil>
820	1397	622	2019	<nil>
820	568	0	568	rpc error: code = Unavailable desc = transport is closing
820	1365	754	2119	<nil>
820	2866	622	3488	<nil>
820	5831	651	6482	<nil>
820	347	652	999	<nil>
820	362	786	1148	<nil>
820	389	790	1179	<nil>
820	371	789	1160	<nil>
820	1363	789	2152	<nil>
820	369	791	1160	<nil>
820	393	792	1185	<nil>
820	3464	795	4259	<nil>
820	383	809	1192	<nil>
820	384	816	1200	<nil>
820	378	822	1200	<nil>
820	2970	817	3787	<nil>
820	390	813	1203	<nil>
820	383	823	1206	<nil>
820	379	818	1197	<nil>
820	270	808	1078	<nil>
820	270	809	1079	<nil>
820	375	819	1194	<nil>
820	427	774	1201	<nil>
820	266	811	1077	<nil>
820	1269	809	2078	<nil>
820	381	822	1203	<nil>
820	435	765	1200	<nil>
820	266	810	1076	<nil>
820	385	817	1202	<nil>
820	943	264	1207	<nil>
820	269	810	1079	<nil>
820	388	816	1204	<nil>
820	386	821	1207	<nil>
820	269	812	1081	<nil>
820	384	821	1205	<nil>
820	264	892	1156	<nil>
820	264	892	1156	<nil>
820	264	892	1156	<nil>
820	304	852	1156	<nil>
820	814	368	1182	<nil>
820	925	368	1293	<nil>
820	816	368	1184	<nil>
820	939	369	1308	<nil>
820	10242	369	10611	<nil>
820	26814	349	27163	<nil>
820	823	366	1189	<nil>
820	821	368	1189	<nil>
820	821	368	1189	<nil>
820	941	377	1318	<nil>
820	822	368	1190	<nil>
820	3178	376	3554	<nil>
820	804	368	1172	<nil>
820	3217	350	3567	<nil>
820	940	377	1317	<nil>
820	3454	369	3823	<nil>
820	823	368	1191	<nil>
820	821	354	1175	<nil>
820	812	363	1175	<nil>
820	812	363	1175	<nil>
820	820	363	1183	<nil>
820	10058	367	10425	<nil>
820	788	333	1121	<nil>
820	790	333	1123	<nil>
820	849	255	1104	<nil>
820	879	227	1106	<nil>
820	6151	247	6398	<nil>
820	771	333	1104	<nil>
820	856	248	1104	<nil>
820	770	333	1103	<nil>
820	848	256	1104	<nil>
820	6144	256	6400	<nil>
820	848	256	1104	<nil>
820	770	334	1104	<nil>
820	877	227	1104	<nil>
820	3401	269	3670	<nil>
820	790	336	1126	<nil>
820	869	236	1105	<nil>
820	790	335	1125	<nil>
820	790	335	1125	<nil>
820	867	237	1104	<nil>
820	779	345	1124	<nil>
820	3348	237	3585	<nil>
820	909	354	1263	<nil>
820	913	349	1262	<nil>
820	3395	350	3745	<nil>
820	897	281	1178	<nil>
820	825	293	1118	<nil>
820	3721	296	4017	<nil>
820	824	296	1120	<nil>
820	889	407	1296	<nil>
820	824	296	1120	<nil>
820	25288	296	25584	<nil>
820	904	361	1265	<nil>
820	882	409	1291	<nil>
820	807	345	1152	<nil>
820	911	381	1292	<nil>
820	915	379	1294	<nil>
820	899	386	1285	<nil>
820	806	343	1149	<nil>
820	3725	383	4108	<nil>
820	806	341	1147	<nil>
820	807	344	1151	<nil>
820	6228	367	6595	<nil>
820	899	390	1289	<nil>
820	889	408	1297	<nil>
820	806	341	1147	<nil>
820	10173	366	10539	<nil>
820	46973	344	47317	<nil>
820	912	380	1292	<nil>
820	906	388	1294	<nil>
820	6486	344	6830	<nil>
820	29095	326	29421	<nil>
820	824	326	1150	<nil>
820	905	395	1300	<nil>
820	906	395	1301	<nil>
820	912	387	1299	<nil>
820	912	388	1300	<nil>
820	824	328	1152	<nil>
820	824	328	1152	<nil>
820	26981	328	27309	<nil>
820	825	343	1168	<nil>
820	3802	367	4169	<nil>
820	857	371	1228	<nil>
820	817	376	1193	<nil>
820	793	421	1214	<nil>
820	784	431	1215	<nil>
820	970	352	1322	<nil>
820	9612	346	9958	<nil>
820	825	439	1264	<nil>
820	780	431	1211	<nil>
820	6312	384	6696	<nil>
820	2949	255	3204	<nil>
820	883	358	1241	<nil>
820	878	354	1232	<nil>
820	922	352	1274	<nil>
820	6362	358	6720	<nil>
820	396	322	718	<nil>
820	881	353	1234	<nil>
820	396	322	718	<nil>
820	17171	321	17492	<nil>
820	394	322	716	<nil>
820	876	359	1235	<nil>
820	878	353	1231	<nil>
820	6363	358	6721	<nil>
820	975	359	1334	<nil>
820	3550	352	3902	<nil>
820	14821	322	15143	<nil>
820	472	183	655	<nil>
820	1482	184	1666	<nil>
820	1484	186	1670	<nil>
820	876	361	1237	<nil>
820	449	250	699	<nil>
820	410	283	693	<nil>
820	481	202	683	<nil>
820	882	354	1236	<nil>
820	469	231	700	<nil>
820	441	258	699	<nil>
820	450	251	701	<nil>
820	2943	266	3209	<nil>
820	394	325	719	<nil>
820	5297	249	5546	<nil>
820	420	283	703	<nil>
820	410	285	695	<nil>
820	3011	190	3201	<nil>
820	1876	373	2249	<nil>
820	396	336	732	<nil>
820	889	368	1257	<nil>
820	397	347	744	<nil>
820	503	220	723	<nil>
820	1488	224	1712	<nil>
820	480	219	699	<nil>
820	478	219	697	<nil>
820	471	229	700	<nil>
820	1501	307	1808	<nil>
820	516	308	824	<nil>
820	1497	311	1808	<nil>
820	487	308	795	<nil>
820	1499	312	1811	<nil>
820	9799	315	10114	<nil>
820	9375	307	9682	<nil>
820	1506	307	1813	<nil>
820	518	311	829	<nil>
820	1501	313	1814	<nil>
820	520	309	829	<nil>
820	1510	304	1814	<nil>
820	524	306	830	<nil>
820	523	306	829	<nil>
820	523	307	830	<nil>
820	3046	306	3352	<nil>
820	351	306	657	<nil>
820	1336	306	1642	<nil>
820	1501	313	1814	<nil>
820	349	306	655	<nil>
820	520	314	834	<nil>
820	520	329	849	<nil>
820	515	333	848	<nil>
820	310	329	639	<nil>
820	1501	314	1815	<nil>
820	1500	393	1893	<nil>
820	565	350	915	<nil>
820	5381	389	5770	<nil>
820	293	390	683	<nil>
820	1542	354	1896	<nil>
820	560	353	913	<nil>
820	17382	354	17736	<nil>
820	25449	350	25799	<nil>
820	517	350	867	<nil>
820	3086	350	3436	<nil>
820	563	351	914	<nil>
820	324	358	682	<nil>
820	347	841	1188	<nil>
820	402	843	1245	<nil>
820	375	821	1196	<nil>
820	374	822	1196	<nil>
820	501	824	1325	<nil>
820	611	780	1391	<nil>
820	408	792	1200	<nil>
820	3111	897	4008	<nil>
820	1427	822	2249	<nil>
820	10011	896	10907	<nil>
820	5957	793	6750	<nil>
820	409	794	1203	<nil>
820	353	847	1200	<nil>
820	3293	846	4139	<nil>
820	344	754	1098	<nil>
820	271	897	1168	<nil>
820	368	827	1195	<nil>
820	376	824	1200	<nil>
820	297	825	1122	<nil>
820	274	848	1122	<nil>
820	352	849	1201	<nil>
820	336	759	1095	<nil>
820	574	848	1422	<nil>
820	406	795	1201	<nil>
820	1317	848	2165	<nil>
820	377	825	1202	<nil>
820	375	826	1201	<nil>
820	268	896	1164	<nil>
820	475	782	1257	<nil>
820	364	825	1189	<nil>
820	273	849	1122	<nil>
820	322	770	1092	<nil>
820	1482	768	2250	<nil>
820	342	766	1108	<nil>
820	373	796	1169	<nil>
820	1579	827	2406	<nil>
820	274	849	1123	<nil>
820	405	796	1201	<nil>
820	323	765	1088	<nil>
820	3195	762	3957	<nil>
820	323	765	1088	<nil>
820	328	826	1154	<nil>
820	325	829	1154	<nil>
820	456	699	1155	<nil>
820	328	826	1154	<nil>
820	457	699	1156	<nil>
820	371	773	1144	<nil>
820	3038	773	3811	<nil>
820	9388	775	10163	<nil>
820	70270	776	71046	<nil>
820	366	778	1144	<nil>
820	457	701	1158	<nil>
820	448	697	1145	<nil>
820	1344	713	2057	<nil>
820	5523	697	6220	<nil>
820	366	700	1066	<nil>
820	352	714	1066	<nil>
820	358	777	1135	<nil>
820	438	701	1139	<nil>
820	1321	776	2097	<nil>
820	366	776	1142	<nil>
820	427	713	1140	<nil>
820	1408	728	2136	<nil>
820	1435	701	2136	<nil>
820	382	776	1158	<nil>
820	573	0	573	rpc error: code = Unavailable desc = transport is closing
820	462	769	1231	<nil>
820	474	769	1243	<nil>
820	3266	769	4035	<nil>
820	370	768	1138	<nil>
820	462	770	1232	<nil>
820	402	769	1171	<nil>
820	374	769	1143	<nil>
820	368	769	1137	<nil>
820	374	770	1144	<nil>
820	10343	770	11113	<nil>
820	385	759	1144	<nil>
820	902	0	902	rpc error: code = Unavailable desc = transport is closing
820	381	0	381	rpc error: code = Unavailable desc = transport is closing
820	529	0	529	rpc error: code = Unavailable desc = transport is closing
820	521	0	521	rpc error: code = Unavailable desc = transport is closing
820	903	0	903	rpc error: code = Unavailable desc = transport is closing
820	517	0	517	rpc error: code = Unavailable desc = transport is closing
820	389	836	1225	<nil>
820	3014	0	3014	rpc error: code = Unavailable desc = transport is closing
820	521	0	521	rpc error: code = Unavailable desc = transport is closing
820	540	0	540	rpc error: code = Unavailable desc = transport is closing
820	3768	0	3768	rpc error: code = Unavailable desc = transport is closing
820	563	0	563	rpc error: code = Unavailable desc = transport is closing
820	904	0	904	rpc error: code = Unavailable desc = transport is closing
820	485	0	485	rpc error: code = Unavailable desc = transport is closing
820	486	0	486	rpc error: code = Unavailable desc = transport is closing
820	517	0	517	rpc error: code = Unavailable desc = transport is closing
820	820	0	820	rpc error: code = Unavailable desc = transport is closing
820	796	0	796	rpc error: code = Unavailable desc = transport is closing
820	903	0	903	rpc error: code = Unavailable desc = transport is closing
820	902	0	902	rpc error: code = Unavailable desc = transport is closing
820	539	0	539	rpc error: code = Unavailable desc = transport is closing
820	3652	0	3652	rpc error: code = Unavailable desc = transport is closing
820	905	0	905	rpc error: code = Unavailable desc = transport is closing
820	527	0	527	rpc error: code = Unavailable desc = transport is closing
820	486	0	486	rpc error: code = Unavailable desc = transport is closing
820	906	0	906	rpc error: code = Unavailable desc = transport is closing
820	522	0	522	rpc error: code = Unavailable desc = transport is closing
820	943	0	943	rpc error: code = Unavailable desc = transport is closing
820	384	755	1139	<nil>
820	463	0	463	rpc error: code = Unavailable desc = transport is closing
820	3402	0	3402	rpc error: code = Unavailable desc = transport is closing
820	403	752	1155	<nil>
820	426	728	1154	<nil>
820	420	0	420	rpc error: code = Unavailable desc = transport is closing
820	388	788	1176	<nil>
820	891	330	1221	<nil>
820	857	348	1205	<nil>
820	9340	347	9687	<nil>
820	851	347	1198	<nil>
820	859	345	1204	<nil>
820	858	347	1205	<nil>
820	857	347	1204	<nil>
820	857	347	1204	<nil>
820	653	0	653	rpc error: code = Unavailable desc = transport is closing
820	6142	368	6510	<nil>
820	818	0	818	rpc error: code = Unavailable desc = transport is closing
820	831	0	831	rpc error: code = Unavailable desc = transport is closing
820	6357	0	6357	rpc error: code = Unavailable desc = transport is closing
820	874	367	1241	<nil>
820	870	367	1237	<nil>
820	874	367	1241	<nil>
820	3558	0	3558	rpc error: code = Unavailable desc = transport is closing
820	820	0	820	rpc error: code = Unavailable desc = transport is closing
820	823	0	823	rpc error: code = Unavailable desc = transport is closing
820	814	0	814	rpc error: code = Unavailable desc = transport is closing
820	874	379	1253	<nil>
820	869	381	1250	<nil>
820	875	384	1259	<nil>
820	873	402	1275	<nil>
820	872	386	1258	<nil>
820	875	384	1259	<nil>
820	6295	385	6680	<nil>
820	874	403	1277	<nil>
820	870	418	1288	<nil>
820	873	402	1275	<nil>
820	874	418	1292	<nil>
820	872	430	1302	<nil>
820	899	412	1311	<nil>
820	826	378	1204	<nil>
820	826	376	1202	<nil>
820	879	418	1297	<nil>
820	835	440	1275	<nil>
820	886	413	1299	<nil>
820	924	389	1313	<nil>
820	873	440	1313	<nil>
820	828	374	1202	<nil>
820	809	390	1199	<nil>
820	870	440	1310	<nil>
820	9303	374	9677	<nil>
820	857	374	1231	<nil>
820	827	377	1204	<nil>
820	10859	376	11235	<nil>
820	827	377	1204	<nil>
820	816	343	1159	<nil>
820	874	440	1314	<nil>
820	938	376	1314	<nil>
820	873	440	1313	<nil>
820	874	438	1312	<nil>
820	873	446	1319	<nil>
820	831	381	1212	<nil>
820	10143	391	10534	<nil>
820	835	405	1240	<nil>
820	859	0	859	rpc error: code = Unavailable desc = transport is closing
820	6249	0	6249	rpc error: code = Unavailable desc = transport is closing
820	860	0	860	rpc error: code = Unavailable desc = transport is closing
820	852	385	1237	<nil>
820	856	397	1253	<nil>
820	855	397	1252	<nil>
820	903	364	1267	<nil>
820	898	364	1262	<nil>
820	900	362	1262	<nil>
820	903	357	1260	<nil>
820	912	356	1268	<nil>
820	909	359	1268	<nil>
820	908	357	1265	<nil>
820	904	357	1261	<nil>
820	898	362	1260	<nil>
820	901	359	1260	<nil>
820	899	358	1257	<nil>
820	912	356	1268	<nil>
820	907	356	1263	<nil>
820	912	378	1290	<nil>
820	911	379	1290	<nil>
820	914	378	1292	<nil>
820	908	383	1291	<nil>
820	914	379	1293	<nil>
820	913	380	1293	<nil>
820	913	378	1291	<nil>
820	914	378	1292	<nil>
820	957	361	1318	<nil>
820	742	386	1128	<nil>
820	915	412	1327	<nil>
820	820	395	1215	<nil>
820	888	316	1204	<nil>
820	899	305	1204	<nil>
820	996	337	1333	<nil>
820	913	305	1218	<nil>
820	926	295	1221	<nil>
820	11209	417	11626	<nil>
820	900	305	1205	<nil>
820	908	304	1212	<nil>
820	913	306	1219	<nil>
820	850	297	1147	<nil>
820	926	296	1222	<nil>
820	3696	297	3993	<nil>
820	849	294	1143	<nil>
820	924	307	1231	<nil>
820	910	296	1206	<nil>
820	1842	293	2135	<nil>
820	853	294	1147	<nil>
820	6434	296	6730	<nil>
820	1826	292	2118	<nil>
820	927	294	1221	<nil>
820	849	294	1143	<nil>
820	1825	293	2118	<nil>
820	935	295	1230	<nil>
820	912	296	1208	<nil>
820	913	295	1208	<nil>
820	903	293	1196	<nil>
820	927	294	1221	<nil>
820	935	295	1230	<nil>
820	853	294	1147	<nil>
820	832	308	1140	<nil>
820	912	294	1206	<nil>
820	936	296	1232	<nil>
820	925	296	1221	<nil>
820	924	296	1220	<nil>
820	913	294	1207	<nil>
820	936	294	1230	<nil>
820	944	314	1258	<nil>
820	377	292	669	<nil>
820	378	292	670	<nil>
820	378	314	692	<nil>
820	374	385	759	<nil>
820	367	404	771	<nil>
820	441	336	777	<nil>
820	420	355	775	<nil>
820	374	404	778	<nil>
820	1419	344	1763	<nil>
820	424	361	785	<nil>
820	429	348	777	<nil>
820	3288	0	3288	rpc error: code = Unavailable desc = transport is closing
820	5849	187	6036	<nil>
820	376	405	781	<nil>
820	444	335	779	<nil>
820	440	340	780	<nil>
820	455	248	703	<nil>
820	439	343	782	<nil>
820	373	404	777	<nil>
820	375	409	784	<nil>
820	440	344	784	<nil>
820	425	358	783	<nil>
820	433	273	706	<nil>
820	650	0	650	rpc error: code = Unavailable desc = transport is closing
820	458	188	646	<nil>
820	366	404	770	<nil>
820	441	341	782	<nil>
820	5342	358	5700	<nil>
820	441	342	783	<nil>
820	396	358	754	<nil>
820	445	339	784	<nil>
820	446	258	704	<nil>
820	453	250	703	<nil>
820	25585	248	25833	<nil>
820	2950	342	3292	<nil>
820	433	344	777	<nil>
820	30019	250	30269	<nil>
820	444	338	782	<nil>
820	401	0	401	rpc error: code = Unavailable desc = transport is closing
820	441	250	691	<nil>
820	446	340	786	<nil>
820	3035	248	3283	<nil>
820	453	251	704	<nil>
820	8573	259	8832	<nil>
820	456	250	706	<nil>
820	5961	274	6235	<nil>
820	433	274	707	<nil>
820	5876	359	6235	<nil>
820	424	360	784	<nil>
820	447	341	788	<nil>
820	690	0	690	rpc error: code = Unavailable desc = transport is closing
820	5963	267	6230	<nil>
820	15704	258	15962	<nil>
820	416	366	782	<nil>
820	377	405	782	<nil>
820	3331	0	3331	rpc error: code = Unavailable desc = transport is closing
820	709	0	709	rpc error: code = Unavailable desc = transport is closing
820	477	167	644	<nil>
820	3220	279	3499	<nil>
820	3151	151	3302	<nil>
820	691	0	691	rpc error: code = Unavailable desc = transport is closing
820	3372	185	3557	<nil>
820	377	436	813	<nil>
820	6081	168	6249	<nil>
820	2790	169	2959	<nil>
820	6076	173	6249	<nil>
820	3260	151	3411	<nil>
820	6131	187	6318	<nil>
820	709	0	709	rpc error: code = Unavailable desc = transport is closing
820	8947	189	9136	<nil>
820	3103	196	3299	<nil>
820	1483	167	1650	<nil>
820	17310	190	17500	<nil>
820	3130	168	3298	<nil>
820	6137	188	6325	<nil>
820	469	174	643	<nil>
820	3435	272	3707	<nil>
820	376	432	808	<nil>
820	3148	0	3148	rpc error: code = Unavailable desc = transport is closing
820	373	409	782	<nil>
820	6065	184	6249	<nil>
820	5839	193	6032	<nil>
820	3118	187	3305	<nil>
820	456	117	573	<nil>
820	5529	188	5717	<nil>
820	527	141	668	<nil>
820	447	289	736	<nil>
820	5875	398	6273	<nil>
820	428	124	552	<nil>
820	355	18	373	<nil>
820	351	22	373	<nil>
820	3037	23	3060	<nil>
820	395	43	438	<nil>
820	371	69	440	<nil>
820	6243	43	6286	<nil>
820	336	46	382	<nil>
820	41061	29	41090	<nil>
820	391	74	465	<nil>
820	472	21	493	<nil>
820	420	358	778	<nil>
820	5428	341	5769	<nil>
820	416	84	500	<nil>
820	6261	28	6289	<nil>
820	5623	133	5756	<nil>
820	368	59	427	<nil>
820	440	80	520	<nil>
820	1441	25	1466	<nil>
820	417	84	501	<nil>
820	10893	21	10914	<nil>
820	488	124	612	<nil>
820	178	78	256	<nil>
820	450	125	575	<nil>
820	534	124	658	<nil>
820	3266	149	3415	<nil>
820	540	120	660	<nil>
820	355	30	385	<nil>
820	3523	143	3666	<nil>
820	350	97	447	<nil>
820	352	101	453	<nil>
820	528	132	660	<nil>
820	5442	48	5490	<nil>
820	3528	155	3683	<nil>
820	8890	77	8967	<nil>
820	5858	123	5981	<nil>
820	175	79	254	<nil>
820	273	83	356	<nil>
820	203	82	285	<nil>
820	335	122	457	<nil>
820	210	80	290	<nil>
820	477	99	576	<nil>
820	274	84	358	<nil>
820	173	80	253	<nil>
820	149	79	228	<nil>
820	389	81	470	<nil>
820	2952	117	3069	<nil>
820	473	157	630	<nil>
820	5334	130	5464	<nil>
820	3304	124	3428	<nil>
820	472	238	710	<nil>
820	454	280	734	<nil>
820	398	133	531	<nil>
820	207	79	286	<nil>
820	439	119	558	<nil>
820	453	123	576	<nil>
820	423	153	576	<nil>
820	437	125	562	<nil>
820	448	290	738	<nil>
820	8886	83	8969	<nil>
820	151	82	233	<nil>
820	3230	391	3621	<nil>
820	10715	185	10900	<nil>
820	335	150	485	<nil>
820	457	280	737	<nil>
820	454	279	733	<nil>
820	440	283	723	<nil>
820	484	120	604	<nil>
820	259	119	378	<nil>
820	350	120	470	<nil>
820	352	199	551	<nil>
820	5856	216	6072	<nil>
820	3565	250	3815	<nil>
820	518	0	518	rpc error: code = DeadlineExceeded desc = context deadline exceeded
820	1639	0	1639	rpc error: code = DeadlineExceeded desc = context deadline exceeded
820	5715	0	5715	rpc error: code = DeadlineExceeded desc = context deadline exceeded
820	421	247	668	<nil>
820	9657	225	9882	<nil>
820	336	216	552	<nil>
820	3444	221	3665	<nil>
820	10843	253	11096	<nil>
820	380	217	597	<nil>
820	367	202	569	<nil>
820	339	213	552	<nil>
820	335	216	551	<nil>
820	1399	246	1645	<nil>
820	353	202	555	<nil>
820	3214	305	3519	<nil>
820	6217	246	6463	<nil>
820	424	204	628	<nil>
820	334	231	565	<nil>
820	418	256	674	<nil>
820	426	246	672	<nil>
820	389	233	622	<nil>
820	353	205	558	<nil>
820	418	256	674	<nil>
820	421	246	667	<nil>
820	390	235	625	<nil>
820	3189	131	3320	<nil>
820	404	0	404	rpc error: code = DeadlineExceeded desc = context deadline exceeded
820	401	0	401	rpc error: code = DeadlineExceeded desc = context deadline exceeded
820	355	1017	1372	<nil>
820	357	911	1268	<nil>
820	386	988	1374	<nil>
820	362	1014	1376	<nil>
820	375	1007	1382	<nil>
820	388	910	1298	<nil>
820	5575	911	6486	<nil>
820	363	912	1275	<nil>
820	363	913	1276	<nil>
820	369	1023	1392	<nil>
820	369	923	1292	<nil>
820	432	833	1265	<nil>
820	456	839	1295	<nil>
820	404	834	1238	<nil>
820	9394	835	10229	<nil>
820	432	836	1268	<nil>
820	370	926	1296	<nil>
820	6470	835	7305	<nil>
820	371	927	1298	<nil>
820	457	840	1297	<nil>
820	369	926	1295	<nil>
820	3005	836	3841	<nil>
820	15320	834	16154	<nil>
820	954	374	1328	<nil>
820	922	376	1298	<nil>
820	962	396	1358	<nil>
820	1106	275	1381	<nil>
820	6308	411	6719	<nil>
820	947	381	1328	<nil>
820	3621	351	3972	<nil>
820	895	411	1306	<nil>
820	1163	354	1517	<nil>
820	962	376	1338	<nil>
820	1011	352	1363	<nil>
820	971	352	1323	<nil>
820	1069	266	1335	<nil>
820	1127	272	1399	<nil>
820	1028	359	1387	<nil>
820	1128	271	1399	<nil>
820	1127	272	1399	<nil>
820	1117	274	1391	<nil>
820	1098	271	1369	<nil>
820	5922	275	6197	<nil>
820	6426	276	6702	<nil>
820	1094	271	1365	<nil>
820	1038	364	1402	<nil>
820	1033	360	1393	<nil>
820	1035	363	1398	<nil>
820	1126	272	1398	<nil>
820	1115	278	1393	<nil>
820	1115	278	1393	<nil>
820	1199	30	1229	<nil>
820	6430	273	6703	<nil>
820	1127	272	1399	<nil>
820	1094	274	1368	<nil>
820	932	536	1468	<nil>
820	74185	428	74613	<nil>
820	989	412	1401	<nil>
820	1124	276	1400	<nil>
820	937	396	1333	<nil>
820	1030	411	1441	<nil>
820	6212	427	6639	<nil>
820	9900	266	10166	<nil>
820	1200	28	1228	<nil>
820	1255	79	1334	<nil>
820	1063	166	1229	<nil>
820	3762	279	4041	<nil>
820	1142	166	1308	<nil>
820	1209	23	1232	<nil>
820	1106	124	1230	<nil>
820	1179	46	1225	<nil>
820	1277	29	1306	<nil>
820	1020	308	1328	<nil>
820	28664	165	28829	<nil>
820	1274	31	1305	<nil>
820	1251	82	1333	<nil>
820	1051	320	1371	<nil>
820	1039	321	1360	<nil>
820	1271	48	1319	<nil>
820	1227	88	1315	<nil>
820	5792	316	6108	<nil>
820	6291	90	6381	<nil>
820	1142	177	1319	<nil>
820	1250	67	1317	<nil>
820	16373	90	16463	<nil>
820	1251	91	1342	<nil>
820	1268	50	1318	<nil>
820	1186	184	1370	<nil>
820	1244	76	1320	<nil>
820	1249	70	1319	<nil>
820	9891	319	10210	<nil>
820	1148	136	1284	<nil>
820	1062	139	1201	<nil>
820	1063	139	1202	<nil>
820	1257	55	1312	<nil>
820	1245	65	1310	<nil>
820	1144	89	1233	<nil>
820	1128	316	1444	<nil>
820	6634	154	6788	<nil>
820	1195	29	1224	<nil>
820	1165	78	1243	<nil>
820	1240	63	1303	<nil>
820	5789	312	6101	<nil>
820	6014	86	6100	<nil>
820	1168	66	1234	<nil>
820	1166	169	1335	<nil>
820	1052	319	1371	<nil>
820	3609	31	3640	<nil>
820	1279	59	1338	<nil>
820	1280	31	1311	<nil>
820	1169	67	1236	<nil>
820	1284	54	1338	<nil>
820	6485	320	6805	<nil>
820	1222	93	1315	<nil>
820	1272	48	1320	<nil>
820	1152	87	1239	<nil>
820	10168	331	10499	<nil>
820	3954	197	4151	<nil>
820	16721	192	16913	<nil>
820	1182	195	1377	<nil>
820	10175	326	10501	<nil>
820	4023	309	4332	<nil>
820	1165	194	1359	<nil>
820	10184	316	10500	<nil>
820	10182	495	10677	<nil>
820	7421	373	7794	<nil>
820	1145	267	1412	<nil>
820	1146	367	1513	<nil>
820	1206	382	1588	<nil>
820	3488	367	3855	<nil>
820	1269	350	1619	<nil>
820	1151	369	1520	<nil>
820	1269	329	1598	<nil>
820	1169	354	1523	<nil>
820	1235	368	1603	<nil>
820	1229	376	1605	<nil>
820	1298	240	1538	<nil>
820	1152	377	1529	<nil>
820	1231	297	1528	<nil>
820	1230	376	1606	<nil>
820	1151	389	1540	<nil>
820	1290	349	1639	<nil>
820	1265	350	1615	<nil>
820	1151	389	1540	<nil>
820	1152	389	1541	<nil>
820	1304	314	1618	<nil>
820	1243	375	1618	<nil>
820	1247	349	1596	<nil>
820	1252	366	1618	<nil>
820	1202	336	1538	<nil>
820	1152	391	1543	<nil>
820	1272	346	1618	<nil>
820	1394	260	1654	<nil>
820	1233	1281	2514	<nil>
820	1285	1243	2528	<nil>
820	6019	1282	7301	<nil>
820	1271	1240	2511	<nil>
820	1446	987	2433	<nil>
820	1269	1245	2514	<nil>
820	1214	1221	2435	<nil>
820	1199	1235	2434	<nil>
820	1255	1261	2516	<nil>
820	1183	1247	2430	<nil>
820	1295	1241	2536	<nil>
820	7068	1285	8353	<nil>
820	1186	1244	2430	<nil>
820	1282	1233	2515	<nil>
820	6223	1305	7528	<nil>
820	10932	1321	12253	<nil>
820	1247	1299	2546	<nil>
820	6071	1264	7335	<nil>
820	1165	1299	2464	<nil>
820	1192	1275	2467	<nil>
820	1295	1261	2556	<nil>
820	6842	1278	8120	<nil>
820	1320	1246	2566	<nil>
820	1468	1004	2472	<nil>
820	1252	1297	2549	<nil>
820	2082	1029	3111	<nil>
820	1453	1254	2707	<nil>
820	1210	1259	2469	<nil>
820	2108	1002	3110	<nil>
820	1288	1179	2467	<nil>
820	536	1258	1794	<nil>
820	611	1276	1887	<nil>
820	1549	1005	2554	<nil>
820	1301	1256	2557	<nil>
820	6391	1141	7532	<nil>
820	1544	1003	2547	<nil>
820	1295	1254	2549	<nil>
820	1145	1318	2463	<nil>
820	3714	1004	4718	<nil>
820	1264	1281	2545	<nil>
820	1272	1272	2544	<nil>
820	1462	1003	2465	<nil>
820	3665	1051	4716	<nil>
820	9602	1237	10839	<nil>
820	1189	1279	2468	<nil>
820	1206	1257	2463	<nil>
820	3774	949	4723	<nil>
820	2860	1235	4095	<nil>
820	493	1010	1503	<nil>
820	96	1238	1334	<nil>
820	1515	951	2466	<nil>
820	10785	956	11741	<nil>
820	1207	1257	2464	<nil>
820	1206	1257	2463	<nil>
820	1211	1258	2469	<nil>
820	102	1241	1343	<nil>
820	1203	1259	2462	<nil>
820	1514	952	2466	<nil>
820	1207	1258	2465	<nil>
820	1207	1257	2464	<nil>
820	5134	1241	6375	<nil>
820	1207	1259	2466	<nil>
820	1509	954	2463	<nil>
820	265	1239	1504	<nil>
820	1202	1266	2468	<nil>
820	1297	1267	2564	<nil>
820	2090	1031	3121	<nil>
820	1544	1009	2553	<nil>
820	15446	956	16402	<nil>
820	9823	1032	10855	<nil>
820	1543	1013	2556	<nil>
820	1440	1037	2477	<nil>
820	3458	1270	4728	<nil>
820	1386	1087	2473	<nil>
820	1458	1014	2472	<nil>
820	1544	1013	2557	<nil>
820	100	1240	1340	<nil>
820	3805	1096	4901	<nil>
820	1549	1098	2647	<nil>
820	1549	1098	2647	<nil>
820	3801	1113	4914	<nil>
820	6635	1107	7742	<nil>
820	2215	1103	3318	<nil>
820	1563	1103	2666	<nil>
820	2101	1107	3208	<nil>
820	5441	1056	6497	<nil>
820	1564	1109	2673	<nil>
820	3822	1105	4927	<nil>
820	10537	1106	11643	<nil>
820	3822	1104	4926	<nil>
820	712	1053	1765	<nil>
820	2127	1079	3206	<nil>
820	381	1052	1433	<nil>
820	3867	1057	4924	<nil>
820	10862	1082	11944	<nil>
820	3873	1055	4928	<nil>
820	663	1078	1741	<nil>
820	1561	1106	2667	<nil>
820	2332	1055	3387	<nil>
820	11474	1104	12578	<nil>
820	10540	1107	11647	<nil>
820	3470	1104	4574	<nil>
820	3966	1108	5074	<nil>
820	712	1054	1766	<nil>
820	16428	1105	17533	<nil>
820	3873	1051	4924	<nil>
820	6659	1080	7739	<nil>
820	1563	1108	2671	<nil>
820	3822	1105	4927	<nil>
820	3859	1104	4963	<nil>
820	27892	1059	28951	<nil>
820	6494	1054	7548	<nil>
820	6508	1057	7565	<nil>
820	1611	1058	2669	<nil>
820	17294	1055	18349	<nil>
820	380	1054	1434	<nil>
820	1612	1051	2663	<nil>
820	387	1052	1439	<nil>
820	3500	1078	4578	<nil>
820	1565	1107	2672	<nil>
820	694	1054	1748	<nil>
820	6441	1107	7548	<nil>
820	1651	1107	2758	<nil>
820	1567	1107	2674	<nil>
820	1620	1048	2668	<nil>
820	2211	1110	3321	<nil>
820	1618	1057	2675	<nil>
820	711	1054	1765	<nil>
820	379	1057	1436	<nil>
820	1284	388	1672	<nil>
820	1464	388	1852	<nil>
820	3838	388	4226	<nil>
820	1524	386	1910	<nil>
820	1405	0	1405	rpc error: code = Unavailable desc = transport is closing
820	1410	0	1410	rpc error: code = Unavailable desc = transport is closing
820	1127	0	1127	rpc error: code = Unavailable desc = transport is closing
820	1406	0	1406	rpc error: code = Unavailable desc = transport is closing
820	1429	0	1429	rpc error: code = Unavailable desc = transport is closing
820	1403	0	1403	rpc error: code = Unavailable desc = transport is closing
820	1409	0	1409	rpc error: code = Unavailable desc = transport is closing
820	11030	0	11030	rpc error: code = Unavailable desc = transport is closing
820	1452	0	1452	rpc error: code = Unavailable desc = transport is closing
820	1478	0	1478	rpc error: code = Unavailable desc = transport is closing
820	11258	0	11258	rpc error: code = Unavailable desc = transport is closing
820	17930	0	17930	rpc error: code = Unavailable desc = transport is closing
820	1436	0	1436	rpc error: code = Unavailable desc = transport is closing
820	11056	0	11056	rpc error: code = Unavailable desc = transport is closing
820	1448	0	1448	rpc error: code = Unavailable desc = transport is closing
820	9870	0	9870	rpc error: code = Unavailable desc = transport is closing
820	1447	0	1447	rpc error: code = Unavailable desc = transport is closing
820	4290	0	4290	rpc error: code = Unavailable desc = transport is closing
820	15657	0	15657	rpc error: code = Unavailable desc = transport is closing
820	1125	0	1125	rpc error: code = Unavailable desc = transport is closing
820	67569	0	67569	rpc error: code = Unavailable desc = transport is closing
820	6098	0	6098	rpc error: code = Unavailable desc = transport is closing
820	4211	0	4211	rpc error: code = Unavailable desc = transport is closing
820	1244	172	1416	<nil>
820	2689	157	2846	<nil>
820	1432	0	1432	rpc error: code = Unavailable desc = transport is closing
820	6285	0	6285	rpc error: code = Unavailable desc = transport is closing
820	1408	0	1408	rpc error: code = Unavailable desc = transport is closing
820	1466	0	1466	rpc error: code = Unavailable desc = transport is closing
820	1264	68	1332	<nil>
820	1439	0	1439	rpc error: code = Unavailable desc = transport is closing
820	1156	158	1314	<nil>
820	27141	0	27141	rpc error: code = Unavailable desc = transport is closing
820	18580	0	18580	rpc error: code = Unavailable desc = transport is closing
820	15525	0	15525	rpc error: code = Unavailable desc = transport is closing
820	28862	0	28862	rpc error: code = Unavailable desc = transport is closing
820	1429	0	1429	rpc error: code = Unavailable desc = transport is closing
820	6348	0	6348	rpc error: code = Unavailable desc = transport is closing
820	1430	0	1430	rpc error: code = Unavailable desc = transport is closing
820	1508	0	1508	rpc error: code = Unavailable desc = transport is closing
820	1456	0	1456	rpc error: code = Unavailable desc = transport is closing
820	1478	0	1478	rpc error: code = Unavailable desc = transport is closing
820	1413	0	1413	rpc error: code = Unavailable desc = transport is closing
820	11033	0	11033	rpc error: code = Unavailable desc = transport is closing
820	4325	0	4325	rpc error: code = Unavailable desc = transport is closing
820	1429	0	1429	rpc error: code = Unavailable desc = transport is closing
820	1147	0	1147	rpc error: code = Unavailable desc = transport is closing
820	1431	0	1431	rpc error: code = Unavailable desc = transport is closing
820	26195	0	26195	rpc error: code = Unavailable desc = transport is closing
820	1431	0	1431	rpc error: code = Unavailable desc = transport is closing
820	17894	0	17894	rpc error: code = Unavailable desc = transport is closing
820	1256	166	1422	<nil>
820	1256	158	1414	<nil>
820	1261	160	1421	<nil>
820	1432	0	1432	rpc error: code = Unavailable desc = transport is closing
820	10509	0	10509	rpc error: code = Unavailable desc = transport is closing
820	1452	0	1452	rpc error: code = Unavailable desc = transport is closing
820	6099	0	6099	rpc error: code = Unavailable desc = transport is closing
820	9692	0	9692	rpc error: code = Unavailable desc = transport is closing
820	1472	0	1472	rpc error: code = Unavailable desc = transport is closing
820	1463	0	1463	rpc error: code = Unavailable desc = transport is closing
820	6226	0	6226	rpc error: code = Unavailable desc = transport is closing
820	1261	158	1419	<nil>
820	1436	0	1436	rpc error: code = Unavailable desc = transport is closing
820	6271	0	6271	rpc error: code = Unavailable desc = transport is closing
820	1415	0	1415	rpc error: code = Unavailable desc = transport is closing
820	1254	169	1423	<nil>
820	1266	157	1423	<nil>
820	1265	157	1422	<nil>
820	1470	0	1470	rpc error: code = Unavailable desc = transport is closing
820	30298	159	30457	<nil>
820	1732	158	1890	<nil>
820	1790	159	1949	<nil>
820	1234	159	1393	<nil>
820	1770	176	1946	<nil>
820	11666	158	11824	<nil>
820	1786	154	1940	<nil>
820	11101	159	11260	<nil>
820	1791	149	1940	<nil>
820	1190	112	1302	<nil>
820	10808	161	10969	<nil>
820	1181	130	1311	<nil>
820	1796	146	1942	<nil>
820	1238	67	1305	<nil>
820	1262	163	1425	<nil>
820	11643	174	11817	<nil>
820	1219	92	1311	<nil>
820	1267	159	1426	<nil>
820	1253	163	1416	<nil>
820	1259	166	1425	<nil>
820	1242	176	1418	<nil>
820	4224	0	4224	rpc error: code = Unavailable desc = transport is closing
820	1251	166	1417	<nil>
820	1458	163	1621	<nil>
820	1434	0	1434	rpc error: code = Unavailable desc = transport is closing
820	1252	165	1417	<nil>
820	4080	0	4080	rpc error: code = Unavailable desc = transport is closing
820	1256	68	1324	<nil>
820	1164	160	1324	<nil>
820	4131	172	4303	<nil>
820	1462	0	1462	rpc error: code = Unavailable desc = transport is closing
820	1256	68	1324	<nil>
820	1164	160	1324	<nil>
820	1276	161	1437	<nil>
820	1394	39	1433	<nil>
820	365	40	405	<nil>
820	396	40	436	<nil>
820	1392	40	1432	<nil>
820	3067	40	3107	<nil>
820	1283	71	1354	<nil>
820	1396	44	1440	<nil>
820	3662	39	3701	<nil>
820	1634	44	1678	<nil>
820	396	45	441	<nil>
820	396	45	441	<nil>
820	1394	46	1440	<nil>
820	1397	44	1441	<nil>
820	6490	0	6490	rpc error: code = Unavailable desc = transport is closing
820	1394	45	1439	<nil>
820	1396	47	1443	<nil>
820	1393	47	1440	<nil>
820	1394	49	1443	<nil>
820	1396	45	1441	<nil>
820	1394	46	1440	<nil>
820	1395	47	1442	<nil>
820	1395	47	1442	<nil>
820	1396	55	1451	<nil>
820	1433	0	1433	rpc error: code = Unavailable desc = transport is closing
820	375	94	469	<nil>
820	365	93	458	<nil>
820	379	91	470	<nil>
820	371	88	459	<nil>
820	300	94	394	<nil>
820	380	95	475	<nil>
820	15261	95	15356	<nil>
820	26210	94	26304	<nil>
820	26355	96	26451	<nil>
820	1305	94	1399	<nil>
820	3761	95	3856	<nil>
820	1407	96	1503	<nil>
820	298	95	393	<nil>
820	369	97	466	<nil>
820	1410	95	1505	<nil>
820	270	55	325	<nil>
820	1408	89	1497	<nil>
820	371	96	467	<nil>
820	2838	97	2935	<nil>
820	322	96	418	<nil>
820	370	97	467	<nil>
820	1411	95	1506	<nil>
820	370	100	470	<nil>
820	3690	100	3790	<nil>
820	1402	108	1510	<nil>
820	371	99	470	<nil>
820	370	100	470	<nil>
820	371	99	470	<nil>
820	1408	100	1508	<nil>
820	200	115	315	<nil>
820	216	98	314	<nil>
820	298	77	375	<nil>
820	5979	97	6076	<nil>
820	93	128	221	<nil>
820	240	132	372	<nil>
820	238	126	364	<nil>
820	205	160	365	<nil>
820	201	160	361	<nil>
820	188	172	360	<nil>
820	192	171	363	<nil>
820	188	174	362	<nil>
820	206	152	358	<nil>
820	190	171	361	<nil>
820	184	174	358	<nil>
820	203	159	362	<nil>
820	188	170	358	<nil>
820	198	159	357	<nil>
820	190	170	360	<nil>
820	200	157	357	<nil>
820	200	158	358	<nil>
820	9264	178	9442	<nil>
820	15511	179	15690	<nil>
820	219	169	388	<nil>
820	203	158	361	<nil>
820	201	171	372	<nil>
820	199	160	359	<nil>
820	200	158	358	<nil>
820	203	159	362	<nil>
820	234	151	385	<nil>
820	187	172	359	<nil>
820	200	159	359	<nil>
820	94	131	225	<nil>
820	186	173	359	<nil>
820	91	132	223	<nil>
820	191	172	363	<nil>
820	9288	158	9446	<nil>
820	189	176	365	<nil>
820	97	126	223	<nil>
820	5147	175	5322	<nil>
820	77	174	251	<nil>
820	206	159	365	<nil>
820	198	171	369	<nil>
820	211	161	372	<nil>
820	76	183	259	<nil>
820	88	140	228	<nil>
820	1392	388	1780	<nil>
820	1403	395	1798	<nil>
820	1400	394	1794	<nil>
820	298	392	690	<nil>
820	380	396	776	<nil>
820	1403	395	1798	<nil>
820	17714	392	18106	<nil>
820	3228	394	3622	<nil>
820	338	396	734	<nil>
820	372	396	768	<nil>
820	378	394	772	<nil>
820	2840	393	3233	<nil>
820	364	395	759	<nil>
820	3376	393	3769	<nil>
820	1403	394	1797	<nil>
820	1398	390	1788	<nil>
820	1397	399	1796	<nil>
820	1405	395	1800	<nil>
820	365	396	761	<nil>
820	316	395	711	<nil>
820	16567	395	16962	<nil>
820	9081	301	9382	<nil>
820	3040	251	3291	<nil>
820	170	255	425	<nil>
820	24907	255	25162	<nil>
820	175	254	429	<nil>
820	201	234	435	<nil>
820	188	259	447	<nil>
820	216	239	455	<nil>
820	209	283	492	<nil>
820	234	300	534	<nil>
820	222	300	522	<nil>
820	213	310	523	<nil>
820	212	301	513	<nil>
820	226	301	527	<nil>
820	231	302	533	<nil>
820	210	305	515	<nil>
820	244	273	517	<nil>
820	99	500	599	<nil>
820	102	498	600	<nil>
820	189	503	692	<nil>
820	228	492	720	<nil>
820	214	497	711	<nil>
820	209	503	712	<nil>
820	218	496	714	<nil>
820	217	498	715	<nil>
820	211	501	712	<nil>
820	361	204	565	<nil>
820	213	499	712	<nil>
820	290	275	565	<nil>
820	212	499	711	<nil>
820	538	206	744	<nil>
820	524	269	793	<nil>
820	3165	576	3741	<nil>
820	525	279	804	<nil>
820	525	154	679	<nil>
820	525	154	679	<nil>
820	471	155	626	<nil>
820	527	154	681	<nil>
820	527	154	681	<nil>
820	525	155	680	<nil>
820	528	154	682	<nil>
820	525	155	680	<nil>
820	584	97	681	<nil>
820	528	155	683	<nil>
820	470	155	625	<nil>
820	489	137	626	<nil>
820	445	137	582	<nil>
820	504	121	625	<nil>
820	504	121	625	<nil>
820	533	92	625	<nil>
820	530	155	685	<nil>
820	15785	122	15907	<nil>
820	2749	155	2904	<nil>
820	2762	155	2917	<nil>
820	431	72	503	<nil>
820	9874	74	9948	<nil>
820	458	123	581	<nil>
820	517	138	655	<nil>
820	629	52	681	<nil>
820	633	49	682	<nil>
820	622	96	718	<nil>
820	606	76	682	<nil>
820	2642	52	2694	<nil>
820	4909	57	4966	<nil>
820	577	60	637	<nil>
820	471	158	629	<nil>
820	528	158	686	<nil>
820	2847	60	2907	<nil>
820	629	55	684	<nil>
820	2868	53	2921	<nil>
820	632	52	684	<nil>
820	633	52	685	<nil>
820	584	55	639	<nil>
820	67110	60	67170	<nil>
820	527	156	683	<nil>
820	532	155	687	<nil>
820	503	123	626	<nil>
820	633	49	682	<nil>
820	650	53	703	<nil>
820	660	60	720	<nil>
820	2823	81	2904	<nil>
820	27022	63	27085	<nil>
820	625	60	685	<nil>
820	500	84	584	<nil>
820	631	77	708	<nil>
820	624	139	763	<nil>
820	586	136	722	<nil>
820	2843	153	2996	<nil>
820	419	145	564	<nil>
820	632	145	777	<nil>
820	5430	148	5578	<nil>
820	417	143	560	<nil>
820	428	141	569	<nil>
820	426	143	569	<nil>
820	5428	148	5576	<nil>
820	67132	149	67281	<nil>
820	9975	142	10117	<nil>
820	428	141	569	<nil>
820	9367	148	9515	<nil>
820	248	132	380	<nil>
820	2876	142	3018	<nil>
820	254	118	372	<nil>
820	247	132	379	<nil>
820	216	111	327	<nil>
820	2900	137	3037	<nil>
820	189	136	325	<nil>
820	193	136	329	<nil>
820	190	136	326	<nil>
820	2902	137	3039	<nil>
820	2635	129	2764	<nil>
820	163	130	293	<nil>
820	191	102	293	<nil>
820	246	102	348	<nil>
820	191	101	292	<nil>
820	211	102	313	<nil>
820	246	101	347	<nil>
820	2633	131	2764	<nil>
820	1233	64	1297	<nil>
820	2984	77	3061	<nil>
820	2974	101	3075	<nil>
820	230	63	293	<nil>
820	1171	131	1302	<nil>
820	1230	69	1299	<nil>
820	247	102	349	<nil>
820	162	131	293	<nil>
820	2688	81	2769	<nil>
820	1205	62	1267	<nil>
820	28258	62	28320	<nil>
820	1203	61	1264	<nil>
820	3002	61	3063	<nil>
820	5981	49	6030	<nil>
820	161	49	210	<nil>
820	157	53	210	<nil>
820	145	50	195	<nil>
820	186	19	205	<nil>
820	152	60	212	<nil>
820	157	36	193	<nil>
820	145	48	193	<nil>
820	161	48	209	<nil>
820	157	53	210	<nil>
820	162	48	210	<nil>
820	146	49	195	<nil>
820	157	52	209	<nil>
820	158	54	212	<nil>
820	153	49	202	<nil>
820	144	60	204	<nil>
820	185	19	204	<nil>
820	158	53	211	<nil>
820	187	45	232	<nil>
820	190	61	251	<nil>
820	187	64	251	<nil>
820	188	66	254	<nil>
820	197	65	262	<nil>
820	187	64	251	<nil>
820	198	67	265	<nil>
820	179	117	296	<nil>
820	186	118	304	<nil>
820	184	121	305	<nil>
820	188	118	306	<nil>
820	187	117	304	<nil>
820	187	118	305	<nil>
820	200	118	318	<nil>
820	187	119	306	<nil>
820	188	119	307	<nil>
820	5678	122	5800	<nil>
820	167	131	298	<nil>
820	173	128	301	<nil>
820	201	121	322	<nil>
820	187	124	311	<nil>
820	10150	124	10274	<nil>
820	177	132	309	<nil>
820	188	124	312	<nil>
820	187	132	319	<nil>
820	186	134	320	<nil>
820	6067	123	6190	<nil>
820	194	135	329	<nil>
820	173	204	377	<nil>
820	171	142	313	<nil>
820	110	196	306	<nil>
820	10150	205	10355	<nil>
820	166	141	307	<nil>
820	104	187	291	<nil>
820	1191	139	1330	<nil>
820	1213	119	1332	<nil>
820	119	189	308	<nil>
820	123	182	305	<nil>
820	91	185	276	<nil>
820	1134	190	1324	<nil>
820	83	190	273	<nil>
820	93	183	276	<nil>
820	2828	190	3018	<nil>
820	1144	196	1340	<nil>
820	119	189	308	<nil>
820	54	206	260	<nil>
820	101	190	291	<nil>
820	75	205	280	<nil>
820	60	198	258	<nil>
820	59	199	258	<nil>
820	74	207	281	<nil>
820	100	155	255	<nil>
820	100	161	261	<nil>
820	52	207	259	<nil>
820	100	180	280	<nil>
820	103	242	345	<nil>
820	102	250	352	<nil>
820	2462	223	2685	<nil>
820	155	227	382	<nil>
820	143	227	370	<nil>
820	5802	219	6021	<nil>
820	145	224	369	<nil>
820	24452	225	24677	<nil>
820	228	152	380	<nil>
820	94	223	317	<nil>
820	9815	223	10038	<nil>
820	101	279	380	<nil>
820	100	281	381	<nil>
820	99	281	380	<nil>
820	155	227	382	<nil>
820	214	230	444	<nil>
820	156	226	382	<nil>
820	94	276	370	<nil>
820	102	279	381	<nil>
820	15966	277	16243	<nil>
820	6270	149	6419	<nil>
820	169	149	318	<nil>
820	140	149	289	<nil>
820	171	150	321	<nil>
820	185	149	334	<nil>
820	2549	149	2698	<nil>
820	176	149	325	<nil>
820	137	150	287	<nil>
820	43176	156	43332	<nil>
820	228	153	381	<nil>
820	178	156	334	<nil>
820	172	150	322	<nil>
820	10241	150	10391	<nil>
820	188	157	345	<nil>
820	166	152	318	<nil>
820	26217	156	26373	<nil>
820	171	213	384	<nil>
820	23502	273	23775	<nil>
820	208	203	411	<nil>
820	165	274	439	<nil>
820	137	225	362	<nil>
820	27539	226	27765	<nil>
820	155	245	400	<nil>
820	155	246	401	<nil>
820	190	264	454	<nil>
820	187	245	432	<nil>
820	156	250	406	<nil>
820	157	248	405	<nil>
820	158	246	404	<nil>
820	15973	248	16221	<nil>
820	10406	266	10672	<nil>
820	221	237	458	<nil>
820	137	268	405	<nil>
820	2638	229	2867	<nil>
820	129	193	322	<nil>
820	137	199	336	<nil>
820	159	179	338	<nil>
820	147	193	340	<nil>
820	173	225	398	<nil>
820	160	179	339	<nil>
820	2646	230	2876	<nil>
820	186	225	411	<nil>
820	8953	225	9178	<nil>
820	169	242	411	<nil>
820	206	238	444	<nil>
820	5752	178	5930	<nil>
820	179	160	339	<nil>
820	160	179	339	<nil>
820	117	179	296	<nil>
820	151	176	327	<nil>
820	127	207	334	<nil>
820	139	207	346	<nil>
820	137	203	340	<nil>
820	160	180	340	<nil>
820	127	206	333	<nil>
820	130	204	334	<nil>
820	143	214	357	<nil>
820	128	250	378	<nil>
820	199	238	437	<nil>
820	131	307	438	<nil>
820	2694	312	3006	<nil>
820	145	311	456	<nil>
820	134	311	445	<nil>
840	270	1385	1655	<nil>
840	2828	1384	4212	<nil>
840	266	1389	1655	<nil>
840	261	1389	1650	<nil>
840	2825	1387	4212	<nil>
840	24990	1393	26383	<nil>
840	9160	1355	10515	<nil>
840	175	1387	1562	<nil>
840	14524	1391	15915	<nil>
840	192	1388	1580	<nil>
840	1159	1380	2539	<nil>
840	1179	1348	2527	<nil>
840	162	1359	1521	<nil>
840	5270	1269	6539	<nil>
840	1226	1318	2544	<nil>
840	167	1268	1435	<nil>
840	250	1269	1519	<nil>
840	245	1270	1515	<nil>
840	167	1269	1436	<nil>
840	1124	1280	2404	<nil>
840	1273	1270	2543	<nil>
840	1275	1268	2543	<nil>
840	1274	1268	2542	<nil>
840	1273	1269	2542	<nil>
840	1273	1269	2542	<nil>
840	116	1269	1385	<nil>
840	1261	1268	2529	<nil>
840	1273	1270	2543	<nil>
840	1261	1268	2529	<nil>
840	164	1269	1433	<nil>
840	1267	1268	2535	<nil>
840	2943	1270	4213	<nil>
840	1303	1239	2542	<nil>
840	1274	1269	2543	<nil>
840	9397	1319	10716	<nil>
840	165	1270	1435	<nil>
840	1224	1319	2543	<nil>
840	1229	1313	2542	<nil>
840	215	1318	1533	<nil>
840	1226	1318	2544	<nil>
840	1228	1314	2542	<nil>
840	1224	1318	2542	<nil>
840	1199	1343	2542	<nil>
840	4717	1318	6035	<nil>
840	170	1345	1515	<nil>
840	1230	1313	2543	<nil>
840	1224	1319	2543	<nil>
840	1224	1319	2543	<nil>
840	1183	1350	2533	<nil>
840	256	1270	1526	<nil>
840	419	0	419	rpc error: code = Unavailable desc = transport is closing
840	131	1303	1434	<nil>
840	9974	0	9974	rpc error: code = Unavailable desc = transport is closing
840	255	0	255	rpc error: code = Unavailable desc = transport is closing
840	611	0	611	rpc error: code = Unavailable desc = transport is closing
840	9898	0	9898	rpc error: code = Unavailable desc = transport is closing
840	461	0	461	rpc error: code = Unavailable desc = transport is closing
840	15882	0	15882	rpc error: code = Unavailable desc = transport is closing
840	5690	0	5690	rpc error: code = Unavailable desc = transport is closing
840	2697	0	2697	rpc error: code = Unavailable desc = transport is closing
840	427	0	427	rpc error: code = Unavailable desc = transport is closing
840	155	1276	1431	<nil>
840	427	0	427	rpc error: code = Unavailable desc = transport is closing
840	5813	0	5813	rpc error: code = Unavailable desc = transport is closing
840	583	0	583	rpc error: code = Unavailable desc = transport is closing
840	9879	0	9879	rpc error: code = Unavailable desc = transport is closing
840	524	0	524	rpc error: code = Unavailable desc = transport is closing
840	248	0	248	rpc error: code = Unavailable desc = transport is closing
840	416	0	416	rpc error: code = Unavailable desc = transport is closing
840	529	0	529	rpc error: code = Unavailable desc = transport is closing
840	421	0	421	rpc error: code = Unavailable desc = transport is closing
840	2873	0	2873	rpc error: code = Unavailable desc = transport is closing
840	5765	0	5765	rpc error: code = Unavailable desc = transport is closing
840	9958	0	9958	rpc error: code = Unavailable desc = transport is closing
840	155	1276	1431	<nil>
840	162	1276	1438	<nil>
840	427	0	427	rpc error: code = Unavailable desc = transport is closing
840	416	0	416	rpc error: code = Unavailable desc = transport is closing
840	137	1301	1438	<nil>
840	3005	1300	4305	<nil>
840	152	1276	1428	<nil>
840	3027	1277	4304	<nil>
840	2803	1302	4105	<nil>
840	502	0	502	rpc error: code = Unavailable desc = transport is closing
840	562	0	562	rpc error: code = Unavailable desc = transport is closing
840	416	0	416	rpc error: code = Unavailable desc = transport is closing
840	9704	0	9704	rpc error: code = Unavailable desc = transport is closing
840	428	0	428	rpc error: code = Unavailable desc = transport is closing
840	413	0	413	rpc error: code = Unavailable desc = transport is closing
840	357	0	357	rpc error: code = Unavailable desc = transport is closing
840	592	0	592	rpc error: code = Unavailable desc = transport is closing
840	414	0	414	rpc error: code = Unavailable desc = transport is closing
840	596	0	596	rpc error: code = Unavailable desc = transport is closing
840	561	0	561	rpc error: code = Unavailable desc = transport is closing
840	543	0	543	rpc error: code = Unavailable desc = transport is closing
840	120	0	120	rpc error: code = Unavailable desc = transport is closing
840	9439	0	9439	rpc error: code = Unavailable desc = transport is closing
840	415	0	415	rpc error: code = Unavailable desc = transport is closing
840	559	0	559	rpc error: code = Unavailable desc = transport is closing
840	184	0	184	rpc error: code = Unavailable desc = transport is closing
840	413	0	413	rpc error: code = Unavailable desc = transport is closing
840	415	0	415	rpc error: code = Unavailable desc = transport is closing
840	414	0	414	rpc error: code = Unavailable desc = transport is closing
840	5854	0	5854	rpc error: code = Unavailable desc = transport is closing
840	15026	0	15026	rpc error: code = Unavailable desc = transport is closing
840	579	0	579	rpc error: code = Unavailable desc = transport is closing
840	197	0	197	rpc error: code = Unavailable desc = transport is closing
840	430	0	430	rpc error: code = Unavailable desc = transport is closing
840	548	0	548	rpc error: code = Unavailable desc = transport is closing
840	417	0	417	rpc error: code = Unavailable desc = transport is closing
840	630	0	630	rpc error: code = Unavailable desc = transport is closing
840	435	0	435	rpc error: code = Unavailable desc = transport is closing
840	415	0	415	rpc error: code = Unavailable desc = transport is closing
840	588	0	588	rpc error: code = Unavailable desc = transport is closing
840	173	0	173	rpc error: code = Unavailable desc = transport is closing
840	9886	0	9886	rpc error: code = Unavailable desc = transport is closing
840	422	0	422	rpc error: code = Unavailable desc = transport is closing
840	407	0	407	rpc error: code = Unavailable desc = transport is closing
840	586	0	586	rpc error: code = Unavailable desc = transport is closing
840	411	0	411	rpc error: code = Unavailable desc = transport is closing
840	115	0	115	rpc error: code = Unavailable desc = transport is closing
840	9134	0	9134	rpc error: code = Unavailable desc = transport is closing
840	423	0	423	rpc error: code = Unavailable desc = transport is closing
840	25511	0	25511	rpc error: code = Unavailable desc = transport is closing
840	528	0	528	rpc error: code = Unavailable desc = transport is closing
840	504	0	504	rpc error: code = Unavailable desc = transport is closing
840	526	0	526	rpc error: code = Unavailable desc = transport is closing
840	163	0	163	rpc error: code = Unavailable desc = transport is closing
840	670	0	670	rpc error: code = Unavailable desc = transport is closing
840	412	0	412	rpc error: code = Unavailable desc = transport is closing
840	458	0	458	rpc error: code = Unavailable desc = transport is closing
840	488	0	488	rpc error: code = Unavailable desc = transport is closing
840	184	0	184	rpc error: code = Unavailable desc = transport is closing
840	625	0	625	rpc error: code = Unavailable desc = transport is closing
840	565	0	565	rpc error: code = Unavailable desc = transport is closing
840	660	0	660	rpc error: code = Unavailable desc = transport is closing
840	575	0	575	rpc error: code = Unavailable desc = transport is closing
840	528	0	528	rpc error: code = Unavailable desc = transport is closing
840	452	0	452	rpc error: code = Unavailable desc = transport is closing
840	375	0	375	rpc error: code = Unavailable desc = transport is closing
840	2780	0	2780	rpc error: code = Unavailable desc = transport is closing
840	557	0	557	rpc error: code = Unavailable desc = transport is closing
840	609	0	609	rpc error: code = Unavailable desc = transport is closing
840	529	0	529	rpc error: code = Unavailable desc = transport is closing
840	9901	0	9901	rpc error: code = Unavailable desc = transport is closing
840	559	0	559	rpc error: code = Unavailable desc = transport is closing
840	406	0	406	rpc error: code = Unavailable desc = transport is closing
840	9006	0	9006	rpc error: code = Unavailable desc = transport is closing
840	609	0	609	rpc error: code = Unavailable desc = transport is closing
840	544	0	544	rpc error: code = Unavailable desc = transport is closing
840	25159	0	25159	rpc error: code = Unavailable desc = transport is closing
840	624	0	624	rpc error: code = Unavailable desc = transport is closing
840	633	0	633	rpc error: code = Unavailable desc = transport is closing
840	609	0	609	rpc error: code = Unavailable desc = transport is closing
840	449	0	449	rpc error: code = Unavailable desc = transport is closing
840	669	0	669	rpc error: code = Unavailable desc = transport is closing
840	565	0	565	rpc error: code = Unavailable desc = transport is closing
840	491	0	491	rpc error: code = Unavailable desc = transport is closing
840	9260	0	9260	rpc error: code = Unavailable desc = transport is closing
840	441	0	441	rpc error: code = Unavailable desc = transport is closing
840	454	0	454	rpc error: code = Unavailable desc = transport is closing
840	26216	0	26216	rpc error: code = Unavailable desc = transport is closing
840	452	0	452	rpc error: code = Unavailable desc = transport is closing
840	637	0	637	rpc error: code = Unavailable desc = transport is closing
840	453	0	453	rpc error: code = Unavailable desc = transport is closing
840	633	0	633	rpc error: code = Unavailable desc = transport is closing
840	392	0	392	rpc error: code = Unavailable desc = transport is closing
840	14925	0	14925	rpc error: code = Unavailable desc = transport is closing
840	1388	0	1388	rpc error: code = Unavailable desc = transport is closing
840	437	0	437	rpc error: code = Unavailable desc = transport is closing
840	494	0	494	rpc error: code = Unavailable desc = transport is closing
840	427	0	427	rpc error: code = Unavailable desc = transport is closing
840	530	0	530	rpc error: code = Unavailable desc = transport is closing
840	419	0	419	rpc error: code = Unavailable desc = transport is closing
840	527	0	527	rpc error: code = Unavailable desc = transport is closing
840	1392	0	1392	rpc error: code = Unavailable desc = transport is closing
840	492	0	492	rpc error: code = Unavailable desc = transport is closing
840	1262	0	1262	rpc error: code = Unavailable desc = transport is closing
840	492	0	492	rpc error: code = Unavailable desc = transport is closing
840	5777	0	5777	rpc error: code = Unavailable desc = transport is closing
840	493	0	493	rpc error: code = Unavailable desc = transport is closing
840	606	0	606	rpc error: code = Unavailable desc = transport is closing
840	494	0	494	rpc error: code = Unavailable desc = transport is closing
840	532	0	532	rpc error: code = Unavailable desc = transport is closing
840	491	0	491	rpc error: code = Unavailable desc = transport is closing
840	1257	0	1257	rpc error: code = Unavailable desc = transport is closing
840	524	0	524	rpc error: code = Unavailable desc = transport is closing
840	1390	0	1390	rpc error: code = Unavailable desc = transport is closing
840	5816	0	5816	rpc error: code = Unavailable desc = transport is closing
840	395	0	395	rpc error: code = Unavailable desc = transport is closing
840	473	0	473	rpc error: code = Unavailable desc = transport is closing
840	5777	0	5777	rpc error: code = Unavailable desc = transport is closing
840	527	0	527	rpc error: code = Unavailable desc = transport is closing
840	452	0	452	rpc error: code = Unavailable desc = transport is closing
840	1391	0	1391	rpc error: code = Unavailable desc = transport is closing
840	9035	0	9035	rpc error: code = Unavailable desc = transport is closing
840	422	0	422	rpc error: code = Unavailable desc = transport is closing
840	16140	0	16140	rpc error: code = Unavailable desc = transport is closing
840	632	0	632	rpc error: code = Unavailable desc = transport is closing
840	533	0	533	rpc error: code = Unavailable desc = transport is closing
840	643	0	643	rpc error: code = Unavailable desc = transport is closing
840	473	0	473	rpc error: code = Unavailable desc = transport is closing
840	547	0	547	rpc error: code = Unavailable desc = transport is closing
840	530	0	530	rpc error: code = Unavailable desc = transport is closing
840	527	0	527	rpc error: code = Unavailable desc = transport is closing
840	528	0	528	rpc error: code = Unavailable desc = transport is closing
840	472	0	472	rpc error: code = Unavailable desc = transport is closing
840	530	0	530	rpc error: code = Unavailable desc = transport is closing
840	10643	0	10643	rpc error: code = Unavailable desc = transport is closing
840	528	0	528	rpc error: code = Unavailable desc = transport is closing
840	1267	0	1267	rpc error: code = Unavailable desc = transport is closing
840	535	0	535	rpc error: code = Unavailable desc = transport is closing
840	490	0	490	rpc error: code = Unavailable desc = transport is closing
840	526	0	526	rpc error: code = Unavailable desc = transport is closing
840	563	0	563	rpc error: code = Unavailable desc = transport is closing
840	1261	0	1261	rpc error: code = Unavailable desc = transport is closing
840	1261	0	1261	rpc error: code = Unavailable desc = transport is closing
840	1264	0	1264	rpc error: code = Unavailable desc = transport is closing
840	1261	0	1261	rpc error: code = Unavailable desc = transport is closing
840	6290	128	6418	<nil>
840	2340	184	2524	<nil>
840	1340	285	1625	<nil>
840	1319	285	1604	<nil>
840	1340	285	1625	<nil>
840	1314	283	1597	<nil>
840	2346	286	2632	<nil>
840	1358	285	1643	<nil>
840	1370	280	1650	<nil>
840	1357	295	1652	<nil>
840	2355	288	2643	<nil>
840	1310	295	1605	<nil>
840	1358	295	1653	<nil>
840	1310	295	1605	<nil>
840	1318	306	1624	<nil>
840	1375	244	1619	<nil>
840	6098	244	6342	<nil>
840	1382	244	1626	<nil>
840	1382	243	1625	<nil>
840	1386	244	1630	<nil>
840	1382	243	1625	<nil>
840	1381	244	1625	<nil>
840	1381	244	1625	<nil>
840	1384	245	1629	<nil>
840	1375	244	1619	<nil>
840	1421	290	1711	<nil>
840	11726	290	12016	<nil>
840	42648	289	42937	<nil>
840	1312	290	1602	<nil>
840	6146	308	6454	<nil>
840	6417	308	6725	<nil>
840	1392	308	1700	<nil>
840	319	61	380	<nil>
840	273	37	310	<nil>
840	348	38	386	<nil>
840	335	50	385	<nil>
840	343	44	387	<nil>
840	2854	37	2891	<nil>
840	331	46	377	<nil>
840	331	55	386	<nil>
840	362	37	399	<nil>
840	323	55	378	<nil>
840	330	56	386	<nil>
840	340	60	400	<nil>
840	329	58	387	<nil>
840	332	55	387	<nil>
840	332	56	388	<nil>
840	328	60	388	<nil>
840	265	37	302	<nil>
840	332	55	387	<nil>
840	329	58	387	<nil>
840	343	44	387	<nil>
840	330	60	390	<nil>
840	328	61	389	<nil>
840	328	60	388	<nil>
840	9792	39	9831	<nil>
840	329	61	390	<nil>
840	161	20	181	<nil>
840	332	56	388	<nil>
840	5459	22	5481	<nil>
840	362	25	387	<nil>
840	366	21	387	<nil>
840	379	22	401	<nil>
840	2884	19	2903	<nil>
840	376	25	401	<nil>
840	133	21	154	<nil>
840	356	29	385	<nil>
840	362	23	385	<nil>
840	359	26	385	<nil>
840	363	23	386	<nil>
840	365	23	388	<nil>
840	160	21	181	<nil>
840	361	27	388	<nil>
840	2546	27	2573	<nil>
840	359	27	386	<nil>
840	362	26	388	<nil>
840	359	27	386	<nil>
840	361	26	387	<nil>
840	68	13	81	<nil>
840	9946	25	9971	<nil>
840	2891	18	2909	<nil>
840	363	25	388	<nil>
840	361	26	387	<nil>
840	87	13	100	<nil>
840	361	26	387	<nil>
840	183	21	204	<nil>
840	162	19	181	<nil>
840	379	21	400	<nil>
840	365	23	388	<nil>
840	2890	19	2909	<nil>
840	182	23	205	<nil>
840	360	27	387	<nil>
840	361	25	386	<nil>
840	98	21	119	<nil>
840	100	63	163	<nil>
840	91	61	152	<nil>
840	81	79	160	<nil>
840	16	127	143	<nil>
840	5230	149	5379	<nil>
840	2357	157	2514	<nil>
840	151	22	173	<nil>
840	3070	22	3092	<nil>
840	131	45	176	<nil>
840	15551	45	15596	<nil>
840	151	22	173	<nil>
840	154	20	174	<nil>
840	3096	14	3110	<nil>
840	188	14	202	<nil>
840	187	15	202	<nil>
840	191	10	201	<nil>
840	178	22	200	<nil>
840	180	22	202	<nil>
840	177	22	199	<nil>
840	176	24	200	<nil>
840	177	24	201	<nil>
840	188	13	201	<nil>
840	187	15	202	<nil>
840	196	14	210	<nil>
840	187	14	201	<nil>
840	180	23	203	<nil>
840	180	22	202	<nil>
840	186	23	209	<nil>
840	179	22	201	<nil>
840	180	22	202	<nil>
840	179	22	201	<nil>
840	194	14	208	<nil>
840	225	47	272	<nil>
840	201	52	253	<nil>
840	188	63	251	<nil>
840	233	47	280	<nil>
840	233	47	280	<nil>
840	232	48	280	<nil>
840	225	48	273	<nil>
840	225	49	274	<nil>
840	225	49	274	<nil>
840	234	52	286	<nil>
840	234	56	290	<nil>
840	2949	62	3011	<nil>
840	233	57	290	<nil>
840	229	66	295	<nil>
840	232	63	295	<nil>
840	15657	67	15724	<nil>
840	217	71	288	<nil>
840	233	61	294	<nil>
840	228	66	294	<nil>
840	234	61	295	<nil>
840	226	62	288	<nil>
840	228	66	294	<nil>
840	5731	57	5788	<nil>
840	234	62	296	<nil>
840	234	62	296	<nil>
840	219	76	295	<nil>
840	5736	62	5798	<nil>
840	3108	60	3168	<nil>
840	232	63	295	<nil>
840	2862	63	2925	<nil>
840	229	67	296	<nil>
840	217	79	296	<nil>
840	234	56	290	<nil>
840	191	23	214	<nil>
840	9561	73	9634	<nil>
840	2624	23	2647	<nil>
840	15639	73	15712	<nil>
840	5761	46	5807	<nil>
840	105	111	216	<nil>
840	82	117	199	<nil>
840	92	128	220	<nil>
840	2424	121	2545	<nil>
840	91	121	212	<nil>
840	90	122	212	<nil>
840	2744	127	2871	<nil>
840	136	56	192	<nil>
840	136	56	192	<nil>
840	136	56	192	<nil>
840	167	54	221	<nil>
840	120	59	179	<nil>
840	2718	40	2758	<nil>
840	15788	76	15864	<nil>
840	136	57	193	<nil>
840	152	41	193	<nil>
840	137	57	194	<nil>
840	137	57	194	<nil>
840	2932	57	2989	<nil>
840	136	60	196	<nil>
840	2681	78	2759	<nil>
840	133	58	191	<nil>
840	155	43	198	<nil>
840	136	58	194	<nil>
840	189	21	210	<nil>
840	112	22	134	<nil>
840	127	23	150	<nil>
840	173	23	196	<nil>
840	119	24	143	<nil>
840	16647	25	16672	<nil>
840	128	33	161	<nil>
840	174	33	207	<nil>
840	151	53	204	<nil>
840	177	53	230	<nil>
840	245	32	277	<nil>
840	159	70	229	<nil>
840	2973	15	2988	<nil>
840	2603	70	2673	<nil>
840	16385	71	16456	<nil>
840	252	25	277	<nil>
840	198	34	232	<nil>
840	161	46	207	<nil>
840	196	32	228	<nil>
840	235	42	277	<nil>
840	15863	61	15924	<nil>
840	15581	61	15642	<nil>
840	189	45	234	<nil>
840	10053	45	10098	<nil>
840	188	18	206	<nil>
840	198	33	231	<nil>
840	139	126	265	<nil>
840	111	133	244	<nil>
840	157	97	254	<nil>
840	2931	123	3054	<nil>
840	92	90	182	<nil>
840	132	168	300	<nil>
840	97	105	202	<nil>
840	100	103	203	<nil>
840	183	116	299	<nil>
840	113	142	255	<nil>
840	2511	125	2636	<nil>
840	17615	161	17776	<nil>
840	2455	181	2636	<nil>
840	129	129	258	<nil>
840	28528	129	28657	<nil>
840	132	168	300	<nil>
840	90	108	198	<nil>
840	120	177	297	<nil>
840	2465	114	2579	<nil>
840	78	108	186	<nil>
840	91	108	199	<nil>
840	94	110	204	<nil>
840	78	108	186	<nil>
840	97	111	208	<nil>
840	79	120	199	<nil>
840	8917	129	9046	<nil>
840	79	155	234	<nil>
840	39	161	200	<nil>
840	2508	104	2612	<nil>
840	15986	110	16096	<nil>
840	144	96	240	<nil>
840	144	97	241	<nil>
840	140	102	242	<nil>
840	24322	123	24445	<nil>
840	5291	106	5397	<nil>
840	140	102	242	<nil>
840	140	101	241	<nil>
840	135	106	241	<nil>
840	151	106	257	<nil>
840	140	109	249	<nil>
840	1091	81	1172	<nil>
840	46	78	124	<nil>
840	2388	78	2466	<nil>
840	10592	119	10711	<nil>
840	140	120	260	<nil>
840	140	120	260	<nil>
840	141	120	261	<nil>
840	136	124	260	<nil>
840	9165	83	9248	<nil>
840	123	53	176	<nil>
840	2636	78	2714	<nil>
840	51	81	132	<nil>
840	2554	81	2635	<nil>
840	9164	82	9246	<nil>
840	2658	70	2728	<nil>
840	125	155	280	<nil>
840	113959	154	114113	<nil>
840	1094	155	1249	<nil>
840	191	104	295	<nil>
840	2610	107	2717	<nil>
840	2555	160	2715	<nil>
840	188	106	294	<nil>
840	184	98	282	<nil>
840	110	117	227	<nil>
840	25255	111	25366	<nil>
840	56	126	182	<nil>
840	70	119	189	<nil>
840	2642	101	2743	<nil>
840	2477	119	2596	<nil>
840	67	119	186	<nil>
840	2917	101	3018	<nil>
840	2495	104	2599	<nil>
840	1095	98	1193	<nil>
840	14934	120	15054	<nil>
840	93	98	191	<nil>
840	1075	119	1194	<nil>
840	43	119	162	<nil>
840	185	110	295	<nil>
840	1088	110	1198	<nil>
840	73	119	192	<nil>
840	2495	110	2605	<nil>
840	119	120	239	<nil>
840	174	119	293	<nil>
840	185	110	295	<nil>
840	66	120	186	<nil>
840	1077	169	1246	<nil>
840	1094	170	1264	<nil>
840	70	208	278	<nil>
840	189	195	384	<nil>
840	86	200	286	<nil>
840	101	140	241	<nil>
840	1150	140	1290	<nil>
840	94	141	235	<nil>
840	25752	107	25859	<nil>
840	117	107	224	<nil>
840	90	140	230	<nil>
840	117	107	224	<nil>
840	118	107	225	<nil>
840	119	108	227	<nil>
840	124	109	233	<nil>
840	126	109	235	<nil>
840	122	117	239	<nil>
840	173	64	237	<nil>
840	2967	114	3081	<nil>
840	124	110	234	<nil>
840	2972	110	3082	<nil>
840	131	86	217	<nil>
840	150	93	243	<nil>
840	2637	121	2758	<nil>
840	9176	127	9303	<nil>
840	150	138	288	<nil>
840	4524	129	4653	<nil>
840	172	135	307	<nil>
840	132	155	287	<nil>
840	40978	146	41124	<nil>
840	16101	117	16218	<nil>
840	3008	134	3142	<nil>
840	129	151	280	<nil>
840	91	144	235	<nil>
840	92	142	234	<nil>
840	105	100	205	<nil>
840	2656	144	2800	<nil>
840	102	99	201	<nil>
840	2877	152	3029	<nil>
840	9268	145	9413	<nil>
840	141	159	300	<nil>
840	16317	109	16426	<nil>
840	92	154	246	<nil>
840	100	109	209	<nil>
840	2620	108	2728	<nil>
840	101	108	209	<nil>
840	100	109	209	<nil>
840	104	109	213	<nil>
840	8963	108	9071	<nil>
840	27447	144	27591	<nil>
840	108	100	208	<nil>
840	103	141	244	<nil>
840	9181	117	9298	<nil>
840	134	103	237	<nil>
840	147	92	239	<nil>
840	1148	152	1300	<nil>
840	134	167	301	<nil>
840	43671	167	43838	<nil>
840	82	194	276	<nil>
840	106	169	275	<nil>
840	107	168	275	<nil>
840	1131	161	1292	<nil>
840	116	155	271	<nil>
840	4494	156	4650	<nil>
840	109	149	258	<nil>
840	100	166	266	<nil>
840	107	167	274	<nil>
840	75	186	261	<nil>
840	2907	157	3064	<nil>
840	4708	134	4842	<nil>
840	97	163	260	<nil>
840	99	149	248	<nil>
840	95	161	256	<nil>
840	88	163	251	<nil>
840	15545	171	15716	<nil>
840	2817	134	2951	<nil>
840	90	159	249	<nil>
840	2744	144	2888	<nil>
840	94	171	265	<nil>
840	2970	148	3118	<nil>
840	100	163	263	<nil>
840	127	75	202	<nil>
840	92	171	263	<nil>
840	128	87	215	<nil>
840	98	168	266	<nil>
840	155	87	242	<nil>
840	1121	143	1264	<nil>
840	115	138	253	<nil>
840	131	143	274	<nil>
840	161	170	331	<nil>
840	1106	167	1273	<nil>
840	144	169	313	<nil>
840	157	169	326	<nil>
840	97	167	264	<nil>
840	9163	172	9335	<nil>
840	166	106	272	<nil>
840	165	123	288	<nil>
840	104	172	276	<nil>
840	162	123	285	<nil>
840	157	123	280	<nil>
840	1157	126	1283	<nil>
840	1161	95	1256	<nil>
840	1151	104	1255	<nil>
840	127	115	242	<nil>
840	1156	122	1278	<nil>
840	1152	111	1263	<nil>
840	132	83	215	<nil>
840	161	114	275	<nil>
840	171	103	274	<nil>
840	160	115	275	<nil>
840	172	102	274	<nil>
840	161	113	274	<nil>
840	1149	115	1264	<nil>
840	130	113	243	<nil>
840	146	102	248	<nil>
840	1146	117	1263	<nil>
840	1148	114	1262	<nil>
840	5900	108	6008	<nil>
840	4714	21	4735	<nil>
840	162	112	274	<nil>
840	102	82	184	<nil>
840	4884	38	4922	<nil>
840	16049	21	16070	<nil>
840	141	85	226	<nil>
840	197	20	217	<nil>
840	1174	25	1199	<nil>
840	197	24	221	<nil>
840	1190	29	1219	<nil>
840	17327	26	17353	<nil>
840	169	14	183	<nil>
840	105	20	125	<nil>
840	8842	21	8863	<nil>
840	9540	11	9551	<nil>
840	89	22	111	<nil>
840	129	12	141	<nil>
840	1130	13	1143	<nil>
840	109	14	123	<nil>
840	1070	13	1083	<nil>
840	1152	14	1166	<nil>
840	4920	14	4934	<nil>
840	92	16	108	<nil>
840	99	16	115	<nil>
840	108	18	126	<nil>
840	130	17	147	<nil>
840	1166	18	1184	<nil>
840	16700	19	16719	<nil>
840	153	18	171	<nil>
840	125	19	144	<nil>
840	98	19	117	<nil>
840	110	19	129	<nil>
840	319	0	319	rpc error: code = Unavailable desc = transport is closing
840	348	0	348	rpc error: code = Unavailable desc = transport is closing
840	316	0	316	rpc error: code = Unavailable desc = transport is closing
840	318	0	318	rpc error: code = Unavailable desc = transport is closing
840	330	0	330	rpc error: code = Unavailable desc = transport is closing
840	318	0	318	rpc error: code = Unavailable desc = transport is closing
840	318	0	318	rpc error: code = Unavailable desc = transport is closing
840	316	0	316	rpc error: code = Unavailable desc = transport is closing
840	303	0	303	rpc error: code = Unavailable desc = transport is closing
840	112	123	235	<nil>
840	133	123	256	<nil>
840	327	0	327	rpc error: code = Unavailable desc = transport is closing
840	327	0	327	rpc error: code = Unavailable desc = transport is closing
840	327	0	327	rpc error: code = Unavailable desc = transport is closing
840	327	0	327	rpc error: code = Unavailable desc = transport is closing
840	315	0	315	rpc error: code = Unavailable desc = transport is closing
840	315	0	315	rpc error: code = Unavailable desc = transport is closing
840	302	0	302	rpc error: code = Unavailable desc = transport is closing
840	303	0	303	rpc error: code = Unavailable desc = transport is closing
840	303	0	303	rpc error: code = Unavailable desc = transport is closing
840	331	0	331	rpc error: code = Unavailable desc = transport is closing
840	314	0	314	rpc error: code = Unavailable desc = transport is closing
840	315	0	315	rpc error: code = Unavailable desc = transport is closing
840	2734	0	2734	rpc error: code = Unavailable desc = transport is closing
840	303	0	303	rpc error: code = Unavailable desc = transport is closing
840	5442	0	5442	rpc error: code = Unavailable desc = transport is closing
840	348	0	348	rpc error: code = Unavailable desc = transport is closing
840	344	0	344	rpc error: code = Unavailable desc = transport is closing
840	346	0	346	rpc error: code = Unavailable desc = transport is closing
840	271	0	271	rpc error: code = Unavailable desc = transport is closing
840	271	0	271	rpc error: code = Unavailable desc = transport is closing
840	344	0	344	rpc error: code = Unavailable desc = transport is closing
840	345	0	345	rpc error: code = Unavailable desc = transport is closing
840	332	0	332	rpc error: code = Unavailable desc = transport is closing
840	333	0	333	rpc error: code = Unavailable desc = transport is closing
840	2696	0	2696	rpc error: code = Unavailable desc = transport is closing
840	343	0	343	rpc error: code = Unavailable desc = transport is closing
840	332	0	332	rpc error: code = Unavailable desc = transport is closing
840	5338	0	5338	rpc error: code = Unavailable desc = transport is closing
840	243	0	243	rpc error: code = Unavailable desc = transport is closing
840	5436	0	5436	rpc error: code = Unavailable desc = transport is closing
840	345	0	345	rpc error: code = Unavailable desc = transport is closing
840	334	0	334	rpc error: code = Unavailable desc = transport is closing
840	345	0	345	rpc error: code = Unavailable desc = transport is closing
840	292	0	292	rpc error: code = Unavailable desc = transport is closing
840	333	0	333	rpc error: code = Unavailable desc = transport is closing
840	345	0	345	rpc error: code = Unavailable desc = transport is closing
840	345	0	345	rpc error: code = Unavailable desc = transport is closing
840	332	0	332	rpc error: code = Unavailable desc = transport is closing
840	335	0	335	rpc error: code = Unavailable desc = transport is closing
840	2673	0	2673	rpc error: code = Unavailable desc = transport is closing
840	332	0	332	rpc error: code = Unavailable desc = transport is closing
840	332	0	332	rpc error: code = Unavailable desc = transport is closing
840	331	0	331	rpc error: code = Unavailable desc = transport is closing
840	336	0	336	rpc error: code = Unavailable desc = transport is closing
840	333	0	333	rpc error: code = Unavailable desc = transport is closing
840	334	0	334	rpc error: code = Unavailable desc = transport is closing
840	346	0	346	rpc error: code = Unavailable desc = transport is closing
840	9566	0	9566	rpc error: code = Unavailable desc = transport is closing
840	344	0	344	rpc error: code = Unavailable desc = transport is closing
840	326	0	326	rpc error: code = Unavailable desc = transport is closing
840	343	0	343	rpc error: code = Unavailable desc = transport is closing
840	329	0	329	rpc error: code = Unavailable desc = transport is closing
840	326	0	326	rpc error: code = Unavailable desc = transport is closing
840	332	0	332	rpc error: code = Unavailable desc = transport is closing
840	339	0	339	rpc error: code = Unavailable desc = transport is closing
840	344	0	344	rpc error: code = Unavailable desc = transport is closing
840	328	0	328	rpc error: code = Unavailable desc = transport is closing
840	328	0	328	rpc error: code = Unavailable desc = transport is closing
840	331	0	331	rpc error: code = Unavailable desc = transport is closing
840	328	0	328	rpc error: code = Unavailable desc = transport is closing
840	331	0	331	rpc error: code = Unavailable desc = transport is closing
840	328	0	328	rpc error: code = Unavailable desc = transport is closing
840	329	0	329	rpc error: code = Unavailable desc = transport is closing
840	343	0	343	rpc error: code = Unavailable desc = transport is closing
840	328	0	328	rpc error: code = Unavailable desc = transport is closing
840	343	0	343	rpc error: code = Unavailable desc = transport is closing
840	329	0	329	rpc error: code = Unavailable desc = transport is closing
840	330	0	330	rpc error: code = Unavailable desc = transport is closing
840	341	0	341	rpc error: code = Unavailable desc = transport is closing
840	343	0	343	rpc error: code = Unavailable desc = transport is closing
840	341	0	341	rpc error: code = Unavailable desc = transport is closing
840	327	0	327	rpc error: code = Unavailable desc = transport is closing
840	345	0	345	rpc error: code = Unavailable desc = transport is closing
840	344	0	344	rpc error: code = Unavailable desc = transport is closing
840	331	0	331	rpc error: code = Unavailable desc = transport is closing
840	339	0	339	rpc error: code = Unavailable desc = transport is closing
840	329	0	329	rpc error: code = Unavailable desc = transport is closing
840	332	0	332	rpc error: code = Unavailable desc = transport is closing
840	328	0	328	rpc error: code = Unavailable desc = transport is closing
840	328	0	328	rpc error: code = Unavailable desc = transport is closing
840	330	0	330	rpc error: code = Unavailable desc = transport is closing
840	330	0	330	rpc error: code = Unavailable desc = transport is closing
840	337	0	337	rpc error: code = Unavailable desc = transport is closing
840	343	0	343	rpc error: code = Unavailable desc = transport is closing
840	332	0	332	rpc error: code = Unavailable desc = transport is closing
840	337	0	337	rpc error: code = Unavailable desc = transport is closing
840	332	0	332	rpc error: code = Unavailable desc = transport is closing
840	341	0	341	rpc error: code = Unavailable desc = transport is closing
840	333	0	333	rpc error: code = Unavailable desc = transport is closing
840	341	0	341	rpc error: code = Unavailable desc = transport is closing
840	335	0	335	rpc error: code = Unavailable desc = transport is closing
840	329	0	329	rpc error: code = Unavailable desc = transport is closing
840	332	0	332	rpc error: code = Unavailable desc = transport is closing
840	337	0	337	rpc error: code = Unavailable desc = transport is closing
840	331	0	331	rpc error: code = Unavailable desc = transport is closing
840	330	0	330	rpc error: code = Unavailable desc = transport is closing
840	336	0	336	rpc error: code = Unavailable desc = transport is closing
840	332	0	332	rpc error: code = Unavailable desc = transport is closing
840	420	0	420	rpc error: code = Unavailable desc = transport is closing
840	9648	219	9867	<nil>
840	300	215	515	<nil>
840	5379	147	5526	<nil>
840	357	0	357	rpc error: code = Unavailable desc = transport is closing
840	382	0	382	rpc error: code = Unavailable desc = transport is closing
840	5347	0	5347	rpc error: code = Unavailable desc = transport is closing
840	376	0	376	rpc error: code = Unavailable desc = transport is closing
840	377	0	377	rpc error: code = Unavailable desc = transport is closing
840	376	0	376	rpc error: code = Unavailable desc = transport is closing
840	368	0	368	rpc error: code = Unavailable desc = transport is closing
840	367	0	367	rpc error: code = Unavailable desc = transport is closing
840	402	0	402	rpc error: code = Unavailable desc = transport is closing
840	5117	173	5290	<nil>
840	377	177	554	<nil>
840	377	177	554	<nil>
840	378	177	555	<nil>
840	5348	179	5527	<nil>
840	397	179	576	<nil>
840	386	203	589	<nil>
840	404	0	404	rpc error: code = Unavailable desc = transport is closing
840	406	0	406	rpc error: code = Unavailable desc = transport is closing
840	407	0	407	rpc error: code = Unavailable desc = transport is closing
840	17135	0	17135	rpc error: code = Unavailable desc = transport is closing
840	405	0	405	rpc error: code = Unavailable desc = transport is closing
840	424	0	424	rpc error: code = Unavailable desc = transport is closing
840	409	0	409	rpc error: code = Unavailable desc = transport is closing
840	2721	0	2721	rpc error: code = Unavailable desc = transport is closing
840	382	208	590	<nil>
840	1484	0	1484	rpc error: code = Unavailable desc = transport is closing
840	385	211	596	<nil>
840	1487	0	1487	rpc error: code = Unavailable desc = transport is closing
840	501	0	501	rpc error: code = Unavailable desc = transport is closing
840	394	189	583	<nil>
840	405	189	594	<nil>
840	503	0	503	rpc error: code = Unavailable desc = transport is closing
840	497	0	497	rpc error: code = Unavailable desc = transport is closing
840	406	0	406	rpc error: code = Unavailable desc = transport is closing
840	396	188	584	<nil>
840	2720	188	2908	<nil>
840	403	189	592	<nil>
840	424	189	613	<nil>
840	400	189	589	<nil>
840	434	165	599	<nil>
840	499	0	499	rpc error: code = Unavailable desc = transport is closing
840	323	0	323	rpc error: code = Unavailable desc = transport is closing
840	1484	0	1484	rpc error: code = Unavailable desc = transport is closing
840	322	0	322	rpc error: code = Unavailable desc = transport is closing
840	321	0	321	rpc error: code = Unavailable desc = transport is closing
840	307	0	307	rpc error: code = Unavailable desc = transport is closing
840	313	0	313	rpc error: code = Unavailable desc = transport is closing
840	322	0	322	rpc error: code = Unavailable desc = transport is closing
840	322	0	322	rpc error: code = Unavailable desc = transport is closing
840	10918	0	10918	rpc error: code = Unavailable desc = transport is closing
840	1399	192	1591	<nil>
840	1483	0	1483	rpc error: code = Unavailable desc = transport is closing
840	403	191	594	<nil>
840	2720	195	2915	<nil>
840	16240	194	16434	<nil>
840	321	0	321	rpc error: code = Unavailable desc = transport is closing
840	424	194	618	<nil>
840	1400	191	1591	<nil>
840	326	0	326	rpc error: code = Unavailable desc = transport is closing
840	404	192	596	<nil>
840	394	194	588	<nil>
840	323	0	323	rpc error: code = Unavailable desc = transport is closing
840	503	0	503	rpc error: code = Unavailable desc = transport is closing
840	311	0	311	rpc error: code = Unavailable desc = transport is closing
840	1484	0	1484	rpc error: code = Unavailable desc = transport is closing
840	1478	248	1726	<nil>
840	1481	248	1729	<nil>
840	497	261	758	<nil>
840	487	261	748	<nil>
840	500	261	761	<nil>
840	501	261	762	<nil>
840	502	261	763	<nil>
840	513	261	774	<nil>
840	500	261	761	<nil>
840	490	261	751	<nil>
840	27480	0	27480	rpc error: code = Unavailable desc = transport is closing
840	488	268	756	<nil>
840	490	268	758	<nil>
840	2819	268	3087	<nil>
840	2820	268	3088	<nil>
840	488	269	757	<nil>
840	289	266	555	<nil>
840	491	269	760	<nil>
840	1362	268	1630	<nil>
840	503	270	773	<nil>
840	17015	0	17015	rpc error: code = Unavailable desc = transport is closing
840	503	269	772	<nil>
840	1485	269	1754	<nil>
840	356	283	639	<nil>
840	247	287	534	<nil>
840	251	252	503	<nil>
840	1368	287	1655	<nil>
840	9579	288	9867	<nil>
840	2819	290	3109	<nil>
840	356	289	645	<nil>
840	241	335	576	<nil>
840	237	363	600	<nil>
840	233	365	598	<nil>
840	231	376	607	<nil>
840	232	377	609	<nil>
840	245	368	613	<nil>
840	251	362	613	<nil>
840	236	374	610	<nil>
840	254	360	614	<nil>
840	230	390	620	<nil>
840	241	379	620	<nil>
840	239	374	613	<nil>
840	227	387	614	<nil>
840	247	375	622	<nil>
840	231	388	619	<nil>
840	248	378	626	<nil>
840	223	388	611	<nil>
840	2840	396	3236	<nil>
840	228	394	622	<nil>
840	227	387	614	<nil>
840	234	386	620	<nil>
840	221	398	619	<nil>
840	223	399	622	<nil>
840	234	388	622	<nil>
840	4888	407	5295	<nil>
840	234	426	660	<nil>
840	356	207	563	<nil>
840	191	369	560	<nil>
840	4939	208	5147	<nil>
840	350	208	558	<nil>
840	352	209	561	<nil>
840	355	213	568	<nil>
840	349	211	560	<nil>
840	10382	221	10603	<nil>
840	196	370	566	<nil>
840	350	209	559	<nil>
840	344	213	557	<nil>
840	394	185	579	<nil>
840	5695	183	5878	<nil>
840	1359	210	1569	<nil>
840	268	299	567	<nil>
840	358	209	567	<nil>
840	359	215	574	<nil>
840	8716	188	8904	<nil>
840	377	193	570	<nil>
840	395	175	570	<nil>
840	362	210	572	<nil>
840	356	214	570	<nil>
840	377	194	571	<nil>
840	356	215	571	<nil>
840	25896	208	26104	<nil>
840	357	215	572	<nil>
840	361	210	571	<nil>
840	380	191	571	<nil>
840	1358	211	1569	<nil>
840	361	211	572	<nil>
840	362	211	573	<nil>
840	3075	223	3298	<nil>
840	193	368	561	<nil>
840	407	174	581	<nil>
840	395	186	581	<nil>
840	425	155	580	<nil>
840	408	174	582	<nil>
840	5836	168	6004	<nil>
840	437	145	582	<nil>
840	437	145	582	<nil>
840	1378	202	1580	<nil>
840	5647	173	5820	<nil>
840	350	210	560	<nil>
840	290	199	489	<nil>
840	378	193	571	<nil>
840	1312	188	1500	<nil>
840	337	224	561	<nil>
840	304	189	493	<nil>
840	412	183	595	<nil>
840	346	166	512	<nil>
840	194	458	652	<nil>
840	210	469	679	<nil>
840	350	194	544	<nil>
840	350	276	626	<nil>
840	353	278	631	<nil>
840	353	315	668	<nil>
840	1346	292	1638	<nil>
840	3216	285	3501	<nil>
840	364	266	630	<nil>
840	2688	274	2962	<nil>
840	1346	291	1637	<nil>
840	350	281	631	<nil>
840	356	276	632	<nil>
840	5736	284	6020	<nil>
840	350	284	634	<nil>
840	390	290	680	<nil>
840	388	299	687	<nil>
840	389	290	679	<nil>
840	399	292	691	<nil>
840	373	296	669	<nil>
840	405	280	685	<nil>
840	390	294	684	<nil>
840	409	286	695	<nil>
840	410	285	695	<nil>
840	390	296	686	<nil>
840	378	311	689	<nil>
840	2679	285	2964	<nil>
840	401	285	686	<nil>
840	9361	288	9649	<nil>
840	415	300	715	<nil>
840	388	327	715	<nil>
840	8940	326	9266	<nil>
840	402	338	740	<nil>
840	42667	333	43000	<nil>
840	1383	339	1722	<nil>
840	411	334	745	<nil>
840	367	385	752	<nil>
840	361	384	745	<nil>
840	354	344	698	<nil>
840	369	385	754	<nil>
840	368	385	753	<nil>
840	5958	357	6315	<nil>
840	358	340	698	<nil>
840	260	323	583	<nil>
840	1319	343	1662	<nil>
840	345	112	457	<nil>
840	364	385	749	<nil>
840	360	337	697	<nil>
840	365	333	698	<nil>
840	8683	345	9028	<nil>
840	363	386	749	<nil>
840	355	343	698	<nil>
840	17900	167	18067	<nil>
840	17768	287	18055	<nil>
840	594	167	761	<nil>
840	9260	207	9467	<nil>
840	5218	324	5542	<nil>
840	447	15	462	<nil>
840	373	15	388	<nil>
840	292	291	583	<nil>
840	230	323	553	<nil>
840	352	17	369	<nil>
840	360	19	379	<nil>
840	374	334	708	<nil>
840	413	325	738	<nil>
840	221	340	561	<nil>
840	295	291	586	<nil>
840	306	273	579	<nil>
840	345	210	555	<nil>
840	1383	348	1731	<nil>
840	1383	338	1721	<nil>
840	9136	349	9485	<nil>
840	254	327	581	<nil>
840	403	306	709	<nil>
840	40993	353	41346	<nil>
840	1388	344	1732	<nil>
840	592	169	761	<nil>
840	350	350	700	<nil>
840	235	326	561	<nil>
840	5836	349	6185	<nil>
840	359	25	384	<nil>
840	242	338	580	<nil>
840	261	327	588	<nil>
840	339	346	685	<nil>
840	291	294	585	<nil>
840	2697	109	2806	<nil>
840	1342	111	1453	<nil>
840	1331	111	1442	<nil>
840	326	109	435	<nil>
840	346	114	460	<nil>
840	1272	172	1444	<nil>
840	343	110	453	<nil>
840	1280	174	1454	<nil>
840	344	112	456	<nil>
840	286	173	459	<nil>
840	342	113	455	<nil>
840	27601	112	27713	<nil>
840	1372	385	1757	<nil>
840	9384	108	9492	<nil>
840	1345	113	1458	<nil>
840	292	27	319	<nil>
840	348	82	430	<nil>
840	377	89	466	<nil>
840	374	89	463	<nil>
840	399	30	429	<nil>
840	397	31	428	<nil>
840	5568	14	5582	<nil>
840	397	31	428	<nil>
840	317	31	348	<nil>
840	420	32	452	<nil>
840	389	32	421	<nil>
840	378	10	388	<nil>
840	9709	31	9740	<nil>
840	397	30	427	<nil>
840	415	37	452	<nil>
840	397	56	453	<nil>
840	378	32	410	<nil>
840	365	38	403	<nil>
840	344	37	381	<nil>
840	415	39	454	<nil>
840	362	38	400	<nil>
840	358	34	392	<nil>
840	402	8	410	<nil>
840	307	86	393	<nil>
840	1361	8	1369	<nil>
840	384	7	391	<nil>
840	429	14	443	<nil>
840	17794	12	17806	<nil>
840	288	271	559	<nil>
840	357	19	376	<nil>
840	359	18	377	<nil>
840	17081	378	17459	<nil>
840	449	12	461	<nil>
840	6021	340	6361	<nil>
840	418	20	438	<nil>
840	361	16	377	<nil>
840	349	206	555	<nil>
840	353	16	369	<nil>
840	9134	15	9149	<nil>
840	352	16	368	<nil>
840	265	290	555	<nil>
840	425	17	442	<nil>
840	354	20	374	<nil>
840	380	17	397	<nil>
840	347	246	593	<nil>
840	266	289	555	<nil>
840	266	289	555	<nil>
840	2511	328	2839	<nil>
840	266	290	556	<nil>
840	15678	325	16003	<nil>
840	351	20	371	<nil>
840	1208	18	1226	<nil>
840	191	18	209	<nil>
840	356	23	379	<nil>
840	1227	19	1246	<nil>
840	362	184	546	<nil>
840	26597	20	26617	<nil>
840	365	345	710	<nil>
840	273	292	565	<nil>
840	1227	21	1248	<nil>
840	2864	179	3043	<nil>
840	423	9	432	<nil>
840	423	9	432	<nil>
840	45704	10	45714	<nil>
840	193	25	218	<nil>
840	2824	35	2859	<nil>
840	1379	17	1396	<nil>
840	373	17	390	<nil>
840	381	19	400	<nil>
840	371	18	389	<nil>
840	375	15	390	<nil>
840	372	23	395	<nil>
840	381	23	404	<nil>
840	374	24	398	<nil>
840	3078	20	3098	<nil>
840	5598	21	5619	<nil>
840	26786	195	26981	<nil>
840	377	173	550	<nil>
840	378	173	551	<nil>
840	376	18	394	<nil>
840	1207	248	1455	<nil>
840	101	236	337	<nil>
840	5580	195	5775	<nil>
840	99	237	336	<nil>
840	8834	236	9070	<nil>
840	102	274	376	<nil>
840	109	394	503	<nil>
840	193	437	630	<nil>
840	14924	431	15355	<nil>
840	2836	431	3267	<nil>
840	101	431	532	<nil>
840	1087	431	1518	<nil>
840	106	432	538	<nil>
840	1227	444	1671	<nil>
840	100	431	531	<nil>
840	2824	443	3267	<nil>
840	110	430	540	<nil>
840	149	442	591	<nil>
840	109	431	540	<nil>
840	110	431	541	<nil>
840	537	20	557	<nil>
840	15745	26	15771	<nil>
840	524	26	550	<nil>
840	529	21	550	<nil>
840	9683	27	9710	<nil>
840	10061	20	10081	<nil>
840	524	26	550	<nil>
840	1407	22	1429	<nil>
840	516	22	538	<nil>
840	536	22	558	<nil>
840	3378	20	3398	<nil>
840	10220	21	10241	<nil>
840	516	22	538	<nil>
840	1521	21	1542	<nil>
840	9765	20	9785	<nil>
840	515	24	539	<nil>
840	524	26	550	<nil>
840	5570	20	5590	<nil>
840	524	26	550	<nil>
840	1514	26	1540	<nil>
840	535	22	557	<nil>
840	530	20	550	<nil>
840	355	22	377	<nil>
840	529	21	550	<nil>
840	546	21	567	<nil>
840	517	23	540	<nil>
840	1519	21	1540	<nil>
840	1520	20	1540	<nil>
840	517	24	541	<nil>
840	1404	80	1484	<nil>
840	1518	97	1615	<nil>
840	509	127	636	<nil>
840	1520	127	1647	<nil>
840	1372	127	1499	<nil>
840	1519	128	1647	<nil>
840	528	128	656	<nil>
840	530	0	530	rpc error: code = Unavailable desc = transport is closing
840	521	0	521	rpc error: code = Unavailable desc = transport is closing
840	518	0	518	rpc error: code = Unavailable desc = transport is closing
840	16392	0	16392	rpc error: code = Unavailable desc = transport is closing
840	1537	125	1662	<nil>
840	253	136	389	<nil>
840	515	133	648	<nil>
840	578	0	578	rpc error: code = Unavailable desc = transport is closing
840	5688	0	5688	rpc error: code = Unavailable desc = transport is closing
840	525	0	525	rpc error: code = Unavailable desc = transport is closing
840	15591	0	15591	rpc error: code = Unavailable desc = transport is closing
840	520	0	520	rpc error: code = Unavailable desc = transport is closing
840	590	0	590	rpc error: code = Unavailable desc = transport is closing
840	510	0	510	rpc error: code = Unavailable desc = transport is closing
840	532	0	532	rpc error: code = Unavailable desc = transport is closing
840	533	0	533	rpc error: code = Unavailable desc = transport is closing
840	520	0	520	rpc error: code = Unavailable desc = transport is closing
840	516	0	516	rpc error: code = Unavailable desc = transport is closing
840	529	133	662	<nil>
840	520	0	520	rpc error: code = Unavailable desc = transport is closing
840	512	0	512	rpc error: code = Unavailable desc = transport is closing
840	559	0	559	rpc error: code = Unavailable desc = transport is closing
840	530	136	666	<nil>
840	4952	139	5091	<nil>
840	517	0	517	rpc error: code = Unavailable desc = transport is closing
840	9829	138	9967	<nil>
840	528	137	665	<nil>
840	529	137	666	<nil>
840	516	137	653	<nil>
840	1519	137	1656	<nil>
840	509	137	646	<nil>
840	544	139	683	<nil>
840	515	132	647	<nil>
840	360	132	492	<nil>
840	507	137	644	<nil>
840	1412	131	1543	<nil>
840	516	136	652	<nil>
840	529	0	529	rpc error: code = Unavailable desc = transport is closing
840	539	133	672	<nil>
840	536	136	672	<nil>
840	521	134	655	<nil>
840	538	135	673	<nil>
840	534	138	672	<nil>
840	517	139	656	<nil>
840	510	144	654	<nil>
840	485	0	485	rpc error: code = Unavailable desc = transport is closing
840	515	128	643	<nil>
840	535	0	535	rpc error: code = Unavailable desc = transport is closing
840	1524	140	1664	<nil>
840	525	0	525	rpc error: code = Unavailable desc = transport is closing
840	553	131	684	<nil>
840	363	138	501	<nil>
840	2786	140	2926	<nil>
840	589	141	730	<nil>
840	513	146	659	<nil>
840	592	138	730	<nil>
840	161	0	161	rpc error: code = Unavailable desc = transport is closing
840	5124	236	5360	<nil>
840	160	0	160	rpc error: code = Unavailable desc = transport is closing
840	171	0	171	rpc error: code = Unavailable desc = transport is closing
840	161	0	161	rpc error: code = Unavailable desc = transport is closing
840	515	241	756	<nil>
840	512	273	785	<nil>
840	5401	253	5654	<nil>
840	517	317	834	<nil>
840	9223	0	9223	rpc error: code = Unavailable desc = transport is closing
840	155	0	155	rpc error: code = Unavailable desc = transport is closing
840	537	340	877	<nil>
840	1395	339	1734	<nil>
840	520	350	870	<nil>
840	319	342	661	<nil>
840	2624	346	2970	<nil>
840	529	346	875	<nil>
840	5335	0	5335	rpc error: code = Unavailable desc = transport is closing
840	268	82	350	<nil>
840	116	234	350	<nil>
840	358	0	358	rpc error: code = Unavailable desc = transport is closing
840	504	0	504	rpc error: code = Unavailable desc = transport is closing
840	483	0	483	rpc error: code = Unavailable desc = transport is closing
840	483	0	483	rpc error: code = Unavailable desc = transport is closing
840	2965	0	2965	rpc error: code = Unavailable desc = transport is closing
840	491	0	491	rpc error: code = Unavailable desc = transport is closing
840	516	0	516	rpc error: code = Unavailable desc = transport is closing
840	5586	345	5931	<nil>
840	539	0	539	rpc error: code = Unavailable desc = transport is closing
840	534	0	534	rpc error: code = Unavailable desc = transport is closing
840	244	6	250	<nil>
840	243	9	252	<nil>
840	241	12	253	<nil>
840	531	0	531	rpc error: code = Unavailable desc = transport is closing
840	540	0	540	rpc error: code = Unavailable desc = transport is closing
840	534	0	534	rpc error: code = Unavailable desc = transport is closing
840	574	0	574	rpc error: code = Unavailable desc = transport is closing
840	546	342	888	<nil>
840	112	342	454	<nil>
840	1304	341	1645	<nil>
840	573	0	573	rpc error: code = Unavailable desc = transport is closing
840	88	253	341	<nil>
840	2622	342	2964	<nil>
840	238	20	258	<nil>
840	2925	346	3271	<nil>
840	1143	343	1486	<nil>
840	530	343	873	<nil>
840	2539	343	2882	<nil>
840	116	345	461	<nil>
840	112	346	458	<nil>
840	116	347	463	<nil>
840	106	237	343	<nil>
840	112	345	457	<nil>
840	113	346	459	<nil>
840	101	239	340	<nil>
840	117	347	464	<nil>
840	530	340	870	<nil>
840	117	348	465	<nil>
840	499	0	499	rpc error: code = Unavailable desc = transport is closing
840	487	0	487	rpc error: code = Unavailable desc = transport is closing
840	107	232	339	<nil>
840	116	234	350	<nil>
840	10350	232	10582	<nil>
840	117	232	349	<nil>
840	107	233	340	<nil>
840	110	229	339	<nil>
840	268	81	349	<nil>
840	483	0	483	rpc error: code = Unavailable desc = transport is closing
840	118	233	351	<nil>
840	1059	233	1292	<nil>
840	2933	233	3166	<nil>
840	107	233	340	<nil>
840	118	233	351	<nil>
840	118	233	351	<nil>
840	118	232	350	<nil>
840	193	51	244	<nil>
840	117	233	350	<nil>
840	107	246	353	<nil>
840	532	356	888	<nil>
840	118	234	352	<nil>
840	117	233	350	<nil>
840	9631	357	9988	<nil>
840	2931	356	3287	<nil>
840	103	250	353	<nil>
840	496	0	496	rpc error: code = Unavailable desc = transport is closing
840	106	245	351	<nil>
840	120	234	354	<nil>
840	532	0	532	rpc error: code = Unavailable desc = transport is closing
840	563	0	563	rpc error: code = Unavailable desc = transport is closing
840	473	0	473	rpc error: code = Unavailable desc = transport is closing
840	10021	0	10021	rpc error: code = Unavailable desc = transport is closing
840	2905	0	2905	rpc error: code = Unavailable desc = transport is closing
840	14942	0	14942	rpc error: code = Unavailable desc = transport is closing
840	1353	0	1353	rpc error: code = Unavailable desc = transport is closing
840	532	0	532	rpc error: code = Unavailable desc = transport is closing
840	525	0	525	rpc error: code = Unavailable desc = transport is closing
840	235	5	240	<nil>
840	232	3	235	<nil>
840	5959	365	6324	<nil>
840	185	56	241	<nil>
840	204	31	235	<nil>
840	198	57	255	<nil>
840	2506	54	2560	<nil>
840	202	53	255	<nil>
840	108	255	363	<nil>
840	120	244	364	<nil>
840	118	244	362	<nil>
840	239	5	244	<nil>
840	240	6	246	<nil>
840	15292	0	15292	rpc error: code = Unavailable desc = transport is closing
840	10019	0	10019	rpc error: code = Unavailable desc = transport is closing
840	577	0	577	rpc error: code = Unavailable desc = transport is closing
840	483	0	483	rpc error: code = Unavailable desc = transport is closing
840	524	0	524	rpc error: code = Unavailable desc = transport is closing
840	577	0	577	rpc error: code = Unavailable desc = transport is closing
840	9322	0	9322	rpc error: code = Unavailable desc = transport is closing
840	237	13	250	<nil>
840	225	7	232	<nil>
840	243	8	251	<nil>
840	80	5	85	<nil>
840	234	18	252	<nil>
840	236	16	252	<nil>
840	244	5	249	<nil>
840	16214	4	16218	<nil>
840	211	7	218	<nil>
840	218	15	233	<nil>
840	243	7	250	<nil>
840	236	7	243	<nil>
840	244	11	255	<nil>
840	237	15	252	<nil>
840	232	8	240	<nil>
840	244	10	254	<nil>
840	3084	8	3092	<nil>
840	245	7	252	<nil>
840	107	257	364	<nil>
840	127	7	134	<nil>
840	237	18	255	<nil>
840	244	14	258	<nil>
840	238	15	253	<nil>
840	115	342	457	<nil>
840	227	5	232	<nil>
840	240	13	253	<nil>
840	240	14	254	<nil>
840	248	10	258	<nil>
840	246	7	253	<nil>
840	236	17	253	<nil>
840	238	16	254	<nil>
840	238	15	253	<nil>
840	526	0	526	rpc error: code = Unavailable desc = transport is closing
840	512	0	512	rpc error: code = Unavailable desc = transport is closing
840	542	0	542	rpc error: code = Unavailable desc = transport is closing
840	3330	0	3330	rpc error: code = Unavailable desc = transport is closing
840	522	0	522	rpc error: code = Unavailable desc = transport is closing
840	340	345	685	<nil>
840	9758	344	10102	<nil>
840	523	0	523	rpc error: code = Unavailable desc = transport is closing
840	548	0	548	rpc error: code = Unavailable desc = transport is closing
840	524	0	524	rpc error: code = Unavailable desc = transport is closing
840	219	60	279	<nil>
840	119	255	374	<nil>
840	559	0	559	rpc error: code = Unavailable desc = transport is closing
840	363	0	363	rpc error: code = Unavailable desc = transport is closing
840	181	0	181	rpc error: code = Unavailable desc = transport is closing
840	548	0	548	rpc error: code = Unavailable desc = transport is closing
840	359	0	359	rpc error: code = Unavailable desc = transport is closing
840	9994	0	9994	rpc error: code = Unavailable desc = transport is closing
840	364	0	364	rpc error: code = Unavailable desc = transport is closing
840	364	0	364	rpc error: code = Unavailable desc = transport is closing
840	248	152	400	<nil>
840	239	162	401	<nil>
840	245	156	401	<nil>
840	244	160	404	<nil>
840	363	0	363	rpc error: code = Unavailable desc = transport is closing
840	259	145	404	<nil>
840	10315	143	10458	<nil>
840	251	153	404	<nil>
840	2914	153	3067	<nil>
840	262	145	407	<nil>
840	254	146	400	<nil>
840	240	162	402	<nil>
840	257	144	401	<nil>
840	273	146	419	<nil>
840	239	165	404	<nil>
840	2923	144	3067	<nil>
840	260	145	405	<nil>
840	247	144	391	<nil>
840	10315	145	10460	<nil>
840	1124	148	1272	<nil>
840	80	144	224	<nil>
840	239	166	405	<nil>
840	240	164	404	<nil>
840	262	142	404	<nil>
840	242	144	386	<nil>
840	3025	0	3025	rpc error: code = Unavailable desc = transport is closing
840	359	0	359	rpc error: code = Unavailable desc = transport is closing
840	378	0	378	rpc error: code = Unavailable desc = transport is closing
840	379	0	379	rpc error: code = Unavailable desc = transport is closing
840	356	0	356	rpc error: code = Unavailable desc = transport is closing
840	363	0	363	rpc error: code = Unavailable desc = transport is closing
840	243	222	465	<nil>
840	10433	221	10654	<nil>
840	221	162	383	<nil>
840	360	0	360	rpc error: code = Unavailable desc = transport is closing
840	360	0	360	rpc error: code = Unavailable desc = transport is closing
840	360	0	360	rpc error: code = Unavailable desc = transport is closing
840	359	0	359	rpc error: code = Unavailable desc = transport is closing
840	360	0	360	rpc error: code = Unavailable desc = transport is closing
840	359	0	359	rpc error: code = Unavailable desc = transport is closing
840	5456	0	5456	rpc error: code = Unavailable desc = transport is closing
840	361	0	361	rpc error: code = Unavailable desc = transport is closing
840	361	0	361	rpc error: code = Unavailable desc = transport is closing
840	376	0	376	rpc error: code = Unavailable desc = transport is closing
840	357	0	357	rpc error: code = Unavailable desc = transport is closing
840	360	0	360	rpc error: code = Unavailable desc = transport is closing
840	360	0	360	rpc error: code = Unavailable desc = transport is closing
840	364	0	364	rpc error: code = Unavailable desc = transport is closing
840	361	0	361	rpc error: code = Unavailable desc = transport is closing
840	2686	0	2686	rpc error: code = Unavailable desc = transport is closing
840	360	0	360	rpc error: code = Unavailable desc = transport is closing
840	360	0	360	rpc error: code = Unavailable desc = transport is closing
840	360	0	360	rpc error: code = Unavailable desc = transport is closing
840	362	0	362	rpc error: code = Unavailable desc = transport is closing
840	361	0	361	rpc error: code = Unavailable desc = transport is closing
840	361	0	361	rpc error: code = Unavailable desc = transport is closing
840	359	0	359	rpc error: code = Unavailable desc = transport is closing
840	361	0	361	rpc error: code = Unavailable desc = transport is closing
840	360	0	360	rpc error: code = Unavailable desc = transport is closing
840	363	0	363	rpc error: code = Unavailable desc = transport is closing
840	245	0	245	rpc error: code = Unavailable desc = transport is closing
840	236	0	236	rpc error: code = Unavailable desc = transport is closing
840	253	0	253	rpc error: code = Unavailable desc = transport is closing
840	389	0	389	rpc error: code = Unavailable desc = transport is closing
840	234	0	234	rpc error: code = Unavailable desc = transport is closing
840	245	0	245	rpc error: code = Unavailable desc = transport is closing
840	220	0	220	rpc error: code = Unavailable desc = transport is closing
840	223	0	223	rpc error: code = Unavailable desc = transport is closing
840	254	0	254	rpc error: code = Unavailable desc = transport is closing
840	360	0	360	rpc error: code = Unavailable desc = transport is closing
840	361	0	361	rpc error: code = Unavailable desc = transport is closing
840	360	0	360	rpc error: code = Unavailable desc = transport is closing
840	364	0	364	rpc error: code = Unavailable desc = transport is closing
840	3451	223	3674	<nil>
840	437	0	437	rpc error: code = Unavailable desc = transport is closing
840	437	0	437	rpc error: code = Unavailable desc = transport is closing
840	484	0	484	rpc error: code = Unavailable desc = transport is closing
840	435	0	435	rpc error: code = Unavailable desc = transport is closing
840	485	0	485	rpc error: code = Unavailable desc = transport is closing
840	438	0	438	rpc error: code = Unavailable desc = transport is closing
840	438	0	438	rpc error: code = Unavailable desc = transport is closing
840	530	0	530	rpc error: code = Unavailable desc = transport is closing
840	486	0	486	rpc error: code = Unavailable desc = transport is closing
840	485	0	485	rpc error: code = Unavailable desc = transport is closing
840	486	0	486	rpc error: code = Unavailable desc = transport is closing
840	490	0	490	rpc error: code = Unavailable desc = transport is closing
840	499	0	499	rpc error: code = Unavailable desc = transport is closing
840	501	0	501	rpc error: code = Unavailable desc = transport is closing
840	502	0	502	rpc error: code = Unavailable desc = transport is closing
840	504	0	504	rpc error: code = Unavailable desc = transport is closing
840	503	0	503	rpc error: code = Unavailable desc = transport is closing
840	10602	0	10602	rpc error: code = Unavailable desc = transport is closing
840	44514	0	44514	rpc error: code = Unavailable desc = transport is closing
840	1563	0	1563	rpc error: code = Unavailable desc = transport is closing
840	509	0	509	rpc error: code = Unavailable desc = transport is closing
840	512	0	512	rpc error: code = Unavailable desc = transport is closing
840	514	0	514	rpc error: code = Unavailable desc = transport is closing
840	1565	0	1565	rpc error: code = Unavailable desc = transport is closing
840	515	0	515	rpc error: code = Unavailable desc = transport is closing
840	2740	0	2740	rpc error: code = Unavailable desc = transport is closing
840	592	0	592	rpc error: code = Unavailable desc = transport is closing
840	537	0	537	rpc error: code = Unavailable desc = transport is closing
840	536	0	536	rpc error: code = Unavailable desc = transport is closing
840	536	0	536	rpc error: code = Unavailable desc = transport is closing
840	585	0	585	rpc error: code = Unavailable desc = transport is closing
840	538	0	538	rpc error: code = Unavailable desc = transport is closing
840	536	0	536	rpc error: code = Unavailable desc = transport is closing
840	10561	0	10561	rpc error: code = Unavailable desc = transport is closing
840	644	172	816	<nil>
840	644	173	817	<nil>
840	641	173	814	<nil>
840	444	171	615	<nil>
840	1566	171	1737	<nil>
840	646	170	816	<nil>
840	1567	173	1740	<nil>
840	16795	174	16969	<nil>
840	1569	170	1739	<nil>
840	1566	174	1740	<nil>
840	3090	173	3263	<nil>
840	662	159	821	<nil>
840	324	160	484	<nil>
840	668	171	839	<nil>
840	665	162	827	<nil>
840	2984	163	3147	<nil>
840	664	188	852	<nil>
840	1602	186	1788	<nil>
840	667	185	852	<nil>
840	247	166	413	<nil>
840	2806	166	2972	<nil>
840	2990	182	3172	<nil>
840	664	185	849	<nil>
840	10917	185	11102	<nil>
840	665	182	847	<nil>
840	244	172	416	<nil>
840	679	182	861	<nil>
840	249	166	415	<nil>
840	1583	186	1769	<nil>
840	658	189	847	<nil>
840	16899	186	17085	<nil>
840	248	167	415	<nil>
840	11282	186	11468	<nil>
840	1583	187	1770	<nil>
840	243	185	428	<nil>
840	261	195	456	<nil>
840	259	211	470	<nil>
840	260	197	457	<nil>
840	1380	190	1570	<nil>
840	259	226	485	<nil>
840	266	223	489	<nil>
840	263	224	487	<nil>
840	260	229	489	<nil>
840	264	225	489	<nil>
840	255	155	410	<nil>
840	265	144	409	<nil>
840	266	144	410	<nil>
840	256	145	401	<nil>
840	16445	167	16612	<nil>
840	3006	169	3175	<nil>
840	206	168	374	<nil>
840	178	163	341	<nil>
840	173	167	340	<nil>
840	195	143	338	<nil>
840	203	143	346	<nil>
840	190	159	349	<nil>
840	194	159	353	<nil>
840	188	159	347	<nil>
840	194	159	353	<nil>
840	214	150	364	<nil>
840	220	107	327	<nil>
840	1262	111	1373	<nil>
840	10052	111	10163	<nil>
840	195	82	277	<nil>
840	200	82	282	<nil>
840	2588	112	2700	<nil>
840	203	83	286	<nil>
840	203	82	285	<nil>
840	185	112	297	<nil>
840	182	112	294	<nil>
840	3037	81	3118	<nil>
840	182	113	295	<nil>
840	198	80	278	<nil>
840	184	112	296	<nil>
840	196	93	289	<nil>
840	222	124	346	<nil>
840	195	96	291	<nil>
840	197	94	291	<nil>
840	195	86	281	<nil>
840	2493	86	2579	<nil>
840	195	95	290	<nil>
840	198	93	291	<nil>
840	183	124	307	<nil>
840	191	116	307	<nil>
840	196	95	291	<nil>
840	198	85	283	<nil>
840	207	86	293	<nil>
840	221	124	345	<nil>
840	197	92	289	<nil>
840	168	171	339	<nil>
840	167	172	339	<nil>
840	170	170	340	<nil>
840	66819	150	66969	<nil>
840	169	171	340	<nil>
840	175	150	325	<nil>
840	172	168	340	<nil>
840	170	170	340	<nil>
840	17240	151	17391	<nil>
840	170	173	343	<nil>
840	170	172	342	<nil>
840	171	151	322	<nil>
840	162	150	312	<nil>
840	169	172	341	<nil>
840	161	152	313	<nil>
840	161	151	312	<nil>
840	186	152	338	<nil>
840	317	0	317	rpc error: code = DeadlineExceeded desc = context deadline exceeded
840	317	0	317	rpc error: code = DeadlineExceeded desc = context deadline exceeded
840	317	0	317	rpc error: code = DeadlineExceeded desc = context deadline exceeded
840	325	0	325	rpc error: code = DeadlineExceeded desc = context deadline exceeded
840	317	0	317	rpc error: code = DeadlineExceeded desc = context deadline exceeded
840	312	0	312	rpc error: code = DeadlineExceeded desc = context deadline exceeded
840	2734	0	2734	rpc error: code = DeadlineExceeded desc = context deadline exceeded
840	180	228	408	<nil>
840	13724	228	13952	<nil>
840	2694	228	2922	<nil>
840	1177	227	1404	<nil>
840	163	228	391	<nil>
840	164	228	392	<nil>
840	170	223	393	<nil>
840	2703	223	2926	<nil>
840	172	223	395	<nil>
840	164	223	387	<nil>
840	170	224	394	<nil>
840	171	224	395	<nil>
840	1184	224	1408	<nil>
840	1180	225	1405	<nil>
840	242	140	382	<nil>
840	171	225	396	<nil>
840	323	0	323	rpc error: code = DeadlineExceeded desc = context deadline exceeded
840	323	0	323	rpc error: code = DeadlineExceeded desc = context deadline exceeded
840	172	227	399	<nil>
840	9879	0	9879	rpc error: code = DeadlineExceeded desc = context deadline exceeded
840	278	148	426	<nil>
840	281	146	427	<nil>
840	2572	178	2750	<nil>
840	1221	185	1406	<nil>
840	1228	156	1384	<nil>
840	224	157	381	<nil>
840	1206	191	1397	<nil>
840	180	197	377	<nil>
840	195	169	364	<nil>
840	273	0	273	rpc error: code = DeadlineExceeded desc = context deadline exceeded
840	347	0	347	rpc error: code = DeadlineExceeded desc = context deadline exceeded
840	40089	0	40089	rpc error: code = DeadlineExceeded desc = context deadline exceeded
840	5134	0	5134	rpc error: code = DeadlineExceeded desc = context deadline exceeded
840	348	0	348	rpc error: code = DeadlineExceeded desc = context deadline exceeded
840	9541	0	9541	rpc error: code = DeadlineExceeded desc = context deadline exceeded
840	5456	0	5456	rpc error: code = DeadlineExceeded desc = context deadline exceeded
840	347	0	347	rpc error: code = DeadlineExceeded desc = context deadline exceeded
840	2596	0	2596	rpc error: code = DeadlineExceeded desc = context deadline exceeded
840	198	236	434	<nil>
840	186	238	424	<nil>
840	2730	232	2962	<nil>
840	2825	234	3059	<nil>
840	243	237	480	<nil>
840	168	234	402	<nil>
840	171	234	405	<nil>
840	170	235	405	<nil>
840	169	234	403	<nil>
840	233	237	470	<nil>
840	154	240	394	<nil>
840	1158	243	1401	<nil>
840	157	239	396	<nil>
840	153	240	393	<nil>
840	155	240	395	<nil>
840	173	240	413	<nil>
840	225	216	441	<nil>
840	284	177	461	<nil>
840	266	176	442	<nil>
840	1317	177	1494	<nil>
840	15942	176	16118	<nil>
840	285	178	463	<nil>
840	292	176	468	<nil>
840	267	175	442	<nil>
840	266	175	441	<nil>
840	3150	152	3302	<nil>
840	320	139	459	<nil>
840	326	123	449	<nil>
840	333	117	450	<nil>
840	286	68	354	<nil>
840	331	120	451	<nil>
840	326	124	450	<nil>
840	326	123	449	<nil>
840	334	116	450	<nil>
840	286	192	478	<nil>
840	285	193	478	<nil>
840	285	172	457	<nil>
840	334	122	456	<nil>
840	332	125	457	<nil>
840	292	68	360	<nil>
840	326	123	449	<nil>
840	2717	117	2834	<nil>
840	286	66	352	<nil>
840	334	115	449	<nil>
840	331	125	456	<nil>
840	333	124	457	<nil>
840	313	165	478	<nil>
840	291	63	354	<nil>
840	292	60	352	<nil>
840	288	66	354	<nil>
840	296	60	356	<nil>
840	1301	61	1362	<nil>
840	1301	61	1362	<nil>
840	5425	118	5543	<nil>
840	290	66	356	<nil>
840	3001	57	3058	<nil>
840	307	58	365	<nil>
840	303	62	365	<nil>
840	295	72	367	<nil>
840	308	57	365	<nil>
840	303	62	365	<nil>
840	293	72	365	<nil>
840	303	62	365	<nil>
840	285	70	355	<nil>
840	179	0	179	rpc error: code = DeadlineExceeded desc = context deadline exceeded
840	237	186	423	<nil>
840	223	184	407	<nil>
840	217	187	404	<nil>
840	223	184	407	<nil>
840	1260	2343	3603	<nil>
840	26154	2417	28571	<nil>
840	1259	2346	3605	<nil>
840	224	2434	2658	<nil>
840	1259	2344	3603	<nil>
840	200	2413	2613	<nil>
840	2734	2344	5078	<nil>
840	8737	2346	11083	<nil>
840	16354	2413	18767	<nil>
840	237	2412	2649	<nil>
840	1261	2344	3605	<nil>
840	2824	2417	5241	<nil>
840	1258	2347	3605	<nil>
840	223	2434	2657	<nil>
840	222	2431	2653	<nil>
840	225	2429	2654	<nil>
840	1260	2345	3605	<nil>
840	235	2417	2652	<nil>
840	1231	2347	3578	<nil>
840	164	2347	2511	<nil>
840	161	2348	2509	<nil>
840	227	2429	2656	<nil>
840	245	2346	2591	<nil>
840	197	2413	2610	<nil>
840	164	2346	2510	<nil>
840	167	2347	2514	<nil>
840	2952	2288	5240	<nil>
840	2674	2345	5019	<nil>
840	222	2347	2569	<nil>
840	162	2347	2509	<nil>
840	179	2335	2514	<nil>
840	183	2347	2530	<nil>
840	2486	2350	4836	<nil>
840	3112	2346	5458	<nil>
840	222	2347	2569	<nil>
840	225	2345	2570	<nil>
840	2892	2346	5238	<nil>
840	207	2413	2620	<nil>
840	1215	2346	3561	<nil>
840	233	2418	2651	<nil>
840	226	2344	2570	<nil>
840	178	2331	2509	<nil>
840	162	2350	2512	<nil>
840	184	2347	2531	<nil>
840	167	2349	2516	<nil>
840	5513	2417	7930	<nil>
840	163	2346	2509	<nil>
840	222	0	222	rpc error: code = Unavailable desc = transport is closing
840	656	0	656	rpc error: code = Unavailable desc = transport is closing
840	208	0	208	rpc error: code = Unavailable desc = transport is closing
840	230	0	230	rpc error: code = Unavailable desc = transport is closing
840	641	0	641	rpc error: code = Unavailable desc = transport is closing
840	642	0	642	rpc error: code = Unavailable desc = transport is closing
840	612	0	612	rpc error: code = Unavailable desc = transport is closing
840	227	0	227	rpc error: code = Unavailable desc = transport is closing
840	640	0	640	rpc error: code = Unavailable desc = transport is closing
840	558	0	558	rpc error: code = Unavailable desc = transport is closing
840	643	0	643	rpc error: code = Unavailable desc = transport is closing
840	290	0	290	rpc error: code = Unavailable desc = transport is closing
840	629	0	629	rpc error: code = Unavailable desc = transport is closing
840	623	0	623	rpc error: code = Unavailable desc = transport is closing
840	611	0	611	rpc error: code = Unavailable desc = transport is closing
840	227	0	227	rpc error: code = Unavailable desc = transport is closing
840	333	0	333	rpc error: code = Unavailable desc = transport is closing
840	5244	0	5244	rpc error: code = Unavailable desc = transport is closing
840	265	0	265	rpc error: code = Unavailable desc = transport is closing
840	266	0	266	rpc error: code = Unavailable desc = transport is closing
840	333	0	333	rpc error: code = Unavailable desc = transport is closing
840	251	0	251	rpc error: code = Unavailable desc = transport is closing
840	269	0	269	rpc error: code = Unavailable desc = transport is closing
840	545	0	545	rpc error: code = Unavailable desc = transport is closing
840	247	0	247	rpc error: code = Unavailable desc = transport is closing
840	561	0	561	rpc error: code = Unavailable desc = transport is closing
840	3015	0	3015	rpc error: code = Unavailable desc = transport is closing
840	399	0	399	rpc error: code = Unavailable desc = transport is closing
840	553	0	553	rpc error: code = Unavailable desc = transport is closing
840	5217	0	5217	rpc error: code = Unavailable desc = transport is closing
840	564	0	564	rpc error: code = Unavailable desc = transport is closing
840	569	0	569	rpc error: code = Unavailable desc = transport is closing
840	248	0	248	rpc error: code = Unavailable desc = transport is closing
840	561	0	561	rpc error: code = Unavailable desc = transport is closing
840	3792	0	3792	rpc error: code = Unavailable desc = transport is closing
840	553	0	553	rpc error: code = Unavailable desc = transport is closing
840	6210	0	6210	rpc error: code = Unavailable desc = transport is closing
840	546	0	546	rpc error: code = Unavailable desc = transport is closing
840	11080	0	11080	rpc error: code = Unavailable desc = transport is closing
840	40858	0	40858	rpc error: code = Unavailable desc = transport is closing
840	5217	0	5217	rpc error: code = Unavailable desc = transport is closing
840	559	0	559	rpc error: code = Unavailable desc = transport is closing
840	249	0	249	rpc error: code = Unavailable desc = transport is closing
840	560	0	560	rpc error: code = Unavailable desc = transport is closing
840	556	0	556	rpc error: code = Unavailable desc = transport is closing
840	581	0	581	rpc error: code = Unavailable desc = transport is closing
840	558	0	558	rpc error: code = Unavailable desc = transport is closing
840	588	0	588	rpc error: code = Unavailable desc = transport is closing
840	599	0	599	rpc error: code = Unavailable desc = transport is closing
840	557	0	557	rpc error: code = Unavailable desc = transport is closing
840	1565	0	1565	rpc error: code = Unavailable desc = transport is closing
840	1375	0	1375	rpc error: code = Unavailable desc = transport is closing
840	660	0	660	rpc error: code = Unavailable desc = transport is closing
840	258	0	258	rpc error: code = Unavailable desc = transport is closing
840	659	0	659	rpc error: code = Unavailable desc = transport is closing
840	643	0	643	rpc error: code = Unavailable desc = transport is closing
840	650	0	650	rpc error: code = Unavailable desc = transport is closing
840	1580	0	1580	rpc error: code = Unavailable desc = transport is closing
840	3231	0	3231	rpc error: code = Unavailable desc = transport is closing
840	260	0	260	rpc error: code = Unavailable desc = transport is closing
840	248	0	248	rpc error: code = Unavailable desc = transport is closing
840	1602	0	1602	rpc error: code = Unavailable desc = transport is closing
840	161	2276	2437	<nil>
840	1426	0	1426	rpc error: code = Unavailable desc = transport is closing
840	622	0	622	rpc error: code = Unavailable desc = transport is closing
840	569	0	569	rpc error: code = Unavailable desc = transport is closing
840	604	0	604	rpc error: code = Unavailable desc = transport is closing
840	606	0	606	rpc error: code = Unavailable desc = transport is closing
840	9785	0	9785	rpc error: code = Unavailable desc = transport is closing
840	3118	0	3118	rpc error: code = Unavailable desc = transport is closing
840	3325	0	3325	rpc error: code = Unavailable desc = transport is closing
840	616	0	616	rpc error: code = Unavailable desc = transport is closing
840	608	0	608	rpc error: code = Unavailable desc = transport is closing
840	615	0	615	rpc error: code = Unavailable desc = transport is closing
840	615	0	615	rpc error: code = Unavailable desc = transport is closing
840	3063	0	3063	rpc error: code = Unavailable desc = transport is closing
840	629	0	629	rpc error: code = Unavailable desc = transport is closing
840	630	0	630	rpc error: code = Unavailable desc = transport is closing
840	610	0	610	rpc error: code = Unavailable desc = transport is closing
840	265	0	265	rpc error: code = Unavailable desc = transport is closing
840	541	0	541	rpc error: code = Unavailable desc = transport is closing
840	265	0	265	rpc error: code = Unavailable desc = transport is closing
840	652	0	652	rpc error: code = Unavailable desc = transport is closing
840	3253	0	3253	rpc error: code = Unavailable desc = transport is closing
840	612	0	612	rpc error: code = Unavailable desc = transport is closing
840	264	0	264	rpc error: code = Unavailable desc = transport is closing
840	115982	0	115982	rpc error: code = Unavailable desc = transport is closing
840	581	0	581	rpc error: code = Unavailable desc = transport is closing
840	263	0	263	rpc error: code = Unavailable desc = transport is closing
840	645	0	645	rpc error: code = Unavailable desc = transport is closing
840	582	0	582	rpc error: code = Unavailable desc = transport is closing
840	580	0	580	rpc error: code = Unavailable desc = transport is closing
840	3281	0	3281	rpc error: code = Unavailable desc = transport is closing
840	608	0	608	rpc error: code = Unavailable desc = transport is closing
840	581	0	581	rpc error: code = Unavailable desc = transport is closing
840	580	0	580	rpc error: code = Unavailable desc = transport is closing
840	580	0	580	rpc error: code = Unavailable desc = transport is closing
840	562	0	562	rpc error: code = Unavailable desc = transport is closing
840	5235	0	5235	rpc error: code = Unavailable desc = transport is closing
840	1561	0	1561	rpc error: code = Unavailable desc = transport is closing
840	12658	0	12658	rpc error: code = Unavailable desc = transport is closing
840	7750	0	7750	rpc error: code = Unavailable desc = transport is closing
840	607	0	607	rpc error: code = Unavailable desc = transport is closing
840	1546	0	1546	rpc error: code = Unavailable desc = transport is closing
840	611	0	611	rpc error: code = Unavailable desc = transport is closing
840	623	0	623	rpc error: code = Unavailable desc = transport is closing
840	612	0	612	rpc error: code = Unavailable desc = transport is closing
840	5318	0	5318	rpc error: code = Unavailable desc = transport is closing
840	616	0	616	rpc error: code = Unavailable desc = transport is closing
840	628	0	628	rpc error: code = Unavailable desc = transport is closing
840	658	0	658	rpc error: code = Unavailable desc = transport is closing
840	168	2376	2544	<nil>
840	651	0	651	rpc error: code = Unavailable desc = transport is closing
840	541	0	541	rpc error: code = Unavailable desc = transport is closing
840	541	0	541	rpc error: code = Unavailable desc = transport is closing
840	541	0	541	rpc error: code = Unavailable desc = transport is closing
840	558	0	558	rpc error: code = Unavailable desc = transport is closing
840	9757	0	9757	rpc error: code = Unavailable desc = transport is closing
840	646	0	646	rpc error: code = Unavailable desc = transport is closing
840	540	0	540	rpc error: code = Unavailable desc = transport is closing
840	554	0	554	rpc error: code = Unavailable desc = transport is closing
840	641	0	641	rpc error: code = Unavailable desc = transport is closing
840	551	0	551	rpc error: code = Unavailable desc = transport is closing
840	560	0	560	rpc error: code = Unavailable desc = transport is closing
840	541	0	541	rpc error: code = Unavailable desc = transport is closing
840	621	0	621	rpc error: code = Unavailable desc = transport is closing
840	579	0	579	rpc error: code = Unavailable desc = transport is closing
840	540	0	540	rpc error: code = Unavailable desc = transport is closing
840	647	0	647	rpc error: code = Unavailable desc = transport is closing
840	541	0	541	rpc error: code = Unavailable desc = transport is closing
840	539	0	539	rpc error: code = Unavailable desc = transport is closing
840	541	0	541	rpc error: code = Unavailable desc = transport is closing
840	542	0	542	rpc error: code = Unavailable desc = transport is closing
840	540	0	540	rpc error: code = Unavailable desc = transport is closing
840	541	0	541	rpc error: code = Unavailable desc = transport is closing
840	1549	0	1549	rpc error: code = Unavailable desc = transport is closing
840	541	0	541	rpc error: code = Unavailable desc = transport is closing
840	540	0	540	rpc error: code = Unavailable desc = transport is closing
840	6267	0	6267	rpc error: code = Unavailable desc = transport is closing
840	617	0	617	rpc error: code = Unavailable desc = transport is closing
840	573	0	573	rpc error: code = Unavailable desc = transport is closing
840	538	0	538	rpc error: code = Unavailable desc = transport is closing
840	540	0	540	rpc error: code = Unavailable desc = transport is closing
840	539	0	539	rpc error: code = Unavailable desc = transport is closing
840	539	0	539	rpc error: code = Unavailable desc = transport is closing
840	539	0	539	rpc error: code = Unavailable desc = transport is closing
840	539	0	539	rpc error: code = Unavailable desc = transport is closing
840	166	2383	2549	<nil>
840	165	2383	2548	<nil>
840	660	0	660	rpc error: code = Unavailable desc = transport is closing
840	1377	0	1377	rpc error: code = Unavailable desc = transport is closing
840	1586	0	1586	rpc error: code = Unavailable desc = transport is closing
840	661	0	661	rpc error: code = Unavailable desc = transport is closing
840	667	0	667	rpc error: code = Unavailable desc = transport is closing
840	1588	0	1588	rpc error: code = Unavailable desc = transport is closing
840	166	2383	2549	<nil>
840	165	2385	2550	<nil>
840	661	0	661	rpc error: code = Unavailable desc = transport is closing
840	2427	218	2645	<nil>
840	2383	216	2599	<nil>
840	2370	219	2589	<nil>
840	2408	209	2617	<nil>
840	2417	228	2645	<nil>
840	2413	206	2619	<nil>
840	2434	212	2646	<nil>
840	2409	219	2628	<nil>
840	2396	219	2615	<nil>
840	2398	218	2616	<nil>
840	2392	213	2605	<nil>
840	2469	134	2603	<nil>
840	2412	208	2620	<nil>
840	2494	125	2619	<nil>
840	3394	211	3605	<nil>
840	111019	208	111227	<nil>
840	2393	211	2604	<nil>
840	2411	209	2620	<nil>
840	2407	212	2619	<nil>
840	2392	214	2606	<nil>
840	2488	131	2619	<nil>
840	2395	223	2618	<nil>
840	2457	126	2583	<nil>
840	6731	213	6944	<nil>
840	2407	212	2619	<nil>
840	2406	213	2619	<nil>
840	2489	131	2620	<nil>
840	2388	232	2620	<nil>
840	2410	208	2618	<nil>
840	7966	222	8188	<nil>
840	2398	223	2621	<nil>
840	2277	214	2491	<nil>
840	20177	137	20314	<nil>
840	2494	110	2604	<nil>
840	2408	210	2618	<nil>
840	2411	209	2620	<nil>
840	2532	89	2621	<nil>
840	2410	210	2620	<nil>
840	2516	104	2620	<nil>
840	4948	126	5074	<nil>
840	2410	209	2619	<nil>
840	2511	110	2621	<nil>
840	2547	93	2640	<nil>
840	47393	224	47617	<nil>
840	271	47	318	<nil>
840	268	45	313	<nil>
840	262	56	318	<nil>
840	4885	45	4930	<nil>
840	2532	57	2589	<nil>
840	272	48	320	<nil>
840	269	58	327	<nil>
840	300	38	338	<nil>
840	268	58	326	<nil>
840	277	50	327	<nil>
840	277	49	326	<nil>
840	289	32	321	<nil>
840	3902	51	3953	<nil>
840	261	63	324	<nil>
840	4856	64	4920	<nil>
840	10532	49	10581	<nil>
840	10088	53	10141	<nil>
840	257	64	321	<nil>
840	261	63	324	<nil>
840	4343	51	4394	<nil>
840	273	53	326	<nil>
840	280	63	343	<nil>
840	268	63	331	<nil>
840	2992	55	3047	<nil>
840	299	43	342	<nil>
840	256	64	320	<nil>
840	9626	63	9689	<nil>
840	3901	53	3954	<nil>
840	11368	63	11431	<nil>
840	6378	34	6412	<nil>
840	261	64	325	<nil>
840	5884	53	5937	<nil>
840	281	43	324	<nil>
840	2876	75	2951	<nil>
840	18859	81	18940	<nil>
840	280	81	361	<nil>
840	261	81	342	<nil>
840	257	109	366	<nil>
840	257	109	366	<nil>
840	280	135	415	<nil>
840	295	104	399	<nil>
840	28899	105	29004	<nil>
840	215	106	321	<nil>
840	220	99	319	<nil>
840	3891	144	4035	<nil>
840	289	134	423	<nil>
840	6641	145	6786	<nil>
840	280	121	401	<nil>
840	185	133	318	<nil>
840	293	107	400	<nil>
840	3891	144	4035	<nil>
840	28903	98	29001	<nil>
840	324	98	422	<nil>
840	3902	134	4036	<nil>
840	29250	146	29396	<nil>
840	267	133	400	<nil>
840	271	135	406	<nil>
840	318	107	425	<nil>
840	182	137	319	<nil>
840	257	144	401	<nil>
840	301	100	401	<nil>
840	294	106	400	<nil>
840	307	99	406	<nil>
840	6280	144	6424	<nil>
840	5563	106	5669	<nil>
840	3890	145	4035	<nil>
840	198	139	337	<nil>
840	23810	130	23940	<nil>
840	70186	139	70325	<nil>
840	2838	125	2963	<nil>
840	316	126	442	<nil>
840	308	177	485	<nil>
840	215	177	392	<nil>
840	9885	184	10069	<nil>
840	281	202	483	<nil>
840	184	188	372	<nil>
840	284	200	484	<nil>
840	318	189	507	<nil>
840	10341	185	10526	<nil>
840	40124	198	40322	<nil>
840	5913	183	6096	<nil>
840	208	211	419	<nil>
840	9811	197	10008	<nil>
840	297	226	523	<nil>
840	3236	221	3457	<nil>
840	300	223	523	<nil>
840	325	224	549	<nil>
840	301	224	525	<nil>
840	303	226	529	<nil>
840	5010	227	5237	<nil>
840	9819	225	10044	<nil>
840	300	228	528	<nil>
840	3512	226	3738	<nil>
840	17213	226	17439	<nil>
840	326	226	552	<nil>
840	326	226	552	<nil>
840	85	224	309	<nil>
840	5570	236	5806	<nil>
840	103	224	327	<nil>
840	82	225	307	<nil>
840	26954	231	27185	<nil>
840	102	225	327	<nil>
840	302	233	535	<nil>
840	5789	231	6020	<nil>
840	41635	233	41868	<nil>
840	132	173	305	<nil>
840	167	234	401	<nil>
840	103	240	343	<nil>
840	326	232	558	<nil>
840	196	231	427	<nil>
840	10123	234	10357	<nil>
840	181	66	247	<nil>
840	28301	144	28445	<nil>
840	28912	233	29145	<nil>
840	82	236	318	<nil>
840	102	235	337	<nil>
840	182	158	340	<nil>
840	160	162	322	<nil>
840	178	162	340	<nil>
840	176	163	339	<nil>
840	190	156	346	<nil>
840	167	81	248	<nil>
840	173	174	347	<nil>
840	164	159	323	<nil>
840	160	163	323	<nil>
840	185	158	343	<nil>
840	326	232	558	<nil>
840	110	235	345	<nil>
840	107	234	341	<nil>
840	184	157	341	<nil>
840	107	235	342	<nil>
840	108	234	342	<nil>
840	112	235	347	<nil>
840	108	234	342	<nil>
840	176	235	411	<nil>
840	5246	178	5424	<nil>
840	160	165	325	<nil>
840	180	65	245	<nil>
840	100	224	324	<nil>
840	159	76	235	<nil>
840	177	68	245	<nil>
840	120	142	262	<nil>
840	169	163	332	<nil>
840	169	161	330	<nil>
840	155	88	243	<nil>
840	193	160	353	<nil>
840	5493	161	5654	<nil>
840	170	161	331	<nil>
840	157	87	244	<nil>
840	176	66	242	<nil>
840	154	87	241	<nil>
840	5493	161	5654	<nil>
840	193	162	355	<nil>
840	161	82	243	<nil>
840	171	78	249	<nil>
840	122	144	266	<nil>
840	102	223	325	<nil>
840	160	173	333	<nil>
840	124	162	286	<nil>
840	154	81	235	<nil>
840	167	156	323	<nil>
840	150	75	225	<nil>
840	144	85	229	<nil>
840	143	86	229	<nil>
840	175	72	247	<nil>
840	171	85	256	<nil>
840	159	80	239	<nil>
840	182	49	231	<nil>
840	181	50	231	<nil>
840	142	89	231	<nil>
840	186	49	235	<nil>
840	182	50	232	<nil>
840	175	57	232	<nil>
840	176	57	233	<nil>
840	182	51	233	<nil>
840	182	53	235	<nil>
840	178	54	232	<nil>
840	181	54	235	<nil>
840	167	55	222	<nil>
840	5389	55	5444	<nil>
840	128	49	177	<nil>
840	167	56	223	<nil>
840	133	49	182	<nil>
840	5655	58	5713	<nil>
840	145	94	239	<nil>
840	147	29	176	<nil>
840	146	30	176	<nil>
840	137	30	167	<nil>
840	138	31	169	<nil>
840	145	31	176	<nil>
840	5577	52	5629	<nil>
840	14925	53	14978	<nil>
840	146	31	177	<nil>
840	145	32	177	<nil>
840	145	32	177	<nil>
840	137	31	168	<nil>
840	136	51	187	<nil>
840	146	31	177	<nil>
840	132	31	163	<nil>
840	136	32	168	<nil>
840	146	32	178	<nil>
840	132	32	164	<nil>
840	25480	33	25513	<nil>
840	144	34	178	<nil>
840	131	35	166	<nil>
840	147	33	180	<nil>
840	135	36	171	<nil>
840	137	33	170	<nil>
840	147	34	181	<nil>
840	146	34	180	<nil>
840	170	1	171	<nil>
840	138	34	172	<nil>
840	137	35	172	<nil>
840	138	35	173	<nil>
840	103	26	129	<nil>
840	5412	35	5447	<nil>
840	63	26	89	<nil>
840	76	29	105	<nil>
840	5427	28	5455	<nil>
840	10816	31	10847	<nil>
840	9154	31	9185	<nil>
840	64	31	95	<nil>
840	82	30	112	<nil>
840	75	31	106	<nil>
840	65	32	97	<nil>
840	64	33	97	<nil>
840	63	35	98	<nil>
840	64	35	99	<nil>
840	40	30	70	<nil>
840	40	30	70	<nil>
840	38	30	68	<nil>
840	36	30	66	<nil>
840	37	31	68	<nil>
840	262	14	276	<nil>
840	292	16	308	<nil>
840	293	16	309	<nil>
840	292	16	308	<nil>
840	292	16	308	<nil>
840	254	12	266	<nil>
840	234	16	250	<nil>
840	281	16	297	<nil>
840	265	16	281	<nil>
840	296	14	310	<nil>
840	267	12	279	<nil>
840	292	18	310	<nil>
840	281	17	298	<nil>
840	282	16	298	<nil>
840	297	16	313	<nil>
840	294	15	309	<nil>
840	268	13	281	<nil>
840	262	15	277	<nil>
840	269	12	281	<nil>
840	272	14	286	<nil>
840	267	13	280	<nil>
840	268	13	281	<nil>
840	268	14	282	<nil>
840	265	12	277	<nil>
840	268	14	282	<nil>
840	256	16	272	<nil>
840	268	13	281	<nil>
840	258	14	272	<nil>
840	265	14	279	<nil>
840	288	15	303	<nil>
840	274	15	289	<nil>
840	269	14	283	<nil>
840	271	16	287	<nil>
840	275	15	290	<nil>
840	277	12	289	<nil>
840	274	15	289	<nil>
840	269	16	285	<nil>
840	278	18	296	<nil>
840	278	27	305	<nil>
840	293	27	320	<nil>
840	277	37	314	<nil>
840	276	48	324	<nil>
840	266	52	318	<nil>
840	277	54	331	<nil>
840	263	55	318	<nil>
840	279	48	327	<nil>
840	294	56	350	<nil>
840	277	63	340	<nil>
840	6112	77	6189	<nil>
840	277	78	355	<nil>
840	272	79	351	<nil>
840	284	73	357	<nil>
840	5945	73	6018	<nil>
840	291	84	375	<nil>
840	28502	82	28584	<nil>
840	262	83	345	<nil>
840	262	83	345	<nil>
840	16488	73	16561	<nil>
840	273	84	357	<nil>
840	263	82	345	<nil>
840	285	82	367	<nil>
840	290	83	373	<nil>
840	283	82	365	<nil>
840	285	81	366	<nil>
840	276	81	357	<nil>
840	275	82	357	<nil>
840	285	82	367	<nil>
840	292	83	375	<nil>
840	297	81	378	<nil>
840	285	81	366	<nil>
840	25592	81	25673	<nil>
840	278	83	361	<nil>
840	271	82	353	<nil>
840	277	83	360	<nil>
840	284	83	367	<nil>
840	42112	82	42194	<nil>
840	285	82	367	<nil>
840	285	81	366	<nil>
840	284	82	366	<nil>
840	24373	83	24456	<nil>
840	279	84	363	<nil>
840	289	83	372	<nil>
840	271	82	353	<nil>
840	290	81	371	<nil>
840	283	83	366	<nil>
840	271	83	354	<nil>
840	277	82	359	<nil>
840	285	82	367	<nil>
840	276	83	359	<nil>
840	273	98	371	<nil>
840	271	98	369	<nil>
840	283	98	381	<nil>
840	262	98	360	<nil>
840	264	100	364	<nil>
840	277	98	375	<nil>
840	274	98	372	<nil>
840	269	101	370	<nil>
840	268	98	366	<nil>
840	274	98	372	<nil>
840	263	103	366	<nil>
840	271	104	375	<nil>
840	264	96	360	<nil>
840	271	99	370	<nil>
840	283	99	382	<nil>
840	79	17	96	<nil>
840	264	100	364	<nil>
840	262	99	361	<nil>
840	268	99	367	<nil>
840	259	99	358	<nil>
840	268	99	367	<nil>
840	257	100	357	<nil>
840	286	99	385	<nil>
840	258	100	358	<nil>
840	266	101	367	<nil>
840	259	100	359	<nil>
840	277	100	377	<nil>
840	271	99	370	<nil>
840	283	99	382	<nil>
840	263	106	369	<nil>
840	259	104	363	<nil>
840	267	103	370	<nil>
840	268	145	413	<nil>
840	270	144	414	<nil>
840	9	441	450	<nil>
840	89	384	473	<nil>
840	74	368	442	<nil>
840	97	371	468	<nil>
840	74	391	465	<nil>
840	77	391	468	<nil>
840	79	390	469	<nil>
840	75	398	473	<nil>
840	76	398	474	<nil>
840	76	391	467	<nil>
840	82	391	473	<nil>
840	95	373	468	<nil>
840	77	390	467	<nil>
840	82	392	474	<nil>
840	75	391	466	<nil>
840	78	391	469	<nil>
840	75	399	474	<nil>
840	80	391	471	<nil>
840	73	400	473	<nil>
840	71	397	468	<nil>
840	73	400	473	<nil>
840	73	400	473	<nil>
840	74	399	473	<nil>
840	50	392	442	<nil>
840	82	391	473	<nil>
840	94	373	467	<nil>
840	84	389	473	<nil>
840	78	391	469	<nil>
840	81	392	473	<nil>
840	60	390	450	<nil>
840	78	390	468	<nil>
840	264	469	733	<nil>
840	81	392	473	<nil>
840	78	391	469	<nil>
840	96	372	468	<nil>
840	77	391	468	<nil>
840	10529	392	10921	<nil>
840	79	390	469	<nil>
840	79	390	469	<nil>
840	78	391	469	<nil>
840	72	401	473	<nil>
840	37	390	427	<nil>
860	416	60	476	<nil>
860	409	67	476	<nil>
860	444	32	476	<nil>
860	409	66	475	<nil>
860	451	25	476	<nil>
860	442	12	454	<nil>
860	397	64	461	<nil>
860	408	69	477	<nil>
860	409	67	476	<nil>
860	452	59	511	<nil>
860	412	74	486	<nil>
860	432	15	447	<nil>
860	446	13	459	<nil>
860	411	14	425	<nil>
860	441	14	455	<nil>
860	440	14	454	<nil>
860	440	14	454	<nil>
860	443	13	456	<nil>
860	443	15	458	<nil>
860	458	27	485	<nil>
860	401	59	460	<nil>
860	445	21	466	<nil>
860	440	21	461	<nil>
860	443	19	462	<nil>
860	493	20	513	<nil>
860	437	20	457	<nil>
860	465	19	484	<nil>
860	493	19	512	<nil>
860	466	17	483	<nil>
860	448	19	467	<nil>
860	443	20	463	<nil>
860	442	20	462	<nil>
860	465	19	484	<nil>
860	463	16	479	<nil>
860	17425	18	17443	<nil>
860	446	20	466	<nil>
860	427	20	447	<nil>
860	437	22	459	<nil>
860	441	20	461	<nil>
860	465	20	485	<nil>
860	485	20	505	<nil>
860	444	20	464	<nil>
860	15966	19	15985	<nil>
860	482	19	501	<nil>
860	494	19	513	<nil>
860	1298	16	1314	<nil>
860	1114	15	1129	<nil>
860	472	17	489	<nil>
860	437	19	456	<nil>
860	1300	18	1318	<nil>
860	1301	18	1319	<nil>
860	1300	17	1317	<nil>
860	1300	68	1368	<nil>
860	461	103	564	<nil>
860	1305	116	1421	<nil>
860	1303	119	1422	<nil>
860	1301	120	1421	<nil>
860	1116	120	1236	<nil>
860	1305	119	1424	<nil>
860	23555	119	23674	<nil>
860	1305	120	1425	<nil>
860	1303	120	1423	<nil>
860	1303	120	1423	<nil>
860	1302	116	1418	<nil>
860	15827	120	15947	<nil>
860	1303	117	1420	<nil>
860	15652	119	15771	<nil>
860	502	121	623	<nil>
860	499	121	620	<nil>
860	1305	119	1424	<nil>
860	1301	127	1428	<nil>
860	1303	131	1434	<nil>
860	9144	132	9276	<nil>
860	1127	119	1246	<nil>
860	503	121	624	<nil>
860	504	121	625	<nil>
860	15824	137	15961	<nil>
860	4151	140	4291	<nil>
860	1313	133	1446	<nil>
860	10021	140	10161	<nil>
860	1303	128	1431	<nil>
860	127	136	263	<nil>
860	1313	140	1453	<nil>
860	95	139	234	<nil>
860	99	141	240	<nil>
860	433	143	576	<nil>
860	446	141	587	<nil>
860	99	209	308	<nil>
860	85	212	297	<nil>
860	99	209	308	<nil>
860	96	211	307	<nil>
860	3826	214	4040	<nil>
860	98	210	308	<nil>
860	10021	212	10233	<nil>
860	112	195	307	<nil>
860	4071	212	4283	<nil>
860	98	213	311	<nil>
860	97	221	318	<nil>
860	87	231	318	<nil>
860	87	237	324	<nil>
860	70	235	305	<nil>
860	15986	235	16221	<nil>
860	94	239	333	<nil>
860	83	242	325	<nil>
860	87	243	330	<nil>
860	89	244	333	<nil>
860	86	245	331	<nil>
860	86	257	343	<nil>
860	71	257	328	<nil>
860	68	257	325	<nil>
860	70	256	326	<nil>
860	84	255	339	<nil>
860	72	256	328	<nil>
860	70	286	356	<nil>
860	68	293	361	<nil>
860	71	292	363	<nil>
860	70	293	363	<nil>
860	121	174	295	<nil>
860	135	153	288	<nil>
860	140	155	295	<nil>
860	126	170	296	<nil>
860	4001	293	4294	<nil>
860	68	294	362	<nil>
860	123	173	296	<nil>
860	144	154	298	<nil>
860	69	293	362	<nil>
860	4193	177	4370	<nil>
860	122	179	301	<nil>
860	120	182	302	<nil>
860	135	161	296	<nil>
860	140	159	299	<nil>
860	67	292	359	<nil>
860	4548	166	4714	<nil>
860	126	175	301	<nil>
860	108	164	272	<nil>
860	9619	164	9783	<nil>
860	142	159	301	<nil>
860	120	175	295	<nil>
860	111	183	294	<nil>
860	94	107	201	<nil>
860	118	184	302	<nil>
860	3942	178	4120	<nil>
860	121	181	302	<nil>
860	120	181	301	<nil>
860	15788	94	15882	<nil>
860	116	178	294	<nil>
860	116	178	294	<nil>
860	112	182	294	<nil>
860	118	178	296	<nil>
860	125	176	301	<nil>
860	119	160	279	<nil>
860	116	179	295	<nil>
860	134	160	294	<nil>
860	113	183	296	<nil>
860	135	161	296	<nil>
860	119	180	299	<nil>
860	121	175	296	<nil>
860	122	180	302	<nil>
860	128	149	277	<nil>
860	70	289	359	<nil>
860	117	163	280	<nil>
860	128	152	280	<nil>
860	121	160	281	<nil>
860	129	153	282	<nil>
860	119	160	279	<nil>
860	3972	159	4131	<nil>
860	4382	297	4679	<nil>
860	156	132	288	<nil>
860	125	176	301	<nil>
860	1072	162	1234	<nil>
860	125	157	282	<nil>
860	100	94	194	<nil>
860	116	180	296	<nil>
860	177	111	288	<nil>
860	132	165	297	<nil>
860	1106	179	1285	<nil>
860	123	179	302	<nil>
860	120	160	280	<nil>
860	104	92	196	<nil>
860	118	95	213	<nil>
860	98	94	192	<nil>
860	126	64	190	<nil>
860	120	75	195	<nil>
860	91	103	194	<nil>
860	119	76	195	<nil>
860	120	76	196	<nil>
860	125	75	200	<nil>
860	103	75	178	<nil>
860	101	75	176	<nil>
860	118	79	197	<nil>
860	102	75	177	<nil>
860	137	37	174	<nil>
860	95	78	173	<nil>
860	100	77	177	<nil>
860	100	78	178	<nil>
860	4710	45	4755	<nil>
860	4263	77	4340	<nil>
860	100	78	178	<nil>
860	98	80	178	<nil>
860	97	77	174	<nil>
860	79	27	106	<nil>
860	96	78	174	<nil>
860	122	78	200	<nil>
860	8532	82	8614	<nil>
860	100	78	178	<nil>
860	97	76	173	<nil>
860	1079	78	1157	<nil>
860	99	78	177	<nil>
860	73	26	99	<nil>
860	116	61	177	<nil>
860	4740	21	4761	<nil>
860	99	82	181	<nil>
860	4344	22	4366	<nil>
860	4427	26	4453	<nil>
860	39940	27	39967	<nil>
860	14782	21	14803	<nil>
860	86	22	108	<nil>
860	94	13	107	<nil>
860	86	22	108	<nil>
860	14782	22	14804	<nil>
860	86	22	108	<nil>
860	85	22	107	<nil>
860	84	22	106	<nil>
860	85	23	108	<nil>
860	27117	22	27139	<nil>
860	4806	16	4822	<nil>
860	63	17	80	<nil>
860	61	17	78	<nil>
860	90	17	107	<nil>
860	4124	18	4142	<nil>
860	31	17	48	<nil>
860	37	17	54	<nil>
860	16105	17	16122	<nil>
860	40	18	58	<nil>
860	32	16	48	<nil>
860	268	0	268	rpc error: code = Unavailable desc = transport is closing
860	269	0	269	rpc error: code = Unavailable desc = transport is closing
860	268	0	268	rpc error: code = Unavailable desc = transport is closing
860	293	0	293	rpc error: code = Unavailable desc = transport is closing
860	277	0	277	rpc error: code = Unavailable desc = transport is closing
860	264	0	264	rpc error: code = Unavailable desc = transport is closing
860	277	0	277	rpc error: code = Unavailable desc = transport is closing
860	267	0	267	rpc error: code = Unavailable desc = transport is closing
860	282	0	282	rpc error: code = Unavailable desc = transport is closing
860	276	0	276	rpc error: code = Unavailable desc = transport is closing
860	263	0	263	rpc error: code = Unavailable desc = transport is closing
860	279	0	279	rpc error: code = Unavailable desc = transport is closing
860	278	0	278	rpc error: code = Unavailable desc = transport is closing
860	277	0	277	rpc error: code = Unavailable desc = transport is closing
860	291	0	291	rpc error: code = Unavailable desc = transport is closing
860	261	0	261	rpc error: code = Unavailable desc = transport is closing
860	258	0	258	rpc error: code = Unavailable desc = transport is closing
860	297	0	297	rpc error: code = Unavailable desc = transport is closing
860	280	0	280	rpc error: code = Unavailable desc = transport is closing
860	295	0	295	rpc error: code = Unavailable desc = transport is closing
860	290	0	290	rpc error: code = Unavailable desc = transport is closing
860	280	0	280	rpc error: code = Unavailable desc = transport is closing
860	186	38	224	<nil>
860	172	38	210	<nil>
860	201	45	246	<nil>
860	200	44	244	<nil>
860	188	45	233	<nil>
860	201	28	229	<nil>
860	200	32	232	<nil>
860	187	45	232	<nil>
860	206	47	253	<nil>
860	186	48	234	<nil>
860	199	47	246	<nil>
860	271	0	271	rpc error: code = Unavailable desc = transport is closing
860	187	46	233	<nil>
860	76330	45	76375	<nil>
860	188	45	233	<nil>
860	199	32	231	<nil>
860	211	48	259	<nil>
860	214	20	234	<nil>
860	211	24	235	<nil>
860	211	23	234	<nil>
860	185	47	232	<nil>
860	214	20	234	<nil>
860	229	17	246	<nil>
860	213	22	235	<nil>
860	185	48	233	<nil>
860	210	24	234	<nil>
860	211	23	234	<nil>
860	211	24	235	<nil>
860	214	21	235	<nil>
860	210	24	234	<nil>
860	217	17	234	<nil>
860	289	0	289	rpc error: code = Unavailable desc = transport is closing
860	222	19	241	<nil>
860	3890	0	3890	rpc error: code = Unavailable desc = transport is closing
860	258	0	258	rpc error: code = Unavailable desc = transport is closing
860	24975	20	24995	<nil>
860	218	19	237	<nil>
860	217	20	237	<nil>
860	4568	20	4588	<nil>
860	257	0	257	rpc error: code = Unavailable desc = transport is closing
860	256	0	256	rpc error: code = Unavailable desc = transport is closing
860	256	0	256	rpc error: code = Unavailable desc = transport is closing
860	2878	0	2878	rpc error: code = Unavailable desc = transport is closing
860	216	20	236	<nil>
860	216	20	236	<nil>
860	11386	0	11386	rpc error: code = Unavailable desc = transport is closing
860	202	21	223	<nil>
860	5761	0	5761	rpc error: code = Unavailable desc = transport is closing
860	217	19	236	<nil>
860	229	20	249	<nil>
860	206	47	253	<nil>
860	282	0	282	rpc error: code = Unavailable desc = transport is closing
860	210	18	228	<nil>
860	27382	43	27425	<nil>
860	5534	0	5534	rpc error: code = Unavailable desc = transport is closing
860	208	19	227	<nil>
860	7519	0	7519	rpc error: code = Unavailable desc = transport is closing
860	3831	0	3831	rpc error: code = Unavailable desc = transport is closing
860	3899	0	3899	rpc error: code = Unavailable desc = transport is closing
860	277	0	277	rpc error: code = Unavailable desc = transport is closing
860	261	0	261	rpc error: code = Unavailable desc = transport is closing
860	11460	0	11460	rpc error: code = Unavailable desc = transport is closing
860	4517	0	4517	rpc error: code = Unavailable desc = transport is closing
860	10737	0	10737	rpc error: code = Unavailable desc = transport is closing
860	3902	0	3902	rpc error: code = Unavailable desc = transport is closing
860	8862	0	8862	rpc error: code = Unavailable desc = transport is closing
860	290	0	290	rpc error: code = Unavailable desc = transport is closing
860	267	0	267	rpc error: code = Unavailable desc = transport is closing
860	206	19	225	<nil>
860	4593	19	4612	<nil>
860	2889	0	2889	rpc error: code = Unavailable desc = transport is closing
860	278	0	278	rpc error: code = Unavailable desc = transport is closing
860	210	19	229	<nil>
860	4938	20	4958	<nil>
860	3565	0	3565	rpc error: code = Unavailable desc = transport is closing
860	221	20	241	<nil>
860	207	19	226	<nil>
860	231	19	250	<nil>
860	222	19	241	<nil>
860	277	0	277	rpc error: code = Unavailable desc = transport is closing
860	221	20	241	<nil>
860	222	20	242	<nil>
860	221	19	240	<nil>
860	4837	19	4856	<nil>
860	4547	19	4566	<nil>
860	229	20	249	<nil>
860	209	20	229	<nil>
860	210	19	229	<nil>
860	6538	0	6538	rpc error: code = Unavailable desc = transport is closing
860	6527	0	6527	rpc error: code = Unavailable desc = transport is closing
860	3903	0	3903	rpc error: code = Unavailable desc = transport is closing
860	209	20	229	<nil>
860	207	20	227	<nil>
860	6400	0	6400	rpc error: code = Unavailable desc = transport is closing
860	279	0	279	rpc error: code = Unavailable desc = transport is closing
860	203	21	224	<nil>
860	42913	19	42932	<nil>
860	222	23	245	<nil>
860	229	23	252	<nil>
860	2740	0	2740	rpc error: code = Unavailable desc = transport is closing
860	280	0	280	rpc error: code = Unavailable desc = transport is closing
860	222	60	282	<nil>
860	222	134	356	<nil>
860	227	134	361	<nil>
860	223	192	415	<nil>
860	222	192	414	<nil>
860	226	217	443	<nil>
860	281	0	281	rpc error: code = Unavailable desc = transport is closing
860	6811	0	6811	rpc error: code = Unavailable desc = transport is closing
860	9787	0	9787	rpc error: code = Unavailable desc = transport is closing
860	275	0	275	rpc error: code = Unavailable desc = transport is closing
860	10326	0	10326	rpc error: code = Unavailable desc = transport is closing
860	3919	0	3919	rpc error: code = Unavailable desc = transport is closing
860	3920	0	3920	rpc error: code = Unavailable desc = transport is closing
860	26440	0	26440	rpc error: code = Unavailable desc = transport is closing
860	294	0	294	rpc error: code = Unavailable desc = transport is closing
860	292	0	292	rpc error: code = Unavailable desc = transport is closing
860	319	0	319	rpc error: code = Unavailable desc = transport is closing
860	3919	0	3919	rpc error: code = Unavailable desc = transport is closing
860	298	0	298	rpc error: code = Unavailable desc = transport is closing
860	294	0	294	rpc error: code = Unavailable desc = transport is closing
860	320	0	320	rpc error: code = Unavailable desc = transport is closing
860	237	216	453	<nil>
860	324	0	324	rpc error: code = Unavailable desc = transport is closing
860	323	0	323	rpc error: code = Unavailable desc = transport is closing
860	103	0	103	rpc error: code = Unavailable desc = transport is closing
860	103	0	103	rpc error: code = Unavailable desc = transport is closing
860	104	0	104	rpc error: code = Unavailable desc = transport is closing
860	9593	0	9593	rpc error: code = Unavailable desc = transport is closing
860	303	0	303	rpc error: code = Unavailable desc = transport is closing
860	230	265	495	<nil>
860	4609	285	4894	<nil>
860	236	294	530	<nil>
860	230	294	524	<nil>
860	229	294	523	<nil>
860	231	295	526	<nil>
860	242	0	242	rpc error: code = Unavailable desc = transport is closing
860	243	0	243	rpc error: code = Unavailable desc = transport is closing
860	254	0	254	rpc error: code = Unavailable desc = transport is closing
860	274	0	274	rpc error: code = Unavailable desc = transport is closing
860	301	0	301	rpc error: code = Unavailable desc = transport is closing
860	253	0	253	rpc error: code = Unavailable desc = transport is closing
860	17733	0	17733	rpc error: code = Unavailable desc = transport is closing
860	5027	301	5328	<nil>
860	232	304	536	<nil>
860	232	302	534	<nil>
860	232	302	534	<nil>
860	213	301	514	<nil>
860	71625	305	71930	<nil>
860	213	305	518	<nil>
860	230	302	532	<nil>
860	214	303	517	<nil>
860	291	0	291	rpc error: code = Unavailable desc = transport is closing
860	228	305	533	<nil>
860	9819	0	9819	rpc error: code = Unavailable desc = transport is closing
860	229	302	531	<nil>
860	11343	0	11343	rpc error: code = Unavailable desc = transport is closing
860	213	298	511	<nil>
860	4718	0	4718	rpc error: code = Unavailable desc = transport is closing
860	264	0	264	rpc error: code = Unavailable desc = transport is closing
860	228	304	532	<nil>
860	260	0	260	rpc error: code = Unavailable desc = transport is closing
860	4338	0	4338	rpc error: code = Unavailable desc = transport is closing
860	230	302	532	<nil>
860	236	303	539	<nil>
860	216	301	517	<nil>
860	212	303	515	<nil>
860	280	0	280	rpc error: code = Unavailable desc = transport is closing
860	114330	302	114632	<nil>
860	228	303	531	<nil>
860	216	302	518	<nil>
860	4039	0	4039	rpc error: code = Unavailable desc = transport is closing
860	250	0	250	rpc error: code = Unavailable desc = transport is closing
860	227	305	532	<nil>
860	229	0	229	rpc error: code = Unavailable desc = transport is closing
860	16184	304	16488	<nil>
860	223	292	515	<nil>
860	229	303	532	<nil>
860	214	302	516	<nil>
860	277	0	277	rpc error: code = Unavailable desc = transport is closing
860	254	0	254	rpc error: code = Unavailable desc = transport is closing
860	213	301	514	<nil>
860	29244	0	29244	rpc error: code = Unavailable desc = transport is closing
860	228	298	526	<nil>
860	216	302	518	<nil>
860	215	303	518	<nil>
860	15683	328	16011	<nil>
860	214	592	806	<nil>
860	214	593	807	<nil>
860	241	0	241	rpc error: code = Unavailable desc = transport is closing
860	269	0	269	rpc error: code = Unavailable desc = transport is closing
860	244	0	244	rpc error: code = Unavailable desc = transport is closing
860	233	608	841	<nil>
860	236	600	836	<nil>
860	62	600	662	<nil>
860	4975	600	5575	<nil>
860	213	606	819	<nil>
860	234	601	835	<nil>
860	61	616	677	<nil>
860	62	613	675	<nil>
860	56	641	697	<nil>
860	64	635	699	<nil>
860	63	636	699	<nil>
860	62	636	698	<nil>
860	61	636	697	<nil>
860	56	642	698	<nil>
860	222	677	899	<nil>
860	275	0	275	rpc error: code = Unavailable desc = transport is closing
860	212	682	894	<nil>
860	215	681	896	<nil>
860	214	680	894	<nil>
860	223	672	895	<nil>
860	214	684	898	<nil>
860	56	669	725	<nil>
860	222	676	898	<nil>
860	291	0	291	rpc error: code = Unavailable desc = transport is closing
860	62	667	729	<nil>
860	41	683	724	<nil>
860	43	682	725	<nil>
860	44671	678	45349	<nil>
860	40	685	725	<nil>
860	42	682	724	<nil>
860	1051	677	1728	<nil>
860	42	683	725	<nil>
860	47	677	724	<nil>
860	62	677	739	<nil>
860	63	676	739	<nil>
860	274	0	274	rpc error: code = Unavailable desc = transport is closing
860	235	0	235	rpc error: code = Unavailable desc = transport is closing
860	208	491	699	<nil>
860	182	0	182	rpc error: code = Unavailable desc = transport is closing
860	258	487	745	<nil>
860	177	0	177	rpc error: code = Unavailable desc = transport is closing
860	182	0	182	rpc error: code = Unavailable desc = transport is closing
860	1269	488	1757	<nil>
860	180	0	180	rpc error: code = Unavailable desc = transport is closing
860	63	676	739	<nil>
860	282	483	765	<nil>
860	272	483	755	<nil>
860	285	482	767	<nil>
860	288	504	792	<nil>
860	288	504	792	<nil>
860	288	505	793	<nil>
860	286	506	792	<nil>
860	287	507	794	<nil>
860	311	480	791	<nil>
860	310	481	791	<nil>
860	311	480	791	<nil>
860	313	500	813	<nil>
860	316	499	815	<nil>
860	312	504	816	<nil>
860	309	503	812	<nil>
860	311	501	812	<nil>
860	309	509	818	<nil>
860	315	502	817	<nil>
860	308	510	818	<nil>
860	311	504	815	<nil>
860	313	505	818	<nil>
860	312	507	819	<nil>
860	311	508	819	<nil>
860	307	519	826	<nil>
860	310	512	822	<nil>
860	307	533	840	<nil>
860	312	539	851	<nil>
860	315	538	853	<nil>
860	315	538	853	<nil>
860	316	537	853	<nil>
860	312	541	853	<nil>
860	313	537	850	<nil>
860	310	540	850	<nil>
860	314	539	853	<nil>
860	316	552	868	<nil>
860	269	562	831	<nil>
860	295	562	857	<nil>
860	581	297	878	<nil>
860	306	561	867	<nil>
860	311	563	874	<nil>
860	312	574	886	<nil>
860	307	575	882	<nil>
860	295	575	870	<nil>
860	306	575	881	<nil>
860	312	575	887	<nil>
860	295	575	870	<nil>
860	302	576	878	<nil>
860	577	310	887	<nil>
860	562	315	877	<nil>
860	311	576	887	<nil>
860	310	583	893	<nil>
860	303	582	885	<nil>
860	303	582	885	<nil>
860	302	604	906	<nil>
860	572	367	939	<nil>
860	41242	273	41515	<nil>
860	573	363	936	<nil>
860	657	271	928	<nil>
860	6278	363	6641	<nil>
860	647	266	913	<nil>
860	621	303	924	<nil>
860	17216	275	17491	<nil>
860	677	265	942	<nil>
860	639	280	919	<nil>
860	640	270	910	<nil>
860	43903	278	44181	<nil>
860	573	303	876	<nil>
860	659	267	926	<nil>
860	606	279	885	<nil>
860	16381	273	16654	<nil>
860	663	273	936	<nil>
860	571	368	939	<nil>
860	653	279	932	<nil>
860	657	278	935	<nil>
860	634	279	913	<nil>
860	17275	274	17549	<nil>
860	7105	267	7372	<nil>
860	7253	274	7527	<nil>
860	14942	283	15225	<nil>
860	663	273	936	<nil>
860	663	273	936	<nil>
860	6595	269	6864	<nil>
860	637	273	910	<nil>
860	571	234	805	<nil>
860	713	229	942	<nil>
860	18713	234	18947	<nil>
860	715	289	1004	<nil>
860	714	298	1012	<nil>
860	534	297	831	<nil>
860	715	306	1021	<nil>
860	665	302	967	<nil>
860	537	299	836	<nil>
860	541	301	842	<nil>
860	725	303	1028	<nil>
860	534	296	830	<nil>
860	6399	259	6658	<nil>
860	534	302	836	<nil>
860	692	310	1002	<nil>
860	232	0	232	rpc error: code = Unavailable desc = transport is closing
860	507	283	790	<nil>
860	537	306	843	<nil>
860	538	305	843	<nil>
860	508	285	793	<nil>
860	534	306	840	<nil>
860	535	307	842	<nil>
860	532	233	765	<nil>
860	534	310	844	<nil>
860	534	309	843	<nil>
860	507	259	766	<nil>
860	231	0	231	rpc error: code = Unavailable desc = transport is closing
860	507	259	766	<nil>
860	509	261	770	<nil>
860	16958	284	17242	<nil>
860	260	0	260	rpc error: code = Unavailable desc = transport is closing
860	231	0	231	rpc error: code = Unavailable desc = transport is closing
860	230	0	230	rpc error: code = Unavailable desc = transport is closing
860	5814	0	5814	rpc error: code = Unavailable desc = transport is closing
860	255	0	255	rpc error: code = Unavailable desc = transport is closing
860	534	241	775	<nil>
860	231	0	231	rpc error: code = Unavailable desc = transport is closing
860	2793	0	2793	rpc error: code = Unavailable desc = transport is closing
860	712	306	1018	<nil>
860	4650	0	4650	rpc error: code = Unavailable desc = transport is closing
860	711	373	1084	<nil>
860	7573	373	7946	<nil>
860	28818	0	28818	rpc error: code = Unavailable desc = transport is closing
860	534	371	905	<nil>
860	507	350	857	<nil>
860	16555	250	16805	<nil>
860	535	370	905	<nil>
860	666	381	1047	<nil>
860	537	379	916	<nil>
860	668	387	1055	<nil>
860	597	390	987	<nil>
860	526	385	911	<nil>
860	665	396	1061	<nil>
860	697	398	1095	<nil>
860	508	370	878	<nil>
860	535	391	926	<nil>
860	564	284	848	<nil>
860	11411	0	11411	rpc error: code = Unavailable desc = transport is closing
860	683	404	1087	<nil>
860	716	405	1121	<nil>
860	17106	394	17500	<nil>
860	507	391	898	<nil>
860	507	391	898	<nil>
860	527	412	939	<nil>
860	547	285	832	<nil>
860	564	306	870	<nil>
860	25350	0	25350	rpc error: code = Unavailable desc = transport is closing
860	7164	0	7164	rpc error: code = Unavailable desc = transport is closing
860	74619	0	74619	rpc error: code = Unavailable desc = transport is closing
860	2740	0	2740	rpc error: code = Unavailable desc = transport is closing
860	586	343	929	<nil>
860	1557	0	1557	rpc error: code = Unavailable desc = transport is closing
860	6914	0	6914	rpc error: code = Unavailable desc = transport is closing
860	1540	0	1540	rpc error: code = Unavailable desc = transport is closing
860	678	0	678	rpc error: code = Unavailable desc = transport is closing
860	362	0	362	rpc error: code = Unavailable desc = transport is closing
860	582	334	916	<nil>
860	585	347	932	<nil>
860	579	346	925	<nil>
860	582	333	915	<nil>
860	1372	0	1372	rpc error: code = Unavailable desc = transport is closing
860	651	0	651	rpc error: code = Unavailable desc = transport is closing
860	6462	0	6462	rpc error: code = Unavailable desc = transport is closing
860	1527	0	1527	rpc error: code = Unavailable desc = transport is closing
860	596	371	967	<nil>
860	359	0	359	rpc error: code = Unavailable desc = transport is closing
860	665	0	665	rpc error: code = Unavailable desc = transport is closing
860	665	0	665	rpc error: code = Unavailable desc = transport is closing
860	589	383	972	<nil>
860	584	378	962	<nil>
860	581	407	988	<nil>
860	574	415	989	<nil>
860	579	410	989	<nil>
860	579	410	989	<nil>
860	1674	0	1674	rpc error: code = Unavailable desc = transport is closing
860	6979	0	6979	rpc error: code = Unavailable desc = transport is closing
860	6144	410	6554	<nil>
860	1661	0	1661	rpc error: code = Unavailable desc = transport is closing
860	1662	0	1662	rpc error: code = Unavailable desc = transport is closing
860	627	368	995	<nil>
860	1615	0	1615	rpc error: code = Unavailable desc = transport is closing
860	7730	412	8142	<nil>
860	583	411	994	<nil>
860	6651	415	7066	<nil>
860	2473	0	2473	rpc error: code = Unavailable desc = transport is closing
860	579	415	994	<nil>
860	41126	362	41488	<nil>
860	7898	0	7898	rpc error: code = Unavailable desc = transport is closing
860	1673	0	1673	rpc error: code = Unavailable desc = transport is closing
860	1755	0	1755	rpc error: code = Unavailable desc = transport is closing
860	1575	412	1987	<nil>
860	6547	365	6912	<nil>
860	1615	372	1987	<nil>
860	7753	393	8146	<nil>
860	43650	413	44063	<nil>
860	626	374	1000	<nil>
860	6531	373	6904	<nil>
860	72335	392	72727	<nil>
860	6540	465	7005	<nil>
860	626	471	1097	<nil>
860	7111	471	7582	<nil>
860	6845	471	7316	<nil>
860	74222	463	74685	<nil>
860	6637	463	7100	<nil>
860	6547	464	7011	<nil>
860	627	472	1099	<nil>
860	371	464	835	<nil>
860	361	463	824	<nil>
860	6636	464	7100	<nil>
860	7777	464	8241	<nil>
860	635	465	1100	<nil>
860	44047	464	44511	<nil>
860	636	502	1138	<nil>
860	6422	503	6925	<nil>
860	635	506	1141	<nil>
860	1540	477	2017	<nil>
860	333	491	824	<nil>
860	653	493	1146	<nil>
860	2820	453	3273	<nil>
860	739	421	1160	<nil>
860	428	404	832	<nil>
860	718	428	1146	<nil>
860	1584	438	2022	<nil>
860	1560	425	1985	<nil>
860	724	427	1151	<nil>
860	360	431	791	<nil>
860	314	407	721	<nil>
860	1614	417	2031	<nil>
860	1719	312	2031	<nil>
860	1571	416	1987	<nil>
860	1662	416	2078	<nil>
860	1710	321	2031	<nil>
860	641	516	1157	<nil>
860	1614	416	2030	<nil>
860	320	406	726	<nil>
860	317	406	723	<nil>
860	313	410	723	<nil>
860	316	411	727	<nil>
860	292	407	699	<nil>
860	310	412	722	<nil>
860	316	359	675	<nil>
860	6661	409	7070	<nil>
860	315	360	675	<nil>
860	314	360	674	<nil>
860	6272	411	6683	<nil>
860	380	266	646	<nil>
860	347	304	651	<nil>
860	1726	269	1995	<nil>
860	382	267	649	<nil>
860	7098	280	7378	<nil>
860	299	376	675	<nil>
860	343	304	647	<nil>
860	17350	315	17665	<nil>
860	390	257	647	<nil>
860	395	254	649	<nil>
860	1816	268	2084	<nil>
860	385	268	653	<nil>
860	451	90	541	<nil>
860	367	252	619	<nil>
860	3010	305	3315	<nil>
860	1412	53	1465	<nil>
860	1413	54	1467	<nil>
860	422	54	476	<nil>
860	3047	283	3330	<nil>
860	3352	39	3391	<nil>
860	348	299	647	<nil>
860	2880	39	2919	<nil>
860	7570	316	7886	<nil>
860	1222	7	1229	<nil>
860	230	8	238	<nil>
860	329	298	627	<nil>
860	340	258	598	<nil>
860	440	97	537	<nil>
860	359	332	691	<nil>
860	481	87	568	<nil>
860	497	288	785	<nil>
860	412	53	465	<nil>
860	7673	55	7728	<nil>
860	26160	307	26467	<nil>
860	413	53	466	<nil>
860	402	55	457	<nil>
860	539	257	796	<nil>
860	299	316	615	<nil>
860	296	32	328	<nil>
860	301	317	618	<nil>
860	2914	7	2921	<nil>
860	3044	287	3331	<nil>
860	108	21	129	<nil>
860	396	258	654	<nil>
860	270	407	677	<nil>
860	458	83	541	<nil>
860	1784	328	2112	<nil>
860	372	277	649	<nil>
860	3045	329	3374	<nil>
860	3081	324	3405	<nil>
860	339	328	667	<nil>
860	437	3	440	<nil>
860	3406	3	3409	<nil>
860	416	1	417	<nil>
860	492	2	494	<nil>
860	3408	1	3409	<nil>
860	348	333	681	<nil>
860	28827	2	28829	<nil>
860	446	0	446	<nil>
860	443	1	444	<nil>
860	444	0	444	<nil>
860	412	1	413	<nil>
860	381	354	735	<nil>
860	493	1	494	<nil>
860	383	1	384	<nil>
860	448	0	448	<nil>
860	418	309	727	<nil>
860	1393	218	1611	<nil>
860	417	261	678	<nil>
860	398	261	659	<nil>
860	370	294	664	<nil>
860	370	295	665	<nil>
860	1545	444	1989	<nil>
860	418	262	680	<nil>
860	291	1	292	<nil>
860	403	262	665	<nil>
860	424	75	499	<nil>
860	318	502	820	<nil>
860	411	76	487	<nil>
860	3259	172	3431	<nil>
860	445	166	611	<nil>
860	383	75	458	<nil>
860	3253	178	3431	<nil>
860	17036	223	17259	<nil>
860	17034	224	17258	<nil>
860	3083	342	3425	<nil>
860	402	204	606	<nil>
860	427	180	607	<nil>
860	3221	207	3428	<nil>
860	452	85	537	<nil>
860	442	94	536	<nil>
860	3349	82	3431	<nil>
860	7968	2	7970	<nil>
860	2720	367	3087	<nil>
860	401	53	454	<nil>
860	278	37	315	<nil>
860	27312	16	27328	<nil>
860	385	281	666	<nil>
860	399	55	454	<nil>
860	3287	58	3345	<nil>
860	1413	60	1473	<nil>
860	1413	58	1471	<nil>
860	370	45	415	<nil>
860	414	47	461	<nil>
860	409	55	464	<nil>
860	386	258	644	<nil>
860	414	48	462	<nil>
860	420	262	682	<nil>
860	8303	60	8363	<nil>
860	369	48	417	<nil>
860	3422	1	3423	<nil>
860	3433	0	3433	<nil>
860	8035	66	8101	<nil>
860	1417	64	1481	<nil>
860	3201	226	3427	<nil>
860	408	60	468	<nil>
860	402	62	464	<nil>
860	74651	67	74718	<nil>
860	17847	68	17915	<nil>
860	419	64	483	<nil>
860	223	8	231	<nil>
860	3333	65	3398	<nil>
860	274	38	312	<nil>
860	3338	30	3368	<nil>
860	436	176	612	<nil>
860	220	12	232	<nil>
860	3353	41	3394	<nil>
860	1306	32	1338	<nil>
860	17652	7	17659	<nil>
860	3027	39	3066	<nil>
860	221	7	228	<nil>
860	422	66	488	<nil>
860	437	176	613	<nil>
860	8037	67	8104	<nil>
860	117	10	127	<nil>
860	2548	6	2554	<nil>
860	181	15	196	<nil>
860	119	10	129	<nil>
860	112	15	127	<nil>
860	1221	7	1228	<nil>
860	216	13	229	<nil>
860	122	8	130	<nil>
860	3318	0	3318	rpc error: code = Unavailable desc = transport is closing
860	211	21	232	<nil>
860	216	11	227	<nil>
860	25551	52	25603	<nil>
860	220	9	229	<nil>
860	1217	14	1231	<nil>
860	10438	25	10463	<nil>
860	2554	21	2575	<nil>
860	10453	26	10479	<nil>
860	1210	23	1233	<nil>
860	1215	18	1233	<nil>
860	105	26	131	<nil>
860	212	18	230	<nil>
860	110	20	130	<nil>
860	14708	10	14718	<nil>
860	44904	56	44960	<nil>
860	414	49	463	<nil>
860	376	74	450	<nil>
860	397	267	664	<nil>
860	1382	463	1845	<nil>
860	403	263	666	<nil>
860	3420	1	3421	<nil>
860	65744	75	65819	<nil>
860	3157	264	3421	<nil>
860	29316	75	29391	<nil>
860	359	1	360	<nil>
860	216	14	230	<nil>
860	342	1	343	<nil>
860	3137	61	3198	<nil>
860	401	205	606	<nil>
860	394	225	619	<nil>
860	301	1	302	<nil>
860	416	220	636	<nil>
860	404	225	629	<nil>
860	3209	220	3429	<nil>
860	3206	221	3427	<nil>
860	415	190	605	<nil>
860	368	54	422	<nil>
860	418	190	608	<nil>
860	3339	48	3387	<nil>
860	432	62	494	<nil>
860	426	221	647	<nil>
860	438	206	644	<nil>
860	3159	266	3425	<nil>
860	14476	221	14697	<nil>
860	14650	0	14650	<nil>
860	16505	58	16563	<nil>
860	424	49	473	<nil>
860	7376	70	7446	<nil>
860	402	67	469	<nil>
860	222	11	233	<nil>
860	255	9	264	<nil>
860	14701	12	14713	<nil>
860	237	5	242	<nil>
860	170	24	194	<nil>
860	220	10	230	<nil>
860	211	21	232	<nil>
860	1217	17	1234	<nil>
860	112	19	131	<nil>
860	110	23	133	<nil>
860	44830	16	44846	<nil>
860	3080	0	3080	rpc error: code = Unavailable desc = transport is closing
860	8294	0	8294	rpc error: code = Unavailable desc = transport is closing
860	499	0	499	rpc error: code = Unavailable desc = transport is closing
860	490	0	490	rpc error: code = Unavailable desc = transport is closing
860	505	462	967	<nil>
860	3398	463	3861	<nil>
860	374	462	836	<nil>
860	373	295	668	<nil>
860	3428	463	3891	<nil>
860	3429	462	3891	<nil>
860	3427	463	3890	<nil>
860	397	541	938	<nil>
860	3302	539	3841	<nil>
860	17913	263	18176	<nil>
860	721	0	721	rpc error: code = Unavailable desc = transport is closing
860	11206	0	11206	rpc error: code = Unavailable desc = transport is closing
860	805	0	805	rpc error: code = Unavailable desc = transport is closing
860	723	0	723	rpc error: code = Unavailable desc = transport is closing
860	807	0	807	rpc error: code = Unavailable desc = transport is closing
860	26591	0	26591	rpc error: code = Unavailable desc = transport is closing
860	726	0	726	rpc error: code = Unavailable desc = transport is closing
860	724	0	724	rpc error: code = Unavailable desc = transport is closing
860	823	0	823	rpc error: code = Unavailable desc = transport is closing
860	3309	0	3309	rpc error: code = Unavailable desc = transport is closing
860	720	0	720	rpc error: code = Unavailable desc = transport is closing
860	709	0	709	rpc error: code = Unavailable desc = transport is closing
860	808	0	808	rpc error: code = Unavailable desc = transport is closing
860	720	0	720	rpc error: code = Unavailable desc = transport is closing
860	3314	0	3314	rpc error: code = Unavailable desc = transport is closing
860	714	0	714	rpc error: code = Unavailable desc = transport is closing
860	712	0	712	rpc error: code = Unavailable desc = transport is closing
860	730	0	730	rpc error: code = Unavailable desc = transport is closing
860	712	69	781	<nil>
860	709	0	709	rpc error: code = Unavailable desc = transport is closing
860	737	0	737	rpc error: code = Unavailable desc = transport is closing
860	67108	0	67108	rpc error: code = Unavailable desc = transport is closing
860	750	0	750	rpc error: code = Unavailable desc = transport is closing
860	744	0	744	rpc error: code = Unavailable desc = transport is closing
860	753	0	753	rpc error: code = Unavailable desc = transport is closing
860	3371	16	3387	<nil>
860	832	19	851	<nil>
860	852	0	852	rpc error: code = Unavailable desc = transport is closing
860	746	0	746	rpc error: code = Unavailable desc = transport is closing
860	737	0	737	rpc error: code = Unavailable desc = transport is closing
860	832	0	832	rpc error: code = Unavailable desc = transport is closing
860	727	0	727	rpc error: code = Unavailable desc = transport is closing
860	715	0	715	rpc error: code = Unavailable desc = transport is closing
860	747	0	747	rpc error: code = Unavailable desc = transport is closing
860	737	0	737	rpc error: code = Unavailable desc = transport is closing
860	741	0	741	rpc error: code = Unavailable desc = transport is closing
860	745	0	745	rpc error: code = Unavailable desc = transport is closing
860	17015	0	17015	rpc error: code = Unavailable desc = transport is closing
860	723	0	723	rpc error: code = Unavailable desc = transport is closing
860	3312	0	3312	rpc error: code = Unavailable desc = transport is closing
860	809	0	809	rpc error: code = Unavailable desc = transport is closing
860	727	0	727	rpc error: code = Unavailable desc = transport is closing
860	729	0	729	rpc error: code = Unavailable desc = transport is closing
860	741	0	741	rpc error: code = Unavailable desc = transport is closing
860	731	0	731	rpc error: code = Unavailable desc = transport is closing
860	837	0	837	rpc error: code = Unavailable desc = transport is closing
860	764	0	764	rpc error: code = Unavailable desc = transport is closing
860	711	0	711	rpc error: code = Unavailable desc = transport is closing
860	749	0	749	rpc error: code = Unavailable desc = transport is closing
860	3343	0	3343	rpc error: code = Unavailable desc = transport is closing
860	729	0	729	rpc error: code = Unavailable desc = transport is closing
860	760	0	760	rpc error: code = Unavailable desc = transport is closing
860	747	0	747	rpc error: code = Unavailable desc = transport is closing
860	751	0	751	rpc error: code = Unavailable desc = transport is closing
860	865	0	865	rpc error: code = Unavailable desc = transport is closing
860	825	0	825	rpc error: code = Unavailable desc = transport is closing
860	741	0	741	rpc error: code = Unavailable desc = transport is closing
860	871	25	896	<nil>
860	764	17	781	<nil>
860	759	26	785	<nil>
860	718	0	718	rpc error: code = Unavailable desc = transport is closing
860	797	20	817	<nil>
860	769	17	786	<nil>
860	760	25	785	<nil>
860	768	22	790	<nil>
860	880	16	896	<nil>
860	6908	24	6932	<nil>
860	765	17	782	<nil>
860	9828	18	9846	<nil>
860	764	19	783	<nil>
860	809	24	833	<nil>
860	766	18	784	<nil>
860	9576	18	9594	<nil>
860	3718	21	3739	<nil>
860	791	21	812	<nil>
860	2733	15	2748	<nil>
860	863	17	880	<nil>
860	765	19	784	<nil>
860	733	0	733	rpc error: code = Unavailable desc = transport is closing
860	718	0	718	rpc error: code = Unavailable desc = transport is closing
860	765	18	783	<nil>
860	767	16	783	<nil>
860	190	24	214	<nil>
860	3361	33	3394	<nil>
860	764	32	796	<nil>
860	769	23	792	<nil>
860	7326	23	7349	<nil>
860	769	23	792	<nil>
860	874	156	1030	<nil>
860	769	156	925	<nil>
860	890	141	1031	<nil>
860	321	135	456	<nil>
860	1193	151	1344	<nil>
860	2933	149	3082	<nil>
860	320	156	476	<nil>
860	326	151	477	<nil>
860	7390	170	7560	<nil>
860	893	161	1054	<nil>
860	894	165	1059	<nil>
860	3391	160	3551	<nil>
860	225	162	387	<nil>
860	2580	166	2746	<nil>
860	316	156	472	<nil>
860	320	161	481	<nil>
860	226	162	388	<nil>
860	791	160	951	<nil>
860	124	163	287	<nil>
860	10732	156	10888	<nil>
860	1212	166	1378	<nil>
860	784	168	952	<nil>
860	312	162	474	<nil>
860	222	166	388	<nil>
860	393	81	474	<nil>
860	2921	169	3090	<nil>
860	23714	166	23880	<nil>
860	308	165	473	<nil>
860	817	137	954	<nil>
860	146	27	173	<nil>
860	150	28	178	<nil>
860	224	166	390	<nil>
860	7428	144	7572	<nil>
860	2926	164	3090	<nil>
860	1215	166	1381	<nil>
860	160	35	195	<nil>
860	169	35	204	<nil>
860	155	36	191	<nil>
860	166	35	201	<nil>
860	7366	44	7410	<nil>
860	162	44	206	<nil>
860	165	40	205	<nil>
860	162	44	206	<nil>
860	156	95	251	<nil>
860	154	91	245	<nil>
860	204	72	276	<nil>
860	207	134	341	<nil>
860	195	82	277	<nil>
860	236	35	271	<nil>
860	208	70	278	<nil>
860	158	116	274	<nil>
860	201	75	276	<nil>
860	190	83	273	<nil>
860	198	140	338	<nil>
860	248	94	342	<nil>
860	247	95	342	<nil>
860	191	152	343	<nil>
860	256	94	350	<nil>
860	10270	153	10423	<nil>
860	205	145	350	<nil>
860	197	146	343	<nil>
860	247	95	342	<nil>
860	197	144	341	<nil>
860	255	95	350	<nil>
860	204	146	350	<nil>
860	247	97	344	<nil>
860	249	116	365	<nil>
860	200	165	365	<nil>
860	9838	115	9953	<nil>
860	207	143	350	<nil>
860	191	216	407	<nil>
860	261	166	427	<nil>
860	256	164	420	<nil>
860	260	172	432	<nil>
860	338	89	427	<nil>
860	258	173	431	<nil>
860	256	172	428	<nil>
860	257	161	418	<nil>
860	251	181	432	<nil>
860	258	176	434	<nil>
860	258	176	434	<nil>
860	256	174	430	<nil>
860	257	177	434	<nil>
860	257	174	431	<nil>
860	309	122	431	<nil>
860	258	175	433	<nil>
860	2855	170	3025	<nil>
860	364	72	436	<nil>
860	316	116	432	<nil>
860	350	89	439	<nil>
860	2840	197	3037	<nil>
860	246	184	430	<nil>
860	253	181	434	<nil>
860	251	180	431	<nil>
860	258	173	431	<nil>
860	11636	91	11727	<nil>
860	341	90	431	<nil>
860	260	174	434	<nil>
860	259	173	432	<nil>
860	260	170	430	<nil>
860	248	197	445	<nil>
860	257	174	431	<nil>
860	120	193	313	<nil>
860	248	195	443	<nil>
860	248	196	444	<nil>
860	117	196	313	<nil>
860	252	187	439	<nil>
860	15789	184	15973	<nil>
860	360	86	446	<nil>
860	246	206	452	<nil>
860	127	196	323	<nil>
860	257	196	453	<nil>
860	128	195	323	<nil>
860	203	100	303	<nil>
860	10788	103	10891	<nil>
860	11434	101	11535	<nil>
860	254	56	310	<nil>
860	2955	101	3056	<nil>
860	191	119	310	<nil>
860	2950	103	3053	<nil>
860	181	129	310	<nil>
860	115	196	311	<nil>
860	175	250	425	<nil>
860	198	260	458	<nil>
860	168	808	976	<nil>
860	10311	803	11114	<nil>
860	204	803	1007	<nil>
860	199	804	1003	<nil>
860	204	804	1008	<nil>
860	204	804	1008	<nil>
860	199	804	1003	<nil>
860	204	805	1009	<nil>
860	204	805	1009	<nil>
860	206	803	1009	<nil>
860	163	805	968	<nil>
860	262	718	980	<nil>
860	204	645	849	<nil>
860	255	716	971	<nil>
860	272	708	980	<nil>
860	11659	717	12376	<nil>
860	159	647	806	<nil>
860	10970	669	11639	<nil>
860	9627	744	10371	<nil>
860	201	707	908	<nil>
860	164	669	833	<nil>
860	263	717	980	<nil>
860	187	646	833	<nil>
860	3140	669	3809	<nil>
860	92	668	760	<nil>
860	2518	710	3228	<nil>
860	138	669	807	<nil>
860	3044	719	3763	<nil>
860	1223	743	1966	<nil>
860	143	648	791	<nil>
860	1249	717	1966	<nil>
860	2670	570	3240	<nil>
860	289	717	1006	<nil>
860	181	718	899	<nil>
860	16041	670	16711	<nil>
860	1250	717	1967	<nil>
860	3017	744	3761	<nil>
860	188	646	834	<nil>
860	17821	745	18566	<nil>
860	2486	743	3229	<nil>
860	260	717	977	<nil>
860	1205	762	1967	<nil>
860	163	646	809	<nil>
860	1216	751	1967	<nil>
860	227	760	987	<nil>
860	3017	745	3762	<nil>
860	154	745	899	<nil>
860	290	717	1007	<nil>
860	146	753	899	<nil>
860	162	755	917	<nil>
860	1256	711	1967	<nil>
860	149	750	899	<nil>
860	11682	762	12444	<nil>
860	190	708	898	<nil>
860	296	717	1013	<nil>
860	11532	710	12242	<nil>
860	1221	746	1967	<nil>
860	196	571	767	<nil>
860	191	575	766	<nil>
860	715	107	822	<nil>
860	721	106	827	<nil>
860	721	105	826	<nil>
860	12460	108	12568	<nil>
860	721	120	841	<nil>
860	733	111	844	<nil>
860	11120	119	11239	<nil>
860	726	119	845	<nil>
860	730	114	844	<nil>
860	3500	122	3622	<nil>
860	12474	124	12598	<nil>
860	726	121	847	<nil>
860	733	110	843	<nil>
860	721	116	837	<nil>
860	717	121	838	<nil>
860	737	122	859	<nil>
860	771	70	841	<nil>
860	737	113	850	<nil>
860	734	113	847	<nil>
860	637	112	749	<nil>
860	730	118	848	<nil>
860	736	123	859	<nil>
860	25682	122	25804	<nil>
860	3501	117	3618	<nil>
860	726	112	838	<nil>
860	738	122	860	<nil>
860	787	52	839	<nil>
860	713	69	782	<nil>
860	791	39	830	<nil>
860	778	52	830	<nil>
860	800	40	840	<nil>
860	771	69	840	<nil>
860	801	40	841	<nil>
860	792	40	832	<nil>
860	802	40	842	<nil>
860	728	113	841	<nil>
860	790	40	830	<nil>
860	727	113	840	<nil>
860	788	52	840	<nil>
860	727	114	841	<nil>
860	5410	114	5524	<nil>
860	3511	111	3622	<nil>
860	736	122	858	<nil>
860	726	122	848	<nil>
860	725	122	847	<nil>
860	771	79	850	<nil>
860	657	33	690	<nil>
860	771	80	851	<nil>
860	653	34	687	<nil>
860	121	17	138	<nil>
860	125	29	154	<nil>
860	121	31	152	<nil>
860	123	30	153	<nil>
860	125	29	154	<nil>
860	5499	49	5548	<nil>
860	122	30	152	<nil>
860	130	101	231	<nil>
860	132	101	233	<nil>
860	138	99	237	<nil>
860	128	103	231	<nil>
860	2516	103	2619	<nil>
860	135	100	235	<nil>
860	137	105	242	<nil>
860	133	103	236	<nil>
860	131	104	235	<nil>
860	136	118	254	<nil>
860	119	120	239	<nil>
860	144	114	258	<nil>
860	148	118	266	<nil>
860	193	64	257	<nil>
860	120	126	246	<nil>
860	131	125	256	<nil>
860	142	121	263	<nil>
860	161	137	298	<nil>
860	136	118	254	<nil>
860	137	116	253	<nil>
860	132	125	257	<nil>
860	134	153	287	<nil>
860	138	150	288	<nil>
860	131	148	279	<nil>
860	162	167	329	<nil>
860	194	135	329	<nil>
860	139	199	338	<nil>
860	131	197	328	<nil>
860	293	0	293	rpc error: code = Unavailable desc = transport is closing
860	123	199	322	<nil>
860	141	198	339	<nil>
860	132	198	330	<nil>
860	132	202	334	<nil>
860	115	200	315	<nil>
860	2526	190	2716	<nil>
860	2544	198	2742	<nil>
860	3018	202	3220	<nil>
860	143	187	330	<nil>
860	131	199	330	<nil>
860	182	166	348	<nil>
860	142	187	329	<nil>
860	1110	140	1250	<nil>
860	189	25	214	<nil>
860	135	90	225	<nil>
860	154	191	345	<nil>
860	115	132	247	<nil>
860	2596	25	2621	<nil>
860	140	90	230	<nil>
860	1131	201	1332	<nil>
860	132	201	333	<nil>
860	1129	138	1267	<nil>
860	3071	91	3162	<nil>
860	2738	186	2924	<nil>
860	3108	54	3162	<nil>
860	2712	202	2914	<nil>
860	137	191	328	<nil>
860	15174	202	15376	<nil>
860	157	176	333	<nil>
860	134	205	339	<nil>
860	138	190	328	<nil>
860	1131	197	1328	<nil>
860	126	198	324	<nil>
860	5491	36	5527	<nil>
860	187	36	223	<nil>
860	184	37	221	<nil>
860	1134	32	1166	<nil>
860	1168	25	1193	<nil>
860	2549	36	2585	<nil>
860	190	32	222	<nil>
860	188	33	221	<nil>
860	2709	34	2743	<nil>
860	1154	36	1190	<nil>
860	185	33	218	<nil>
860	188	35	223	<nil>
860	189	33	222	<nil>
860	182	36	218	<nil>
860	183	38	221	<nil>
860	3116	37	3153	<nil>
860	5338	35	5373	<nil>
860	189	34	223	<nil>
860	185	38	223	<nil>
860	190	33	223	<nil>
860	1162	32	1194	<nil>
860	182	28	210	<nil>
860	138	91	229	<nil>
860	121	108	229	<nil>
860	142	89	231	<nil>
860	2794	139	2933	<nil>
860	2482	138	2620	<nil>
860	120	109	229	<nil>
860	3227	167	3394	<nil>
860	1227	142	1369	<nil>
860	2644	167	2811	<nil>
860	45912	170	46082	<nil>
860	16177	144	16321	<nil>
860	225	175	400	<nil>
860	256	143	399	<nil>
860	230	169	399	<nil>
860	258	143	401	<nil>
860	1174	170	1344	<nil>
860	312	0	312	rpc error: code = Unavailable desc = transport is closing
860	892	0	892	rpc error: code = Unavailable desc = transport is closing
860	845	0	845	rpc error: code = Unavailable desc = transport is closing
860	1193	23	1216	<nil>
860	191	143	334	<nil>
860	748	0	748	rpc error: code = Unavailable desc = transport is closing
860	2751	24	2775	<nil>
860	15410	171	15581	<nil>
860	810	0	810	rpc error: code = Unavailable desc = transport is closing
860	253	14	267	<nil>
860	17333	14	17347	<nil>
860	222	13	235	<nil>
860	319	0	319	rpc error: code = Unavailable desc = transport is closing
860	310	0	310	rpc error: code = Unavailable desc = transport is closing
860	7407	0	7407	rpc error: code = Unavailable desc = transport is closing
860	895	0	895	rpc error: code = Unavailable desc = transport is closing
860	873	0	873	rpc error: code = Unavailable desc = transport is closing
860	9576	0	9576	rpc error: code = Unavailable desc = transport is closing
860	218	0	218	rpc error: code = Unavailable desc = transport is closing
860	1215	0	1215	rpc error: code = Unavailable desc = transport is closing
860	2744	155	2899	<nil>
860	316	0	316	rpc error: code = Unavailable desc = transport is closing
860	898	0	898	rpc error: code = Unavailable desc = transport is closing
860	1299	0	1299	rpc error: code = Unavailable desc = transport is closing
860	11281	0	11281	rpc error: code = Unavailable desc = transport is closing
860	894	0	894	rpc error: code = Unavailable desc = transport is closing
860	878	0	878	rpc error: code = Unavailable desc = transport is closing
860	785	0	785	rpc error: code = Unavailable desc = transport is closing
860	222	0	222	rpc error: code = Unavailable desc = transport is closing
860	6726	0	6726	rpc error: code = Unavailable desc = transport is closing
860	873	0	873	rpc error: code = Unavailable desc = transport is closing
860	11461	0	11461	rpc error: code = Unavailable desc = transport is closing
860	17383	0	17383	rpc error: code = Unavailable desc = transport is closing
860	10332	0	10332	rpc error: code = Unavailable desc = transport is closing
860	1212	0	1212	rpc error: code = Unavailable desc = transport is closing
860	1173	181	1354	<nil>
860	887	0	887	rpc error: code = Unavailable desc = transport is closing
860	230	170	400	<nil>
860	885	0	885	rpc error: code = Unavailable desc = transport is closing
860	788	0	788	rpc error: code = Unavailable desc = transport is closing
860	893	0	893	rpc error: code = Unavailable desc = transport is closing
860	1216	0	1216	rpc error: code = Unavailable desc = transport is closing
860	9575	0	9575	rpc error: code = Unavailable desc = transport is closing
860	763	0	763	rpc error: code = Unavailable desc = transport is closing
860	774	0	774	rpc error: code = Unavailable desc = transport is closing
860	759	0	759	rpc error: code = Unavailable desc = transport is closing
860	764	0	764	rpc error: code = Unavailable desc = transport is closing
860	780	0	780	rpc error: code = Unavailable desc = transport is closing
860	1246	114	1360	<nil>
860	763	0	763	rpc error: code = Unavailable desc = transport is closing
860	766	0	766	rpc error: code = Unavailable desc = transport is closing
860	746	0	746	rpc error: code = Unavailable desc = transport is closing
860	295	0	295	rpc error: code = Unavailable desc = transport is closing
860	801	0	801	rpc error: code = Unavailable desc = transport is closing
860	793	0	793	rpc error: code = Unavailable desc = transport is closing
860	900	0	900	rpc error: code = Unavailable desc = transport is closing
860	747	0	747	rpc error: code = Unavailable desc = transport is closing
860	746	0	746	rpc error: code = Unavailable desc = transport is closing
860	1258	0	1258	rpc error: code = Unavailable desc = transport is closing
860	745	0	745	rpc error: code = Unavailable desc = transport is closing
860	843	0	843	rpc error: code = Unavailable desc = transport is closing
860	747	0	747	rpc error: code = Unavailable desc = transport is closing
860	2916	29	2945	<nil>
860	2633	46	2679	<nil>
860	281	31	312	<nil>
860	2731	35	2766	<nil>
860	3237	34	3271	<nil>
860	265	50	315	<nil>
860	322	99	421	<nil>
860	5919	37	5956	<nil>
860	209	99	308	<nil>
860	188	124	312	<nil>
860	239	193	432	<nil>
860	3120	17	3137	<nil>
860	1293	100	1393	<nil>
860	232	169	401	<nil>
860	270	23	293	<nil>
860	2819	127	2946	<nil>
860	258	143	401	<nil>
860	754	0	754	rpc error: code = Unavailable desc = transport is closing
860	748	0	748	rpc error: code = Unavailable desc = transport is closing
860	751	0	751	rpc error: code = Unavailable desc = transport is closing
860	116	233	349	<nil>
860	751	0	751	rpc error: code = Unavailable desc = transport is closing
860	750	0	750	rpc error: code = Unavailable desc = transport is closing
860	1633	0	1633	rpc error: code = Unavailable desc = transport is closing
860	753	0	753	rpc error: code = Unavailable desc = transport is closing
860	810	0	810	rpc error: code = Unavailable desc = transport is closing
860	821	0	821	rpc error: code = Unavailable desc = transport is closing
860	751	0	751	rpc error: code = Unavailable desc = transport is closing
860	750	0	750	rpc error: code = Unavailable desc = transport is closing
860	750	0	750	rpc error: code = Unavailable desc = transport is closing
860	776	0	776	rpc error: code = Unavailable desc = transport is closing
860	789	0	789	rpc error: code = Unavailable desc = transport is closing
860	753	0	753	rpc error: code = Unavailable desc = transport is closing
860	750	0	750	rpc error: code = Unavailable desc = transport is closing
860	2683	0	2683	rpc error: code = Unavailable desc = transport is closing
860	826	0	826	rpc error: code = Unavailable desc = transport is closing
860	750	0	750	rpc error: code = Unavailable desc = transport is closing
860	282	79	361	<nil>
860	3119	25	3144	<nil>
860	146	26	172	<nil>
860	3432	24	3456	<nil>
860	2814	25	2839	<nil>
860	235	26	261	<nil>
860	244	26	270	<nil>
860	191	25	216	<nil>
860	2814	28	2842	<nil>
860	3121	26	3147	<nil>
860	299	0	299	rpc error: code = Unavailable desc = transport is closing
860	767	0	767	rpc error: code = Unavailable desc = transport is closing
860	337	0	337	rpc error: code = Unavailable desc = transport is closing
860	3364	0	3364	rpc error: code = Unavailable desc = transport is closing
860	11644	0	11644	rpc error: code = Unavailable desc = transport is closing
860	806	0	806	rpc error: code = Unavailable desc = transport is closing
860	752	0	752	rpc error: code = Unavailable desc = transport is closing
860	208	13	221	<nil>
860	173	75	248	<nil>
860	841	0	841	rpc error: code = Unavailable desc = transport is closing
860	5883	59	5942	<nil>
860	212	10	222	<nil>
860	750	0	750	rpc error: code = Unavailable desc = transport is closing
860	867	0	867	rpc error: code = Unavailable desc = transport is closing
860	15999	13	16012	<nil>
860	219	10	229	<nil>
860	209	13	222	<nil>
860	11245	0	11245	rpc error: code = Unavailable desc = transport is closing
860	2798	11	2809	<nil>
860	1226	14	1240	<nil>
860	2846	10	2856	<nil>
860	266	11	277	<nil>
860	206	12	218	<nil>
860	2848	10	2858	<nil>
860	1288	12	1300	<nil>
860	11043	0	11043	rpc error: code = Unavailable desc = transport is closing
860	10329	0	10329	rpc error: code = Unavailable desc = transport is closing
860	294	104	398	<nil>
860	211	10	221	<nil>
860	764	0	764	rpc error: code = Unavailable desc = transport is closing
860	755	0	755	rpc error: code = Unavailable desc = transport is closing
860	1223	153	1376	<nil>
860	1231	12	1243	<nil>
860	1314	0	1314	rpc error: code = Unavailable desc = transport is closing
860	274	14	288	<nil>
860	1232	12	1244	<nil>
860	26185	14	26199	<nil>
860	208	15	223	<nil>
860	272	16	288	<nil>
860	210	16	226	<nil>
860	770	0	770	rpc error: code = Unavailable desc = transport is closing
860	884	0	884	rpc error: code = Unavailable desc = transport is closing
860	256	10	266	<nil>
860	3309	130	3439	<nil>
860	225	0	225	rpc error: code = Unavailable desc = transport is closing
860	790	0	790	rpc error: code = Unavailable desc = transport is closing
860	2961	14	2975	<nil>
860	232	230	462	<nil>
860	259	205	464	<nil>
860	3178	230	3408	<nil>
860	220	229	449	<nil>
860	3020	233	3253	<nil>
860	211	69	280	<nil>
860	3232	173	3405	<nil>
860	3368	74	3442	<nil>
860	211	74	285	<nil>
860	3443	73	3516	<nil>
860	406	0	406	rpc error: code = Unavailable desc = transport is closing
860	3386	74	3460	<nil>
860	1235	84	1319	<nil>
860	227	73	300	<nil>
860	214	74	288	<nil>
860	207	10	217	<nil>
860	258	84	342	<nil>
860	222	85	307	<nil>
860	211	85	296	<nil>
860	2640	231	2871	<nil>
860	225	83	308	<nil>
860	3374	83	3457	<nil>
860	1236	82	1318	<nil>
860	2799	73	2872	<nil>
860	227	76	303	<nil>
860	3365	0	3365	rpc error: code = Unavailable desc = transport is closing
860	10025	84	10109	<nil>
860	262	83	345	<nil>
860	1298	81	1379	<nil>
860	798	0	798	rpc error: code = Unavailable desc = transport is closing
860	228	82	310	<nil>
860	769	0	769	rpc error: code = Unavailable desc = transport is closing
860	785	0	785	rpc error: code = Unavailable desc = transport is closing
860	164	0	164	rpc error: code = Unavailable desc = transport is closing
860	213	8	221	<nil>
860	162	0	162	rpc error: code = Unavailable desc = transport is closing
860	153	0	153	rpc error: code = Unavailable desc = transport is closing
860	764	0	764	rpc error: code = Unavailable desc = transport is closing
860	790	0	790	rpc error: code = Unavailable desc = transport is closing
860	190	0	190	rpc error: code = Unavailable desc = transport is closing
860	197	0	197	rpc error: code = Unavailable desc = transport is closing
860	201	0	201	rpc error: code = Unavailable desc = transport is closing
860	240	0	240	rpc error: code = Unavailable desc = transport is closing
860	259	0	259	rpc error: code = Unavailable desc = transport is closing
860	264	0	264	rpc error: code = Unavailable desc = transport is closing
860	775	0	775	rpc error: code = Unavailable desc = transport is closing
860	3351	0	3351	rpc error: code = Unavailable desc = transport is closing
860	754	0	754	rpc error: code = Unavailable desc = transport is closing
860	480	219	699	<nil>
860	11204	219	11423	<nil>
860	470	219	689	<nil>
860	3710	0	3710	rpc error: code = Unavailable desc = transport is closing
860	764	0	764	rpc error: code = Unavailable desc = transport is closing
860	15492	0	15492	rpc error: code = Unavailable desc = transport is closing
860	7032	0	7032	rpc error: code = Unavailable desc = transport is closing
860	879	0	879	rpc error: code = Unavailable desc = transport is closing
860	877	0	877	rpc error: code = Unavailable desc = transport is closing
860	751	0	751	rpc error: code = Unavailable desc = transport is closing
860	827	0	827	rpc error: code = Unavailable desc = transport is closing
860	296	0	296	rpc error: code = Unavailable desc = transport is closing
860	788	0	788	rpc error: code = Unavailable desc = transport is closing
860	753	0	753	rpc error: code = Unavailable desc = transport is closing
860	523	198	721	<nil>
860	760	0	760	rpc error: code = Unavailable desc = transport is closing
860	765	0	765	rpc error: code = Unavailable desc = transport is closing
860	781	0	781	rpc error: code = Unavailable desc = transport is closing
860	228	0	228	rpc error: code = Unavailable desc = transport is closing
860	874	0	874	rpc error: code = Unavailable desc = transport is closing
860	763	0	763	rpc error: code = Unavailable desc = transport is closing
860	251	0	251	rpc error: code = Unavailable desc = transport is closing
860	3719	0	3719	rpc error: code = Unavailable desc = transport is closing
860	764	0	764	rpc error: code = Unavailable desc = transport is closing
860	290	0	290	rpc error: code = Unavailable desc = transport is closing
860	820	0	820	rpc error: code = Unavailable desc = transport is closing
860	296	0	296	rpc error: code = Unavailable desc = transport is closing
860	259	0	259	rpc error: code = Unavailable desc = transport is closing
860	1688	0	1688	rpc error: code = Unavailable desc = transport is closing
860	3529	0	3529	rpc error: code = Unavailable desc = transport is closing
860	620	250	870	<nil>
860	746	0	746	rpc error: code = Unavailable desc = transport is closing
860	416	0	416	rpc error: code = Unavailable desc = transport is closing
860	362	0	362	rpc error: code = Unavailable desc = transport is closing
860	363	245	608	<nil>
860	362	0	362	rpc error: code = Unavailable desc = transport is closing
860	393	0	393	rpc error: code = Unavailable desc = transport is closing
860	6362	0	6362	rpc error: code = Unavailable desc = transport is closing
860	374	0	374	rpc error: code = Unavailable desc = transport is closing
860	416	254	670	<nil>
860	382	0	382	rpc error: code = Unavailable desc = transport is closing
860	2932	0	2932	rpc error: code = Unavailable desc = transport is closing
860	366	0	366	rpc error: code = Unavailable desc = transport is closing
860	6364	0	6364	rpc error: code = Unavailable desc = transport is closing
860	424	0	424	rpc error: code = Unavailable desc = transport is closing
860	387	0	387	rpc error: code = Unavailable desc = transport is closing
860	11351	0	11351	rpc error: code = Unavailable desc = transport is closing
860	390	0	390	rpc error: code = Unavailable desc = transport is closing
860	397	0	397	rpc error: code = Unavailable desc = transport is closing
860	433	0	433	rpc error: code = Unavailable desc = transport is closing
860	406	0	406	rpc error: code = Unavailable desc = transport is closing
860	461	0	461	rpc error: code = Unavailable desc = transport is closing
860	415	0	415	rpc error: code = Unavailable desc = transport is closing
860	408	0	408	rpc error: code = Unavailable desc = transport is closing
860	412	0	412	rpc error: code = Unavailable desc = transport is closing
860	413	0	413	rpc error: code = Unavailable desc = transport is closing
860	427	0	427	rpc error: code = Unavailable desc = transport is closing
860	470	0	470	rpc error: code = Unavailable desc = transport is closing
860	421	0	421	rpc error: code = Unavailable desc = transport is closing
860	482	0	482	rpc error: code = Unavailable desc = transport is closing
860	5697	184	5881	<nil>
860	529	185	714	<nil>
860	17056	219	17275	<nil>
860	449	185	634	<nil>
860	498	219	717	<nil>
860	569	150	719	<nil>
860	557	160	717	<nil>
860	3972	188	4160	<nil>
860	547	170	717	<nil>
860	3781	174	3955	<nil>
860	568	150	718	<nil>
860	491	219	710	<nil>
860	537	182	719	<nil>
860	570	158	728	<nil>
860	506	150	656	<nil>
860	398	150	548	<nil>
860	511	145	656	<nil>
860	2674	144	2818	<nil>
860	504	150	654	<nil>
860	582	146	728	<nil>
860	569	161	730	<nil>
860	3955	160	4115	<nil>
860	569	161	730	<nil>
860	569	161	730	<nil>
860	582	149	731	<nil>
860	16276	160	16436	<nil>
860	487	161	648	<nil>
860	498	173	671	<nil>
860	330	173	503	<nil>
860	404	173	577	<nil>
860	399	193	592	<nil>
860	399	193	592	<nil>
860	525	193	718	<nil>
860	399	193	592	<nil>
860	518	193	711	<nil>
860	512	192	704	<nil>
860	418	193	611	<nil>
860	514	191	705	<nil>
860	527	191	718	<nil>
860	529	179	708	<nil>
860	333	192	525	<nil>
860	405	187	592	<nil>
860	297	195	492	<nil>
860	413	178	591	<nil>
860	327	180	507	<nil>
860	415	179	594	<nil>
860	5758	195	5953	<nil>
860	416	177	593	<nil>
860	414	179	593	<nil>
860	528	192	720	<nil>
860	417	178	595	<nil>
860	279	136	415	<nil>
860	421	182	603	<nil>
860	2606	158	2764	<nil>
860	257	183	440	<nil>
860	5783	181	5964	<nil>
860	416	183	599	<nil>
860	277	162	439	<nil>
860	297	140	437	<nil>
860	266	133	399	<nil>
860	258	106	364	<nil>
860	219	114	333	<nil>
860	227	106	333	<nil>
860	260	105	365	<nil>
860	2654	106	2760	<nil>
860	270	107	377	<nil>
860	2654	105	2759	<nil>
860	268	105	373	<nil>
860	242	123	365	<nil>
860	272	107	379	<nil>
860	257	109	366	<nil>
860	10795	109	10904	<nil>
860	258	110	368	<nil>
860	271	98	369	<nil>
860	270	110	380	<nil>
860	5293	136	5429	<nil>
860	238	137	375	<nil>
860	207	117	324	<nil>
860	292	117	409	<nil>
860	1213	151	1364	<nil>
860	206	117	323	<nil>
860	271	138	409	<nil>
860	1235	129	1364	<nil>
860	16364	117	16481	<nil>
860	2734	138	2872	<nil>
860	2686	120	2806	<nil>
860	1277	118	1395	<nil>
860	288	122	410	<nil>
860	185	119	304	<nil>
860	206	121	327	<nil>
860	5495	113	5608	<nil>
860	207	121	328	<nil>
860	182	113	295	<nil>
860	188	130	318	<nil>
860	189	130	319	<nil>
860	5157	128	5285	<nil>
860	184	130	314	<nil>
860	1201	142	1343	<nil>
860	173	137	310	<nil>
860	1203	141	1344	<nil>
860	199	142	341	<nil>
860	193	141	334	<nil>
860	5172	136	5308	<nil>
860	176	115	291	<nil>
860	1165	143	1308	<nil>
860	161	129	290	<nil>
860	175	116	291	<nil>
860	175	116	291	<nil>
860	176	153	329	<nil>
860	181	151	332	<nil>
860	180	152	332	<nil>
860	177	152	329	<nil>
860	2808	152	2960	<nil>
860	160	151	311	<nil>
860	2742	152	2894	<nil>
860	2949	142	3091	<nil>
860	149	143	292	<nil>
860	135	143	278	<nil>
860	76387	145	76532	<nil>
860	149	185	334	<nil>
860	2624	185	2809	<nil>
860	139	185	324	<nil>
860	146	184	330	<nil>
860	164	173	337	<nil>
860	173	164	337	<nil>
860	168	160	328	<nil>
860	152	179	331	<nil>
860	2995	179	3174	<nil>
860	158	179	337	<nil>
860	157	178	335	<nil>
860	10946	177	11123	<nil>
860	148	181	329	<nil>
860	178	179	357	<nil>
860	1130	178	1308	<nil>
860	2808	178	2986	<nil>
860	158	179	337	<nil>
860	158	179	337	<nil>
860	158	180	338	<nil>
860	162	217	379	<nil>
860	163	217	380	<nil>
860	162	217	379	<nil>
860	25399	217	25616	<nil>
860	162	217	379	<nil>
860	153	183	336	<nil>
860	153	184	337	<nil>
860	1138	221	1359	<nil>
860	171	219	390	<nil>
860	159	179	338	<nil>
860	2909	220	3129	<nil>
860	158	180	338	<nil>
860	166	176	342	<nil>
860	163	179	342	<nil>
860	2735	150	2885	<nil>
860	159	179	338	<nil>
860	161	182	343	<nil>
860	159	179	338	<nil>
860	161	181	342	<nil>
860	1181	156	1337	<nil>
860	163	182	345	<nil>
860	188	149	337	<nil>
860	153	172	325	<nil>
860	180	155	335	<nil>
860	166	156	322	<nil>
860	192	151	343	<nil>
860	2834	167	3001	<nil>
860	186	151	337	<nil>
860	197	142	339	<nil>
860	1170	229	1399	<nil>
860	186	233	419	<nil>
860	2893	234	3127	<nil>
860	196	233	429	<nil>
860	151	232	383	<nil>
860	186	235	421	<nil>
860	188	234	422	<nil>
860	213	187	400	<nil>
860	217	189	406	<nil>
860	216	189	405	<nil>
860	208	197	405	<nil>
860	214	190	404	<nil>
860	206	200	406	<nil>
860	214	197	411	<nil>
860	215	198	413	<nil>
860	215	214	429	<nil>
860	1218	214	1432	<nil>
860	217	216	433	<nil>
860	16780	215	16995	<nil>
860	2985	208	3193	<nil>
860	215	214	429	<nil>
860	216	233	449	<nil>
860	214	234	448	<nil>
860	219	186	405	<nil>
860	217	186	403	<nil>
860	217	185	402	<nil>
860	2890	191	3081	<nil>
860	212	182	394	<nil>
860	279	127	406	<nil>
860	216	192	408	<nil>
860	218	185	403	<nil>
860	216	192	408	<nil>
860	210	185	395	<nil>
860	264	141	405	<nil>
860	218	187	405	<nil>
860	217	192	409	<nil>
860	218	195	413	<nil>
860	3090	196	3286	<nil>
860	215	198	413	<nil>
860	268	139	407	<nil>
860	219	188	407	<nil>
860	215	189	404	<nil>
860	273	105	378	<nil>
860	5105	105	5210	<nil>
860	230	110	340	<nil>
860	3137	107	3244	<nil>
860	299	93	392	<nil>
860	274	116	390	<nil>
860	276	114	390	<nil>
860	5596	105	5701	<nil>
860	224	81	305	<nil>
860	312	118	430	<nil>
860	283	117	400	<nil>
860	291	85	376	<nil>
860	283	117	400	<nil>
860	274	117	391	<nil>
860	17624	111	17735	<nil>
860	5595	108	5703	<nil>
860	271	114	385	<nil>
860	5591	112	5703	<nil>
860	314	88	402	<nil>
860	242	85	327	<nil>
860	70216	80	70296	<nil>
860	2676	79	2755	<nil>
860	239	41	280	<nil>
860	227	41	268	<nil>
860	218	62	280	<nil>
860	6431	85	6516	<nil>
860	220	63	283	<nil>
860	308	91	399	<nil>
860	261	43	304	<nil>
860	11354	42	11396	<nil>
860	262	41	303	<nil>
860	250	84	334	<nil>
860	70257	42	70299	<nil>
860	5499	27	5526	<nil>
860	3078	44	3122	<nil>
860	290	85	375	<nil>
860	242	43	285	<nil>
860	228	44	272	<nil>
860	5327	125	5452	<nil>
860	3190	104	3294	<nil>
860	225	29	254	<nil>
860	11378	29	11407	<nil>
860	5716	7	5723	<nil>
860	97	3	100	<nil>
860	243	36	279	<nil>
860	154	29	183	<nil>
860	273	6	279	<nil>
860	5692	29	5721	<nil>
860	144	29	173	<nil>
860	209	28	237	<nil>
860	276	3	279	<nil>
860	262	136	398	<nil>
860	197	37	234	<nil>
860	1158	11	1169	<nil>
860	249	29	278	<nil>
860	1159	10	1169	<nil>
860	221	10	231	<nil>
860	219	20	239	<nil>
860	1160	10	1170	<nil>
860	124	10	134	<nil>
860	5764	36	5800	<nil>
860	88	5	93	<nil>
860	6084	31	6115	<nil>
860	203	37	240	<nil>
860	122	14	136	<nil>
860	1155	14	1169	<nil>
860	202	31	233	<nil>
860	1156	11	1167	<nil>
860	88	5	93	<nil>
860	90	5	95	<nil>
860	200	30	230	<nil>
860	272	6	278	<nil>
860	252	31	283	<nil>
860	1158	13	1171	<nil>
860	165	10	175	<nil>
860	2723	28	2751	<nil>
860	251	28	279	<nil>
860	242	38	280	<nil>
860	257	0	257	rpc error: code = Unavailable desc = transport is closing
860	240	0	240	rpc error: code = Unavailable desc = transport is closing
860	5891	0	5891	rpc error: code = Unavailable desc = transport is closing
860	255	0	255	rpc error: code = Unavailable desc = transport is closing
860	291	0	291	rpc error: code = Unavailable desc = transport is closing
860	2717	0	2717	rpc error: code = Unavailable desc = transport is closing
860	509	0	509	rpc error: code = Unavailable desc = transport is closing
860	498	0	498	rpc error: code = Unavailable desc = transport is closing
860	425	0	425	rpc error: code = Unavailable desc = transport is closing
860	497	0	497	rpc error: code = Unavailable desc = transport is closing
860	509	0	509	rpc error: code = Unavailable desc = transport is closing
860	408	0	408	rpc error: code = Unavailable desc = transport is closing
860	526	0	526	rpc error: code = Unavailable desc = transport is closing
860	492	0	492	rpc error: code = Unavailable desc = transport is closing
860	511	0	511	rpc error: code = Unavailable desc = transport is closing
860	413	0	413	rpc error: code = Unavailable desc = transport is closing
860	346	0	346	rpc error: code = Unavailable desc = transport is closing
860	510	0	510	rpc error: code = Unavailable desc = transport is closing
860	5779	0	5779	rpc error: code = Unavailable desc = transport is closing
860	597	0	597	rpc error: code = Unavailable desc = transport is closing
860	398	0	398	rpc error: code = Unavailable desc = transport is closing
860	407	0	407	rpc error: code = Unavailable desc = transport is closing
860	402	0	402	rpc error: code = Unavailable desc = transport is closing
860	559	0	559	rpc error: code = Unavailable desc = transport is closing
860	398	0	398	rpc error: code = Unavailable desc = transport is closing
860	344	0	344	rpc error: code = Unavailable desc = transport is closing
860	415	0	415	rpc error: code = Unavailable desc = transport is closing
860	415	0	415	rpc error: code = Unavailable desc = transport is closing
860	519	0	519	rpc error: code = Unavailable desc = transport is closing
860	17994	0	17994	rpc error: code = Unavailable desc = transport is closing
860	15279	0	15279	rpc error: code = Unavailable desc = transport is closing
860	413	0	413	rpc error: code = Unavailable desc = transport is closing
860	405	0	405	rpc error: code = Unavailable desc = transport is closing
860	307	0	307	rpc error: code = Unavailable desc = transport is closing
860	583	0	583	rpc error: code = Unavailable desc = transport is closing
860	5745	0	5745	rpc error: code = Unavailable desc = transport is closing
860	583	0	583	rpc error: code = Unavailable desc = transport is closing
860	2730	0	2730	rpc error: code = Unavailable desc = transport is closing
860	632	0	632	rpc error: code = Unavailable desc = transport is closing
860	437	0	437	rpc error: code = Unavailable desc = transport is closing
860	419	0	419	rpc error: code = Unavailable desc = transport is closing
860	399	0	399	rpc error: code = Unavailable desc = transport is closing
860	583	0	583	rpc error: code = Unavailable desc = transport is closing
860	496	0	496	rpc error: code = Unavailable desc = transport is closing
860	397	0	397	rpc error: code = Unavailable desc = transport is closing
860	528	0	528	rpc error: code = Unavailable desc = transport is closing
860	509	0	509	rpc error: code = Unavailable desc = transport is closing
860	520	0	520	rpc error: code = Unavailable desc = transport is closing
860	420	0	420	rpc error: code = Unavailable desc = transport is closing
860	3302	0	3302	rpc error: code = Unavailable desc = transport is closing
860	420	0	420	rpc error: code = Unavailable desc = transport is closing
860	26029	0	26029	rpc error: code = Unavailable desc = transport is closing
860	511	0	511	rpc error: code = Unavailable desc = transport is closing
860	398	0	398	rpc error: code = Unavailable desc = transport is closing
860	578	0	578	rpc error: code = Unavailable desc = transport is closing
860	440	0	440	rpc error: code = Unavailable desc = transport is closing
860	305	864	1169	<nil>
860	193	0	193	rpc error: code = Unavailable desc = transport is closing
860	300	880	1180	<nil>
860	3862	0	3862	rpc error: code = Unavailable desc = transport is closing
860	521	0	521	rpc error: code = Unavailable desc = transport is closing
860	423	0	423	rpc error: code = Unavailable desc = transport is closing
860	531	0	531	rpc error: code = Unavailable desc = transport is closing
860	467	0	467	rpc error: code = Unavailable desc = transport is closing
860	5659	0	5659	rpc error: code = Unavailable desc = transport is closing
860	3707	0	3707	rpc error: code = Unavailable desc = transport is closing
860	496	0	496	rpc error: code = Unavailable desc = transport is closing
860	6485	0	6485	rpc error: code = Unavailable desc = transport is closing
860	548	0	548	rpc error: code = Unavailable desc = transport is closing
860	561	0	561	rpc error: code = Unavailable desc = transport is closing
860	571	0	571	rpc error: code = Unavailable desc = transport is closing
860	537	0	537	rpc error: code = Unavailable desc = transport is closing
860	3287	0	3287	rpc error: code = Unavailable desc = transport is closing
860	494	0	494	rpc error: code = Unavailable desc = transport is closing
860	3668	0	3668	rpc error: code = Unavailable desc = transport is closing
860	454	0	454	rpc error: code = Unavailable desc = transport is closing
860	466	0	466	rpc error: code = Unavailable desc = transport is closing
860	570	0	570	rpc error: code = Unavailable desc = transport is closing
860	499	0	499	rpc error: code = Unavailable desc = transport is closing
860	3628	0	3628	rpc error: code = Unavailable desc = transport is closing
860	569	0	569	rpc error: code = Unavailable desc = transport is closing
860	472	0	472	rpc error: code = Unavailable desc = transport is closing
860	533	0	533	rpc error: code = Unavailable desc = transport is closing
860	6591	0	6591	rpc error: code = Unavailable desc = transport is closing
860	462	0	462	rpc error: code = Unavailable desc = transport is closing
860	499	0	499	rpc error: code = Unavailable desc = transport is closing
860	567	0	567	rpc error: code = Unavailable desc = transport is closing
860	475	0	475	rpc error: code = Unavailable desc = transport is closing
860	6487	0	6487	rpc error: code = Unavailable desc = transport is closing
860	475	0	475	rpc error: code = Unavailable desc = transport is closing
860	403	0	403	rpc error: code = Unavailable desc = transport is closing
860	449	0	449	rpc error: code = Unavailable desc = transport is closing
860	466	0	466	rpc error: code = Unavailable desc = transport is closing
860	536	0	536	rpc error: code = Unavailable desc = transport is closing
860	498	0	498	rpc error: code = Unavailable desc = transport is closing
860	465	0	465	rpc error: code = Unavailable desc = transport is closing
860	547	0	547	rpc error: code = Unavailable desc = transport is closing
860	497	0	497	rpc error: code = Unavailable desc = transport is closing
860	455	0	455	rpc error: code = Unavailable desc = transport is closing
860	455	0	455	rpc error: code = Unavailable desc = transport is closing
860	3398	0	3398	rpc error: code = Unavailable desc = transport is closing
860	451	0	451	rpc error: code = Unavailable desc = transport is closing
860	321	907	1228	<nil>
860	3433	0	3433	rpc error: code = Unavailable desc = transport is closing
860	3851	0	3851	rpc error: code = Unavailable desc = transport is closing
860	3338	0	3338	rpc error: code = Unavailable desc = transport is closing
860	570	0	570	rpc error: code = Unavailable desc = transport is closing
860	471	0	471	rpc error: code = Unavailable desc = transport is closing
860	478	0	478	rpc error: code = Unavailable desc = transport is closing
860	3358	0	3358	rpc error: code = Unavailable desc = transport is closing
860	454	0	454	rpc error: code = Unavailable desc = transport is closing
860	528	0	528	rpc error: code = Unavailable desc = transport is closing
860	529	0	529	rpc error: code = Unavailable desc = transport is closing
860	482	0	482	rpc error: code = Unavailable desc = transport is closing
860	11252	879	12131	<nil>
860	485	0	485	rpc error: code = Unavailable desc = transport is closing
860	307	877	1184	<nil>
860	477	0	477	rpc error: code = Unavailable desc = transport is closing
860	536	0	536	rpc error: code = Unavailable desc = transport is closing
860	5714	0	5714	rpc error: code = Unavailable desc = transport is closing
860	459	0	459	rpc error: code = Unavailable desc = transport is closing
860	486	0	486	rpc error: code = Unavailable desc = transport is closing
860	457	0	457	rpc error: code = Unavailable desc = transport is closing
860	532	0	532	rpc error: code = Unavailable desc = transport is closing
860	26742	0	26742	rpc error: code = Unavailable desc = transport is closing
860	485	0	485	rpc error: code = Unavailable desc = transport is closing
860	457	0	457	rpc error: code = Unavailable desc = transport is closing
860	3823	0	3823	rpc error: code = Unavailable desc = transport is closing
860	537	0	537	rpc error: code = Unavailable desc = transport is closing
860	3716	0	3716	rpc error: code = Unavailable desc = transport is closing
860	480	0	480	rpc error: code = Unavailable desc = transport is closing
860	491	0	491	rpc error: code = Unavailable desc = transport is closing
860	450	0	450	rpc error: code = Unavailable desc = transport is closing
860	452	0	452	rpc error: code = Unavailable desc = transport is closing
860	449	0	449	rpc error: code = Unavailable desc = transport is closing
860	6522	351	6873	<nil>
860	800	364	1164	<nil>
860	28363	351	28714	<nil>
860	796	351	1147	<nil>
860	812	352	1164	<nil>
860	18453	302	18755	<nil>
860	814	351	1165	<nil>
860	128	1001	1129	<nil>
860	745	0	745	rpc error: code = Unavailable desc = transport is closing
860	752	0	752	rpc error: code = Unavailable desc = transport is closing
860	863	0	863	rpc error: code = Unavailable desc = transport is closing
860	752	0	752	rpc error: code = Unavailable desc = transport is closing
860	863	0	863	rpc error: code = Unavailable desc = transport is closing
860	1070	105	1175	<nil>
860	306	17	323	<nil>
860	1072	105	1177	<nil>
860	3089	40	3129	<nil>
860	316	11	327	<nil>
860	315	9	324	<nil>
860	1162	65	1227	<nil>
860	375	37	412	<nil>
860	308	13	321	<nil>
860	303	24	327	<nil>
860	1070	106	1176	<nil>
860	314	10	324	<nil>
860	1141	42	1183	<nil>
860	318	10	328	<nil>
860	1306	17	1323	<nil>
860	303	37	340	<nil>
860	11704	14	11718	<nil>
860	209	8	217	<nil>
860	169	6	175	<nil>
860	326	9	335	<nil>
860	2969	41	3010	<nil>
860	1145	74	1219	<nil>
860	1316	13	1329	<nil>
860	5536	9	5545	<nil>
860	244	8	252	<nil>
860	244	7	251	<nil>
860	249	4	253	<nil>
860	315	25	340	<nil>
860	2793	10	2803	<nil>
860	249	7	256	<nil>
860	52	3	55	<nil>
860	318	10	328	<nil>
860	120	8	128	<nil>
860	213	9	222	<nil>
860	122	6	128	<nil>
860	17261	10	17271	<nil>
860	245	11	256	<nil>
860	219	10	229	<nil>
860	329	8	337	<nil>
860	3132	14	3146	<nil>
860	242	14	256	<nil>
860	118	11	129	<nil>
860	2785	15	2800	<nil>
860	207	13	220	<nil>
860	248	8	256	<nil>
860	53	2	55	<nil>
860	50	4	54	<nil>
860	51	3	54	<nil>
860	2790	14	2804	<nil>
860	221	9	230	<nil>
860	225	6	231	<nil>
860	5537	9	5546	<nil>
860	222	10	232	<nil>
860	3131	10	3141	<nil>
860	221	9	230	<nil>
860	250	7	257	<nil>
860	246	7	253	<nil>
860	115	13	128	<nil>
860	122	7	129	<nil>
860	121	11	132	<nil>
860	120	9	129	<nil>
860	132	0	132	<nil>
860	16	0	16	<nil>
860	22	42	64	<nil>
860	130	7	137	<nil>
860	134	16	150	<nil>
860	127	15	142	<nil>
860	120	6	126	<nil>
860	141	4	145	<nil>
860	129	15	144	<nil>
860	133	10	143	<nil>
860	143	10	153	<nil>
860	2827	3	2830	<nil>
860	138	5	143	<nil>
860	135	16	151	<nil>
860	2870	16	2886	<nil>
860	139	4	143	<nil>
860	2943	9	2952	<nil>
860	6111	11	6122	<nil>
860	140	3	143	<nil>
860	149	9	158	<nil>
860	138	14	152	<nil>
860	6110	10	6120	<nil>
860	141	9	150	<nil>
860	143	10	153	<nil>
860	143	10	153	<nil>
860	149	5	154	<nil>
860	8232	2	8234	<nil>
860	138	11	149	<nil>
860	143	3	146	<nil>
860	141	2	143	<nil>
860	150	7	157	<nil>
860	138	7	145	<nil>
860	140	11	151	<nil>
860	144	10	154	<nil>
860	140	8	148	<nil>
860	149	10	159	<nil>
860	140	8	148	<nil>
860	131	8	139	<nil>
860	138	10	148	<nil>
860	144	8	152	<nil>
860	139	9	148	<nil>
860	140	9	149	<nil>
860	2875	9	2884	<nil>
860	2516	6	2522	<nil>
860	4613	10	4623	<nil>
860	140	10	150	<nil>
860	131	15	146	<nil>
860	139	4	143	<nil>
860	141	10	151	<nil>
860	142	11	153	<nil>
860	149	10	159	<nil>
860	140	10	150	<nil>
860	11536	7	11543	<nil>
860	143	7	150	<nil>
860	139	12	151	<nil>
860	138	11	149	<nil>
860	149	10	159	<nil>
860	139	7	146	<nil>
860	139	12	151	<nil>
860	139	12	151	<nil>
860	149	11	160	<nil>
860	139	3	142	<nil>
860	108	8	116	<nil>
860	109	10	119	<nil>
860	114	8	122	<nil>
860	116	10	126	<nil>
860	126	1	127	<nil>
860	125	5	130	<nil>
860	112	6	118	<nil>
860	2641	8	2649	<nil>
860	125	2	127	<nil>
860	119	8	127	<nil>
860	127	5	132	<nil>
860	2650	7	2657	<nil>
860	2655	6	2661	<nil>
860	120	18	138	<nil>
860	127	6	133	<nil>
860	131	6	137	<nil>
860	2656	7	2663	<nil>
860	124	8	132	<nil>
860	125	7	132	<nil>
860	126	5	131	<nil>
860	125	7	132	<nil>
860	123	28	151	<nil>
860	124	17	141	<nil>
860	130	11	141	<nil>
860	114	33	147	<nil>
860	125	16	141	<nil>
860	127	15	142	<nil>
860	128	15	143	<nil>
860	127	15	142	<nil>
860	129	15	144	<nil>
860	8850	16	8866	<nil>
860	115	41	156	<nil>
860	128	15	143	<nil>
860	131	31	162	<nil>
860	133	25	158	<nil>
860	124	32	156	<nil>
860	125	32	157	<nil>
860	125	31	156	<nil>
860	124	32	156	<nil>
860	124	32	156	<nil>
860	125	32	157	<nil>
860	141	64	205	<nil>
860	140	65	205	<nil>
860	138	58	196	<nil>
860	138	64	202	<nil>
860	142	105	247	<nil>
860	141	118	259	<nil>
860	138	124	262	<nil>
860	28279	111	28390	<nil>
860	124	145	269	<nil>
860	244	59	303	<nil>
860	198	112	310	<nil>
860	4930	65	4995	<nil>
860	3149	52	3201	<nil>
860	131	48	179	<nil>
860	224	81	305	<nil>
860	198	114	312	<nil>
860	135	37	172	<nil>
860	203	105	308	<nil>
860	135	40	175	<nil>
860	163	141	304	<nil>
860	2769	64	2833	<nil>
860	227	81	308	<nil>
860	6166	47	6213	<nil>
860	130	37	167	<nil>
860	4956	49	5005	<nil>
860	173	5	178	<nil>
860	2840	7	2847	<nil>
860	180	6	186	<nil>
860	133	39	172	<nil>
860	182	6	188	<nil>
860	178	19	197	<nil>
860	6005	24	6029	<nil>
860	180	28	208	<nil>
860	172	27	199	<nil>
860	172	28	200	<nil>
860	154	31	185	<nil>
860	176	29	205	<nil>
860	172	38	210	<nil>
860	9033	36	9069	<nil>
860	173	36	209	<nil>
860	178	38	216	<nil>
860	128	102	230	<nil>
860	2839	39	2878	<nil>
860	181	73	254	<nil>
860	174	35	209	<nil>
860	2841	96	2937	<nil>
860	844	0	844	rpc error: code = DeadlineExceeded desc = context deadline exceeded
860	147	1512	1659	<nil>
860	191	1503	1694	<nil>
860	2844	1520	4364	<nil>
860	5001	1528	6529	<nil>
860	5383	0	5383	rpc error: code = Unavailable desc = transport is closing
860	248	0	248	rpc error: code = Unavailable desc = transport is closing
860	2070	0	2070	rpc error: code = Unavailable desc = transport is closing
860	150	1531	1681	<nil>
860	1110	0	1110	rpc error: code = Unavailable desc = transport is closing
860	2931	0	2931	rpc error: code = Unavailable desc = transport is closing
860	18577	0	18577	rpc error: code = Unavailable desc = transport is closing
860	191	1525	1716	<nil>
860	4958	1524	6482	<nil>
860	316	0	316	rpc error: code = Unavailable desc = transport is closing
860	147	1536	1683	<nil>
860	3851	0	3851	rpc error: code = Unavailable desc = transport is closing
860	1183	0	1183	rpc error: code = Unavailable desc = transport is closing
860	149	1527	1676	<nil>
860	221	0	221	rpc error: code = Unavailable desc = transport is closing
860	211	0	211	rpc error: code = Unavailable desc = transport is closing
860	222	0	222	rpc error: code = Unavailable desc = transport is closing
860	2790	0	2790	rpc error: code = Unavailable desc = transport is closing
860	212	0	212	rpc error: code = Unavailable desc = transport is closing
860	1103	0	1103	rpc error: code = Unavailable desc = transport is closing
860	1072	0	1072	rpc error: code = Unavailable desc = transport is closing
860	2506	0	2506	rpc error: code = Unavailable desc = transport is closing
860	52	0	52	rpc error: code = Unavailable desc = transport is closing
860	222	0	222	rpc error: code = Unavailable desc = transport is closing
860	222	0	222	rpc error: code = Unavailable desc = transport is closing
860	219	0	219	rpc error: code = Unavailable desc = transport is closing
860	3134	0	3134	rpc error: code = Unavailable desc = transport is closing
860	220	0	220	rpc error: code = Unavailable desc = transport is closing
860	213	0	213	rpc error: code = Unavailable desc = transport is closing
860	246	0	246	rpc error: code = Unavailable desc = transport is closing
860	8510	0	8510	rpc error: code = Unavailable desc = transport is closing
860	239	0	239	rpc error: code = Unavailable desc = transport is closing
860	221	0	221	rpc error: code = Unavailable desc = transport is closing
860	216	0	216	rpc error: code = Unavailable desc = transport is closing
860	243	0	243	rpc error: code = Unavailable desc = transport is closing
860	223	0	223	rpc error: code = Unavailable desc = transport is closing
860	247	0	247	rpc error: code = Unavailable desc = transport is closing
860	5875	0	5875	rpc error: code = Unavailable desc = transport is closing
860	3017	0	3017	rpc error: code = Unavailable desc = transport is closing
860	221	0	221	rpc error: code = Unavailable desc = transport is closing
860	215	0	215	rpc error: code = Unavailable desc = transport is closing
860	247	0	247	rpc error: code = Unavailable desc = transport is closing
860	2846	1524	4370	<nil>
860	3015	0	3015	rpc error: code = Unavailable desc = transport is closing
860	222	0	222	rpc error: code = Unavailable desc = transport is closing
860	2792	0	2792	rpc error: code = Unavailable desc = transport is closing
860	218	0	218	rpc error: code = Unavailable desc = transport is closing
860	223	0	223	rpc error: code = Unavailable desc = transport is closing
860	243	0	243	rpc error: code = Unavailable desc = transport is closing
860	247	0	247	rpc error: code = Unavailable desc = transport is closing
860	1010	0	1010	rpc error: code = Unavailable desc = transport is closing
860	2908	0	2908	rpc error: code = Unavailable desc = transport is closing
860	247	0	247	rpc error: code = Unavailable desc = transport is closing
860	11424	0	11424	rpc error: code = Unavailable desc = transport is closing
860	2791	0	2791	rpc error: code = Unavailable desc = transport is closing
860	3019	0	3019	rpc error: code = Unavailable desc = transport is closing
860	247	0	247	rpc error: code = Unavailable desc = transport is closing
860	1009	0	1009	rpc error: code = Unavailable desc = transport is closing
860	146	0	146	rpc error: code = Unavailable desc = transport is closing
860	1070	0	1070	rpc error: code = Unavailable desc = transport is closing
860	247	0	247	rpc error: code = Unavailable desc = transport is closing
860	27333	0	27333	rpc error: code = Unavailable desc = transport is closing
860	161	1459	1620	<nil>
860	2937	1476	4413	<nil>
860	239	0	239	rpc error: code = Unavailable desc = transport is closing
860	223	0	223	rpc error: code = Unavailable desc = transport is closing
860	2673	0	2673	rpc error: code = Unavailable desc = transport is closing
860	2796	0	2796	rpc error: code = Unavailable desc = transport is closing
860	140	0	140	rpc error: code = Unavailable desc = transport is closing
860	1114	0	1114	rpc error: code = Unavailable desc = transport is closing
860	206	0	206	rpc error: code = Unavailable desc = transport is closing
860	13404	0	13404	rpc error: code = Unavailable desc = transport is closing
860	241	0	241	rpc error: code = Unavailable desc = transport is closing
860	222	0	222	rpc error: code = Unavailable desc = transport is closing
860	1069	0	1069	rpc error: code = Unavailable desc = transport is closing
860	1114	0	1114	rpc error: code = Unavailable desc = transport is closing
860	247	0	247	rpc error: code = Unavailable desc = transport is closing
860	1066	0	1066	rpc error: code = Unavailable desc = transport is closing
860	1068	0	1068	rpc error: code = Unavailable desc = transport is closing
860	1072	0	1072	rpc error: code = Unavailable desc = transport is closing
860	3749	0	3749	rpc error: code = Unavailable desc = transport is closing
860	249	0	249	rpc error: code = Unavailable desc = transport is closing
860	253	0	253	rpc error: code = Unavailable desc = transport is closing
860	123	1525	1648	<nil>
860	1113	0	1113	rpc error: code = Unavailable desc = transport is closing
860	1010	0	1010	rpc error: code = Unavailable desc = transport is closing
860	5586	0	5586	rpc error: code = Unavailable desc = transport is closing
860	1114	0	1114	rpc error: code = Unavailable desc = transport is closing
860	1007	0	1007	rpc error: code = Unavailable desc = transport is closing
860	1119	0	1119	rpc error: code = Unavailable desc = transport is closing
860	1113	0	1113	rpc error: code = Unavailable desc = transport is closing
860	214	1433	1647	<nil>
860	2868	1545	4413	<nil>
860	80	1545	1625	<nil>
860	2868	1546	4414	<nil>
860	1065	0	1065	rpc error: code = Unavailable desc = transport is closing
860	1112	0	1112	rpc error: code = Unavailable desc = transport is closing
860	177	1452	1629	<nil>
860	1113	0	1113	rpc error: code = Unavailable desc = transport is closing
860	142	1440	1582	<nil>
860	133	1575	1708	<nil>
860	5084	1436	6520	<nil>
860	1005	0	1005	rpc error: code = Unavailable desc = transport is closing
860	318	0	318	rpc error: code = Unavailable desc = transport is closing
860	313	0	313	rpc error: code = Unavailable desc = transport is closing
860	324	0	324	rpc error: code = Unavailable desc = transport is closing
860	11242	0	11242	rpc error: code = Unavailable desc = transport is closing
860	307	0	307	rpc error: code = Unavailable desc = transport is closing
860	6022	0	6022	rpc error: code = Unavailable desc = transport is closing
860	148	1442	1590	<nil>
860	314	0	314	rpc error: code = Unavailable desc = transport is closing
860	2844	1525	4369	<nil>
860	325	0	325	rpc error: code = Unavailable desc = transport is closing
860	5762	0	5762	rpc error: code = Unavailable desc = transport is closing
860	310	0	310	rpc error: code = Unavailable desc = transport is closing
860	5407	0	5407	rpc error: code = Unavailable desc = transport is closing
860	1008	0	1008	rpc error: code = Unavailable desc = transport is closing
860	322	0	322	rpc error: code = Unavailable desc = transport is closing
860	303	0	303	rpc error: code = Unavailable desc = transport is closing
860	328	0	328	rpc error: code = Unavailable desc = transport is closing
860	1071	0	1071	rpc error: code = Unavailable desc = transport is closing
860	318	0	318	rpc error: code = Unavailable desc = transport is closing
860	1096	0	1096	rpc error: code = Unavailable desc = transport is closing
860	1112	0	1112	rpc error: code = Unavailable desc = transport is closing
860	1113	0	1113	rpc error: code = Unavailable desc = transport is closing
860	1314	0	1314	rpc error: code = Unavailable desc = transport is closing
860	310	0	310	rpc error: code = Unavailable desc = transport is closing
860	1100	0	1100	rpc error: code = Unavailable desc = transport is closing
860	29820	0	29820	rpc error: code = Unavailable desc = transport is closing
860	311	0	311	rpc error: code = Unavailable desc = transport is closing
860	315	0	315	rpc error: code = Unavailable desc = transport is closing
860	149	1528	1677	<nil>
860	300	0	300	rpc error: code = Unavailable desc = transport is closing
860	1073	0	1073	rpc error: code = Unavailable desc = transport is closing
860	1028	0	1028	rpc error: code = Unavailable desc = transport is closing
860	312	0	312	rpc error: code = Unavailable desc = transport is closing
860	1082	0	1082	rpc error: code = Unavailable desc = transport is closing
860	310	0	310	rpc error: code = Unavailable desc = transport is closing
860	312	0	312	rpc error: code = Unavailable desc = transport is closing
860	322	0	322	rpc error: code = Unavailable desc = transport is closing
860	328	0	328	rpc error: code = Unavailable desc = transport is closing
860	18829	0	18829	rpc error: code = Unavailable desc = transport is closing
860	5919	0	5919	rpc error: code = Unavailable desc = transport is closing
860	132	1533	1665	<nil>
860	1084	0	1084	rpc error: code = Unavailable desc = transport is closing
860	3662	0	3662	rpc error: code = Unavailable desc = transport is closing
860	314	0	314	rpc error: code = Unavailable desc = transport is closing
860	1007	0	1007	rpc error: code = Unavailable desc = transport is closing
860	152	1529	1681	<nil>
860	327	0	327	rpc error: code = Unavailable desc = transport is closing
860	1075	0	1075	rpc error: code = Unavailable desc = transport is closing
860	1071	0	1071	rpc error: code = Unavailable desc = transport is closing
860	212	0	212	rpc error: code = Unavailable desc = transport is closing
860	218	0	218	rpc error: code = Unavailable desc = transport is closing
860	1073	0	1073	rpc error: code = Unavailable desc = transport is closing
860	1068	0	1068	rpc error: code = Unavailable desc = transport is closing
860	1115	0	1115	rpc error: code = Unavailable desc = transport is closing
860	1097	0	1097	rpc error: code = Unavailable desc = transport is closing
860	1102	0	1102	rpc error: code = Unavailable desc = transport is closing
860	1069	0	1069	rpc error: code = Unavailable desc = transport is closing
860	1109	0	1109	rpc error: code = Unavailable desc = transport is closing
860	1068	0	1068	rpc error: code = Unavailable desc = transport is closing
860	1069	0	1069	rpc error: code = Unavailable desc = transport is closing
860	1051	0	1051	rpc error: code = Unavailable desc = transport is closing
860	13396	0	13396	rpc error: code = Unavailable desc = transport is closing
860	1095	0	1095	rpc error: code = Unavailable desc = transport is closing
860	1102	0	1102	rpc error: code = Unavailable desc = transport is closing
860	304	0	304	rpc error: code = Unavailable desc = transport is closing
860	1103	0	1103	rpc error: code = Unavailable desc = transport is closing
860	307	0	307	rpc error: code = Unavailable desc = transport is closing
860	1112	0	1112	rpc error: code = Unavailable desc = transport is closing
860	6302	0	6302	rpc error: code = Unavailable desc = transport is closing
860	1069	0	1069	rpc error: code = Unavailable desc = transport is closing
860	1076	0	1076	rpc error: code = Unavailable desc = transport is closing
860	4008	0	4008	rpc error: code = Unavailable desc = transport is closing
860	212	0	212	rpc error: code = Unavailable desc = transport is closing
860	2073	0	2073	rpc error: code = Unavailable desc = transport is closing
860	1067	0	1067	rpc error: code = Unavailable desc = transport is closing
860	2773	0	2773	rpc error: code = Unavailable desc = transport is closing
860	325	0	325	rpc error: code = Unavailable desc = transport is closing
860	1115	0	1115	rpc error: code = Unavailable desc = transport is closing
860	1000	0	1000	rpc error: code = Unavailable desc = transport is closing
860	6258	0	6258	rpc error: code = Unavailable desc = transport is closing
860	1286	0	1286	rpc error: code = Unavailable desc = transport is closing
860	1113	0	1113	rpc error: code = Unavailable desc = transport is closing
860	1134	0	1134	rpc error: code = Unavailable desc = transport is closing
860	322	0	322	rpc error: code = Unavailable desc = transport is closing
860	1137	0	1137	rpc error: code = Unavailable desc = transport is closing
860	329	0	329	rpc error: code = Unavailable desc = transport is closing
860	1086	0	1086	rpc error: code = Unavailable desc = transport is closing
860	2741	0	2741	rpc error: code = Unavailable desc = transport is closing
860	320	0	320	rpc error: code = Unavailable desc = transport is closing
860	315	0	315	rpc error: code = Unavailable desc = transport is closing
860	1141	0	1141	rpc error: code = Unavailable desc = transport is closing
860	335	0	335	rpc error: code = Unavailable desc = transport is closing
860	1070	0	1070	rpc error: code = Unavailable desc = transport is closing
860	1070	0	1070	rpc error: code = Unavailable desc = transport is closing
860	215	0	215	rpc error: code = Unavailable desc = transport is closing
860	304	0	304	rpc error: code = Unavailable desc = transport is closing
860	1117	0	1117	rpc error: code = Unavailable desc = transport is closing
860	366	0	366	rpc error: code = Unavailable desc = transport is closing
860	2853	0	2853	rpc error: code = Unavailable desc = transport is closing
860	2769	0	2769	rpc error: code = Unavailable desc = transport is closing
860	1142	0	1142	rpc error: code = Unavailable desc = transport is closing
860	13751	0	13751	rpc error: code = Unavailable desc = transport is closing
860	439	0	439	rpc error: code = Unavailable desc = transport is closing
860	1182	0	1182	rpc error: code = Unavailable desc = transport is closing
860	372	0	372	rpc error: code = Unavailable desc = transport is closing
860	1729	0	1729	rpc error: code = Unavailable desc = transport is closing
860	1145	0	1145	rpc error: code = Unavailable desc = transport is closing
860	1142	0	1142	rpc error: code = Unavailable desc = transport is closing
860	1520	90	1610	<nil>
860	1141	0	1141	rpc error: code = Unavailable desc = transport is closing
860	1626	130	1756	<nil>
860	1626	172	1798	<nil>
860	1617	184	1801	<nil>
860	1626	173	1799	<nil>
860	1626	226	1852	<nil>
860	1626	225	1851	<nil>
860	1717	445	2162	<nil>
860	10793	407	11200	<nil>
860	1579	446	2025	<nil>
860	16819	473	17292	<nil>
860	1701	445	2146	<nil>
860	1698	445	2143	<nil>
860	1693	451	2144	<nil>
860	2624	446	3070	<nil>
860	6732	438	7170	<nil>
860	1711	453	2164	<nil>
860	10753	446	11199	<nil>
860	4630	388	5018	<nil>
860	1740	408	2148	<nil>
860	1760	388	2148	<nil>
860	1691	387	2078	<nil>
860	10842	370	11212	<nil>
860	1780	386	2166	<nil>
860	10764	449	11213	<nil>
860	1702	448	2150	<nil>
860	4666	352	5018	<nil>
860	6588	387	6975	<nil>
860	1780	386	2166	<nil>
880	1812	443	2255	<nil>
880	1798	459	2257	<nil>
880	1812	466	2278	<nil>
880	6863	501	7364	<nil>
880	2031	330	2361	<nil>
880	5346	333	5679	<nil>
880	4913	335	5248	<nil>
880	556	336	892	<nil>
880	2894	359	3253	<nil>
880	5593	370	5963	<nil>
880	578	370	948	<nil>
880	28428	347	28775	<nil>
880	554	2306	2860	<nil>
880	9728	2299	12027	<nil>
880	2961	2311	5272	<nil>
880	627	2357	2984	<nil>
880	2985	2360	5345	<nil>
880	596	2359	2955	<nil>
880	2979	2365	5344	<nil>
880	572	2365	2937	<nil>
880	695	0	695	rpc error: code = Unavailable desc = transport is closing
880	719	0	719	rpc error: code = Unavailable desc = transport is closing
880	727	0	727	rpc error: code = Unavailable desc = transport is closing
880	727	0	727	rpc error: code = Unavailable desc = transport is closing
880	747	0	747	rpc error: code = Unavailable desc = transport is closing
880	3250	0	3250	rpc error: code = Unavailable desc = transport is closing
880	3245	0	3245	rpc error: code = Unavailable desc = transport is closing
880	753	0	753	rpc error: code = Unavailable desc = transport is closing
880	737	0	737	rpc error: code = Unavailable desc = transport is closing
880	738	0	738	rpc error: code = Unavailable desc = transport is closing
880	747	0	747	rpc error: code = Unavailable desc = transport is closing
880	743	0	743	rpc error: code = Unavailable desc = transport is closing
880	760	0	760	rpc error: code = Unavailable desc = transport is closing
880	740	0	740	rpc error: code = Unavailable desc = transport is closing
880	756	0	756	rpc error: code = Unavailable desc = transport is closing
880	556	0	556	rpc error: code = Unavailable desc = transport is closing
880	747	0	747	rpc error: code = Unavailable desc = transport is closing
880	579	0	579	rpc error: code = Unavailable desc = transport is closing
880	728	0	728	rpc error: code = Unavailable desc = transport is closing
880	759	0	759	rpc error: code = Unavailable desc = transport is closing
880	742	0	742	rpc error: code = Unavailable desc = transport is closing
880	580	0	580	rpc error: code = Unavailable desc = transport is closing
880	727	0	727	rpc error: code = Unavailable desc = transport is closing
880	746	0	746	rpc error: code = Unavailable desc = transport is closing
880	730	0	730	rpc error: code = Unavailable desc = transport is closing
880	727	0	727	rpc error: code = Unavailable desc = transport is closing
880	663	0	663	rpc error: code = Unavailable desc = transport is closing
880	575	0	575	rpc error: code = Unavailable desc = transport is closing
880	559	0	559	rpc error: code = Unavailable desc = transport is closing
880	670	0	670	rpc error: code = Unavailable desc = transport is closing
880	692	0	692	rpc error: code = Unavailable desc = transport is closing
880	751	0	751	rpc error: code = Unavailable desc = transport is closing
880	751	0	751	rpc error: code = Unavailable desc = transport is closing
880	732	0	732	rpc error: code = Unavailable desc = transport is closing
880	732	0	732	rpc error: code = Unavailable desc = transport is closing
880	731	0	731	rpc error: code = Unavailable desc = transport is closing
880	561	0	561	rpc error: code = Unavailable desc = transport is closing
880	751	0	751	rpc error: code = Unavailable desc = transport is closing
880	748	0	748	rpc error: code = Unavailable desc = transport is closing
880	747	0	747	rpc error: code = Unavailable desc = transport is closing
880	45285	0	45285	rpc error: code = Unavailable desc = transport is closing
880	748	0	748	rpc error: code = Unavailable desc = transport is closing
880	734	0	734	rpc error: code = Unavailable desc = transport is closing
880	764	0	764	rpc error: code = Unavailable desc = transport is closing
880	753	0	753	rpc error: code = Unavailable desc = transport is closing
880	748	0	748	rpc error: code = Unavailable desc = transport is closing
880	674	0	674	rpc error: code = Unavailable desc = transport is closing
880	731	0	731	rpc error: code = Unavailable desc = transport is closing
880	764	0	764	rpc error: code = Unavailable desc = transport is closing
880	764	0	764	rpc error: code = Unavailable desc = transport is closing
880	765	0	765	rpc error: code = Unavailable desc = transport is closing
880	3019	0	3019	rpc error: code = Unavailable desc = transport is closing
880	750	0	750	rpc error: code = Unavailable desc = transport is closing
880	10578	0	10578	rpc error: code = Unavailable desc = transport is closing
880	750	0	750	rpc error: code = Unavailable desc = transport is closing
880	751	0	751	rpc error: code = Unavailable desc = transport is closing
880	749	0	749	rpc error: code = Unavailable desc = transport is closing
880	769	2390	3159	<nil>
880	792	0	792	rpc error: code = Unavailable desc = transport is closing
880	780	0	780	rpc error: code = Unavailable desc = transport is closing
880	17293	0	17293	rpc error: code = Unavailable desc = transport is closing
880	792	2407	3199	<nil>
880	792	2409	3201	<nil>
880	821	2378	3199	<nil>
880	790	2406	3196	<nil>
880	791	0	791	rpc error: code = Unavailable desc = transport is closing
880	791	0	791	rpc error: code = Unavailable desc = transport is closing
880	786	0	786	rpc error: code = Unavailable desc = transport is closing
880	6052	2377	8429	<nil>
880	809	2387	3196	<nil>
880	2660	353	3013	<nil>
880	7768	327	8095	<nil>
880	2292	319	2611	<nil>
880	2485	108	2593	<nil>
880	425	74	499	<nil>
880	2399	88	2487	<nil>
880	442	70	512	<nil>
880	4746	73	4819	<nil>
880	2705	83	2788	<nil>
880	113730	72	113802	<nil>
880	9893	71	9964	<nil>
880	3024	72	3096	<nil>
880	3021	72	3093	<nil>
880	304	14	318	<nil>
880	264	53	317	<nil>
880	336	70	406	<nil>
880	241	74	315	<nil>
880	296	20	316	<nil>
880	3085	20	3105	<nil>
880	239	75	314	<nil>
880	290	24	314	<nil>
880	297	20	317	<nil>
880	293	24	317	<nil>
880	291	24	315	<nil>
880	245	75	320	<nil>
880	260	56	316	<nil>
880	295	25	320	<nil>
880	297	22	319	<nil>
880	287	31	318	<nil>
880	300	18	318	<nil>
880	313	6	319	<nil>
880	3103	11	3114	<nil>
880	312	6	318	<nil>
880	298	21	319	<nil>
880	291	9	300	<nil>
880	315	3	318	<nil>
880	2710	9	2719	<nil>
880	3099	17	3116	<nil>
880	313	7	320	<nil>
880	311	10	321	<nil>
880	291	8	299	<nil>
880	3109	12	3121	<nil>
880	3103	11	3114	<nil>
880	291	11	302	<nil>
880	2709	9	2718	<nil>
880	2710	13	2723	<nil>
880	316	12	328	<nil>
880	2719	16	2735	<nil>
880	143	17	160	<nil>
880	314	10	324	<nil>
880	2798	17	2815	<nil>
880	288	15	303	<nil>
880	315	14	329	<nil>
880	84	12	96	<nil>
880	151	17	168	<nil>
880	309	16	325	<nil>
880	5671	16	5687	<nil>
880	3105	18	3123	<nil>
880	3107	17	3124	<nil>
880	84	11	95	<nil>
880	290	16	306	<nil>
880	288	16	304	<nil>
880	8311	12	8323	<nil>
880	28738	14	28752	<nil>
880	287	17	304	<nil>
880	235	3	238	<nil>
880	5083	7	5090	<nil>
880	237	5	242	<nil>
880	210	14	224	<nil>
880	210	15	225	<nil>
880	206	18	224	<nil>
880	216	8	224	<nil>
880	232	3	235	<nil>
880	222	4	226	<nil>
880	237	4	241	<nil>
880	211	12	223	<nil>
880	221	3	224	<nil>
880	213	2	215	<nil>
880	222	5	227	<nil>
880	197	30	227	<nil>
880	223	6	229	<nil>
880	179	7	186	<nil>
880	221	26	247	<nil>
880	246	4	250	<nil>
880	218	7	225	<nil>
880	5115	6	5121	<nil>
880	239	6	245	<nil>
880	240	6	246	<nil>
880	190	5	195	<nil>
880	248	6	254	<nil>
880	2954	15	2969	<nil>
880	69277	2	69279	<nil>
880	244	6	250	<nil>
880	243	4	247	<nil>
880	195	4	199	<nil>
880	26	0	26	<nil>
880	223	4	227	<nil>
880	254	0	254	<nil>
880	2961	7	2968	<nil>
880	255	12	267	<nil>
880	230	17	247	<nil>
880	244	2	246	<nil>
880	123	7	130	<nil>
880	243	8	251	<nil>
880	242	13	255	<nil>
880	239	18	257	<nil>
880	244	12	256	<nil>
880	241	12	253	<nil>
880	252	12	264	<nil>
880	240	13	253	<nil>
880	230	4	234	<nil>
880	248	17	265	<nil>
880	244	13	257	<nil>
880	247	15	262	<nil>
880	246	15	261	<nil>
880	247	18	265	<nil>
880	255	19	274	<nil>
880	204	165	369	<nil>
880	271	144	415	<nil>
880	287	137	424	<nil>
880	3117	126	3243	<nil>
880	187	11	198	<nil>
880	181	15	196	<nil>
880	181	14	195	<nil>
880	177	14	191	<nil>
880	184	17	201	<nil>
880	180	16	196	<nil>
880	193	4	197	<nil>
880	194	31	225	<nil>
880	177	16	193	<nil>
880	241	0	241	rpc error: code = Unavailable desc = transport is closing
880	293	0	293	rpc error: code = Unavailable desc = transport is closing
880	301	0	301	rpc error: code = Unavailable desc = transport is closing
880	298	0	298	rpc error: code = Unavailable desc = transport is closing
880	301	0	301	rpc error: code = Unavailable desc = transport is closing
880	2898	0	2898	rpc error: code = Unavailable desc = transport is closing
880	295	0	295	rpc error: code = Unavailable desc = transport is closing
880	209	1065	1274	<nil>
880	774	0	774	rpc error: code = Unavailable desc = transport is closing
880	205	1062	1267	<nil>
880	3094	0	3094	rpc error: code = Unavailable desc = transport is closing
880	5874	0	5874	rpc error: code = Unavailable desc = transport is closing
880	5908	0	5908	rpc error: code = Unavailable desc = transport is closing
880	830	0	830	rpc error: code = Unavailable desc = transport is closing
880	318	0	318	rpc error: code = Unavailable desc = transport is closing
880	245	0	245	rpc error: code = Unavailable desc = transport is closing
880	299	0	299	rpc error: code = Unavailable desc = transport is closing
880	249	0	249	rpc error: code = Unavailable desc = transport is closing
880	121	1060	1181	<nil>
880	26412	0	26412	rpc error: code = Unavailable desc = transport is closing
880	3106	0	3106	rpc error: code = Unavailable desc = transport is closing
880	301	0	301	rpc error: code = Unavailable desc = transport is closing
880	310	0	310	rpc error: code = Unavailable desc = transport is closing
880	2870	0	2870	rpc error: code = Unavailable desc = transport is closing
880	2910	0	2910	rpc error: code = Unavailable desc = transport is closing
880	4729	0	4729	rpc error: code = Unavailable desc = transport is closing
880	4879	0	4879	rpc error: code = Unavailable desc = transport is closing
880	5118	0	5118	rpc error: code = Unavailable desc = transport is closing
880	811	0	811	rpc error: code = Unavailable desc = transport is closing
880	810	0	810	rpc error: code = Unavailable desc = transport is closing
880	884	0	884	rpc error: code = Unavailable desc = transport is closing
880	845	0	845	rpc error: code = Unavailable desc = transport is closing
880	775	0	775	rpc error: code = Unavailable desc = transport is closing
880	5270	0	5270	rpc error: code = Unavailable desc = transport is closing
880	3257	0	3257	rpc error: code = Unavailable desc = transport is closing
880	235	0	235	rpc error: code = Unavailable desc = transport is closing
880	205	1060	1265	<nil>
880	202	1061	1263	<nil>
880	204	1060	1264	<nil>
880	9396	0	9396	rpc error: code = Unavailable desc = transport is closing
880	801	0	801	rpc error: code = Unavailable desc = transport is closing
880	42	1061	1103	<nil>
880	200	1066	1266	<nil>
880	787	0	787	rpc error: code = Unavailable desc = transport is closing
880	774	0	774	rpc error: code = Unavailable desc = transport is closing
880	267	0	267	rpc error: code = Unavailable desc = transport is closing
880	793	0	793	rpc error: code = Unavailable desc = transport is closing
880	793	0	793	rpc error: code = Unavailable desc = transport is closing
880	3336	0	3336	rpc error: code = Unavailable desc = transport is closing
880	870	0	870	rpc error: code = Unavailable desc = transport is closing
880	883	0	883	rpc error: code = Unavailable desc = transport is closing
880	774	0	774	rpc error: code = Unavailable desc = transport is closing
880	215	1059	1274	<nil>
880	317	0	317	rpc error: code = Unavailable desc = transport is closing
880	3371	0	3371	rpc error: code = Unavailable desc = transport is closing
880	832	0	832	rpc error: code = Unavailable desc = transport is closing
880	845	0	845	rpc error: code = Unavailable desc = transport is closing
880	826	0	826	rpc error: code = Unavailable desc = transport is closing
880	861	0	861	rpc error: code = Unavailable desc = transport is closing
880	800	0	800	rpc error: code = Unavailable desc = transport is closing
880	3368	0	3368	rpc error: code = Unavailable desc = transport is closing
880	18103	0	18103	rpc error: code = Unavailable desc = transport is closing
880	867	0	867	rpc error: code = Unavailable desc = transport is closing
880	808	0	808	rpc error: code = Unavailable desc = transport is closing
880	815	0	815	rpc error: code = Unavailable desc = transport is closing
880	208	1061	1269	<nil>
880	5628	1062	6690	<nil>
880	239	0	239	rpc error: code = Unavailable desc = transport is closing
880	864	0	864	rpc error: code = Unavailable desc = transport is closing
880	17860	1059	18919	<nil>
880	5754	1059	6813	<nil>
880	847	0	847	rpc error: code = Unavailable desc = transport is closing
880	854	0	854	rpc error: code = Unavailable desc = transport is closing
880	800	0	800	rpc error: code = Unavailable desc = transport is closing
880	838	0	838	rpc error: code = Unavailable desc = transport is closing
880	820	0	820	rpc error: code = Unavailable desc = transport is closing
880	813	0	813	rpc error: code = Unavailable desc = transport is closing
880	814	0	814	rpc error: code = Unavailable desc = transport is closing
880	839	0	839	rpc error: code = Unavailable desc = transport is closing
880	827	0	827	rpc error: code = Unavailable desc = transport is closing
880	209	1060	1269	<nil>
880	239	0	239	rpc error: code = Unavailable desc = transport is closing
880	213	1062	1275	<nil>
880	5763	0	5763	rpc error: code = Unavailable desc = transport is closing
880	179	1060	1239	<nil>
880	210	1061	1271	<nil>
880	10440	1063	11503	<nil>
880	206	1061	1267	<nil>
880	865	0	865	rpc error: code = Unavailable desc = transport is closing
880	2477	0	2477	rpc error: code = Unavailable desc = transport is closing
880	200	1063	1263	<nil>
880	203	1060	1263	<nil>
880	206	1063	1269	<nil>
880	50	1061	1111	<nil>
880	14083	1064	15147	<nil>
880	192	1060	1252	<nil>
880	235	1060	1295	<nil>
880	739	0	739	rpc error: code = Unavailable desc = transport is closing
880	206	1067	1273	<nil>
880	5740	0	5740	rpc error: code = Unavailable desc = transport is closing
880	206	1063	1269	<nil>
880	786	0	786	rpc error: code = Unavailable desc = transport is closing
880	203	1060	1263	<nil>
880	179	1060	1239	<nil>
880	261	0	261	rpc error: code = Unavailable desc = transport is closing
880	6118	0	6118	rpc error: code = Unavailable desc = transport is closing
880	848	0	848	rpc error: code = Unavailable desc = transport is closing
880	852	0	852	rpc error: code = Unavailable desc = transport is closing
880	6030	0	6030	rpc error: code = Unavailable desc = transport is closing
880	3399	0	3399	rpc error: code = Unavailable desc = transport is closing
880	869	0	869	rpc error: code = Unavailable desc = transport is closing
880	3197	0	3197	rpc error: code = Unavailable desc = transport is closing
880	852	0	852	rpc error: code = Unavailable desc = transport is closing
880	3318	0	3318	rpc error: code = Unavailable desc = transport is closing
880	195	1070	1265	<nil>
880	866	0	866	rpc error: code = Unavailable desc = transport is closing
880	5959	0	5959	rpc error: code = Unavailable desc = transport is closing
880	863	0	863	rpc error: code = Unavailable desc = transport is closing
880	865	0	865	rpc error: code = Unavailable desc = transport is closing
880	190	1062	1252	<nil>
880	179	1062	1241	<nil>
880	10007	0	10007	rpc error: code = Unavailable desc = transport is closing
880	2454	0	2454	rpc error: code = Unavailable desc = transport is closing
880	5288	1065	6353	<nil>
880	200	1070	1270	<nil>
880	202	1068	1270	<nil>
880	200	1065	1265	<nil>
880	202	1065	1267	<nil>
880	197	1068	1265	<nil>
880	12201	0	12201	rpc error: code = Unavailable desc = transport is closing
880	2394	0	2394	rpc error: code = Unavailable desc = transport is closing
880	2918	0	2918	rpc error: code = Unavailable desc = transport is closing
880	200	1066	1266	<nil>
880	2887	0	2887	rpc error: code = Unavailable desc = transport is closing
880	206	1070	1276	<nil>
880	193	1064	1257	<nil>
880	2879	0	2879	rpc error: code = Unavailable desc = transport is closing
880	127502	0	127502	rpc error: code = Unavailable desc = transport is closing
880	2936	0	2936	rpc error: code = Unavailable desc = transport is closing
880	12238	0	12238	rpc error: code = Unavailable desc = transport is closing
880	5025	0	5025	rpc error: code = Unavailable desc = transport is closing
880	300	0	300	rpc error: code = Unavailable desc = transport is closing
880	2932	0	2932	rpc error: code = Unavailable desc = transport is closing
880	2905	0	2905	rpc error: code = Unavailable desc = transport is closing
880	5335	0	5335	rpc error: code = Unavailable desc = transport is closing
880	2654	0	2654	rpc error: code = Unavailable desc = transport is closing
880	5438	0	5438	rpc error: code = Unavailable desc = transport is closing
880	2887	0	2887	rpc error: code = Unavailable desc = transport is closing
880	5428	0	5428	rpc error: code = Unavailable desc = transport is closing
880	7941	0	7941	rpc error: code = Unavailable desc = transport is closing
880	2917	0	2917	rpc error: code = Unavailable desc = transport is closing
880	2847	0	2847	rpc error: code = Unavailable desc = transport is closing
880	809	0	809	rpc error: code = Unavailable desc = transport is closing
880	7809	0	7809	rpc error: code = Unavailable desc = transport is closing
880	2832	0	2832	rpc error: code = Unavailable desc = transport is closing
880	2809	0	2809	rpc error: code = Unavailable desc = transport is closing
880	5230	0	5230	rpc error: code = Unavailable desc = transport is closing
880	5455	0	5455	rpc error: code = Unavailable desc = transport is closing
880	2912	0	2912	rpc error: code = Unavailable desc = transport is closing
880	2828	0	2828	rpc error: code = Unavailable desc = transport is closing
880	5412	0	5412	rpc error: code = Unavailable desc = transport is closing
880	2903	0	2903	rpc error: code = Unavailable desc = transport is closing
880	2907	0	2907	rpc error: code = Unavailable desc = transport is closing
880	2887	0	2887	rpc error: code = Unavailable desc = transport is closing
880	7848	0	7848	rpc error: code = Unavailable desc = transport is closing
880	2477	0	2477	rpc error: code = Unavailable desc = transport is closing
880	5224	0	5224	rpc error: code = Unavailable desc = transport is closing
880	5137	0	5137	rpc error: code = Unavailable desc = transport is closing
880	3373	0	3373	rpc error: code = Unavailable desc = transport is closing
880	5264	0	5264	rpc error: code = Unavailable desc = transport is closing
880	2388	0	2388	rpc error: code = Unavailable desc = transport is closing
880	5356	0	5356	rpc error: code = Unavailable desc = transport is closing
880	2893	0	2893	rpc error: code = Unavailable desc = transport is closing
880	786	0	786	rpc error: code = Unavailable desc = transport is closing
880	2918	0	2918	rpc error: code = Unavailable desc = transport is closing
880	268	0	268	rpc error: code = Unavailable desc = transport is closing
880	4878	0	4878	rpc error: code = Unavailable desc = transport is closing
880	2286	0	2286	rpc error: code = Unavailable desc = transport is closing
880	2899	0	2899	rpc error: code = Unavailable desc = transport is closing
880	7406	0	7406	rpc error: code = Unavailable desc = transport is closing
880	2355	0	2355	rpc error: code = Unavailable desc = transport is closing
880	5454	0	5454	rpc error: code = Unavailable desc = transport is closing
880	2906	0	2906	rpc error: code = Unavailable desc = transport is closing
880	4854	0	4854	rpc error: code = Unavailable desc = transport is closing
880	7725	0	7725	rpc error: code = Unavailable desc = transport is closing
880	204	1073	1277	<nil>
880	216	1071	1287	<nil>
880	172	1063	1235	<nil>
880	167	0	167	rpc error: code = Unavailable desc = transport is closing
880	1089	249	1338	<nil>
880	1091	278	1369	<nil>
880	1104	290	1394	<nil>
880	1114	297	1411	<nil>
880	1093	338	1431	<nil>
880	1089	339	1428	<nil>
880	1138	317	1455	<nil>
880	6844	339	7183	<nil>
880	6434	303	6737	<nil>
880	10082	285	10367	<nil>
880	269	0	269	rpc error: code = Unavailable desc = transport is closing
880	370	50	420	<nil>
880	359	51	410	<nil>
880	377	42	419	<nil>
880	384	51	435	<nil>
880	389	42	431	<nil>
880	14679	50	14729	<nil>
880	376	53	429	<nil>
880	370	50	420	<nil>
880	375	46	421	<nil>
880	382	41	423	<nil>
880	360	51	411	<nil>
880	380	43	423	<nil>
880	356	43	399	<nil>
880	386	43	429	<nil>
880	359	52	411	<nil>
880	5032	45	5077	<nil>
880	364	37	401	<nil>
880	371	53	424	<nil>
880	383	41	424	<nil>
880	377	52	429	<nil>
880	368	39	407	<nil>
880	361	51	412	<nil>
880	380	44	424	<nil>
880	364	39	403	<nil>
880	389	42	431	<nil>
880	369	52	421	<nil>
880	369	53	422	<nil>
880	382	39	421	<nil>
880	357	43	400	<nil>
880	389	42	431	<nil>
880	379	43	422	<nil>
880	355	45	400	<nil>
880	368	44	412	<nil>
880	394	40	434	<nil>
880	379	41	420	<nil>
880	25526	38	25564	<nil>
880	5043	39	5082	<nil>
880	393	41	434	<nil>
880	368	38	406	<nil>
880	365	42	407	<nil>
880	383	51	434	<nil>
880	367	40	407	<nil>
880	373	37	410	<nil>
880	390	40	430	<nil>
880	386	41	427	<nil>
880	70	33	103	<nil>
880	412	42	454	<nil>
880	409	42	451	<nil>
880	405	55	460	<nil>
880	411	45	456	<nil>
880	392	60	452	<nil>
880	408	46	454	<nil>
880	376	53	429	<nil>
880	375	54	429	<nil>
880	5053	54	5107	<nil>
880	5064	47	5111	<nil>
880	26116	55	26171	<nil>
880	389	52	441	<nil>
880	409	46	455	<nil>
880	387	42	429	<nil>
880	106	34	140	<nil>
880	409	41	450	<nil>
880	379	54	433	<nil>
880	386	41	427	<nil>
880	412	42	454	<nil>
880	5112	42	5154	<nil>
880	385	41	426	<nil>
880	73	33	106	<nil>
880	399	54	453	<nil>
880	5333	28	5361	<nil>
880	409	48	457	<nil>
880	15678	35	15713	<nil>
880	73	82	155	<nil>
880	72	101	173	<nil>
880	74	101	175	<nil>
880	40	112	152	<nil>
880	180	13	193	<nil>
880	175	13	188	<nil>
880	181	10	191	<nil>
880	187	8	195	<nil>
880	179	9	188	<nil>
880	176	17	193	<nil>
880	179	10	189	<nil>
880	184	6	190	<nil>
880	152	43	195	<nil>
880	16161	12	16173	<nil>
880	185	8	193	<nil>
880	169	24	193	<nil>
880	150	43	193	<nil>
880	188	9	197	<nil>
880	188	21	209	<nil>
880	189	19	208	<nil>
880	185	20	205	<nil>
880	185	19	204	<nil>
880	188	19	207	<nil>
880	187	19	206	<nil>
880	184	21	205	<nil>
880	185	19	204	<nil>
880	186	19	205	<nil>
880	184	22	206	<nil>
880	188	20	208	<nil>
880	185	20	205	<nil>
880	159	20	179	<nil>
880	189	20	209	<nil>
880	187	21	208	<nil>
880	185	21	206	<nil>
880	186	22	208	<nil>
880	185	21	206	<nil>
880	183	10	193	<nil>
880	189	20	209	<nil>
880	183	11	194	<nil>
880	9018	7	9025	<nil>
880	137	11	148	<nil>
880	180	14	194	<nil>
880	180	17	197	<nil>
880	182	16	198	<nil>
880	180	14	194	<nil>
880	5300	13	5313	<nil>
880	209	10	219	<nil>
880	185	9	194	<nil>
880	5294	14	5308	<nil>
880	186	9	195	<nil>
880	204	14	218	<nil>
880	185	11	196	<nil>
880	180	13	193	<nil>
880	185	8	193	<nil>
880	180	17	197	<nil>
880	5299	12	5311	<nil>
880	78	9	87	<nil>
880	182	16	198	<nil>
880	77	25	102	<nil>
880	188	6	194	<nil>
880	180	18	198	<nil>
880	4955	16	4971	<nil>
880	184	17	201	<nil>
880	184	10	194	<nil>
880	185	9	194	<nil>
880	5300	14	5314	<nil>
880	9434	1	9435	<nil>
880	28	1	29	<nil>
880	189	12	201	<nil>
880	133	18	151	<nil>
880	31	1	32	<nil>
880	14728	58	14786	<nil>
880	157	7	164	<nil>
880	313	78	391	<nil>
880	162	8	170	<nil>
880	160	14	174	<nil>
880	172	19	191	<nil>
880	181	14	195	<nil>
880	158	18	176	<nil>
880	188	17	205	<nil>
880	161	14	175	<nil>
880	173	14	187	<nil>
880	158	19	177	<nil>
880	161	23	184	<nil>
880	175	23	198	<nil>
880	163	24	187	<nil>
880	190	22	212	<nil>
880	161	23	184	<nil>
880	174	12	186	<nil>
880	223	4	227	<nil>
880	182	32	214	<nil>
880	170	31	201	<nil>
880	201	13	214	<nil>
880	160	16	176	<nil>
880	172	14	186	<nil>
880	161	29	190	<nil>
880	172	19	191	<nil>
880	199	8	207	<nil>
880	184	9	193	<nil>
880	199	14	213	<nil>
880	9198	30	9228	<nil>
880	196	31	227	<nil>
880	210	12	222	<nil>
880	170	32	202	<nil>
880	116	17	133	<nil>
880	211	12	223	<nil>
880	188	32	220	<nil>
880	5176	30	5206	<nil>
880	169	33	202	<nil>
880	173	15	188	<nil>
880	163	22	185	<nil>
880	224	15	239	<nil>
880	209	9	218	<nil>
880	182	32	214	<nil>
880	210	9	219	<nil>
880	9776	21	9797	<nil>
880	29580	7	29587	<nil>
880	212	9	221	<nil>
880	199	9	208	<nil>
880	183	31	214	<nil>
880	196	5	201	<nil>
880	225	13	238	<nil>
880	198	13	211	<nil>
880	212	11	223	<nil>
880	207	16	223	<nil>
880	5115	17	5132	<nil>
880	224	16	240	<nil>
880	196	17	213	<nil>
880	210	18	228	<nil>
880	206	18	224	<nil>
880	215	18	233	<nil>
880	5512	19	5531	<nil>
880	211	21	232	<nil>
880	210	21	231	<nil>
880	210	21	231	<nil>
880	195	22	217	<nil>
880	43	14	57	<nil>
880	9227	20	9247	<nil>
880	5123	17	5140	<nil>
880	36	17	53	<nil>
880	41668	17	41685	<nil>
880	30	18	48	<nil>
880	9446	1	9447	<nil>
880	385	0	385	rpc error: code = Unavailable desc = transport is closing
880	385	0	385	rpc error: code = Unavailable desc = transport is closing
880	408	0	408	rpc error: code = Unavailable desc = transport is closing
880	269	0	269	rpc error: code = Unavailable desc = transport is closing
880	379	0	379	rpc error: code = Unavailable desc = transport is closing
880	269	0	269	rpc error: code = Unavailable desc = transport is closing
880	371	0	371	rpc error: code = Unavailable desc = transport is closing
880	350	0	350	rpc error: code = Unavailable desc = transport is closing
880	362	0	362	rpc error: code = Unavailable desc = transport is closing
880	372	0	372	rpc error: code = Unavailable desc = transport is closing
880	15962	0	15962	rpc error: code = Unavailable desc = transport is closing
880	385	0	385	rpc error: code = Unavailable desc = transport is closing
880	368	0	368	rpc error: code = Unavailable desc = transport is closing
880	383	0	383	rpc error: code = Unavailable desc = transport is closing
880	357	0	357	rpc error: code = Unavailable desc = transport is closing
880	383	0	383	rpc error: code = Unavailable desc = transport is closing
880	335	16	351	<nil>
880	409	0	409	rpc error: code = Unavailable desc = transport is closing
880	336	13	349	<nil>
880	387	0	387	rpc error: code = Unavailable desc = transport is closing
880	272	0	272	rpc error: code = Unavailable desc = transport is closing
880	319	0	319	rpc error: code = Unavailable desc = transport is closing
880	415	0	415	rpc error: code = Unavailable desc = transport is closing
880	268	0	268	rpc error: code = Unavailable desc = transport is closing
880	409	0	409	rpc error: code = Unavailable desc = transport is closing
880	407	0	407	rpc error: code = Unavailable desc = transport is closing
880	401	0	401	rpc error: code = Unavailable desc = transport is closing
880	384	0	384	rpc error: code = Unavailable desc = transport is closing
880	388	0	388	rpc error: code = Unavailable desc = transport is closing
880	378	0	378	rpc error: code = Unavailable desc = transport is closing
880	273	0	273	rpc error: code = Unavailable desc = transport is closing
880	4725	0	4725	rpc error: code = Unavailable desc = transport is closing
880	385	0	385	rpc error: code = Unavailable desc = transport is closing
880	324	10	334	<nil>
880	384	0	384	rpc error: code = Unavailable desc = transport is closing
880	158	0	158	rpc error: code = Unavailable desc = transport is closing
880	386	0	386	rpc error: code = Unavailable desc = transport is closing
880	391	0	391	rpc error: code = Unavailable desc = transport is closing
880	385	0	385	rpc error: code = Unavailable desc = transport is closing
880	274	0	274	rpc error: code = Unavailable desc = transport is closing
880	373	0	373	rpc error: code = Unavailable desc = transport is closing
880	126	0	126	rpc error: code = Unavailable desc = transport is closing
880	375	0	375	rpc error: code = Unavailable desc = transport is closing
880	357	0	357	rpc error: code = Unavailable desc = transport is closing
880	14495	0	14495	rpc error: code = Unavailable desc = transport is closing
880	364	0	364	rpc error: code = Unavailable desc = transport is closing
880	4702	0	4702	rpc error: code = Unavailable desc = transport is closing
880	368	0	368	rpc error: code = Unavailable desc = transport is closing
880	349	0	349	rpc error: code = Unavailable desc = transport is closing
880	359	0	359	rpc error: code = Unavailable desc = transport is closing
880	396	0	396	rpc error: code = Unavailable desc = transport is closing
880	400	0	400	rpc error: code = Unavailable desc = transport is closing
880	378	0	378	rpc error: code = Unavailable desc = transport is closing
880	371	0	371	rpc error: code = Unavailable desc = transport is closing
880	372	0	372	rpc error: code = Unavailable desc = transport is closing
880	5035	0	5035	rpc error: code = Unavailable desc = transport is closing
880	368	0	368	rpc error: code = Unavailable desc = transport is closing
880	348	0	348	rpc error: code = Unavailable desc = transport is closing
880	371	0	371	rpc error: code = Unavailable desc = transport is closing
880	350	0	350	rpc error: code = Unavailable desc = transport is closing
880	360	0	360	rpc error: code = Unavailable desc = transport is closing
880	362	0	362	rpc error: code = Unavailable desc = transport is closing
880	347	0	347	rpc error: code = Unavailable desc = transport is closing
880	368	0	368	rpc error: code = Unavailable desc = transport is closing
880	367	0	367	rpc error: code = Unavailable desc = transport is closing
880	375	0	375	rpc error: code = Unavailable desc = transport is closing
880	268	0	268	rpc error: code = Unavailable desc = transport is closing
880	352	0	352	rpc error: code = Unavailable desc = transport is closing
880	387	0	387	rpc error: code = Unavailable desc = transport is closing
880	366	0	366	rpc error: code = Unavailable desc = transport is closing
880	9772	0	9772	rpc error: code = Unavailable desc = transport is closing
880	362	0	362	rpc error: code = Unavailable desc = transport is closing
880	383	0	383	rpc error: code = Unavailable desc = transport is closing
880	381	0	381	rpc error: code = Unavailable desc = transport is closing
880	379	0	379	rpc error: code = Unavailable desc = transport is closing
880	368	0	368	rpc error: code = Unavailable desc = transport is closing
880	413	0	413	rpc error: code = Unavailable desc = transport is closing
880	396	0	396	rpc error: code = Unavailable desc = transport is closing
880	385	0	385	rpc error: code = Unavailable desc = transport is closing
880	303	0	303	rpc error: code = Unavailable desc = transport is closing
880	379	0	379	rpc error: code = Unavailable desc = transport is closing
880	8938	0	8938	rpc error: code = Unavailable desc = transport is closing
880	186	0	186	rpc error: code = Unavailable desc = transport is closing
880	347	0	347	rpc error: code = Unavailable desc = transport is closing
880	218	0	218	rpc error: code = Unavailable desc = transport is closing
880	371	0	371	rpc error: code = Unavailable desc = transport is closing
880	382	0	382	rpc error: code = Unavailable desc = transport is closing
880	361	0	361	rpc error: code = Unavailable desc = transport is closing
880	185	0	185	rpc error: code = Unavailable desc = transport is closing
880	19144	0	19144	rpc error: code = Unavailable desc = transport is closing
880	353	0	353	rpc error: code = Unavailable desc = transport is closing
880	9220	0	9220	rpc error: code = Unavailable desc = transport is closing
880	185	0	185	rpc error: code = Unavailable desc = transport is closing
880	383	0	383	rpc error: code = Unavailable desc = transport is closing
880	289	0	289	rpc error: code = Unavailable desc = transport is closing
880	192	0	192	rpc error: code = Unavailable desc = transport is closing
880	373	0	373	rpc error: code = Unavailable desc = transport is closing
880	189	0	189	rpc error: code = Unavailable desc = transport is closing
880	210	0	210	rpc error: code = Unavailable desc = transport is closing
880	4924	0	4924	rpc error: code = Unavailable desc = transport is closing
880	349	0	349	rpc error: code = Unavailable desc = transport is closing
880	315	0	315	rpc error: code = Unavailable desc = transport is closing
880	352	0	352	rpc error: code = Unavailable desc = transport is closing
880	186	0	186	rpc error: code = Unavailable desc = transport is closing
880	297	0	297	rpc error: code = Unavailable desc = transport is closing
880	343	0	343	rpc error: code = Unavailable desc = transport is closing
880	2422	0	2422	rpc error: code = Unavailable desc = transport is closing
880	398	0	398	rpc error: code = Unavailable desc = transport is closing
880	357	0	357	rpc error: code = Unavailable desc = transport is closing
880	388	0	388	rpc error: code = Unavailable desc = transport is closing
880	359	0	359	rpc error: code = Unavailable desc = transport is closing
880	4989	0	4989	rpc error: code = Unavailable desc = transport is closing
880	357	0	357	rpc error: code = Unavailable desc = transport is closing
880	363	0	363	rpc error: code = Unavailable desc = transport is closing
880	365	0	365	rpc error: code = Unavailable desc = transport is closing
880	365	0	365	rpc error: code = Unavailable desc = transport is closing
880	384	0	384	rpc error: code = Unavailable desc = transport is closing
880	311	0	311	rpc error: code = Unavailable desc = transport is closing
880	317	0	317	rpc error: code = Unavailable desc = transport is closing
880	332	11	343	<nil>
880	387	0	387	rpc error: code = Unavailable desc = transport is closing
880	385	0	385	rpc error: code = Unavailable desc = transport is closing
880	383	0	383	rpc error: code = Unavailable desc = transport is closing
880	409	0	409	rpc error: code = Unavailable desc = transport is closing
880	385	0	385	rpc error: code = Unavailable desc = transport is closing
880	409	0	409	rpc error: code = Unavailable desc = transport is closing
880	382	0	382	rpc error: code = Unavailable desc = transport is closing
880	387	0	387	rpc error: code = Unavailable desc = transport is closing
880	2472	0	2472	rpc error: code = Unavailable desc = transport is closing
880	367	0	367	rpc error: code = Unavailable desc = transport is closing
880	324	0	324	rpc error: code = Unavailable desc = transport is closing
880	367	177	544	<nil>
880	322	0	322	rpc error: code = Unavailable desc = transport is closing
880	380	0	380	rpc error: code = Unavailable desc = transport is closing
880	376	248	624	<nil>
880	383	248	631	<nil>
880	376	248	624	<nil>
880	367	251	618	<nil>
880	378	245	623	<nil>
880	383	0	383	rpc error: code = Unavailable desc = transport is closing
880	374	250	624	<nil>
880	395	247	642	<nil>
880	383	0	383	rpc error: code = Unavailable desc = transport is closing
880	394	247	641	<nil>
880	396	248	644	<nil>
880	412	240	652	<nil>
880	388	247	635	<nil>
880	9831	241	10072	<nil>
880	8393	248	8641	<nil>
880	42488	241	42729	<nil>
880	398	237	635	<nil>
880	385	247	632	<nil>
880	392	263	655	<nil>
880	435	251	686	<nil>
880	359	0	359	rpc error: code = Unavailable desc = transport is closing
880	439	264	703	<nil>
880	446	257	703	<nil>
880	439	265	704	<nil>
880	440	265	705	<nil>
880	461	243	704	<nil>
880	401	335	736	<nil>
880	445	287	732	<nil>
880	356	0	356	rpc error: code = Unavailable desc = transport is closing
880	363	0	363	rpc error: code = Unavailable desc = transport is closing
880	362	0	362	rpc error: code = Unavailable desc = transport is closing
880	532	216	748	<nil>
880	513	218	731	<nil>
880	524	217	741	<nil>
880	418	348	766	<nil>
880	396	361	757	<nil>
880	465	297	762	<nil>
880	414	363	777	<nil>
880	6072	210	6282	<nil>
880	405	359	764	<nil>
880	387	357	744	<nil>
880	16802	363	17165	<nil>
880	381	360	741	<nil>
880	448	302	750	<nil>
880	394	359	753	<nil>
880	387	338	725	<nil>
880	409	351	760	<nil>
880	405	359	764	<nil>
880	458	295	753	<nil>
880	379	365	744	<nil>
880	371	360	731	<nil>
880	491	274	765	<nil>
880	382	353	735	<nil>
880	446	295	741	<nil>
880	8683	347	9030	<nil>
880	437	304	741	<nil>
880	453	291	744	<nil>
880	9809	345	10154	<nil>
880	373	366	739	<nil>
880	9826	348	10174	<nil>
880	378	358	736	<nil>
880	484	261	745	<nil>
880	366	375	741	<nil>
880	377	368	745	<nil>
880	10490	166	10656	<nil>
880	399	346	745	<nil>
880	401	367	768	<nil>
880	391	367	758	<nil>
880	45062	233	45295	<nil>
880	9855	235	10090	<nil>
880	5761	234	5995	<nil>
880	1468	234	1702	<nil>
880	5754	234	5988	<nil>
880	16219	232	16451	<nil>
880	290	231	521	<nil>
880	6165	0	6165	rpc error: code = Unavailable desc = transport is closing
880	302	0	302	rpc error: code = Unavailable desc = transport is closing
880	6169	0	6169	rpc error: code = Unavailable desc = transport is closing
880	10298	224	10522	<nil>
880	299	226	525	<nil>
880	17063	230	17293	<nil>
880	9879	233	10112	<nil>
880	299	234	533	<nil>
880	291	235	526	<nil>
880	303	234	537	<nil>
880	8731	235	8966	<nil>
880	10872	224	11096	<nil>
880	297	227	524	<nil>
880	286	262	548	<nil>
880	1485	252	1737	<nil>
880	6072	0	6072	rpc error: code = Unavailable desc = transport is closing
880	391	0	391	rpc error: code = Unavailable desc = transport is closing
880	5896	210	6106	<nil>
880	312	9	321	<nil>
880	401	0	401	rpc error: code = Unavailable desc = transport is closing
880	394	165	559	<nil>
880	402	0	402	rpc error: code = Unavailable desc = transport is closing
880	1626	166	1792	<nil>
880	421	161	582	<nil>
880	399	147	546	<nil>
880	417	135	552	<nil>
880	2978	87	3065	<nil>
880	394	152	546	<nil>
880	1603	150	1753	<nil>
880	369	204	573	<nil>
880	422	0	422	rpc error: code = Unavailable desc = transport is closing
880	1601	151	1752	<nil>
880	3509	144	3653	<nil>
880	10432	145	10577	<nil>
880	456	0	456	rpc error: code = Unavailable desc = transport is closing
880	1603	163	1766	<nil>
880	406	157	563	<nil>
880	1603	161	1764	<nil>
880	10524	162	10686	<nil>
880	394	0	394	rpc error: code = Unavailable desc = transport is closing
880	5765	65	5830	<nil>
880	309	66	375	<nil>
880	395	0	395	rpc error: code = Unavailable desc = transport is closing
880	1603	162	1765	<nil>
880	311	65	376	<nil>
880	1486	281	1767	<nil>
880	9973	187	10160	<nil>
880	307	68	375	<nil>
880	5960	145	6105	<nil>
880	42026	166	42192	<nil>
880	473	0	473	rpc error: code = Unavailable desc = transport is closing
880	1548	0	1548	rpc error: code = Unavailable desc = transport is closing
880	411	147	558	<nil>
880	1726	0	1726	rpc error: code = Unavailable desc = transport is closing
880	9144	69	9213	<nil>
880	306	70	376	<nil>
880	394	164	558	<nil>
880	416	163	579	<nil>
880	3418	67	3485	<nil>
880	1628	165	1793	<nil>
880	363	218	581	<nil>
880	300	0	300	rpc error: code = Unavailable desc = transport is closing
880	1602	163	1765	<nil>
880	449	0	449	rpc error: code = Unavailable desc = transport is closing
880	301	0	301	rpc error: code = Unavailable desc = transport is closing
880	15716	166	15882	<nil>
880	367	221	588	<nil>
880	10652	85	10737	<nil>
880	417	142	559	<nil>
880	5913	137	6050	<nil>
880	411	149	560	<nil>
880	411	145	556	<nil>
880	2906	147	3053	<nil>
880	9059	79	9138	<nil>
880	306	80	386	<nil>
880	307	80	387	<nil>
880	306	79	385	<nil>
880	10753	83	10836	<nil>
880	5981	82	6063	<nil>
880	304	82	386	<nil>
880	306	80	386	<nil>
880	1695	82	1777	<nil>
880	10415	82	10497	<nil>
880	490	86	576	<nil>
880	491	82	573	<nil>
880	5980	84	6064	<nil>
880	301	86	387	<nil>
880	281	5	286	<nil>
880	2811	79	2890	<nil>
880	306	80	386	<nil>
880	395	152	547	<nil>
880	17197	157	17354	<nil>
880	316	87	403	<nil>
880	10026	0	10026	rpc error: code = Unavailable desc = transport is closing
880	452	88	540	<nil>
880	28483	0	28483	rpc error: code = Unavailable desc = transport is closing
880	10754	80	10834	<nil>
880	404	0	404	rpc error: code = Unavailable desc = transport is closing
880	449	0	449	rpc error: code = Unavailable desc = transport is closing
880	5959	108	6067	<nil>
880	15888	176	16064	<nil>
880	402	0	402	rpc error: code = Unavailable desc = transport is closing
880	394	179	573	<nil>
880	409	162	571	<nil>
880	402	179	581	<nil>
880	425	156	581	<nil>
880	401	179	580	<nil>
880	470	92	562	<nil>
880	1557	226	1783	<nil>
880	10536	0	10536	rpc error: code = Unavailable desc = transport is closing
880	307	85	392	<nil>
880	400	0	400	rpc error: code = Unavailable desc = transport is closing
880	9912	97	10009	<nil>
880	394	195	589	<nil>
880	9946	243	10189	<nil>
880	455	108	563	<nil>
880	387	184	571	<nil>
880	1573	0	1573	rpc error: code = Unavailable desc = transport is closing
880	16295	266	16561	<nil>
880	320	162	482	<nil>
880	10159	227	10386	<nil>
880	1279	276	1555	<nil>
880	294	278	572	<nil>
880	313	278	591	<nil>
880	1275	278	1553	<nil>
880	275	280	555	<nil>
880	1147	259	1406	<nil>
880	10479	258	10737	<nil>
880	313	279	592	<nil>
880	1276	279	1555	<nil>
880	272	278	550	<nil>
880	171	259	430	<nil>
880	1148	259	1407	<nil>
880	1149	259	1408	<nil>
880	158	260	418	<nil>
880	272	284	556	<nil>
880	1160	259	1419	<nil>
880	172	262	434	<nil>
880	152	260	412	<nil>
880	15191	260	15451	<nil>
880	195	260	455	<nil>
880	317	297	614	<nil>
880	310	286	596	<nil>
880	1284	300	1584	<nil>
880	261	333	594	<nil>
880	260	336	596	<nil>
880	217	331	548	<nil>
880	3345	321	3666	<nil>
880	265	307	572	<nil>
880	1266	258	1524	<nil>
880	246	333	579	<nil>
880	222	334	556	<nil>
880	215	334	549	<nil>
880	3829	332	4161	<nil>
880	206	321	527	<nil>
880	286	258	544	<nil>
880	297	259	556	<nil>
880	215	334	549	<nil>
880	343	261	604	<nil>
880	214	633	847	<nil>
880	345	552	897	<nil>
880	290	576	866	<nil>
880	1262	576	1838	<nil>
880	291	576	867	<nil>
880	288	579	867	<nil>
880	270	579	849	<nil>
880	217	629	846	<nil>
880	256	631	887	<nil>
880	314	581	895	<nil>
880	273	580	853	<nil>
880	411	486	897	<nil>
880	334	561	895	<nil>
880	1304	573	1877	<nil>
880	338	558	896	<nil>
880	376	527	903	<nil>
880	357	561	918	<nil>
880	299	565	864	<nil>
880	394	508	902	<nil>
880	239	658	897	<nil>
880	339	576	915	<nil>
880	410	517	927	<nil>
880	353	530	883	<nil>
880	344	531	875	<nil>
880	3354	532	3886	<nil>
880	807	61	868	<nil>
880	541	55	596	<nil>
880	775	63	838	<nil>
880	1724	68	1792	<nil>
880	782	65	847	<nil>
880	551	42	593	<nil>
880	542	54	596	<nil>
880	552	47	599	<nil>
880	776	56	832	<nil>
880	15341	54	15395	<nil>
880	9581	67	9648	<nil>
880	542	54	596	<nil>
880	781	57	838	<nil>
880	765	67	832	<nil>
880	541	47	588	<nil>
880	547	55	602	<nil>
880	10962	67	11029	<nil>
880	477	3	480	<nil>
880	9937	156	10093	<nil>
880	9253	92	9345	<nil>
880	482	12	494	<nil>
880	577	9	586	<nil>
880	558	29	587	<nil>
880	554	47	601	<nil>
880	541	48	589	<nil>
880	486	7	493	<nil>
880	116958	7	116965	<nil>
880	1392	7	1399	<nil>
880	9357	18	9375	<nil>
880	554	45	599	<nil>
880	1247	5	1252	<nil>
880	719	140	859	<nil>
880	552	46	598	<nil>
880	771	67	838	<nil>
880	717	143	860	<nil>
880	555	47	602	<nil>
880	476	7	483	<nil>
880	539	32	571	<nil>
880	555	46	601	<nil>
880	555	44	599	<nil>
880	488	3	491	<nil>
880	742	140	882	<nil>
880	571	31	602	<nil>
880	703	141	844	<nil>
880	706	142	848	<nil>
880	704	148	852	<nil>
880	694	155	849	<nil>
880	724	146	870	<nil>
880	743	143	886	<nil>
880	763	88	851	<nil>
880	4433	101	4534	<nil>
880	735	147	882	<nil>
880	4433	102	4535	<nil>
880	702	151	853	<nil>
880	694	150	844	<nil>
880	693	155	848	<nil>
880	742	91	833	<nil>
880	708	145	853	<nil>
880	721	146	867	<nil>
880	1653	156	1809	<nil>
880	28673	155	28828	<nil>
880	773	91	864	<nil>
880	780	73	853	<nil>
880	673	156	829	<nil>
880	764	103	867	<nil>
880	763	103	866	<nil>
880	758	92	850	<nil>
880	28401	92	28493	<nil>
880	764	94	858	<nil>
880	1435	16	1451	<nil>
880	456	21	477	<nil>
880	764	94	858	<nil>
880	1717	95	1812	<nil>
880	774	88	862	<nil>
880	758	96	854	<nil>
880	1728	86	1814	<nil>
880	1282	5	1287	<nil>
880	61	9	70	<nil>
880	16114	9	16123	<nil>
880	765	90	855	<nil>
880	1725	90	1815	<nil>
880	9429	91	9520	<nil>
880	1728	87	1815	<nil>
880	713	148	861	<nil>
880	777	84	861	<nil>
880	1181	4	1185	<nil>
880	770	89	859	<nil>
880	9663	9	9672	<nil>
880	774	91	865	<nil>
880	559	29	588	<nil>
880	179	11	190	<nil>
880	1723	97	1820	<nil>
880	768	91	859	<nil>
880	180	6	186	<nil>
880	1204	11	1215	<nil>
880	180	14	194	<nil>
880	1174	8	1182	<nil>
880	116729	12	116741	<nil>
880	187	9	196	<nil>
880	1175	7	1182	<nil>
880	16599	15	16614	<nil>
880	157	8	165	<nil>
880	181	12	193	<nil>
880	183	10	193	<nil>
880	547	46	593	<nil>
880	159	7	166	<nil>
880	26951	8	26959	<nil>
880	156	10	166	<nil>
880	1178	8	1186	<nil>
880	194	4	198	<nil>
880	190	8	198	<nil>
880	186	9	195	<nil>
880	1181	6	1187	<nil>
880	1181	5	1186	<nil>
880	541	32	573	<nil>
880	126	11	137	<nil>
880	184449	30	184479	<nil>
880	9899	8	9907	<nil>
880	682	143	825	<nil>
880	5268	0	5268	rpc error: code = DeadlineExceeded desc = context deadline exceeded
880	2829	0	2829	rpc error: code = DeadlineExceeded desc = context deadline exceeded
880	5145	0	5145	rpc error: code = DeadlineExceeded desc = context deadline exceeded
880	268	182	450	<nil>
880	7733	0	7733	rpc error: code = DeadlineExceeded desc = context deadline exceeded
880	2805	0	2805	rpc error: code = DeadlineExceeded desc = context deadline exceeded
880	5361	0	5361	rpc error: code = DeadlineExceeded desc = context deadline exceeded
880	28021	0	28021	rpc error: code = DeadlineExceeded desc = context deadline exceeded
880	2828	0	2828	rpc error: code = DeadlineExceeded desc = context deadline exceeded
880	7995	0	7995	rpc error: code = DeadlineExceeded desc = context deadline exceeded
880	2829	0	2829	rpc error: code = DeadlineExceeded desc = context deadline exceeded
880	2849	0	2849	rpc error: code = DeadlineExceeded desc = context deadline exceeded
880	2843	0	2843	rpc error: code = DeadlineExceeded desc = context deadline exceeded
880	4974	0	4974	rpc error: code = DeadlineExceeded desc = context deadline exceeded
880	2877	0	2877	rpc error: code = DeadlineExceeded desc = context deadline exceeded
880	2876	0	2876	rpc error: code = DeadlineExceeded desc = context deadline exceeded
880	18758	0	18758	rpc error: code = DeadlineExceeded desc = context deadline exceeded
880	2902	0	2902	rpc error: code = DeadlineExceeded desc = context deadline exceeded
880	2904	0	2904	rpc error: code = DeadlineExceeded desc = context deadline exceeded
880	2904	0	2904	rpc error: code = DeadlineExceeded desc = context deadline exceeded
880	2905	0	2905	rpc error: code = DeadlineExceeded desc = context deadline exceeded
880	2908	0	2908	rpc error: code = DeadlineExceeded desc = context deadline exceeded
880	2900	0	2900	rpc error: code = DeadlineExceeded desc = context deadline exceeded
880	4982	0	4982	rpc error: code = DeadlineExceeded desc = context deadline exceeded
880	2905	0	2905	rpc error: code = DeadlineExceeded desc = context deadline exceeded
880	2903	0	2903	rpc error: code = DeadlineExceeded desc = context deadline exceeded
880	2920	0	2920	rpc error: code = DeadlineExceeded desc = context deadline exceeded
880	2901	0	2901	rpc error: code = DeadlineExceeded desc = context deadline exceeded
880	5321	0	5321	rpc error: code = DeadlineExceeded desc = context deadline exceeded
880	2911	0	2911	rpc error: code = DeadlineExceeded desc = context deadline exceeded
880	7373	0	7373	rpc error: code = DeadlineExceeded desc = context deadline exceeded
880	5233	0	5233	rpc error: code = DeadlineExceeded desc = context deadline exceeded
880	5350	0	5350	rpc error: code = DeadlineExceeded desc = context deadline exceeded
880	2910	0	2910	rpc error: code = DeadlineExceeded desc = context deadline exceeded
880	2919	0	2919	rpc error: code = DeadlineExceeded desc = context deadline exceeded
880	4751	0	4751	rpc error: code = DeadlineExceeded desc = context deadline exceeded
880	2384	0	2384	rpc error: code = DeadlineExceeded desc = context deadline exceeded
880	8949	0	8949	rpc error: code = DeadlineExceeded desc = context deadline exceeded
880	5258	0	5258	rpc error: code = DeadlineExceeded desc = context deadline exceeded
880	2941	0	2941	rpc error: code = DeadlineExceeded desc = context deadline exceeded
880	20931	0	20931	rpc error: code = DeadlineExceeded desc = context deadline exceeded
880	5259	0	5259	rpc error: code = DeadlineExceeded desc = context deadline exceeded
880	5459	0	5459	rpc error: code = DeadlineExceeded desc = context deadline exceeded
880	7409	0	7409	rpc error: code = DeadlineExceeded desc = context deadline exceeded
880	2345	0	2345	rpc error: code = DeadlineExceeded desc = context deadline exceeded
880	12262	0	12262	rpc error: code = DeadlineExceeded desc = context deadline exceeded
880	20238	0	20238	rpc error: code = DeadlineExceeded desc = context deadline exceeded
880	5391	0	5391	rpc error: code = DeadlineExceeded desc = context deadline exceeded
880	5269	0	5269	rpc error: code = DeadlineExceeded desc = context deadline exceeded
880	4971	0	4971	rpc error: code = DeadlineExceeded desc = context deadline exceeded
880	312	116	428	<nil>
880	294	110	404	<nil>
880	332	110	442	<nil>
880	324	119	443	<nil>
880	298	109	407	<nil>
880	375	0	375	rpc error: code = Unavailable desc = transport is closing
880	327	119	446	<nil>
880	291	119	410	<nil>
880	456	0	456	rpc error: code = Unavailable desc = transport is closing
880	390	25	415	<nil>
880	318	114	432	<nil>
880	1337	121	1458	<nil>
880	291	121	412	<nil>
880	1339	120	1459	<nil>
880	322	122	444	<nil>
880	298	112	410	<nil>
880	318	119	437	<nil>
880	1338	120	1458	<nil>
880	324	120	444	<nil>
880	325	117	442	<nil>
880	326	116	442	<nil>
880	301	107	408	<nil>
880	389	0	389	rpc error: code = Unavailable desc = transport is closing
880	393	0	393	rpc error: code = Unavailable desc = transport is closing
880	1448	20	1468	<nil>
880	1280	0	1280	rpc error: code = Unavailable desc = transport is closing
880	409	0	409	rpc error: code = Unavailable desc = transport is closing
880	386	0	386	rpc error: code = Unavailable desc = transport is closing
880	389	25	414	<nil>
880	405	0	405	rpc error: code = Unavailable desc = transport is closing
880	426	0	426	rpc error: code = Unavailable desc = transport is closing
880	391	22	413	<nil>
880	392	0	392	rpc error: code = Unavailable desc = transport is closing
880	388	0	388	rpc error: code = Unavailable desc = transport is closing
880	390	0	390	rpc error: code = Unavailable desc = transport is closing
880	385	0	385	rpc error: code = Unavailable desc = transport is closing
880	393	0	393	rpc error: code = Unavailable desc = transport is closing
880	298	117	415	<nil>
880	1441	0	1441	rpc error: code = Unavailable desc = transport is closing
880	393	26	419	<nil>
880	387	0	387	rpc error: code = Unavailable desc = transport is closing
880	315	120	435	<nil>
880	303	112	415	<nil>
880	347	73	420	<nil>
880	298	117	415	<nil>
880	393	23	416	<nil>
880	29102	118	29220	<nil>
880	400	26	426	<nil>
880	426	27	453	<nil>
880	334	119	453	<nil>
880	344	74	418	<nil>
880	10318	23	10341	<nil>
880	109	58	167	<nil>
880	393	76	469	<nil>
880	398	75	473	<nil>
880	9592	0	9592	rpc error: code = Unavailable desc = transport is closing
880	1289	68	1357	<nil>
880	374	68	442	<nil>
880	401	67	468	<nil>
880	1457	68	1525	<nil>
880	374	61	435	<nil>
880	115	58	173	<nil>
880	14606	0	14606	rpc error: code = Unavailable desc = transport is closing
880	78	83	161	<nil>
880	436	66	502	<nil>
880	194719	77	194796	<nil>
880	93	78	171	<nil>
880	78	78	156	<nil>
880	77	79	156	<nil>
880	41348	83	41431	<nil>
880	93	87	180	<nil>
880	77	92	169	<nil>
880	78	89	167	<nil>
880	96	92	188	<nil>
880	44	47	91	<nil>
880	78	97	175	<nil>
880	78	94	172	<nil>
880	78	97	175	<nil>
880	1051	51	1102	<nil>
880	88	51	139	<nil>
880	47	60	107	<nil>
880	82	107	189	<nil>
880	142	139	281	<nil>
880	378	139	517	<nil>
880	311	0	311	rpc error: code = Unavailable desc = transport is closing
880	48	59	107	<nil>
880	422	0	422	rpc error: code = Unavailable desc = transport is closing
880	82	101	183	<nil>
880	400	146	546	<nil>
880	400	145	545	<nil>
880	400	147	547	<nil>
880	448	0	448	rpc error: code = Unavailable desc = transport is closing
880	392	152	544	<nil>
880	423	151	574	<nil>
880	1455	148	1603	<nil>
880	1286	138	1424	<nil>
880	16496	138	16634	<nil>
880	399	146	545	<nil>
880	110	137	247	<nil>
880	103	138	241	<nil>
880	15847	139	15986	<nil>
880	110	137	247	<nil>
880	15983	138	16121	<nil>
880	1090	138	1228	<nil>
880	110	138	248	<nil>
880	110	138	248	<nil>
880	1300	139	1439	<nil>
880	312	0	312	rpc error: code = Unavailable desc = transport is closing
880	376	145	521	<nil>
880	452	0	452	rpc error: code = Unavailable desc = transport is closing
880	367	154	521	<nil>
880	393	154	547	<nil>
880	399	147	546	<nil>
880	393	150	543	<nil>
880	449	0	449	rpc error: code = Unavailable desc = transport is closing
880	17827	145	17972	<nil>
880	273	0	273	rpc error: code = Unavailable desc = transport is closing
880	399	146	545	<nil>
880	409	138	547	<nil>
880	154	137	291	<nil>
880	398	153	551	<nil>
880	399	145	544	<nil>
880	392	150	542	<nil>
880	448	0	448	rpc error: code = Unavailable desc = transport is closing
880	275	0	275	rpc error: code = Unavailable desc = transport is closing
880	378	137	515	<nil>
880	401	146	547	<nil>
880	369	144	513	<nil>
880	47	60	107	<nil>
880	109	140	249	<nil>
880	109	140	249	<nil>
880	2791	139	2930	<nil>
880	126	138	264	<nil>
880	89	139	228	<nil>
880	431	151	582	<nil>
880	431	151	582	<nil>
880	394	151	545	<nil>
880	399	146	545	<nil>
880	4013	0	4013	rpc error: code = Unavailable desc = transport is closing
880	367	146	513	<nil>
880	90	139	229	<nil>
880	367	146	513	<nil>
880	399	146	545	<nil>
880	1285	0	1285	rpc error: code = Unavailable desc = transport is closing
880	117	139	256	<nil>
880	398	152	550	<nil>
880	367	145	512	<nil>
880	401	146	547	<nil>
880	393	151	544	<nil>
880	367	154	521	<nil>
880	367	146	513	<nil>
880	14688	0	14688	rpc error: code = Unavailable desc = transport is closing
880	394	151	545	<nil>
880	399	151	550	<nil>
880	399	147	546	<nil>
880	398	152	550	<nil>
880	399	148	547	<nil>
880	399	147	546	<nil>
880	366	145	511	<nil>
880	28595	145	28740	<nil>
880	1456	147	1603	<nil>
880	1288	150	1438	<nil>
880	400	145	545	<nil>
880	393	154	547	<nil>
880	400	145	545	<nil>
880	15528	142	15670	<nil>
880	376	145	521	<nil>
880	38584	142	38726	<nil>
880	361	150	511	<nil>
880	367	147	514	<nil>
880	110	140	250	<nil>
880	1283	146	1429	<nil>
880	1459	144	1603	<nil>
880	1276	148	1424	<nil>
880	398	148	546	<nil>
880	53	67	120	<nil>
880	361	153	514	<nil>
880	367	145	512	<nil>
880	366	148	514	<nil>
880	9578	0	9578	rpc error: code = Unavailable desc = transport is closing
880	374	145	519	<nil>
880	107	64	171	<nil>
880	367	149	516	<nil>
880	71032	0	71032	rpc error: code = Unavailable desc = transport is closing
880	369	145	514	<nil>
880	403	0	403	rpc error: code = Unavailable desc = transport is closing
880	56	53	109	<nil>
880	1455	145	1600	<nil>
880	381	0	381	rpc error: code = Unavailable desc = transport is closing
880	1287	137	1424	<nil>
880	78	97	175	<nil>
880	1293	137	1430	<nil>
880	409	139	548	<nil>
880	89	138	227	<nil>
880	407	138	545	<nil>
880	676	0	676	rpc error: code = Unavailable desc = transport is closing
880	16557	57	16614	<nil>
880	60	50	110	<nil>
880	1292	138	1430	<nil>
880	675	0	675	rpc error: code = Unavailable desc = transport is closing
880	78	111	189	<nil>
880	399	148	547	<nil>
880	675	0	675	rpc error: code = Unavailable desc = transport is closing
880	42	742	784	<nil>
880	668	0	668	rpc error: code = Unavailable desc = transport is closing
880	668	0	668	rpc error: code = Unavailable desc = transport is closing
880	137	655	792	<nil>
880	133	657	790	<nil>
880	69433	745	70178	<nil>
880	136	656	792	<nil>
880	213	655	868	<nil>
880	137	656	793	<nil>
880	2798	657	3455	<nil>
880	1160	687	1847	<nil>
880	1207	704	1911	<nil>
880	135	704	839	<nil>
880	722	0	722	rpc error: code = Unavailable desc = transport is closing
880	728	0	728	rpc error: code = Unavailable desc = transport is closing
880	9181	0	9181	rpc error: code = Unavailable desc = transport is closing
880	696	0	696	rpc error: code = Unavailable desc = transport is closing
880	1696	0	1696	rpc error: code = Unavailable desc = transport is closing
880	1654	0	1654	rpc error: code = Unavailable desc = transport is closing
880	716	0	716	rpc error: code = Unavailable desc = transport is closing
880	717	0	717	rpc error: code = Unavailable desc = transport is closing
880	136	704	840	<nil>
880	676	0	676	rpc error: code = Unavailable desc = transport is closing
880	674	0	674	rpc error: code = Unavailable desc = transport is closing
880	700	0	700	rpc error: code = Unavailable desc = transport is closing
880	725	0	725	rpc error: code = Unavailable desc = transport is closing
880	136	704	840	<nil>
880	709	0	709	rpc error: code = Unavailable desc = transport is closing
880	17521	705	18226	<nil>
880	69532	705	70237	<nil>
880	750	0	750	rpc error: code = Unavailable desc = transport is closing
880	486	0	486	rpc error: code = Unavailable desc = transport is closing
880	305	0	305	rpc error: code = Unavailable desc = transport is closing
880	2808	0	2808	rpc error: code = Unavailable desc = transport is closing
880	703	0	703	rpc error: code = Unavailable desc = transport is closing
880	691	0	691	rpc error: code = Unavailable desc = transport is closing
880	721	0	721	rpc error: code = Unavailable desc = transport is closing
880	719	0	719	rpc error: code = Unavailable desc = transport is closing
880	707	0	707	rpc error: code = Unavailable desc = transport is closing
880	719	0	719	rpc error: code = Unavailable desc = transport is closing
880	672	0	672	rpc error: code = Unavailable desc = transport is closing
880	9515	0	9515	rpc error: code = Unavailable desc = transport is closing
880	10482	0	10482	rpc error: code = Unavailable desc = transport is closing
880	10944	0	10944	rpc error: code = Unavailable desc = transport is closing
880	308	0	308	rpc error: code = Unavailable desc = transport is closing
880	176	707	883	<nil>
880	357	0	357	rpc error: code = Unavailable desc = transport is closing
880	765	0	765	rpc error: code = Unavailable desc = transport is closing
880	1715	0	1715	rpc error: code = Unavailable desc = transport is closing
880	798	0	798	rpc error: code = Unavailable desc = transport is closing
880	750	0	750	rpc error: code = Unavailable desc = transport is closing
880	375	0	375	rpc error: code = Unavailable desc = transport is closing
880	359	0	359	rpc error: code = Unavailable desc = transport is closing
880	359	0	359	rpc error: code = Unavailable desc = transport is closing
880	4166	0	4166	rpc error: code = Unavailable desc = transport is closing
880	751	0	751	rpc error: code = Unavailable desc = transport is closing
880	375	0	375	rpc error: code = Unavailable desc = transport is closing
880	751	0	751	rpc error: code = Unavailable desc = transport is closing
880	771	0	771	rpc error: code = Unavailable desc = transport is closing
880	381	0	381	rpc error: code = Unavailable desc = transport is closing
880	374	0	374	rpc error: code = Unavailable desc = transport is closing
880	359	0	359	rpc error: code = Unavailable desc = transport is closing
880	4277	0	4277	rpc error: code = Unavailable desc = transport is closing
880	455	0	455	rpc error: code = Unavailable desc = transport is closing
880	3893	0	3893	rpc error: code = Unavailable desc = transport is closing
880	362	0	362	rpc error: code = Unavailable desc = transport is closing
880	457	0	457	rpc error: code = Unavailable desc = transport is closing
880	363	0	363	rpc error: code = Unavailable desc = transport is closing
880	4194	0	4194	rpc error: code = Unavailable desc = transport is closing
880	371	498	869	<nil>
880	382	499	881	<nil>
880	387	499	886	<nil>
880	387	0	387	rpc error: code = Unavailable desc = transport is closing
880	2838	498	3336	<nil>
880	16105	0	16105	rpc error: code = Unavailable desc = transport is closing
880	355	0	355	rpc error: code = Unavailable desc = transport is closing
880	454	0	454	rpc error: code = Unavailable desc = transport is closing
880	346	523	869	<nil>
880	346	523	869	<nil>
880	370	502	872	<nil>
880	371	498	869	<nil>
880	17509	262	17771	<nil>
880	745	262	1007	<nil>
880	735	265	1000	<nil>
880	784	217	1001	<nil>
880	780	220	1000	<nil>
880	16429	223	16652	<nil>
880	786	0	786	rpc error: code = Unavailable desc = transport is closing
880	782	223	1005	<nil>
880	784	217	1001	<nil>
880	784	216	1000	<nil>
880	782	216	998	<nil>
880	783	217	1000	<nil>
880	781	217	998	<nil>
880	781	217	998	<nil>
880	782	216	998	<nil>
880	783	0	783	rpc error: code = Unavailable desc = transport is closing
880	785	0	785	rpc error: code = Unavailable desc = transport is closing
880	787	0	787	rpc error: code = Unavailable desc = transport is closing
880	786	0	786	rpc error: code = Unavailable desc = transport is closing
880	748	265	1013	<nil>
880	784	222	1006	<nil>
880	786	0	786	rpc error: code = Unavailable desc = transport is closing
880	785	0	785	rpc error: code = Unavailable desc = transport is closing
880	784	0	784	rpc error: code = Unavailable desc = transport is closing
880	827	0	827	rpc error: code = Unavailable desc = transport is closing
880	782	225	1007	<nil>
880	783	224	1007	<nil>
880	783	224	1007	<nil>
880	385	627	1012	<nil>
880	308	8	316	<nil>
880	342	36	378	<nil>
880	306	9	315	<nil>
880	307	9	316	<nil>
880	307	8	315	<nil>
880	1319	8	1327	<nil>
880	303	13	316	<nil>
880	2832	49	2881	<nil>
880	293	36	329	<nil>
880	295	35	330	<nil>
880	307	9	316	<nil>
880	296	35	331	<nil>
880	335	54	389	<nil>
880	295	34	329	<nil>
880	306	16	322	<nil>
880	317	16	333	<nil>
880	317	16	333	<nil>
880	2796	16	2812	<nil>
880	323	9	332	<nil>
880	321	10	331	<nil>
880	26234	12	26246	<nil>
880	154	10	164	<nil>
880	3037	12	3049	<nil>
880	151	13	164	<nil>
880	324	10	334	<nil>
880	311	9	320	<nil>
880	2892	8	2900	<nil>
880	41376	12	41388	<nil>
880	152	12	164	<nil>
880	323	10	333	<nil>
880	8960	12	8972	<nil>
880	2907	12	2919	<nil>
880	165	13	178	<nil>
880	2885	13	2898	<nil>
880	151	4	155	<nil>
880	1336	12	1348	<nil>
880	26684	11	26695	<nil>
880	25583	11	25594	<nil>
880	340	7	347	<nil>
880	332	20	352	<nil>
880	168	31	199	<nil>
880	330	31	361	<nil>
880	17038	40	17078	<nil>
880	2832	55	2887	<nil>
880	329	47	376	<nil>
880	342	71	413	<nil>
880	162	81	243	<nil>
880	2898	135	3033	<nil>
880	3048	135	3183	<nil>
880	6008	137	6145	<nil>
880	331	136	467	<nil>
880	3044	136	3180	<nil>
880	8972	136	9108	<nil>
880	1338	138	1476	<nil>
880	2491	138	2629	<nil>
880	334	138	472	<nil>
880	344	139	483	<nil>
880	332	140	472	<nil>
880	345	186	531	<nil>
880	189	174	363	<nil>
880	2822	184	3006	<nil>
880	346	185	531	<nil>
880	9170	9	9179	<nil>
880	201	9	210	<nil>
880	197	14	211	<nil>
880	199	13	212	<nil>
880	2681	14	2695	<nil>
880	192	14	206	<nil>
880	197	18	215	<nil>
880	2943	17	2960	<nil>
880	193	17	210	<nil>
880	202	10	212	<nil>
880	187	15	202	<nil>
880	184	13	197	<nil>
880	16157	18	16175	<nil>
880	193	18	211	<nil>
880	190	13	203	<nil>
880	195	9	204	<nil>
880	197	14	211	<nil>
880	194	18	212	<nil>
880	194	18	212	<nil>
880	201	3	204	<nil>
880	193	11	204	<nil>
880	3238	18	3256	<nil>
880	77	11	88	<nil>
880	104	9	113	<nil>
880	175	12	187	<nil>
880	1121	12	1133	<nil>
880	18169	11	18180	<nil>
880	185	11	196	<nil>
880	184	12	196	<nil>
880	185	12	197	<nil>
880	10898	13	10911	<nil>
880	64	13	77	<nil>
880	185	14	199	<nil>
880	185	15	200	<nil>
880	74	7	81	<nil>
880	190	25	215	<nil>
880	25279	15	25294	<nil>
880	196	28	224	<nil>
880	209	15	224	<nil>
880	198	28	226	<nil>
880	3238	14	3252	<nil>
880	9176	16	9192	<nil>
880	3039	70	3109	<nil>
880	1126	11	1137	<nil>
880	39778	8	39786	<nil>
880	127	20	147	<nil>
880	188	32	220	<nil>
880	72	11	83	<nil>
880	191	25	216	<nil>
880	196	16	212	<nil>
880	196	30	226	<nil>
880	132	20	152	<nil>
880	85	9	94	<nil>
880	214	33	247	<nil>
880	204	40	244	<nil>
880	2727	182	2909	<nil>
880	211	210	421	<nil>
880	174	5	179	<nil>
880	239	6	245	<nil>
880	236	9	245	<nil>
880	214	6	220	<nil>
880	9058	5	9063	<nil>
880	214	6	220	<nil>
880	9081	14	9095	<nil>
880	237	7	244	<nil>
880	175	19	194	<nil>
880	2920	7	2927	<nil>
880	238	8	246	<nil>
880	152	19	171	<nil>
880	202	14	216	<nil>
880	218	7	225	<nil>
880	217	5	222	<nil>
880	214	8	222	<nil>
880	190	3	193	<nil>
880	175	18	193	<nil>
880	174	20	194	<nil>
880	174	9	183	<nil>
880	177	17	194	<nil>
880	177	17	194	<nil>
880	175	20	195	<nil>
880	216	4	220	<nil>
880	27688	3	27691	<nil>
880	176	18	194	<nil>
880	16282	4	16286	<nil>
880	9002	18	9020	<nil>
880	215	6	221	<nil>
880	190	11	201	<nil>
880	218	10	228	<nil>
880	190	13	203	<nil>
880	174	20	194	<nil>
880	183	637	820	<nil>
880	208	637	845	<nil>
880	192	638	830	<nil>
880	209	638	847	<nil>
880	9414	641	10055	<nil>
880	9018	639	9657	<nil>
880	207	640	847	<nil>
880	190	639	829	<nil>
880	218	640	858	<nil>
880	219	638	857	<nil>
880	106	640	746	<nil>
880	191	639	830	<nil>
880	2950	628	3578	<nil>
880	192	638	830	<nil>
880	207	640	847	<nil>
880	342	0	342	rpc error: code = Unavailable desc = transport is closing
880	349	0	349	rpc error: code = Unavailable desc = transport is closing
880	343	0	343	rpc error: code = Unavailable desc = transport is closing
880	333	0	333	rpc error: code = Unavailable desc = transport is closing
880	868	0	868	rpc error: code = Unavailable desc = transport is closing
880	166	0	166	rpc error: code = Unavailable desc = transport is closing
880	153	0	153	rpc error: code = Unavailable desc = transport is closing
880	2990	0	2990	rpc error: code = Unavailable desc = transport is closing
880	165	0	165	rpc error: code = Unavailable desc = transport is closing
880	168	0	168	rpc error: code = Unavailable desc = transport is closing
880	166	0	166	rpc error: code = Unavailable desc = transport is closing
880	205	0	205	rpc error: code = Unavailable desc = transport is closing
880	882	0	882	rpc error: code = Unavailable desc = transport is closing
880	874	0	874	rpc error: code = Unavailable desc = transport is closing
880	235	623	858	<nil>
880	327	0	327	rpc error: code = Unavailable desc = transport is closing
880	897	0	897	rpc error: code = Unavailable desc = transport is closing
880	2968	636	3604	<nil>
880	47459	0	47459	rpc error: code = Unavailable desc = transport is closing
880	46868	0	46868	rpc error: code = Unavailable desc = transport is closing
880	295	0	295	rpc error: code = Unavailable desc = transport is closing
880	959	0	959	rpc error: code = Unavailable desc = transport is closing
880	10506	0	10506	rpc error: code = Unavailable desc = transport is closing
880	877	0	877	rpc error: code = Unavailable desc = transport is closing
880	862	0	862	rpc error: code = Unavailable desc = transport is closing
880	888	0	888	rpc error: code = Unavailable desc = transport is closing
880	15662	0	15662	rpc error: code = Unavailable desc = transport is closing
880	879	0	879	rpc error: code = Unavailable desc = transport is closing
880	887	0	887	rpc error: code = Unavailable desc = transport is closing
880	741	0	741	rpc error: code = Unavailable desc = transport is closing
880	877	0	877	rpc error: code = Unavailable desc = transport is closing
880	896	0	896	rpc error: code = Unavailable desc = transport is closing
880	31001	0	31001	rpc error: code = Unavailable desc = transport is closing
880	872	0	872	rpc error: code = Unavailable desc = transport is closing
880	10782	0	10782	rpc error: code = Unavailable desc = transport is closing
880	47452	0	47452	rpc error: code = Unavailable desc = transport is closing
880	319	0	319	rpc error: code = Unavailable desc = transport is closing
880	868	0	868	rpc error: code = Unavailable desc = transport is closing
880	877	0	877	rpc error: code = Unavailable desc = transport is closing
880	875	0	875	rpc error: code = Unavailable desc = transport is closing
880	739	0	739	rpc error: code = Unavailable desc = transport is closing
880	870	0	870	rpc error: code = Unavailable desc = transport is closing
880	874	0	874	rpc error: code = Unavailable desc = transport is closing
880	874	0	874	rpc error: code = Unavailable desc = transport is closing
880	878	0	878	rpc error: code = Unavailable desc = transport is closing
880	745	0	745	rpc error: code = Unavailable desc = transport is closing
880	906	0	906	rpc error: code = Unavailable desc = transport is closing
880	45860	0	45860	rpc error: code = Unavailable desc = transport is closing
880	10544	0	10544	rpc error: code = Unavailable desc = transport is closing
880	6495	623	7118	<nil>
880	3265	0	3265	rpc error: code = Unavailable desc = transport is closing
880	873	0	873	rpc error: code = Unavailable desc = transport is closing
880	868	0	868	rpc error: code = Unavailable desc = transport is closing
880	18850	0	18850	rpc error: code = Unavailable desc = transport is closing
880	331	0	331	rpc error: code = Unavailable desc = transport is closing
880	896	0	896	rpc error: code = Unavailable desc = transport is closing
880	881	0	881	rpc error: code = Unavailable desc = transport is closing
880	870	0	870	rpc error: code = Unavailable desc = transport is closing
880	957	0	957	rpc error: code = Unavailable desc = transport is closing
880	958	0	958	rpc error: code = Unavailable desc = transport is closing
880	884	0	884	rpc error: code = Unavailable desc = transport is closing
880	894	0	894	rpc error: code = Unavailable desc = transport is closing
880	239	0	239	rpc error: code = Unavailable desc = transport is closing
880	15669	0	15669	rpc error: code = Unavailable desc = transport is closing
880	931	0	931	rpc error: code = Unavailable desc = transport is closing
880	892	0	892	rpc error: code = Unavailable desc = transport is closing
880	17206	0	17206	rpc error: code = Unavailable desc = transport is closing
880	1310	0	1310	rpc error: code = Unavailable desc = transport is closing
880	877	0	877	rpc error: code = Unavailable desc = transport is closing
880	871	0	871	rpc error: code = Unavailable desc = transport is closing
880	863	0	863	rpc error: code = Unavailable desc = transport is closing
880	870	0	870	rpc error: code = Unavailable desc = transport is closing
880	872	0	872	rpc error: code = Unavailable desc = transport is closing
880	871	0	871	rpc error: code = Unavailable desc = transport is closing
880	307	0	307	rpc error: code = Unavailable desc = transport is closing
880	874	0	874	rpc error: code = Unavailable desc = transport is closing
880	896	0	896	rpc error: code = Unavailable desc = transport is closing
880	893	0	893	rpc error: code = Unavailable desc = transport is closing
880	959	0	959	rpc error: code = Unavailable desc = transport is closing
880	15632	0	15632	rpc error: code = Unavailable desc = transport is closing
880	876	0	876	rpc error: code = Unavailable desc = transport is closing
880	887	0	887	rpc error: code = Unavailable desc = transport is closing
880	894	0	894	rpc error: code = Unavailable desc = transport is closing
880	874	0	874	rpc error: code = Unavailable desc = transport is closing
880	730	0	730	rpc error: code = Unavailable desc = transport is closing
880	838	0	838	rpc error: code = Unavailable desc = transport is closing
880	892	0	892	rpc error: code = Unavailable desc = transport is closing
880	307	0	307	rpc error: code = Unavailable desc = transport is closing
880	873	0	873	rpc error: code = Unavailable desc = transport is closing
880	803	0	803	rpc error: code = Unavailable desc = transport is closing
880	3671	0	3671	rpc error: code = Unavailable desc = transport is closing
880	30256	0	30256	rpc error: code = Unavailable desc = transport is closing
880	1319	0	1319	rpc error: code = Unavailable desc = transport is closing
880	888	0	888	rpc error: code = Unavailable desc = transport is closing
880	871	0	871	rpc error: code = Unavailable desc = transport is closing
880	324	0	324	rpc error: code = Unavailable desc = transport is closing
880	876	0	876	rpc error: code = Unavailable desc = transport is closing
880	892	0	892	rpc error: code = Unavailable desc = transport is closing
880	320	0	320	rpc error: code = Unavailable desc = transport is closing
880	867	0	867	rpc error: code = Unavailable desc = transport is closing
880	872	0	872	rpc error: code = Unavailable desc = transport is closing
880	324	0	324	rpc error: code = Unavailable desc = transport is closing
880	744	0	744	rpc error: code = Unavailable desc = transport is closing
880	323	0	323	rpc error: code = Unavailable desc = transport is closing
880	877	0	877	rpc error: code = Unavailable desc = transport is closing
880	879	0	879	rpc error: code = Unavailable desc = transport is closing
880	861	0	861	rpc error: code = Unavailable desc = transport is closing
880	15473	0	15473	rpc error: code = Unavailable desc = transport is closing
880	2890	0	2890	rpc error: code = Unavailable desc = transport is closing
880	1328	0	1328	rpc error: code = Unavailable desc = transport is closing
880	324	0	324	rpc error: code = Unavailable desc = transport is closing
880	875	0	875	rpc error: code = Unavailable desc = transport is closing
880	310	0	310	rpc error: code = Unavailable desc = transport is closing
880	17148	0	17148	rpc error: code = Unavailable desc = transport is closing
880	876	0	876	rpc error: code = Unavailable desc = transport is closing
880	325	0	325	rpc error: code = Unavailable desc = transport is closing
880	872	0	872	rpc error: code = Unavailable desc = transport is closing
880	886	0	886	rpc error: code = Unavailable desc = transport is closing
880	320	0	320	rpc error: code = Unavailable desc = transport is closing
880	16418	0	16418	rpc error: code = Unavailable desc = transport is closing
880	874	0	874	rpc error: code = Unavailable desc = transport is closing
880	852	0	852	rpc error: code = Unavailable desc = transport is closing
880	872	0	872	rpc error: code = Unavailable desc = transport is closing
880	887	0	887	rpc error: code = Unavailable desc = transport is closing
880	873	0	873	rpc error: code = Unavailable desc = transport is closing
880	876	0	876	rpc error: code = Unavailable desc = transport is closing
880	862	0	862	rpc error: code = Unavailable desc = transport is closing
880	873	0	873	rpc error: code = Unavailable desc = transport is closing
880	898	0	898	rpc error: code = Unavailable desc = transport is closing
880	907	0	907	rpc error: code = Unavailable desc = transport is closing
880	864	0	864	rpc error: code = Unavailable desc = transport is closing
880	959	0	959	rpc error: code = Unavailable desc = transport is closing
880	167	0	167	rpc error: code = Unavailable desc = transport is closing
880	327	0	327	rpc error: code = Unavailable desc = transport is closing
880	863	0	863	rpc error: code = Unavailable desc = transport is closing
880	325	0	325	rpc error: code = Unavailable desc = transport is closing
880	902	0	902	rpc error: code = Unavailable desc = transport is closing
880	1322	0	1322	rpc error: code = Unavailable desc = transport is closing
880	879	0	879	rpc error: code = Unavailable desc = transport is closing
880	318	0	318	rpc error: code = Unavailable desc = transport is closing
880	309	0	309	rpc error: code = Unavailable desc = transport is closing
880	882	0	882	rpc error: code = Unavailable desc = transport is closing
880	862	0	862	rpc error: code = Unavailable desc = transport is closing
880	269	606	875	<nil>
880	862	0	862	rpc error: code = Unavailable desc = transport is closing
880	859	0	859	rpc error: code = Unavailable desc = transport is closing
880	871	0	871	rpc error: code = Unavailable desc = transport is closing
880	871	0	871	rpc error: code = Unavailable desc = transport is closing
880	901	0	901	rpc error: code = Unavailable desc = transport is closing
880	863	0	863	rpc error: code = Unavailable desc = transport is closing
880	861	0	861	rpc error: code = Unavailable desc = transport is closing
880	2909	0	2909	rpc error: code = Unavailable desc = transport is closing
880	870	0	870	rpc error: code = Unavailable desc = transport is closing
880	310	0	310	rpc error: code = Unavailable desc = transport is closing
880	322	0	322	rpc error: code = Unavailable desc = transport is closing
880	900	0	900	rpc error: code = Unavailable desc = transport is closing
880	862	0	862	rpc error: code = Unavailable desc = transport is closing
880	873	0	873	rpc error: code = Unavailable desc = transport is closing
880	864	0	864	rpc error: code = Unavailable desc = transport is closing
880	1338	0	1338	rpc error: code = Unavailable desc = transport is closing
880	864	0	864	rpc error: code = Unavailable desc = transport is closing
880	864	0	864	rpc error: code = Unavailable desc = transport is closing
880	857	0	857	rpc error: code = Unavailable desc = transport is closing
880	947	0	947	rpc error: code = Unavailable desc = transport is closing
880	330	549	879	<nil>
880	331	0	331	rpc error: code = Unavailable desc = transport is closing
880	332	0	332	rpc error: code = Unavailable desc = transport is closing
880	860	0	860	rpc error: code = Unavailable desc = transport is closing
880	866	0	866	rpc error: code = Unavailable desc = transport is closing
880	958	0	958	rpc error: code = Unavailable desc = transport is closing
880	878	0	878	rpc error: code = Unavailable desc = transport is closing
880	873	0	873	rpc error: code = Unavailable desc = transport is closing
880	298	0	298	rpc error: code = Unavailable desc = transport is closing
880	235	624	859	<nil>
880	958	0	958	rpc error: code = Unavailable desc = transport is closing
880	910	0	910	rpc error: code = Unavailable desc = transport is closing
880	234	623	857	<nil>
880	879	0	879	rpc error: code = Unavailable desc = transport is closing
880	897	0	897	rpc error: code = Unavailable desc = transport is closing
880	861	0	861	rpc error: code = Unavailable desc = transport is closing
880	294	0	294	rpc error: code = Unavailable desc = transport is closing
880	309	0	309	rpc error: code = Unavailable desc = transport is closing
880	875	0	875	rpc error: code = Unavailable desc = transport is closing
880	294	0	294	rpc error: code = Unavailable desc = transport is closing
880	316	0	316	rpc error: code = Unavailable desc = transport is closing
880	946	0	946	rpc error: code = Unavailable desc = transport is closing
880	960	0	960	rpc error: code = Unavailable desc = transport is closing
880	887	0	887	rpc error: code = Unavailable desc = transport is closing
880	329	0	329	rpc error: code = Unavailable desc = transport is closing
880	862	0	862	rpc error: code = Unavailable desc = transport is closing
880	947	0	947	rpc error: code = Unavailable desc = transport is closing
880	859	0	859	rpc error: code = Unavailable desc = transport is closing
880	273	636	909	<nil>
880	864	0	864	rpc error: code = Unavailable desc = transport is closing
880	166	0	166	rpc error: code = Unavailable desc = transport is closing
880	874	0	874	rpc error: code = Unavailable desc = transport is closing
880	833	152	985	<nil>
880	832	149	981	<nil>
880	677	296	973	<nil>
880	670	295	965	<nil>
880	28044	294	28338	<nil>
880	9701	294	9995	<nil>
880	682	295	977	<nil>
880	673	296	969	<nil>
880	689	286	975	<nil>
900	706	274	980	<nil>
900	679	316	995	<nil>
900	711	350	1061	<nil>
900	701	342	1043	<nil>
900	723	358	1081	<nil>
900	10147	359	10506	<nil>
900	793	322	1115	<nil>
900	3706	321	4027	<nil>
900	713	359	1072	<nil>
900	757	322	1079	<nil>
900	3710	322	4032	<nil>
900	761	312	1073	<nil>
900	3689	338	4027	<nil>
900	738	321	1059	<nil>
900	750	305	1055	<nil>
900	17063	313	17376	<nil>
900	760	323	1083	<nil>
900	3721	310	4031	<nil>
900	739	322	1061	<nil>
900	6613	324	6937	<nil>
900	752	323	1075	<nil>
900	3707	323	4030	<nil>
900	783	313	1096	<nil>
900	784	310	1094	<nil>
900	738	323	1061	<nil>
900	800	300	1100	<nil>
900	803	298	1101	<nil>
900	27315	313	27628	<nil>
900	778	305	1083	<nil>
900	26087	331	26418	<nil>
900	235	322	557	<nil>
900	199	355	554	<nil>
900	233	324	557	<nil>
900	234	324	558	<nil>
900	232	327	559	<nil>
900	244	349	593	<nil>
900	253	342	595	<nil>
900	252	343	595	<nil>
900	253	341	594	<nil>
900	279	352	631	<nil>
900	308	352	660	<nil>
900	308	355	663	<nil>
900	319	370	689	<nil>
900	320	371	691	<nil>
900	313	360	673	<nil>
900	311	415	726	<nil>
900	3053	395	3448	<nil>
900	15617	418	16035	<nil>
900	323	421	744	<nil>
900	468	320	788	<nil>
900	466	284	750	<nil>
900	506	286	792	<nil>
900	3099	284	3383	<nil>
900	413	285	698	<nil>
900	443	242	685	<nil>
900	435	254	689	<nil>
900	486	223	709	<nil>
900	1492	218	1710	<nil>
900	509	197	706	<nil>
900	525	179	704	<nil>
900	531	174	705	<nil>
900	531	172	703	<nil>
900	532	172	704	<nil>
900	532	173	705	<nil>
900	46495	171	46666	<nil>
900	543	170	713	<nil>
900	536	169	705	<nil>
900	546	168	714	<nil>
900	385	79	464	<nil>
900	381	81	462	<nil>
900	384	78	462	<nil>
900	382	81	463	<nil>
900	384	76	460	<nil>
900	384	77	461	<nil>
900	385	77	462	<nil>
900	383	77	460	<nil>
900	384	77	461	<nil>
900	277	61	338	<nil>
900	386	80	466	<nil>
900	41610	61	41671	<nil>
900	349	80	429	<nil>
900	28845	78	28923	<nil>
900	28821	79	28900	<nil>
900	379	90	469	<nil>
900	39429	61	39490	<nil>
900	284	80	364	<nil>
900	16394	61	16455	<nil>
900	388	61	449	<nil>
900	15976	80	16056	<nil>
900	348	80	428	<nil>
900	193	37	230	<nil>
900	201	37	238	<nil>
900	202	65	267	<nil>
900	3005	64	3069	<nil>
900	3048	21	3069	<nil>
900	198	37	235	<nil>
900	138	36	174	<nil>
900	263	62	325	<nil>
900	28927	37	28964	<nil>
900	521	12	533	<nil>
900	42022	8	42030	<nil>
900	527	8	535	<nil>
900	141	415	556	<nil>
900	143	416	559	<nil>
900	529	8	537	<nil>
900	521	13	534	<nil>
900	520	12	532	<nil>
900	166	399	565	<nil>
900	527	9	536	<nil>
900	14946	416	15362	<nil>
900	144	415	559	<nil>
900	11130	14	11144	<nil>
900	149	389	538	<nil>
900	504	10	514	<nil>
900	485	6	491	<nil>
900	533	14	547	<nil>
900	532	14	546	<nil>
900	531	14	545	<nil>
900	521	14	535	<nil>
900	479	41	520	<nil>
900	476	46	522	<nil>
900	475	45	520	<nil>
900	477	45	522	<nil>
900	475	45	520	<nil>
900	512	16	528	<nil>
900	478	50	528	<nil>
900	27335	52	27387	<nil>
900	475	46	521	<nil>
900	488	53	541	<nil>
900	475	54	529	<nil>
900	421	55	476	<nil>
900	490	52	542	<nil>
900	480	49	529	<nil>
900	481	53	534	<nil>
900	474	54	528	<nil>
900	476	53	529	<nil>
900	504	30	534	<nil>
900	492	51	543	<nil>
900	491	40	531	<nil>
900	480	54	534	<nil>
900	1094	8	1102	<nil>
900	506	9	515	<nil>
900	523	12	535	<nil>
900	29477	11	29488	<nil>
900	507	12	519	<nil>
900	507	12	519	<nil>
900	506	11	517	<nil>
900	5387	60	5447	<nil>
900	488	59	547	<nil>
900	67	63	130	<nil>
900	1312	64	1376	<nil>
900	15841	41	15882	<nil>
900	5051	67	5118	<nil>
900	5050	67	5117	<nil>
900	15794	45	15839	<nil>
900	5499	24	5523	<nil>
900	1170	29	1199	<nil>
900	2751	71	2822	<nil>
900	1312	72	1384	<nil>
900	1340	46	1386	<nil>
900	1171	29	1200	<nil>
900	2760	46	2806	<nil>
900	1129	91	1220	<nil>
900	1340	45	1385	<nil>
900	78	30	108	<nil>
900	1314	72	1386	<nil>
900	5482	45	5527	<nil>
900	82	29	111	<nil>
900	1356	49	1405	<nil>
900	1118	29	1147	<nil>
900	85	27	112	<nil>
900	2937	29	2966	<nil>
900	1357	24	1381	<nil>
900	83	16	99	<nil>
900	101	37	138	<nil>
900	97	58	155	<nil>
900	99	57	156	<nil>
900	137	26	163	<nil>
900	142	36	178	<nil>
900	141	40	181	<nil>
900	126	60	186	<nil>
900	122	59	181	<nil>
900	142	40	182	<nil>
900	122	58	180	<nil>
900	141	41	182	<nil>
900	119	59	178	<nil>
900	127	55	182	<nil>
900	151	31	182	<nil>
900	2856	42	2898	<nil>
900	126	56	182	<nil>
900	127	55	182	<nil>
900	124	56	180	<nil>
900	142	41	183	<nil>
900	15936	58	15994	<nil>
900	136	46	182	<nil>
900	141	43	184	<nil>
900	140	43	183	<nil>
900	141	44	185	<nil>
900	1116	31	1147	<nil>
900	16977	30	17007	<nil>
900	2899	33	2932	<nil>
900	2873	42	2915	<nil>
900	88	42	130	<nil>
900	89	44	133	<nil>
900	5611	42	5653	<nil>
900	1086	70	1156	<nil>
900	268	0	268	rpc error: code = Unavailable desc = transport is closing
900	87	95	182	<nil>
900	83	98	181	<nil>
900	469	0	469	rpc error: code = Unavailable desc = transport is closing
900	472	0	472	rpc error: code = Unavailable desc = transport is closing
900	471	0	471	rpc error: code = Unavailable desc = transport is closing
900	1475	0	1475	rpc error: code = Unavailable desc = transport is closing
900	465	0	465	rpc error: code = Unavailable desc = transport is closing
900	3034	0	3034	rpc error: code = Unavailable desc = transport is closing
900	102	84	186	<nil>
900	1070	103	1173	<nil>
900	438	0	438	rpc error: code = Unavailable desc = transport is closing
900	433	0	433	rpc error: code = Unavailable desc = transport is closing
900	436	0	436	rpc error: code = Unavailable desc = transport is closing
900	444	0	444	rpc error: code = Unavailable desc = transport is closing
900	475	0	475	rpc error: code = Unavailable desc = transport is closing
900	434	0	434	rpc error: code = Unavailable desc = transport is closing
900	84	92	176	<nil>
900	436	0	436	rpc error: code = Unavailable desc = transport is closing
900	432	0	432	rpc error: code = Unavailable desc = transport is closing
900	15653	92	15745	<nil>
900	437	0	437	rpc error: code = Unavailable desc = transport is closing
900	78	91	169	<nil>
900	1091	91	1182	<nil>
900	77	92	169	<nil>
900	440	0	440	rpc error: code = Unavailable desc = transport is closing
900	81	137	218	<nil>
900	438	0	438	rpc error: code = Unavailable desc = transport is closing
900	438	0	438	rpc error: code = Unavailable desc = transport is closing
900	438	0	438	rpc error: code = Unavailable desc = transport is closing
900	473	0	473	rpc error: code = Unavailable desc = transport is closing
900	477	0	477	rpc error: code = Unavailable desc = transport is closing
900	442	0	442	rpc error: code = Unavailable desc = transport is closing
900	435	0	435	rpc error: code = Unavailable desc = transport is closing
900	5536	167	5703	<nil>
900	77	168	245	<nil>
900	473	0	473	rpc error: code = Unavailable desc = transport is closing
900	476	0	476	rpc error: code = Unavailable desc = transport is closing
900	81	202	283	<nil>
900	485	0	485	rpc error: code = Unavailable desc = transport is closing
900	476	0	476	rpc error: code = Unavailable desc = transport is closing
900	480	0	480	rpc error: code = Unavailable desc = transport is closing
900	486	0	486	rpc error: code = Unavailable desc = transport is closing
900	465	0	465	rpc error: code = Unavailable desc = transport is closing
900	473	0	473	rpc error: code = Unavailable desc = transport is closing
900	465	0	465	rpc error: code = Unavailable desc = transport is closing
900	473	0	473	rpc error: code = Unavailable desc = transport is closing
900	449	0	449	rpc error: code = Unavailable desc = transport is closing
900	451	0	451	rpc error: code = Unavailable desc = transport is closing
900	475	0	475	rpc error: code = Unavailable desc = transport is closing
900	482	0	482	rpc error: code = Unavailable desc = transport is closing
900	485	0	485	rpc error: code = Unavailable desc = transport is closing
900	451	0	451	rpc error: code = Unavailable desc = transport is closing
900	473	0	473	rpc error: code = Unavailable desc = transport is closing
900	446	0	446	rpc error: code = Unavailable desc = transport is closing
900	455	0	455	rpc error: code = Unavailable desc = transport is closing
900	459	0	459	rpc error: code = Unavailable desc = transport is closing
900	474	0	474	rpc error: code = Unavailable desc = transport is closing
900	437	0	437	rpc error: code = Unavailable desc = transport is closing
900	482	0	482	rpc error: code = Unavailable desc = transport is closing
900	467	0	467	rpc error: code = Unavailable desc = transport is closing
900	454	0	454	rpc error: code = Unavailable desc = transport is closing
900	476	0	476	rpc error: code = Unavailable desc = transport is closing
900	5838	189	6027	<nil>
900	439	0	439	rpc error: code = Unavailable desc = transport is closing
900	489	0	489	rpc error: code = Unavailable desc = transport is closing
900	465	0	465	rpc error: code = Unavailable desc = transport is closing
900	451	0	451	rpc error: code = Unavailable desc = transport is closing
900	508	0	508	rpc error: code = Unavailable desc = transport is closing
900	1499	0	1499	rpc error: code = Unavailable desc = transport is closing
900	508	0	508	rpc error: code = Unavailable desc = transport is closing
900	510	0	510	rpc error: code = Unavailable desc = transport is closing
900	508	0	508	rpc error: code = Unavailable desc = transport is closing
900	487	0	487	rpc error: code = Unavailable desc = transport is closing
900	499	0	499	rpc error: code = Unavailable desc = transport is closing
900	3358	0	3358	rpc error: code = Unavailable desc = transport is closing
900	514	0	514	rpc error: code = Unavailable desc = transport is closing
900	509	0	509	rpc error: code = Unavailable desc = transport is closing
900	462	0	462	rpc error: code = Unavailable desc = transport is closing
900	489	0	489	rpc error: code = Unavailable desc = transport is closing
900	498	0	498	rpc error: code = Unavailable desc = transport is closing
900	513	0	513	rpc error: code = Unavailable desc = transport is closing
900	509	0	509	rpc error: code = Unavailable desc = transport is closing
900	43	195	238	<nil>
900	2934	197	3131	<nil>
900	2960	149	3109	<nil>
900	483	0	483	rpc error: code = Unavailable desc = transport is closing
900	15868	140	16008	<nil>
900	86	197	283	<nil>
900	504	0	504	rpc error: code = Unavailable desc = transport is closing
900	1084	137	1221	<nil>
900	2807	0	2807	rpc error: code = Unavailable desc = transport is closing
900	516	0	516	rpc error: code = Unavailable desc = transport is closing
900	1516	0	1516	rpc error: code = Unavailable desc = transport is closing
900	507	0	507	rpc error: code = Unavailable desc = transport is closing
900	508	0	508	rpc error: code = Unavailable desc = transport is closing
900	384	0	384	rpc error: code = Unavailable desc = transport is closing
900	384	0	384	rpc error: code = Unavailable desc = transport is closing
900	385	0	385	rpc error: code = Unavailable desc = transport is closing
900	507	0	507	rpc error: code = Unavailable desc = transport is closing
900	45	203	248	<nil>
900	125	142	267	<nil>
900	1518	0	1518	rpc error: code = Unavailable desc = transport is closing
900	78	203	281	<nil>
900	484	0	484	rpc error: code = Unavailable desc = transport is closing
900	513	0	513	rpc error: code = Unavailable desc = transport is closing
900	14111	200	14311	<nil>
900	69	231	300	<nil>
900	95	295	390	<nil>
900	389	0	389	rpc error: code = Unavailable desc = transport is closing
900	384	0	384	rpc error: code = Unavailable desc = transport is closing
900	2981	0	2981	rpc error: code = Unavailable desc = transport is closing
900	385	0	385	rpc error: code = Unavailable desc = transport is closing
900	383	0	383	rpc error: code = Unavailable desc = transport is closing
900	383	0	383	rpc error: code = Unavailable desc = transport is closing
900	96	304	400	<nil>
900	410	0	410	rpc error: code = Unavailable desc = transport is closing
900	528	0	528	rpc error: code = Unavailable desc = transport is closing
900	98	306	404	<nil>
900	527	0	527	rpc error: code = Unavailable desc = transport is closing
900	536	0	536	rpc error: code = Unavailable desc = transport is closing
900	535	0	535	rpc error: code = Unavailable desc = transport is closing
900	194	210	404	<nil>
900	540	0	540	rpc error: code = Unavailable desc = transport is closing
900	315	0	315	rpc error: code = Unavailable desc = transport is closing
900	381	0	381	rpc error: code = Unavailable desc = transport is closing
900	381	0	381	rpc error: code = Unavailable desc = transport is closing
900	530	0	530	rpc error: code = Unavailable desc = transport is closing
900	542	0	542	rpc error: code = Unavailable desc = transport is closing
900	2835	0	2835	rpc error: code = Unavailable desc = transport is closing
900	544	0	544	rpc error: code = Unavailable desc = transport is closing
900	191	213	404	<nil>
900	337	10	347	<nil>
900	1519	0	1519	rpc error: code = Unavailable desc = transport is closing
900	1516	0	1516	rpc error: code = Unavailable desc = transport is closing
900	535	0	535	rpc error: code = Unavailable desc = transport is closing
900	1515	0	1515	rpc error: code = Unavailable desc = transport is closing
900	82	322	404	<nil>
900	544	0	544	rpc error: code = Unavailable desc = transport is closing
900	1515	0	1515	rpc error: code = Unavailable desc = transport is closing
900	2689	11	2700	<nil>
900	186	219	405	<nil>
900	287	210	497	<nil>
900	215	5	220	<nil>
900	535	0	535	rpc error: code = Unavailable desc = transport is closing
900	183	227	410	<nil>
900	536	0	536	rpc error: code = Unavailable desc = transport is closing
900	256	6	262	<nil>
900	332	0	332	rpc error: code = Unavailable desc = transport is closing
900	332	8	340	<nil>
900	317	0	317	rpc error: code = Unavailable desc = transport is closing
900	195	215	410	<nil>
900	190	221	411	<nil>
900	290	212	502	<nil>
900	1521	0	1521	rpc error: code = Unavailable desc = transport is closing
900	319	14	333	<nil>
900	6191	9	6200	<nil>
900	320	20	340	<nil>
900	337	7	344	<nil>
900	282	217	499	<nil>
900	330	8	338	<nil>
900	1178	226	1404	<nil>
900	16278	222	16500	<nil>
900	285	215	500	<nil>
900	340	4	344	<nil>
900	195	218	413	<nil>
900	333	8	341	<nil>
900	412	0	412	rpc error: code = Unavailable desc = transport is closing
900	412	0	412	rpc error: code = Unavailable desc = transport is closing
900	338	8	346	<nil>
900	3119	8	3127	<nil>
900	338	8	346	<nil>
900	336	8	344	<nil>
900	17378	9	17387	<nil>
900	532	0	532	rpc error: code = Unavailable desc = transport is closing
900	6195	11	6206	<nil>
900	1224	10	1234	<nil>
900	285	9	294	<nil>
900	413	0	413	rpc error: code = Unavailable desc = transport is closing
900	1520	0	1520	rpc error: code = Unavailable desc = transport is closing
900	3119	15	3134	<nil>
900	186	226	412	<nil>
900	231	50	281	<nil>
900	287	8	295	<nil>
900	352	10	362	<nil>
900	338	8	346	<nil>
900	5646	8	5654	<nil>
900	287	8	295	<nil>
900	417	0	417	rpc error: code = Unavailable desc = transport is closing
900	213	10	223	<nil>
900	418	0	418	rpc error: code = Unavailable desc = transport is closing
900	416	0	416	rpc error: code = Unavailable desc = transport is closing
900	416	10	426	<nil>
900	2700	5	2705	<nil>
900	16514	5	16519	<nil>
900	418	0	418	rpc error: code = Unavailable desc = transport is closing
900	271	210	481	<nil>
900	287	210	497	<nil>
900	309	0	309	rpc error: code = Unavailable desc = transport is closing
900	335	0	335	rpc error: code = Unavailable desc = transport is closing
900	3142	211	3353	<nil>
900	394	0	394	rpc error: code = Unavailable desc = transport is closing
900	230	214	444	<nil>
900	312	0	312	rpc error: code = Unavailable desc = transport is closing
900	1368	180	1548	<nil>
900	344	0	344	rpc error: code = Unavailable desc = transport is closing
900	1235	0	1235	rpc error: code = Unavailable desc = transport is closing
900	313	0	313	rpc error: code = Unavailable desc = transport is closing
900	5872	0	5872	rpc error: code = Unavailable desc = transport is closing
900	313	0	313	rpc error: code = Unavailable desc = transport is closing
900	352	0	352	rpc error: code = Unavailable desc = transport is closing
900	354	0	354	rpc error: code = Unavailable desc = transport is closing
900	329	0	329	rpc error: code = Unavailable desc = transport is closing
900	428	0	428	rpc error: code = Unavailable desc = transport is closing
900	2920	0	2920	rpc error: code = Unavailable desc = transport is closing
900	429	96	525	<nil>
900	6197	18	6215	<nil>
900	1498	19	1517	<nil>
900	5223	18	5241	<nil>
900	6427	19	6446	<nil>
900	508	19	527	<nil>
900	1508	25	1533	<nil>
900	508	19	527	<nil>
900	516	19	535	<nil>
900	512	31	543	<nil>
900	645	40	685	<nil>
900	642	71	713	<nil>
900	6386	74	6460	<nil>
900	3313	73	3386	<nil>
900	642	74	716	<nil>
900	441	74	515	<nil>
900	10493	0	10493	rpc error: code = Unavailable desc = transport is closing
900	405	0	405	rpc error: code = Unavailable desc = transport is closing
900	402	0	402	rpc error: code = Unavailable desc = transport is closing
900	449	88	537	<nil>
900	403	0	403	rpc error: code = Unavailable desc = transport is closing
900	497	72	569	<nil>
900	411	0	411	rpc error: code = Unavailable desc = transport is closing
900	437	88	525	<nil>
900	459	0	459	rpc error: code = Unavailable desc = transport is closing
900	464	0	464	rpc error: code = Unavailable desc = transport is closing
900	379	0	379	rpc error: code = Unavailable desc = transport is closing
900	466	267	733	<nil>
900	499	277	776	<nil>
900	487	279	766	<nil>
900	454	287	741	<nil>
900	469	265	734	<nil>
900	456	279	735	<nil>
900	6228	267	6495	<nil>
900	454	280	734	<nil>
900	468	265	733	<nil>
900	406	0	406	rpc error: code = Unavailable desc = transport is closing
900	406	279	685	<nil>
900	464	278	742	<nil>
900	499	277	776	<nil>
900	486	292	778	<nil>
900	455	280	735	<nil>
900	488	250	738	<nil>
900	279	267	546	<nil>
900	469	276	745	<nil>
900	269	277	546	<nil>
900	5253	277	5530	<nil>
900	317	232	549	<nil>
900	316	233	549	<nil>
900	247	279	526	<nil>
900	297	225	522	<nil>
900	318	228	546	<nil>
900	296	293	589	<nil>
900	9505	260	9765	<nil>
900	390	0	390	rpc error: code = Unavailable desc = transport is closing
900	5077	261	5338	<nil>
900	2892	0	2892	rpc error: code = Unavailable desc = transport is closing
900	642	0	642	rpc error: code = Unavailable desc = transport is closing
900	1448	0	1448	rpc error: code = Unavailable desc = transport is closing
900	360	321	681	<nil>
900	1497	0	1497	rpc error: code = Unavailable desc = transport is closing
900	443	0	443	rpc error: code = Unavailable desc = transport is closing
900	459	0	459	rpc error: code = Unavailable desc = transport is closing
900	640	29	669	<nil>
900	1502	0	1502	rpc error: code = Unavailable desc = transport is closing
900	511	0	511	rpc error: code = Unavailable desc = transport is closing
900	406	0	406	rpc error: code = Unavailable desc = transport is closing
900	512	0	512	rpc error: code = Unavailable desc = transport is closing
900	1502	0	1502	rpc error: code = Unavailable desc = transport is closing
900	28014	0	28014	rpc error: code = Unavailable desc = transport is closing
900	614	47	661	<nil>
900	15750	0	15750	rpc error: code = Unavailable desc = transport is closing
900	460	0	460	rpc error: code = Unavailable desc = transport is closing
900	419	0	419	rpc error: code = Unavailable desc = transport is closing
900	3381	0	3381	rpc error: code = Unavailable desc = transport is closing
900	341	282	623	<nil>
900	510	0	510	rpc error: code = Unavailable desc = transport is closing
900	460	0	460	rpc error: code = Unavailable desc = transport is closing
900	409	0	409	rpc error: code = Unavailable desc = transport is closing
900	1502	0	1502	rpc error: code = Unavailable desc = transport is closing
900	485	0	485	rpc error: code = Unavailable desc = transport is closing
900	405	0	405	rpc error: code = Unavailable desc = transport is closing
900	3226	0	3226	rpc error: code = Unavailable desc = transport is closing
900	508	0	508	rpc error: code = Unavailable desc = transport is closing
900	15749	0	15749	rpc error: code = Unavailable desc = transport is closing
900	509	0	509	rpc error: code = Unavailable desc = transport is closing
900	410	0	410	rpc error: code = Unavailable desc = transport is closing
900	403	0	403	rpc error: code = Unavailable desc = transport is closing
900	3341	0	3341	rpc error: code = Unavailable desc = transport is closing
900	15643	0	15643	rpc error: code = Unavailable desc = transport is closing
900	507	0	507	rpc error: code = Unavailable desc = transport is closing
900	459	0	459	rpc error: code = Unavailable desc = transport is closing
900	414	0	414	rpc error: code = Unavailable desc = transport is closing
900	16930	0	16930	rpc error: code = Unavailable desc = transport is closing
900	651	0	651	rpc error: code = Unavailable desc = transport is closing
900	407	0	407	rpc error: code = Unavailable desc = transport is closing
900	119	299	418	<nil>
900	510	0	510	rpc error: code = Unavailable desc = transport is closing
900	404	0	404	rpc error: code = Unavailable desc = transport is closing
900	463	0	463	rpc error: code = Unavailable desc = transport is closing
900	403	0	403	rpc error: code = Unavailable desc = transport is closing
900	404	0	404	rpc error: code = Unavailable desc = transport is closing
900	510	0	510	rpc error: code = Unavailable desc = transport is closing
900	460	0	460	rpc error: code = Unavailable desc = transport is closing
900	343	293	636	<nil>
900	590	89	679	<nil>
900	589	68	657	<nil>
900	3298	48	3346	<nil>
900	460	0	460	rpc error: code = Unavailable desc = transport is closing
900	510	0	510	rpc error: code = Unavailable desc = transport is closing
900	10609	0	10609	rpc error: code = Unavailable desc = transport is closing
900	306	132	438	<nil>
900	305	120	425	<nil>
900	596	73	669	<nil>
900	497	68	565	<nil>
900	409	0	409	rpc error: code = Unavailable desc = transport is closing
900	594	72	666	<nil>
900	120	326	446	<nil>
900	9364	55	9419	<nil>
900	605	62	667	<nil>
900	862	28	890	<nil>
900	617	48	665	<nil>
900	797	56	853	<nil>
900	1499	0	1499	rpc error: code = Unavailable desc = transport is closing
900	1503	0	1503	rpc error: code = Unavailable desc = transport is closing
900	767	54	821	<nil>
900	17146	33	17179	<nil>
900	476	47	523	<nil>
900	405	0	405	rpc error: code = Unavailable desc = transport is closing
900	412	0	412	rpc error: code = Unavailable desc = transport is closing
900	605	84	689	<nil>
900	624	51	675	<nil>
900	403	0	403	rpc error: code = Unavailable desc = transport is closing
900	617	41	658	<nil>
900	591	84	675	<nil>
900	1503	0	1503	rpc error: code = Unavailable desc = transport is closing
900	304	133	437	<nil>
900	407	0	407	rpc error: code = Unavailable desc = transport is closing
900	591	91	682	<nil>
900	606	75	681	<nil>
900	624	55	679	<nil>
900	9514	52	9566	<nil>
900	74262	133	74395	<nil>
900	840	241	1081	<nil>
900	840	243	1083	<nil>
900	1828	255	2083	<nil>
900	481	153	634	<nil>
900	806	241	1047	<nil>
900	770	243	1013	<nil>
900	466	175	641	<nil>
900	802	247	1049	<nil>
900	530	106	636	<nil>
900	770	111	881	<nil>
900	5736	143	5879	<nil>
900	713	161	874	<nil>
900	697	180	877	<nil>
900	704	194	898	<nil>
900	699	190	889	<nil>
900	467	111	578	<nil>
900	691	193	884	<nil>
900	3383	193	3576	<nil>
900	17555	162	17717	<nil>
900	786	88	874	<nil>
900	257	21	278	<nil>
900	27527	122	27649	<nil>
900	864	17	881	<nil>
900	247	17	264	<nil>
900	720	166	886	<nil>
900	498	142	640	<nil>
900	541	107	648	<nil>
900	161	129	290	<nil>
900	865	16	881	<nil>
900	726	169	895	<nil>
900	467	181	648	<nil>
900	896	19	915	<nil>
900	10017	19	10036	<nil>
900	864	18	882	<nil>
900	863	17	880	<nil>
900	640	12	652	<nil>
900	238	12	250	<nil>
900	9845	11	9856	<nil>
900	872	18	890	<nil>
900	223	17	240	<nil>
900	2613	19	2632	<nil>
900	558	18	576	<nil>
900	2605	20	2625	<nil>
900	1142	151	1293	<nil>
900	356	18	374	<nil>
900	2613	18	2631	<nil>
900	875	19	894	<nil>
900	354	18	372	<nil>
900	879	20	899	<nil>
900	1263	13	1276	<nil>
900	5639	12	5651	<nil>
900	230	15	245	<nil>
900	5900	15	5915	<nil>
900	1560	12	1572	<nil>
900	223	14	237	<nil>
900	9787	12	9799	<nil>
900	17731	20	17751	<nil>
900	220	17	237	<nil>
900	9789	17	9806	<nil>
900	557	20	577	<nil>
900	614	7	621	<nil>
900	5108	20	5128	<nil>
900	1580	8	1588	<nil>
900	216	14	230	<nil>
900	876	19	895	<nil>
900	584	19	603	<nil>
900	1556	19	1575	<nil>
900	215	13	228	<nil>
900	219	14	233	<nil>
900	613	6	619	<nil>
900	610	6	616	<nil>
900	658	9	667	<nil>
900	608	9	617	<nil>
900	613	9	622	<nil>
900	667	9	676	<nil>
900	548	20	568	<nil>
900	669	10	679	<nil>
900	659	10	669	<nil>
900	669	10	679	<nil>
900	235	8	243	<nil>
900	236	7	243	<nil>
900	229	14	243	<nil>
900	10227	9	10236	<nil>
900	237	2	239	<nil>
900	17065	2	17067	<nil>
900	2649	7	2656	<nil>
900	251	3	254	<nil>
900	5694	3	5697	<nil>
900	234	8	242	<nil>
900	2657	1	2658	<nil>
900	241	2	243	<nil>
900	2849	2	2851	<nil>
900	249	1	250	<nil>
900	2853	2	2855	<nil>
900	262	185	447	<nil>
900	259	185	444	<nil>
900	3038	7	3045	<nil>
900	435	10	445	<nil>
900	5337	8	5345	<nil>
900	435	9	444	<nil>
900	2851	9	2860	<nil>
900	604	10	614	<nil>
900	436	15	451	<nil>
900	1634	9	1643	<nil>
900	780	8	788	<nil>
900	596	22	618	<nil>
900	446	15	461	<nil>
900	1412	16	1428	<nil>
900	598	9	607	<nil>
900	30824	30	30854	<nil>
900	441	17	458	<nil>
900	437	8	445	<nil>
900	297	132	429	<nil>
900	604	21	625	<nil>
900	603	21	624	<nil>
900	5876	23	5899	<nil>
900	605	21	626	<nil>
900	598	23	621	<nil>
900	1635	22	1657	<nil>
900	1796	22	1818	<nil>
900	781	9	790	<nil>
900	1817	7	1824	<nil>
900	1795	10	1805	<nil>
900	603	29	632	<nil>
900	598	31	629	<nil>
900	230	46	276	<nil>
900	18426	42	18468	<nil>
900	957	6	963	<nil>
900	918	34	952	<nil>
900	253	45	298	<nil>
900	5919	45	5964	<nil>
900	15844	47	15891	<nil>
900	2865	62	2927	<nil>
900	1259	64	1323	<nil>
900	246	62	308	<nil>
900	259	62	321	<nil>
900	259	50	309	<nil>
900	210	47	257	<nil>
900	253	65	318	<nil>
900	3048	67	3115	<nil>
900	263	44	307	<nil>
900	240	45	285	<nil>
900	10483	45	10528	<nil>
900	265	17	282	<nil>
900	335	3	338	<nil>
900	331	3	334	<nil>
900	604	30	634	<nil>
900	603	29	632	<nil>
900	2889	50	2939	<nil>
900	250	129	379	<nil>
900	597	137	734	<nil>
900	937	78	1015	<nil>
900	331	58	389	<nil>
900	17711	60	17771	<nil>
900	329	60	389	<nil>
900	325	55	380	<nil>
900	329	55	384	<nil>
900	925	90	1015	<nil>
900	328	61	389	<nil>
900	627	62	689	<nil>
900	336	61	397	<nil>
900	10492	3	10495	<nil>
900	441	4	445	<nil>
900	15517	121	15638	<nil>
900	2999	59	3058	<nil>
900	17571	7	17578	<nil>
900	383	61	444	<nil>
900	1554	61	1615	<nil>
900	441	15	456	<nil>
900	1310	13	1323	<nil>
900	640	5	645	<nil>
900	337	121	458	<nil>
900	1556	61	1617	<nil>
900	1319	6	1325	<nil>
900	1324	6	1330	<nil>
900	5550	4	5554	<nil>
900	642	8	650	<nil>
900	3248	7	3255	<nil>
900	3239	6	3245	<nil>
900	650	11	661	<nil>
900	448	12	460	<nil>
900	3411	13	3424	<nil>
900	1328	15	1343	<nil>
900	363	17	380	<nil>
900	5551	17	5568	<nil>
900	6103	18	6121	<nil>
900	453	20	473	<nil>
900	660	10	670	<nil>
900	449	28	477	<nil>
900	184	21	205	<nil>
900	6081	28	6109	<nil>
900	1326	26	1352	<nil>
900	135	21	156	<nil>
900	6154	10	6164	<nil>
900	1343	9	1352	<nil>
900	1346	12	1358	<nil>
900	17569	30	17599	<nil>
900	1343	13	1356	<nil>
900	1623	30	1653	<nil>
900	3251	27	3278	<nil>
900	119049	13	119062	<nil>
900	498	14	512	<nil>
900	649	28	677	<nil>
900	16032	13	16045	<nil>
900	667	15	682	<nil>
900	666	15	681	<nil>
900	666	15	681	<nil>
900	1380	10	1390	<nil>
900	646	28	674	<nil>
900	704	18	722	<nil>
900	701	32	733	<nil>
900	701	35	736	<nil>
900	5821	32	5853	<nil>
900	462	48	510	<nil>
900	6156	41	6197	<nil>
900	3304	41	3345	<nil>
900	703	39	742	<nil>
900	1677	11	1688	<nil>
900	702	15	717	<nil>
900	646	31	677	<nil>
900	527	3	530	<nil>
900	3309	12	3321	<nil>
900	702	61	763	<nil>
900	699	12	711	<nil>
900	597	11	608	<nil>
900	700	65	765	<nil>
900	530	22	552	<nil>
900	249	0	249	<nil>
900	3304	10	3314	<nil>
900	698	69	767	<nil>
900	695	75	770	<nil>
900	523	32	555	<nil>
900	766	10	776	<nil>
900	5666	13	5679	<nil>
900	16077	81	16158	<nil>
900	540	33	573	<nil>
900	244	9	253	<nil>
900	1675	75	1750	<nil>
900	3371	9	3380	<nil>
900	495	32	527	<nil>
900	10555	897	11452	<nil>
900	698	897	1595	<nil>
900	3161	852	4013	<nil>
900	6338	0	6338	<nil>
900	244	1	245	<nil>
900	532	22	554	<nil>
900	541	23	564	<nil>
900	2919	1	2920	<nil>
900	520	23	543	<nil>
900	250	10	260	<nil>
900	261	846	1107	<nil>
900	6375	850	7225	<nil>
900	1408	8	1416	<nil>
900	2260	52	2312	<nil>
900	2251	62	2313	<nil>
900	532	826	1358	<nil>
900	5900	801	6701	<nil>
900	565	855	1420	<nil>
900	1380	895	2275	<nil>
900	298	850	1148	<nil>
900	236	850	1086	<nil>
900	3377	834	4211	<nil>
900	3160	21	3181	<nil>
900	271	839	1110	<nil>
900	1608	891	2499	<nil>
900	518	879	1397	<nil>
900	502	879	1381	<nil>
900	2415	4	2419	<nil>
900	3977	72	4049	<nil>
900	2276	37	2313	<nil>
900	1114	50	1164	<nil>
900	1408	18	1426	<nil>
900	3373	800	4173	<nil>
900	1102	93	1195	<nil>
900	517	882	1399	<nil>
900	279	883	1162	<nil>
900	17206	3	17209	<nil>
900	1417	4	1421	<nil>
900	2248	62	2310	<nil>
900	2261	52	2313	<nil>
900	1091	17	1108	<nil>
900	304	881	1185	<nil>
900	283	799	1082	<nil>
900	1138	37	1175	<nil>
900	1093	99	1192	<nil>
900	1009	99	1108	<nil>
900	1369	62	1431	<nil>
900	302	882	1184	<nil>
900	299	850	1149	<nil>
900	10884	886	11770	<nil>
900	281	877	1158	<nil>
900	1080	93	1173	<nil>
900	1150	28	1178	<nil>
900	1098	18	1116	<nil>
900	1159	25	1184	<nil>
900	3746	50	3796	<nil>
900	4051	17	4068	<nil>
900	2319	19	2338	<nil>
900	2317	23	2340	<nil>
900	4237	14	4251	<nil>
900	2314	19	2333	<nil>
900	2317	18	2335	<nil>
900	2315	15	2330	<nil>
900	2313	23	2336	<nil>
900	2323	20	2343	<nil>
900	1420	21	1441	<nil>
900	2314	31	2345	<nil>
900	2323	31	2354	<nil>
900	2318	26	2344	<nil>
900	6531	34	6565	<nil>
900	2334	23	2357	<nil>
900	2312	32	2344	<nil>
900	2313	31	2344	<nil>
900	909	56	965	<nil>
900	19156	42	19198	<nil>
900	2413	42	2455	<nil>
900	2316	54	2370	<nil>
900	2311	49	2360	<nil>
900	1189	35	1224	<nil>
900	2310	82	2392	<nil>
900	2316	79	2395	<nil>
900	2327	71	2398	<nil>
900	11487	69	11556	<nil>
900	2312	82	2394	<nil>
900	2421	77	2498	<nil>
900	1081	62	1143	<nil>
900	11003	41	11044	<nil>
900	1121	68	1189	<nil>
900	16943	77	17020	<nil>
900	2310	95	2405	<nil>
900	2309	81	2390	<nil>
900	1660	81	1741	<nil>
900	2310	80	2390	<nil>
900	5827	47	5874	<nil>
900	2417	82	2499	<nil>
900	42645	90	42735	<nil>
900	2851	42	2893	<nil>
900	1205	26	1231	<nil>
900	1222	11	1233	<nil>
900	1157	75	1232	<nil>
900	116	11	127	<nil>
900	108	40	148	<nil>
900	59	87	146	<nil>
900	113	13	126	<nil>
900	113	129	242	<nil>
900	114	127	241	<nil>
900	115	128	243	<nil>
900	5911	129	6040	<nil>
900	6654	126	6780	<nil>
900	116	128	244	<nil>
900	1167	130	1297	<nil>
900	1059	113	1172	<nil>
900	1171	129	1300	<nil>
900	6654	132	6786	<nil>
900	6012	111	6123	<nil>
900	1010	130	1140	<nil>
900	990	134	1124	<nil>
900	143	108	251	<nil>
900	1007	136	1143	<nil>
900	1087	119	1206	<nil>
900	6654	139	6793	<nil>
900	1210	25	1235	<nil>
900	1218	26	1244	<nil>
900	6675	123	6798	<nil>
900	1250	123	1373	<nil>
900	6674	124	6798	<nil>
900	5820	129	5949	<nil>
900	1201	38	1239	<nil>
900	1140	105	1245	<nil>
900	1219	24	1243	<nil>
900	1207	29	1236	<nil>
900	1108	131	1239	<nil>
900	1090	44	1134	<nil>
900	1208	32	1240	<nil>
900	1116	123	1239	<nil>
900	1159	83	1242	<nil>
900	1077	132	1209	<nil>
900	1271	113	1384	<nil>
900	1096	48	1144	<nil>
900	1056	87	1143	<nil>
900	5927	35	5962	<nil>
900	31079	131	31210	<nil>
900	233	42	275	<nil>
900	131	146	277	<nil>
900	126	142	268	<nil>
900	1643	40	1683	<nil>
900	1003	141	1144	<nil>
900	239	40	279	<nil>
900	1213	42	1255	<nil>
900	1204	40	1244	<nil>
900	232	49	281	<nil>
900	2737	52	2789	<nil>
900	213	52	265	<nil>
900	67053	50	67103	<nil>
900	2788	55	2843	<nil>
900	4524	30	4554	<nil>
900	231	37	268	<nil>
900	230	58	288	<nil>
900	164	66	230	<nil>
900	245	68	313	<nil>
900	6795	55	6850	<nil>
900	250	55	305	<nil>
900	242	48	290	<nil>
900	1212	9	1221	<nil>
900	25677	11	25688	<nil>
900	110	54	164	<nil>
900	1159	31	1190	<nil>
900	323	11	334	<nil>
900	6820	43	6863	<nil>
900	1435	8	1443	<nil>
900	6861	14	6875	<nil>
900	3248	10	3258	<nil>
900	1187	9	1196	<nil>
900	3311	9	3320	<nil>
900	1725	8	1733	<nil>
900	1290	12	1302	<nil>
900	3772	8	3780	<nil>
900	1259	30	1289	<nil>
900	11536	14	11550	<nil>
900	4559	9	4568	<nil>
900	16769	11	16780	<nil>
900	6858	11	6869	<nil>
900	1152	30	1182	<nil>
900	6858	11	6869	<nil>
900	1307	5	1312	<nil>
900	1700	20	1720	<nil>
900	1293	9	1302	<nil>
900	5979	4	5983	<nil>
900	29518	2	29520	<nil>
900	1450	2	1452	<nil>
900	1348	25	1373	<nil>
900	9619	64	9683	<nil>
900	246	74	320	<nil>
900	249	67	316	<nil>
900	1225	68	1293	<nil>
900	6864	21	6885	<nil>
900	6059	63	6122	<nil>
900	4563	22	4585	<nil>
900	1190	24	1214	<nil>
900	11250	24	11274	<nil>
900	1252	67	1319	<nil>
900	1728	23	1751	<nil>
900	235	75	310	<nil>
900	1149	68	1217	<nil>
900	4345	57	4402	<nil>
900	1265	62	1327	<nil>
900	1322	12	1334	<nil>
900	1254	0	1254	<nil>
900	1407	5	1412	<nil>
900	1441	22	1463	<nil>
900	337	30	367	<nil>
900	304	1	305	<nil>
900	1171	62	1233	<nil>
900	244	2	246	<nil>
900	336	29	365	<nil>
900	310	3	313	<nil>
900	1268	66	1334	<nil>
900	342	3	345	<nil>
900	1186	58	1244	<nil>
900	1319	22	1341	<nil>
900	456	21	477	<nil>
900	231	31	262	<nil>
900	312	7	319	<nil>
900	1766	16	1782	<nil>
900	1242	13	1255	<nil>
900	1468	21	1489	<nil>
900	14809	19	14828	<nil>
900	2853	21	2874	<nil>
900	7189	22	7211	<nil>
900	326	2	328	<nil>
900	6141	12	6153	<nil>
900	15052	23	15075	<nil>
900	1408	20	1428	<nil>
900	1468	24	1492	<nil>
900	351	24	375	<nil>
900	480	18	498	<nil>
900	1409	21	1430	<nil>
900	349	1	350	<nil>
900	1471	22	1493	<nil>
900	1319	22	1341	<nil>
900	355	20	375	<nil>
900	374	4	378	<nil>
900	326	6	332	<nil>
900	336	11	347	<nil>
900	44609	22	44631	<nil>
900	1199	49	1248	<nil>
900	278	1	279	<nil>
900	290	25	315	<nil>
900	1347	3	1350	<nil>
900	2867	8	2875	<nil>
900	343	5	348	<nil>
900	1346	6	1352	<nil>
900	2869	8	2877	<nil>
900	3327	1	3328	<nil>
900	1477	16	1493	<nil>
900	279	6	285	<nil>
900	1123	16	1139	<nil>
900	28235	7	28242	<nil>
900	456	16	472	<nil>
900	279	6	285	<nil>
900	1294	14	1308	<nil>
900	1329	16	1345	<nil>
900	8657	6	8663	<nil>
900	3091	24	3115	<nil>
900	248	10	258	<nil>
900	252	6	258	<nil>
900	254	5	259	<nil>
900	2852	21	2873	<nil>
900	1464	23	1487	<nil>
900	17096	20	17116	<nil>
900	6153	18	6171	<nil>
900	270	3	273	<nil>
900	320	0	320	<nil>
900	1473	18	1491	<nil>
900	362	18	380	<nil>
900	253	2	255	<nil>
900	3341	24	3365	<nil>
900	25724	2	25726	<nil>
900	1463	24	1487	<nil>
900	278	7	285	<nil>
900	270	0	270	<nil>
900	3120	1	3121	<nil>
900	338	10	348	<nil>
900	264	5	269	<nil>
900	362	16	378	<nil>
900	315	6	321	<nil>
900	242	2	244	<nil>
900	321	1	322	<nil>
900	482	9	491	<nil>
900	349	9	358	<nil>
900	483	8	491	<nil>
900	7272	10	7282	<nil>
900	3242	2	3244	<nil>
900	734	13	747	<nil>
900	1848	15	1863	<nil>
900	373	2	375	<nil>
900	363	2	365	<nil>
900	364	3	367	<nil>
900	409	3	412	<nil>
900	1848	16	1864	<nil>
900	641	17	658	<nil>
900	476	17	493	<nil>
900	366	3	369	<nil>
900	371	6	377	<nil>
900	366	4	370	<nil>
900	428	6	434	<nil>
900	488	19	507	<nil>
900	482	7	489	<nil>
900	504	8	512	<nil>
900	484	5	489	<nil>
900	365	10	375	<nil>
900	3231	20	3251	<nil>
900	3489	5	3494	<nil>
900	411	6	417	<nil>
900	381	7	388	<nil>
900	366	6	372	<nil>
900	499	2	501	<nil>
900	379	8	387	<nil>
900	394	2	396	<nil>
900	467	7	474	<nil>
900	1843	22	1865	<nil>
900	1706	22	1728	<nil>
900	616	22	638	<nil>
900	833	23	856	<nil>
900	366	7	373	<nil>
900	1861	7	1868	<nil>
900	2164	3	2167	<nil>
900	507	1	508	<nil>
900	375	3	378	<nil>
900	3254	4	3258	<nil>
900	364	16	380	<nil>
900	480	1	481	<nil>
900	501	3	504	<nil>
900	498	3	501	<nil>
900	440	4	444	<nil>
900	514	4	518	<nil>
900	510	3	513	<nil>
900	373	4	377	<nil>
900	508	2	510	<nil>
900	500	7	507	<nil>
900	9046	5	9051	<nil>
900	505	2	507	<nil>
900	495	3	498	<nil>
900	418	3	421	<nil>
900	380	16	396	<nil>
900	507	4	511	<nil>
900	375	4	379	<nil>
900	503	0	503	<nil>
900	513	1	514	<nil>
900	492	16	508	<nil>
900	415	11	426	<nil>
900	1845	33	1878	<nil>
900	3476	30	3506	<nil>
900	501	19	520	<nil>
900	495	1	496	<nil>
900	427	0	427	<nil>
900	552	21	573	<nil>
900	567	21	588	<nil>
900	3432	24	3456	<nil>
900	687	12	699	<nil>
900	630	20	650	<nil>
900	551	21	572	<nil>
900	660	22	682	<nil>
900	657	22	679	<nil>
900	566	21	587	<nil>
900	593	21	614	<nil>
900	596	21	617	<nil>
900	551	22	573	<nil>
900	650	22	672	<nil>
900	594	21	615	<nil>
900	664	26	690	<nil>
900	649	22	671	<nil>
900	565	11	576	<nil>
900	688	11	699	<nil>
900	552	21	573	<nil>
900	687	8	695	<nil>
900	199	10	209	<nil>
900	670	11	681	<nil>
900	679	6	685	<nil>
900	3357	20	3377	<nil>
900	613	9	622	<nil>
900	3431	20	3451	<nil>
900	592	11	603	<nil>
900	206	14	220	<nil>
900	570	11	581	<nil>
900	575	11	586	<nil>
900	616	11	627	<nil>
900	570	16	586	<nil>
900	207	14	221	<nil>
900	3448	23	3471	<nil>
900	675	23	698	<nil>
900	615	18	633	<nil>
900	688	17	705	<nil>
900	574	19	593	<nil>
900	612	21	633	<nil>
900	591	16	607	<nil>
900	567	26	593	<nil>
900	710	13	723	<nil>
900	17401	23	17424	<nil>
900	578	14	592	<nil>
900	579	13	592	<nil>
900	679	15	694	<nil>
900	204	19	223	<nil>
900	572	21	593	<nil>
900	575	19	594	<nil>
900	586	21	607	<nil>
900	627	24	651	<nil>
900	589	21	610	<nil>
900	578	15	593	<nil>
900	589	16	605	<nil>
900	3381	21	3402	<nil>
900	569	24	593	<nil>
900	578	15	593	<nil>
900	3457	18	3475	<nil>
900	573	21	594	<nil>
900	572	21	593	<nil>
900	572	22	594	<nil>
900	189	20	209	<nil>
900	683	23	706	<nil>
900	574	22	596	<nil>
900	17150	21	17171	<nil>
900	575	22	597	<nil>
900	616	19	635	<nil>
900	580	15	595	<nil>
900	572	22	594	<nil>
900	690	24	714	<nil>
900	580	16	596	<nil>
900	674	21	695	<nil>
900	685	22	707	<nil>
900	199	15	214	<nil>
900	679	14	693	<nil>
900	568	30	598	<nil>
900	685	28	713	<nil>
900	571	29	600	<nil>
900	578	28	606	<nil>
900	569	32	601	<nil>
900	631	65	696	<nil>
900	45982	84	46066	<nil>
900	629	68	697	<nil>
900	599	91	690	<nil>
900	589	66	655	<nil>
900	589	68	657	<nil>
900	649	67	716	<nil>
900	627	103	730	<nil>
900	572	194	766	<nil>
900	654	190	844	<nil>
900	43781	193	43974	<nil>
900	591	194	785	<nil>
900	592	192	784	<nil>
900	591	194	785	<nil>
900	592	194	786	<nil>
900	9540	195	9735	<nil>
900	596	190	786	<nil>
900	703	199	902	<nil>
900	590	199	789	<nil>
900	589	201	790	<nil>
900	6618	198	6816	<nil>
900	596	195	791	<nil>
900	594	199	793	<nil>
900	595	201	796	<nil>
900	26282	201	26483	<nil>
900	589	202	791	<nil>
900	599	192	791	<nil>
900	592	201	793	<nil>
900	8959	200	9159	<nil>
900	594	202	796	<nil>
900	598	199	797	<nil>
900	587	208	795	<nil>
900	710	215	925	<nil>
900	796	67	863	<nil>
900	592	204	796	<nil>
900	9408	185	9593	<nil>
900	654	207	861	<nil>
900	590	210	800	<nil>
900	402	41	443	<nil>
900	629	215	844	<nil>
900	592	204	796	<nil>
900	655	178	833	<nil>
900	9417	172	9589	<nil>
900	675	191	866	<nil>
900	3097	168	3265	<nil>
900	654	203	857	<nil>
900	313	143	456	<nil>
900	618	195	813	<nil>
900	816	62	878	<nil>
900	781	70	851	<nil>
900	659	188	847	<nil>
900	613	205	818	<nil>
900	9406	167	9573	<nil>
900	627	194	821	<nil>
900	587	206	793	<nil>
900	279	171	450	<nil>
900	414	40	454	<nil>
900	17358	39	17397	<nil>
900	275	175	450	<nil>
900	415	39	454	<nil>
900	9303	205	9508	<nil>
900	15480	179	15659	<nil>
900	291	169	460	<nil>
900	278	171	449	<nil>
900	639	163	802	<nil>
900	597	226	823	<nil>
900	351	99	450	<nil>
900	412	45	457	<nil>
900	269	180	449	<nil>
900	76	175	251	<nil>
900	291	166	457	<nil>
900	284	166	450	<nil>
900	267	182	449	<nil>
900	290	169	459	<nil>
900	303	145	448	<nil>
900	402	46	448	<nil>
900	286	175	461	<nil>
900	598	211	809	<nil>
900	639	211	850	<nil>
900	283	173	456	<nil>
900	311	149	460	<nil>
900	358	93	451	<nil>
900	265	183	448	<nil>
900	598	217	815	<nil>
900	357	94	451	<nil>
900	329	122	451	<nil>
900	362	90	452	<nil>
900	340	111	451	<nil>
900	345	107	452	<nil>
900	340	112	452	<nil>
900	339	113	452	<nil>
900	336	125	461	<nil>
900	351	102	453	<nil>
900	329	125	454	<nil>
900	350	103	453	<nil>
900	341	114	455	<nil>
900	344	114	458	<nil>
900	351	104	455	<nil>
900	346	112	458	<nil>
900	401	58	459	<nil>
900	365	95	460	<nil>
900	5332	128	5460	<nil>
900	361	100	461	<nil>
900	363	98	461	<nil>
900	382	76	458	<nil>
900	402	61	463	<nil>
900	9542	64	9606	<nil>
900	375	91	466	<nil>
900	400	63	463	<nil>
900	383	81	464	<nil>
900	388	90	478	<nil>
900	373	91	464	<nil>
900	392	90	482	<nil>
900	404	63	467	<nil>
900	413	65	478	<nil>
900	404	72	476	<nil>
900	404	73	477	<nil>
900	229	40	269	<nil>
900	193	64	257	<nil>
900	403	78	481	<nil>
900	15302	53	15355	<nil>
900	31491	75	31566	<nil>
900	1200	75	1275	<nil>
900	197	75	272	<nil>
900	2056	73	2129	<nil>
900	1205	74	1279	<nil>
900	2056	77	2133	<nil>
900	408	79	487	<nil>
900	203	74	277	<nil>
900	2052	77	2129	<nil>
900	169	75	244	<nil>
900	202	74	276	<nil>
900	2053	77	2130	<nil>
900	26553	77	26630	<nil>
900	2058	75	2133	<nil>
900	1204	76	1280	<nil>
900	2053	77	2130	<nil>
900	1202	71	1273	<nil>
900	1192	78	1270	<nil>
900	1185	75	1260	<nil>
900	203	82	285	<nil>
900	404	84	488	<nil>
900	9546	77	9623	<nil>
900	15231	78	15309	<nil>
900	15652	55	15707	<nil>
900	2058	79	2137	<nil>
900	228	57	285	<nil>
900	1186	79	1265	<nil>
900	1209	78	1287	<nil>
900	221	65	286	<nil>
900	216	70	286	<nil>
900	235	51	286	<nil>
900	239	47	286	<nil>
900	196	46	242	<nil>
900	221	66	287	<nil>
900	15640	66	15706	<nil>
900	220	66	286	<nil>
900	9579	58	9637	<nil>
900	187	51	238	<nil>
900	1142	53	1195	<nil>
900	272	19	291	<nil>
900	1146	54	1200	<nil>
900	234	57	291	<nil>
900	1148	53	1201	<nil>
900	240	52	292	<nil>
900	1280	15	1295	<nil>
900	1190	10	1200	<nil>
900	1222	11	1233	<nil>
900	1189	10	1199	<nil>
900	279	14	293	<nil>
900	230	54	284	<nil>
900	1205	13	1218	<nil>
900	1191	13	1204	<nil>
900	15395	12	15407	<nil>
900	290	5	295	<nil>
900	188	6	194	<nil>
900	284	3	287	<nil>
900	281	6	287	<nil>
900	284	2	286	<nil>
900	282	14	296	<nil>
900	1192	15	1207	<nil>
900	1447	24	1471	<nil>
900	1454	22	1476	<nil>
900	2398	23	2421	<nil>
900	1401	21	1422	<nil>
900	470	88	558	<nil>
900	15942	49	15991	<nil>
900	1545	31	1576	<nil>
900	10084	31	10115	<nil>
900	534	22	556	<nil>
900	2380	40	2420	<nil>
900	538	32	570	<nil>
900	2390	34	2424	<nil>
900	537	28	565	<nil>
900	537	34	571	<nil>
900	2397	27	2424	<nil>
900	544	25	569	<nil>
900	545	22	567	<nil>
900	484	36	520	<nil>
900	1447	35	1482	<nil>
900	1390	19	1409	<nil>
900	259	21	280	<nil>
900	1449	27	1476	<nil>
900	1402	25	1427	<nil>
900	1538	24	1562	<nil>
900	535	31	566	<nil>
900	41375	29	41404	<nil>
900	537	32	569	<nil>
900	1390	20	1410	<nil>
900	375	24	399	<nil>
900	1396	30	1426	<nil>
900	369	30	399	<nil>
900	1378	30	1408	<nil>
900	370	30	400	<nil>
900	1398	29	1427	<nil>
900	29596	33	29629	<nil>
900	26865	32	26897	<nil>
900	1397	29	1426	<nil>
900	1403	24	1427	<nil>
900	1378	32	1410	<nil>
900	1388	20	1408	<nil>
900	1407	19	1426	<nil>
900	5577	23	5600	<nil>
900	1396	30	1426	<nil>
900	1399	40	1439	<nil>
900	1414	43	1457	<nil>
900	15983	45	16028	<nil>
900	9914	43	9957	<nil>
900	71186	9	71195	<nil>
900	1209	9	1218	<nil>
900	387	43	430	<nil>
900	383	44	427	<nil>
900	1550	32	1582	<nil>
900	1398	44	1442	<nil>
900	338	33	371	<nil>
900	2688	14	2702	<nil>
900	304	33	337	<nil>
900	15988	56	16044	<nil>
900	3167	56	3223	<nil>
900	1411	56	1467	<nil>
900	9913	56	9969	<nil>
900	22855	55	22910	<nil>
900	330	7	337	<nil>
900	1414	55	1469	<nil>
900	38255	57	38312	<nil>
900	1413	78	1491	<nil>
900	1412	78	1490	<nil>
900	20286	41	20327	<nil>
900	429	68	497	<nil>
900	3197	84	3281	<nil>
900	3377	71	3448	<nil>
900	2969	149	3118	<nil>
900	356	131	487	<nil>
900	418	150	568	<nil>
900	308	149	457	<nil>
900	44454	137	44591	<nil>
900	17954	182	18136	<nil>
900	304	216	520	<nil>
900	356	199	555	<nil>
900	322	199	521	<nil>
900	424	192	616	<nil>
900	395	188	583	<nil>
900	1234	233	1467	<nil>
900	1230	202	1432	<nil>
900	323	250	573	<nil>
900	420	236	656	<nil>
900	1209	258	1467	<nil>
900	69878	257	70135	<nil>
900	2978	234	3212	<nil>
900	405	256	661	<nil>
900	387	164	551	<nil>
900	400	164	564	<nil>
900	9773	262	10035	<nil>
900	345	253	598	<nil>
900	421	241	662	<nil>
900	15471	242	15713	<nil>
900	3214	231	3445	<nil>
900	422	240	662	<nil>
900	2976	243	3219	<nil>
900	1237	230	1467	<nil>
900	324	239	563	<nil>
900	315	242	557	<nil>
900	356	248	604	<nil>
900	428	241	669	<nil>
900	422	247	669	<nil>
900	368	238	606	<nil>
900	357	248	605	<nil>
900	524	147	671	<nil>
900	302	257	559	<nil>
900	427	230	657	<nil>
900	1210	236	1446	<nil>
900	3402	208	3610	<nil>
900	420	251	671	<nil>
900	2968	249	3217	<nil>
900	358	250	608	<nil>
900	366	241	607	<nil>
900	2973	249	3222	<nil>
900	17794	249	18043	<nil>
900	9897	250	10147	<nil>
900	1213	249	1462	<nil>
900	20367	169	20536	<nil>
900	3283	171	3454	<nil>
900	321	238	559	<nil>
900	429	239	668	<nil>
900	1209	252	1461	<nil>
900	420	253	673	<nil>
900	1242	254	1496	<nil>
900	350	196	546	<nil>
900	3308	145	3453	<nil>
900	325	248	573	<nil>
900	37	245	282	<nil>
900	39	244	283	<nil>
900	16027	257	16284	<nil>
900	41	246	287	<nil>
900	412	155	567	<nil>
900	2730	154	2884	<nil>
900	5992	77	6069	<nil>
900	2674	254	2928	<nil>
900	217	80	297	<nil>
900	308	259	567	<nil>
900	316	265	581	<nil>
900	422	257	679	<nil>
900	1236	254	1490	<nil>
900	3283	181	3464	<nil>
900	309	259	568	<nil>
900	428	230	658	<nil>
900	1478	25	1503	<nil>
900	531	61	592	<nil>
900	3214	250	3464	<nil>
900	617	30	647	<nil>
900	535	43	578	<nil>
900	681	31	712	<nil>
900	16281	55	16336	<nil>
900	681	44	725	<nil>
900	4380	35	4415	<nil>
900	614	51	665	<nil>
900	1472	59	1531	<nil>
900	13480	34	13514	<nil>
900	593	52	645	<nil>
900	584	58	642	<nil>
900	579	42	621	<nil>
900	608	39	647	<nil>
900	10402	67	10469	<nil>
900	585	47	632	<nil>
900	690	55	745	<nil>
900	587	55	642	<nil>
900	3244	49	3293	<nil>
900	584	54	638	<nil>
900	570	43	613	<nil>
900	570	70	640	<nil>
900	612	60	672	<nil>
900	621	63	684	<nil>
900	682	50	732	<nil>
900	1471	42	1513	<nil>
900	5244	71	5315	<nil>
900	572	48	620	<nil>
900	626	52	678	<nil>
900	3465	62	3527	<nil>
900	614	57	671	<nil>
900	289	41	330	<nil>
900	579	64	643	<nil>
900	569	65	634	<nil>
900	695	997	1692	<nil>
900	594	1003	1597	<nil>
900	4334	999	5333	<nil>
900	1501	1001	2502	<nil>
900	592	1002	1594	<nil>
900	614	1002	1616	<nil>
900	3498	999	4497	<nil>
900	601	1006	1607	<nil>
900	280	1001	1281	<nil>
900	1519	983	2502	<nil>
900	10435	1004	11439	<nil>
900	714	1004	1718	<nil>
900	3644	1030	4674	<nil>
900	325	967	1292	<nil>
900	4381	1005	5386	<nil>
900	1560	1030	2590	<nil>
900	4366	1063	5429	<nil>
900	3500	1067	4567	<nil>
900	1012	14	1026	<nil>
900	13659	1068	14727	<nil>
900	280	1076	1356	<nil>
900	611	1078	1689	<nil>
900	1112	0	1112	rpc error: code = Unavailable desc = transport is closing
900	280	1081	1361	<nil>
900	1282	80	1362	<nil>
900	294	1068	1362	<nil>
900	10435	1088	11523	<nil>
900	4376	1077	5453	<nil>
900	326	1045	1371	<nil>
900	4454	1045	5499	<nil>
900	4298	0	4298	rpc error: code = Unavailable desc = transport is closing
900	2892	1098	3990	<nil>
900	4417	1088	5505	<nil>
900	9983	74	10057	<nil>
900	26955	66	27021	<nil>
900	1261	124	1385	<nil>
900	1260	122	1382	<nil>
900	4499	102	4601	<nil>
900	4400	1064	5464	<nil>
900	22081	48	22129	<nil>
900	652	1099	1751	<nil>
900	342	1053	1395	<nil>
900	1051	77	1128	<nil>
900	1089	3	1092	<nil>
900	1794	3	1797	<nil>
900	4304	1075	5379	<nil>
900	18303	1054	19357	<nil>
900	1102	4	1106	<nil>
900	1082	0	1082	rpc error: code = Unavailable desc = transport is closing
900	1067	2	1069	<nil>
900	1054	7	1061	<nil>
900	1034	0	1034	rpc error: code = Unavailable desc = transport is closing
900	1103	8	1111	<nil>
900	5291	5	5296	<nil>
900	11348	9	11357	<nil>
900	4624	0	4624	rpc error: code = Unavailable desc = transport is closing
900	1108	3	1111	<nil>
900	291	1112	1403	<nil>
900	6918	1083	8001	<nil>
900	105	7	112	<nil>
900	341	1068	1409	<nil>
900	5048	5	5053	<nil>
900	22566	3	22569	<nil>
900	329	1070	1399	<nil>
900	1229	0	1229	rpc error: code = Unavailable desc = transport is closing
900	1229	141	1370	<nil>
900	10901	66	10967	<nil>
900	4513	0	4513	rpc error: code = Unavailable desc = transport is closing
900	7088	134	7222	<nil>
900	3269	1119	4388	<nil>
900	4451	1073	5524	<nil>
900	4696	92	4788	<nil>
900	1079	2	1081	<nil>
900	1275	0	1275	rpc error: code = Unavailable desc = transport is closing
900	4266	131	4397	<nil>
900	1205	132	1337	<nil>
900	1280	128	1408	<nil>
900	5060	4	5064	<nil>
900	3047	47	3094	<nil>
900	1148	1080	2228	<nil>
900	1264	151	1415	<nil>
900	4452	1081	5533	<nil>
900	4397	1096	5493	<nil>
900	317	1097	1414	<nil>
900	4449	1085	5534	<nil>
900	333	1080	1413	<nil>
900	4445	1085	5530	<nil>
900	330	1085	1415	<nil>
900	31918	104	32022	<nil>
900	5427	1083	6510	<nil>
900	1260	153	1413	<nil>
900	2967	1045	4012	<nil>
900	1545	1094	2639	<nil>
900	1288	0	1288	rpc error: code = Unavailable desc = transport is closing
900	1130	0	1130	<nil>
900	133	0	133	<nil>
900	1069	98	1167	<nil>
900	20741	1087	21828	<nil>
900	3932	0	3932	rpc error: code = Unavailable desc = transport is closing
900	4319	100	4419	<nil>
900	3536	1096	4632	<nil>
900	1039	65	1104	<nil>
900	4228	166	4394	<nil>
900	4235	167	4402	<nil>
900	3545	1087	4632	<nil>
900	2125	109	2234	<nil>
900	5214	107	5321	<nil>
900	334	1083	1417	<nil>
900	4516	0	4516	rpc error: code = Unavailable desc = transport is closing
900	329	1046	1375	<nil>
900	1210	0	1210	rpc error: code = Unavailable desc = transport is closing
900	1126	0	1126	rpc error: code = Unavailable desc = transport is closing
900	292	1085	1377	<nil>
900	20108	109	20217	<nil>
900	1062	110	1172	<nil>
900	1274	142	1416	<nil>
900	10214	111	10325	<nil>
900	9185	1133	10318	<nil>
900	5207	110	5317	<nil>
900	10841	143	10984	<nil>
900	4208	196	4404	<nil>
900	5319	1134	6453	<nil>
900	1314	137	1451	<nil>
900	638	1101	1739	<nil>
900	1276	143	1419	<nil>
900	1562	1089	2651	<nil>
900	17346	111	17457	<nil>
900	1288	141	1429	<nil>
900	3543	1092	4635	<nil>
900	48459	107	48566	<nil>
900	282	1137	1419	<nil>
900	3275	1137	4412	<nil>
900	1056	35	1091	<nil>
900	10836	1091	11927	<nil>
900	1096	11	1107	<nil>
900	1266	153	1419	<nil>
900	4435	1118	5553	<nil>
900	1543	1098	2641	<nil>
900	21139	85	21224	<nil>
900	1258	161	1419	<nil>
900	350	1099	1449	<nil>
900	315	1104	1419	<nil>
900	313	1107	1420	<nil>
900	4356	1120	5476	<nil>
900	5951	1091	7042	<nil>
900	1560	1102	2662	<nil>
900	4471	1092	5563	<nil>
900	1280	141	1421	<nil>
900	2985	1136	4121	<nil>
900	316	1105	1421	<nil>
900	1248	174	1422	<nil>
900	3325	1089	4414	<nil>
900	352	1105	1457	<nil>
900	4354	1138	5492	<nil>
900	1197	38	1235	<nil>
900	1060	78	1138	<nil>
900	1100	38	1138	<nil>
900	1109	32	1141	<nil>
900	1079	33	1112	<nil>
900	107	30	137	<nil>
900	11243	146	11389	<nil>
900	5235	91	5326	<nil>
900	5051	30	5081	<nil>
900	1058	118	1176	<nil>
900	4523	118	4641	<nil>
900	4525	118	4643	<nil>
900	1276	149	1425	<nil>
900	4441	1109	5550	<nil>
900	4527	116	4643	<nil>
900	4261	146	4407	<nil>
900	1056	116	1172	<nil>
900	1058	113	1171	<nil>
900	1258	163	1421	<nil>
900	1062	112	1174	<nil>
900	46952	1100	48052	<nil>
900	7133	1092	8225	<nil>
900	284	1134	1418	<nil>
900	3536	1101	4637	<nil>
900	4448	1092	5540	<nil>
900	319	1103	1422	<nil>
900	4446	1098	5544	<nil>
900	6898	1130	8028	<nil>
900	5076	17	5093	<nil>
900	5462	56	5518	<nil>
900	3286	1140	4426	<nil>
900	5795	114	5909	<nil>
900	1068	351	1419	<nil>
900	1041	368	1409	<nil>
900	1088	367	1455	<nil>
900	1058	367	1425	<nil>
900	1122	322	1444	<nil>
900	1056	354	1410	<nil>
900	1110	347	1457	<nil>
900	1084	355	1439	<nil>
900	1057	354	1411	<nil>
900	10100	406	10506	<nil>
900	1073	355	1428	<nil>
900	5052	354	5406	<nil>
900	1084	328	1412	<nil>
900	17443	338	17781	<nil>
900	11003	334	11337	<nil>
900	1200	315	1515	<nil>
900	198	319	517	<nil>
900	1190	319	1509	<nil>
900	1189	318	1507	<nil>
900	1190	317	1507	<nil>
900	1298	318	1616	<nil>
900	1172	301	1473	<nil>
900	1167	317	1484	<nil>
900	1152	318	1470	<nil>
900	1194	325	1519	<nil>
900	1151	324	1475	<nil>
900	5145	321	5466	<nil>
900	6020	352	6372	<nil>
900	1154	354	1508	<nil>
900	1155	351	1506	<nil>
900	1155	351	1506	<nil>
900	1198	356	1554	<nil>
900	1388	353	1741	<nil>
900	1170	354	1524	<nil>
900	199	352	551	<nil>
900	200	355	555	<nil>
900	1183	338	1521	<nil>
900	1187	357	1544	<nil>
900	1188	354	1542	<nil>
900	1150	357	1507	<nil>
900	1198	356	1554	<nil>
900	1186	338	1524	<nil>
900	1171	339	1510	<nil>
900	1198	340	1538	<nil>
900	1197	355	1552	<nil>
900	1203	352	1555	<nil>
900	1202	355	1557	<nil>
900	1154	357	1511	<nil>
900	1165	357	1522	<nil>
900	1204	355	1559	<nil>
900	200	358	558	<nil>
900	1170	357	1527	<nil>
900	1190	356	1546	<nil>
900	1172	339	1511	<nil>
900	1155	356	1511	<nil>
900	1152	354	1506	<nil>
900	1151	360	1511	<nil>
900	4185	353	4538	<nil>
900	1169	357	1526	<nil>
900	1170	359	1529	<nil>
900	1170	356	1526	<nil>
900	1200	361	1561	<nil>
900	5893	361	6254	<nil>
900	1214	343	1557	<nil>
900	72448	360	72808	<nil>
900	1192	356	1548	<nil>
900	5841	358	6199	<nil>
900	1186	360	1546	<nil>
900	1153	359	1512	<nil>
900	1182	342	1524	<nil>
900	1153	361	1514	<nil>
900	1167	357	1524	<nil>
900	1209	441	1650	<nil>
900	1197	441	1638	<nil>
900	197	453	650	<nil>
900	1163	454	1617	<nil>
900	407	0	407	rpc error: code = Unavailable desc = transport is closing
900	1487	0	1487	rpc error: code = Unavailable desc = transport is closing
900	411	0	411	rpc error: code = Unavailable desc = transport is closing
900	409	0	409	rpc error: code = Unavailable desc = transport is closing
900	409	0	409	rpc error: code = Unavailable desc = transport is closing
900	1480	0	1480	rpc error: code = Unavailable desc = transport is closing
900	473	0	473	rpc error: code = Unavailable desc = transport is closing
900	452	0	452	rpc error: code = Unavailable desc = transport is closing
900	416	0	416	rpc error: code = Unavailable desc = transport is closing
900	416	0	416	rpc error: code = Unavailable desc = transport is closing
900	392	0	392	rpc error: code = Unavailable desc = transport is closing
900	458	0	458	rpc error: code = Unavailable desc = transport is closing
900	420	0	420	rpc error: code = Unavailable desc = transport is closing
900	407	0	407	rpc error: code = Unavailable desc = transport is closing
900	419	0	419	rpc error: code = Unavailable desc = transport is closing
900	402	0	402	rpc error: code = Unavailable desc = transport is closing
900	400	0	400	rpc error: code = Unavailable desc = transport is closing
900	384	0	384	rpc error: code = Unavailable desc = transport is closing
900	320	106	426	<nil>
900	221	96	317	<nil>
900	32069	110	32179	<nil>
900	320	110	430	<nil>
900	321	109	430	<nil>
900	318	110	428	<nil>
900	320	108	428	<nil>
900	508	114	622	<nil>
900	494	122	616	<nil>
900	239	88	327	<nil>
900	198	88	286	<nil>
900	203	87	290	<nil>
900	202	87	289	<nil>
900	204	55	259	<nil>
900	199	64	263	<nil>
900	210	51	261	<nil>
900	207	54	261	<nil>
900	206	55	261	<nil>
900	206	83	289	<nil>
900	200	61	261	<nil>
900	199	54	253	<nil>
900	208	51	259	<nil>
900	200	67	267	<nil>
900	198	66	264	<nil>
900	198	64	262	<nil>
900	198	65	263	<nil>
900	201	80	281	<nil>
900	123	73	196	<nil>
900	209	77	286	<nil>
900	205	88	293	<nil>
900	214	75	289	<nil>
900	206	89	295	<nil>
900	117	73	190	<nil>
900	204	52	256	<nil>
900	91	53	144	<nil>
900	97	52	149	<nil>
900	129	20	149	<nil>
900	115	95	210	<nil>
900	127	23	150	<nil>
900	119	33	152	<nil>
900	121	39	160	<nil>
900	46697	65	46762	<nil>
900	98	678	776	<nil>
900	94	682	776	<nil>
900	93	630	723	<nil>
900	143	636	779	<nil>
900	143	636	779	<nil>
900	86	635	721	<nil>
900	97	681	778	<nil>
900	85	637	722	<nil>
900	96	625	721	<nil>
900	95	681	776	<nil>
900	94	633	727	<nil>
900	158	621	779	<nil>
900	85	637	722	<nil>
900	151	626	777	<nil>
900	93	626	719	<nil>
900	93	630	723	<nil>
900	144	635	779	<nil>
900	67	648	715	<nil>
900	458	0	458	rpc error: code = Unavailable desc = transport is closing
900	499	0	499	rpc error: code = Unavailable desc = transport is closing
900	495	0	495	rpc error: code = Unavailable desc = transport is closing
900	199	0	199	rpc error: code = Unavailable desc = transport is closing
900	320	0	320	rpc error: code = Unavailable desc = transport is closing
900	232	0	232	rpc error: code = Unavailable desc = transport is closing
900	228	0	228	rpc error: code = Unavailable desc = transport is closing
900	478	0	478	rpc error: code = Unavailable desc = transport is closing
900	70	662	732	<nil>
900	18201	0	18201	rpc error: code = Unavailable desc = transport is closing
900	529	0	529	rpc error: code = Unavailable desc = transport is closing
900	5999	65	6064	<nil>
900	25928	676	26604	<nil>
900	26343	0	26343	rpc error: code = Unavailable desc = transport is closing
900	500	0	500	rpc error: code = Unavailable desc = transport is closing
900	1636	0	1636	rpc error: code = Unavailable desc = transport is closing
900	203	0	203	rpc error: code = Unavailable desc = transport is closing
900	423	0	423	rpc error: code = Unavailable desc = transport is closing
900	205	0	205	rpc error: code = Unavailable desc = transport is closing
900	316	0	316	rpc error: code = Unavailable desc = transport is closing
900	504	0	504	rpc error: code = Unavailable desc = transport is closing
900	193	0	193	rpc error: code = Unavailable desc = transport is closing
900	212	0	212	rpc error: code = Unavailable desc = transport is closing
900	315	0	315	rpc error: code = Unavailable desc = transport is closing
900	6026	0	6026	rpc error: code = Unavailable desc = transport is closing
900	533	0	533	rpc error: code = Unavailable desc = transport is closing
900	203	0	203	rpc error: code = Unavailable desc = transport is closing
900	203	0	203	rpc error: code = Unavailable desc = transport is closing
900	501	0	501	rpc error: code = Unavailable desc = transport is closing
900	503	0	503	rpc error: code = Unavailable desc = transport is closing
900	200	0	200	rpc error: code = Unavailable desc = transport is closing
900	203	0	203	rpc error: code = Unavailable desc = transport is closing
900	199	0	199	rpc error: code = Unavailable desc = transport is closing
900	510	0	510	rpc error: code = Unavailable desc = transport is closing
900	509	0	509	rpc error: code = Unavailable desc = transport is closing
900	17845	625	18470	<nil>
900	500	0	500	rpc error: code = Unavailable desc = transport is closing
900	202	0	202	rpc error: code = Unavailable desc = transport is closing
900	527	0	527	rpc error: code = Unavailable desc = transport is closing
900	506	0	506	rpc error: code = Unavailable desc = transport is closing
900	500	0	500	rpc error: code = Unavailable desc = transport is closing
900	218	0	218	rpc error: code = Unavailable desc = transport is closing
900	192	0	192	rpc error: code = Unavailable desc = transport is closing
900	320	0	320	rpc error: code = Unavailable desc = transport is closing
900	9195	0	9195	rpc error: code = Unavailable desc = transport is closing
900	5152	656	5808	<nil>
900	192	0	192	rpc error: code = Unavailable desc = transport is closing
900	321	0	321	rpc error: code = Unavailable desc = transport is closing
900	506	0	506	rpc error: code = Unavailable desc = transport is closing
900	510	0	510	rpc error: code = Unavailable desc = transport is closing
900	515	0	515	rpc error: code = Unavailable desc = transport is closing
900	6035	0	6035	rpc error: code = Unavailable desc = transport is closing
900	198	0	198	rpc error: code = Unavailable desc = transport is closing
900	8986	0	8986	rpc error: code = Unavailable desc = transport is closing
900	10074	0	10074	rpc error: code = Unavailable desc = transport is closing
900	506	0	506	rpc error: code = Unavailable desc = transport is closing
900	320	0	320	rpc error: code = Unavailable desc = transport is closing
900	202	0	202	rpc error: code = Unavailable desc = transport is closing
900	503	0	503	rpc error: code = Unavailable desc = transport is closing
900	1602	0	1602	rpc error: code = Unavailable desc = transport is closing
900	500	0	500	rpc error: code = Unavailable desc = transport is closing
900	231	0	231	rpc error: code = Unavailable desc = transport is closing
900	210	0	210	rpc error: code = Unavailable desc = transport is closing
900	319	0	319	rpc error: code = Unavailable desc = transport is closing
900	195	0	195	rpc error: code = Unavailable desc = transport is closing
900	204	0	204	rpc error: code = Unavailable desc = transport is closing
900	235	0	235	rpc error: code = Unavailable desc = transport is closing
900	322	0	322	rpc error: code = Unavailable desc = transport is closing
900	320	0	320	rpc error: code = Unavailable desc = transport is closing
900	202	0	202	rpc error: code = Unavailable desc = transport is closing
900	201	0	201	rpc error: code = Unavailable desc = transport is closing
900	519	0	519	rpc error: code = Unavailable desc = transport is closing
900	240	0	240	rpc error: code = Unavailable desc = transport is closing
900	6373	0	6373	rpc error: code = Unavailable desc = transport is closing
900	201	0	201	rpc error: code = Unavailable desc = transport is closing
900	10064	0	10064	rpc error: code = Unavailable desc = transport is closing
900	198	0	198	rpc error: code = Unavailable desc = transport is closing
900	318	0	318	rpc error: code = Unavailable desc = transport is closing
900	222	0	222	rpc error: code = Unavailable desc = transport is closing
900	323	0	323	rpc error: code = Unavailable desc = transport is closing
900	202	0	202	rpc error: code = Unavailable desc = transport is closing
900	526	0	526	rpc error: code = Unavailable desc = transport is closing
900	127	0	127	rpc error: code = Unavailable desc = transport is closing
900	566	0	566	rpc error: code = Unavailable desc = transport is closing
900	197	0	197	rpc error: code = Unavailable desc = transport is closing
900	327	0	327	rpc error: code = Unavailable desc = transport is closing
900	198	0	198	rpc error: code = Unavailable desc = transport is closing
900	552	0	552	rpc error: code = Unavailable desc = transport is closing
900	9448	611	10059	<nil>
900	494	0	494	rpc error: code = Unavailable desc = transport is closing
900	121	612	733	<nil>
900	17583	0	17583	rpc error: code = Unavailable desc = transport is closing
900	500	0	500	rpc error: code = Unavailable desc = transport is closing
900	458	0	458	rpc error: code = Unavailable desc = transport is closing
900	101	660	761	<nil>
900	231	0	231	rpc error: code = Unavailable desc = transport is closing
900	2878	0	2878	rpc error: code = Unavailable desc = transport is closing
900	199	0	199	rpc error: code = Unavailable desc = transport is closing
900	89	612	701	<nil>
900	84	613	697	<nil>
900	500	0	500	rpc error: code = Unavailable desc = transport is closing
900	10070	0	10070	rpc error: code = Unavailable desc = transport is closing
900	29029	0	29029	rpc error: code = Unavailable desc = transport is closing
900	200	0	200	rpc error: code = Unavailable desc = transport is closing
900	91	0	91	rpc error: code = Unavailable desc = transport is closing
900	199	0	199	rpc error: code = Unavailable desc = transport is closing
900	519	0	519	rpc error: code = Unavailable desc = transport is closing
900	500	0	500	rpc error: code = Unavailable desc = transport is closing
900	396	0	396	rpc error: code = Unavailable desc = transport is closing
900	71	650	721	<nil>
900	535	0	535	rpc error: code = Unavailable desc = transport is closing
900	2760	0	2760	rpc error: code = Unavailable desc = transport is closing
900	499	0	499	rpc error: code = Unavailable desc = transport is closing
900	542	0	542	rpc error: code = Unavailable desc = transport is closing
900	513	0	513	rpc error: code = Unavailable desc = transport is closing
900	203	0	203	rpc error: code = Unavailable desc = transport is closing
900	503	0	503	rpc error: code = Unavailable desc = transport is closing
900	503	0	503	rpc error: code = Unavailable desc = transport is closing
900	542	0	542	rpc error: code = Unavailable desc = transport is closing
900	548	0	548	rpc error: code = Unavailable desc = transport is closing
900	530	0	530	rpc error: code = Unavailable desc = transport is closing
900	521	0	521	rpc error: code = Unavailable desc = transport is closing
900	579	0	579	rpc error: code = Unavailable desc = transport is closing
900	25835	0	25835	rpc error: code = Unavailable desc = transport is closing
900	402	0	402	rpc error: code = Unavailable desc = transport is closing
900	558	0	558	rpc error: code = Unavailable desc = transport is closing
900	197	0	197	rpc error: code = Unavailable desc = transport is closing
900	500	0	500	rpc error: code = Unavailable desc = transport is closing
900	579	0	579	rpc error: code = Unavailable desc = transport is closing
900	519	0	519	rpc error: code = Unavailable desc = transport is closing
900	24836	0	24836	rpc error: code = Unavailable desc = transport is closing
900	523	0	523	rpc error: code = Unavailable desc = transport is closing
900	1603	0	1603	rpc error: code = Unavailable desc = transport is closing
900	565	0	565	rpc error: code = Unavailable desc = transport is closing
900	545	0	545	rpc error: code = Unavailable desc = transport is closing
900	543	0	543	rpc error: code = Unavailable desc = transport is closing
900	579	0	579	rpc error: code = Unavailable desc = transport is closing
900	248	0	248	rpc error: code = Unavailable desc = transport is closing
900	228	0	228	rpc error: code = Unavailable desc = transport is closing
900	539	0	539	rpc error: code = Unavailable desc = transport is closing
900	543	0	543	rpc error: code = Unavailable desc = transport is closing
900	554	0	554	rpc error: code = Unavailable desc = transport is closing
900	527	0	527	rpc error: code = Unavailable desc = transport is closing
900	1634	0	1634	rpc error: code = Unavailable desc = transport is closing
900	534	0	534	rpc error: code = Unavailable desc = transport is closing
900	520	0	520	rpc error: code = Unavailable desc = transport is closing
900	524	0	524	rpc error: code = Unavailable desc = transport is closing
900	523	0	523	rpc error: code = Unavailable desc = transport is closing
900	528	0	528	rpc error: code = Unavailable desc = transport is closing
900	528	0	528	rpc error: code = Unavailable desc = transport is closing
900	539	0	539	rpc error: code = Unavailable desc = transport is closing
900	541	0	541	rpc error: code = Unavailable desc = transport is closing
900	524	0	524	rpc error: code = Unavailable desc = transport is closing
900	5848	0	5848	rpc error: code = Unavailable desc = transport is closing
900	538	0	538	rpc error: code = Unavailable desc = transport is closing
900	1630	0	1630	rpc error: code = Unavailable desc = transport is closing
900	513	0	513	rpc error: code = Unavailable desc = transport is closing
900	6024	0	6024	rpc error: code = Unavailable desc = transport is closing
900	203	0	203	rpc error: code = Unavailable desc = transport is closing
900	528	0	528	rpc error: code = Unavailable desc = transport is closing
900	555	0	555	rpc error: code = Unavailable desc = transport is closing
900	523	0	523	rpc error: code = Unavailable desc = transport is closing
900	552	0	552	rpc error: code = Unavailable desc = transport is closing
900	1603	0	1603	rpc error: code = Unavailable desc = transport is closing
900	524	0	524	rpc error: code = Unavailable desc = transport is closing
900	577	0	577	rpc error: code = Unavailable desc = transport is closing
900	522	0	522	rpc error: code = Unavailable desc = transport is closing
900	544	0	544	rpc error: code = Unavailable desc = transport is closing
900	543	0	543	rpc error: code = Unavailable desc = transport is closing
900	25676	0	25676	rpc error: code = Unavailable desc = transport is closing
900	532	0	532	rpc error: code = Unavailable desc = transport is closing
900	47755	0	47755	rpc error: code = Unavailable desc = transport is closing
900	17984	0	17984	rpc error: code = Unavailable desc = transport is closing
900	542	0	542	rpc error: code = Unavailable desc = transport is closing
900	531	0	531	rpc error: code = Unavailable desc = transport is closing
900	550	0	550	rpc error: code = Unavailable desc = transport is closing
900	549	0	549	rpc error: code = Unavailable desc = transport is closing
900	537	0	537	rpc error: code = Unavailable desc = transport is closing
900	545	0	545	rpc error: code = Unavailable desc = transport is closing
900	539	0	539	rpc error: code = Unavailable desc = transport is closing
900	565	0	565	rpc error: code = Unavailable desc = transport is closing
900	1629	0	1629	rpc error: code = Unavailable desc = transport is closing
900	560	0	560	rpc error: code = Unavailable desc = transport is closing
900	523	0	523	rpc error: code = Unavailable desc = transport is closing
900	246	0	246	rpc error: code = Unavailable desc = transport is closing
900	512	0	512	rpc error: code = Unavailable desc = transport is closing
900	594	0	594	rpc error: code = Unavailable desc = transport is closing
900	10369	0	10369	rpc error: code = Unavailable desc = transport is closing
900	497	0	497	rpc error: code = Unavailable desc = transport is closing
900	528	0	528	rpc error: code = Unavailable desc = transport is closing
900	526	0	526	rpc error: code = Unavailable desc = transport is closing
900	527	0	527	rpc error: code = Unavailable desc = transport is closing
900	17968	0	17968	rpc error: code = Unavailable desc = transport is closing
900	1629	0	1629	rpc error: code = Unavailable desc = transport is closing
900	566	0	566	rpc error: code = Unavailable desc = transport is closing
900	519	0	519	rpc error: code = Unavailable desc = transport is closing
900	513	0	513	rpc error: code = Unavailable desc = transport is closing
900	443	0	443	rpc error: code = Unavailable desc = transport is closing
900	1628	0	1628	rpc error: code = Unavailable desc = transport is closing
900	528	0	528	rpc error: code = Unavailable desc = transport is closing
900	525	0	525	rpc error: code = Unavailable desc = transport is closing
900	1627	0	1627	rpc error: code = Unavailable desc = transport is closing
900	1617	0	1617	rpc error: code = Unavailable desc = transport is closing
900	257	0	257	rpc error: code = Unavailable desc = transport is closing
900	4992	0	4992	rpc error: code = Unavailable desc = transport is closing
900	259	0	259	rpc error: code = Unavailable desc = transport is closing
900	6031	34	6065	<nil>
900	261	0	261	rpc error: code = Unavailable desc = transport is closing
900	558	0	558	rpc error: code = Unavailable desc = transport is closing
900	634	65	699	<nil>
900	468	0	468	rpc error: code = Unavailable desc = transport is closing
900	648	61	709	<nil>
900	123	0	123	rpc error: code = Unavailable desc = transport is closing
900	698	30	728	<nil>
900	748	265	1013	<nil>
900	128	255	383	<nil>
900	133	255	388	<nil>
900	128	256	384	<nil>
900	765	256	1021	<nil>
900	757	255	1012	<nil>
900	6479	255	6734	<nil>
900	759	256	1015	<nil>
900	130	255	385	<nil>
900	117	266	383	<nil>
900	757	255	1012	<nil>
900	130	255	385	<nil>
900	760	256	1016	<nil>
900	130	255	385	<nil>
900	5898	256	6154	<nil>
900	761	259	1020	<nil>
900	130	259	389	<nil>
900	5897	258	6155	<nil>
900	767	250	1017	<nil>
900	761	256	1017	<nil>
900	760	260	1020	<nil>
900	761	259	1020	<nil>
900	130	260	390	<nil>
900	774	242	1016	<nil>
900	131	258	389	<nil>
900	128	261	389	<nil>
900	789	231	1020	<nil>
900	763	253	1016	<nil>
900	130	256	386	<nil>
900	5909	259	6168	<nil>
900	129	256	385	<nil>
900	117	274	391	<nil>
900	3341	257	3598	<nil>
900	788	232	1020	<nil>
900	6301	270	6571	<nil>
900	129	308	437	<nil>
900	3292	278	3570	<nil>
900	102	308	410	<nil>
900	128	280	408	<nil>
900	114	289	403	<nil>
900	165	232	397	<nil>
900	3412	231	3643	<nil>
900	192	203	395	<nil>
900	239	156	395	<nil>
900	3436	155	3591	<nil>
900	3470	190	3660	<nil>
900	3414	238	3652	<nil>
900	123	268	391	<nil>
900	3413	232	3645	<nil>
900	3679	155	3834	<nil>
900	3365	235	3600	<nil>
900	3399	200	3599	<nil>
900	3537	81	3618	<nil>
900	332	86	418	<nil>
900	338	104	442	<nil>
900	340	58	398	<nil>
900	3540	59	3599	<nil>
900	3797	90	3887	<nil>
900	10572	72	10644	<nil>
900	339	58	397	<nil>
900	3581	56	3637	<nil>
900	6747	94	6841	<nil>
900	1353	79	1432	<nil>
900	6212	58	6270	<nil>
900	1345	87	1432	<nil>
900	336	97	433	<nil>
900	3016	94	3110	<nil>
900	363	91	454	<nil>
900	28231	102	28333	<nil>
900	3596	71	3667	<nil>
900	315	70	385	<nil>
900	3543	73	3616	<nil>
900	27409	73	27482	<nil>
900	341	74	415	<nil>
900	3629	72	3701	<nil>
900	311	47	358	<nil>
900	3599	46	3645	<nil>
900	3600	72	3672	<nil>
900	3659	72	3731	<nil>
900	26243	89	26332	<nil>
900	338	75	413	<nil>
900	3660	72	3732	<nil>
900	3625	60	3685	<nil>
900	302	46	348	<nil>
900	26159	62	26221	<nil>
900	304	90	394	<nil>
900	3667	96	3763	<nil>
900	3628	96	3724	<nil>
900	104	73	177	<nil>
900	107	72	179	<nil>
900	265	97	362	<nil>
900	3648	73	3721	<nil>
900	2959	99	3058	<nil>
900	6472	98	6570	<nil>
900	346	63	409	<nil>
900	10552	61	10613	<nil>
900	350	61	411	<nil>
900	107	81	188	<nil>
900	108	80	188	<nil>
900	3621	101	3722	<nil>
900	357	94	451	<nil>
900	365	84	449	<nil>
900	6559	59	6618	<nil>
900	3726	85	3811	<nil>
900	342	104	446	<nil>
900	382	67	449	<nil>
900	348	108	456	<nil>
900	343	109	452	<nil>
900	380	68	448	<nil>
900	3907	57	3964	<nil>
900	349	105	454	<nil>
900	402	84	486	<nil>
900	3716	84	3800	<nil>
900	3715	84	3799	<nil>
900	3725	85	3810	<nil>
900	359	93	452	<nil>
900	3726	95	3821	<nil>
900	396	102	498	<nil>
900	391	96	487	<nil>
900	354	102	456	<nil>
900	72	108	180	<nil>
900	357	107	464	<nil>
900	3713	116	3829	<nil>
900	208	83	291	<nil>
900	6568	110	6678	<nil>
900	212	95	307	<nil>
900	16217	133	16350	<nil>
900	111	90	201	<nil>
900	211	104	315	<nil>
900	217	98	315	<nil>
900	197	117	314	<nil>
900	94	106	200	<nil>
900	99	98	197	<nil>
900	100	98	198	<nil>
900	113	119	232	<nil>
900	1397	117	1514	<nil>
900	453	118	571	<nil>
900	218	113	331	<nil>
900	220	119	339	<nil>
900	97	135	232	<nil>
900	81	123	204	<nil>
900	474	107	581	<nil>
900	475	108	583	<nil>
900	484	102	586	<nil>
900	3803	100	3903	<nil>
900	483	99	582	<nil>
900	25945	106	26051	<nil>
900	3807	105	3912	<nil>
900	3762	149	3911	<nil>
900	480	144	624	<nil>
900	487	165	652	<nil>
900	478	168	646	<nil>
900	22	144	166	<nil>
900	9278	146	9424	<nil>
900	15	157	172	<nil>
900	40	159	199	<nil>
900	23	158	181	<nil>
900	52	117	169	<nil>
900	35	127	162	<nil>
900	193	112	305	<nil>
900	49	111	160	<nil>
900	178	129	307	<nil>
900	315	108	423	<nil>
900	40	122	162	<nil>
900	44349	126	44475	<nil>
900	311	113	424	<nil>
900	560	144	704	<nil>
900	518	156	674	<nil>
900	35	167	202	<nil>
900	37	162	199	<nil>
900	67	147	214	<nil>
900	570	147	717	<nil>
900	3534	64	3598	<nil>
900	65	140	205	<nil>
900	637	81	718	<nil>
900	310	127	437	<nil>
900	304	135	439	<nil>
900	6980	61	7041	<nil>
900	3961	122	4083	<nil>
900	27350	62	27412	<nil>
900	3960	119	4079	<nil>
900	49889	134	50023	<nil>
900	3864	126	3990	<nil>
900	361	67	428	<nil>
900	101	65	166	<nil>
900	89	43	132	<nil>
900	614	66	680	<nil>
900	326	65	391	<nil>
900	618	66	684	<nil>
900	3975	66	4041	<nil>
900	612	66	678	<nil>
900	106	66	172	<nil>
900	43435	44	43479	<nil>
900	205	68	273	<nil>
900	201	68	269	<nil>
900	646	65	711	<nil>
900	88	44	132	<nil>
900	199	68	267	<nil>
900	673	45	718	<nil>
900	4233	46	4279	<nil>
900	4218	14	4232	<nil>
900	4089	18	4107	<nil>
900	708	14	722	<nil>
900	28393	48	28441	<nil>
900	710	16	726	<nil>
900	717	18	735	<nil>
900	715	16	731	<nil>
900	707	19	726	<nil>
900	717	19	736	<nil>
900	707	19	726	<nil>
900	26702	15	26717	<nil>
900	440	17	457	<nil>
900	791	18	809	<nil>
900	723	24	747	<nil>
900	65	25	90	<nil>
900	785	23	808	<nil>
900	681	30	711	<nil>
900	680	34	714	<nil>
900	721	35	756	<nil>
900	26611	38	26649	<nil>
900	269	49	318	<nil>
900	63	52	115	<nil>
900	406	24	430	<nil>
900	183	41	224	<nil>
900	247	44	291	<nil>
900	141	46	187	<nil>
900	410	39	449	<nil>
900	204	28	232	<nil>
900	270	49	319	<nil>
900	756	32	788	<nil>
900	206	32	238	<nil>
900	547	66	613	<nil>
900	758	31	789	<nil>
900	3633	68	3701	<nil>
900	203	67	270	<nil>
900	755	35	790	<nil>
900	412	40	452	<nil>
900	776	69	845	<nil>
900	776	52	828	<nil>
900	545	68	613	<nil>
900	754	38	792	<nil>
900	548	66	614	<nil>
900	194	62	256	<nil>
900	776	69	845	<nil>
900	193	66	259	<nil>
900	6706	72	6778	<nil>
900	271	67	338	<nil>
900	785	62	847	<nil>
900	277	64	341	<nil>
900	751	34	785	<nil>
900	778	69	847	<nil>
900	772	69	841	<nil>
900	774	69	843	<nil>
900	550	71	621	<nil>
900	773	69	842	<nil>
900	779	65	844	<nil>
900	772	57	829	<nil>
900	549	68	617	<nil>
900	777	68	845	<nil>
900	751	35	786	<nil>
900	4087	69	4156	<nil>
900	752	35	787	<nil>
900	27452	32	27484	<nil>
900	763	568	1331	<nil>
900	861	501	1362	<nil>
900	585	499	1084	<nil>
900	579	501	1080	<nil>
900	1606	505	2111	<nil>
900	328	502	830	<nil>
900	573	505	1078	<nil>
900	435	513	948	<nil>
900	44904	514	45418	<nil>
900	832	520	1352	<nil>
900	468	512	980	<nil>
900	835	528	1363	<nil>
900	1150	27	1177	<nil>
900	335	515	850	<nil>
900	3749	515	4264	<nil>
900	436	526	962	<nil>
900	43715	518	44233	<nil>
900	833	520	1353	<nil>
900	323	519	842	<nil>
900	832	524	1356	<nil>
900	858	511	1369	<nil>
900	201	513	714	<nil>
920	4192	522	4714	<nil>
900	333	525	858	<nil>
900	470	524	994	<nil>
900	337	524	861	<nil>
900	4633	144	4777	<nil>
900	4201	526	4727	<nil>
900	215	527	742	<nil>
900	846	150	996	<nil>
900	466	528	994	<nil>
900	467	526	993	<nil>
900	263	528	791	<nil>
900	585	522	1107	<nil>
900	834	526	1360	<nil>
900	832	528	1360	<nil>
900	868	520	1388	<nil>
900	215	527	742	<nil>
900	4137	528	4665	<nil>
900	1039	24	1063	<nil>
900	3511	515	4026	<nil>
900	284	525	809	<nil>
900	44382	67	44449	<nil>
900	1153	17	1170	<nil>
900	4179	522	4701	<nil>
900	564	530	1094	<nil>
900	4241	521	4762	<nil>
900	592	524	1116	<nil>
900	71081	104	71185	<nil>
900	214	531	745	<nil>
900	591	521	1112	<nil>
900	587	515	1102	<nil>
900	579	528	1107	<nil>
900	829	528	1357	<nil>
900	1039	24	1063	<nil>
900	827	531	1358	<nil>
900	858	530	1388	<nil>
900	4185	526	4711	<nil>
900	864	526	1390	<nil>
900	1282	75	1357	<nil>
900	831	515	1346	<nil>
900	1145	25	1170	<nil>
900	1012	23	1035	<nil>
900	1974	158	2132	<nil>
900	1309	80	1389	<nil>
900	1026	23	1049	<nil>
900	4220	525	4745	<nil>
900	216	533	749	<nil>
900	45421	534	45955	<nil>
900	1135	35	1170	<nil>
900	1147	24	1171	<nil>
900	3527	510	4037	<nil>
900	835	526	1361	<nil>
900	473	524	997	<nil>
900	473	523	996	<nil>
900	1154	23	1177	<nil>
900	3729	528	4257	<nil>
900	1029	86	1115	<nil>
900	1149	22	1171	<nil>
900	4163	522	4685	<nil>
900	470	518	988	<nil>
900	1158	18	1176	<nil>
900	1277	93	1370	<nil>
900	4429	536	4965	<nil>
900	832	519	1351	<nil>
920	1038	32	1070	<nil>
900	875	517	1392	<nil>
920	1154	23	1177	<nil>
920	4774	21	4795	<nil>
900	4191	523	4714	<nil>
920	17465	137	17602	<nil>
920	1277	94	1371	<nil>
920	1309	106	1415	<nil>
920	1039	37	1076	<nil>
920	864	173	1037	<nil>
920	1280	115	1395	<nil>
900	7195	516	7711	<nil>
920	1158	28	1186	<nil>
920	1169	32	1201	<nil>
920	1164	32	1196	<nil>
920	1062	31	1093	<nil>
920	1178	119	1297	<nil>
920	1043	118	1161	<nil>
920	1185	123	1308	<nil>
920	1166	140	1306	<nil>
920	1015	244	1259	<nil>
920	1049	227	1276	<nil>
920	1047	240	1287	<nil>
920	1035	232	1267	<nil>
920	69991	233	70224	<nil>
920	793	252	1045	<nil>
920	17413	252	17665	<nil>
920	830	231	1061	<nil>
920	818	259	1077	<nil>
920	820	246	1066	<nil>
920	824	247	1071	<nil>
920	810	265	1075	<nil>
920	693	228	921	<nil>
920	1031	263	1294	<nil>
920	4265	249	4514	<nil>
920	300	114	414	<nil>
920	1450	174	1624	<nil>
920	1024	269	1293	<nil>
920	1172	197	1369	<nil>
920	2779	198	2977	<nil>
920	1021	276	1297	<nil>
920	2749	230	2979	<nil>
920	17183	226	17409	<nil>
920	1394	226	1620	<nil>
920	1460	166	1626	<nil>
920	188	226	414	<nil>
920	2808	174	2982	<nil>
920	723	225	948	<nil>
920	601	222	823	<nil>
920	251	211	462	<nil>
920	1456	212	1668	<nil>
920	10330	157	10487	<nil>
920	788	218	1006	<nil>
920	27391	184	27575	<nil>
920	657	205	862	<nil>
920	669	204	873	<nil>
920	1518	206	1724	<nil>
920	673	191	864	<nil>
920	2947	102	3049	<nil>
920	4839	221	5060	<nil>
920	883	138	1021	<nil>
920	921	96	1017	<nil>
920	907	107	1014	<nil>
920	905	109	1014	<nil>
920	936	92	1028	<nil>
920	930	107	1037	<nil>
920	919	107	1026	<nil>
920	10420	114	10534	<nil>
920	930	110	1040	<nil>
920	249	96	345	<nil>
920	247	99	346	<nil>
920	251	95	346	<nil>
920	991	112	1103	<nil>
920	1265	131	1396	<nil>
920	276	129	405	<nil>
920	289	126	415	<nil>
920	294	126	420	<nil>
920	247	142	389	<nil>
920	294	122	416	<nil>
920	15580	113	15693	<nil>
920	3018	123	3141	<nil>
920	79	129	208	<nil>
920	265	154	419	<nil>
920	83	106	189	<nil>
920	3237	105	3342	<nil>
920	294	127	421	<nil>
920	62	143	205	<nil>
920	76	130	206	<nil>
920	287	119	406	<nil>
920	73	131	204	<nil>
920	66	113	179	<nil>
920	264	164	428	<nil>
920	316	113	429	<nil>
920	56	115	171	<nil>
920	57	162	219	<nil>
920	6307	144	6451	<nil>
920	333	144	477	<nil>
920	321	139	460	<nil>
920	357	138	495	<nil>
920	271	138	409	<nil>
920	268	138	406	<nil>
920	277	138	415	<nil>
920	271	138	409	<nil>
920	346	82	428	<nil>
920	352	59	411	<nil>
920	5629	59	5688	<nil>
920	3152	92	3244	<nil>
920	100	102	202	<nil>
920	128	94	222	<nil>
920	443	81	524	<nil>
920	460	68	528	<nil>
920	446	84	530	<nil>
920	454	78	532	<nil>
920	459	65	524	<nil>
920	426	106	532	<nil>
920	442	91	533	<nil>
920	425	106	531	<nil>
920	413	107	520	<nil>
920	235	67	302	<nil>
920	455	81	536	<nil>
920	151	68	219	<nil>
920	130	68	198	<nil>
920	115	83	198	<nil>
920	209	71	280	<nil>
920	216	64	280	<nil>
920	202	80	282	<nil>
920	3211	64	3275	<nil>
920	408	65	473	<nil>
920	209	72	281	<nil>
920	1852	64	1916	<nil>
920	1605	68	1673	<nil>
920	460	65	525	<nil>
920	1095	24	1119	<nil>
920	122	50	172	<nil>
920	1384	70	1454	<nil>
920	1486	40	1526	<nil>
920	123	72	195	<nil>
920	117573	78	117651	<nil>
920	202	24	226	<nil>
920	48	25	73	<nil>
920	1170	18	1188	<nil>
920	524	29	553	<nil>
920	283	21	304	<nil>
920	143	29	172	<nil>
920	522	31	553	<nil>
920	535	17	552	<nil>
920	279	25	304	<nil>
920	73103	44	73147	<nil>
920	122	50	172	<nil>
920	5217	40	5257	<nil>
920	403	65	468	<nil>
920	1224	18	1242	<nil>
920	3465	18	3483	<nil>
920	7365	29	7394	<nil>
920	1224	19	1243	<nil>
920	1223	18	1241	<nil>
920	47	28	75	<nil>
920	2122	18	2140	<nil>
920	280	23	303	<nil>
920	1231	21	1252	<nil>
920	240	10	250	<nil>
920	1158	73	1231	<nil>
920	1206	79	1285	<nil>
920	552	12	564	<nil>
920	1314	15	1329	<nil>
920	1314	22	1336	<nil>
920	1328	17	1345	<nil>
920	1077	49	1126	<nil>
920	1314	16	1330	<nil>
920	1314	23	1337	<nil>
920	1314	15	1329	<nil>
920	1314	16	1330	<nil>
920	552	24	576	<nil>
920	551	28	579	<nil>
920	1327	23	1350	<nil>
920	495	25	520	<nil>
920	1329	18	1347	<nil>
920	508	25	533	<nil>
920	497	35	532	<nil>
920	499	37	536	<nil>
920	502	35	537	<nil>
920	505	37	542	<nil>
920	1534	38	1572	<nil>
920	189	15	204	<nil>
920	501	54	555	<nil>
920	296	32	328	<nil>
920	3346	19	3365	<nil>
920	188	11	199	<nil>
920	625	23	648	<nil>
920	189	18	207	<nil>
920	5374	7	5381	<nil>
920	26509	11	26520	<nil>
920	3342	52	3394	<nil>
920	210	21	231	<nil>
920	1593	26	1619	<nil>
920	535	20	555	<nil>
920	187	12	199	<nil>
920	536	37	573	<nil>
920	433	9	442	<nil>
920	1733	35	1768	<nil>
920	202	12	214	<nil>
920	530	37	567	<nil>
920	529	42	571	<nil>
920	2858	16	2874	<nil>
920	537	42	579	<nil>
920	243	18	261	<nil>
920	534	41	575	<nil>
920	1551	43	1594	<nil>
920	114982	42	115024	<nil>
920	212	14	226	<nil>
920	3340	41	3381	<nil>
920	310	24	334	<nil>
920	530	43	573	<nil>
920	589	43	632	<nil>
920	204	17	221	<nil>
920	5386	4	5390	<nil>
920	531	44	575	<nil>
920	2835	20	2855	<nil>
920	304	9	313	<nil>
920	1188	51	1239	<nil>
920	533	21	554	<nil>
920	506	69	575	<nil>
920	547	52	599	<nil>
920	648	10	658	<nil>
920	1552	52	1604	<nil>
920	306	10	316	<nil>
920	537	52	589	<nil>
920	1305	25	1330	<nil>
920	654	11	665	<nil>
920	194	8	202	<nil>
920	548	53	601	<nil>
920	203	26	229	<nil>
920	203	26	229	<nil>
920	170	12	182	<nil>
920	213	27	240	<nil>
920	628	14	642	<nil>
920	534	52	586	<nil>
920	502	85	587	<nil>
920	178	26	204	<nil>
920	539	19	558	<nil>
920	646	13	659	<nil>
920	647	12	659	<nil>
920	330	6	336	<nil>
920	563	28	591	<nil>
920	665	15	680	<nil>
920	534	54	588	<nil>
920	630	13	643	<nil>
920	650	10	660	<nil>
920	377	21	398	<nil>
920	302	15	317	<nil>
920	172	8	180	<nil>
920	534	36	570	<nil>
920	3675	58	3733	<nil>
920	193	13	206	<nil>
920	209	14	223	<nil>
920	425	7	432	<nil>
920	149	14	163	<nil>
920	5408	11	5419	<nil>
920	345	9	354	<nil>
920	165	11	176	<nil>
920	9597	14	9611	<nil>
920	403	8	411	<nil>
920	425	8	433	<nil>
920	282	7	289	<nil>
920	4955	11	4966	<nil>
920	405	7	412	<nil>
920	364	8	372	<nil>
920	662	8	670	<nil>
920	152	14	166	<nil>
920	647	7	654	<nil>
920	162	15	177	<nil>
920	5398	14	5412	<nil>
920	154	9	163	<nil>
920	422	8	430	<nil>
920	665	6	671	<nil>
920	322	15	337	<nil>
920	176	15	191	<nil>
920	1320	21	1341	<nil>
920	405	10	415	<nil>
920	425	10	435	<nil>
920	943	32	975	<nil>
920	1969	16	1985	<nil>
920	1839	21	1860	<nil>
920	2691	18	2709	<nil>
920	2661	21	2682	<nil>
920	8867	18	8885	<nil>
920	1986	21	2007	<nil>
920	4363	23	4386	<nil>
920	1994	17	2011	<nil>
920	613	43	656	<nil>
920	1950	38	1988	<nil>
920	1937	21	1958	<nil>
920	1984	33	2017	<nil>
920	6260	42	6302	<nil>
920	1460	38	1498	<nil>
920	1985	41	2026	<nil>
920	1996	32	2028	<nil>
920	2701	24	2725	<nil>
920	15243	22	15265	<nil>
920	6083	30	6113	<nil>
920	664	3	667	<nil>
920	653	19	672	<nil>
920	734	31	765	<nil>
920	1985	18	2003	<nil>
920	1967	24	1991	<nil>
920	1951	38	1989	<nil>
920	30071	42	30113	<nil>
920	748	35	783	<nil>
920	1994	48	2042	<nil>
920	730	13	743	<nil>
920	1985	58	2043	<nil>
920	668	17	685	<nil>
920	663	16	679	<nil>
920	758	37	795	<nil>
920	757	25	782	<nil>
920	651	39	690	<nil>
920	664	4	668	<nil>
920	5599	47	5646	<nil>
920	23596	39	23635	<nil>
920	732	16	748	<nil>
920	4206	21	4227	<nil>
920	2708	22	2730	<nil>
920	4207	70	4277	<nil>
920	6058	25	6083	<nil>
920	667	21	688	<nil>
920	1971	69	2040	<nil>
920	669	24	693	<nil>
920	703	7	710	<nil>
920	765	25	790	<nil>
920	768	24	792	<nil>
920	6080	19	6099	<nil>
920	5993	54	6047	<nil>
920	764	28	792	<nil>
920	678	25	703	<nil>
920	695	5	700	<nil>
920	812	26	838	<nil>
920	731	25	756	<nil>
920	675	20	695	<nil>
920	633	56	689	<nil>
920	731	24	755	<nil>
920	668	26	694	<nil>
920	6095	7	6102	<nil>
920	6072	27	6099	<nil>
920	692	5	697	<nil>
920	740	22	762	<nil>
920	5523	23	5546	<nil>
920	1997	56	2053	<nil>
920	792	2	794	<nil>
920	834	7	841	<nil>
920	810	27	837	<nil>
920	10242	20	10262	<nil>
920	691	8	699	<nil>
920	723	35	758	<nil>
920	1998	81	2079	<nil>
920	640	68	708	<nil>
920	2304	89	2393	<nil>
920	1984	26	2010	<nil>
920	11474	24	11498	<nil>
920	2663	26	2689	<nil>
920	29476	81	29557	<nil>
920	1985	90	2075	<nil>
920	6046	71	6117	<nil>
920	784	37	821	<nil>
920	646	62	708	<nil>
920	2420	79	2499	<nil>
920	1987	88	2075	<nil>
920	754	93	847	<nil>
920	2002	75	2077	<nil>
920	1999	76	2075	<nil>
920	11474	26	11500	<nil>
920	1985	88	2073	<nil>
920	663	46	709	<nil>
920	1993	85	2078	<nil>
920	651	71	722	<nil>
920	1991	81	2072	<nil>
920	6026	94	6120	<nil>
920	643	73	716	<nil>
920	1990	85	2075	<nil>
920	1942	83	2025	<nil>
920	1982	94	2076	<nil>
920	6031	20	6051	<nil>
920	748	67	815	<nil>
920	6008	16	6024	<nil>
920	1977	99	2076	<nil>
920	6001	96	6097	<nil>
920	1892	74	1966	<nil>
920	760	70	830	<nil>
920	628	86	714	<nil>
920	6050	78	6128	<nil>
920	1987	90	2077	<nil>
920	2710	90	2800	<nil>
920	649	70	719	<nil>
920	30016	83	30099	<nil>
920	1995	84	2079	<nil>
920	4386	80	4466	<nil>
920	633	81	714	<nil>
920	6040	83	6123	<nil>
920	1957	96	2053	<nil>
920	6076	49	6125	<nil>
920	6041	82	6123	<nil>
920	1863	88	1951	<nil>
920	779	75	854	<nil>
920	1959	97	2056	<nil>
920	1997	81	2078	<nil>
920	1848	86	1934	<nil>
920	769	80	849	<nil>
920	787	74	861	<nil>
920	643	73	716	<nil>
920	740	91	831	<nil>
920	774	74	848	<nil>
920	5603	84	5687	<nil>
920	635	87	722	<nil>
920	1954	98	2052	<nil>
920	784	58	842	<nil>
920	623	92	715	<nil>
920	2703	105	2808	<nil>
920	742	77	819	<nil>
920	694	82	776	<nil>
920	641	80	721	<nil>
920	648	96	744	<nil>
920	1990	97	2087	<nil>
920	1933	97	2030	<nil>
920	26842	89	26931	<nil>
920	756	74	830	<nil>
920	1994	92	2086	<nil>
920	2721	92	2813	<nil>
920	1922	94	2016	<nil>
920	700	72	772	<nil>
920	1992	75	2067	<nil>
920	28624	66	28690	<nil>
920	758	75	833	<nil>
920	755	59	814	<nil>
920	745	83	828	<nil>
920	2687	77	2764	<nil>
920	5708	53	5761	<nil>
920	769	54	823	<nil>
920	785	221	1006	<nil>
920	700	249	949	<nil>
920	6096	251	6347	<nil>
920	856	221	1077	<nil>
920	56	246	302	<nil>
920	25877	276	26153	<nil>
920	827	221	1048	<nil>
920	1313	220	1533	<nil>
920	810	275	1085	<nil>
920	6066	236	6302	<nil>
920	681	273	954	<nil>
920	795	274	1069	<nil>
920	767	244	1011	<nil>
920	705	241	946	<nil>
920	3590	239	3829	<nil>
920	773	241	1014	<nil>
920	5570	225	5795	<nil>
920	26505	228	26733	<nil>
920	686	259	945	<nil>
920	821	224	1045	<nil>
920	684	261	945	<nil>
920	823	222	1045	<nil>
920	721	223	944	<nil>
920	6129	222	6351	<nil>
920	723	226	949	<nil>
920	714	231	945	<nil>
920	706	244	950	<nil>
920	725	223	948	<nil>
920	844	246	1090	<nil>
920	707	243	950	<nil>
920	695	256	951	<nil>
920	776	284	1060	<nil>
920	706	246	952	<nil>
920	784	275	1059	<nil>
920	25873	241	26114	<nil>
920	713	233	946	<nil>
920	5385	274	5659	<nil>
920	681	264	945	<nil>
920	728	236	964	<nil>
920	6117	237	6354	<nil>
920	868	222	1090	<nil>
920	5640	277	5917	<nil>
920	807	255	1062	<nil>
920	721	225	946	<nil>
920	804	244	1048	<nil>
920	25927	225	26152	<nil>
920	857	230	1087	<nil>
920	830	241	1071	<nil>
920	10332	228	10560	<nil>
920	787	225	1012	<nil>
920	786	227	1013	<nil>
920	712	239	951	<nil>
920	859	228	1087	<nil>
920	782	231	1013	<nil>
920	764	247	1011	<nil>
920	778	238	1016	<nil>
920	9817	250	10067	<nil>
920	720	231	951	<nil>
920	670	275	945	<nil>
920	803	275	1078	<nil>
920	671	277	948	<nil>
920	845	238	1083	<nil>
920	670	275	945	<nil>
920	6099	223	6322	<nil>
920	792	261	1053	<nil>
920	701	244	945	<nil>
920	726	229	955	<nil>
920	822	231	1053	<nil>
920	725	233	958	<nil>
920	853	231	1084	<nil>
920	664	286	950	<nil>
920	721	231	952	<nil>
920	820	262	1082	<nil>
920	728	223	951	<nil>
920	808	239	1047	<nil>
920	67998	222	68220	<nil>
920	819	232	1051	<nil>
920	790	263	1053	<nil>
920	861	225	1086	<nil>
920	784	227	1011	<nil>
920	773	274	1047	<nil>
920	685	265	950	<nil>
920	6188	231	6419	<nil>
920	852	233	1085	<nil>
920	724	225	949	<nil>
920	6080	242	6322	<nil>
920	715	243	958	<nil>
920	826	225	1051	<nil>
920	6112	229	6341	<nil>
920	677	278	955	<nil>
920	6157	262	6419	<nil>
920	791	380	1171	<nil>
920	30164	382	30546	<nil>
920	2778	383	3161	<nil>
920	730	383	1113	<nil>
920	725	439	1164	<nil>
920	385	0	385	rpc error: code = Unavailable desc = transport is closing
920	394	0	394	rpc error: code = Unavailable desc = transport is closing
920	3166	0	3166	rpc error: code = Unavailable desc = transport is closing
920	3174	0	3174	rpc error: code = Unavailable desc = transport is closing
920	410	0	410	rpc error: code = Unavailable desc = transport is closing
920	411	0	411	rpc error: code = Unavailable desc = transport is closing
920	405	0	405	rpc error: code = Unavailable desc = transport is closing
920	431	0	431	rpc error: code = Unavailable desc = transport is closing
920	425	0	425	rpc error: code = Unavailable desc = transport is closing
920	419	0	419	rpc error: code = Unavailable desc = transport is closing
920	412	0	412	rpc error: code = Unavailable desc = transport is closing
920	10690	0	10690	rpc error: code = Unavailable desc = transport is closing
920	10258	0	10258	rpc error: code = Unavailable desc = transport is closing
920	412	0	412	rpc error: code = Unavailable desc = transport is closing
920	3180	0	3180	rpc error: code = Unavailable desc = transport is closing
920	437	0	437	rpc error: code = Unavailable desc = transport is closing
920	423	0	423	rpc error: code = Unavailable desc = transport is closing
920	424	0	424	rpc error: code = Unavailable desc = transport is closing
920	439	0	439	rpc error: code = Unavailable desc = transport is closing
920	459	0	459	rpc error: code = Unavailable desc = transport is closing
920	416	0	416	rpc error: code = Unavailable desc = transport is closing
920	438	0	438	rpc error: code = Unavailable desc = transport is closing
920	6546	0	6546	rpc error: code = Unavailable desc = transport is closing
920	426	0	426	rpc error: code = Unavailable desc = transport is closing
920	412	0	412	rpc error: code = Unavailable desc = transport is closing
920	468	0	468	rpc error: code = Unavailable desc = transport is closing
920	467	0	467	rpc error: code = Unavailable desc = transport is closing
920	407	0	407	rpc error: code = Unavailable desc = transport is closing
920	420	0	420	rpc error: code = Unavailable desc = transport is closing
920	3172	0	3172	rpc error: code = Unavailable desc = transport is closing
920	417	0	417	rpc error: code = Unavailable desc = transport is closing
920	441	0	441	rpc error: code = Unavailable desc = transport is closing
920	471	0	471	rpc error: code = Unavailable desc = transport is closing
920	419	0	419	rpc error: code = Unavailable desc = transport is closing
920	423	0	423	rpc error: code = Unavailable desc = transport is closing
920	414	0	414	rpc error: code = Unavailable desc = transport is closing
920	6521	0	6521	rpc error: code = Unavailable desc = transport is closing
920	488	0	488	rpc error: code = Unavailable desc = transport is closing
920	469	0	469	rpc error: code = Unavailable desc = transport is closing
920	10751	0	10751	rpc error: code = Unavailable desc = transport is closing
920	419	0	419	rpc error: code = Unavailable desc = transport is closing
920	438	0	438	rpc error: code = Unavailable desc = transport is closing
920	410	0	410	rpc error: code = Unavailable desc = transport is closing
920	423	0	423	rpc error: code = Unavailable desc = transport is closing
920	420	0	420	rpc error: code = Unavailable desc = transport is closing
920	3194	0	3194	rpc error: code = Unavailable desc = transport is closing
920	424	0	424	rpc error: code = Unavailable desc = transport is closing
920	425	0	425	rpc error: code = Unavailable desc = transport is closing
920	16141	0	16141	rpc error: code = Unavailable desc = transport is closing
920	26367	0	26367	rpc error: code = Unavailable desc = transport is closing
920	424	0	424	rpc error: code = Unavailable desc = transport is closing
920	419	0	419	rpc error: code = Unavailable desc = transport is closing
920	419	0	419	rpc error: code = Unavailable desc = transport is closing
920	416	0	416	rpc error: code = Unavailable desc = transport is closing
920	473	0	473	rpc error: code = Unavailable desc = transport is closing
920	441	0	441	rpc error: code = Unavailable desc = transport is closing
920	10592	0	10592	rpc error: code = Unavailable desc = transport is closing
920	459	0	459	rpc error: code = Unavailable desc = transport is closing
920	520	111	631	<nil>
920	520	111	631	<nil>
920	276	116	392	<nil>
920	270	132	402	<nil>
920	280	115	395	<nil>
920	1281	132	1413	<nil>
920	1246	112	1358	<nil>
920	3318	112	3430	<nil>
920	1246	112	1358	<nil>
920	281	113	394	<nil>
920	282	115	397	<nil>
920	297	105	402	<nil>
920	285	113	398	<nil>
920	293	109	402	<nil>
920	280	115	395	<nil>
920	3291	106	3397	<nil>
920	3303	104	3407	<nil>
920	252	116	368	<nil>
920	301	104	405	<nil>
920	141	104	245	<nil>
920	288	113	401	<nil>
920	289	113	402	<nil>
920	141	105	246	<nil>
920	1256	106	1362	<nil>
920	140	26	166	<nil>
920	160	15	175	<nil>
920	137	30	167	<nil>
920	141	30	171	<nil>
920	138	29	167	<nil>
920	140	25	165	<nil>
920	122	58	180	<nil>
920	15365	17	15382	<nil>
920	160	14	174	<nil>
920	157	14	171	<nil>
920	158	14	172	<nil>
920	141	25	166	<nil>
920	157	14	171	<nil>
920	148	23	171	<nil>
920	143	29	172	<nil>
920	138	27	165	<nil>
920	156	15	171	<nil>
920	138	29	167	<nil>
920	92	14	106	<nil>
920	9623	65	9688	<nil>
920	145	25	170	<nil>
920	158	14	172	<nil>
920	158	14	172	<nil>
920	158	13	171	<nil>
920	143	24	167	<nil>
920	158	14	172	<nil>
920	159	15	174	<nil>
920	158	14	172	<nil>
920	159	15	174	<nil>
920	156	15	171	<nil>
920	27205	15	27220	<nil>
920	160	13	173	<nil>
920	158	14	172	<nil>
920	160	14	174	<nil>
920	141	24	165	<nil>
920	138	30	168	<nil>
920	158	15	173	<nil>
920	158	13	171	<nil>
920	156	15	171	<nil>
920	144	32	176	<nil>
920	157	16	173	<nil>
920	158	15	173	<nil>
920	158	15	173	<nil>
920	158	16	174	<nil>
920	157	14	171	<nil>
920	159	14	173	<nil>
920	158	15	173	<nil>
920	158	14	172	<nil>
920	156	15	171	<nil>
920	81	179	260	<nil>
920	67	179	246	<nil>
920	79	179	258	<nil>
920	80	180	260	<nil>
920	77	180	257	<nil>
920	77	180	257	<nil>
920	97	180	277	<nil>
920	67	180	247	<nil>
920	67	181	248	<nil>
920	67	181	248	<nil>
920	71	178	249	<nil>
920	80	180	260	<nil>
920	81	181	262	<nil>
920	65	181	246	<nil>
920	80	181	261	<nil>
920	66	182	248	<nil>
920	65	182	247	<nil>
920	77	181	258	<nil>
920	4844	179	5023	<nil>
920	68	183	251	<nil>
920	81	183	264	<nil>
920	257	43	300	<nil>
920	180	41	221	<nil>
920	179	47	226	<nil>
920	181	39	220	<nil>
920	211	21	232	<nil>
920	202	31	233	<nil>
920	178	52	230	<nil>
920	5240	22	5262	<nil>
920	185	50	235	<nil>
920	190	41	231	<nil>
920	211	21	232	<nil>
920	206	26	232	<nil>
920	212	20	232	<nil>
920	209	23	232	<nil>
920	209	21	230	<nil>
920	211	19	230	<nil>
920	181	52	233	<nil>
920	201	31	232	<nil>
920	211	21	232	<nil>
920	212	23	235	<nil>
920	210	22	232	<nil>
920	203	33	236	<nil>
920	211	34	245	<nil>
920	211	33	244	<nil>
920	211	71	282	<nil>
920	208	72	280	<nil>
920	15510	70	15580	<nil>
920	106	70	176	<nil>
920	105	72	177	<nil>
920	26443	72	26515	<nil>
920	212	77	289	<nil>
920	4964	65	5029	<nil>
920	106	74	180	<nil>
920	5257	64	5321	<nil>
920	27114	66	27180	<nil>
920	111	69	180	<nil>
920	105	75	180	<nil>
920	109	71	180	<nil>
920	110	118	228	<nil>
920	26897	114	27011	<nil>
920	114	118	232	<nil>
920	110	123	233	<nil>
920	112	121	233	<nil>
920	115	119	234	<nil>
920	111	122	233	<nil>
920	5404	119	5523	<nil>
920	111	123	234	<nil>
920	108	127	235	<nil>
920	54	121	175	<nil>
920	51	122	173	<nil>
920	117	126	243	<nil>
920	9680	129	9809	<nil>
920	54	123	177	<nil>
920	51	123	174	<nil>
920	49	123	172	<nil>
920	50	123	173	<nil>
920	55	129	184	<nil>
920	101	85	186	<nil>
920	57	120	177	<nil>
920	50	124	174	<nil>
920	57	129	186	<nil>
920	69	168	237	<nil>
920	65	169	234	<nil>
920	105	133	238	<nil>
920	55	138	193	<nil>
920	25129	153	25282	<nil>
920	4603	154	4757	<nil>
920	9436	181	9617	<nil>
920	50	176	226	<nil>
920	53	153	206	<nil>
920	55	153	208	<nil>
920	104	155	259	<nil>
920	9452	136	9588	<nil>
920	55	189	244	<nil>
920	94	141	235	<nil>
920	95	143	238	<nil>
920	101	141	242	<nil>
920	102	143	245	<nil>
920	97	139	236	<nil>
920	102	144	246	<nil>
920	169	137	306	<nil>
920	170	136	306	<nil>
920	175	138	313	<nil>
920	93	154	247	<nil>
920	97	150	247	<nil>
920	99	151	250	<nil>
920	10193	143	10336	<nil>
920	104	142	246	<nil>
920	95	150	245	<nil>
920	1080	141	1221	<nil>
920	1106	141	1247	<nil>
920	68	137	205	<nil>
920	170	142	312	<nil>
920	103	144	247	<nil>
920	103	144	247	<nil>
920	97	151	248	<nil>
920	1120	144	1264	<nil>
920	98	158	256	<nil>
920	1090	200	1290	<nil>
920	1127	194	1321	<nil>
920	1076	216	1292	<nil>
920	1105	228	1333	<nil>
920	1114	230	1344	<nil>
920	10115	159	10274	<nil>
920	1075	231	1306	<nil>
920	160	98	258	<nil>
920	1189	107	1296	<nil>
920	1191	106	1297	<nil>
920	2762	108	2870	<nil>
920	1177	120	1297	<nil>
920	178	117	295	<nil>
920	2515	112	2627	<nil>
920	131	107	238	<nil>
920	1184	112	1296	<nil>
920	188	109	297	<nil>
920	1182	116	1298	<nil>
920	1164	133	1297	<nil>
920	2513	134	2647	<nil>
920	2751	117	2868	<nil>
920	2497	124	2621	<nil>
920	1186	111	1297	<nil>
920	9946	105	10051	<nil>
920	105	124	229	<nil>
920	187	108	295	<nil>
920	169	159	328	<nil>
920	1185	145	1330	<nil>
920	47964	167	48131	<nil>
920	100	144	244	<nil>
920	9965	159	10124	<nil>
920	75	176	251	<nil>
920	119	162	281	<nil>
920	5787	95	5882	<nil>
920	164	109	273	<nil>
920	2599	111	2710	<nil>
920	1290	110	1400	<nil>
920	2658	180	2838	<nil>
920	146	110	256	<nil>
920	1319	109	1428	<nil>
920	2849	109	2958	<nil>
920	1214	187	1401	<nil>
920	40349	109	40458	<nil>
920	106	92	198	<nil>
920	2864	93	2957	<nil>
920	117	93	210	<nil>
920	88	93	181	<nil>
920	2756	96	2852	<nil>
920	100	96	196	<nil>
920	125	97	222	<nil>
920	93	96	189	<nil>
920	89	99	188	<nil>
920	5430	99	5529	<nil>
920	89	99	188	<nil>
920	91	99	190	<nil>
920	166	24	190	<nil>
920	169	24	193	<nil>
920	168	26	194	<nil>
920	2941	25	2966	<nil>
920	165	27	192	<nil>
920	163	29	192	<nil>
920	164	29	193	<nil>
920	173	30	203	<nil>
920	169	30	199	<nil>
920	10114	33	10147	<nil>
920	166	31	197	<nil>
920	164	34	198	<nil>
920	166	31	197	<nil>
920	169	32	201	<nil>
920	176	35	211	<nil>
920	163	35	198	<nil>
920	5691	33	5724	<nil>
920	94	34	128	<nil>
920	2940	38	2978	<nil>
920	76	34	110	<nil>
920	78	35	113	<nil>
920	5509	33	5542	<nil>
920	17249	34	17283	<nil>
920	5509	34	5543	<nil>
920	79	36	115	<nil>
920	85	36	121	<nil>
920	54	32	86	<nil>
920	84	34	118	<nil>
920	63	29	92	<nil>
920	55	30	85	<nil>
920	53	31	84	<nil>
920	2955	37	2992	<nil>
920	57	36	93	<nil>
920	63	36	99	<nil>
920	2714	33	2747	<nil>
920	67	33	100	<nil>
920	64	38	102	<nil>
920	61	40	101	<nil>
920	205	12	217	<nil>
920	176	8	184	<nil>
920	2870	7	2877	<nil>
920	150	6	156	<nil>
920	205	7	212	<nil>
920	136	8	144	<nil>
920	217	12	229	<nil>
920	152	10	162	<nil>
920	27248	9	27257	<nil>
920	141	4	145	<nil>
920	3115	12	3127	<nil>
920	154	16	170	<nil>
920	2678	13	2691	<nil>
920	10012	12	10024	<nil>
920	69816	13	69829	<nil>
920	10517	14	10531	<nil>
920	159	5	164	<nil>
920	153	15	168	<nil>
920	17275	15	17290	<nil>
920	160	15	175	<nil>
920	5868	15	5883	<nil>
920	142	15	157	<nil>
920	145	6	151	<nil>
920	158	4	162	<nil>
920	2875	17	2892	<nil>
920	5877	6	5883	<nil>
920	136	9	145	<nil>
920	157	5	162	<nil>
920	170	10	180	<nil>
920	173	7	180	<nil>
920	2884	10	2894	<nil>
920	204	13	217	<nil>
920	3114	28	3142	<nil>
920	2770	17	2787	<nil>
920	135	18	153	<nil>
920	221	18	239	<nil>
920	220	60	280	<nil>
920	186	60	246	<nil>
920	225	59	284	<nil>
920	142	70	212	<nil>
920	2886	59	2945	<nil>
920	10539	68	10607	<nil>
920	2897	73	2970	<nil>
920	161	78	239	<nil>
920	148	66	214	<nil>
920	155	79	234	<nil>
920	152	80	232	<nil>
920	171	72	243	<nil>
920	226	76	302	<nil>
920	144	79	223	<nil>
920	219	88	307	<nil>
920	160	76	236	<nil>
920	136	74	210	<nil>
920	135	81	216	<nil>
920	137	81	218	<nil>
920	165	100	265	<nil>
920	163	110	273	<nil>
920	145	100	245	<nil>
920	183	105	288	<nil>
920	15435	123	15558	<nil>
920	163	110	273	<nil>
920	141	11	152	<nil>
920	141	11	152	<nil>
920	150	11	161	<nil>
920	139	11	150	<nil>
920	140	10	150	<nil>
920	151	4	155	<nil>
920	140	4	144	<nil>
920	142	5	147	<nil>
920	151	4	155	<nil>
920	151	10	161	<nil>
920	145	11	156	<nil>
920	151	4	155	<nil>
920	143	11	154	<nil>
920	142	12	154	<nil>
920	151	4	155	<nil>
920	128	12	140	<nil>
920	305	3	308	<nil>
920	10453	11	10464	<nil>
920	150	4	154	<nil>
920	142	6	148	<nil>
920	150	26	176	<nil>
920	143	29	172	<nil>
920	144	30	174	<nil>
920	298	30	328	<nil>
920	147	41	188	<nil>
920	324	42	366	<nil>
920	141	28	169	<nil>
920	3278	49	3327	<nil>
920	298	36	334	<nil>
920	156	38	194	<nil>
920	150	38	188	<nil>
920	152	41	193	<nil>
920	150	37	187	<nil>
920	338	46	384	<nil>
920	3162	47	3209	<nil>
920	16325	47	16372	<nil>
920	378	47	425	<nil>
920	145	36	181	<nil>
920	305	48	353	<nil>
920	149	53	202	<nil>
920	3283	52	3335	<nil>
920	3034	89	3123	<nil>
920	140	98	238	<nil>
920	140	99	239	<nil>
920	84	90	174	<nil>
920	28876	96	28972	<nil>
920	2442	96	2538	<nil>
920	3281	99	3380	<nil>
920	140	96	236	<nil>
920	137	145	282	<nil>
920	2444	184	2628	<nil>
920	1108	184	1292	<nil>
920	1051	188	1239	<nil>
920	142	191	333	<nil>
920	3276	192	3468	<nil>
920	137	139	276	<nil>
920	3586	21	3607	<nil>
920	401	26	427	<nil>
920	272	26	298	<nil>
920	277	0	277	rpc error: code = Unavailable desc = transport is closing
920	168	183	351	<nil>
920	2607	194	2801	<nil>
920	3180	30	3210	<nil>
920	2771	29	2800	<nil>
920	11022	29	11051	<nil>
920	135	175	310	<nil>
920	164	201	365	<nil>
920	1082	6	1088	<nil>
920	179	191	370	<nil>
920	173	195	368	<nil>
920	169	202	371	<nil>
920	5319	394	5713	<nil>
920	3233	181	3414	<nil>
920	163	204	367	<nil>
920	156	211	367	<nil>
920	170	199	369	<nil>
920	162	206	368	<nil>
920	178	189	367	<nil>
920	3473	168	3641	<nil>
920	2802	6	2808	<nil>
920	76	295	371	<nil>
920	122	204	326	<nil>
920	139	187	326	<nil>
920	2609	202	2811	<nil>
920	166	203	369	<nil>
920	10865	200	11065	<nil>
920	277	64	341	<nil>
920	74	295	369	<nil>
920	168	225	393	<nil>
920	146	214	360	<nil>
920	173	218	391	<nil>
920	163	231	394	<nil>
920	132	206	338	<nil>
920	144	218	362	<nil>
920	6562	0	6562	rpc error: code = Unavailable desc = transport is closing
920	161	236	397	<nil>
920	1405	0	1405	rpc error: code = Unavailable desc = transport is closing
920	3263	0	3263	rpc error: code = Unavailable desc = transport is closing
920	411	72	483	<nil>
920	360	72	432	<nil>
920	168	227	395	<nil>
920	273	73	346	<nil>
920	270	77	347	<nil>
920	409	73	482	<nil>
920	6607	0	6607	rpc error: code = Unavailable desc = transport is closing
920	480	0	480	rpc error: code = Unavailable desc = transport is closing
920	132	219	351	<nil>
920	276	0	276	rpc error: code = Unavailable desc = transport is closing
920	10833	0	10833	rpc error: code = Unavailable desc = transport is closing
920	265	0	265	rpc error: code = Unavailable desc = transport is closing
920	270	0	270	rpc error: code = Unavailable desc = transport is closing
920	271	0	271	rpc error: code = Unavailable desc = transport is closing
920	263	0	263	rpc error: code = Unavailable desc = transport is closing
920	159	238	397	<nil>
920	2797	91	2888	<nil>
920	465	0	465	rpc error: code = Unavailable desc = transport is closing
920	2771	73	2844	<nil>
920	448	77	525	<nil>
920	381	143	524	<nil>
920	468	91	559	<nil>
920	341	91	432	<nil>
920	2772	174	2946	<nil>
920	271	215	486	<nil>
920	3257	218	3475	<nil>
920	479	0	479	rpc error: code = Unavailable desc = transport is closing
920	513	0	513	rpc error: code = Unavailable desc = transport is closing
920	16168	0	16168	rpc error: code = Unavailable desc = transport is closing
920	454	0	454	rpc error: code = Unavailable desc = transport is closing
920	460	0	460	rpc error: code = Unavailable desc = transport is closing
920	458	0	458	rpc error: code = Unavailable desc = transport is closing
920	14934	0	14934	rpc error: code = Unavailable desc = transport is closing
920	460	0	460	rpc error: code = Unavailable desc = transport is closing
920	355	217	572	<nil>
920	70754	195	70949	<nil>
920	9514	196	9710	<nil>
920	2823	196	3019	<nil>
920	209	197	406	<nil>
920	1430	0	1430	rpc error: code = Unavailable desc = transport is closing
920	280	215	495	<nil>
920	2794	198	2992	<nil>
920	463	0	463	rpc error: code = Unavailable desc = transport is closing
920	10742	0	10742	rpc error: code = Unavailable desc = transport is closing
920	279	249	528	<nil>
920	464	0	464	rpc error: code = Unavailable desc = transport is closing
920	432	118	550	<nil>
920	1433	0	1433	rpc error: code = Unavailable desc = transport is closing
920	417	131	548	<nil>
920	1185	148	1333	<nil>
920	406	144	550	<nil>
920	9231	0	9231	rpc error: code = Unavailable desc = transport is closing
920	278	274	552	<nil>
920	493	0	493	rpc error: code = Unavailable desc = transport is closing
920	384	69	453	<nil>
920	473	0	473	rpc error: code = Unavailable desc = transport is closing
920	3239	0	3239	rpc error: code = Unavailable desc = transport is closing
920	521	0	521	rpc error: code = Unavailable desc = transport is closing
920	382	71	453	<nil>
920	557	124	681	<nil>
920	475	0	475	rpc error: code = Unavailable desc = transport is closing
920	484	69	553	<nil>
920	10632	137	10769	<nil>
920	501	0	501	rpc error: code = Unavailable desc = transport is closing
920	379	136	515	<nil>
920	392	139	531	<nil>
920	74246	0	74246	rpc error: code = Unavailable desc = transport is closing
920	529	0	529	rpc error: code = Unavailable desc = transport is closing
920	506	0	506	rpc error: code = Unavailable desc = transport is closing
920	479	0	479	rpc error: code = Unavailable desc = transport is closing
920	487	0	487	rpc error: code = Unavailable desc = transport is closing
920	3242	0	3242	rpc error: code = Unavailable desc = transport is closing
920	2989	139	3128	<nil>
920	477	0	477	rpc error: code = Unavailable desc = transport is closing
920	389	140	529	<nil>
920	3244	0	3244	rpc error: code = Unavailable desc = transport is closing
920	2988	139	3127	<nil>
920	388	141	529	<nil>
920	10815	0	10815	rpc error: code = Unavailable desc = transport is closing
920	389	140	529	<nil>
920	486	0	486	rpc error: code = Unavailable desc = transport is closing
920	514	0	514	rpc error: code = Unavailable desc = transport is closing
920	478	0	478	rpc error: code = Unavailable desc = transport is closing
920	484	0	484	rpc error: code = Unavailable desc = transport is closing
920	514	0	514	rpc error: code = Unavailable desc = transport is closing
920	3248	0	3248	rpc error: code = Unavailable desc = transport is closing
920	1437	0	1437	rpc error: code = Unavailable desc = transport is closing
920	1435	0	1435	rpc error: code = Unavailable desc = transport is closing
920	3256	0	3256	rpc error: code = Unavailable desc = transport is closing
920	493	0	493	rpc error: code = Unavailable desc = transport is closing
920	482	0	482	rpc error: code = Unavailable desc = transport is closing
920	543	0	543	rpc error: code = Unavailable desc = transport is closing
920	518	0	518	rpc error: code = Unavailable desc = transport is closing
920	515	0	515	rpc error: code = Unavailable desc = transport is closing
920	485	0	485	rpc error: code = Unavailable desc = transport is closing
920	480	0	480	rpc error: code = Unavailable desc = transport is closing
920	517	0	517	rpc error: code = Unavailable desc = transport is closing
920	6586	0	6586	rpc error: code = Unavailable desc = transport is closing
920	488	0	488	rpc error: code = Unavailable desc = transport is closing
920	511	0	511	rpc error: code = Unavailable desc = transport is closing
920	3261	0	3261	rpc error: code = Unavailable desc = transport is closing
920	480	0	480	rpc error: code = Unavailable desc = transport is closing
920	487	0	487	rpc error: code = Unavailable desc = transport is closing
920	521	0	521	rpc error: code = Unavailable desc = transport is closing
920	3265	0	3265	rpc error: code = Unavailable desc = transport is closing
920	3261	0	3261	rpc error: code = Unavailable desc = transport is closing
920	532	0	532	rpc error: code = Unavailable desc = transport is closing
920	485	0	485	rpc error: code = Unavailable desc = transport is closing
920	3258	0	3258	rpc error: code = Unavailable desc = transport is closing
920	512	0	512	rpc error: code = Unavailable desc = transport is closing
920	3258	0	3258	rpc error: code = Unavailable desc = transport is closing
920	3178	136	3314	<nil>
920	511	0	511	rpc error: code = Unavailable desc = transport is closing
920	489	0	489	rpc error: code = Unavailable desc = transport is closing
920	532	0	532	rpc error: code = Unavailable desc = transport is closing
920	3264	0	3264	rpc error: code = Unavailable desc = transport is closing
920	6567	0	6567	rpc error: code = Unavailable desc = transport is closing
920	548	0	548	rpc error: code = Unavailable desc = transport is closing
920	483	0	483	rpc error: code = Unavailable desc = transport is closing
920	1453	0	1453	rpc error: code = Unavailable desc = transport is closing
920	513	0	513	rpc error: code = Unavailable desc = transport is closing
920	523	0	523	rpc error: code = Unavailable desc = transport is closing
920	3268	0	3268	rpc error: code = Unavailable desc = transport is closing
920	514	0	514	rpc error: code = Unavailable desc = transport is closing
920	488	0	488	rpc error: code = Unavailable desc = transport is closing
920	275	0	275	rpc error: code = Unavailable desc = transport is closing
920	299	0	299	rpc error: code = Unavailable desc = transport is closing
920	6580	0	6580	rpc error: code = Unavailable desc = transport is closing
920	282	0	282	rpc error: code = Unavailable desc = transport is closing
920	533	0	533	rpc error: code = Unavailable desc = transport is closing
920	285	0	285	rpc error: code = Unavailable desc = transport is closing
920	283	0	283	rpc error: code = Unavailable desc = transport is closing
920	517	0	517	rpc error: code = Unavailable desc = transport is closing
920	271	0	271	rpc error: code = Unavailable desc = transport is closing
920	270	0	270	rpc error: code = Unavailable desc = transport is closing
920	288	0	288	rpc error: code = Unavailable desc = transport is closing
920	283	0	283	rpc error: code = Unavailable desc = transport is closing
920	3258	0	3258	rpc error: code = Unavailable desc = transport is closing
920	6653	0	6653	rpc error: code = Unavailable desc = transport is closing
920	1278	0	1278	rpc error: code = Unavailable desc = transport is closing
920	1283	0	1283	rpc error: code = Unavailable desc = transport is closing
920	275	0	275	rpc error: code = Unavailable desc = transport is closing
920	10770	0	10770	rpc error: code = Unavailable desc = transport is closing
920	288	0	288	rpc error: code = Unavailable desc = transport is closing
920	1247	0	1247	rpc error: code = Unavailable desc = transport is closing
920	288	0	288	rpc error: code = Unavailable desc = transport is closing
920	282	0	282	rpc error: code = Unavailable desc = transport is closing
920	283	0	283	rpc error: code = Unavailable desc = transport is closing
920	277	0	277	rpc error: code = Unavailable desc = transport is closing
920	3289	0	3289	rpc error: code = Unavailable desc = transport is closing
920	29311	0	29311	rpc error: code = Unavailable desc = transport is closing
920	284	0	284	rpc error: code = Unavailable desc = transport is closing
920	284	0	284	rpc error: code = Unavailable desc = transport is closing
920	280	0	280	rpc error: code = Unavailable desc = transport is closing
920	280	0	280	rpc error: code = Unavailable desc = transport is closing
920	1236	221	1457	<nil>
920	1230	231	1461	<nil>
920	280	0	280	rpc error: code = Unavailable desc = transport is closing
920	270	0	270	rpc error: code = Unavailable desc = transport is closing
920	3277	0	3277	rpc error: code = Unavailable desc = transport is closing
920	3295	0	3295	rpc error: code = Unavailable desc = transport is closing
920	3287	0	3287	rpc error: code = Unavailable desc = transport is closing
920	210	222	432	<nil>
920	520	0	520	rpc error: code = Unavailable desc = transport is closing
920	1311	0	1311	rpc error: code = Unavailable desc = transport is closing
920	6626	0	6626	rpc error: code = Unavailable desc = transport is closing
920	491	0	491	rpc error: code = Unavailable desc = transport is closing
920	235	196	431	<nil>
920	40735	223	40958	<nil>
920	29256	226	29482	<nil>
920	3258	0	3258	rpc error: code = Unavailable desc = transport is closing
920	488	0	488	rpc error: code = Unavailable desc = transport is closing
920	3257	0	3257	rpc error: code = Unavailable desc = transport is closing
920	288	0	288	rpc error: code = Unavailable desc = transport is closing
920	489	0	489	rpc error: code = Unavailable desc = transport is closing
920	489	0	489	rpc error: code = Unavailable desc = transport is closing
920	533	0	533	rpc error: code = Unavailable desc = transport is closing
920	538	0	538	rpc error: code = Unavailable desc = transport is closing
920	4905	227	5132	<nil>
920	26349	179	26528	<nil>
920	204	227	431	<nil>
920	104	0	104	rpc error: code = Unavailable desc = transport is closing
920	234	206	440	<nil>
920	280	0	280	rpc error: code = Unavailable desc = transport is closing
920	1268	204	1472	<nil>
920	1283	231	1514	<nil>
920	246	205	451	<nil>
920	1242	231	1473	<nil>
920	1270	204	1474	<nil>
920	1464	0	1464	rpc error: code = Unavailable desc = transport is closing
920	27778	224	28002	<nil>
920	278	231	509	<nil>
920	1308	201	1509	<nil>
920	1248	304	1552	<nil>
920	246	361	607	<nil>
920	1325	0	1325	rpc error: code = Unavailable desc = transport is closing
920	2665	0	2665	rpc error: code = Unavailable desc = transport is closing
920	1275	0	1275	rpc error: code = Unavailable desc = transport is closing
920	288	0	288	rpc error: code = Unavailable desc = transport is closing
920	292	0	292	rpc error: code = Unavailable desc = transport is closing
920	321	0	321	rpc error: code = Unavailable desc = transport is closing
920	140	0	140	rpc error: code = Unavailable desc = transport is closing
920	290	0	290	rpc error: code = Unavailable desc = transport is closing
920	139	0	139	rpc error: code = Unavailable desc = transport is closing
920	237	365	602	<nil>
920	140	0	140	rpc error: code = Unavailable desc = transport is closing
920	283	0	283	rpc error: code = Unavailable desc = transport is closing
920	1309	364	1673	<nil>
920	1232	364	1596	<nil>
920	181	364	545	<nil>
920	289	0	289	rpc error: code = Unavailable desc = transport is closing
920	1234	363	1597	<nil>
920	143	0	143	rpc error: code = Unavailable desc = transport is closing
920	290	0	290	rpc error: code = Unavailable desc = transport is closing
920	276	364	640	<nil>
920	139	0	139	rpc error: code = Unavailable desc = transport is closing
920	294	0	294	rpc error: code = Unavailable desc = transport is closing
920	141	0	141	rpc error: code = Unavailable desc = transport is closing
920	138	0	138	rpc error: code = Unavailable desc = transport is closing
920	1292	359	1651	<nil>
920	289	0	289	rpc error: code = Unavailable desc = transport is closing
920	237	365	602	<nil>
920	1270	374	1644	<nil>
920	1248	0	1248	rpc error: code = Unavailable desc = transport is closing
920	5121	367	5488	<nil>
920	291	0	291	rpc error: code = Unavailable desc = transport is closing
920	274	368	642	<nil>
920	145	0	145	rpc error: code = Unavailable desc = transport is closing
920	158	0	158	rpc error: code = Unavailable desc = transport is closing
920	158	0	158	rpc error: code = Unavailable desc = transport is closing
920	141	0	141	rpc error: code = Unavailable desc = transport is closing
920	323	327	650	<nil>
920	375	0	375	rpc error: code = Unavailable desc = transport is closing
920	1163	347	1510	<nil>
920	237	370	607	<nil>
920	3076	371	3447	<nil>
920	1299	370	1669	<nil>
920	3172	373	3545	<nil>
920	5104	378	5482	<nil>
920	278	373	651	<nil>
920	1306	343	1649	<nil>
920	295	0	295	rpc error: code = Unavailable desc = transport is closing
920	158	0	158	rpc error: code = Unavailable desc = transport is closing
920	221	326	547	<nil>
920	342	344	686	<nil>
920	5169	344	5513	<nil>
920	17714	442	18156	<nil>
920	285	455	740	<nil>
920	1244	458	1702	<nil>
920	1327	478	1805	<nil>
920	288	500	788	<nil>
920	234	424	658	<nil>
920	268	388	656	<nil>
920	255	403	658	<nil>
920	270	388	658	<nil>
920	255	402	657	<nil>
920	269	388	657	<nil>
920	215	441	656	<nil>
920	17209	0	17209	rpc error: code = Unavailable desc = transport is closing
920	253	389	642	<nil>
920	278	390	668	<nil>
920	269	397	666	<nil>
920	276	391	667	<nil>
920	5307	398	5705	<nil>
920	4797	395	5192	<nil>
920	380	0	380	rpc error: code = Unavailable desc = transport is closing
920	355	0	355	rpc error: code = Unavailable desc = transport is closing
920	5413	0	5413	rpc error: code = Unavailable desc = transport is closing
920	279	392	671	<nil>
920	278	393	671	<nil>
920	270	412	682	<nil>
920	139	0	139	rpc error: code = Unavailable desc = transport is closing
920	310	447	757	<nil>
920	352	435	787	<nil>
920	9287	0	9287	rpc error: code = Unavailable desc = transport is closing
920	286	0	286	rpc error: code = Unavailable desc = transport is closing
920	3281	0	3281	rpc error: code = Unavailable desc = transport is closing
920	343	410	753	<nil>
920	358	388	746	<nil>
920	287	0	287	rpc error: code = Unavailable desc = transport is closing
920	5418	415	5833	<nil>
920	334	417	751	<nil>
920	359	388	747	<nil>
920	365	397	762	<nil>
920	355	413	768	<nil>
920	351	409	760	<nil>
920	371	397	768	<nil>
920	358	412	770	<nil>
920	361	410	771	<nil>
920	5462	397	5859	<nil>
920	366	477	843	<nil>
920	366	476	842	<nil>
920	372	467	839	<nil>
920	385	484	869	<nil>
920	1412	428	1840	<nil>
920	1439	403	1842	<nil>
920	437	410	847	<nil>
920	1461	409	1870	<nil>
920	452	411	863	<nil>
920	1459	410	1869	<nil>
920	1460	411	1871	<nil>
920	452	411	863	<nil>
920	1455	433	1888	<nil>
920	448	433	881	<nil>
920	1441	434	1875	<nil>
920	456	435	891	<nil>
920	442	432	874	<nil>
920	442	432	874	<nil>
920	525	145	670	<nil>
920	6006	144	6150	<nil>
920	529	144	673	<nil>
920	467	144	611	<nil>
920	527	149	676	<nil>
920	3265	146	3411	<nil>
920	522	149	671	<nil>
920	540	131	671	<nil>
920	6025	127	6152	<nil>
920	3290	126	3416	<nil>
920	543	105	648	<nil>
920	432	103	535	<nil>
920	569	105	674	<nil>
920	572	103	675	<nil>
920	322	53	375	<nil>
920	6131	65	6196	<nil>
920	1306	54	1360	<nil>
920	104949	59	105008	<nil>
920	1307	53	1360	<nil>
920	138	29	167	<nil>
920	291	62	353	<nil>
920	250	59	309	<nil>
920	1340	58	1398	<nil>
920	129	51	180	<nil>
920	1307	61	1368	<nil>
920	1306	63	1369	<nil>
920	1152	53	1205	<nil>
920	146	59	205	<nil>
920	126	58	184	<nil>
920	295	53	348	<nil>
920	320	72	392	<nil>
920	128	53	181	<nil>
920	1186	65	1251	<nil>
920	164	30	194	<nil>
920	136	32	168	<nil>
920	6186	37	6223	<nil>
920	288	59	347	<nil>
920	126	69	195	<nil>
920	138	31	169	<nil>
920	3151	55	3206	<nil>
920	164	29	193	<nil>
920	143	36	179	<nil>
920	131	48	179	<nil>
920	1081	21	1102	<nil>
920	2646	42	2688	<nil>
920	94	31	125	<nil>
920	76	31	107	<nil>
920	116	10	126	<nil>
920	95	32	127	<nil>
920	115	11	126	<nil>
920	57	1	58	<nil>
920	83	44	127	<nil>
920	51	1	52	<nil>
920	80	46	126	<nil>
920	94	34	128	<nil>
920	59	1	60	<nil>
920	84	47	131	<nil>
920	2558	1	2559	<nil>
920	76	1	77	<nil>
920	2603	9	2612	<nil>
920	120	11	131	<nil>
920	9841	1	9842	<nil>
920	52	1	53	<nil>
920	94	33	127	<nil>
920	2523	1	2524	<nil>
920	85	1	86	<nil>
920	72	34	106	<nil>
920	52	2	54	<nil>
920	54	0	54	<nil>
920	57	0	57	<nil>
920	91	1	92	<nil>
920	107	16	123	<nil>
920	155	11	166	<nil>
920	107	19	126	<nil>
920	158	9	167	<nil>
920	118	10	128	<nil>
920	2421	23	2444	<nil>
920	153	10	163	<nil>
920	132	34	166	<nil>
920	153	12	165	<nil>
920	120	8	128	<nil>
920	169	7	176	<nil>
920	98	33	131	<nil>
920	96	36	132	<nil>
920	134	5	139	<nil>
920	126	12	138	<nil>
920	5226	6	5232	<nil>
920	170	7	177	<nil>
920	126	11	137	<nil>
920	131	9	140	<nil>
920	159	17	176	<nil>
920	125	14	139	<nil>
920	169	6	175	<nil>
920	131	7	138	<nil>
920	157	17	174	<nil>
920	129	8	137	<nil>
920	166	9	175	<nil>
920	123	18	141	<nil>
920	129	9	138	<nil>
920	131	8	139	<nil>
920	10025	6	10031	<nil>
920	166	9	175	<nil>
920	129	12	141	<nil>
920	127	14	141	<nil>
920	122	25	147	<nil>
920	135	7	142	<nil>
920	171	25	196	<nil>
920	149	92	241	<nil>
920	128	113	241	<nil>
920	159	82	241	<nil>
920	106	12	118	<nil>
920	110	8	118	<nil>
920	196	82	278	<nil>
920	4904	14	4918	<nil>
920	108	18	126	<nil>
920	110	20	130	<nil>
920	109	18	127	<nil>
920	111	24	135	<nil>
920	111	24	135	<nil>
920	91	27	118	<nil>
920	94	24	118	<nil>
920	122	11	133	<nil>
920	1132	18	1150	<nil>
920	119	51	170	<nil>
920	119	50	169	<nil>
920	124	47	171	<nil>
920	135	49	184	<nil>
920	2513	52	2565	<nil>
920	121	49	170	<nil>
920	126	45	171	<nil>
920	126	44	170	<nil>
920	122	48	170	<nil>
920	124	59	183	<nil>
920	5116	55	5171	<nil>
920	119	54	173	<nil>
920	126	63	189	<nil>
920	118	51	169	<nil>
920	126	63	189	<nil>
920	119	63	182	<nil>
920	133	74	207	<nil>
920	136	104	240	<nil>
920	25597	99	25696	<nil>
920	139	102	241	<nil>
920	128	98	226	<nil>
920	9890	102	9992	<nil>
920	131	106	237	<nil>
920	76	72	148	<nil>
920	9992	117	10109	<nil>
920	77	70	147	<nil>
920	76	71	147	<nil>
920	69	86	155	<nil>
920	43524	95	43619	<nil>
920	62	89	151	<nil>
920	63	101	164	<nil>
920	55	84	139	<nil>
920	61	91	152	<nil>
920	1068	98	1166	<nil>
920	53	91	144	<nil>
920	2810	80	2890	<nil>
920	56	96	152	<nil>
920	62	90	152	<nil>
920	10020	92	10112	<nil>
920	10054	44	10098	<nil>
920	1134	12	1146	<nil>
920	57	44	101	<nil>
920	135	13	148	<nil>
920	556	0	556	rpc error: code = Unavailable desc = transport is closing
920	1103	73	1176	<nil>
920	543	0	543	rpc error: code = Unavailable desc = transport is closing
920	5263	36	5299	<nil>
920	514	0	514	rpc error: code = Unavailable desc = transport is closing
920	1102	73	1175	<nil>
920	546	0	546	rpc error: code = Unavailable desc = transport is closing
920	102	73	175	<nil>
920	544	0	544	rpc error: code = Unavailable desc = transport is closing
920	1136	39	1175	<nil>
920	542	0	542	rpc error: code = Unavailable desc = transport is closing
920	127	38	165	<nil>
920	6037	0	6037	rpc error: code = Unavailable desc = transport is closing
920	523	0	523	rpc error: code = Unavailable desc = transport is closing
920	3035	0	3035	rpc error: code = Unavailable desc = transport is closing
920	546	0	546	rpc error: code = Unavailable desc = transport is closing
920	6025	0	6025	rpc error: code = Unavailable desc = transport is closing
920	6029	0	6029	rpc error: code = Unavailable desc = transport is closing
920	548	0	548	rpc error: code = Unavailable desc = transport is closing
920	546	0	546	rpc error: code = Unavailable desc = transport is closing
920	681	0	681	rpc error: code = Unavailable desc = transport is closing
920	413	0	413	rpc error: code = Unavailable desc = transport is closing
920	10816	0	10816	rpc error: code = Unavailable desc = transport is closing
920	415	0	415	rpc error: code = Unavailable desc = transport is closing
920	443	0	443	rpc error: code = Unavailable desc = transport is closing
920	443	0	443	rpc error: code = Unavailable desc = transport is closing
920	3135	0	3135	rpc error: code = Unavailable desc = transport is closing
920	500	0	500	rpc error: code = Unavailable desc = transport is closing
920	416	0	416	rpc error: code = Unavailable desc = transport is closing
920	10750	0	10750	rpc error: code = Unavailable desc = transport is closing
920	421	0	421	rpc error: code = Unavailable desc = transport is closing
920	419	0	419	rpc error: code = Unavailable desc = transport is closing
920	418	0	418	rpc error: code = Unavailable desc = transport is closing
920	438	0	438	rpc error: code = Unavailable desc = transport is closing
920	3137	0	3137	rpc error: code = Unavailable desc = transport is closing
920	427	0	427	rpc error: code = Unavailable desc = transport is closing
920	93	107	200	<nil>
920	416	0	416	rpc error: code = Unavailable desc = transport is closing
920	1139	108	1247	<nil>
920	3009	0	3009	rpc error: code = Unavailable desc = transport is closing
920	443	0	443	rpc error: code = Unavailable desc = transport is closing
920	1434	0	1434	rpc error: code = Unavailable desc = transport is closing
920	5734	0	5734	rpc error: code = Unavailable desc = transport is closing
920	571	0	571	rpc error: code = Unavailable desc = transport is closing
920	443	0	443	rpc error: code = Unavailable desc = transport is closing
920	2862	0	2862	rpc error: code = Unavailable desc = transport is closing
920	443	0	443	rpc error: code = Unavailable desc = transport is closing
920	3015	0	3015	rpc error: code = Unavailable desc = transport is closing
920	90	93	183	<nil>
920	1140	111	1251	<nil>
920	441	0	441	rpc error: code = Unavailable desc = transport is closing
920	1110	11	1121	<nil>
920	2656	11	2667	<nil>
920	2736	110	2846	<nil>
920	114	12	126	<nil>
920	89	111	200	<nil>
920	89	111	200	<nil>
920	1467	0	1467	rpc error: code = Unavailable desc = transport is closing
920	2828	100	2928	<nil>
920	42	109	151	<nil>
920	10435	0	10435	rpc error: code = Unavailable desc = transport is closing
920	532	0	532	rpc error: code = Unavailable desc = transport is closing
920	521	0	521	rpc error: code = Unavailable desc = transport is closing
920	5306	82	5388	<nil>
920	2847	7	2854	<nil>
920	1094	113	1207	<nil>
920	1100	105	1205	<nil>
920	112	7	119	<nil>
920	106	9	115	<nil>
920	55	106	161	<nil>
920	2746	106	2852	<nil>
920	25459	6	25465	<nil>
920	10076	105	10181	<nil>
920	55	105	160	<nil>
920	454	0	454	rpc error: code = Unavailable desc = transport is closing
920	490	0	490	rpc error: code = Unavailable desc = transport is closing
920	2643	6	2649	<nil>
920	3375	0	3375	rpc error: code = Unavailable desc = transport is closing
920	3148	0	3148	rpc error: code = Unavailable desc = transport is closing
920	532	0	532	rpc error: code = Unavailable desc = transport is closing
920	109	11	120	<nil>
920	77	13	90	<nil>
920	78	12	90	<nil>
920	43251	11	43262	<nil>
920	108	12	120	<nil>
920	109	12	121	<nil>
920	108	12	120	<nil>
920	10193	12	10205	<nil>
920	89	2	91	<nil>
920	1110	13	1123	<nil>
920	81	92	173	<nil>
920	569	0	569	rpc error: code = Unavailable desc = transport is closing
920	101	12	113	<nil>
920	5267	111	5378	<nil>
920	640	0	640	rpc error: code = Unavailable desc = transport is closing
920	6122	0	6122	rpc error: code = Unavailable desc = transport is closing
920	573	0	573	rpc error: code = Unavailable desc = transport is closing
920	582	0	582	rpc error: code = Unavailable desc = transport is closing
920	589	0	589	rpc error: code = Unavailable desc = transport is closing
920	2952	0	2952	rpc error: code = Unavailable desc = transport is closing
920	629	0	629	rpc error: code = Unavailable desc = transport is closing
920	17754	0	17754	rpc error: code = Unavailable desc = transport is closing
920	106	43	149	<nil>
920	87	44	131	<nil>
920	2646	43	2689	<nil>
920	87	44	131	<nil>
920	473	0	473	rpc error: code = Unavailable desc = transport is closing
920	88	57	145	<nil>
920	88	57	145	<nil>
920	87	50	137	<nil>
920	88	58	146	<nil>
920	88	43	131	<nil>
920	5963	0	5963	rpc error: code = Unavailable desc = transport is closing
920	578	0	578	rpc error: code = Unavailable desc = transport is closing
920	615	0	615	rpc error: code = Unavailable desc = transport is closing
920	560	0	560	rpc error: code = Unavailable desc = transport is closing
920	627	0	627	rpc error: code = Unavailable desc = transport is closing
920	558	0	558	rpc error: code = Unavailable desc = transport is closing
920	87	122	209	<nil>
920	624	0	624	rpc error: code = Unavailable desc = transport is closing
920	10262	119	10381	<nil>
920	87	125	212	<nil>
920	87	117	204	<nil>
920	88	117	205	<nil>
920	87	120	207	<nil>
920	87	118	205	<nil>
920	5209	119	5328	<nil>
920	88	118	206	<nil>
920	5395	124	5519	<nil>
920	87	119	206	<nil>
920	88	121	209	<nil>
920	589	0	589	rpc error: code = Unavailable desc = transport is closing
920	87	118	205	<nil>
920	474	0	474	rpc error: code = Unavailable desc = transport is closing
920	16420	0	16420	rpc error: code = Unavailable desc = transport is closing
920	120	0	120	rpc error: code = Unavailable desc = transport is closing
920	1268	0	1268	rpc error: code = Unavailable desc = transport is closing
920	5095	0	5095	rpc error: code = Unavailable desc = transport is closing
920	1507	0	1507	rpc error: code = Unavailable desc = transport is closing
920	517	0	517	rpc error: code = Unavailable desc = transport is closing
920	510	0	510	rpc error: code = Unavailable desc = transport is closing
920	518	0	518	rpc error: code = Unavailable desc = transport is closing
920	508	0	508	rpc error: code = Unavailable desc = transport is closing
920	519	0	519	rpc error: code = Unavailable desc = transport is closing
920	1513	0	1513	rpc error: code = Unavailable desc = transport is closing
920	1511	0	1511	rpc error: code = Unavailable desc = transport is closing
920	174	0	174	rpc error: code = Unavailable desc = transport is closing
920	482	0	482	rpc error: code = Unavailable desc = transport is closing
920	478	0	478	rpc error: code = Unavailable desc = transport is closing
920	491	0	491	rpc error: code = Unavailable desc = transport is closing
920	3247	0	3247	rpc error: code = Unavailable desc = transport is closing
920	488	0	488	rpc error: code = Unavailable desc = transport is closing
920	1558	0	1558	rpc error: code = Unavailable desc = transport is closing
920	551	0	551	rpc error: code = Unavailable desc = transport is closing
920	556	0	556	rpc error: code = Unavailable desc = transport is closing
920	1583	0	1583	rpc error: code = Unavailable desc = transport is closing
920	1559	0	1559	rpc error: code = Unavailable desc = transport is closing
920	563	0	563	rpc error: code = Unavailable desc = transport is closing
920	609	0	609	rpc error: code = Unavailable desc = transport is closing
920	609	0	609	rpc error: code = Unavailable desc = transport is closing
920	3290	0	3290	rpc error: code = Unavailable desc = transport is closing
920	286	0	286	rpc error: code = Unavailable desc = transport is closing
920	1307	0	1307	rpc error: code = Unavailable desc = transport is closing
920	296	0	296	rpc error: code = Unavailable desc = transport is closing
920	286	0	286	rpc error: code = Unavailable desc = transport is closing
920	288	0	288	rpc error: code = Unavailable desc = transport is closing
920	302	0	302	rpc error: code = Unavailable desc = transport is closing
920	3288	0	3288	rpc error: code = Unavailable desc = transport is closing
920	299	0	299	rpc error: code = Unavailable desc = transport is closing
920	303	0	303	rpc error: code = Unavailable desc = transport is closing
920	3254	0	3254	rpc error: code = Unavailable desc = transport is closing
920	3012	0	3012	rpc error: code = Unavailable desc = transport is closing
920	525	0	525	rpc error: code = Unavailable desc = transport is closing
920	524	0	524	rpc error: code = Unavailable desc = transport is closing
920	540	0	540	rpc error: code = Unavailable desc = transport is closing
920	503	0	503	rpc error: code = Unavailable desc = transport is closing
920	6005	0	6005	rpc error: code = Unavailable desc = transport is closing
920	541	0	541	rpc error: code = Unavailable desc = transport is closing
920	545	0	545	rpc error: code = Unavailable desc = transport is closing
920	365	0	365	rpc error: code = Unavailable desc = transport is closing
920	533	0	533	rpc error: code = Unavailable desc = transport is closing
920	373	0	373	rpc error: code = Unavailable desc = transport is closing
920	349	178	527	<nil>
920	411	0	411	rpc error: code = Unavailable desc = transport is closing
920	1453	0	1453	rpc error: code = Unavailable desc = transport is closing
920	1457	0	1457	rpc error: code = Unavailable desc = transport is closing
920	382	0	382	rpc error: code = Unavailable desc = transport is closing
920	326	179	505	<nil>
920	300	0	300	rpc error: code = Unavailable desc = transport is closing
920	415	0	415	rpc error: code = Unavailable desc = transport is closing
920	547	0	547	rpc error: code = Unavailable desc = transport is closing
920	420	0	420	rpc error: code = Unavailable desc = transport is closing
920	1446	0	1446	rpc error: code = Unavailable desc = transport is closing
920	378	0	378	rpc error: code = Unavailable desc = transport is closing
920	393	0	393	rpc error: code = Unavailable desc = transport is closing
920	499	0	499	rpc error: code = Unavailable desc = transport is closing
920	430	0	430	rpc error: code = Unavailable desc = transport is closing
920	356	170	526	<nil>
920	281	0	281	rpc error: code = Unavailable desc = transport is closing
920	395	151	546	<nil>
920	342	0	342	rpc error: code = Unavailable desc = transport is closing
920	342	172	514	<nil>
920	380	0	380	rpc error: code = Unavailable desc = transport is closing
920	2853	0	2853	rpc error: code = Unavailable desc = transport is closing
920	532	0	532	rpc error: code = Unavailable desc = transport is closing
920	3088	0	3088	rpc error: code = Unavailable desc = transport is closing
920	447	0	447	rpc error: code = Unavailable desc = transport is closing
920	397	0	397	rpc error: code = Unavailable desc = transport is closing
920	352	0	352	rpc error: code = Unavailable desc = transport is closing
920	286	0	286	rpc error: code = Unavailable desc = transport is closing
920	509	37	546	<nil>
920	491	0	491	rpc error: code = Unavailable desc = transport is closing
920	539	0	539	rpc error: code = Unavailable desc = transport is closing
920	527	0	527	rpc error: code = Unavailable desc = transport is closing
920	5833	0	5833	rpc error: code = Unavailable desc = transport is closing
920	492	0	492	rpc error: code = Unavailable desc = transport is closing
920	531	0	531	rpc error: code = Unavailable desc = transport is closing
920	522	0	522	rpc error: code = Unavailable desc = transport is closing
920	1426	0	1426	rpc error: code = Unavailable desc = transport is closing
920	516	0	516	rpc error: code = Unavailable desc = transport is closing
920	497	0	497	rpc error: code = Unavailable desc = transport is closing
920	454	0	454	rpc error: code = Unavailable desc = transport is closing
920	405	0	405	rpc error: code = Unavailable desc = transport is closing
920	78348	0	78348	rpc error: code = Unavailable desc = transport is closing
920	381	132	513	<nil>
920	394	147	541	<nil>
920	379	138	517	<nil>
920	16187	0	16187	rpc error: code = Unavailable desc = transport is closing
920	519	0	519	rpc error: code = Unavailable desc = transport is closing
920	372	154	526	<nil>
920	387	152	539	<nil>
920	527	0	527	rpc error: code = Unavailable desc = transport is closing
920	3104	0	3104	rpc error: code = Unavailable desc = transport is closing
920	9515	0	9515	rpc error: code = Unavailable desc = transport is closing
920	5886	149	6035	<nil>
920	16053	0	16053	rpc error: code = Unavailable desc = transport is closing
920	372	158	530	<nil>
920	381	149	530	<nil>
920	5701	208	5909	<nil>
920	380	0	380	rpc error: code = Unavailable desc = transport is closing
920	2857	0	2857	rpc error: code = Unavailable desc = transport is closing
920	511	0	511	rpc error: code = Unavailable desc = transport is closing
920	379	0	379	rpc error: code = Unavailable desc = transport is closing
920	381	135	516	<nil>
920	516	0	516	rpc error: code = Unavailable desc = transport is closing
920	3104	0	3104	rpc error: code = Unavailable desc = transport is closing
920	511	0	511	rpc error: code = Unavailable desc = transport is closing
920	385	0	385	rpc error: code = Unavailable desc = transport is closing
920	331	0	331	rpc error: code = Unavailable desc = transport is closing
920	292	0	292	rpc error: code = Unavailable desc = transport is closing
920	535	0	535	rpc error: code = Unavailable desc = transport is closing
920	545	0	545	rpc error: code = Unavailable desc = transport is closing
920	558	0	558	rpc error: code = Unavailable desc = transport is closing
920	311	0	311	rpc error: code = Unavailable desc = transport is closing
920	350	0	350	rpc error: code = Unavailable desc = transport is closing
920	1445	79	1524	<nil>
920	499	44	543	<nil>
920	458	89	547	<nil>
920	399	164	563	<nil>
920	453	93	546	<nil>
920	392	162	554	<nil>
920	385	160	545	<nil>
920	464	81	545	<nil>
920	461	95	556	<nil>
920	334	0	334	rpc error: code = Unavailable desc = transport is closing
920	414	133	547	<nil>
920	449	93	542	<nil>
920	451	99	550	<nil>
920	420	124	544	<nil>
920	419	127	546	<nil>
920	458	88	546	<nil>
920	2686	253	2939	<nil>
920	307	271	578	<nil>
920	320	267	587	<nil>
920	333	251	584	<nil>
920	375	92	467	<nil>
920	409	108	517	<nil>
920	499	71	570	<nil>
920	389	162	551	<nil>
920	381	162	543	<nil>
920	380	166	546	<nil>
920	43410	69	43479	<nil>
920	288	0	288	rpc error: code = Unavailable desc = transport is closing
920	491	189	680	<nil>
920	10271	310	10581	<nil>
920	10811	251	11062	<nil>
920	500	310	810	<nil>
920	461	307	768	<nil>
920	573	256	829	<nil>
920	1439	353	1792	<nil>
920	497	353	850	<nil>
920	5895	361	6256	<nil>
920	511	345	856	<nil>
920	443	395	838	<nil>
920	485	413	898	<nil>
920	503	401	904	<nil>
920	107509	401	107910	<nil>
920	495	407	902	<nil>
920	508	395	903	<nil>
920	1548	338	1886	<nil>
920	486	413	899	<nil>
920	2916	409	3325	<nil>
920	1254	345	1599	<nil>
920	2893	418	3311	<nil>
920	324	314	638	<nil>
920	5332	407	5739	<nil>
920	1455	403	1858	<nil>
920	5804	400	6204	<nil>
920	5914	400	6314	<nil>
920	1475	382	1857	<nil>
920	1180	326	1506	<nil>
920	3359	399	3758	<nil>
920	1442	431	1873	<nil>
920	506	410	916	<nil>
920	18465	426	18891	<nil>
920	16957	415	17372	<nil>
920	1483	413	1896	<nil>
920	2893	415	3308	<nil>
920	255	346	601	<nil>
920	9019	311	9330	<nil>
920	250	308	558	<nil>
920	5397	342	5739	<nil>
920	221	311	532	<nil>
920	285	276	561	<nil>
920	489	429	918	<nil>
920	1441	430	1871	<nil>
920	2622	276	2898	<nil>
920	1242	356	1598	<nil>
920	11004	139	11143	<nil>
920	478	427	905	<nil>
920	286	275	561	<nil>
920	3115	227	3342	<nil>
920	691	246	937	<nil>
920	260	343	603	<nil>
920	322	275	597	<nil>
920	323	278	601	<nil>
920	362	118	480	<nil>
920	363	116	479	<nil>
920	352	131	483	<nil>
920	5626	117	5743	<nil>
920	1380	113	1493	<nil>
920	442	137	579	<nil>
920	5613	132	5745	<nil>
920	43926	290	44216	<nil>
920	10429	277	10706	<nil>
920	250	313	563	<nil>
920	264	310	574	<nil>
920	261	311	572	<nil>
920	323	276	599	<nil>
920	261	344	605	<nil>
920	328	276	604	<nil>
920	9000	144	9144	<nil>
920	308	251	559	<nil>
920	253	374	627	<nil>
920	6230	109	6339	<nil>
920	248	387	635	<nil>
920	315	112	427	<nil>
920	314	249	563	<nil>
920	237	278	515	<nil>
920	257	350	607	<nil>
920	309	250	559	<nil>
920	1385	108	1493	<nil>
920	5966	372	6338	<nil>
920	325	133	458	<nil>
920	4655	350	5005	<nil>
920	2687	135	2822	<nil>
920	11053	134	11187	<nil>
920	5809	147	5956	<nil>
920	390	138	528	<nil>
920	3360	397	3757	<nil>
920	367	136	503	<nil>
920	2792	155	2947	<nil>
920	408	223	631	<nil>
920	460	216	676	<nil>
920	2989	209	3198	<nil>
920	6615	199	6814	<nil>
920	6352	217	6569	<nil>
920	6398	185	6583	<nil>
920	475	182	657	<nil>
920	429	213	642	<nil>
920	407	234	641	<nil>
920	471	171	642	<nil>
920	521	146	667	<nil>
920	11181	149	11330	<nil>
920	3014	204	3218	<nil>
920	440	164	604	<nil>
920	477	165	642	<nil>
920	115211	171	115382	<nil>
920	477	166	643	<nil>
920	3440	147	3587	<nil>
920	508	165	673	<nil>
920	497	146	643	<nil>
920	5137	167	5304	<nil>
920	2911	166	3077	<nil>
920	497	147	644	<nil>
920	2931	151	3082	<nil>
920	507	139	646	<nil>
920	467	140	607	<nil>
920	432	175	607	<nil>
920	472	175	647	<nil>
920	497	150	647	<nil>
920	496	151	647	<nil>
920	2662	170	2832	<nil>
920	498	149	647	<nil>
920	470	170	640	<nil>
920	535	94	629	<nil>
920	457	172	629	<nil>
920	2942	176	3118	<nil>
920	499	134	633	<nil>
920	514	170	684	<nil>
920	545	85	630	<nil>
920	251	53	304	<nil>
920	508	178	686	<nil>
920	194	165	359	<nil>
920	464	171	635	<nil>
920	460	173	633	<nil>
920	460	170	630	<nil>
920	1236	171	1407	<nil>
920	461	176	637	<nil>
920	544	87	631	<nil>
920	195	173	368	<nil>
920	2942	181	3123	<nil>
920	1443	155	1598	<nil>
920	188	173	361	<nil>
920	463	174	637	<nil>
920	3003	177	3180	<nil>
920	418	174	592	<nil>
920	468	181	649	<nil>
920	201	168	369	<nil>
920	411	182	593	<nil>
920	443	177	620	<nil>
920	483	175	658	<nil>
920	1405	193	1598	<nil>
920	1217	177	1394	<nil>
920	468	183	651	<nil>
920	469	169	638	<nil>
920	9250	179	9429	<nil>
920	476	214	690	<nil>
920	1473	140	1613	<nil>
920	468	182	650	<nil>
920	512	177	689	<nil>
920	505	214	719	<nil>
920	2950	177	3127	<nil>
920	2966	157	3123	<nil>
920	507	184	691	<nil>
920	457	180	637	<nil>
920	11468	207	11675	<nil>
920	416	179	595	<nil>
920	415	179	594	<nil>
920	2823	178	3001	<nil>
920	1263	177	1440	<nil>
920	2497	179	2676	<nil>
920	460	180	640	<nil>
920	2766	113	2879	<nil>
920	1393	181	1574	<nil>
920	479	158	637	<nil>
920	2957	142	3099	<nil>
920	27170	177	27347	<nil>
920	512	182	694	<nil>
920	3074	114	3188	<nil>
920	3083	104	3187	<nil>
920	491	160	651	<nil>
920	483	114	597	<nil>
920	510	127	637	<nil>
920	469	129	598	<nil>
920	479	161	640	<nil>
920	468	183	651	<nil>
920	3006	183	3189	<nil>
920	524	130	654	<nil>
920	1321	146	1467	<nil>
920	1443	162	1605	<nil>
920	1245	184	1429	<nil>
920	469	131	600	<nil>
920	2984	147	3131	<nil>
920	510	131	641	<nil>
920	271	0	271	rpc error: code = DeadlineExceeded desc = context deadline exceeded
920	265	0	265	rpc error: code = DeadlineExceeded desc = context deadline exceeded
920	267	0	267	rpc error: code = DeadlineExceeded desc = context deadline exceeded
920	3260	0	3260	rpc error: code = DeadlineExceeded desc = context deadline exceeded
920	264	0	264	rpc error: code = DeadlineExceeded desc = context deadline exceeded
920	275	0	275	rpc error: code = DeadlineExceeded desc = context deadline exceeded
920	282	0	282	rpc error: code = DeadlineExceeded desc = context deadline exceeded
920	282	0	282	rpc error: code = DeadlineExceeded desc = context deadline exceeded
920	270	0	270	rpc error: code = DeadlineExceeded desc = context deadline exceeded
920	5977	255	6232	<nil>
920	3075	255	3330	<nil>
920	235	255	490	<nil>
920	287	295	582	<nil>
920	2823	300	3123	<nil>
920	249	319	568	<nil>
920	3158	308	3466	<nil>
920	3152	349	3501	<nil>
920	2656	357	3013	<nil>
920	68043	358	68401	<nil>
920	2660	360	3020	<nil>
920	280	368	648	<nil>
920	9735	369	10104	<nil>
920	282	369	651	<nil>
920	5294	364	5658	<nil>
920	2865	373	3238	<nil>
920	288	380	668	<nil>
920	3160	376	3536	<nil>
920	3103	375	3478	<nil>
920	1267	374	1641	<nil>
920	195	376	571	<nil>
920	226	367	593	<nil>
920	2981	379	3360	<nil>
920	244	378	622	<nil>
920	2856	380	3236	<nil>
920	171	369	540	<nil>
920	178	424	602	<nil>
920	10871	377	11248	<nil>
920	216	360	576	<nil>
920	392	115	507	<nil>
920	3103	365	3468	<nil>
920	211	369	580	<nil>
920	1260	381	1641	<nil>
920	179	370	549	<nil>
920	177	371	548	<nil>
920	212	375	587	<nil>
920	2675	371	3046	<nil>
920	2660	379	3039	<nil>
920	2958	375	3333	<nil>
920	9424	375	9799	<nil>
920	46	373	419	<nil>
920	173	369	542	<nil>
920	1281	367	1648	<nil>
920	194	367	561	<nil>
920	192	371	563	<nil>
920	2574	377	2951	<nil>
920	197	364	561	<nil>
920	176	372	548	<nil>
920	172	376	548	<nil>
920	211	372	583	<nil>
920	177	375	552	<nil>
920	45014	375	45389	<nil>
920	46	372	418	<nil>
920	187	365	552	<nil>
920	46	371	417	<nil>
920	185	373	558	<nil>
920	173	364	537	<nil>
920	50	371	421	<nil>
920	226	363	589	<nil>
920	212	374	586	<nil>
920	2674	371	3045	<nil>
920	2875	366	3241	<nil>
920	218	368	586	<nil>
920	2693	255	2948	<nil>
920	182	391	573	<nil>
920	184	370	554	<nil>
920	210	379	589	<nil>
920	57	374	431	<nil>
920	3129	368	3497	<nil>
920	167	401	568	<nil>
920	47	395	442	<nil>
920	313	256	569	<nil>
920	182	393	575	<nil>
920	3015	257	3272	<nil>
920	2878	387	3265	<nil>
920	313	228	541	<nil>
920	50	374	424	<nil>
920	193	370	563	<nil>
920	169	375	544	<nil>
920	216	428	644	<nil>
920	9409	377	9786	<nil>
920	45	442	487	<nil>
920	175	422	597	<nil>
920	1087	420	1507	<nil>
920	156	393	549	<nil>
920	377	138	515	<nil>
920	402	116	518	<nil>
920	1382	137	1519	<nil>
920	355	116	471	<nil>
920	398	121	519	<nil>
920	382	136	518	<nil>
920	1271	368	1639	<nil>
920	346	118	464	<nil>
920	43	397	440	<nil>
920	3013	254	3267	<nil>
920	186	400	586	<nil>
920	394	125	519	<nil>
920	522	218	740	<nil>
920	73305	0	73305	rpc error: code = Unavailable desc = transport is closing
920	2824	227	3051	<nil>
920	249	0	249	rpc error: code = Unavailable desc = transport is closing
920	256	0	256	rpc error: code = Unavailable desc = transport is closing
920	528	226	754	<nil>
920	482	224	706	<nil>
920	3036	226	3262	<nil>
920	5585	192	5777	<nil>
920	523	0	523	rpc error: code = Unavailable desc = transport is closing
920	556	193	749	<nil>
920	486	0	486	rpc error: code = Unavailable desc = transport is closing
920	510	239	749	<nil>
920	1528	203	1731	<nil>
920	487	0	487	rpc error: code = Unavailable desc = transport is closing
920	548	205	753	<nil>
920	5856	212	6068	<nil>
920	491	0	491	rpc error: code = Unavailable desc = transport is closing
920	27578	232	27810	<nil>
920	5546	234	5780	<nil>
920	527	233	760	<nil>
920	5591	196	5787	<nil>
920	521	197	718	<nil>
920	1544	195	1739	<nil>
920	565	194	759	<nil>
920	526	208	734	<nil>
920	528	226	754	<nil>
920	5606	216	5822	<nil>
920	564	227	791	<nil>
920	3216	225	3441	<nil>
920	538	232	770	<nil>
920	545	223	768	<nil>
920	544	249	793	<nil>
920	541	248	789	<nil>
920	549	262	811	<nil>
920	3129	265	3394	<nil>
920	545	265	810	<nil>
920	71295	265	71560	<nil>
920	3271	228	3499	<nil>
920	546	288	834	<nil>
920	1568	270	1838	<nil>
920	598	215	813	<nil>
920	550	276	826	<nil>
920	643	232	875	<nil>
920	547	281	828	<nil>
920	663	204	867	<nil>
920	602	235	837	<nil>
920	3151	234	3385	<nil>
920	318	292	610	<nil>
920	1465	288	1753	<nil>
920	543	291	834	<nil>
920	626	199	825	<nil>
920	642	234	876	<nil>
920	545	284	829	<nil>
920	643	216	859	<nil>
920	546	292	838	<nil>
920	528	310	838	<nil>
920	550	288	838	<nil>
920	606	235	841	<nil>
920	552	283	835	<nil>
920	577	261	838	<nil>
920	644	237	881	<nil>
920	548	287	835	<nil>
920	575	259	834	<nil>
920	546	291	837	<nil>
920	1616	238	1854	<nil>
920	342	224	566	<nil>
920	546	290	836	<nil>
920	644	238	882	<nil>
920	1542	292	1834	<nil>
920	548	285	833	<nil>
920	5964	210	6174	<nil>
920	411	0	411	rpc error: code = Unavailable desc = transport is closing
920	526	309	835	<nil>
920	5920	209	6129	<nil>
920	598	237	835	<nil>
920	542	295	837	<nil>
920	587	292	879	<nil>
920	543	301	844	<nil>
920	599	239	838	<nil>
920	10157	290	10447	<nil>
920	3221	284	3505	<nil>
920	527	310	837	<nil>
920	548	289	837	<nil>
920	3422	294	3716	<nil>
920	577	264	841	<nil>
920	16071	241	16312	<nil>
920	649	185	834	<nil>
920	543	311	854	<nil>
920	392	216	608	<nil>
920	8726	182	8908	<nil>
920	5665	257	5922	<nil>
920	659	197	856	<nil>
920	5917	232	6149	<nil>
920	3301	230	3531	<nil>
920	602	257	859	<nil>
920	1399	257	1656	<nil>
920	673	182	855	<nil>
920	545	313	858	<nil>
920	17507	231	17738	<nil>
920	573	327	900	<nil>
920	425	207	632	<nil>
920	342	181	523	<nil>
920	638	203	841	<nil>
920	544	296	840	<nil>
920	1448	189	1637	<nil>
920	450	0	450	rpc error: code = Unavailable desc = transport is closing
920	598	255	853	<nil>
920	390	172	562	<nil>
920	1523	275	1798	<nil>
920	292	215	507	<nil>
920	5569	300	5869	<nil>
920	356	424	780	<nil>
920	361	430	791	<nil>
920	1350	426	1776	<nil>
920	6227	0	6227	rpc error: code = Unavailable desc = transport is closing
920	1391	414	1805	<nil>
920	1399	419	1818	<nil>
920	384	427	811	<nil>
920	385	427	812	<nil>
920	1401	411	1812	<nil>
920	1357	456	1813	<nil>
920	10370	0	10370	rpc error: code = Unavailable desc = transport is closing
920	1413	401	1814	<nil>
920	388	418	806	<nil>
920	1447	392	1839	<nil>
920	1456	387	1843	<nil>
920	458	383	841	<nil>
920	1401	440	1841	<nil>
920	488	32	520	<nil>
920	325	6	331	<nil>
920	499	17	516	<nil>
920	502	33	535	<nil>
920	494	33	527	<nil>
920	454	0	454	rpc error: code = Unavailable desc = transport is closing
920	9045	315	9360	<nil>
920	463	120	583	<nil>
920	594	342	936	<nil>
920	5702	61	5763	<nil>
920	1439	502	1941	<nil>
920	1411	57	1468	<nil>
920	351	338	689	<nil>
920	1760	173	1933	<nil>
920	1296	4	1300	<nil>
920	577	11	588	<nil>
920	450	3	453	<nil>
920	1471	10	1481	<nil>
920	482	7	489	<nil>
920	416	3	419	<nil>
920	1469	11	1480	<nil>
920	1473	8	1481	<nil>
920	9374	6	9380	<nil>
920	505	12	517	<nil>
920	2411	3	2414	<nil>
920	1502	2	1504	<nil>
920	5777	7	5784	<nil>
920	484	101	585	<nil>
920	6014	371	6385	<nil>
920	137	1	138	<nil>
920	462	338	800	<nil>
920	491	366	857	<nil>
920	79	2	81	<nil>
920	5705	4	5709	<nil>
920	408	4	412	<nil>
920	484	117	601	<nil>
920	1589	375	1964	<nil>
920	512	88	600	<nil>
920	5791	0	5791	<nil>
920	519	80	599	<nil>
920	1504	7	1511	<nil>
920	1686	274	1960	<nil>
920	6354	259	6613	<nil>
920	1665	300	1965	<nil>
920	1464	502	1966	<nil>
920	460	377	837	<nil>
920	1616	343	1959	<nil>
920	697	269	966	<nil>
920	1597	369	1966	<nil>
920	8854	530	9384	<nil>
920	544	260	804	<nil>
920	501	112	613	<nil>
920	153	10	163	<nil>
920	2766	6	2772	<nil>
920	1750	209	1959	<nil>
920	1589	379	1968	<nil>
920	703	255	958	<nil>
920	459	509	968	<nil>
920	5590	204	5794	<nil>
920	481	26	507	<nil>
920	344	25	369	<nil>
920	5530	23	5553	<nil>
920	3415	22	3437	<nil>
920	1479	20	1499	<nil>
920	137	14	151	<nil>
920	9375	14	9389	<nil>
920	1423	79	1502	<nil>
920	427	86	513	<nil>
920	1706	264	1970	<nil>
920	408	11	419	<nil>
920	1735	228	1963	<nil>
920	1570	349	1919	<nil>
920	46068	97	46165	<nil>
920	1742	229	1971	<nil>
920	429	191	620	<nil>
920	1692	280	1972	<nil>
920	1596	373	1969	<nil>
920	490	120	610	<nil>
920	614	350	964	<nil>
920	1414	87	1501	<nil>
920	482	232	714	<nil>
920	468	257	725	<nil>
920	499	120	619	<nil>
920	1404	518	1922	<nil>
920	9113	277	9390	<nil>
920	3118	323	3441	<nil>
920	1620	353	1973	<nil>
920	3377	352	3729	<nil>
920	504	117	621	<nil>
920	1449	527	1976	<nil>
920	3373	378	3751	<nil>
920	529	280	809	<nil>
920	1587	382	1969	<nil>
920	460	344	804	<nil>
920	1452	522	1974	<nil>
920	497	120	617	<nil>
920	442	0	442	rpc error: code = Unavailable desc = transport is closing
920	9024	381	9405	<nil>
920	1596	383	1979	<nil>
920	1457	523	1980	<nil>
920	1607	357	1964	<nil>
920	427	356	783	<nil>
920	515	103	618	<nil>
920	3029	118	3147	<nil>
920	1494	13	1507	<nil>
920	5977	391	6368	<nil>
920	1616	357	1973	<nil>
920	1587	386	1973	<nil>
920	1730	239	1969	<nil>
920	1452	521	1973	<nil>
920	531	289	820	<nil>
920	173744	1	173745	<nil>
920	83	20	103	<nil>
920	500	119	619	<nil>
920	1765	216	1981	<nil>
920	450	176	626	<nil>
920	488	128	616	<nil>
920	5723	382	6105	<nil>
920	2998	0	2998	rpc error: code = Unavailable desc = transport is closing
920	1497	13	1510	<nil>
920	485	38	523	<nil>
920	1470	41	1511	<nil>
920	442	0	442	rpc error: code = Unavailable desc = transport is closing
920	451	0	451	rpc error: code = Unavailable desc = transport is closing
920	588	305	893	<nil>
920	6270	0	6270	rpc error: code = Unavailable desc = transport is closing
920	1452	0	1452	rpc error: code = Unavailable desc = transport is closing
920	451	0	451	rpc error: code = Unavailable desc = transport is closing
920	1456	442	1898	<nil>
920	1497	13	1510	<nil>
920	16935	36	16971	<nil>
920	424	385	809	<nil>
920	503	394	897	<nil>
920	498	110	608	<nil>
920	1478	499	1977	<nil>
920	1589	387	1976	<nil>
920	1589	395	1984	<nil>
920	16092	387	16479	<nil>
920	15565	394	15959	<nil>
920	594	388	982	<nil>
920	6344	331	6675	<nil>
920	386	16	402	<nil>
920	1506	19	1525	<nil>
920	5544	46	5590	<nil>
920	1479	40	1519	<nil>
920	1499	23	1522	<nil>
920	501	42	543	<nil>
920	2657	38	2695	<nil>
920	136	32	168	<nil>
920	588	0	588	rpc error: code = Unavailable desc = transport is closing
920	1524	19	1543	<nil>
920	499	136	635	<nil>
920	453	21	474	<nil>
920	533	26	559	<nil>
920	1503	23	1526	<nil>
920	554	0	554	rpc error: code = Unavailable desc = transport is closing
920	599	0	599	rpc error: code = Unavailable desc = transport is closing
920	1505	22	1527	<nil>
920	5224	43	5267	<nil>
920	76646	37	76683	<nil>
920	609	0	609	rpc error: code = Unavailable desc = transport is closing
920	1609	0	1609	rpc error: code = Unavailable desc = transport is closing
920	588	0	588	rpc error: code = Unavailable desc = transport is closing
920	5757	0	5757	rpc error: code = Unavailable desc = transport is closing
920	1589	0	1589	rpc error: code = Unavailable desc = transport is closing
920	5823	4	5827	<nil>
920	545	276	821	<nil>
920	406	536	942	<nil>
920	1449	526	1975	<nil>
920	454	180	634	<nil>
920	15544	227	15771	<nil>
920	1525	9	1534	<nil>
920	2766	111	2877	<nil>
920	1543	111	1654	<nil>
920	3163	112	3275	<nil>
920	3017	256	3273	<nil>
920	15636	251	15887	<nil>
920	446	114	560	<nil>
920	462	115	577	<nil>
920	560	114	674	<nil>
920	462	275	737	<nil>
920	1547	271	1818	<nil>
920	2990	274	3264	<nil>
920	1524	275	1799	<nil>
920	1524	290	1814	<nil>
920	219	300	519	<nil>
920	548	284	832	<nil>
920	1542	290	1832	<nil>
920	1524	286	1810	<nil>
920	3361	289	3650	<nil>
920	1524	286	1810	<nil>
920	1524	286	1810	<nil>
920	1543	274	1817	<nil>
920	536	286	822	<nil>
920	1530	280	1810	<nil>
920	462	298	760	<nil>
920	451	288	739	<nil>
920	443	276	719	<nil>
920	1527	287	1814	<nil>
920	1524	274	1798	<nil>
920	444	275	719	<nil>
920	9423	284	9707	<nil>
920	445	296	741	<nil>
920	5442	293	5735	<nil>
920	1525	293	1818	<nil>
920	1551	451	2002	<nil>
920	635	299	934	<nil>
920	9429	291	9720	<nil>
920	622	301	923	<nil>
920	1527	298	1825	<nil>
920	17449	424	17873	<nil>
920	220	481	701	<nil>
920	9624	292	9916	<nil>
920	549	284	833	<nil>
920	549	0	549	rpc error: code = Unavailable desc = transport is closing
920	2886	526	3412	<nil>
920	538	0	538	rpc error: code = Unavailable desc = transport is closing
920	3371	457	3828	<nil>
920	603	0	603	rpc error: code = Unavailable desc = transport is closing
920	3206	0	3206	rpc error: code = Unavailable desc = transport is closing
920	603	0	603	rpc error: code = Unavailable desc = transport is closing
920	596	0	596	rpc error: code = Unavailable desc = transport is closing
920	5955	0	5955	rpc error: code = Unavailable desc = transport is closing
920	2953	0	2953	rpc error: code = Unavailable desc = transport is closing
920	574	0	574	rpc error: code = Unavailable desc = transport is closing
920	1542	0	1542	rpc error: code = Unavailable desc = transport is closing
920	639	0	639	rpc error: code = Unavailable desc = transport is closing
920	572	0	572	rpc error: code = Unavailable desc = transport is closing
920	615	0	615	rpc error: code = Unavailable desc = transport is closing
920	629	0	629	rpc error: code = Unavailable desc = transport is closing
920	609	0	609	rpc error: code = Unavailable desc = transport is closing
920	602	0	602	rpc error: code = Unavailable desc = transport is closing
920	5817	0	5817	rpc error: code = Unavailable desc = transport is closing
920	650	0	650	rpc error: code = Unavailable desc = transport is closing
920	1769	0	1769	rpc error: code = Unavailable desc = transport is closing
920	669	0	669	rpc error: code = Unavailable desc = transport is closing
920	629	0	629	rpc error: code = Unavailable desc = transport is closing
920	687	0	687	rpc error: code = Unavailable desc = transport is closing
920	3382	0	3382	rpc error: code = Unavailable desc = transport is closing
920	680	0	680	rpc error: code = Unavailable desc = transport is closing
920	16098	0	16098	rpc error: code = Unavailable desc = transport is closing
920	831	0	831	rpc error: code = Unavailable desc = transport is closing
920	696	0	696	rpc error: code = Unavailable desc = transport is closing
920	3562	0	3562	rpc error: code = Unavailable desc = transport is closing
920	3421	0	3421	rpc error: code = Unavailable desc = transport is closing
920	714	0	714	rpc error: code = Unavailable desc = transport is closing
920	3402	0	3402	rpc error: code = Unavailable desc = transport is closing
920	1825	0	1825	rpc error: code = Unavailable desc = transport is closing
920	16119	0	16119	rpc error: code = Unavailable desc = transport is closing
920	715	0	715	rpc error: code = Unavailable desc = transport is closing
920	729	0	729	rpc error: code = Unavailable desc = transport is closing
920	1840	0	1840	rpc error: code = Unavailable desc = transport is closing
920	747	0	747	rpc error: code = Unavailable desc = transport is closing
920	747	0	747	rpc error: code = Unavailable desc = transport is closing
920	1874	0	1874	rpc error: code = Unavailable desc = transport is closing
920	759	0	759	rpc error: code = Unavailable desc = transport is closing
920	886	0	886	rpc error: code = Unavailable desc = transport is closing
920	775	0	775	rpc error: code = Unavailable desc = transport is closing
920	764	0	764	rpc error: code = Unavailable desc = transport is closing
920	768	0	768	rpc error: code = Unavailable desc = transport is closing
920	757	0	757	rpc error: code = Unavailable desc = transport is closing
920	780	0	780	rpc error: code = Unavailable desc = transport is closing
920	1884	0	1884	rpc error: code = Unavailable desc = transport is closing
920	765	0	765	rpc error: code = Unavailable desc = transport is closing
920	1839	0	1839	rpc error: code = Unavailable desc = transport is closing
920	797	0	797	rpc error: code = Unavailable desc = transport is closing
920	787	0	787	rpc error: code = Unavailable desc = transport is closing
920	1899	0	1899	rpc error: code = Unavailable desc = transport is closing
920	766	0	766	rpc error: code = Unavailable desc = transport is closing
920	798	0	798	rpc error: code = Unavailable desc = transport is closing
920	786	0	786	rpc error: code = Unavailable desc = transport is closing
920	786	0	786	rpc error: code = Unavailable desc = transport is closing
920	771	0	771	rpc error: code = Unavailable desc = transport is closing
920	770	0	770	rpc error: code = Unavailable desc = transport is closing
920	16168	0	16168	rpc error: code = Unavailable desc = transport is closing
920	765	0	765	rpc error: code = Unavailable desc = transport is closing
920	771	0	771	rpc error: code = Unavailable desc = transport is closing
920	1838	0	1838	rpc error: code = Unavailable desc = transport is closing
920	776	0	776	rpc error: code = Unavailable desc = transport is closing
920	911	237	1148	<nil>
920	1012	212	1224	<nil>
920	895	258	1153	<nil>
920	902	249	1151	<nil>
920	938	211	1149	<nil>
920	909	239	1148	<nil>
920	3346	240	3586	<nil>
920	927	236	1163	<nil>
920	901	256	1157	<nil>
920	902	240	1142	<nil>
920	3347	242	3589	<nil>
920	1637	244	1881	<nil>
920	3345	243	3588	<nil>
920	907	251	1158	<nil>
920	927	212	1139	<nil>
920	903	238	1141	<nil>
920	72352	217	72569	<nil>
920	1752	218	1970	<nil>
920	5232	218	5450	<nil>
920	955	218	1173	<nil>
920	948	219	1167	<nil>
920	917	246	1163	<nil>
920	904	245	1149	<nil>
920	1752	211	1963	<nil>
920	949	220	1169	<nil>
920	51547	242	51789	<nil>
920	379	50	429	<nil>
920	164	36	200	<nil>
920	393	36	429	<nil>
920	389	40	429	<nil>
920	394	35	429	<nil>
920	177	21	198	<nil>
920	240	41	281	<nil>
920	244	38	282	<nil>
920	404	25	429	<nil>
920	244	36	280	<nil>
920	158	40	198	<nil>
920	218	21	239	<nil>
920	449	0	449	rpc error: code = DeadlineExceeded desc = context deadline exceeded
920	180	39	219	<nil>
920	183	44	227	<nil>
920	261	51	312	<nil>
920	185	48	233	<nil>
920	180	76	256	<nil>
920	413	77	490	<nil>
920	179	77	256	<nil>
920	224	76	300	<nil>
920	186	74	260	<nil>
920	225	76	301	<nil>
920	188	76	264	<nil>
920	198	84	282	<nil>
920	217	73	290	<nil>
920	213	73	286	<nil>
920	213	74	287	<nil>
920	947	0	947	rpc error: code = Unavailable desc = transport is closing
920	828	0	828	rpc error: code = Unavailable desc = transport is closing
920	831	0	831	rpc error: code = Unavailable desc = transport is closing
920	903	0	903	rpc error: code = Unavailable desc = transport is closing
920	897	0	897	rpc error: code = Unavailable desc = transport is closing
920	855	0	855	rpc error: code = Unavailable desc = transport is closing
920	770	0	770	rpc error: code = Unavailable desc = transport is closing
920	830	0	830	rpc error: code = Unavailable desc = transport is closing
920	5794	0	5794	rpc error: code = Unavailable desc = transport is closing
920	5283	0	5283	rpc error: code = Unavailable desc = transport is closing
920	804	0	804	rpc error: code = Unavailable desc = transport is closing
920	837	0	837	rpc error: code = Unavailable desc = transport is closing
920	802	0	802	rpc error: code = Unavailable desc = transport is closing
920	859	0	859	rpc error: code = Unavailable desc = transport is closing
920	905	0	905	rpc error: code = Unavailable desc = transport is closing
920	836	0	836	rpc error: code = Unavailable desc = transport is closing
920	924	0	924	rpc error: code = Unavailable desc = transport is closing
920	805	0	805	rpc error: code = Unavailable desc = transport is closing
920	830	0	830	rpc error: code = Unavailable desc = transport is closing
920	855	0	855	rpc error: code = Unavailable desc = transport is closing
920	849	0	849	rpc error: code = Unavailable desc = transport is closing
920	809	0	809	rpc error: code = Unavailable desc = transport is closing
920	806	0	806	rpc error: code = Unavailable desc = transport is closing
920	805	0	805	rpc error: code = Unavailable desc = transport is closing
920	3528	0	3528	rpc error: code = Unavailable desc = transport is closing
920	838	0	838	rpc error: code = Unavailable desc = transport is closing
920	817	0	817	rpc error: code = Unavailable desc = transport is closing
920	907	0	907	rpc error: code = Unavailable desc = transport is closing
920	928	0	928	rpc error: code = Unavailable desc = transport is closing
920	915	0	915	rpc error: code = Unavailable desc = transport is closing
920	910	0	910	rpc error: code = Unavailable desc = transport is closing
920	820	0	820	rpc error: code = Unavailable desc = transport is closing
920	851	0	851	rpc error: code = Unavailable desc = transport is closing
920	911	0	911	rpc error: code = Unavailable desc = transport is closing
920	847	0	847	rpc error: code = Unavailable desc = transport is closing
920	5423	0	5423	rpc error: code = Unavailable desc = transport is closing
920	68153	0	68153	rpc error: code = Unavailable desc = transport is closing
920	5244	0	5244	rpc error: code = Unavailable desc = transport is closing
920	768	0	768	rpc error: code = Unavailable desc = transport is closing
920	771	0	771	rpc error: code = Unavailable desc = transport is closing
920	822	0	822	rpc error: code = Unavailable desc = transport is closing
920	767	0	767	rpc error: code = Unavailable desc = transport is closing
920	3209	0	3209	rpc error: code = Unavailable desc = transport is closing
920	3143	0	3143	rpc error: code = Unavailable desc = transport is closing
920	803	0	803	rpc error: code = Unavailable desc = transport is closing
920	765	0	765	rpc error: code = Unavailable desc = transport is closing
920	1902	0	1902	rpc error: code = Unavailable desc = transport is closing
920	487	0	487	rpc error: code = DeadlineExceeded desc = context deadline exceeded
920	928	0	928	rpc error: code = Unavailable desc = transport is closing
920	955	0	955	rpc error: code = Unavailable desc = transport is closing
920	3372	0	3372	rpc error: code = Unavailable desc = transport is closing
920	794	0	794	rpc error: code = Unavailable desc = transport is closing
920	921	0	921	rpc error: code = Unavailable desc = transport is closing
920	928	0	928	rpc error: code = Unavailable desc = transport is closing
920	769	0	769	rpc error: code = Unavailable desc = transport is closing
920	945	0	945	rpc error: code = Unavailable desc = transport is closing
920	929	0	929	rpc error: code = Unavailable desc = transport is closing
920	1750	0	1750	rpc error: code = Unavailable desc = transport is closing
920	16518	0	16518	rpc error: code = Unavailable desc = transport is closing
920	3262	0	3262	rpc error: code = Unavailable desc = transport is closing
920	787	0	787	rpc error: code = Unavailable desc = transport is closing
920	995	0	995	rpc error: code = Unavailable desc = transport is closing
920	3309	0	3309	rpc error: code = Unavailable desc = transport is closing
920	928	0	928	rpc error: code = Unavailable desc = transport is closing
920	5135	0	5135	rpc error: code = Unavailable desc = transport is closing
920	854	0	854	rpc error: code = Unavailable desc = transport is closing
920	186	0	186	rpc error: code = Unavailable desc = transport is closing
920	932	0	932	rpc error: code = Unavailable desc = transport is closing
920	767	0	767	rpc error: code = Unavailable desc = transport is closing
920	842	0	842	rpc error: code = Unavailable desc = transport is closing
920	870	0	870	rpc error: code = Unavailable desc = transport is closing
920	842	0	842	rpc error: code = Unavailable desc = transport is closing
920	6265	0	6265	rpc error: code = Unavailable desc = transport is closing
920	17717	0	17717	rpc error: code = Unavailable desc = transport is closing
920	2017	0	2017	rpc error: code = Unavailable desc = transport is closing
920	279	0	279	rpc error: code = Unavailable desc = transport is closing
920	3642	0	3642	rpc error: code = Unavailable desc = transport is closing
920	915	0	915	rpc error: code = Unavailable desc = transport is closing
920	915	0	915	rpc error: code = Unavailable desc = transport is closing
920	1007	0	1007	rpc error: code = Unavailable desc = transport is closing
920	915	0	915	rpc error: code = Unavailable desc = transport is closing
920	1279	0	1279	rpc error: code = Unavailable desc = transport is closing
920	278	0	278	rpc error: code = Unavailable desc = transport is closing
920	580	0	580	rpc error: code = DeadlineExceeded desc = context deadline exceeded
920	581	0	581	rpc error: code = DeadlineExceeded desc = context deadline exceeded
920	5939	0	5939	rpc error: code = DeadlineExceeded desc = context deadline exceeded
920	2907	0	2907	rpc error: code = DeadlineExceeded desc = context deadline exceeded
920	923	0	923	rpc error: code = Unavailable desc = transport is closing
920	803	0	803	rpc error: code = Unavailable desc = transport is closing
920	577	0	577	rpc error: code = DeadlineExceeded desc = context deadline exceeded
920	110521	0	110521	rpc error: code = DeadlineExceeded desc = context deadline exceeded
920	572	0	572	rpc error: code = DeadlineExceeded desc = context deadline exceeded
920	1527	0	1527	rpc error: code = DeadlineExceeded desc = context deadline exceeded
920	646	0	646	rpc error: code = DeadlineExceeded desc = context deadline exceeded
920	947	0	947	rpc error: code = Unavailable desc = transport is closing
920	575	0	575	rpc error: code = DeadlineExceeded desc = context deadline exceeded
920	931	0	931	rpc error: code = Unavailable desc = transport is closing
920	3356	0	3356	rpc error: code = Unavailable desc = transport is closing
920	6287	0	6287	rpc error: code = Unavailable desc = transport is closing
920	931	0	931	rpc error: code = Unavailable desc = transport is closing
920	3354	0	3354	rpc error: code = Unavailable desc = transport is closing
920	10148	0	10148	rpc error: code = Unavailable desc = transport is closing
920	931	0	931	rpc error: code = Unavailable desc = transport is closing
920	928	0	928	rpc error: code = Unavailable desc = transport is closing
920	893	0	893	rpc error: code = Unavailable desc = transport is closing
920	8737	0	8737	rpc error: code = Unavailable desc = transport is closing
920	1989	0	1989	rpc error: code = Unavailable desc = transport is closing
920	925	0	925	rpc error: code = Unavailable desc = transport is closing
920	912	0	912	rpc error: code = Unavailable desc = transport is closing
920	889	0	889	rpc error: code = Unavailable desc = transport is closing
920	1361	0	1361	rpc error: code = Unavailable desc = transport is closing
920	894	0	894	rpc error: code = Unavailable desc = transport is closing
920	916	0	916	rpc error: code = Unavailable desc = transport is closing
920	3295	0	3295	rpc error: code = Unavailable desc = transport is closing
920	46951	0	46951	rpc error: code = Unavailable desc = transport is closing
920	918	0	918	rpc error: code = Unavailable desc = transport is closing
920	915	0	915	rpc error: code = Unavailable desc = transport is closing
920	898	0	898	rpc error: code = Unavailable desc = transport is closing
920	898	0	898	rpc error: code = Unavailable desc = transport is closing
920	831	0	831	rpc error: code = Unavailable desc = transport is closing
920	5479	0	5479	rpc error: code = Unavailable desc = transport is closing
920	16441	0	16441	rpc error: code = Unavailable desc = transport is closing
920	830	0	830	rpc error: code = Unavailable desc = transport is closing
920	907	0	907	rpc error: code = Unavailable desc = transport is closing
920	810	0	810	rpc error: code = Unavailable desc = transport is closing
920	811	0	811	rpc error: code = Unavailable desc = transport is closing
920	45878	0	45878	rpc error: code = Unavailable desc = transport is closing
920	1799	0	1799	rpc error: code = Unavailable desc = transport is closing
920	526	0	526	rpc error: code = DeadlineExceeded desc = context deadline exceeded
920	499	0	499	rpc error: code = DeadlineExceeded desc = context deadline exceeded
920	529	0	529	rpc error: code = DeadlineExceeded desc = context deadline exceeded
920	6007	0	6007	rpc error: code = DeadlineExceeded desc = context deadline exceeded
920	852	0	852	rpc error: code = Unavailable desc = transport is closing
920	910	0	910	rpc error: code = Unavailable desc = transport is closing
920	953	0	953	rpc error: code = Unavailable desc = transport is closing
920	805	0	805	rpc error: code = Unavailable desc = transport is closing
920	879	0	879	rpc error: code = Unavailable desc = transport is closing
920	1061	0	1061	rpc error: code = Unavailable desc = transport is closing
920	818	0	818	rpc error: code = Unavailable desc = transport is closing
920	1752	0	1752	rpc error: code = Unavailable desc = transport is closing
920	846	0	846	rpc error: code = Unavailable desc = transport is closing
920	1044	0	1044	rpc error: code = Unavailable desc = transport is closing
920	948	0	948	rpc error: code = Unavailable desc = transport is closing
920	3374	0	3374	rpc error: code = Unavailable desc = transport is closing
920	826	0	826	rpc error: code = Unavailable desc = transport is closing
920	3504	0	3504	rpc error: code = Unavailable desc = transport is closing
920	954	0	954	rpc error: code = Unavailable desc = transport is closing
920	807	0	807	rpc error: code = Unavailable desc = transport is closing
920	801	0	801	rpc error: code = Unavailable desc = transport is closing
920	857	0	857	rpc error: code = Unavailable desc = transport is closing
920	833	0	833	rpc error: code = Unavailable desc = transport is closing
920	830	0	830	rpc error: code = Unavailable desc = transport is closing
920	802	0	802	rpc error: code = Unavailable desc = transport is closing
920	835	0	835	rpc error: code = Unavailable desc = transport is closing
920	5791	0	5791	rpc error: code = Unavailable desc = transport is closing
920	769	0	769	rpc error: code = Unavailable desc = transport is closing
920	908	0	908	rpc error: code = Unavailable desc = transport is closing
920	896	0	896	rpc error: code = Unavailable desc = transport is closing
920	905	0	905	rpc error: code = Unavailable desc = transport is closing
920	147	0	147	rpc error: code = Unavailable desc = transport is closing
920	887	0	887	rpc error: code = Unavailable desc = transport is closing
920	897	0	897	rpc error: code = Unavailable desc = transport is closing
920	3620	0	3620	rpc error: code = Unavailable desc = transport is closing
920	918	0	918	rpc error: code = Unavailable desc = transport is closing
920	255	0	255	rpc error: code = Unavailable desc = transport is closing
920	5660	0	5660	rpc error: code = Unavailable desc = transport is closing
920	394	0	394	rpc error: code = Unavailable desc = transport is closing
920	393	0	393	rpc error: code = Unavailable desc = transport is closing
920	405	0	405	rpc error: code = Unavailable desc = transport is closing
920	391	0	391	rpc error: code = Unavailable desc = transport is closing
920	412	0	412	rpc error: code = Unavailable desc = transport is closing
920	5390	0	5390	rpc error: code = Unavailable desc = transport is closing
920	216	611	827	<nil>
920	224	605	829	<nil>
920	215	612	827	<nil>
920	213	613	826	<nil>
920	213	614	827	<nil>
920	225	605	830	<nil>
920	216	614	830	<nil>
920	224	604	828	<nil>
920	224	603	827	<nil>
920	221	606	827	<nil>
920	225	603	828	<nil>
920	227	603	830	<nil>
920	222	611	833	<nil>
920	223	604	827	<nil>
920	222	605	827	<nil>
920	5453	605	6058	<nil>
920	232	599	831	<nil>
920	244	584	828	<nil>
920	5451	604	6055	<nil>
920	243	585	828	<nil>
920	236	592	828	<nil>
920	227	601	828	<nil>
920	5275	583	5858	<nil>
920	2596	584	3180	<nil>
920	4961	570	5531	<nil>
920	5277	583	5860	<nil>
920	5489	570	6059	<nil>
920	245	585	830	<nil>
920	5486	570	6056	<nil>
920	111	585	696	<nil>
920	125	570	695	<nil>
920	161	533	694	<nil>
920	77	529	606	<nil>
920	151	544	695	<nil>
920	161	534	695	<nil>
920	145	542	687	<nil>
920	140	544	684	<nil>
920	152	543	695	<nil>
920	154	534	688	<nil>
920	156	531	687	<nil>
920	161	534	695	<nil>
920	151	545	696	<nil>
920	89	527	616	<nil>
920	126	571	697	<nil>
920	148	548	696	<nil>
920	145	551	696	<nil>
920	161	534	695	<nil>
920	102	585	687	<nil>
920	87	529	616	<nil>
920	3050	547	3597	<nil>
920	154	534	688	<nil>
920	2620	557	3177	<nil>
920	72053	584	72637	<nil>
920	152	543	695	<nil>
920	156	532	688	<nil>
920	154	534	688	<nil>
920	157	530	687	<nil>
920	89	541	630	<nil>
920	157	531	688	<nil>
920	46	537	583	<nil>
920	16937	538	17475	<nil>
920	46	539	585	<nil>
920	69	538	607	<nil>
920	65	534	599	<nil>
920	88	542	630	<nil>
920	5843	541	6384	<nil>
920	154	534	688	<nil>
920	53	539	592	<nil>
920	50	544	594	<nil>
920	26	539	565	<nil>
920	26	539	565	<nil>
920	47	538	585	<nil>
920	26	554	580	<nil>
920	167	527	694	<nil>
920	217	335	552	<nil>
920	34	551	585	<nil>
920	1246	314	1560	<nil>
920	227	324	551	<nil>
920	59	548	607	<nil>
920	229	324	553	<nil>
940	309	0	309	rpc error: code = Unavailable desc = transport is closing
940	330	0	330	rpc error: code = Unavailable desc = transport is closing
940	336	0	336	rpc error: code = Unavailable desc = transport is closing
940	315	399	714	<nil>
940	311	399	710	<nil>
940	379	0	379	rpc error: code = Unavailable desc = transport is closing
940	340	0	340	rpc error: code = Unavailable desc = transport is closing
940	354	425	779	<nil>
940	339	0	339	rpc error: code = Unavailable desc = transport is closing
940	343	0	343	rpc error: code = Unavailable desc = transport is closing
940	347	0	347	rpc error: code = Unavailable desc = transport is closing
940	348	417	765	<nil>
940	352	411	763	<nil>
940	386	391	777	<nil>
940	332	388	720	<nil>
940	379	386	765	<nil>
940	387	386	773	<nil>
940	390	388	778	<nil>
940	387	387	774	<nil>
940	9699	386	10085	<nil>
940	378	386	764	<nil>
940	393	0	393	rpc error: code = DeadlineExceeded desc = context deadline exceeded
940	397	4520	4917	<nil>
940	421	4507	4928	<nil>
940	364	4504	4868	<nil>
940	1365	4475	5840	<nil>
940	1365	4476	5841	<nil>
940	298	4476	4774	<nil>
940	3141	4476	7617	<nil>
940	1364	4476	5840	<nil>
940	3144	4474	7618	<nil>
940	40813	4475	45288	<nil>
940	1317	4458	5775	<nil>
940	337	4476	4813	<nil>
940	1301	4476	5777	<nil>
940	401	0	401	rpc error: code = Unavailable desc = transport is closing
940	418	0	418	rpc error: code = Unavailable desc = transport is closing
940	3082	0	3082	rpc error: code = Unavailable desc = transport is closing
940	375	0	375	rpc error: code = Unavailable desc = transport is closing
940	421	0	421	rpc error: code = Unavailable desc = transport is closing
940	436	0	436	rpc error: code = Unavailable desc = transport is closing
940	420	0	420	rpc error: code = Unavailable desc = transport is closing
940	453	0	453	rpc error: code = Unavailable desc = transport is closing
940	453	0	453	rpc error: code = Unavailable desc = transport is closing
940	424	0	424	rpc error: code = Unavailable desc = transport is closing
940	2828	0	2828	rpc error: code = Unavailable desc = transport is closing
940	448	0	448	rpc error: code = Unavailable desc = transport is closing
940	454	0	454	rpc error: code = Unavailable desc = transport is closing
940	1463	0	1463	rpc error: code = Unavailable desc = transport is closing
940	3373	0	3373	rpc error: code = Unavailable desc = transport is closing
940	452	0	452	rpc error: code = Unavailable desc = transport is closing
940	459	0	459	rpc error: code = Unavailable desc = transport is closing
940	460	0	460	rpc error: code = Unavailable desc = transport is closing
940	307	4422	4729	<nil>
940	453	0	453	rpc error: code = Unavailable desc = transport is closing
940	1446	0	1446	rpc error: code = Unavailable desc = transport is closing
940	363	4390	4753	<nil>
940	453	0	453	rpc error: code = Unavailable desc = transport is closing
940	454	0	454	rpc error: code = Unavailable desc = transport is closing
940	416	4340	4756	<nil>
940	5186	0	5186	rpc error: code = Unavailable desc = transport is closing
940	459	4304	4763	<nil>
940	30230	0	30230	rpc error: code = Unavailable desc = transport is closing
940	11195	0	11195	rpc error: code = Unavailable desc = transport is closing
940	453	0	453	rpc error: code = Unavailable desc = transport is closing
940	453	4301	4754	<nil>
940	383	0	383	rpc error: code = Unavailable desc = transport is closing
940	435	0	435	rpc error: code = Unavailable desc = transport is closing
940	462	0	462	rpc error: code = Unavailable desc = transport is closing
940	1403	0	1403	rpc error: code = Unavailable desc = transport is closing
940	454	4302	4756	<nil>
940	1421	4302	5723	<nil>
940	455	4303	4758	<nil>
940	351	0	351	rpc error: code = Unavailable desc = transport is closing
940	438	0	438	rpc error: code = Unavailable desc = transport is closing
940	9174	0	9174	rpc error: code = Unavailable desc = transport is closing
940	427	4334	4761	<nil>
940	416	4342	4758	<nil>
940	1366	0	1366	rpc error: code = Unavailable desc = transport is closing
940	453	4303	4756	<nil>
940	443	4312	4755	<nil>
940	453	4303	4756	<nil>
940	356	0	356	rpc error: code = Unavailable desc = transport is closing
940	1356	0	1356	rpc error: code = Unavailable desc = transport is closing
940	1366	0	1366	rpc error: code = Unavailable desc = transport is closing
940	377	0	377	rpc error: code = Unavailable desc = transport is closing
940	17425	0	17425	rpc error: code = Unavailable desc = transport is closing
940	9170	0	9170	rpc error: code = Unavailable desc = transport is closing
940	1365	0	1365	rpc error: code = Unavailable desc = transport is closing
940	426	0	426	rpc error: code = Unavailable desc = transport is closing
940	425	4237	4662	<nil>
940	354	0	354	rpc error: code = Unavailable desc = transport is closing
940	1367	0	1367	rpc error: code = Unavailable desc = transport is closing
940	11207	0	11207	rpc error: code = Unavailable desc = transport is closing
940	1365	0	1365	rpc error: code = Unavailable desc = transport is closing
940	11206	0	11206	rpc error: code = Unavailable desc = transport is closing
940	445	0	445	rpc error: code = Unavailable desc = transport is closing
940	9767	0	9767	rpc error: code = Unavailable desc = transport is closing
940	422	0	422	rpc error: code = Unavailable desc = transport is closing
940	354	0	354	rpc error: code = Unavailable desc = transport is closing
940	446	0	446	rpc error: code = Unavailable desc = transport is closing
940	1362	0	1362	rpc error: code = Unavailable desc = transport is closing
940	416	0	416	rpc error: code = Unavailable desc = transport is closing
940	353	0	353	rpc error: code = Unavailable desc = transport is closing
940	414	0	414	rpc error: code = Unavailable desc = transport is closing
940	1366	0	1366	rpc error: code = Unavailable desc = transport is closing
940	419	4267	4686	<nil>
940	411	0	411	rpc error: code = Unavailable desc = transport is closing
940	412	4272	4684	<nil>
940	419	4264	4683	<nil>
940	352	0	352	rpc error: code = Unavailable desc = transport is closing
940	419	4265	4684	<nil>
940	414	4270	4684	<nil>
940	453	4303	4756	<nil>
940	456	4302	4758	<nil>
940	419	4336	4755	<nil>
940	351	0	351	rpc error: code = Unavailable desc = transport is closing
940	456	4298	4754	<nil>
940	425	0	425	rpc error: code = Unavailable desc = transport is closing
940	426	0	426	rpc error: code = Unavailable desc = transport is closing
940	379	0	379	rpc error: code = Unavailable desc = transport is closing
940	9717	0	9717	rpc error: code = Unavailable desc = transport is closing
940	309	0	309	rpc error: code = Unavailable desc = transport is closing
940	391	0	391	rpc error: code = Unavailable desc = transport is closing
940	1417	0	1417	rpc error: code = Unavailable desc = transport is closing
940	377	0	377	rpc error: code = Unavailable desc = transport is closing
940	317	0	317	rpc error: code = Unavailable desc = transport is closing
940	377	0	377	rpc error: code = Unavailable desc = transport is closing
940	1309	0	1309	rpc error: code = Unavailable desc = transport is closing
940	377	0	377	rpc error: code = Unavailable desc = transport is closing
940	387	0	387	rpc error: code = Unavailable desc = transport is closing
940	429	4231	4660	<nil>
940	9695	0	9695	rpc error: code = Unavailable desc = transport is closing
940	387	0	387	rpc error: code = Unavailable desc = transport is closing
940	387	0	387	rpc error: code = Unavailable desc = transport is closing
940	242	0	242	rpc error: code = Unavailable desc = transport is closing
940	425	4235	4660	<nil>
940	390	0	390	rpc error: code = Unavailable desc = transport is closing
940	9591	4231	13822	<nil>
940	378	0	378	rpc error: code = Unavailable desc = transport is closing
940	426	0	426	rpc error: code = Unavailable desc = transport is closing
940	424	4236	4660	<nil>
940	1365	0	1365	rpc error: code = Unavailable desc = transport is closing
940	1312	0	1312	rpc error: code = Unavailable desc = transport is closing
940	427	0	427	rpc error: code = Unavailable desc = transport is closing
940	428	4233	4661	<nil>
940	43454	0	43454	rpc error: code = Unavailable desc = transport is closing
940	378	0	378	rpc error: code = Unavailable desc = transport is closing
940	27408	0	27408	rpc error: code = Unavailable desc = transport is closing
940	2850	4236	7086	<nil>
940	429	4232	4661	<nil>
940	395	4235	4630	<nil>
940	430	4232	4662	<nil>
940	1363	0	1363	rpc error: code = Unavailable desc = transport is closing
940	2864	4233	7097	<nil>
940	413	4271	4684	<nil>
940	7088	138	7226	<nil>
940	7002	136	7138	<nil>
940	4505	134	4639	<nil>
940	4505	134	4639	<nil>
940	4472	118	4590	<nil>
940	7014	141	7155	<nil>
940	4472	119	4591	<nil>
940	4505	141	4646	<nil>
940	4482	183	4665	<nil>
940	4458	243	4701	<nil>
940	7106	246	7352	<nil>
940	4472	229	4701	<nil>
940	4472	230	4702	<nil>
940	4458	243	4701	<nil>
940	4470	223	4693	<nil>
940	4496	197	4693	<nil>
940	4483	196	4679	<nil>
940	4496	198	4694	<nil>
940	4483	197	4680	<nil>
940	4482	198	4680	<nil>
940	4496	197	4693	<nil>
940	4477	194	4671	<nil>
940	4496	199	4695	<nil>
940	4477	208	4685	<nil>
940	4497	208	4705	<nil>
940	4474	216	4690	<nil>
940	4474	227	4701	<nil>
940	7091	216	7307	<nil>
940	4505	208	4713	<nil>
940	4508	206	4714	<nil>
940	4466	214	4680	<nil>
940	4485	219	4704	<nil>
940	4516	211	4727	<nil>
940	254	41	295	<nil>
940	4546	188	4734	<nil>
940	252	45	297	<nil>
940	4309	163	4472	<nil>
940	4557	181	4738	<nil>
940	4425	49	4474	<nil>
940	4539	197	4736	<nil>
940	244	59	303	<nil>
940	4521	191	4712	<nil>
940	4513	198	4711	<nil>
940	260	43	303	<nil>
940	4337	184	4521	<nil>
940	224	43	267	<nil>
940	4540	196	4736	<nil>
940	4563	172	4735	<nil>
940	4302	219	4521	<nil>
940	253	44	297	<nil>
940	4557	182	4739	<nil>
940	4551	186	4737	<nil>
940	226	46	272	<nil>
940	4545	190	4735	<nil>
940	4492	212	4704	<nil>
940	221	49	270	<nil>
940	224	92	316	<nil>
940	224	92	316	<nil>
940	223	94	317	<nil>
940	222	96	318	<nil>
940	205	86	291	<nil>
940	224	94	318	<nil>
940	201	76	277	<nil>
940	212	78	290	<nil>
940	7356	78	7434	<nil>
940	213	77	290	<nil>
940	7293	79	7372	<nil>
940	7381	78	7459	<nil>
940	4437	80	4517	<nil>
940	6992	80	7072	<nil>
940	7284	91	7375	<nil>
940	207	91	298	<nil>
940	223	96	319	<nil>
940	228	90	318	<nil>
940	208	92	300	<nil>
940	226	92	318	<nil>
940	291	92	383	<nil>
940	292	92	384	<nil>
940	225	93	318	<nil>
940	291	91	382	<nil>
940	25564	92	25656	<nil>
940	225	94	319	<nil>
940	265	55	320	<nil>
940	249	42	291	<nil>
940	210	46	256	<nil>
940	229	64	293	<nil>
940	247	47	294	<nil>
940	204	59	263	<nil>
940	215	60	275	<nil>
940	17378	74	17452	<nil>
940	230	74	304	<nil>
940	191	101	292	<nil>
940	256	119	375	<nil>
940	55	134	189	<nil>
940	281	81	362	<nil>
940	178	91	269	<nil>
940	190	103	293	<nil>
940	284	87	371	<nil>
940	196	97	293	<nil>
940	274	98	372	<nil>
940	90	104	194	<nil>
940	262	101	363	<nil>
940	73	118	191	<nil>
940	248	98	346	<nil>
940	305	94	399	<nil>
940	306	104	410	<nil>
940	267	73	340	<nil>
940	10096	79	10175	<nil>
940	288	104	392	<nil>
940	9613	105	9718	<nil>
940	51	106	157	<nil>
940	294	107	401	<nil>
940	267	107	374	<nil>
940	298	98	396	<nil>
940	288	107	395	<nil>
940	293	107	400	<nil>
940	245	82	327	<nil>
940	283	81	364	<nil>
940	247	81	328	<nil>
940	272	112	384	<nil>
940	258	112	370	<nil>
940	254	120	374	<nil>
940	331	116	447	<nil>
940	14635	115	14750	<nil>
940	254	120	374	<nil>
940	47	118	165	<nil>
940	255	123	378	<nil>
940	255	121	376	<nil>
940	36	124	160	<nil>
940	164	99	263	<nil>
940	16129	75	16204	<nil>
940	154	101	255	<nil>
940	145	124	269	<nil>
940	159	103	262	<nil>
940	142	122	264	<nil>
940	14070	112	14182	<nil>
940	44	126	170	<nil>
940	405	76	481	<nil>
940	98	83	181	<nil>
940	57	139	196	<nil>
940	87	96	183	<nil>
940	200	96	296	<nil>
940	211	86	297	<nil>
940	374	112	486	<nil>
940	175	103	278	<nil>
940	412	69	481	<nil>
940	416	69	485	<nil>
940	375	99	474	<nil>
940	183	114	297	<nil>
940	366	69	435	<nil>
940	74	111	185	<nil>
940	417	95	512	<nil>
940	374	112	486	<nil>
940	188	116	304	<nil>
940	187	117	304	<nil>
940	80	104	184	<nil>
940	217	77	294	<nil>
940	406	80	486	<nil>
940	93	113	206	<nil>
940	92	111	203	<nil>
940	227	110	337	<nil>
940	421	116	537	<nil>
940	223	112	335	<nil>
940	379	115	494	<nil>
940	213	115	328	<nil>
940	429	111	540	<nil>
940	218	111	329	<nil>
940	10487	115	10602	<nil>
940	209	120	329	<nil>
940	212	116	328	<nil>
940	224	116	340	<nil>
940	379	116	495	<nil>
940	71214	79	71293	<nil>
940	223	116	339	<nil>
940	41	79	120	<nil>
940	16205	118	16323	<nil>
940	82	63	145	<nil>
940	59	73	132	<nil>
940	58	70	128	<nil>
940	379	120	499	<nil>
940	75	78	153	<nil>
940	56	78	134	<nil>
940	56	97	153	<nil>
940	537	114	651	<nil>
940	53	115	168	<nil>
940	528	118	646	<nil>
940	542	123	665	<nil>
940	529	118	647	<nil>
940	4806	68	4874	<nil>
940	7377	68	7445	<nil>
940	4829	48	4877	<nil>
940	4795	95	4890	<nil>
940	537	147	684	<nil>
940	75348	65	75413	<nil>
940	347	109	456	<nil>
940	485	94	579	<nil>
940	4795	94	4889	<nil>
940	4850	38	4888	<nil>
940	80	97	177	<nil>
940	82	98	180	<nil>
940	511	96	607	<nil>
940	348	102	450	<nil>
940	347	104	451	<nil>
940	414	2	416	<nil>
940	363	91	454	<nil>
940	343	110	453	<nil>
940	628	2	630	<nil>
940	342	106	448	<nil>
940	348	108	456	<nil>
940	83	101	184	<nil>
940	524	95	619	<nil>
940	593	30	623	<nil>
940	348	117	465	<nil>
940	622	3	625	<nil>
940	16453	4	16457	<nil>
940	412	3	415	<nil>
940	362	78	440	<nil>
940	627	3	630	<nil>
940	349	107	456	<nil>
940	350	2	352	<nil>
940	628	4	632	<nil>
940	631	3	634	<nil>
940	680	49	729	<nil>
940	419	1	420	<nil>
940	415	3	418	<nil>
940	683	56	739	<nil>
940	346	120	466	<nil>
940	344	121	465	<nil>
940	317	3	320	<nil>
940	382	1	383	<nil>
940	627	7	634	<nil>
940	348	118	466	<nil>
940	377	0	377	<nil>
940	43847	2	43849	<nil>
940	16464	1	16465	<nil>
940	384	0	384	<nil>
940	311	2	313	<nil>
940	376	1	377	<nil>
940	15003	4	15007	<nil>
940	325	62	387	<nil>
940	312	107	419	<nil>
940	679	15	694	<nil>
940	633	3	636	<nil>
940	182694	62	182756	<nil>
940	75	17	92	<nil>
940	531	106	637	<nil>
940	516	122	638	<nil>
940	323	62	385	<nil>
940	29304	64	29368	<nil>
940	382	1	383	<nil>
940	685	61	746	<nil>
940	326	63	389	<nil>
940	597	47	644	<nil>
940	28301	63	28364	<nil>
940	90	62	152	<nil>
940	234	125	359	<nil>
940	67	32	99	<nil>
940	472	1	473	<nil>
940	386	1	387	<nil>
940	324	2	326	<nil>
940	314	1	315	<nil>
940	710	0	710	<nil>
940	363	108	471	<nil>
940	327	60	387	<nil>
940	682	66	748	<nil>
940	683	68	751	<nil>
940	357	128	485	<nil>
940	413	17	430	<nil>
940	303	185	488	<nil>
940	195	183	378	<nil>
940	328	190	518	<nil>
940	705	188	893	<nil>
940	331	188	519	<nil>
940	96	189	285	<nil>
940	26711	195	26906	<nil>
940	645	197	842	<nil>
940	717	197	914	<nil>
940	96	193	289	<nil>
940	741	184	925	<nil>
940	714	195	909	<nil>
940	453	183	636	<nil>
940	696	197	893	<nil>
940	198	208	406	<nil>
940	592	305	897	<nil>
940	444	168	612	<nil>
940	429	169	598	<nil>
940	443	170	613	<nil>
940	431	168	599	<nil>
940	430	168	598	<nil>
940	430	169	599	<nil>
940	430	169	599	<nil>
940	43835	169	44004	<nil>
940	445	169	614	<nil>
940	683	180	863	<nil>
940	882	181	1063	<nil>
940	367	168	535	<nil>
940	370	153	523	<nil>
940	373	153	526	<nil>
940	371	152	523	<nil>
940	371	152	523	<nil>
940	346	177	523	<nil>
940	366	153	519	<nil>
940	347	178	525	<nil>
940	370	155	525	<nil>
940	367	153	520	<nil>
940	371	154	525	<nil>
940	367	153	520	<nil>
940	367	155	522	<nil>
940	371	154	525	<nil>
940	435	157	592	<nil>
940	451	154	605	<nil>
940	346	178	524	<nil>
940	370	154	524	<nil>
940	702	155	857	<nil>
940	347	173	520	<nil>
940	367	153	520	<nil>
940	871	170	1041	<nil>
940	868	186	1054	<nil>
940	704	186	890	<nil>
940	899	203	1102	<nil>
940	906	202	1108	<nil>
940	871	235	1106	<nil>
940	920	243	1163	<nil>
940	870	249	1119	<nil>
940	20098	249	20347	<nil>
940	5262	252	5514	<nil>
940	329	255	584	<nil>
940	332	270	602	<nil>
940	474	154	628	<nil>
940	568	140	708	<nil>
940	190	145	335	<nil>
940	350	156	506	<nil>
940	353	160	513	<nil>
940	349	158	507	<nil>
940	355	159	514	<nil>
940	421	157	578	<nil>
940	451	155	606	<nil>
940	370	149	519	<nil>
940	774	156	930	<nil>
940	383	144	527	<nil>
940	840	117	957	<nil>
940	822	127	949	<nil>
940	574	155	729	<nil>
940	574	155	729	<nil>
940	1093	154	1247	<nil>
940	44603	158	44761	<nil>
940	575	154	729	<nil>
940	193	151	344	<nil>
940	412	151	563	<nil>
940	477	85	562	<nil>
940	384	151	535	<nil>
940	530	95	625	<nil>
940	477	157	634	<nil>
940	739	152	891	<nil>
940	414	154	568	<nil>
940	417	153	570	<nil>
940	464	107	571	<nil>
940	413	152	565	<nil>
940	418	152	570	<nil>
940	475	95	570	<nil>
940	481	95	576	<nil>
940	477	94	571	<nil>
940	416	152	568	<nil>
940	488	92	580	<nil>
940	415	151	566	<nil>
940	541	96	637	<nil>
940	468	98	566	<nil>
940	480	92	572	<nil>
940	103	96	199	<nil>
940	492	97	589	<nil>
940	676	95	771	<nil>
940	296	94	390	<nil>
940	670	101	771	<nil>
940	1277	95	1372	<nil>
940	128	59	187	<nil>
940	109	62	171	<nil>
940	73	67	140	<nil>
940	530	60	590	<nil>
940	77	33	110	<nil>
940	98	35	133	<nil>
940	101	46	147	<nil>
940	177	63	240	<nil>
940	5728	43	5771	<nil>
940	527	67	594	<nil>
940	15589	36	15625	<nil>
940	79	40	119	<nil>
940	84	59	143	<nil>
940	6375	33	6408	<nil>
940	580	23	603	<nil>
940	558	45	603	<nil>
940	44508	43	44551	<nil>
940	1044	40	1084	<nil>
940	83	45	128	<nil>
940	577	43	620	<nil>
940	1073	43	1116	<nil>
940	181	65	246	<nil>
940	49	39	88	<nil>
940	899	40	939	<nil>
940	574	40	614	<nil>
940	573	42	615	<nil>
940	558	48	606	<nil>
940	212	16	228	<nil>
940	17027	48	17075	<nil>
940	203	12	215	<nil>
940	204	12	216	<nil>
940	214	13	227	<nil>
940	15001	40	15041	<nil>
940	209	14	223	<nil>
940	574	40	614	<nil>
940	206	15	221	<nil>
940	209	16	225	<nil>
940	205	16	221	<nil>
940	1397	19	1416	<nil>
940	211	15	226	<nil>
940	202	17	219	<nil>
940	410	17	427	<nil>
940	408	18	426	<nil>
940	1403	16	1419	<nil>
940	366	21	387	<nil>
940	1397	23	1420	<nil>
940	407	25	432	<nil>
940	1401	24	1425	<nil>
940	382	27	409	<nil>
940	1400	26	1426	<nil>
940	373	23	396	<nil>
940	15621	26	15647	<nil>
940	209	27	236	<nil>
940	1324	23	1347	<nil>
940	217	22	239	<nil>
940	218	22	240	<nil>
940	607	23	630	<nil>
940	611	24	635	<nil>
940	609	24	633	<nil>
940	610	23	633	<nil>
940	260	26	286	<nil>
940	259	27	286	<nil>
940	259	29	288	<nil>
940	260	28	288	<nil>
940	260	29	289	<nil>
940	620	32	652	<nil>
940	17075	28	17103	<nil>
940	260	27	287	<nil>
940	1199	1	1200	<nil>
940	636	54	690	<nil>
940	689	2	691	<nil>
940	172	3	175	<nil>
940	696	3	699	<nil>
940	17134	29	17163	<nil>
940	27122	44	27166	<nil>
940	721	21	742	<nil>
940	210	5	215	<nil>
940	17125	34	17159	<nil>
940	634	61	695	<nil>
940	678	26	704	<nil>
940	634	62	696	<nil>
940	649	61	710	<nil>
940	673	23	696	<nil>
940	634	62	696	<nil>
940	673	25	698	<nil>
940	683	26	709	<nil>
940	652	43	695	<nil>
940	679	25	704	<nil>
940	683	27	710	<nil>
940	674	29	703	<nil>
940	1333	13	1346	<nil>
940	888	13	901	<nil>
940	687	26	713	<nil>
940	684	33	717	<nil>
940	687	28	715	<nil>
940	1326	27	1353	<nil>
940	684	31	715	<nil>
940	301	27	328	<nil>
940	686	30	716	<nil>
940	693	31	724	<nil>
940	679	32	711	<nil>
940	179	8	187	<nil>
940	692	18	710	<nil>
940	697	34	731	<nil>
940	678	41	719	<nil>
940	308	17	325	<nil>
940	690	35	725	<nil>
940	312	13	325	<nil>
940	701	12	713	<nil>
940	691	35	726	<nil>
940	689	36	725	<nil>
940	1342	14	1356	<nil>
940	6261	14	6275	<nil>
940	757	15	772	<nil>
940	892	19	911	<nil>
940	904	20	924	<nil>
940	318	18	336	<nil>
940	893	21	914	<nil>
940	708	14	722	<nil>
940	179	15	194	<nil>
940	712	40	752	<nil>
940	5737	15	5752	<nil>
940	687	41	728	<nil>
940	197	41	238	<nil>
940	887	27	914	<nil>
940	909	17	926	<nil>
940	889	26	915	<nil>
940	903	12	915	<nil>
940	1323	46	1369	<nil>
940	889	28	917	<nil>
940	685	43	728	<nil>
940	707	18	725	<nil>
940	673	44	717	<nil>
940	1313	52	1365	<nil>
940	5869	21	5890	<nil>
940	182	22	204	<nil>
940	175	27	202	<nil>
940	6236	26	6262	<nil>
940	1621	11	1632	<nil>
940	1678	12	1690	<nil>
940	1608	6	1614	<nil>
940	1641	22	1663	<nil>
940	6495	22	6517	<nil>
940	1421	17	1438	<nil>
940	1640	14	1654	<nil>
940	274	24	298	<nil>
940	1408	15	1423	<nil>
940	313	5	318	<nil>
940	407	7	414	<nil>
940	1640	27	1667	<nil>
940	305	4	309	<nil>
940	1612	28	1640	<nil>
940	460	5	465	<nil>
940	439	27	466	<nil>
940	27084	9	27093	<nil>
940	1640	29	1669	<nil>
940	403	9	412	<nil>
940	15469	12	15481	<nil>
940	435	12	447	<nil>
940	18293	31	18324	<nil>
940	1409	9	1418	<nil>
940	113514	32	113546	<nil>
940	450	9	459	<nil>
940	367	17	384	<nil>
940	409	12	421	<nil>
940	323	12	335	<nil>
940	1640	33	1673	<nil>
940	52403	11	52414	<nil>
940	1678	33	1711	<nil>
940	1640	27	1667	<nil>
940	6059	8	6067	<nil>
940	385	12	397	<nil>
940	6186	12	6198	<nil>
940	340	14	354	<nil>
940	45249	11	45260	<nil>
940	429	11	440	<nil>
940	406	10	416	<nil>
940	320	33	353	<nil>
940	6571	46	6617	<nil>
940	71535	53	71588	<nil>
940	330	51	381	<nil>
940	6853	88	6941	<nil>
940	6599	89	6688	<nil>
940	447	101	548	<nil>
940	6061	94	6155	<nil>
940	324	103	427	<nil>
940	392	91	483	<nil>
940	305	102	407	<nil>
940	6568	88	6656	<nil>
940	6446	103	6549	<nil>
940	312	92	404	<nil>
940	433	91	524	<nil>
940	406	97	503	<nil>
940	370	89	459	<nil>
940	384	102	486	<nil>
940	322	90	412	<nil>
940	409	93	502	<nil>
940	309	103	412	<nil>
940	456	94	550	<nil>
940	405	103	508	<nil>
940	405	105	510	<nil>
940	403	100	503	<nil>
940	340	90	430	<nil>
940	326	90	416	<nil>
940	6822	141	6963	<nil>
940	412	141	553	<nil>
940	320	141	461	<nil>
940	482	144	626	<nil>
940	6604	144	6748	<nil>
940	417	143	560	<nil>
940	1373	126	1499	<nil>
940	6571	152	6723	<nil>
940	321	164	485	<nil>
940	1392	122	1514	<nil>
940	462	149	611	<nil>
940	329	168	497	<nil>
940	482	169	651	<nil>
940	1420	84	1504	<nil>
940	1392	136	1528	<nil>
940	1387	140	1527	<nil>
940	483	167	650	<nil>
940	409	166	575	<nil>
940	476	164	640	<nil>
940	421	169	590	<nil>
940	1382	144	1526	<nil>
940	1392	136	1528	<nil>
940	482	169	651	<nil>
940	1355	143	1498	<nil>
940	6238	73	6311	<nil>
940	1402	128	1530	<nil>
940	1378	139	1517	<nil>
940	1391	137	1528	<nil>
940	6778	71	6849	<nil>
940	7043	71	7114	<nil>
940	178	70	248	<nil>
940	1387	143	1530	<nil>
940	600	67	667	<nil>
940	176	79	255	<nil>
940	501	74	575	<nil>
940	7032	72	7104	<nil>
940	6776	50	6826	<nil>
940	6773	6	6779	<nil>
940	171	70	241	<nil>
940	234	24	258	<nil>
940	6673	74	6747	<nil>
940	662	9	671	<nil>
940	684	33	717	<nil>
940	702	7	709	<nil>
940	177	77	254	<nil>
940	6249	73	6322	<nil>
940	576	7	583	<nil>
940	667	47	714	<nil>
940	533	57	590	<nil>
940	573	6	579	<nil>
940	564	19	583	<nil>
940	178	87	265	<nil>
940	501	75	576	<nil>
940	6503	72	6575	<nil>
940	638	33	671	<nil>
940	6751	67	6818	<nil>
940	17743	10	17753	<nil>
940	618	18	636	<nil>
940	536	51	587	<nil>
940	697	22	719	<nil>
940	536	39	575	<nil>
940	257	15	272	<nil>
940	107	21	128	<nil>
940	662	19	681	<nil>
940	626	44	670	<nil>
940	704	19	723	<nil>
940	6456	16	6472	<nil>
940	537	58	595	<nil>
940	672	19	691	<nil>
940	561	19	580	<nil>
940	585	18	603	<nil>
940	671	16	687	<nil>
940	664	19	683	<nil>
940	595	9	604	<nil>
940	6802	56	6858	<nil>
940	175	75	250	<nil>
940	41915	21	41936	<nil>
940	133	24	157	<nil>
940	107	21	128	<nil>
940	256	16	272	<nil>
940	7120	16	7136	<nil>
940	253	15	268	<nil>
940	106	22	128	<nil>
940	553	28	581	<nil>
940	615	62	677	<nil>
940	570	26	596	<nil>
940	6858	16	6874	<nil>
940	44933	23	44956	<nil>
940	676	49	725	<nil>
940	660	63	723	<nil>
940	576	17	593	<nil>
940	650	20	670	<nil>
940	6322	21	6343	<nil>
940	591	20	611	<nil>
940	88	18	106	<nil>
940	26386	18	26404	<nil>
940	104	17	121	<nil>
940	169	15	184	<nil>
940	168	17	185	<nil>
940	169	17	186	<nil>
940	173	17	190	<nil>
940	171	19	190	<nil>
940	6329	19	6348	<nil>
940	16557	19	16576	<nil>
940	168	20	188	<nil>
940	171	20	191	<nil>
940	6828	11	6839	<nil>
940	192	11	203	<nil>
940	183	12	195	<nil>
940	178	11	189	<nil>
940	181	12	193	<nil>
940	181	13	194	<nil>
940	6840	13	6853	<nil>
940	6418	15	6433	<nil>
940	194	14	208	<nil>
940	17763	15	17778	<nil>
940	209	14	223	<nil>
940	209	15	224	<nil>
940	180	15	195	<nil>
940	171	24	195	<nil>
940	1041	35	1076	<nil>
940	912	35	947	<nil>
940	957	15	972	<nil>
940	7200	38	7238	<nil>
940	415	39	454	<nil>
940	7170	16	7186	<nil>
940	1084	20	1104	<nil>
940	911	38	949	<nil>
940	1045	38	1083	<nil>
940	987	41	1028	<nil>
940	584	39	623	<nil>
940	915	43	958	<nil>
940	1048	37	1085	<nil>
940	6737	43	6780	<nil>
940	1002	43	1045	<nil>
940	1017	39	1056	<nil>
940	1016	44	1060	<nil>
940	999	38	1037	<nil>
940	430	37	467	<nil>
940	1003	41	1044	<nil>
940	1042	44	1086	<nil>
940	617	35	652	<nil>
940	7167	15	7182	<nil>
940	1038	32	1070	<nil>
940	917	33	950	<nil>
940	18121	19	18140	<nil>
940	616	9	625	<nil>
940	917	36	953	<nil>
940	945	18	963	<nil>
940	1079	20	1099	<nil>
940	1081	22	1103	<nil>
940	612	26	638	<nil>
940	1043	38	1081	<nil>
940	1045	40	1085	<nil>
940	615	25	640	<nil>
940	1916	20	1936	<nil>
940	1002	38	1040	<nil>
940	947	35	982	<nil>
940	917	40	957	<nil>
940	631	21	652	<nil>
940	995	17	1012	<nil>
940	1099	20	1119	<nil>
940	7484	37	7521	<nil>
940	969	23	992	<nil>
940	622	31	653	<nil>
940	1041	27	1068	<nil>
940	468	17	485	<nil>
940	959	20	979	<nil>
940	968	27	995	<nil>
940	1090	22	1112	<nil>
940	940	18	958	<nil>
940	1067	24	1091	<nil>
940	444	24	468	<nil>
940	621	40	661	<nil>
940	974	30	1004	<nil>
940	7238	34	7272	<nil>
940	1027	47	1074	<nil>
940	619	46	665	<nil>
940	1025	146	1171	<nil>
940	1027	150	1177	<nil>
940	7220	157	7377	<nil>
940	1078	158	1236	<nil>
940	999	131	1130	<nil>
940	946	157	1103	<nil>
940	1894	163	2057	<nil>
940	478	119	597	<nil>
940	423	120	543	<nil>
940	6678	135	6813	<nil>
940	445	117	562	<nil>
940	1466	119	1585	<nil>
940	375	123	498	<nil>
940	45264	128	45392	<nil>
940	48088	123	48211	<nil>
940	750	47	797	<nil>
940	8138	120	8258	<nil>
940	422	141	563	<nil>
940	772	55	827	<nil>
940	9187	127	9314	<nil>
940	411	127	538	<nil>
940	1479	136	1615	<nil>
940	1033	149	1182	<nil>
940	1090	111	1201	<nil>
940	27737	140	27877	<nil>
940	42334	132	42466	<nil>
940	763	35	798	<nil>
940	8247	123	8370	<nil>
940	771	26	797	<nil>
940	765	28	793	<nil>
940	771	27	798	<nil>
940	605	30	635	<nil>
940	299456	137	299593	<nil>
940	763	30	793	<nil>
940	770	30	800	<nil>
940	482	132	614	<nil>
940	143	59	202	<nil>
940	7367	28	7395	<nil>
940	420	137	557	<nil>
940	772	48	820	<nil>
940	409	131	540	<nil>
940	772	48	820	<nil>
940	8762	144	8906	<nil>
940	767	56	823	<nil>
940	1616	55	1671	<nil>
940	610	58	668	<nil>
940	772	56	828	<nil>
940	143	39	182	<nil>
940	141	52	193	<nil>
940	159	43	202	<nil>
940	8876	55	8931	<nil>
940	417	136	553	<nil>
940	588	67	655	<nil>
940	18302	46	18348	<nil>
940	18315	35	18350	<nil>
940	644	15	659	<nil>
940	1459	130	1589	<nil>
940	1638	21	1659	<nil>
940	8880	54	8934	<nil>
940	545	26	571	<nil>
940	640	26	666	<nil>
940	640	29	669	<nil>
940	631	34	665	<nil>
940	9372	117	9489	<nil>
940	582	116	698	<nil>
940	1665	126	1791	<nil>
940	554	143	697	<nil>
940	8934	133	9067	<nil>
940	554	163	717	<nil>
940	662	144	806	<nil>
940	562	154	716	<nil>
940	8925	171	9096	<nil>
940	571	154	725	<nil>
940	582	139	721	<nil>
940	573	170	743	<nil>
940	45091	182	45273	<nil>
940	609	147	756	<nil>
940	154	101	255	<nil>
940	542	174	716	<nil>
940	574	146	720	<nil>
940	577	145	722	<nil>
940	569	155	724	<nil>
940	9306	146	9452	<nil>
940	663	146	809	<nil>
940	557	166	723	<nil>
940	548	175	723	<nil>
940	181	163	344	<nil>
940	191	154	345	<nil>
940	578	164	742	<nil>
940	109	124	233	<nil>
940	1285	148	1433	<nil>
940	45794	155	45949	<nil>
940	195	151	346	<nil>
940	1286	150	1436	<nil>
940	104	126	230	<nil>
940	8961	162	9123	<nil>
940	171	174	345	<nil>
940	188	163	351	<nil>
940	1265	149	1414	<nil>
940	577	167	744	<nil>
940	1172	156	1328	<nil>
940	8929	189	9118	<nil>
940	9257	188	9445	<nil>
940	1185	150	1335	<nil>
940	638	111	749	<nil>
940	672	93	765	<nil>
940	613	125	738	<nil>
940	170	76	246	<nil>
940	1564	144	1708	<nil>
940	628	124	752	<nil>
940	189	156	345	<nil>
940	8010	97	8107	<nil>
940	631	142	773	<nil>
940	110	143	253	<nil>
940	8981	144	9125	<nil>
940	592	154	746	<nil>
940	8718	85	8803	<nil>
940	599	145	744	<nil>
940	9049	74	9123	<nil>
940	614	130	744	<nil>
940	598	147	745	<nil>
940	612	142	754	<nil>
940	610	146	756	<nil>
940	626	118	744	<nil>
940	223	138	361	<nil>
940	366	27	393	<nil>
940	9537	62	9599	<nil>
940	361	33	394	<nil>
940	359	35	394	<nil>
940	363	39	402	<nil>
940	548	170	718	<nil>
940	8806	42	8848	<nil>
940	363	48	411	<nil>
940	232	43	275	<nil>
940	365	54	419	<nil>
940	364	50	414	<nil>
940	365	51	416	<nil>
940	211	15	226	<nil>
940	347	51	398	<nil>
940	347	80	427	<nil>
940	333	85	418	<nil>
940	262	197	459	<nil>
940	405	199	604	<nil>
940	397	201	598	<nil>
940	357	62	419	<nil>
940	332	87	419	<nil>
940	378	34	412	<nil>
940	153	101	254	<nil>
940	401	205	606	<nil>
940	340	79	419	<nil>
940	233	44	277	<nil>
940	9618	175	9793	<nil>
940	433	164	597	<nil>
940	229	205	434	<nil>
940	397	206	603	<nil>
940	338	43	381	<nil>
940	224	193	417	<nil>
940	228	240	468	<nil>
940	328	274	602	<nil>
940	222	248	470	<nil>
940	9475	236	9711	<nil>
940	195	237	432	<nil>
940	366	240	606	<nil>
940	175	275	450	<nil>
940	198	276	474	<nil>
940	212	203	415	<nil>
940	814	190	1004	<nil>
940	254	216	470	<nil>
940	9535	192	9727	<nil>
940	400	224	624	<nil>
940	811	191	1002	<nil>
940	810	195	1005	<nil>
940	401	252	653	<nil>
940	1374	253	1627	<nil>
940	404	251	655	<nil>
940	41969	252	42221	<nil>
940	324	135	459	<nil>
940	1376	253	1629	<nil>
940	253	211	464	<nil>
940	1408	222	1630	<nil>
940	837	195	1032	<nil>
940	839	195	1034	<nil>
940	399	252	651	<nil>
940	352	12	364	<nil>
940	1764	248	2012	<nil>
940	808	252	1060	<nil>
940	404	253	657	<nil>
940	866	246	1112	<nil>
940	389	116	505	<nil>
940	1121	10	1131	<nil>
940	835	222	1057	<nil>
940	819	226	1045	<nil>
940	848	195	1043	<nil>
940	877	172	1049	<nil>
940	263	253	516	<nil>
940	812	223	1035	<nil>
940	890	153	1043	<nil>
940	406	119	525	<nil>
940	264	103	367	<nil>
940	9372	132	9504	<nil>
940	347	186	533	<nil>
940	436	269	705	<nil>
940	1375	308	1683	<nil>
940	1349	14	1363	<nil>
940	403	254	657	<nil>
940	8673	10	8683	<nil>
940	1106	7	1113	<nil>
940	9894	9	9903	<nil>
940	8577	153	8730	<nil>
940	847	195	1042	<nil>
940	374	7	381	<nil>
940	1266	17	1283	<nil>
940	197	12	209	<nil>
940	1273	13	1286	<nil>
940	848	247	1095	<nil>
940	8861	15	8876	<nil>
940	1271	16	1287	<nil>
940	9305	212	9517	<nil>
940	9568	9	9577	<nil>
940	830	277	1107	<nil>
940	421	103	524	<nil>
940	356	170	526	<nil>
940	994	103	1097	<nil>
940	829	278	1107	<nil>
940	400	318	718	<nil>
940	406	121	527	<nil>
940	1375	318	1693	<nil>
940	406	121	527	<nil>
940	829	278	1107	<nil>
940	405	84	489	<nil>
940	395	134	529	<nil>
940	9808	80	9888	<nil>
940	395	121	516	<nil>
940	396	132	528	<nil>
940	345	184	529	<nil>
940	396	132	528	<nil>
940	8841	137	8978	<nil>
940	10199	102	10301	<nil>
940	404	129	533	<nil>
940	361	170	531	<nil>
940	272	103	375	<nil>
940	915	195	1110	<nil>
940	784	322	1106	<nil>
940	41900	253	42153	<nil>
940	916	194	1110	<nil>
940	9707	124	9831	<nil>
940	414	120	534	<nil>
940	399	324	723	<nil>
940	210	320	530	<nil>
940	405	324	729	<nil>
940	356	172	528	<nil>
940	939	174	1113	<nil>
940	401	138	539	<nil>
940	330	104	434	<nil>
940	399	129	528	<nil>
940	785	322	1107	<nil>
940	373	162	535	<nil>
940	400	130	530	<nil>
940	415	121	536	<nil>
940	847	189	1036	<nil>
940	1707	323	2030	<nil>
940	412	123	535	<nil>
940	211	318	529	<nil>
940	310	107	417	<nil>
940	1011	111	1122	<nil>
940	9887	213	10100	<nil>
940	8449	199	8648	<nil>
940	415	305	720	<nil>
940	277	211	488	<nil>
940	406	501	907	<nil>
940	1267	209	1476	<nil>
940	409	305	714	<nil>
940	312	288	600	<nil>
940	218	209	427	<nil>
940	9898	211	10109	<nil>
940	8859	210	9069	<nil>
940	1366	200	1566	<nil>
940	1387	180	1567	<nil>
940	9899	211	10110	<nil>
940	204	210	414	<nil>
940	394	175	569	<nil>
940	45773	198	45971	<nil>
940	1122	191	1313	<nil>
940	288	198	486	<nil>
940	9901	213	10114	<nil>
940	998	276	1274	<nil>
940	9854	174	10028	<nil>
940	221	214	435	<nil>
940	7645	175	7820	<nil>
940	7646	192	7838	<nil>
940	1312	170	1482	<nil>
940	420	304	724	<nil>
940	314	190	504	<nil>
940	236	170	406	<nil>
940	9457	209	9666	<nil>
940	1350	213	1563	<nil>
940	2725	191	2916	<nil>
940	1125	173	1298	<nil>
940	128	175	303	<nil>
940	1125	173	1298	<nil>
940	9446	222	9668	<nil>
940	1122	193	1315	<nil>
940	381	198	579	<nil>
940	9182	174	9356	<nil>
940	128	173	301	<nil>
940	1269	210	1479	<nil>
940	9909	203	10112	<nil>
940	64	186	250	<nil>
940	9808	218	10026	<nil>
940	1818	170	1988	<nil>
940	315	200	515	<nil>
940	1374	194	1568	<nil>
940	133	181	314	<nil>
940	30008	180	30188	<nil>
940	1256	239	1495	<nil>
940	1372	210	1582	<nil>
940	2737	180	2917	<nil>
940	220	186	406	<nil>
940	8870	202	9072	<nil>
940	128	190	318	<nil>
940	9899	230	10129	<nil>
940	9476	214	9690	<nil>
940	297	181	478	<nil>
940	329	192	521	<nil>
940	1393	185	1578	<nil>
940	129	188	317	<nil>
940	132	186	318	<nil>
940	268	231	499	<nil>
940	289	243	532	<nil>
940	289	216	505	<nil>
940	272	195	467	<nil>
940	132	185	317	<nil>
940	364	191	555	<nil>
940	310	339	649	<nil>
940	265	496	761	<nil>
940	328	439	767	<nil>
940	262	270	532	<nil>
940	1763	498	2261	<nil>
940	215	512	727	<nil>
940	1265	598	1863	<nil>
940	276	610	886	<nil>
940	1383	576	1959	<nil>
940	7825	394	8219	<nil>
940	510	399	909	<nil>
940	1484	399	1883	<nil>
940	503	387	890	<nil>
940	1308	409	1717	<nil>
940	16817	618	17435	<nil>
940	7828	398	8226	<nil>
940	427	392	819	<nil>
940	426	407	833	<nil>
940	418	408	826	<nil>
940	9359	401	9760	<nil>
940	314	399	713	<nil>
940	421	418	839	<nil>
940	2912	401	3313	<nil>
940	441	401	842	<nil>
940	10872	87	10959	<nil>
940	546	401	947	<nil>
940	1332	378	1710	<nil>
940	10042	420	10462	<nil>
940	529	414	943	<nil>
940	8171	62	8233	<nil>
940	519	399	918	<nil>
940	8171	63	8234	<nil>
940	7857	377	8234	<nil>
940	8134	113	8247	<nil>
940	8167	73	8240	<nil>
940	8169	71	8240	<nil>
940	8135	71	8206	<nil>
940	8154	70	8224	<nil>
940	8169	71	8240	<nil>
940	8170	69	8239	<nil>
940	8167	75	8242	<nil>
940	8167	75	8242	<nil>
940	8118	133	8251	<nil>
940	8160	75	8235	<nil>
940	8160	87	8247	<nil>
940	8171	77	8248	<nil>
940	8152	84	8236	<nil>
940	8197	76	8273	<nil>
940	17404	83	17487	<nil>
940	8166	81	8247	<nil>
940	10781	73	10854	<nil>
940	8177	90	8267	<nil>
940	8130	85	8215	<nil>
940	317	397	714	<nil>
940	8162	115	8277	<nil>
940	8161	114	8275	<nil>
940	10502	142	10644	<nil>
940	3556	84	3640	<nil>
940	8192	139	8331	<nil>
940	609	98	707	<nil>
940	697	88	785	<nil>
940	650	75	725	<nil>
940	8047	151	8198	<nil>
940	615	90	705	<nil>
940	8161	146	8307	<nil>
940	627	99	726	<nil>
940	8170	99	8269	<nil>
940	3351	110	3461	<nil>
940	738	128	866	<nil>
940	12812	99	12911	<nil>
940	10872	99	10971	<nil>
940	621	117	738	<nil>
940	8173	104	8277	<nil>
940	1740	132	1872	<nil>
940	25451	89	25540	<nil>
940	1740	139	1879	<nil>
940	8182	120	8302	<nil>
940	8156	128	8284	<nil>
940	8179	99	8278	<nil>
940	582	198	780	<nil>
940	571	198	769	<nil>
940	709	188	897	<nil>
940	684	121	805	<nil>
940	8157	122	8279	<nil>
940	3108	109	3217	<nil>
940	671	103	774	<nil>
940	753	138	891	<nil>
940	8174	88	8262	<nil>
940	637	98	735	<nil>
940	18141	199	18340	<nil>
940	10510	192	10702	<nil>
940	8167	193	8360	<nil>
940	8166	194	8360	<nil>
940	8166	195	8361	<nil>
940	10785	195	10980	<nil>
940	8167	197	8364	<nil>
940	8009	190	8199	<nil>
940	647	139	786	<nil>
940	740	135	875	<nil>
940	724	174	898	<nil>
940	746	175	921	<nil>
940	940	136	1076	<nil>
940	611	184	795	<nil>
940	7834	482	8316	<nil>
940	644	84	728	<nil>
940	623	116	739	<nil>
940	688	81	769	<nil>
940	627	106	733	<nil>
940	639	124	763	<nil>
940	798	107	905	<nil>
940	1780	121	1901	<nil>
940	688	104	792	<nil>
940	567	202	769	<nil>
940	572	199	771	<nil>
940	12754	196	12950	<nil>
940	641	178	819	<nil>
940	637	237	874	<nil>
940	752	223	975	<nil>
940	1838	226	2064	<nil>
940	692	240	932	<nil>
940	636	288	924	<nil>
940	698	227	925	<nil>
940	645	295	940	<nil>
940	770	160	930	<nil>
940	816	250	1066	<nil>
940	683	248	931	<nil>
940	693	238	931	<nil>
940	836	94	930	<nil>
940	747	227	974	<nil>
940	691	243	934	<nil>
940	1910	158	2068	<nil>
940	912	146	1058	<nil>
940	819	238	1057	<nil>
940	797	269	1066	<nil>
940	834	223	1057	<nil>
940	689	241	930	<nil>
940	1857	221	2078	<nil>
940	614	317	931	<nil>
940	703	234	937	<nil>
940	727	227	954	<nil>
940	698	235	933	<nil>
940	692	242	934	<nil>
940	717	229	946	<nil>
940	1783	291	2074	<nil>
940	842	229	1071	<nil>
940	791	245	1036	<nil>
940	1819	246	2065	<nil>
940	154	257	411	<nil>
940	854	100	954	<nil>
940	1932	162	2094	<nil>
940	888	190	1078	<nil>
940	907	179	1086	<nil>
940	856	98	954	<nil>
940	730	250	980	<nil>
940	258	137	395	<nil>
940	2002	101	2103	<nil>
940	743	223	966	<nil>
940	1934	163	2097	<nil>
940	10998	192	11190	<nil>
940	808	172	980	<nil>
940	731	253	984	<nil>
940	750	211	961	<nil>
940	733	227	960	<nil>
940	145	246	391	<nil>
940	818	160	978	<nil>
940	881	192	1073	<nil>
940	851	145	996	<nil>
940	571	188	759	<nil>
940	791	185	976	<nil>
940	836	141	977	<nil>
940	227	46	273	<nil>
940	223	56	279	<nil>
940	1057	47	1104	<nil>
940	140	47	187	<nil>
940	138	46	184	<nil>
940	222	53	275	<nil>
940	2800	44	2844	<nil>
940	2656	45	2701	<nil>
940	12166	46	12212	<nil>
940	142	51	193	<nil>
940	8819	52	8871	<nil>
940	233	53	286	<nil>
940	232	54	286	<nil>
940	257	45	302	<nil>
940	299	13	312	<nil>
940	273	23	296	<nil>
940	202	22	224	<nil>
940	2750	168	2918	<nil>
940	8214	216	8430	<nil>
940	8587	216	8803	<nil>
940	2712	206	2918	<nil>
940	384	118	502	<nil>
940	192	233	425	<nil>
940	203	183	386	<nil>
940	190	236	426	<nil>
940	419	8	427	<nil>
940	421	13	434	<nil>
940	233	168	401	<nil>
940	224	183	407	<nil>
940	823	14	837	<nil>
940	2715	17	2732	<nil>
940	1949	210	2159	<nil>
940	8657	240	8897	<nil>
940	1953	227	2180	<nil>
940	814	16	830	<nil>
940	8473	126	8599	<nil>
940	856	166	1022	<nil>
940	813	221	1034	<nil>
940	2713	18	2731	<nil>
940	176	265	441	<nil>
940	820	15	835	<nil>
940	819	17	836	<nil>
940	817	202	1019	<nil>
940	140	47	187	<nil>
940	228	17	245	<nil>
940	2042	122	2164	<nil>
940	940	220	1160	<nil>
940	626	232	858	<nil>
940	957	113	1070	<nil>
940	836	19	855	<nil>
940	125	223	348	<nil>
940	3250	224	3474	<nil>
940	1986	170	2156	<nil>
940	189	236	425	<nil>
940	856	165	1021	<nil>
940	814	18	832	<nil>
940	816	27	843	<nil>
940	11635	226	11861	<nil>
940	11135	206	11341	<nil>
940	789	241	1030	<nil>
940	12926	17	12943	<nil>
940	915	245	1160	<nil>
940	1138	27	1165	<nil>
940	309	16	325	<nil>
940	958	208	1166	<nil>
940	2141	29	2170	<nil>
940	245	16	261	<nil>
940	925	232	1157	<nil>
940	831	17	848	<nil>
940	11109	240	11349	<nil>
940	1012	31	1043	<nil>
940	808	16	824	<nil>
940	946	178	1124	<nil>
940	2828	120	2948	<nil>
940	299	29	328	<nil>
940	986	170	1156	<nil>
940	11225	34	11259	<nil>
940	1122	16	1138	<nil>
940	1039	121	1160	<nil>
940	729	121	850	<nil>
940	920	120	1040	<nil>
940	1930	237	2167	<nil>
940	231	35	266	<nil>
940	836	47	883	<nil>
940	812	48	860	<nil>
940	2737	118	2855	<nil>
940	292	166	458	<nil>
940	11283	98	11381	<nil>
940	2717	35	2752	<nil>
940	919	121	1040	<nil>
940	12861	121	12982	<nil>
940	1037	33	1070	<nil>
940	341	123	464	<nil>
940	571	259	830	<nil>
940	812	52	864	<nil>
940	1044	118	1162	<nil>
940	313	50	363	<nil>
940	1127	35	1162	<nil>
940	1055	119	1174	<nil>
940	969	98	1067	<nil>
940	266	98	364	<nil>
940	826	39	865	<nil>
940	10862	39	10901	<nil>
940	844	37	881	<nil>
940	848	34	882	<nil>
940	834	30	864	<nil>
940	830	35	865	<nil>
940	848	35	883	<nil>
940	835	32	867	<nil>
940	1159	35	1194	<nil>
940	831	32	863	<nil>
940	831	38	869	<nil>
940	11358	36	11394	<nil>
940	834	37	871	<nil>
940	13651	34	13685	<nil>
940	2757	33	2790	<nil>
940	342	25	367	<nil>
940	250	38	288	<nil>
940	831	40	871	<nil>
940	1051	32	1083	<nil>
940	11885	27	11912	<nil>
940	8568	38	8606	<nil>
940	273	29	302	<nil>
940	828	48	876	<nil>
940	339	27	366	<nil>
940	843	31	874	<nil>
940	277	26	303	<nil>
940	473	45	518	<nil>
940	3131	31	3162	<nil>
940	850	41	891	<nil>
940	11870	43	11913	<nil>
940	839	36	875	<nil>
940	847	46	893	<nil>
940	1168	30	1198	<nil>
940	1166	43	1209	<nil>
940	856	34	890	<nil>
940	857	39	896	<nil>
940	1093	27	1120	<nil>
940	74716	40	74756	<nil>
940	488	54	542	<nil>
940	250	59	309	<nil>
940	2879	58	2937	<nil>
940	8863	55	8918	<nil>
940	352	58	410	<nil>
940	252	58	310	<nil>
940	272	52	324	<nil>
940	828	205	1033	<nil>
940	207	267	474	<nil>
940	848	206	1054	<nil>
940	848	205	1053	<nil>
940	832	206	1038	<nil>
940	1164	208	1372	<nil>
940	2689	267	2956	<nil>
940	845	206	1051	<nil>
940	848	209	1057	<nil>
940	850	213	1063	<nil>
940	347	195	542	<nil>
940	12963	211	13174	<nil>
940	271	353	624	<nil>
940	8528	356	8884	<nil>
940	348	352	700	<nil>
940	261	352	613	<nil>
940	1177	354	1531	<nil>
940	28779	353	29132	<nil>
940	11286	354	11640	<nil>
940	2777	357	3134	<nil>
940	351	355	706	<nil>
940	11372	352	11724	<nil>
940	356	347	703	<nil>
940	2782	348	3130	<nil>
940	199695	354	200049	<nil>
940	25942	354	26296	<nil>
940	1173	361	1534	<nil>
940	11375	353	11728	<nil>
940	353	352	705	<nil>
940	268	354	622	<nil>
940	352	353	705	<nil>
940	293	354	647	<nil>
940	291	354	645	<nil>
940	11371	353	11724	<nil>
940	862	348	1210	<nil>
940	349	353	702	<nil>
940	353	356	709	<nil>
940	405	354	759	<nil>
940	2967	357	3324	<nil>
940	1057	354	1411	<nil>
940	349	353	702	<nil>
940	361	349	710	<nil>
940	267	355	622	<nil>
940	2990	355	3345	<nil>
940	356	353	709	<nil>
940	355	353	708	<nil>
940	345	356	701	<nil>
940	8528	354	8882	<nil>
940	479	146	625	<nil>
940	463	135	598	<nil>
940	348	162	510	<nil>
940	542	69	611	<nil>
940	9027	63	9090	<nil>
940	281	285	566	<nil>
940	355	137	492	<nil>
940	267	210	477	<nil>
940	427	63	490	<nil>
940	372	121	493	<nil>
940	12184	208	12392	<nil>
940	425	72	497	<nil>
940	430	72	502	<nil>
940	409	91	500	<nil>
940	425	66	491	<nil>
940	562	51	613	<nil>
940	563	51	614	<nil>
940	542	67	609	<nil>
940	502	65	567	<nil>
940	276	204	480	<nil>
940	254	224	478	<nil>
940	550	62	612	<nil>
940	489	59	548	<nil>
940	514	61	575	<nil>
940	510	72	582	<nil>
940	561	55	616	<nil>
940	357	139	496	<nil>
940	170	304	474	<nil>
940	545	71	616	<nil>
940	358	144	502	<nil>
940	516	68	584	<nil>
940	557	66	623	<nil>
940	434	68	502	<nil>
940	556	67	623	<nil>
940	3235	131	3366	<nil>
940	507	66	573	<nil>
940	560	66	626	<nil>
940	505	62	567	<nil>
940	13011	90	13101	<nil>
940	12464	16	12480	<nil>
940	566	36	602	<nil>
940	13539	17	13556	<nil>
940	650	28	678	<nil>
940	669	10	679	<nil>
940	617	15	632	<nil>
940	557	28	585	<nil>
940	12868	23	12891	<nil>
940	553	24	577	<nil>
940	3361	91	3452	<nil>
940	565	44	609	<nil>
940	660	19	679	<nil>
940	562	90	652	<nil>
940	650	29	679	<nil>
940	555	30	585	<nil>
940	578	11	589	<nil>
940	553	27	580	<nil>
940	508	91	599	<nil>
940	652	36	688	<nil>
940	9072	29	9101	<nil>
940	643	45	688	<nil>
940	537	55	592	<nil>
940	12875	33	12908	<nil>
940	651	34	685	<nil>
940	543	49	592	<nil>
940	25206	38	25244	<nil>
940	561	33	594	<nil>
940	564	31	595	<nil>
940	3360	17	3377	<nil>
940	550	44	594	<nil>
940	562	34	596	<nil>
940	560	39	599	<nil>
940	557	28	585	<nil>
940	541	43	584	<nil>
940	568	27	595	<nil>
940	558	38	596	<nil>
940	547	37	584	<nil>
940	3445	49	3494	<nil>
940	3353	44	3397	<nil>
940	555	45	600	<nil>
940	548	54	602	<nil>
940	571	26	597	<nil>
940	1624	43	1667	<nil>
940	549	48	597	<nil>
940	562	33	595	<nil>
940	13261	47	13308	<nil>
940	118000	60	118060	<nil>
940	537	66	603	<nil>
940	45037	36	45073	<nil>
940	670	41	711	<nil>
940	575	39	614	<nil>
940	604	40	644	<nil>
940	669	42	711	<nil>
940	609	43	652	<nil>
940	574	42	616	<nil>
940	677	43	720	<nil>
940	594	27	621	<nil>
940	1648	48	1696	<nil>
940	4879	47	4926	<nil>
940	501	55	556	<nil>
940	12473	51	12524	<nil>
940	533	75	608	<nil>
940	39576	41	39617	<nil>
940	1425	59	1484	<nil>
940	573	52	625	<nil>
940	1644	53	1697	<nil>
940	1456	30	1486	<nil>
940	1433	53	1486	<nil>
940	553	74	627	<nil>
940	398	31	429	<nil>
940	554	67	621	<nil>
940	575	58	633	<nil>
940	597	37	634	<nil>
940	11944	51	11995	<nil>
940	574	51	625	<nil>
940	573	50	623	<nil>
940	575	54	629	<nil>
940	3354	54	3408	<nil>
940	9657	32	9689	<nil>
940	65019	33	65052	<nil>
940	399	50	449	<nil>
940	27090	64	27154	<nil>
940	572	55	627	<nil>
940	1479	51	1530	<nil>
940	9257	47	9304	<nil>
940	573	56	629	<nil>
940	504	57	561	<nil>
940	595	38	633	<nil>
940	571	54	625	<nil>
940	1666	34	1700	<nil>
940	9599	37	9636	<nil>
940	501	38	539	<nil>
940	649	83	732	<nil>
940	1445	53	1498	<nil>
940	559	64	623	<nil>
940	729	42	771	<nil>
940	598	43	641	<nil>
940	9617	43	9660	<nil>
940	524	63	587	<nil>
940	2776	65	2841	<nil>
940	13832	62	13894	<nil>
940	579	64	643	<nil>
940	9159	47	9206	<nil>
940	9575	4	9579	<nil>
940	11950	27	11977	<nil>
940	11986	49	12035	<nil>
940	9647	69	9716	<nil>
940	639	8	647	<nil>
940	9356	49	9405	<nil>
940	584	8	592	<nil>
940	11992	9	12001	<nil>
940	593	50	643	<nil>
940	213	49	262	<nil>
940	9145	45	9190	<nil>
940	42	67	109	<nil>
940	9657	47	9704	<nil>
940	11869	73	11942	<nil>
940	87	46	133	<nil>
940	3474	45	3519	<nil>
940	577	27	604	<nil>
940	11943	12	11955	<nil>
940	12510	257	12767	<nil>
940	433	256	689	<nil>
940	11757	258	12015	<nil>
940	605	255	860	<nil>
940	13857	257	14114	<nil>
940	604	258	862	<nil>
940	607	256	863	<nil>
940	673	259	932	<nil>
940	1464	260	1724	<nil>
940	604	259	863	<nil>
940	1509	259	1768	<nil>
940	76	258	334	<nil>
940	429	253	682	<nil>
940	670	254	924	<nil>
940	617	371	988	<nil>
940	1680	395	2075	<nil>
940	607	399	1006	<nil>
940	620	423	1043	<nil>
940	609	434	1043	<nil>
940	613	425	1038	<nil>
940	695	410	1105	<nil>
940	13344	75	13419	<nil>
940	620	423	1043	<nil>
940	1684	431	2115	<nil>
940	1535	417	1952	<nil>
940	627	426	1053	<nil>
940	627	412	1039	<nil>
940	1517	433	1950	<nil>
940	9919	436	10355	<nil>
940	613	434	1047	<nil>
940	612	432	1044	<nil>
940	11993	430	12423	<nil>
940	608	440	1048	<nil>
940	69508	422	69930	<nil>
940	28495	62	28557	<nil>
940	626	64	690	<nil>
940	678	433	1111	<nil>
940	633	73	706	<nil>
940	626	425	1051	<nil>
940	569	423	992	<nil>
940	646	411	1057	<nil>
940	625	427	1052	<nil>
940	647	410	1057	<nil>
940	981	70	1051	<nil>
940	1536	427	1963	<nil>
940	610	430	1040	<nil>
940	27166	72	27238	<nil>
940	619	420	1039	<nil>
940	630	421	1051	<nil>
940	43714	70	43784	<nil>
940	1551	413	1964	<nil>
940	1505	413	1918	<nil>
940	981	66	1047	<nil>
940	709	73	782	<nil>
940	14001	74	14075	<nil>
940	12297	74	12371	<nil>
940	12901	70	12971	<nil>
940	605	435	1040	<nil>
940	9825	75	9900	<nil>
940	1064	51	1115	<nil>
940	9420	80	9500	<nil>
940	187351	78	187429	<nil>
940	28496	72	28568	<nil>
940	771	424	1195	<nil>
940	976	97	1073	<nil>
940	9619	93	9712	<nil>
940	2830	425	3255	<nil>
940	825	86	911	<nil>
940	12020	71	12091	<nil>
940	13677	94	13771	<nil>
940	1016	75	1091	<nil>
940	971	75	1046	<nil>
940	1054	71	1125	<nil>
940	1042	80	1122	<nil>
940	1064	58	1122	<nil>
940	1043	82	1125	<nil>
940	1921	196	2117	<nil>
940	1914	232	2146	<nil>
940	2117	240	2357	<nil>
940	851	253	1104	<nil>
940	1917	235	2152	<nil>
940	872	260	1132	<nil>
940	1908	267	2175	<nil>
940	466	202	668	<nil>
940	1896	233	2129	<nil>
940	2167	196	2363	<nil>
940	12043	240	12283	<nil>
940	14319	233	14552	<nil>
940	1098	277	1375	<nil>
940	866	273	1139	<nil>
940	1099	214	1313	<nil>
940	1909	264	2173	<nil>
940	1226	195	1421	<nil>
940	870	266	1136	<nil>
940	900	188	1088	<nil>
940	870	269	1139	<nil>
940	12352	269	12621	<nil>
940	495	233	728	<nil>
940	430	242	672	<nil>
940	3258	263	3521	<nil>
940	428	248	676	<nil>
940	485	248	733	<nil>
940	483	235	718	<nil>
940	513	274	787	<nil>
940	515	291	806	<nil>
940	470	310	780	<nil>
940	454	307	761	<nil>
940	456	306	762	<nil>
940	519	323	842	<nil>
940	10118	322	10440	<nil>
940	494	298	792	<nil>
940	510	282	792	<nil>
940	14446	308	14754	<nil>
940	482	321	803	<nil>
940	488	317	805	<nil>
940	12392	309	12701	<nil>
940	77445	313	77758	<nil>
940	432	325	757	<nil>
960	456	297	753	<nil>
960	506	305	811	<nil>
960	483	329	812	<nil>
960	439	328	767	<nil>
960	27074	304	27378	<nil>
960	443	317	760	<nil>
960	27042	313	27355	<nil>
960	486	312	798	<nil>
960	13786	322	14108	<nil>
960	98	376	474	<nil>
960	1373	363	1736	<nil>
960	497	386	883	<nil>
960	122	363	485	<nil>
960	467	366	833	<nil>
960	496	395	891	<nil>
960	521	389	910	<nil>
960	1280	375	1655	<nil>
960	527	370	897	<nil>
960	484	396	880	<nil>
960	93	390	483	<nil>
960	3312	373	3685	<nil>
960	577	296	873	<nil>
960	527	373	900	<nil>
960	530	369	899	<nil>
960	491	408	899	<nil>
960	528	369	897	<nil>
960	597	299	896	<nil>
960	5423	373	5796	<nil>
960	1402	368	1770	<nil>
960	1430	339	1769	<nil>
960	575	301	876	<nil>
960	1429	340	1769	<nil>
960	669	242	911	<nil>
960	621	289	910	<nil>
960	574	300	874	<nil>
960	507	393	900	<nil>
960	623	288	911	<nil>
960	635	242	877	<nil>
960	666	238	904	<nil>
960	633	219	852	<nil>
960	635	218	853	<nil>
960	684	220	904	<nil>
960	738	186	924	<nil>
960	714	182	896	<nil>
960	642	223	865	<nil>
960	665	185	850	<nil>
960	664	186	850	<nil>
960	725	186	911	<nil>
960	644	223	867	<nil>
960	672	189	861	<nil>
960	723	189	912	<nil>
960	218	217	435	<nil>
960	2899	225	3124	<nil>
960	678	226	904	<nil>
960	705	205	910	<nil>
960	225	188	413	<nil>
960	783	127	910	<nil>
960	207	190	397	<nil>
960	1592	190	1782	<nil>
960	523	379	902	<nil>
960	733	261	994	<nil>
960	723	268	991	<nil>
960	759	231	990	<nil>
960	191	266	457	<nil>
960	240	252	492	<nil>
960	786	230	1016	<nil>
960	221	293	514	<nil>
960	71	274	345	<nil>
960	2555	254	2809	<nil>
960	12619	292	12911	<nil>
960	205	285	490	<nil>
960	24961	243	25204	<nil>
960	242	262	504	<nil>
960	5636	231	5867	<nil>
960	184	245	429	<nil>
960	286	245	531	<nil>
960	184	244	428	<nil>
960	227	305	532	<nil>
960	761	228	989	<nil>
960	173	246	419	<nil>
960	3002	246	3248	<nil>
960	234	307	541	<nil>
960	186	265	451	<nil>
960	224	328	552	<nil>
960	2473	264	2737	<nil>
960	151	195	346	<nil>
960	110	285	395	<nil>
960	324	271	595	<nil>
960	11990	267	12257	<nil>
960	156	192	348	<nil>
960	125	192	317	<nil>
960	121	270	391	<nil>
960	2597	267	2864	<nil>
960	1381	289	1670	<nil>
960	118	241	359	<nil>
960	296	263	559	<nil>
960	49	265	314	<nil>
960	391	211	602	<nil>
960	360	201	561	<nil>
960	356	205	561	<nil>
960	1458	194	1652	<nil>
960	1105	212	1317	<nil>
960	3294	204	3498	<nil>
960	358	208	566	<nil>
960	907	206	1113	<nil>
960	89	217	306	<nil>
960	866	194	1060	<nil>
960	95	233	328	<nil>
960	896	243	1139	<nil>
960	852	239	1091	<nil>
960	42231	245	42476	<nil>
960	365	245	610	<nil>
960	1107	255	1362	<nil>
960	393	221	614	<nil>
960	847	242	1089	<nil>
960	847	243	1090	<nil>
960	94	281	375	<nil>
960	838	286	1124	<nil>
960	890	286	1176	<nil>
960	96	282	378	<nil>
960	437	376	813	<nil>
960	2347	384	2731	<nil>
960	73	405	478	<nil>
960	430	406	836	<nil>
960	382	406	788	<nil>
960	842	414	1256	<nil>
960	100413	408	100821	<nil>
960	185	406	591	<nil>
960	1406	411	1817	<nil>
960	16594	407	17001	<nil>
960	389	412	801	<nil>
960	388	412	800	<nil>
960	387	412	799	<nil>
960	425	415	840	<nil>
960	185	408	593	<nil>
960	423	415	838	<nil>
960	208	409	617	<nil>
960	424	415	839	<nil>
960	185	408	593	<nil>
960	403	419	822	<nil>
960	385	418	803	<nil>
960	2159	88	2247	<nil>
960	739	126	865	<nil>
960	807	90	897	<nil>
960	772	90	862	<nil>
960	809	88	897	<nil>
960	769	107	876	<nil>
960	809	109	918	<nil>
960	2182	110	2292	<nil>
960	1320	110	1430	<nil>
960	1284	110	1394	<nil>
960	2179	110	2289	<nil>
960	3510	111	3621	<nil>
960	1307	111	1418	<nil>
960	2054	110	2164	<nil>
960	1906	110	2016	<nil>
960	1311	110	1421	<nil>
960	1311	111	1422	<nil>
960	1537	133	1670	<nil>
960	505	143	648	<nil>
960	2207	130	2337	<nil>
960	1359	92	1451	<nil>
960	2213	132	2345	<nil>
960	844	161	1005	<nil>
960	1334	168	1502	<nil>
960	497	97	594	<nil>
960	16847	87	16934	<nil>
960	877	100	977	<nil>
960	284	88	372	<nil>
960	1587	96	1683	<nil>
960	490	97	587	<nil>
960	865	109	974	<nil>
960	67969	108	68077	<nil>
960	17501	98	17599	<nil>
960	878	97	975	<nil>
960	19918	98	20016	<nil>
960	485	102	587	<nil>
960	2846	102	2948	<nil>
960	875	98	973	<nil>
960	493	99	592	<nil>
960	496	95	591	<nil>
960	489	99	588	<nil>
960	2262	95	2357	<nil>
960	320	94	414	<nil>
960	500	93	593	<nil>
960	490	98	588	<nil>
960	25323	98	25421	<nil>
960	492	98	590	<nil>
960	494	100	594	<nil>
960	493	97	590	<nil>
960	489	98	587	<nil>
960	872	104	976	<nil>
960	496	94	590	<nil>
960	500	97	597	<nil>
960	496	98	594	<nil>
960	45696	95	45791	<nil>
960	576	110	686	<nil>
960	3742	173	3915	<nil>
960	2053	189	2242	<nil>
960	1541	156	1697	<nil>
960	1520	162	1682	<nil>
960	19918	101	20019	<nil>
960	537	174	711	<nil>
960	539	154	693	<nil>
960	3525	154	3679	<nil>
960	871	163	1034	<nil>
960	27944	111	28055	<nil>
960	1308	157	1465	<nil>
960	538	148	686	<nil>
960	1242	35	1277	<nil>
960	499	99	598	<nil>
960	507	168	675	<nil>
960	2183	189	2372	<nil>
960	2219	175	2394	<nil>
960	583	83	666	<nil>
960	868	156	1024	<nil>
960	1351	162	1513	<nil>
960	205	74	279	<nil>
960	2167	192	2359	<nil>
960	2217	161	2378	<nil>
960	3716	189	3905	<nil>
960	527	174	701	<nil>
960	1308	163	1471	<nil>
960	3735	174	3909	<nil>
960	1278	191	1469	<nil>
960	1542	160	1702	<nil>
960	2166	192	2358	<nil>
960	1353	165	1518	<nil>
960	2130	125	2255	<nil>
960	1516	191	1707	<nil>
960	507	118	625	<nil>
960	19209	90	19299	<nil>
960	506	120	626	<nil>
960	1359	125	1484	<nil>
960	518	162	680	<nil>
960	890	134	1024	<nil>
960	3198	135	3333	<nil>
960	345	109	454	<nil>
960	523	108	631	<nil>
960	1401	131	1532	<nil>
960	901	132	1033	<nil>
960	547	108	655	<nil>
960	500	131	631	<nil>
960	524	107	631	<nil>
960	2028	185	2213	<nil>
960	286	118	404	<nil>
960	542	114	656	<nil>
960	3221	110	3331	<nil>
960	3809	136	3945	<nil>
960	537	117	654	<nil>
960	541	114	655	<nil>
960	524	114	638	<nil>
960	513	116	629	<nil>
960	411	94	505	<nil>
960	16639	85	16724	<nil>
960	542	119	661	<nil>
960	5536	118	5654	<nil>
960	523	120	643	<nil>
960	524	117	641	<nil>
960	2248	96	2344	<nil>
960	547	89	636	<nil>
960	555	87	642	<nil>
960	523	121	644	<nil>
960	1389	119	1508	<nil>
960	520	122	642	<nil>
960	12647	87	12734	<nil>
960	561	85	646	<nil>
960	515	125	640	<nil>
960	552	87	639	<nil>
960	559	87	646	<nil>
960	615	29	644	<nil>
960	480	48	528	<nil>
960	284	89	373	<nil>
960	1426	91	1517	<nil>
960	284	89	373	<nil>
960	1427	90	1517	<nil>
960	534	142	676	<nil>
960	558	88	646	<nil>
960	614	30	644	<nil>
960	623	22	645	<nil>
960	3175	68	3243	<nil>
960	343	51	394	<nil>
960	1486	46	1532	<nil>
960	368	47	415	<nil>
960	370	19	389	<nil>
960	341	52	393	<nil>
960	323	72	395	<nil>
960	642	26	668	<nil>
960	616	56	672	<nil>
960	425	119	544	<nil>
960	1346	164	1510	<nil>
960	397	16	413	<nil>
960	1512	28	1540	<nil>
960	3163	91	3254	<nil>
960	3130	160	3290	<nil>
960	536	164	700	<nil>
960	251	43	294	<nil>
960	1242	42	1284	<nil>
960	234	47	281	<nil>
960	18816	47	18863	<nil>
960	1238	51	1289	<nil>
960	19380	51	19431	<nil>
960	1358	141	1499	<nil>
960	1235	50	1285	<nil>
960	1426	147	1573	<nil>
960	1241	56	1297	<nil>
960	234	110	344	<nil>
960	345	111	456	<nil>
960	1602	71	1673	<nil>
960	13172	107	13279	<nil>
960	13156	107	13263	<nil>
960	1137	114	1251	<nil>
960	141	111	252	<nil>
960	652	115	767	<nil>
960	250	119	369	<nil>
960	12401	110	12511	<nil>
960	159	114	273	<nil>
960	239	114	353	<nil>
960	656	114	770	<nil>
960	240	118	358	<nil>
960	2746	271	3017	<nil>
960	238	272	510	<nil>
960	651	273	924	<nil>
960	1245	273	1518	<nil>
960	655	273	928	<nil>
960	141	275	416	<nil>
960	150	263	413	<nil>
960	1617	239	1856	<nil>
960	1556	239	1795	<nil>
960	1594	239	1833	<nil>
960	1552	243	1795	<nil>
960	1602	239	1841	<nil>
960	1557	239	1796	<nil>
960	1622	239	1861	<nil>
960	162	252	414	<nil>
960	1578	298	1876	<nil>
960	2772	232	3004	<nil>
960	1566	232	1798	<nil>
960	19396	234	19630	<nil>
960	703	229	932	<nil>
960	162	254	416	<nil>
960	1598	238	1836	<nil>
960	406	251	657	<nil>
960	1567	218	1785	<nil>
960	1565	234	1799	<nil>
960	537	252	789	<nil>
960	1550	233	1783	<nil>
960	144	267	411	<nil>
960	428	230	658	<nil>
960	446	237	683	<nil>
960	1566	218	1784	<nil>
960	236	108	344	<nil>
960	1550	233	1783	<nil>
960	1605	237	1842	<nil>
960	705	230	935	<nil>
960	407	251	658	<nil>
960	1627	230	1857	<nil>
960	3025	273	3298	<nil>
960	116	231	347	<nil>
960	17724	252	17976	<nil>
960	2752	255	3007	<nil>
960	544	257	801	<nil>
960	410	249	659	<nil>
960	1570	231	1801	<nil>
960	1571	230	1801	<nil>
960	429	230	659	<nil>
960	103	252	355	<nil>
960	17053	254	17307	<nil>
960	3275	293	3568	<nil>
960	2795	293	3088	<nil>
960	1567	233	1800	<nil>
960	1295	295	1590	<nil>
960	190	293	483	<nil>
960	12861	326	13187	<nil>
960	3411	304	3715	<nil>
960	5702	319	6021	<nil>
960	1606	302	1908	<nil>
960	705	304	1009	<nil>
960	1565	299	1864	<nil>
960	4411	300	4711	<nil>
960	1612	296	1908	<nil>
960	429	296	725	<nil>
960	1583	325	1908	<nil>
960	3047	329	3376	<nil>
960	5092	311	5403	<nil>
960	1559	232	1791	<nil>
960	1567	298	1865	<nil>
960	166	334	500	<nil>
960	265	323	588	<nil>
960	1640	290	1930	<nil>
960	1619	301	1920	<nil>
960	1580	296	1876	<nil>
960	1572	297	1869	<nil>
960	1631	301	1932	<nil>
960	1558	308	1866	<nil>
960	1560	317	1877	<nil>
960	3046	326	3372	<nil>
960	1570	291	1861	<nil>
960	12780	313	13093	<nil>
960	204	305	509	<nil>
960	567	299	866	<nil>
960	1568	300	1868	<nil>
960	3397	314	3711	<nil>
960	1607	299	1906	<nil>
960	123	312	435	<nil>
960	1285	311	1596	<nil>
960	3384	325	3709	<nil>
960	1547	309	1856	<nil>
960	166	534	700	<nil>
960	586	68	654	<nil>
960	2054	152	2206	<nil>
960	2010	188	2198	<nil>
960	3336	63	3399	<nil>
960	1651	86	1737	<nil>
960	559	62	621	<nil>
960	3342	76	3418	<nil>
960	19014	66	19080	<nil>
960	626	87	713	<nil>
960	958	198	1156	<nil>
960	553	63	616	<nil>
960	638	24	662	<nil>
960	562	59	621	<nil>
960	45482	66	45548	<nil>
960	615	33	648	<nil>
960	520	94	614	<nil>
960	562	60	622	<nil>
960	550	71	621	<nil>
960	3034	65	3099	<nil>
960	554	68	622	<nil>
960	3330	72	3402	<nil>
960	631	64	695	<nil>
960	570	62	632	<nil>
960	583	61	644	<nil>
960	551	71	622	<nil>
960	591	33	624	<nil>
960	614	9	623	<nil>
960	584	43	627	<nil>
960	579	58	637	<nil>
960	558	70	628	<nil>
960	616	80	696	<nil>
960	626	86	712	<nil>
960	560	69	629	<nil>
960	5553	73	5626	<nil>
960	587	51	638	<nil>
960	2963	25	2988	<nil>
960	587	51	638	<nil>
960	623	24	647	<nil>
960	550	69	619	<nil>
960	618	28	646	<nil>
960	617	24	641	<nil>
960	551	69	620	<nil>
960	611	40	651	<nil>
960	624	145	769	<nil>
960	632	155	787	<nil>
960	626	170	796	<nil>
960	614	199	813	<nil>
960	625	194	819	<nil>
960	588	234	822	<nil>
960	626	194	820	<nil>
960	653	200	853	<nil>
960	665	197	862	<nil>
960	14171	205	14376	<nil>
960	679	200	879	<nil>
960	3140	226	3366	<nil>
960	650	202	852	<nil>
960	680	199	879	<nil>
960	719	163	882	<nil>
960	642	214	856	<nil>
960	660	200	860	<nil>
960	691	218	909	<nil>
960	651	203	854	<nil>
960	668	201	869	<nil>
960	5800	194	5994	<nil>
960	2970	229	3199	<nil>
960	3168	177	3345	<nil>
960	3103	97	3200	<nil>
960	732	181	913	<nil>
960	725	124	849	<nil>
960	666	210	876	<nil>
960	735	131	866	<nil>
960	656	201	857	<nil>
960	726	160	886	<nil>
960	678	188	866	<nil>
960	689	195	884	<nil>
960	3244	107	3351	<nil>
960	659	219	878	<nil>
960	677	192	869	<nil>
960	659	219	878	<nil>
960	653	229	882	<nil>
960	688	200	888	<nil>
960	767	127	894	<nil>
960	661	217	878	<nil>
960	814	88	902	<nil>
960	640	233	873	<nil>
960	13882	201	14083	<nil>
960	668	202	870	<nil>
960	672	198	870	<nil>
960	652	199	851	<nil>
960	660	194	854	<nil>
960	646	213	859	<nil>
960	830	69	899	<nil>
960	679	193	872	<nil>
960	758	97	855	<nil>
960	830	70	900	<nil>
960	779	108	887	<nil>
960	653	219	872	<nil>
960	825	71	896	<nil>
960	339	209	548	<nil>
960	656	203	859	<nil>
960	664	235	899	<nil>
960	657	193	850	<nil>
960	648	216	864	<nil>
960	656	209	865	<nil>
960	671	200	871	<nil>
960	656	199	855	<nil>
960	5687	166	5853	<nil>
960	704	207	911	<nil>
960	679	200	879	<nil>
960	652	211	863	<nil>
960	643	227	870	<nil>
960	653	205	858	<nil>
960	669	183	852	<nil>
960	662	211	873	<nil>
960	643	224	867	<nil>
960	5664	198	5862	<nil>
960	661	195	856	<nil>
960	660	206	866	<nil>
960	730	180	910	<nil>
960	1712	243	1955	<nil>
960	690	186	876	<nil>
960	813	81	894	<nil>
960	714	184	898	<nil>
960	680	218	898	<nil>
960	768	128	896	<nil>
960	714	154	868	<nil>
960	664	205	869	<nil>
960	1693	181	1874	<nil>
960	676	199	875	<nil>
960	1611	207	1818	<nil>
960	815	87	902	<nil>
960	1836	82	1918	<nil>
960	826	85	911	<nil>
960	816	92	908	<nil>
960	3407	82	3489	<nil>
960	813	94	907	<nil>
960	1739	21	1760	<nil>
960	18047	201	18248	<nil>
960	818	114	932	<nil>
960	3187	188	3375	<nil>
960	1782	185	1967	<nil>
960	3368	221	3589	<nil>
960	879	233	1112	<nil>
960	5889	258	6147	<nil>
960	663	259	922	<nil>
960	1783	257	2040	<nil>
960	884	260	1144	<nil>
960	883	293	1176	<nil>
960	1702	322	2024	<nil>
960	669	322	991	<nil>
960	669	322	991	<nil>
960	3365	323	3688	<nil>
960	42109	322	42431	<nil>
960	1826	323	2149	<nil>
960	19484	340	19824	<nil>
960	1787	341	2128	<nil>
960	880	352	1232	<nil>
960	904	335	1239	<nil>
960	1776	353	2129	<nil>
960	893	354	1247	<nil>
960	3400	328	3728	<nil>
960	1802	330	2132	<nil>
960	20071	347	20418	<nil>
960	17725	313	18038	<nil>
960	922	314	1236	<nil>
960	45650	340	45990	<nil>
960	3197	340	3537	<nil>
960	3112	340	3452	<nil>
960	932	314	1246	<nil>
960	945	315	1260	<nil>
960	13234	346	13580	<nil>
960	6001	340	6341	<nil>
960	926	335	1261	<nil>
960	922	312	1234	<nil>
960	17895	340	18235	<nil>
960	13270	315	13585	<nil>
960	929	324	1253	<nil>
960	14211	184	14395	<nil>
960	13184	263	13447	<nil>
960	3203	352	3555	<nil>
960	1796	337	2133	<nil>
960	1820	317	2137	<nil>
960	678	337	1015	<nil>
960	922	316	1238	<nil>
960	3224	316	3540	<nil>
960	702	316	1018	<nil>
960	605	335	940	<nil>
960	295	311	606	<nil>
960	6303	276	6579	<nil>
960	1712	312	2024	<nil>
960	1413	300	1713	<nil>
960	3483	357	3840	<nil>
960	3187	342	3529	<nil>
960	922	315	1237	<nil>
960	703	324	1027	<nil>
960	276	314	590	<nil>
960	3480	360	3840	<nil>
960	3365	360	3725	<nil>
960	3235	318	3553	<nil>
960	1720	321	2041	<nil>
960	924	320	1244	<nil>
960	19519	325	19844	<nil>
960	3384	358	3742	<nil>
960	320	279	599	<nil>
960	931	337	1268	<nil>
960	6167	281	6448	<nil>
960	1373	340	1713	<nil>
960	647	328	975	<nil>
960	938	326	1264	<nil>
960	1721	325	2046	<nil>
960	1788	317	2105	<nil>
960	648	296	944	<nil>
960	13283	254	13537	<nil>
960	922	324	1246	<nil>
960	182631	314	182945	<nil>
960	3270	327	3597	<nil>
960	3401	323	3724	<nil>
960	980	286	1266	<nil>
960	3212	318	3530	<nil>
960	539	325	864	<nil>
960	14065	318	14383	<nil>
960	14308	161	14469	<nil>
960	1090	188	1278	<nil>
960	18577	284	18861	<nil>
960	1844	307	2151	<nil>
960	1086	194	1280	<nil>
960	3902	151	4053	<nil>
960	3714	313	4027	<nil>
960	1093	187	1280	<nil>
960	589	313	902	<nil>
960	1352	317	1669	<nil>
960	1153	122	1275	<nil>
960	1943	119	2062	<nil>
960	630	336	966	<nil>
960	922	316	1238	<nil>
960	3479	96	3575	<nil>
960	3427	124	3551	<nil>
960	1154	122	1276	<nil>
960	1199	99	1298	<nil>
960	1179	98	1277	<nil>
960	445	203	648	<nil>
960	1822	314	2136	<nil>
960	1989	81	2070	<nil>
960	1190	102	1292	<nil>
960	3729	42	3771	<nil>
960	3080	42	3122	<nil>
960	18986	64	19050	<nil>
960	1246	47	1293	<nil>
960	616	70	686	<nil>
960	394	42	436	<nil>
960	16784	77	16861	<nil>
960	5072	44	5116	<nil>
960	2098	47	2145	<nil>
960	423	45	468	<nil>
960	407	24	431	<nil>
960	665	14	679	<nil>
960	6305	21	6326	<nil>
960	418	12	430	<nil>
960	301	377	678	<nil>
960	670	3	673	<nil>
960	300	379	679	<nil>
960	5165	1	5166	<nil>
960	3167	2	3169	<nil>
960	14124	10	14134	<nil>
960	398	2	400	<nil>
960	12611	1	12612	<nil>
960	2909	2	2911	<nil>
960	435	1	436	<nil>
960	675	9	684	<nil>
960	3539	44	3583	<nil>
960	14561	1	14562	<nil>
960	75656	1	75657	<nil>
960	446	1	447	<nil>
960	426	1	427	<nil>
960	671	1	672	<nil>
960	439	1	440	<nil>
960	20694	43	20737	<nil>
960	1451	48	1499	<nil>
960	3184	2	3186	<nil>
960	502	20	522	<nil>
960	3604	2	3606	<nil>
960	3132	2	3134	<nil>
960	3518	18	3536	<nil>
960	194	2	196	<nil>
960	1267	44	1311	<nil>
960	1260	46	1306	<nil>
960	414	18	432	<nil>
960	1269	99	1368	<nil>
960	426	18	444	<nil>
960	647	73	720	<nil>
960	2888	34	2922	<nil>
960	20462	19	20481	<nil>
960	2841	80	2921	<nil>
960	426	19	445	<nil>
960	440	7	447	<nil>
960	5736	25	5761	<nil>
960	1103	8	1111	<nil>
960	6321	18	6339	<nil>
960	439	8	447	<nil>
960	1354	8	1362	<nil>
960	658	25	683	<nil>
960	14889	20	14909	<nil>
960	420	25	445	<nil>
960	427	23	450	<nil>
960	383	10	393	<nil>
960	688	7	695	<nil>
960	1324	31	1355	<nil>
960	664	26	690	<nil>
960	461	8	469	<nil>
960	17751	400	18151	<nil>
960	2941	30	2971	<nil>
960	287	417	704	<nil>
960	413	32	445	<nil>
960	6466	32	6498	<nil>
960	414	32	446	<nil>
960	17586	380	17966	<nil>
960	407	13	420	<nil>
960	274	423	697	<nil>
960	447	16	463	<nil>
960	391	343	734	<nil>
960	3164	15	3179	<nil>
960	448	14	462	<nil>
960	1327	406	1733	<nil>
960	934	320	1254	<nil>
960	3150	17	3167	<nil>
960	686	19	705	<nil>
960	276	424	700	<nil>
960	311	424	735	<nil>
960	411	17	428	<nil>
960	425	37	462	<nil>
960	924	319	1243	<nil>
960	505	465	970	<nil>
960	214	16	230	<nil>
960	3173	2	3175	<nil>
960	414	15	429	<nil>
960	3585	48	3633	<nil>
960	433	5	438	<nil>
960	426	19	445	<nil>
960	19367	7	19374	<nil>
960	388	23	411	<nil>
960	437	16	453	<nil>
960	132	25	157	<nil>
960	449	27	476	<nil>
960	410	50	460	<nil>
960	199	29	228	<nil>
960	130	29	159	<nil>
960	448	21	469	<nil>
960	417	55	472	<nil>
960	454	29	483	<nil>
960	423	23	446	<nil>
960	3150	20	3170	<nil>
960	420	26	446	<nil>
960	455	27	482	<nil>
960	3158	27	3185	<nil>
960	134	24	158	<nil>
960	425	26	451	<nil>
960	437	9	446	<nil>
960	421	27	448	<nil>
960	2931	29	2960	<nil>
960	417	28	445	<nil>
960	421	23	444	<nil>
960	135	26	161	<nil>
960	693	21	714	<nil>
960	3137	26	3163	<nil>
960	17584	24	17608	<nil>
960	451	6	457	<nil>
960	419	28	447	<nil>
960	134	27	161	<nil>
960	414	33	447	<nil>
960	445	9	454	<nil>
960	3127	62	3189	<nil>
960	424	23	447	<nil>
960	448	28	476	<nil>
960	2903	56	2959	<nil>
960	450	2	452	<nil>
960	3191	4	3195	<nil>
960	2998	4	3002	<nil>
960	44537	4	44541	<nil>
960	449	4	453	<nil>
960	451	4	455	<nil>
960	450	5	455	<nil>
960	453	4	457	<nil>
960	451	4	455	<nil>
960	451	5	456	<nil>
960	452	5	457	<nil>
960	454	6	460	<nil>
960	450	6	456	<nil>
960	453	3	456	<nil>
960	449	4	453	<nil>
960	456	4	460	<nil>
960	456	4	460	<nil>
960	3229	4	3233	<nil>
960	18534	5	18539	<nil>
960	12141	5	12146	<nil>
960	19976	6	19982	<nil>
960	454	6	460	<nil>
960	665	38	703	<nil>
960	453	6	459	<nil>
960	12937	7	12944	<nil>
960	468	21	489	<nil>
960	430	19	449	<nil>
960	546	36	582	<nil>
960	8273	46	8319	<nil>
960	542	38	580	<nil>
960	542	38	580	<nil>
960	1492	37	1529	<nil>
960	551	39	590	<nil>
960	424	40	464	<nil>
960	443	53	496	<nil>
960	450	52	502	<nil>
960	8276	44	8320	<nil>
960	542	42	584	<nil>
960	3366	45	3411	<nil>
960	386	48	434	<nil>
960	544	65	609	<nil>
960	545	47	592	<nil>
960	8274	47	8321	<nil>
960	546	45	591	<nil>
960	1377	57	1434	<nil>
960	543	45	588	<nil>
960	445	73	518	<nil>
960	453	44	497	<nil>
960	542	37	579	<nil>
960	448	54	502	<nil>
960	448	51	499	<nil>
960	546	72	618	<nil>
960	5226	45	5271	<nil>
960	422	76	498	<nil>
960	1379	44	1423	<nil>
960	422	74	496	<nil>
960	448	48	496	<nil>
960	1505	52	1557	<nil>
960	452	44	496	<nil>
960	563	53	616	<nil>
960	453	46	499	<nil>
960	481	53	534	<nil>
960	446	55	501	<nil>
960	452	52	504	<nil>
960	422	75	497	<nil>
960	489	44	533	<nil>
960	452	51	503	<nil>
960	475	24	499	<nil>
960	8275	47	8322	<nil>
960	564	54	618	<nil>
960	543	77	620	<nil>
960	453	47	500	<nil>
960	423	83	506	<nil>
960	475	37	512	<nil>
960	549	43	592	<nil>
960	19156	19	19175	<nil>
960	465	58	523	<nil>
960	444	65	509	<nil>
960	451	57	508	<nil>
960	449	60	509	<nil>
960	1360	66	1426	<nil>
960	444	67	511	<nil>
960	1394	39	1433	<nil>
960	71441	63	71504	<nil>
960	442	68	510	<nil>
960	448	61	509	<nil>
960	516	31	547	<nil>
960	520	23	543	<nil>
960	465	59	524	<nil>
960	497	39	536	<nil>
960	477	36	513	<nil>
960	1546	24	1570	<nil>
960	517	27	544	<nil>
960	594	37	631	<nil>
960	492	17	509	<nil>
960	488	57	545	<nil>
960	503	56	559	<nil>
960	488	63	551	<nil>
960	5265	56	5321	<nil>
960	480	71	551	<nil>
960	1398	219	1617	<nil>
960	533	195	728	<nil>
960	493	203	696	<nil>
960	510	188	698	<nil>
960	506	191	697	<nil>
960	515	203	718	<nil>
960	524	176	700	<nil>
960	554	175	729	<nil>
960	506	192	698	<nil>
960	1396	229	1625	<nil>
960	489	263	752	<nil>
960	475	279	754	<nil>
960	1422	266	1688	<nil>
960	474	281	755	<nil>
960	482	274	756	<nil>
960	520	270	790	<nil>
960	498	284	782	<nil>
960	490	272	762	<nil>
960	522	244	766	<nil>
960	564	202	766	<nil>
960	1439	255	1694	<nil>
960	588	258	846	<nil>
960	598	280	878	<nil>
960	510	284	794	<nil>
960	476	285	761	<nil>
960	496	265	761	<nil>
960	548	213	761	<nil>
960	473	289	762	<nil>
960	506	274	780	<nil>
960	1402	287	1689	<nil>
960	543	217	760	<nil>
960	480	282	762	<nil>
960	514	286	800	<nil>
960	1449	239	1688	<nil>
960	470	292	762	<nil>
960	521	243	764	<nil>
960	535	243	778	<nil>
960	534	262	796	<nil>
960	507	258	765	<nil>
960	1514	244	1758	<nil>
960	563	232	795	<nil>
960	517	252	769	<nil>
960	594	286	880	<nil>
960	649	227	876	<nil>
960	1423	266	1689	<nil>
960	1514	249	1763	<nil>
960	1474	236	1710	<nil>
960	574	242	816	<nil>
960	579	216	795	<nil>
960	685	132	817	<nil>
960	690	132	822	<nil>
960	12861	118	12979	<nil>
960	561	219	780	<nil>
960	559	255	814	<nil>
960	708	188	896	<nil>
960	708	189	897	<nil>
960	547	237	784	<nil>
960	562	223	785	<nil>
960	669	224	893	<nil>
960	693	106	799	<nil>
960	486	273	759	<nil>
960	597	220	817	<nil>
960	729	153	882	<nil>
960	639	265	904	<nil>
960	3536	221	3757	<nil>
960	811	83	894	<nil>
960	569	219	788	<nil>
960	1489	227	1716	<nil>
960	592	224	816	<nil>
960	575	225	800	<nil>
960	380	52	432	<nil>
960	687	123	810	<nil>
960	632	238	870	<nil>
960	403	33	436	<nil>
960	1611	125	1736	<nil>
960	701	134	835	<nil>
960	19287	135	19422	<nil>
960	1475	232	1707	<nil>
960	13280	136	13416	<nil>
960	1612	136	1748	<nil>
960	700	136	836	<nil>
960	1611	138	1749	<nil>
960	18720	220	18940	<nil>
960	685	136	821	<nil>
960	790	133	923	<nil>
960	217	176	393	<nil>
960	691	171	862	<nil>
960	744	187	931	<nil>
960	695	186	881	<nil>
960	721	159	880	<nil>
960	1648	160	1808	<nil>
960	1648	162	1810	<nil>
960	1574	137	1711	<nil>
960	735	161	896	<nil>
960	1644	167	1811	<nil>
960	1687	190	1877	<nil>
960	763	136	899	<nil>
960	1717	166	1883	<nil>
960	765	139	904	<nil>
960	1678	139	1817	<nil>
960	723	140	863	<nil>
960	717	194	911	<nil>
960	733	138	871	<nil>
960	677	194	871	<nil>
960	43005	86	43091	<nil>
960	718	190	908	<nil>
960	840	78	918	<nil>
960	851	91	942	<nil>
960	874	77	951	<nil>
960	801	93	894	<nil>
960	856	89	945	<nil>
960	332	90	422	<nil>
960	72399	222	72621	<nil>
960	379	46	425	<nil>
960	293	86	379	<nil>
960	839	82	921	<nil>
960	5620	78	5698	<nil>
960	1836	77	1913	<nil>
960	875	76	951	<nil>
960	549	237	786	<nil>
960	873	79	952	<nil>
960	340	56	396	<nil>
960	1675	103	1778	<nil>
960	1631	143	1774	<nil>
960	1805	47	1852	<nil>
960	3664	126	3790	<nil>
960	684	133	817	<nil>
960	252	174	426	<nil>
960	722	131	853	<nil>
960	545	276	821	<nil>
960	940	159	1099	<nil>
960	859	189	1048	<nil>
960	859	1277	2136	<nil>
960	869	1282	2151	<nil>
960	1805	1285	3090	<nil>
960	726	1467	2193	<nil>
960	1808	1281	3089	<nil>
960	666	1469	2135	<nil>
960	866	1280	2146	<nil>
960	891	1282	2173	<nil>
960	1945	1280	3225	<nil>
960	910	1282	2192	<nil>
960	1937	1289	3226	<nil>
960	1809	1287	3096	<nil>
960	859	1283	2142	<nil>
960	909	1289	2198	<nil>
960	909	1291	2200	<nil>
960	5462	1477	6939	<nil>
960	911	1287	2198	<nil>
960	918	1281	2199	<nil>
960	898	1285	2183	<nil>
960	858	1293	2151	<nil>
960	864	1287	2151	<nil>
960	853	1291	2144	<nil>
960	1947	1284	3231	<nil>
960	891	1290	2181	<nil>
960	867	1310	2177	<nil>
960	6098	1297	7395	<nil>
960	3486	1313	4799	<nil>
960	6278	1311	7589	<nil>
960	398	1278	1676	<nil>
960	922	1287	2209	<nil>
960	851	1322	2173	<nil>
960	888	1284	2172	<nil>
960	399	1279	1678	<nil>
960	1834	1292	3126	<nil>
960	171	1278	1449	<nil>
960	1833	1294	3127	<nil>
960	913	1322	2235	<nil>
960	222	1283	1505	<nil>
960	5577	1277	6854	<nil>
960	943	1285	2228	<nil>
960	1834	1293	3127	<nil>
960	192	1312	1504	<nil>
960	409	1278	1687	<nil>
960	187	1317	1504	<nil>
960	944	1286	2230	<nil>
960	883	1300	2183	<nil>
960	219	1286	1505	<nil>
960	155	1290	1445	<nil>
960	390	1290	1680	<nil>
960	913	1314	2227	<nil>
960	923	1287	2210	<nil>
960	1833	1294	3127	<nil>
960	27838	1281	29119	<nil>
960	400	1326	1726	<nil>
960	132	1323	1455	<nil>
960	164	1325	1489	<nil>
960	169	1327	1496	<nil>
960	155	1323	1478	<nil>
960	407	1322	1729	<nil>
960	2836	1323	4159	<nil>
960	901	1323	2224	<nil>
960	401	1327	1728	<nil>
960	1142	1323	2465	<nil>
960	970	1320	2290	<nil>
960	406	1321	1727	<nil>
960	2813	1326	4139	<nil>
960	2628	1323	3951	<nil>
960	1140	1323	2463	<nil>
960	158	1325	1483	<nil>
960	169	1326	1495	<nil>
960	2727	1325	4052	<nil>
960	5366	1324	6690	<nil>
960	3070	1325	4395	<nil>
960	1385	149	1534	<nil>
960	1805	1436	3241	<nil>
960	1871	1434	3305	<nil>
960	1652	151	1803	<nil>
960	13513	1440	14953	<nil>
960	849	1436	2285	<nil>
960	3094	154	3248	<nil>
960	2181	151	2332	<nil>
960	2203	152	2355	<nil>
960	2178	150	2328	<nil>
960	906	1435	2341	<nil>
960	2156	154	2310	<nil>
960	3094	149	3243	<nil>
960	1425	0	1425	rpc error: code = Unavailable desc = transport is closing
960	2195	159	2354	<nil>
960	1677	0	1677	rpc error: code = Unavailable desc = transport is closing
960	1675	0	1675	rpc error: code = Unavailable desc = transport is closing
960	1677	0	1677	rpc error: code = Unavailable desc = transport is closing
960	6632	0	6632	rpc error: code = Unavailable desc = transport is closing
960	1676	0	1676	rpc error: code = Unavailable desc = transport is closing
960	4352	0	4352	rpc error: code = Unavailable desc = transport is closing
960	1678	0	1678	rpc error: code = Unavailable desc = transport is closing
960	1671	0	1671	rpc error: code = Unavailable desc = transport is closing
960	1675	0	1675	rpc error: code = Unavailable desc = transport is closing
960	1678	0	1678	rpc error: code = Unavailable desc = transport is closing
960	1676	0	1676	rpc error: code = Unavailable desc = transport is closing
960	1678	0	1678	rpc error: code = Unavailable desc = transport is closing
960	1378	0	1378	rpc error: code = Unavailable desc = transport is closing
960	1676	0	1676	rpc error: code = Unavailable desc = transport is closing
960	3999	0	3999	rpc error: code = Unavailable desc = transport is closing
960	1670	0	1670	rpc error: code = Unavailable desc = transport is closing
960	1675	0	1675	rpc error: code = Unavailable desc = transport is closing
960	3224	161	3385	<nil>
960	4452	0	4452	rpc error: code = Unavailable desc = transport is closing
960	1675	0	1675	rpc error: code = Unavailable desc = transport is closing
960	1678	0	1678	rpc error: code = Unavailable desc = transport is closing
960	1677	0	1677	rpc error: code = Unavailable desc = transport is closing
960	1675	0	1675	rpc error: code = Unavailable desc = transport is closing
960	14845	0	14845	rpc error: code = Unavailable desc = transport is closing
960	4339	0	4339	rpc error: code = Unavailable desc = transport is closing
960	1670	0	1670	rpc error: code = Unavailable desc = transport is closing
960	1678	0	1678	rpc error: code = Unavailable desc = transport is closing
960	1695	0	1695	rpc error: code = Unavailable desc = transport is closing
960	1695	0	1695	rpc error: code = Unavailable desc = transport is closing
960	1695	0	1695	rpc error: code = Unavailable desc = transport is closing
960	1655	0	1655	rpc error: code = Unavailable desc = transport is closing
960	1705	0	1705	rpc error: code = Unavailable desc = transport is closing
960	1713	0	1713	rpc error: code = Unavailable desc = transport is closing
960	1713	0	1713	rpc error: code = Unavailable desc = transport is closing
960	1712	0	1712	rpc error: code = Unavailable desc = transport is closing
960	1711	0	1711	rpc error: code = Unavailable desc = transport is closing
960	1703	0	1703	rpc error: code = Unavailable desc = transport is closing
960	1717	0	1717	rpc error: code = Unavailable desc = transport is closing
960	1410	73	1483	<nil>
960	1419	77	1496	<nil>
960	1416	78	1494	<nil>
960	16943	63	17006	<nil>
960	1421	64	1485	<nil>
960	2387	61	2448	<nil>
960	1580	61	1641	<nil>
960	1422	77	1499	<nil>
960	1580	61	1641	<nil>
960	1575	76	1651	<nil>
960	1407	78	1485	<nil>
960	121127	64	121191	<nil>
960	1399	89	1488	<nil>
960	1411	76	1487	<nil>
960	2952	63	3015	<nil>
960	188	30	218	<nil>
960	1421	62	1483	<nil>
960	3916	79	3995	<nil>
960	1407	78	1485	<nil>
960	1424	62	1486	<nil>
960	1411	77	1488	<nil>
960	2371	77	2448	<nil>
960	1407	76	1483	<nil>
960	1415	69	1484	<nil>
960	184	35	219	<nil>
960	3085	38	3123	<nil>
960	189	29	218	<nil>
960	191	27	218	<nil>
960	3085	39	3124	<nil>
960	5328	38	5366	<nil>
960	25931	35	25966	<nil>
960	1426	67	1493	<nil>
960	2387	67	2454	<nil>
960	189	29	218	<nil>
960	2807	36	2843	<nil>
960	188	29	217	<nil>
960	1421	68	1489	<nil>
960	4984	36	5020	<nil>
960	6238	36	6274	<nil>
960	188	29	217	<nil>
960	187	34	221	<nil>
960	184	34	218	<nil>
960	1580	67	1647	<nil>
960	1453	37	1490	<nil>
960	2823	21	2844	<nil>
960	1422	67	1489	<nil>
960	189	30	219	<nil>
960	197	21	218	<nil>
960	6532	36	6568	<nil>
960	3106	19	3125	<nil>
960	3090	34	3124	<nil>
960	17861	36	17897	<nil>
960	188	29	217	<nil>
960	152	20	172	<nil>
960	188	30	218	<nil>
960	196	23	219	<nil>
960	118837	12	118849	<nil>
960	189	30	219	<nil>
960	214	36	250	<nil>
960	179	30	209	<nil>
960	44968	30	44998	<nil>
960	157	12	169	<nil>
960	3933	67	4000	<nil>
960	4604	24	4628	<nil>
960	157	29	186	<nil>
960	6091	36	6127	<nil>
960	1422	61	1483	<nil>
960	157	87	244	<nil>
960	148	113	261	<nil>
960	2844	104	2948	<nil>
960	2838	122	2960	<nil>
960	145	123	268	<nil>
960	145	122	267	<nil>
960	145	122	267	<nil>
960	138	122	260	<nil>
960	145	122	267	<nil>
960	104	120	224	<nil>
960	157	117	274	<nil>
960	3006	123	3129	<nil>
960	92	122	214	<nil>
960	139	76	215	<nil>
960	122	81	203	<nil>
960	93	123	216	<nil>
960	133	72	205	<nil>
960	93	122	215	<nil>
960	92	124	216	<nil>
960	126	89	215	<nil>
960	2855	120	2975	<nil>
960	2446	123	2569	<nil>
960	124	80	204	<nil>
960	94	122	216	<nil>
960	5981	120	6101	<nil>
960	122	84	206	<nil>
960	136	71	207	<nil>
960	2451	111	2562	<nil>
960	179	73	252	<nil>
960	86	118	204	<nil>
960	136	118	254	<nil>
960	161	90	251	<nil>
960	2452	115	2567	<nil>
960	87	118	205	<nil>
960	2445	119	2564	<nil>
960	165	90	255	<nil>
960	92	121	213	<nil>
960	139	121	260	<nil>
960	138	114	252	<nil>
960	167	84	251	<nil>
960	81	121	202	<nil>
960	95	118	213	<nil>
960	152	116	268	<nil>
960	187	79	266	<nil>
960	162	116	278	<nil>
960	163	116	279	<nil>
960	67	148	215	<nil>
960	200	92	292	<nil>
960	149	91	240	<nil>
960	151	91	242	<nil>
960	198	92	290	<nil>
960	147	92	239	<nil>
960	199	92	291	<nil>
960	201	98	299	<nil>
960	18017	97	18114	<nil>
960	201	98	299	<nil>
960	122	97	219	<nil>
960	215	97	312	<nil>
960	122	97	219	<nil>
960	136	156	292	<nil>
960	151	98	249	<nil>
960	5183	59	5242	<nil>
960	166	63	229	<nil>
960	162	63	225	<nil>
960	160	93	253	<nil>
960	163	94	257	<nil>
960	150	93	243	<nil>
960	161	93	254	<nil>
960	149	92	241	<nil>
960	164	94	258	<nil>
960	3013	92	3105	<nil>
960	5566	94	5660	<nil>
960	151	93	244	<nil>
960	146	96	242	<nil>
960	148	96	244	<nil>
960	154	94	248	<nil>
960	122	94	216	<nil>
960	132	79	211	<nil>
960	154	98	252	<nil>
960	172	79	251	<nil>
960	170	79	249	<nil>
960	150	96	246	<nil>
960	174	78	252	<nil>
960	148	97	245	<nil>
960	19140	95	19235	<nil>
960	29487	96	29583	<nil>
960	155	97	252	<nil>
960	2632	79	2711	<nil>
960	165	97	262	<nil>
960	2582	96	2678	<nil>
960	173	97	270	<nil>
960	173	108	281	<nil>
960	184	103	287	<nil>
960	183	98	281	<nil>
960	173	112	285	<nil>
960	195	91	286	<nil>
960	193	90	283	<nil>
960	206	91	297	<nil>
960	189	95	284	<nil>
960	184	103	287	<nil>
960	190	95	285	<nil>
960	195	102	297	<nil>
960	196	114	310	<nil>
960	2599	127	2726	<nil>
960	196	127	323	<nil>
960	198	127	325	<nil>
960	2669	127	2796	<nil>
960	202	123	325	<nil>
960	188	123	311	<nil>
960	200	125	325	<nil>
960	201	128	329	<nil>
960	2663	108	2771	<nil>
960	211	128	339	<nil>
960	2605	128	2733	<nil>
960	211	133	344	<nil>
960	201	133	334	<nil>
960	202	132	334	<nil>
960	2668	133	2801	<nil>
960	3063	133	3196	<nil>
960	2661	133	2794	<nil>
960	29546	134	29680	<nil>
960	202	134	336	<nil>
960	2605	135	2740	<nil>
960	2611	134	2745	<nil>
960	2664	114	2778	<nil>
960	9119	116	9235	<nil>
960	229	109	338	<nil>
960	117	115	232	<nil>
960	222	116	338	<nil>
960	19243	115	19358	<nil>
960	2626	116	2742	<nil>
960	25900	102	26002	<nil>
960	4828	103	4931	<nil>
960	3078	121	3199	<nil>
960	113	59	172	<nil>
960	2647	97	2744	<nil>
960	127	72	199	<nil>
960	126	73	199	<nil>
960	128	119	247	<nil>
960	4829	102	4931	<nil>
960	182	119	301	<nil>
960	5677	73	5750	<nil>
960	134	57	191	<nil>
960	17175	104	17279	<nil>
960	3095	103	3198	<nil>
960	2710	74	2784	<nil>
960	133	104	237	<nil>
960	138	104	242	<nil>
960	29571	120	29691	<nil>
960	2649	99	2748	<nil>
960	125	113	238	<nil>
960	133	103	236	<nil>
960	117	120	237	<nil>
960	127	73	200	<nil>
960	149	51	200	<nil>
960	165	73	238	<nil>
960	26200	120	26320	<nil>
960	2649	104	2753	<nil>
960	144	58	202	<nil>
960	2689	59	2748	<nil>
960	118	59	177	<nil>
960	124	54	178	<nil>
960	128	74	202	<nil>
960	2819	103	2922	<nil>
960	114	59	173	<nil>
960	9192	75	9267	<nil>
960	120	73	193	<nil>
960	118	75	193	<nil>
960	5701	80	5781	<nil>
960	92	32	124	<nil>
960	64	13	77	<nil>
960	4911	48	4959	<nil>
960	29611	53	29664	<nil>
960	2813	14	2827	<nil>
960	119	48	167	<nil>
960	124	48	172	<nil>
960	89	12	101	<nil>
960	122	48	170	<nil>
960	91	30	121	<nil>
960	118	44	162	<nil>
960	102	48	150	<nil>
960	117	32	149	<nil>
960	115	48	163	<nil>
960	2812	18	2830	<nil>
960	114	85	199	<nil>
960	119	50	169	<nil>
960	120	50	170	<nil>
960	117	46	163	<nil>
960	2737	48	2785	<nil>
960	117	46	163	<nil>
960	2693	84	2777	<nil>
960	107	47	154	<nil>
960	114	46	160	<nil>
960	80	11	91	<nil>
960	94	31	125	<nil>
960	91	36	127	<nil>
960	92	35	127	<nil>
960	121	52	173	<nil>
960	84	24	108	<nil>
960	19056	37	19093	<nil>
960	88	37	125	<nil>
960	8550	37	8587	<nil>
960	79	27	106	<nil>
960	90	38	128	<nil>
960	93	37	130	<nil>
960	82	26	108	<nil>
960	85	23	108	<nil>
960	85	25	110	<nil>
960	109	20	129	<nil>
960	110	20	130	<nil>
960	84	24	108	<nil>
960	27179	18	27197	<nil>
960	143	70	213	<nil>
960	62	26	88	<nil>
960	2765	21	2786	<nil>
960	52	25	77	<nil>
960	91	18	109	<nil>
960	84	25	109	<nil>
960	109	18	127	<nil>
960	4927	25	4952	<nil>
960	91	19	110	<nil>
960	90	19	109	<nil>
960	77	32	109	<nil>
960	56	23	79	<nil>
960	115	15	130	<nil>
960	95	16	111	<nil>
960	91	13	104	<nil>
960	3023	19	3042	<nil>
960	5144	20	5164	<nil>
960	237	18	255	<nil>
960	17869	19	17888	<nil>
960	173	19	192	<nil>
960	186	23	209	<nil>
960	222	24	246	<nil>
960	226	24	250	<nil>
960	248	27	275	<nil>
960	183	25	208	<nil>
960	183	25	208	<nil>
960	3016	25	3041	<nil>
960	233	24	257	<nil>
960	235	25	260	<nil>
960	237	26	263	<nil>
960	219	25	244	<nil>
960	2974	26	3000	<nil>
960	220	25	245	<nil>
960	184	25	209	<nil>
960	2965	26	2991	<nil>
960	182	26	208	<nil>
960	210	9	219	<nil>
960	19119	22	19141	<nil>
960	229	25	254	<nil>
960	232	22	254	<nil>
960	234	20	254	<nil>
960	234	20	254	<nil>
960	5160	19	5179	<nil>
960	241	9	250	<nil>
960	201	20	221	<nil>
960	235	20	255	<nil>
960	245	20	265	<nil>
960	189	31	220	<nil>
960	200	23	223	<nil>
960	230	20	250	<nil>
960	229	22	251	<nil>
960	235	19	254	<nil>
960	3010	20	3030	<nil>
960	207	10	217	<nil>
960	240	24	264	<nil>
960	214	8	222	<nil>
960	240	8	248	<nil>
960	245	8	253	<nil>
960	256	12	268	<nil>
960	185	25	210	<nil>
960	213	9	222	<nil>
960	213	8	221	<nil>
960	2984	13	2997	<nil>
960	26572	9	26581	<nil>
960	219	9	228	<nil>
960	261	9	270	<nil>
960	207	14	221	<nil>
960	3029	9	3038	<nil>
960	208	16	224	<nil>
960	217	12	229	<nil>
960	207	18	225	<nil>
960	2993	16	3009	<nil>
960	218	76	294	<nil>
960	251	72	323	<nil>
960	208	87	295	<nil>
960	213	93	306	<nil>
960	5175	106	5281	<nil>
960	225	105	330	<nil>
960	3020	113	3133	<nil>
960	252	105	357	<nil>
960	214	107	321	<nil>
960	17524	104	17628	<nil>
960	17981	104	18085	<nil>
960	225	105	330	<nil>
960	216	106	322	<nil>
960	154	127	281	<nil>
960	265	254	519	<nil>
960	3027	263	3290	<nil>
960	3029	263	3292	<nil>
960	71021	265	71286	<nil>
960	2996	262	3258	<nil>
960	253	260	513	<nil>
960	210	272	482	<nil>
960	208	272	480	<nil>
960	2992	266	3258	<nil>
960	2987	270	3257	<nil>
960	215	267	482	<nil>
960	215	265	480	<nil>
960	241	271	512	<nil>
960	150	272	422	<nil>
960	224	259	483	<nil>
960	9383	268	9651	<nil>
960	234	246	480	<nil>
960	9582	264	9846	<nil>
960	213	272	485	<nil>
960	212	268	480	<nil>
960	212	268	480	<nil>
960	3047	265	3312	<nil>
960	234	245	479	<nil>
960	3072	242	3314	<nil>
960	3016	252	3268	<nil>
960	235	252	487	<nil>
960	3014	252	3266	<nil>
960	269	245	514	<nil>
960	284	245	529	<nil>
960	220	257	477	<nil>
960	10345	257	10602	<nil>
960	246	261	507	<nil>
960	235	251	486	<nil>
960	232	246	478	<nil>
960	5297	252	5549	<nil>
960	235	257	492	<nil>
960	3020	246	3266	<nil>
960	226	253	479	<nil>
960	240	246	486	<nil>
960	248	231	479	<nil>
960	115	217	332	<nil>
960	267	68	335	<nil>
960	5176	80	5256	<nil>
960	18258	69	18327	<nil>
960	273	70	343	<nil>
960	292	57	349	<nil>
960	314	38	352	<nil>
960	300	31	331	<nil>
960	278	69	347	<nil>
960	267	72	339	<nil>
960	264	78	342	<nil>
960	261	79	340	<nil>
960	278	70	348	<nil>
960	268	70	338	<nil>
960	279	75	354	<nil>
960	298	50	348	<nil>
960	320	30	350	<nil>
960	264	84	348	<nil>
960	271	57	328	<nil>
960	267	71	338	<nil>
960	318	31	349	<nil>
960	314	37	351	<nil>
960	313	37	350	<nil>
960	320	32	352	<nil>
960	289	59	348	<nil>
960	317	31	348	<nil>
960	314	37	351	<nil>
960	18829	33	18862	<nil>
960	313	37	350	<nil>
960	314	38	352	<nil>
960	316	32	348	<nil>
960	304	32	336	<nil>
960	5149	31	5180	<nil>
960	319	33	352	<nil>
960	267	71	338	<nil>
960	317	39	356	<nil>
960	30218	31	30249	<nil>
960	322	30	352	<nil>
960	315	30	345	<nil>
960	319	29	348	<nil>
960	313	38	351	<nil>
960	267	91	358	<nil>
960	318	33	351	<nil>
960	5259	30	5289	<nil>
960	5185	30	5215	<nil>
960	307	33	340	<nil>
960	315	38	353	<nil>
960	4940	90	5030	<nil>
960	267	69	336	<nil>
960	320	32	352	<nil>
960	308	37	345	<nil>
960	313	39	352	<nil>
960	18828	36	18864	<nil>
960	25694	38	25732	<nil>
960	314	37	351	<nil>
960	316	33	349	<nil>
960	26926	18	26944	<nil>
960	317	48	365	<nil>
960	238	57	295	<nil>
960	240	56	296	<nil>
960	5503	126	5629	<nil>
960	234	126	360	<nil>
960	233	126	359	<nil>
960	237	122	359	<nil>
960	236	124	360	<nil>
960	233	131	364	<nil>
960	237	127	364	<nil>
960	109	111	220	<nil>
960	98	125	223	<nil>
960	5290	154	5444	<nil>
960	108	115	223	<nil>
960	107	115	222	<nil>
960	111	120	231	<nil>
960	105	123	228	<nil>
960	105	122	227	<nil>
960	109	114	223	<nil>
960	116	105	221	<nil>
960	17948	159	18107	<nil>
960	108	120	228	<nil>
960	110	120	230	<nil>
960	108	121	229	<nil>
960	113	111	224	<nil>
960	113	117	230	<nil>
960	100	130	230	<nil>
960	101	120	221	<nil>
960	101	128	229	<nil>
960	109	117	226	<nil>
960	209	160	369	<nil>
960	107	122	229	<nil>
960	237	162	399	<nil>
960	93	125	218	<nil>
960	90	129	219	<nil>
960	92	136	228	<nil>
960	108	132	240	<nil>
960	92	135	227	<nil>
960	91	183	274	<nil>
960	87	187	274	<nil>
960	94	180	274	<nil>
960	9849	187	10036	<nil>
960	93	188	281	<nil>
960	19293	188	19481	<nil>
960	108	187	295	<nil>
960	89	187	276	<nil>
960	87	202	289	<nil>
960	87	209	296	<nil>
960	68370	120	68490	<nil>
960	105	118	223	<nil>
960	107	119	226	<nil>
960	86	209	295	<nil>
960	119	101	220	<nil>
960	87	210	297	<nil>
960	124	96	220	<nil>
960	124	97	221	<nil>
960	102	211	313	<nil>
960	30291	183	30474	<nil>
960	175	44	219	<nil>
960	71189	211	71400	<nil>
960	102	211	313	<nil>
960	88	206	294	<nil>
960	124	101	225	<nil>
960	118	122	240	<nil>
960	140	123	263	<nil>
960	125	101	226	<nil>
960	124	101	225	<nil>
960	108	120	228	<nil>
960	124	102	226	<nil>
960	122	106	228	<nil>
960	123	106	229	<nil>
960	29887	159	30046	<nil>
960	127	162	289	<nil>
960	167	123	290	<nil>
960	172	117	289	<nil>
960	178	114	292	<nil>
960	177	113	290	<nil>
960	165	127	292	<nil>
960	147	149	296	<nil>
960	163	130	293	<nil>
960	159	127	286	<nil>
960	160	131	291	<nil>
960	176	119	295	<nil>
960	165	129	294	<nil>
960	164	130	294	<nil>
960	1094	155	1249	<nil>
960	138	154	292	<nil>
960	177	125	302	<nil>
960	143	156	299	<nil>
960	178	117	295	<nil>
960	166	136	302	<nil>
960	177	119	296	<nil>
960	165	135	300	<nil>
960	177	126	303	<nil>
960	165	138	303	<nil>
960	144	156	300	<nil>
960	170	125	295	<nil>
960	129	147	276	<nil>
960	144	157	301	<nil>
960	1159	140	1299	<nil>
960	66	157	223	<nil>
960	164	139	303	<nil>
960	1092	162	1254	<nil>
960	147	160	307	<nil>
960	144	159	303	<nil>
960	138	160	298	<nil>
960	167	140	307	<nil>
960	170	129	299	<nil>
960	1096	161	1257	<nil>
960	154	151	305	<nil>
960	138	161	299	<nil>
960	159	140	299	<nil>
960	174	132	306	<nil>
960	2649	116	2765	<nil>
960	2634	132	2766	<nil>
960	80	128	208	<nil>
960	90	118	208	<nil>
960	75	133	208	<nil>
960	8968	121	9089	<nil>
960	18456	121	18577	<nil>
960	73	118	191	<nil>
960	74	119	193	<nil>
960	58	117	175	<nil>
960	2891	118	3009	<nil>
960	2822	101	2923	<nil>
960	60	119	179	<nil>
960	75	105	180	<nil>
960	80	101	181	<nil>
960	80	102	182	<nil>
960	80	102	182	<nil>
960	84	102	186	<nil>
960	80	103	183	<nil>
960	79	103	182	<nil>
960	79	103	182	<nil>
960	3041	104	3145	<nil>
960	79	104	183	<nil>
960	2740	40	2780	<nil>
960	146	40	186	<nil>
960	81	105	186	<nil>
960	147	42	189	<nil>
960	85	105	190	<nil>
960	144	43	187	<nil>
960	144	42	186	<nil>
960	145	42	187	<nil>
960	143	44	187	<nil>
960	144	43	187	<nil>
960	5558	43	5601	<nil>
960	1116	59	1175	<nil>
960	5462	58	5520	<nil>
960	80	59	139	<nil>
960	85	54	139	<nil>
960	1087	59	1146	<nil>
960	72	45	117	<nil>
960	2745	47	2792	<nil>
960	1079	67	1146	<nil>
960	86	54	140	<nil>
960	70	46	116	<nil>
960	1087	59	1146	<nil>
960	2811	47	2858	<nil>
960	60	43	103	<nil>
960	77	44	121	<nil>
960	74	47	121	<nil>
960	77	40	117	<nil>
960	65	44	109	<nil>
960	1087	35	1122	<nil>
960	74	37	111	<nil>
960	69	37	106	<nil>
960	75	35	110	<nil>
960	1079	37	1116	<nil>
960	1079	37	1116	<nil>
960	70	37	107	<nil>
960	65	39	104	<nil>
960	72	38	110	<nil>
960	69	38	107	<nil>
960	2989	39	3028	<nil>
960	70	38	108	<nil>
960	69	39	108	<nil>
960	67	39	106	<nil>
960	1078	40	1118	<nil>
960	72	39	111	<nil>
960	211	19	230	<nil>
960	249	22	271	<nil>
960	261	25	286	<nil>
960	233	26	259	<nil>
960	6092	21	6113	<nil>
960	250	18	268	<nil>
960	305	25	330	<nil>
960	296	28	324	<nil>
960	1312	22	1334	<nil>
960	1309	22	1331	<nil>
960	3011	28	3039	<nil>
960	232	31	263	<nil>
960	260	19	279	<nil>
960	230	31	261	<nil>
960	256	28	284	<nil>
960	20322	29	20351	<nil>
960	260	34	294	<nil>
960	1314	30	1344	<nil>
960	254	28	282	<nil>
960	230	31	261	<nil>
960	256	24	280	<nil>
960	255	29	284	<nil>
960	3009	35	3044	<nil>
960	9100	39	9139	<nil>
960	264	24	288	<nil>
960	3414	48	3462	<nil>
960	1329	33	1362	<nil>
960	251	29	280	<nil>
960	263	35	298	<nil>
960	9732	34	9766	<nil>
960	272	35	307	<nil>
960	1318	26	1344	<nil>
960	1312	39	1351	<nil>
960	241	41	282	<nil>
960	231	40	271	<nil>
960	263	44	307	<nil>
960	267	40	307	<nil>
960	272	44	316	<nil>
960	1329	41	1370	<nil>
960	301	46	347	<nil>
960	3014	51	3065	<nil>
960	261	44	305	<nil>
960	268	59	327	<nil>
960	3181	43	3224	<nil>
960	236	52	288	<nil>
960	290	12	302	<nil>
960	288	59	347	<nil>
960	300	28	328	<nil>
960	268	26	294	<nil>
960	264	27	291	<nil>
960	303	25	328	<nil>
960	267	27	294	<nil>
960	267	27	294	<nil>
960	305	28	333	<nil>
960	3477	28	3505	<nil>
960	3218	26	3244	<nil>
960	285	29	314	<nil>
960	284	27	311	<nil>
960	300	26	326	<nil>
960	301	28	329	<nil>
960	279	29	308	<nil>
960	254	43	297	<nil>
960	301	59	360	<nil>
960	288	65	353	<nil>
960	1193	65	1258	<nil>
960	297	60	357	<nil>
960	26344	61	26405	<nil>
960	296	60	356	<nil>
960	266	11	277	<nil>
960	309	71	380	<nil>
960	3226	70	3296	<nil>
960	1205	82	1287	<nil>
960	1263	84	1347	<nil>
960	3093	106	3199	<nil>
960	316	82	398	<nil>
960	300	84	384	<nil>
960	3070	82	3152	<nil>
960	287	83	370	<nil>
960	278	82	360	<nil>
960	276	89	365	<nil>
960	309	85	394	<nil>
960	9407	90	9497	<nil>
960	1195	107	1302	<nil>
960	326	101	427	<nil>
960	289	117	406	<nil>
960	327	110	437	<nil>
960	306	99	405	<nil>
960	306	107	413	<nil>
960	273	128	401	<nil>
960	293	107	400	<nil>
960	272	126	398	<nil>
960	30967	116	31083	<nil>
960	3453	160	3613	<nil>
960	294	175	469	<nil>
960	5813	195	6008	<nil>
960	297	188	485	<nil>
960	289	221	510	<nil>
960	278	234	512	<nil>
960	1481	0	1481	rpc error: code = Unavailable desc = transport is closing
960	2484	0	2484	rpc error: code = Unavailable desc = transport is closing
960	317	234	551	<nil>
960	1335	0	1335	rpc error: code = Unavailable desc = transport is closing
960	1495	0	1495	rpc error: code = Unavailable desc = transport is closing
960	1492	0	1492	rpc error: code = Unavailable desc = transport is closing
960	3042	0	3042	rpc error: code = Unavailable desc = transport is closing
960	3823	0	3823	rpc error: code = Unavailable desc = transport is closing
960	2470	0	2470	rpc error: code = Unavailable desc = transport is closing
960	292	259	551	<nil>
960	4138	0	4138	rpc error: code = Unavailable desc = transport is closing
960	1554	0	1554	rpc error: code = Unavailable desc = transport is closing
960	1554	0	1554	rpc error: code = Unavailable desc = transport is closing
960	1495	0	1495	rpc error: code = Unavailable desc = transport is closing
960	1553	0	1553	rpc error: code = Unavailable desc = transport is closing
960	1553	0	1553	rpc error: code = Unavailable desc = transport is closing
960	382	178	560	<nil>
960	292	290	582	<nil>
960	264	290	554	<nil>
960	322	268	590	<nil>
960	15163	0	15163	rpc error: code = Unavailable desc = transport is closing
960	1720	0	1720	rpc error: code = Unavailable desc = transport is closing
960	1727	0	1727	rpc error: code = Unavailable desc = transport is closing
960	297	743	1040	<nil>
960	1723	0	1723	rpc error: code = Unavailable desc = transport is closing
960	1726	0	1726	rpc error: code = Unavailable desc = transport is closing
960	1733	0	1733	rpc error: code = Unavailable desc = transport is closing
960	1722	0	1722	rpc error: code = Unavailable desc = transport is closing
960	1722	0	1722	rpc error: code = Unavailable desc = transport is closing
960	4153	0	4153	rpc error: code = Unavailable desc = transport is closing
960	275	0	275	rpc error: code = Unavailable desc = transport is closing
960	1723	0	1723	rpc error: code = Unavailable desc = transport is closing
960	1369	0	1369	rpc error: code = Unavailable desc = transport is closing
960	1723	0	1723	rpc error: code = Unavailable desc = transport is closing
960	1719	0	1719	rpc error: code = Unavailable desc = transport is closing
960	108	682	790	<nil>
960	104	0	104	rpc error: code = Unavailable desc = transport is closing
960	1725	0	1725	rpc error: code = Unavailable desc = transport is closing
960	2677	0	2677	rpc error: code = Unavailable desc = transport is closing
960	7027	0	7027	rpc error: code = Unavailable desc = transport is closing
960	2673	0	2673	rpc error: code = Unavailable desc = transport is closing
960	3364	628	3992	<nil>
960	3088	0	3088	rpc error: code = Unavailable desc = transport is closing
960	173	602	775	<nil>
960	1301	0	1301	rpc error: code = Unavailable desc = transport is closing
960	14693	0	14693	rpc error: code = Unavailable desc = transport is closing
960	164	619	783	<nil>
960	145	634	779	<nil>
960	3068	0	3068	rpc error: code = Unavailable desc = transport is closing
960	3480	0	3480	rpc error: code = Unavailable desc = transport is closing
960	201	577	778	<nil>
960	242	558	800	<nil>
960	76	0	76	rpc error: code = Unavailable desc = transport is closing
960	189	0	189	rpc error: code = Unavailable desc = transport is closing
960	29343	0	29343	rpc error: code = Unavailable desc = transport is closing
960	1454	0	1454	rpc error: code = Unavailable desc = transport is closing
960	223	0	223	rpc error: code = Unavailable desc = transport is closing
960	1416	0	1416	rpc error: code = Unavailable desc = transport is closing
960	1552	0	1552	rpc error: code = Unavailable desc = transport is closing
960	1580	0	1580	rpc error: code = Unavailable desc = transport is closing
960	262	0	262	rpc error: code = Unavailable desc = transport is closing
960	282	589	871	<nil>
960	1377	0	1377	rpc error: code = Unavailable desc = transport is closing
960	1383	0	1383	rpc error: code = Unavailable desc = transport is closing
960	188	0	188	rpc error: code = Unavailable desc = transport is closing
960	789	95	884	<nil>
960	1391	0	1391	rpc error: code = Unavailable desc = transport is closing
960	187	0	187	rpc error: code = Unavailable desc = transport is closing
960	3114	0	3114	rpc error: code = Unavailable desc = transport is closing
960	1382	0	1382	rpc error: code = Unavailable desc = transport is closing
960	1406	0	1406	rpc error: code = Unavailable desc = transport is closing
960	1543	0	1543	rpc error: code = Unavailable desc = transport is closing
960	7115	0	7115	rpc error: code = Unavailable desc = transport is closing
960	1415	0	1415	rpc error: code = Unavailable desc = transport is closing
960	1380	0	1380	rpc error: code = Unavailable desc = transport is closing
960	2491	0	2491	rpc error: code = Unavailable desc = transport is closing
960	1560	0	1560	rpc error: code = Unavailable desc = transport is closing
960	1423	0	1423	rpc error: code = Unavailable desc = transport is closing
960	184	0	184	rpc error: code = Unavailable desc = transport is closing
960	1409	0	1409	rpc error: code = Unavailable desc = transport is closing
960	1532	0	1532	rpc error: code = Unavailable desc = transport is closing
960	737	104	841	<nil>
960	2332	0	2332	rpc error: code = Unavailable desc = transport is closing
960	1378	0	1378	rpc error: code = Unavailable desc = transport is closing
960	144	0	144	rpc error: code = Unavailable desc = transport is closing
960	1377	0	1377	rpc error: code = Unavailable desc = transport is closing
960	6045	0	6045	rpc error: code = Unavailable desc = transport is closing
960	2777	0	2777	rpc error: code = Unavailable desc = transport is closing
960	157	0	157	rpc error: code = Unavailable desc = transport is closing
960	1377	0	1377	rpc error: code = Unavailable desc = transport is closing
960	1486	0	1486	rpc error: code = Unavailable desc = transport is closing
960	6746	0	6746	rpc error: code = Unavailable desc = transport is closing
960	19269	0	19269	rpc error: code = Unavailable desc = transport is closing
960	1377	0	1377	rpc error: code = Unavailable desc = transport is closing
960	151	0	151	rpc error: code = Unavailable desc = transport is closing
960	136	0	136	rpc error: code = Unavailable desc = transport is closing
960	16914	0	16914	rpc error: code = Unavailable desc = transport is closing
960	1382	0	1382	rpc error: code = Unavailable desc = transport is closing
960	212	0	212	rpc error: code = Unavailable desc = transport is closing
960	1421	0	1421	rpc error: code = Unavailable desc = transport is closing
960	1408	0	1408	rpc error: code = Unavailable desc = transport is closing
960	1394	0	1394	rpc error: code = Unavailable desc = transport is closing
960	1382	0	1382	rpc error: code = Unavailable desc = transport is closing
960	4106	0	4106	rpc error: code = Unavailable desc = transport is closing
960	285	577	862	<nil>
960	1553	0	1553	rpc error: code = Unavailable desc = transport is closing
960	1421	0	1421	rpc error: code = Unavailable desc = transport is closing
960	1398	0	1398	rpc error: code = Unavailable desc = transport is closing
960	1550	0	1550	rpc error: code = Unavailable desc = transport is closing
960	4217	0	4217	rpc error: code = Unavailable desc = transport is closing
960	1382	0	1382	rpc error: code = Unavailable desc = transport is closing
960	27818	602	28420	<nil>
960	4174	0	4174	rpc error: code = Unavailable desc = transport is closing
960	4233	0	4233	rpc error: code = Unavailable desc = transport is closing
960	1378	0	1378	rpc error: code = Unavailable desc = transport is closing
960	17988	0	17988	rpc error: code = Unavailable desc = transport is closing
960	1406	0	1406	rpc error: code = Unavailable desc = transport is closing
960	1565	0	1565	rpc error: code = Unavailable desc = transport is closing
960	1407	0	1407	rpc error: code = Unavailable desc = transport is closing
960	4193	0	4193	rpc error: code = Unavailable desc = transport is closing
960	1400	0	1400	rpc error: code = Unavailable desc = transport is closing
960	1377	0	1377	rpc error: code = Unavailable desc = transport is closing
960	1378	0	1378	rpc error: code = Unavailable desc = transport is closing
960	1406	0	1406	rpc error: code = Unavailable desc = transport is closing
960	262	0	262	rpc error: code = Unavailable desc = transport is closing
960	1497	0	1497	rpc error: code = Unavailable desc = transport is closing
960	1394	0	1394	rpc error: code = Unavailable desc = transport is closing
960	3764	577	4341	<nil>
960	276	579	855	<nil>
960	188	0	188	rpc error: code = Unavailable desc = transport is closing
960	282	583	865	<nil>
960	1381	0	1381	rpc error: code = Unavailable desc = transport is closing
960	282	579	861	<nil>
960	197	0	197	rpc error: code = Unavailable desc = transport is closing
960	189	0	189	rpc error: code = Unavailable desc = transport is closing
960	289	578	867	<nil>
960	229	0	229	rpc error: code = Unavailable desc = transport is closing
960	241	0	241	rpc error: code = Unavailable desc = transport is closing
960	278	581	859	<nil>
960	19771	579	20350	<nil>
960	4119	0	4119	rpc error: code = Unavailable desc = transport is closing
960	287	586	873	<nil>
960	220	0	220	rpc error: code = Unavailable desc = transport is closing
960	281	586	867	<nil>
960	5159	0	5159	rpc error: code = Unavailable desc = transport is closing
960	276	579	855	<nil>
960	145	0	145	rpc error: code = Unavailable desc = transport is closing
960	289	585	874	<nil>
960	227	0	227	rpc error: code = Unavailable desc = transport is closing
960	282	585	867	<nil>
960	217	0	217	rpc error: code = Unavailable desc = transport is closing
960	219	0	219	rpc error: code = Unavailable desc = transport is closing
960	290	590	880	<nil>
960	224	590	814	<nil>
960	26631	592	27223	<nil>
960	291	592	883	<nil>
960	289	590	879	<nil>
960	305	591	896	<nil>
960	772	102	874	<nil>
960	185	0	185	rpc error: code = Unavailable desc = transport is closing
960	187	0	187	rpc error: code = Unavailable desc = transport is closing
960	773	105	878	<nil>
960	4240	108	4348	<nil>
960	281	590	871	<nil>
960	769	109	878	<nil>
960	771	103	874	<nil>
960	763	108	871	<nil>
960	197	0	197	rpc error: code = Unavailable desc = transport is closing
960	277	579	856	<nil>
960	282	579	861	<nil>
960	772	106	878	<nil>
960	1395	0	1395	rpc error: code = Unavailable desc = transport is closing
960	836	44	880	<nil>
960	150	0	150	rpc error: code = Unavailable desc = transport is closing
960	793	117	910	<nil>
960	842	52	894	<nil>
960	1377	0	1377	rpc error: code = Unavailable desc = transport is closing
960	4106	0	4106	rpc error: code = Unavailable desc = transport is closing
960	279	578	857	<nil>
960	2387	0	2387	rpc error: code = Unavailable desc = transport is closing
960	1803	67	1870	<nil>
960	149	0	149	rpc error: code = Unavailable desc = transport is closing
960	837	72	909	<nil>
960	1408	0	1408	rpc error: code = Unavailable desc = transport is closing
960	856	73	929	<nil>
960	1734	151	1885	<nil>
960	806	124	930	<nil>
960	4268	123	4391	<nil>
960	1737	139	1876	<nil>
960	773	139	912	<nil>
960	1839	257	2096	<nil>
960	1839	257	2096	<nil>
960	1841	261	2102	<nil>
960	31823	258	32081	<nil>
960	889	259	1148	<nil>
960	811	258	1069	<nil>
960	856	277	1133	<nil>
960	1842	266	2108	<nil>
960	784	273	1057	<nil>
960	3942	275	4217	<nil>
960	766	274	1040	<nil>
960	873	276	1149	<nil>
960	1841	277	2118	<nil>
960	1845	275	2120	<nil>
960	779	305	1084	<nil>
960	786	297	1083	<nil>
960	785	300	1085	<nil>
960	1859	291	2150	<nil>
960	806	287	1093	<nil>
960	793	304	1097	<nil>
960	789	332	1121	<nil>
960	789	340	1129	<nil>
960	5592	0	5592	rpc error: code = Unavailable desc = transport is closing
960	172245	0	172245	rpc error: code = Unavailable desc = transport is closing
960	18667	0	18667	rpc error: code = Unavailable desc = transport is closing
960	788	346	1134	<nil>
960	29245	0	29245	rpc error: code = Unavailable desc = transport is closing
960	782	354	1136	<nil>
960	789	342	1131	<nil>
960	785	350	1135	<nil>
960	786	378	1164	<nil>
960	783	390	1173	<nil>
960	774	400	1174	<nil>
960	793	386	1179	<nil>
960	769	379	1148	<nil>
960	782	393	1175	<nil>
960	791	388	1179	<nil>
960	19041	384	19425	<nil>
960	1743	394	2137	<nil>
960	1764	387	2151	<nil>
960	786	390	1176	<nil>
960	782	395	1177	<nil>
960	790	387	1177	<nil>
960	686	421	1107	<nil>
960	19123	404	19527	<nil>
960	681	422	1103	<nil>
960	783	428	1211	<nil>
960	10663	415	11078	<nil>
960	5825	403	6228	<nil>
960	673	406	1079	<nil>
960	650	402	1052	<nil>
960	649	402	1051	<nil>
960	626	408	1034	<nil>
960	652	401	1053	<nil>
960	651	401	1052	<nil>
960	5827	397	6224	<nil>
960	650	401	1051	<nil>
960	619	408	1027	<nil>
960	650	401	1051	<nil>
960	617	422	1039	<nil>
960	617	452	1069	<nil>
960	711	359	1070	<nil>
960	667	406	1073	<nil>
960	5818	457	6275	<nil>
960	713	361	1074	<nil>
960	696	382	1078	<nil>
960	692	381	1073	<nil>
960	753	320	1073	<nil>
960	9703	425	10128	<nil>
960	9834	305	10139	<nil>
960	1228	408	1636	<nil>
960	1401	345	1746	<nil>
960	10360	387	10747	<nil>
960	1250	410	1660	<nil>
960	2825	344	3169	<nil>
960	1338	410	1748	<nil>
960	5773	291	6064	<nil>
960	619	455	1074	<nil>
960	1333	325	1658	<nil>
960	152	440	592	<nil>
960	1330	418	1748	<nil>
960	5981	308	6289	<nil>
960	1694	278	1972	<nil>
960	28635	280	28915	<nil>
960	1709	265	1974	<nil>
960	1207	432	1639	<nil>
960	341	256	597	<nil>
960	5823	305	6128	<nil>
960	1399	308	1707	<nil>
960	1739	0	1739	rpc error: code = Unavailable desc = transport is closing
960	6097	311	6408	<nil>
960	1413	315	1728	<nil>
960	361	326	687	<nil>
960	6823	325	7148	<nil>
960	1414	326	1740	<nil>
960	371	326	697	<nil>
960	1747	327	2074	<nil>
960	1714	0	1714	rpc error: code = Unavailable desc = transport is closing
960	1524	327	1851	<nil>
960	1525	328	1853	<nil>
960	5841	328	6169	<nil>
960	372	328	700	<nil>
960	10525	328	10853	<nil>
960	6077	0	6077	rpc error: code = Unavailable desc = transport is closing
960	2736	0	2736	rpc error: code = Unavailable desc = transport is closing
960	327	0	327	rpc error: code = Unavailable desc = transport is closing
960	3007	0	3007	rpc error: code = Unavailable desc = transport is closing
960	3009	0	3009	rpc error: code = Unavailable desc = transport is closing
960	343	0	343	rpc error: code = Unavailable desc = transport is closing
960	355	0	355	rpc error: code = Unavailable desc = transport is closing
960	360	0	360	rpc error: code = Unavailable desc = transport is closing
960	333	0	333	rpc error: code = Unavailable desc = transport is closing
960	351	0	351	rpc error: code = Unavailable desc = transport is closing
960	3050	0	3050	rpc error: code = Unavailable desc = transport is closing
960	356	0	356	rpc error: code = Unavailable desc = transport is closing
960	354	0	354	rpc error: code = Unavailable desc = transport is closing
960	317	0	317	rpc error: code = Unavailable desc = transport is closing
960	324	0	324	rpc error: code = Unavailable desc = transport is closing
960	3053	0	3053	rpc error: code = Unavailable desc = transport is closing
960	2681	0	2681	rpc error: code = Unavailable desc = transport is closing
960	346	0	346	rpc error: code = Unavailable desc = transport is closing
960	506	242	748	<nil>
960	495	250	745	<nil>
960	2856	225	3081	<nil>
960	6145	209	6354	<nil>
960	2822	226	3048	<nil>
960	6132	227	6359	<nil>
960	504	228	732	<nil>
960	2989	228	3217	<nil>
960	3290	207	3497	<nil>
960	3264	221	3485	<nil>
960	515	222	737	<nil>
960	3240	221	3461	<nil>
960	528	228	756	<nil>
960	5858	223	6081	<nil>
960	2641	211	2852	<nil>
960	2892	226	3118	<nil>
960	509	229	738	<nil>
960	5871	257	6128	<nil>
960	3013	260	3273	<nil>
960	1341	242	1583	<nil>
960	355	232	587	<nil>
960	364	212	576	<nil>
960	366	208	574	<nil>
960	1367	209	1576	<nil>
960	371	160	531	<nil>
960	2984	172	3156	<nil>
960	3170	719	3889	<nil>
960	393	717	1110	<nil>
960	2812	718	3530	<nil>
960	396	719	1115	<nil>
960	2803	718	3521	<nil>
960	314	697	1011	<nil>
960	2918	697	3615	<nil>
960	334	700	1034	<nil>
960	334	699	1033	<nil>
960	367	702	1069	<nil>
960	288	691	979	<nil>
960	2834	691	3525	<nil>
960	312	700	1012	<nil>
960	289	689	978	<nil>
960	288	690	978	<nil>
960	287	690	977	<nil>
960	413	0	413	rpc error: code = Unavailable desc = transport is closing
960	413	0	413	rpc error: code = Unavailable desc = transport is closing
960	420	0	420	rpc error: code = Unavailable desc = transport is closing
960	292	0	292	rpc error: code = Unavailable desc = transport is closing
960	386	0	386	rpc error: code = Unavailable desc = transport is closing
960	357	0	357	rpc error: code = Unavailable desc = transport is closing
960	377	0	377	rpc error: code = Unavailable desc = transport is closing
960	5227	0	5227	rpc error: code = Unavailable desc = transport is closing
960	3092	0	3092	rpc error: code = Unavailable desc = transport is closing
960	267	0	267	rpc error: code = Unavailable desc = transport is closing
960	356	0	356	rpc error: code = Unavailable desc = transport is closing
960	353	0	353	rpc error: code = Unavailable desc = transport is closing
960	388	0	388	rpc error: code = Unavailable desc = transport is closing
960	4341	0	4341	rpc error: code = Unavailable desc = transport is closing
960	418	0	418	rpc error: code = Unavailable desc = transport is closing
960	399	0	399	rpc error: code = Unavailable desc = transport is closing
960	291	0	291	rpc error: code = Unavailable desc = transport is closing
960	332	0	332	rpc error: code = Unavailable desc = transport is closing
960	340	0	340	rpc error: code = Unavailable desc = transport is closing
960	269	0	269	rpc error: code = Unavailable desc = transport is closing
960	288	0	288	rpc error: code = Unavailable desc = transport is closing
960	395	0	395	rpc error: code = Unavailable desc = transport is closing
960	399	0	399	rpc error: code = Unavailable desc = transport is closing
960	271	0	271	rpc error: code = Unavailable desc = transport is closing
960	289	0	289	rpc error: code = Unavailable desc = transport is closing
960	386	0	386	rpc error: code = Unavailable desc = transport is closing
960	357	0	357	rpc error: code = Unavailable desc = transport is closing
960	2992	0	2992	rpc error: code = Unavailable desc = transport is closing
960	357	0	357	rpc error: code = Unavailable desc = transport is closing
960	231	0	231	rpc error: code = Unavailable desc = transport is closing
960	20230	718	20948	<nil>
960	291	717	1008	<nil>
960	416	0	416	rpc error: code = Unavailable desc = transport is closing
960	360	0	360	rpc error: code = Unavailable desc = transport is closing
960	312	0	312	rpc error: code = Unavailable desc = transport is closing
960	3192	0	3192	rpc error: code = Unavailable desc = transport is closing
960	452	0	452	rpc error: code = Unavailable desc = transport is closing
960	313	0	313	rpc error: code = Unavailable desc = transport is closing
960	312	0	312	rpc error: code = Unavailable desc = transport is closing
960	452	0	452	rpc error: code = Unavailable desc = transport is closing
960	499	0	499	rpc error: code = Unavailable desc = transport is closing
960	289	785	1074	<nil>
960	312	0	312	rpc error: code = Unavailable desc = transport is closing
960	312	0	312	rpc error: code = Unavailable desc = transport is closing
960	3200	0	3200	rpc error: code = Unavailable desc = transport is closing
960	436	0	436	rpc error: code = Unavailable desc = transport is closing
960	397	0	397	rpc error: code = Unavailable desc = transport is closing
960	3216	0	3216	rpc error: code = Unavailable desc = transport is closing
960	437	0	437	rpc error: code = Unavailable desc = transport is closing
960	6090	0	6090	rpc error: code = Unavailable desc = transport is closing
960	255	0	255	rpc error: code = Unavailable desc = transport is closing
960	460	0	460	rpc error: code = Unavailable desc = transport is closing
960	6093	0	6093	rpc error: code = Unavailable desc = transport is closing
960	3131	0	3131	rpc error: code = Unavailable desc = transport is closing
960	288	0	288	rpc error: code = Unavailable desc = transport is closing
960	486	0	486	rpc error: code = Unavailable desc = transport is closing
960	373	0	373	rpc error: code = Unavailable desc = transport is closing
960	376	0	376	rpc error: code = Unavailable desc = transport is closing
960	287	0	287	rpc error: code = Unavailable desc = transport is closing
960	334	0	334	rpc error: code = Unavailable desc = transport is closing
960	393	0	393	rpc error: code = Unavailable desc = transport is closing
960	255	0	255	rpc error: code = Unavailable desc = transport is closing
960	3093	0	3093	rpc error: code = Unavailable desc = transport is closing
960	5990	0	5990	rpc error: code = Unavailable desc = transport is closing
960	334	0	334	rpc error: code = Unavailable desc = transport is closing
960	486	0	486	rpc error: code = Unavailable desc = transport is closing
960	522	0	522	rpc error: code = Unavailable desc = transport is closing
960	332	0	332	rpc error: code = Unavailable desc = transport is closing
960	480	0	480	rpc error: code = Unavailable desc = transport is closing
960	490	0	490	rpc error: code = Unavailable desc = transport is closing
960	386	0	386	rpc error: code = Unavailable desc = transport is closing
960	9387	0	9387	rpc error: code = Unavailable desc = transport is closing
960	460	0	460	rpc error: code = Unavailable desc = transport is closing
960	420	0	420	rpc error: code = Unavailable desc = transport is closing
960	402	0	402	rpc error: code = Unavailable desc = transport is closing
960	521	0	521	rpc error: code = Unavailable desc = transport is closing
960	2823	0	2823	rpc error: code = Unavailable desc = transport is closing
960	368	0	368	rpc error: code = Unavailable desc = transport is closing
960	398	0	398	rpc error: code = Unavailable desc = transport is closing
960	3250	0	3250	rpc error: code = Unavailable desc = transport is closing
960	270	815	1085	<nil>
960	369	0	369	rpc error: code = Unavailable desc = transport is closing
960	397	0	397	rpc error: code = Unavailable desc = transport is closing
960	2749	0	2749	rpc error: code = Unavailable desc = transport is closing
960	2837	0	2837	rpc error: code = Unavailable desc = transport is closing
960	505	0	505	rpc error: code = Unavailable desc = transport is closing
960	393	0	393	rpc error: code = Unavailable desc = transport is closing
960	504	0	504	rpc error: code = Unavailable desc = transport is closing
960	288	0	288	rpc error: code = Unavailable desc = transport is closing
960	519	0	519	rpc error: code = Unavailable desc = transport is closing
960	471	0	471	rpc error: code = Unavailable desc = transport is closing
960	369	0	369	rpc error: code = Unavailable desc = transport is closing
960	396	0	396	rpc error: code = Unavailable desc = transport is closing
960	373	0	373	rpc error: code = Unavailable desc = transport is closing
960	1326	0	1326	rpc error: code = Unavailable desc = transport is closing
960	2713	0	2713	rpc error: code = Unavailable desc = transport is closing
960	418	0	418	rpc error: code = Unavailable desc = transport is closing
960	420	0	420	rpc error: code = Unavailable desc = transport is closing
960	398	0	398	rpc error: code = Unavailable desc = transport is closing
960	372	0	372	rpc error: code = Unavailable desc = transport is closing
960	500	0	500	rpc error: code = Unavailable desc = transport is closing
960	290	814	1104	<nil>
960	287	815	1102	<nil>
960	205	809	1014	<nil>
960	332	0	332	rpc error: code = Unavailable desc = transport is closing
960	6533	0	6533	rpc error: code = Unavailable desc = transport is closing
960	368	0	368	rpc error: code = Unavailable desc = transport is closing
960	367	0	367	rpc error: code = Unavailable desc = transport is closing
960	367	0	367	rpc error: code = Unavailable desc = transport is closing
960	2742	0	2742	rpc error: code = Unavailable desc = transport is closing
960	394	0	394	rpc error: code = Unavailable desc = transport is closing
960	395	0	395	rpc error: code = Unavailable desc = transport is closing
960	494	0	494	rpc error: code = Unavailable desc = transport is closing
960	398	0	398	rpc error: code = Unavailable desc = transport is closing
960	256	0	256	rpc error: code = Unavailable desc = transport is closing
960	3118	0	3118	rpc error: code = Unavailable desc = transport is closing
960	501	0	501	rpc error: code = Unavailable desc = transport is closing
960	290	823	1113	<nil>
960	506	0	506	rpc error: code = Unavailable desc = transport is closing
960	368	0	368	rpc error: code = Unavailable desc = transport is closing
960	481	0	481	rpc error: code = Unavailable desc = transport is closing
960	7228	0	7228	rpc error: code = Unavailable desc = transport is closing
960	3152	0	3152	rpc error: code = Unavailable desc = transport is closing
960	2870	0	2870	rpc error: code = Unavailable desc = transport is closing
960	2991	0	2991	rpc error: code = Unavailable desc = transport is closing
960	3164	0	3164	rpc error: code = Unavailable desc = transport is closing
960	519	0	519	rpc error: code = Unavailable desc = transport is closing
960	19571	0	19571	rpc error: code = Unavailable desc = transport is closing
960	508	0	508	rpc error: code = Unavailable desc = transport is closing
960	453	0	453	rpc error: code = Unavailable desc = transport is closing
960	491	0	491	rpc error: code = Unavailable desc = transport is closing
960	5814	0	5814	rpc error: code = Unavailable desc = transport is closing
960	4530	0	4530	rpc error: code = Unavailable desc = transport is closing
960	441	0	441	rpc error: code = Unavailable desc = transport is closing
960	368	0	368	rpc error: code = Unavailable desc = transport is closing
960	447	0	447	rpc error: code = Unavailable desc = transport is closing
960	6973	0	6973	rpc error: code = Unavailable desc = transport is closing
960	484	0	484	rpc error: code = Unavailable desc = transport is closing
960	5415	0	5415	rpc error: code = Unavailable desc = transport is closing
960	6307	0	6307	rpc error: code = Unavailable desc = transport is closing
960	461	0	461	rpc error: code = Unavailable desc = transport is closing
960	7047	0	7047	rpc error: code = Unavailable desc = transport is closing
960	420	0	420	rpc error: code = Unavailable desc = transport is closing
960	410	0	410	rpc error: code = Unavailable desc = transport is closing
960	369	0	369	rpc error: code = Unavailable desc = transport is closing
960	524	0	524	rpc error: code = Unavailable desc = transport is closing
960	396	0	396	rpc error: code = Unavailable desc = transport is closing
960	390	0	390	rpc error: code = Unavailable desc = transport is closing
960	506	0	506	rpc error: code = Unavailable desc = transport is closing
960	2984	0	2984	rpc error: code = Unavailable desc = transport is closing
960	287	822	1109	<nil>
960	463	0	463	rpc error: code = Unavailable desc = transport is closing
960	484	0	484	rpc error: code = Unavailable desc = transport is closing
960	3138	0	3138	rpc error: code = Unavailable desc = transport is closing
960	293	823	1116	<nil>
960	259	746	1005	<nil>
960	530	0	530	rpc error: code = Unavailable desc = transport is closing
960	513	0	513	rpc error: code = Unavailable desc = transport is closing
960	333	0	333	rpc error: code = Unavailable desc = transport is closing
960	19313	823	20136	<nil>
960	334	0	334	rpc error: code = Unavailable desc = transport is closing
960	540	0	540	rpc error: code = Unavailable desc = transport is closing
960	539	0	539	rpc error: code = Unavailable desc = transport is closing
960	536	0	536	rpc error: code = Unavailable desc = transport is closing
960	259	776	1035	<nil>
960	288	858	1146	<nil>
960	213	862	1075	<nil>
960	291	867	1158	<nil>
960	259	827	1086	<nil>
960	357	0	357	rpc error: code = Unavailable desc = transport is closing
960	1371	0	1371	rpc error: code = Unavailable desc = transport is closing
960	2787	0	2787	rpc error: code = Unavailable desc = transport is closing
960	369	0	369	rpc error: code = Unavailable desc = transport is closing
960	213	891	1104	<nil>
960	227	892	1119	<nil>
960	227	892	1119	<nil>
960	258	849	1107	<nil>
960	205	892	1097	<nil>
960	256	933	1189	<nil>
960	202	956	1158	<nil>
960	5704	959	6663	<nil>
960	202	958	1160	<nil>
960	202	960	1162	<nil>
960	186	960	1146	<nil>
960	186	960	1146	<nil>
960	756	362	1118	<nil>
960	754	374	1128	<nil>
960	756	374	1130	<nil>
960	757	373	1130	<nil>
960	760	372	1132	<nil>
960	759	373	1132	<nil>
960	758	373	1131	<nil>
960	755	376	1131	<nil>
960	760	373	1133	<nil>
960	757	374	1131	<nil>
960	18948	372	19320	<nil>
960	9308	372	9680	<nil>
960	803	256	1059	<nil>
960	803	258	1061	<nil>
960	803	259	1062	<nil>
960	961	38	999	<nil>
960	962	36	998	<nil>
960	813	213	1026	<nil>
960	771	290	1061	<nil>
960	813	258	1071	<nil>
960	803	257	1060	<nil>
960	956	37	993	<nil>
960	965	36	1001	<nil>
960	835	185	1020	<nil>
960	790	276	1066	<nil>
960	776	259	1035	<nil>
960	10109	262	10371	<nil>
960	806	257	1063	<nil>
960	10132	270	10402	<nil>
960	806	269	1075	<nil>
960	372	26	398	<nil>
960	793	232	1025	<nil>
960	362	27	389	<nil>
960	373	27	400	<nil>
960	805	270	1075	<nil>
960	799	270	1069	<nil>
960	361	15	376	<nil>
960	778	270	1048	<nil>
960	375	30	405	<nil>
960	376	24	400	<nil>
960	18830	29	18859	<nil>
960	958	50	1008	<nil>
960	373	32	405	<nil>
960	379	32	411	<nil>
960	375	32	407	<nil>
960	373	17	390	<nil>
960	375	31	406	<nil>
960	3180	32	3212	<nil>
960	73355	31	73386	<nil>
960	963	50	1013	<nil>
960	1384	37	1421	<nil>
960	347	13	360	<nil>
960	373	24	397	<nil>
960	378	31	409	<nil>
960	790	303	1093	<nil>
960	374	30	404	<nil>
960	867	186	1053	<nil>
960	5814	150	5964	<nil>
960	367	150	517	<nil>
960	374	146	520	<nil>
960	385	145	530	<nil>
960	365	147	512	<nil>
960	19326	147	19473	<nil>
960	364	148	512	<nil>
960	10326	148	10474	<nil>
960	267	148	415	<nil>
960	3464	126	3590	<nil>
960	278	158	436	<nil>
960	326	103	429	<nil>
960	297	126	423	<nil>
960	413	31	444	<nil>
960	460	92	552	<nil>
960	474	74	548	<nil>
960	21433	25	21458	<nil>
960	2807	24	2831	<nil>
960	458	12	470	<nil>
960	468	17	485	<nil>
960	454	21	475	<nil>
960	505	35	540	<nil>
960	203	44	247	<nil>
960	311	125	436	<nil>
960	301	124	425	<nil>
960	472	33	505	<nil>
960	1298	142	1440	<nil>
960	440	92	532	<nil>
960	1394	125	1519	<nil>
960	381	143	524	<nil>
960	335	93	428	<nil>
960	338	100	438	<nil>
960	396	37	433	<nil>
960	305	132	437	<nil>
960	431	94	525	<nil>
960	393	38	431	<nil>
960	300	127	427	<nil>
960	366	178	544	<nil>
960	445	96	541	<nil>
960	2671	94	2765	<nil>
960	396	134	530	<nil>
960	387	44	431	<nil>
960	2657	63	2720	<nil>
960	348	84	432	<nil>
960	240	23	263	<nil>
960	483	39	522	<nil>
960	485	39	524	<nil>
960	371	63	434	<nil>
960	437	87	524	<nil>
960	508	41	549	<nil>
960	412	32	444	<nil>
960	466	88	554	<nil>
960	3030	151	3181	<nil>
960	10606	152	10758	<nil>
960	428	35	463	<nil>
960	10725	36	10761	<nil>
960	416	25	441	<nil>
960	259	9	268	<nil>
960	452	38	490	<nil>
960	387	58	445	<nil>
960	416	41	457	<nil>
960	467	92	559	<nil>
960	3208	32	3240	<nil>
960	294	20	314	<nil>
960	413	42	455	<nil>
960	241	30	271	<nil>
960	10715	12	10727	<nil>
960	302	124	426	<nil>
960	26046	29	26075	<nil>
960	424	100	524	<nil>
960	503	23	526	<nil>
960	327	99	426	<nil>
960	9932	10	9942	<nil>
960	462	29	491	<nil>
960	450	12	462	<nil>
960	460	23	483	<nil>
960	243	36	279	<nil>
960	443	38	481	<nil>
960	474	13	487	<nil>
960	486	11	497	<nil>
960	465	16	481	<nil>
960	310	126	436	<nil>
960	2793	31	2824	<nil>
960	482	20	502	<nil>
960	476	29	505	<nil>
960	475	35	510	<nil>
960	238	32	270	<nil>
960	2861	13	2874	<nil>
960	382	142	524	<nil>
960	484	22	506	<nil>
960	259	13	272	<nil>
960	458	36	494	<nil>
960	494	19	513	<nil>
960	464	22	486	<nil>
960	3234	19	3253	<nil>
960	1406	137	1543	<nil>
960	447	39	486	<nil>
960	260	14	274	<nil>
960	477	40	517	<nil>
960	498	22	520	<nil>
960	471	51	522	<nil>
960	472	46	518	<nil>
960	504	18	522	<nil>
960	505	19	524	<nil>
960	510	45	555	<nil>
960	232	57	289	<nil>
960	465	17	482	<nil>
960	543	12	555	<nil>
960	279	13	292	<nil>
960	293	132	425	<nil>
960	1480	19	1499	<nil>
960	505	16	521	<nil>
960	304	14	318	<nil>
960	260	15	275	<nil>
960	486	19	505	<nil>
960	490	14	504	<nil>
960	448	50	498	<nil>
960	488	17	505	<nil>
960	3394	24	3418	<nil>
960	486	31	517	<nil>
960	3268	13	3281	<nil>
960	3288	22	3310	<nil>
960	496	15	511	<nil>
960	3671	21	3692	<nil>
960	1419	12	1431	<nil>
960	496	15	511	<nil>
960	486	25	511	<nil>
960	486	25	511	<nil>
960	483	27	510	<nil>
960	498	13	511	<nil>
960	513	22	535	<nil>
960	490	40	530	<nil>
960	466	63	529	<nil>
960	312	122	434	<nil>
960	488	31	519	<nil>
960	10839	29	10868	<nil>
960	493	42	535	<nil>
960	347	85	432	<nil>
960	423	28	451	<nil>
960	3450	88	3538	<nil>
960	398	36	434	<nil>
960	258	9	267	<nil>
960	3287	36	3323	<nil>
960	532	15	547	<nil>
960	258	9	267	<nil>
960	467	39	506	<nil>
960	249	18	267	<nil>
960	250	18	268	<nil>
960	9149	11	9160	<nil>
960	270	23	293	<nil>
960	243	11	254	<nil>
960	245	23	268	<nil>
960	10107	32	10139	<nil>
960	239	12	251	<nil>
960	609	29	638	<nil>
960	266	46	312	<nil>
960	598	37	635	<nil>
960	2758	41	2799	<nil>
960	214	30	244	<nil>
960	361	83	444	<nil>
960	421	55	476	<nil>
960	421	55	476	<nil>
960	619	17	636	<nil>
960	460	13	473	<nil>
960	259	13	272	<nil>
960	242	13	255	<nil>
960	241	13	254	<nil>
960	6184	19	6203	<nil>
960	469	37	506	<nil>
960	448	27	475	<nil>
960	241	15	256	<nil>
960	259	14	273	<nil>
960	259	14	273	<nil>
960	259	14	273	<nil>
960	260	14	274	<nil>
960	304	13	317	<nil>
960	3549	14	3563	<nil>
960	466	25	491	<nil>
960	467	17	484	<nil>
960	474	33	507	<nil>
960	513	20	533	<nil>
960	243	14	257	<nil>
960	538	1	539	<nil>
960	560	1	561	<nil>
960	538	1	539	<nil>
960	542	1	543	<nil>
960	3311	1	3312	<nil>
960	564	1	565	<nil>
960	538	0	538	<nil>
960	485	2	487	<nil>
960	564	2	566	<nil>
960	542	1	543	<nil>
960	542	2	544	<nil>
960	330	2	332	<nil>
960	333	2	335	<nil>
960	558	1	559	<nil>
960	564	1	565	<nil>
960	561	2	563	<nil>
960	542	4	546	<nil>
960	2824	1	2825	<nil>
960	3519	2	3521	<nil>
960	3343	1	3344	<nil>
960	353	1	354	<nil>
960	567	8	575	<nil>
960	573	1	574	<nil>
960	567	7	574	<nil>
960	547	9	556	<nil>
960	339	2	341	<nil>
960	2918	8	2926	<nil>
960	1393	33	1426	<nil>
960	351	28	379	<nil>
960	578	36	614	<nil>
960	10024	49	10073	<nil>
960	671	126	797	<nil>
960	671	42	713	<nil>
960	1665	45	1710	<nil>
960	2932	148	3080	<nil>
960	650	149	799	<nil>
960	674	148	822	<nil>
960	670	152	822	<nil>
960	1335	0	1335	rpc error: code = DeadlineExceeded desc = context deadline exceeded
960	570	159	729	<nil>
960	670	152	822	<nil>
960	358	163	521	<nil>
960	1393	0	1393	rpc error: code = DeadlineExceeded desc = context deadline exceeded
960	1496	0	1496	rpc error: code = DeadlineExceeded desc = context deadline exceeded
960	1496	0	1496	rpc error: code = DeadlineExceeded desc = context deadline exceeded
960	4079	0	4079	rpc error: code = DeadlineExceeded desc = context deadline exceeded
960	4066	0	4066	rpc error: code = DeadlineExceeded desc = context deadline exceeded
960	27176	0	27176	rpc error: code = DeadlineExceeded desc = context deadline exceeded
960	1345	0	1345	rpc error: code = DeadlineExceeded desc = context deadline exceeded
960	3924	0	3924	rpc error: code = DeadlineExceeded desc = context deadline exceeded
960	1339	0	1339	rpc error: code = DeadlineExceeded desc = context deadline exceeded
960	1339	0	1339	rpc error: code = DeadlineExceeded desc = context deadline exceeded
980	1125	85	1210	<nil>
980	11515	26	11541	<nil>
980	929	26	955	<nil>
980	1069	26	1095	<nil>
980	1059	40	1099	<nil>
980	949	37	986	<nil>
980	3827	63	3890	<nil>
980	984	29	1013	<nil>
980	936	19	955	<nil>
980	1056	28	1084	<nil>
980	936	22	958	<nil>
980	1184	27	1211	<nil>
980	1167	87	1254	<nil>
980	11087	67	11154	<nil>
980	1060	30	1090	<nil>
980	1060	27	1087	<nil>
980	1130	83	1213	<nil>
980	1064	29	1093	<nil>
980	930	29	959	<nil>
980	10994	20	11014	<nil>
980	1058	38	1096	<nil>
980	983	23	1006	<nil>
980	1149	68	1217	<nil>
980	1141	77	1218	<nil>
980	1147	71	1218	<nil>
980	947	30	977	<nil>
980	1127	85	1212	<nil>
980	1057	30	1087	<nil>
980	1049	37	1086	<nil>
980	955	38	993	<nil>
980	937	37	974	<nil>
980	930	44	974	<nil>
980	946	36	982	<nil>
980	947	41	988	<nil>
980	944	33	977	<nil>
980	944	45	989	<nil>
980	948	38	986	<nil>
980	948	40	988	<nil>
980	941	48	989	<nil>
980	949	44	993	<nil>
980	937	41	978	<nil>
980	10118	42	10160	<nil>
980	952	42	994	<nil>
980	21673	48	21721	<nil>
980	948	43	991	<nil>
980	937	42	979	<nil>
980	948	42	990	<nil>
980	1185	27	1212	<nil>
980	942	48	990	<nil>
980	3828	29	3857	<nil>
980	995	18	1013	<nil>
980	988	25	1013	<nil>
980	992	19	1011	<nil>
980	1188	26	1214	<nil>
980	5803	44	5847	<nil>
980	985	27	1012	<nil>
980	995	27	1022	<nil>
980	981	20	1001	<nil>
980	5826	23	5849	<nil>
980	990	19	1009	<nil>
980	1039	38	1077	<nil>
980	1003	19	1022	<nil>
980	995	23	1018	<nil>
980	1098	28	1126	<nil>
980	994	19	1013	<nil>
980	1166	65	1231	<nil>
980	990	25	1015	<nil>
980	1056	38	1094	<nil>
980	992	17	1009	<nil>
980	1006	16	1022	<nil>
980	1100	24	1124	<nil>
980	3251	23	3274	<nil>
980	3820	32	3852	<nil>
980	993	20	1013	<nil>
980	1001	16	1017	<nil>
980	994	16	1010	<nil>
980	995	24	1019	<nil>
980	897	31	928	<nil>
980	11013	44	11057	<nil>
980	1011	45	1056	<nil>
980	1014	42	1056	<nil>
980	1015	46	1061	<nil>
980	1006	44	1050	<nil>
980	1099	45	1144	<nil>
980	827	46	873	<nil>
980	10209	62	10271	<nil>
980	1014	57	1071	<nil>
980	1013	188	1201	<nil>
980	1145	186	1331	<nil>
980	987	216	1203	<nil>
980	1020	185	1205	<nil>
980	984	221	1205	<nil>
980	994	215	1209	<nil>
980	3249	239	3488	<nil>
980	378	0	378	rpc error: code = Unavailable desc = transport is closing
980	984	224	1208	<nil>
980	1048	208	1256	<nil>
980	989	231	1220	<nil>
980	1006	222	1228	<nil>
980	1021	219	1240	<nil>
980	992	217	1209	<nil>
980	992	222	1214	<nil>
980	5853	242	6095	<nil>
980	5824	167	5991	<nil>
980	104580	103	104683	<nil>
980	1101	139	1240	<nil>
980	1088	152	1240	<nil>
980	10275	151	10426	<nil>
980	1131	118	1249	<nil>
980	1097	146	1243	<nil>
980	1125	130	1255	<nil>
980	1090	166	1256	<nil>
980	950	50	1000	<nil>
980	881	62	943	<nil>
980	1238	15	1253	<nil>
980	1087	173	1260	<nil>
980	1090	171	1261	<nil>
980	5942	181	6123	<nil>
980	1095	172	1267	<nil>
980	1072	199	1271	<nil>
980	1077	190	1267	<nil>
980	1076	174	1250	<nil>
980	1151	187	1338	<nil>
980	1091	170	1261	<nil>
980	3455	65	3520	<nil>
980	1079	189	1268	<nil>
980	1120	146	1266	<nil>
980	1250	18	1268	<nil>
980	1107	190	1297	<nil>
980	1090	181	1271	<nil>
980	1160	172	1332	<nil>
980	1097	173	1270	<nil>
980	1070	175	1245	<nil>
980	749	254	1003	<nil>
980	1259	3	1262	<nil>
980	1102	164	1266	<nil>
980	1114	137	1251	<nil>
980	1087	173	1260	<nil>
980	1090	175	1265	<nil>
980	1091	173	1264	<nil>
980	1048	194	1242	<nil>
980	1021	248	1269	<nil>
980	1027	244	1271	<nil>
980	1087	176	1263	<nil>
980	3971	171	4142	<nil>
980	29609	194	29803	<nil>
980	1078	174	1252	<nil>
980	1180	54	1234	<nil>
980	1080	179	1259	<nil>
980	1184	78	1262	<nil>
980	892	60	952	<nil>
980	4105	58	4163	<nil>
980	3864	181	4045	<nil>
980	1086	176	1262	<nil>
980	1259	21	1280	<nil>
980	9911	185	10096	<nil>
980	732	256	988	<nil>
980	909	176	1085	<nil>
980	1272	4	1276	<nil>
980	1149	174	1323	<nil>
980	871	95	966	<nil>
980	5486	4	5490	<nil>
980	214	104	318	<nil>
980	1066	193	1259	<nil>
980	1208	104	1312	<nil>
980	1138	190	1328	<nil>
980	3309	72	3381	<nil>
980	1223	56	1279	<nil>
980	1096	192	1288	<nil>
980	1262	22	1284	<nil>
980	3288	99	3387	<nil>
980	1098	184	1282	<nil>
980	1005	98	1103	<nil>
980	3286	98	3384	<nil>
980	1254	56	1310	<nil>
980	268	22	290	<nil>
980	1097	171	1268	<nil>
980	1139	143	1282	<nil>
980	1086	192	1278	<nil>
980	1223	67	1290	<nil>
980	3078	82	3160	<nil>
980	1227	58	1285	<nil>
980	1070	173	1243	<nil>
980	6050	85	6135	<nil>
980	1183	75	1258	<nil>
980	1092	196	1288	<nil>
980	1251	40	1291	<nil>
980	5828	145	5973	<nil>
980	226	100	326	<nil>
980	5629	249	5878	<nil>
980	1091	196	1287	<nil>
980	1096	195	1291	<nil>
980	3467	75	3542	<nil>
980	6070	289	6359	<nil>
980	1375	181	1556	<nil>
980	352	177	529	<nil>
980	1381	170	1551	<nil>
980	1337	217	1554	<nil>
980	1298	247	1545	<nil>
980	316	212	528	<nil>
980	1291	260	1551	<nil>
980	1392	168	1560	<nil>
980	8919	80	8999	<nil>
980	347	183	530	<nil>
980	1381	181	1562	<nil>
980	355	177	532	<nil>
980	3130	181	3311	<nil>
980	1419	123	1542	<nil>
980	1528	34	1562	<nil>
980	20517	201	20718	<nil>
980	353	181	534	<nil>
980	5786	183	5969	<nil>
980	381	150	531	<nil>
980	1427	125	1552	<nil>
980	6108	32	6140	<nil>
980	1381	169	1550	<nil>
980	1366	186	1552	<nil>
980	338	165	503	<nil>
980	1366	180	1546	<nil>
980	1546	22	1568	<nil>
980	3315	21	3336	<nil>
980	10784	21	10805	<nil>
980	1547	21	1568	<nil>
980	1539	21	1560	<nil>
980	1545	22	1567	<nil>
980	1545	21	1566	<nil>
980	1352	21	1373	<nil>
980	1532	21	1553	<nil>
980	1538	22	1560	<nil>
980	1503	27	1530	<nil>
980	1532	29	1561	<nil>
980	12262	27	12289	<nil>
980	10219	22	10241	<nil>
980	456	32	488	<nil>
980	1395	164	1559	<nil>
980	3629	28	3657	<nil>
980	6367	26	6393	<nil>
980	1214	27	1241	<nil>
980	3791	27	3818	<nil>
980	1552	31	1583	<nil>
980	1535	25	1560	<nil>
980	10770	26	10796	<nil>
980	675	23	698	<nil>
980	1555	23	1578	<nil>
980	80759	23	80782	<nil>
980	6404	23	6427	<nil>
980	67433	40	67473	<nil>
980	2000	46	2046	<nil>
980	10729	46	10775	<nil>
980	1558	69	1627	<nil>
980	1550	69	1619	<nil>
980	1284	69	1353	<nil>
980	1553	67	1620	<nil>
980	1556	72	1628	<nil>
980	1287	69	1356	<nil>
980	681	89	770	<nil>
980	680	146	826	<nil>
980	1550	149	1699	<nil>
980	1554	145	1699	<nil>
980	7648	151	7799	<nil>
980	1558	147	1705	<nil>
980	1567	142	1709	<nil>
980	3307	151	3458	<nil>
980	527	152	679	<nil>
980	1567	141	1708	<nil>
980	1557	154	1711	<nil>
980	1558	151	1709	<nil>
980	531	180	711	<nil>
980	1548	185	1733	<nil>
980	532	180	712	<nil>
980	1573	184	1757	<nil>
980	1564	185	1749	<nil>
980	1597	165	1762	<nil>
980	6148	194	6342	<nil>
980	585	190	775	<nil>
980	1568	186	1754	<nil>
980	1572	180	1752	<nil>
980	9506	205	9711	<nil>
980	1573	188	1761	<nil>
980	465	190	655	<nil>
980	1567	189	1756	<nil>
980	1576	188	1764	<nil>
980	1573	188	1761	<nil>
980	546	190	736	<nil>
980	3455	189	3644	<nil>
980	485	172	657	<nil>
980	475	197	672	<nil>
980	356	171	527	<nil>
980	9564	193	9757	<nil>
980	474	192	666	<nil>
980	1566	189	1755	<nil>
980	463	201	664	<nil>
980	464	200	664	<nil>
980	1589	177	1766	<nil>
980	465	199	664	<nil>
980	359	223	582	<nil>
980	1562	207	1769	<nil>
980	1562	205	1767	<nil>
980	9511	202	9713	<nil>
980	5791	202	5993	<nil>
980	569	179	748	<nil>
980	565	183	748	<nil>
980	5911	169	6080	<nil>
980	1591	172	1763	<nil>
980	545	213	758	<nil>
980	1609	165	1774	<nil>
980	348	141	489	<nil>
980	27711	187	27898	<nil>
980	346	173	519	<nil>
980	1692	86	1778	<nil>
980	1613	171	1784	<nil>
980	1596	191	1787	<nil>
980	360	178	538	<nil>
980	1334	177	1511	<nil>
980	395	174	569	<nil>
980	344	185	529	<nil>
980	1706	138	1844	<nil>
980	9486	173	9659	<nil>
980	1695	86	1781	<nil>
980	456	216	672	<nil>
980	311	184	495	<nil>
980	6251	200	6451	<nil>
980	1572	194	1766	<nil>
980	399	149	548	<nil>
980	1638	198	1836	<nil>
980	161	149	310	<nil>
980	5909	150	6059	<nil>
980	600	710	1310	<nil>
980	1728	685	2413	<nil>
980	628	683	1311	<nil>
980	1731	685	2416	<nil>
980	627	686	1313	<nil>
980	9609	682	10291	<nil>
980	1740	685	2425	<nil>
980	71815	685	72500	<nil>
980	1733	685	2418	<nil>
980	501	669	1170	<nil>
980	486	665	1151	<nil>
980	9190	686	9876	<nil>
980	636	685	1321	<nil>
980	196	667	863	<nil>
980	5971	669	6640	<nil>
980	441	666	1107	<nil>
980	710	689	1399	<nil>
980	712	685	1397	<nil>
980	201	663	864	<nil>
980	490	723	1213	<nil>
980	213	716	929	<nil>
980	9714	715	10429	<nil>
980	485	709	1194	<nil>
980	462	720	1182	<nil>
980	221	703	924	<nil>
980	525	712	1237	<nil>
980	473	715	1188	<nil>
980	529	716	1245	<nil>
980	473	714	1187	<nil>
980	534	713	1247	<nil>
980	1013	0	1013	rpc error: code = Unavailable desc = transport is closing
980	231	700	931	<nil>
980	465	698	1163	<nil>
980	238	700	938	<nil>
980	69413	695	70108	<nil>
980	494	699	1193	<nil>
980	229	696	925	<nil>
980	229	700	929	<nil>
980	8850	697	9547	<nil>
980	1834	697	2531	<nil>
980	471	698	1169	<nil>
980	979	43	1022	<nil>
980	973	47	1020	<nil>
980	472	696	1168	<nil>
980	909	55	964	<nil>
980	240	696	936	<nil>
980	10279	60	10339	<nil>
980	973	57	1030	<nil>
980	757	56	813	<nil>
980	488	697	1185	<nil>
980	685	138	823	<nil>
980	592	698	1290	<nil>
980	493	700	1193	<nil>
980	548	700	1248	<nil>
980	571	697	1268	<nil>
980	497	696	1193	<nil>
980	1202	71	1273	<nil>
980	889	83	972	<nil>
980	11255	42	11297	<nil>
980	283	669	952	<nil>
980	68592	630	69222	<nil>
980	6059	693	6752	<nil>
980	8882	669	9551	<nil>
980	178	664	842	<nil>
980	1205	68	1273	<nil>
980	150	698	848	<nil>
980	5179	696	5875	<nil>
980	618	693	1311	<nil>
980	1533	717	2250	<nil>
980	271	684	955	<nil>
980	589	700	1289	<nil>
980	850	134	984	<nil>
980	291	698	989	<nil>
980	847	137	984	<nil>
980	683	140	823	<nil>
980	1220	94	1314	<nil>
980	595	697	1292	<nil>
980	1148	93	1241	<nil>
980	850	137	987	<nil>
980	73641	46	73687	<nil>
980	938	45	983	<nil>
980	5975	106	6081	<nil>
980	6001	53	6054	<nil>
980	10489	54	10543	<nil>
980	564	749	1313	<nil>
980	470	696	1166	<nil>
980	10489	57	10546	<nil>
980	6036	60	6096	<nil>
980	758	69	827	<nil>
980	493	701	1194	<nil>
980	968	82	1050	<nil>
980	2873	5	2878	<nil>
980	973	61	1034	<nil>
980	2560	49	2609	<nil>
980	761	54	815	<nil>
980	13272	60	13332	<nil>
980	3163	749	3912	<nil>
980	6749	73	6822	<nil>
980	6734	61	6795	<nil>
980	104	28	132	<nil>
980	121	5	126	<nil>
980	738	68	806	<nil>
980	1178	103	1281	<nil>
980	27927	51	27978	<nil>
980	123	5	128	<nil>
980	1033	32	1065	<nil>
980	975	55	1030	<nil>
980	592	745	1337	<nil>
980	758	51	809	<nil>
980	742	53	795	<nil>
980	741	54	795	<nil>
980	281	697	978	<nil>
980	850	134	984	<nil>
980	865	53	918	<nil>
980	238	749	987	<nil>
980	236	745	981	<nil>
980	1237	71	1308	<nil>
980	1842	697	2539	<nil>
980	743	56	799	<nil>
980	6754	51	6805	<nil>
980	6440	53	6493	<nil>
980	9536	57	9593	<nil>
980	754	72	826	<nil>
980	2559	49	2608	<nil>
980	12733	60	12793	<nil>
980	844	135	979	<nil>
980	683	141	824	<nil>
980	10999	684	11683	<nil>
980	233	741	974	<nil>
980	850	141	991	<nil>
980	11743	48	11791	<nil>
980	1150	103	1253	<nil>
980	5946	56	6002	<nil>
980	844	52	896	<nil>
980	493	701	1194	<nil>
980	569	700	1269	<nil>
980	759	70	829	<nil>
980	623	697	1320	<nil>
980	3260	5	3265	<nil>
980	9717	697	10414	<nil>
980	1014	0	1014	rpc error: code = Unavailable desc = transport is closing
980	493	700	1193	<nil>
980	764	64	828	<nil>
980	743	69	812	<nil>
980	743	69	812	<nil>
980	2547	49	2596	<nil>
980	1222	62	1284	<nil>
980	1238	69	1307	<nil>
980	6015	61	6076	<nil>
980	1236	70	1306	<nil>
980	770	91	861	<nil>
980	1208	68	1276	<nil>
980	759	96	855	<nil>
980	4815	49	4864	<nil>
980	1159	123	1282	<nil>
980	1213	72	1285	<nil>
980	5790	125	5915	<nil>
980	2556	49	2605	<nil>
980	1473	40	1513	<nil>
980	955	98	1053	<nil>
980	1233	76	1309	<nil>
980	1148	129	1277	<nil>
980	1487	27	1514	<nil>
980	1237	72	1309	<nil>
980	2949	0	2949	<nil>
980	1158	129	1287	<nil>
980	1264	99	1363	<nil>
980	971	79	1050	<nil>
980	974	78	1052	<nil>
980	965	81	1046	<nil>
980	1493	30	1523	<nil>
980	765	97	862	<nil>
980	2919	33	2952	<nil>
980	28000	5	28005	<nil>
980	754	82	836	<nil>
980	1520	5	1525	<nil>
980	106	28	134	<nil>
980	122	3	125	<nil>
980	237	702	939	<nil>
980	536	670	1206	<nil>
980	493	701	1194	<nil>
980	746	50	796	<nil>
980	1214	70	1284	<nil>
980	758	70	828	<nil>
980	742	58	800	<nil>
980	978	70	1048	<nil>
980	2563	52	2615	<nil>
980	741	71	812	<nil>
980	1204	77	1281	<nil>
980	1234	74	1308	<nil>
980	1230	71	1301	<nil>
980	1455	48	1503	<nil>
980	951	97	1048	<nil>
980	957	96	1053	<nil>
980	1494	23	1517	<nil>
980	1241	121	1362	<nil>
980	10210	129	10339	<nil>
980	1144	119	1263	<nil>
980	762	94	856	<nil>
980	5473	40	5513	<nil>
980	945	99	1044	<nil>
980	1466	46	1512	<nil>
980	1507	1	1508	<nil>
980	947	102	1049	<nil>
980	1257	95	1352	<nil>
980	952	100	1052	<nil>
980	972	82	1054	<nil>
980	1164	129	1293	<nil>
980	21956	128	22084	<nil>
980	974	80	1054	<nil>
980	970	80	1050	<nil>
980	9988	80	10068	<nil>
980	976	78	1054	<nil>
980	972	81	1053	<nil>
980	908	80	988	<nil>
980	1487	27	1514	<nil>
980	1256	101	1357	<nil>
980	11264	26	11290	<nil>
980	9611	2	9613	<nil>
980	976	81	1057	<nil>
980	981	75	1056	<nil>
980	172	30	202	<nil>
980	184	30	214	<nil>
980	123	5	128	<nil>
980	3127	29	3156	<nil>
980	127	2	129	<nil>
980	1492	30	1522	<nil>
980	1139	106	1245	<nil>
980	2566	47	2613	<nil>
980	972	84	1056	<nil>
980	1206	85	1291	<nil>
980	3148	5	3153	<nil>
980	9757	104	9861	<nil>
980	122	5	127	<nil>
980	898	54	952	<nil>
980	283	698	981	<nil>
980	3149	7	3156	<nil>
980	759	70	829	<nil>
980	10536	31	10567	<nil>
980	3150	6	3156	<nil>
980	2951	9	2960	<nil>
980	1158	127	1285	<nil>
980	22475	77	22552	<nil>
980	10347	9	10356	<nil>
980	10579	1	10580	<nil>
980	1033	33	1066	<nil>
980	1080	0	1080	<nil>
980	1232	77	1309	<nil>
980	3159	0	3159	<nil>
980	771	48	819	<nil>
980	2558	47	2605	<nil>
980	877	54	931	<nil>
980	46011	133	46144	<nil>
980	2558	50	2608	<nil>
980	99	28	127	<nil>
980	1053	9	1062	<nil>
980	1523	1	1524	<nil>
980	10205	0	10205	<nil>
980	3253	0	3253	<nil>
980	3180	0	3180	<nil>
980	1203	79	1282	<nil>
980	1008	0	1008	<nil>
980	128	7	135	<nil>
980	5499	0	5499	<nil>
980	742	71	813	<nil>
980	3209	0	3209	<nil>
980	3319	0	3319	<nil>
980	3327	1	3328	<nil>
980	3168	0	3168	<nil>
980	3168	1	3169	<nil>
980	10361	4	10365	<nil>
980	10585	0	10585	<nil>
980	1074	0	1074	<nil>
980	598	696	1294	<nil>
980	5361	51	5412	<nil>
980	6033	79	6112	<nil>
980	1201	71	1272	<nil>
980	3161	1	3162	<nil>
980	1222	59	1281	<nil>
980	98	31	129	<nil>
980	980	52	1032	<nil>
980	1013	0	1013	rpc error: code = Unavailable desc = transport is closing
980	758	96	854	<nil>
980	1013	0	1013	rpc error: code = Unavailable desc = transport is closing
980	1013	0	1013	rpc error: code = Unavailable desc = transport is closing
980	557	700	1257	<nil>
980	1015	0	1015	rpc error: code = Unavailable desc = transport is closing
980	4135	0	4135	rpc error: code = Unavailable desc = transport is closing
980	13405	0	13405	rpc error: code = Unavailable desc = transport is closing
980	4158	0	4158	rpc error: code = Unavailable desc = transport is closing
980	8782	0	8782	rpc error: code = Unavailable desc = transport is closing
980	4073	0	4073	rpc error: code = Unavailable desc = transport is closing
980	33782	0	33782	rpc error: code = Unavailable desc = transport is closing
980	4134	0	4134	rpc error: code = Unavailable desc = transport is closing
980	4227	0	4227	rpc error: code = Unavailable desc = transport is closing
980	4133	0	4133	rpc error: code = Unavailable desc = transport is closing
980	6215	0	6215	rpc error: code = Unavailable desc = transport is closing
980	49491	0	49491	rpc error: code = Unavailable desc = transport is closing
980	5089	0	5089	rpc error: code = Unavailable desc = transport is closing
980	3563	0	3563	rpc error: code = Unavailable desc = transport is closing
980	8080	0	8080	rpc error: code = Unavailable desc = transport is closing
980	4235	0	4235	rpc error: code = Unavailable desc = transport is closing
980	8078	0	8078	rpc error: code = Unavailable desc = transport is closing
980	8054	0	8054	rpc error: code = Unavailable desc = transport is closing
980	4135	0	4135	rpc error: code = Unavailable desc = transport is closing
980	3563	0	3563	rpc error: code = Unavailable desc = transport is closing
980	7813	0	7813	rpc error: code = Unavailable desc = transport is closing
980	4882	0	4882	rpc error: code = Unavailable desc = transport is closing
980	12466	0	12466	rpc error: code = Unavailable desc = transport is closing
980	8058	0	8058	rpc error: code = Unavailable desc = transport is closing
980	12231	0	12231	rpc error: code = Unavailable desc = transport is closing
980	8057	0	8057	rpc error: code = Unavailable desc = transport is closing
980	8219	0	8219	rpc error: code = Unavailable desc = transport is closing
980	5106	36	5142	<nil>
980	4131	0	4131	rpc error: code = Unavailable desc = transport is closing
980	8061	0	8061	rpc error: code = Unavailable desc = transport is closing
980	8057	0	8057	rpc error: code = Unavailable desc = transport is closing
980	8214	0	8214	rpc error: code = Unavailable desc = transport is closing
980	31508	0	31508	rpc error: code = Unavailable desc = transport is closing
980	31593	0	31593	rpc error: code = Unavailable desc = transport is closing
980	4654	0	4654	rpc error: code = Unavailable desc = transport is closing
980	8056	0	8056	rpc error: code = Unavailable desc = transport is closing
980	8215	0	8215	rpc error: code = Unavailable desc = transport is closing
980	32358	0	32358	rpc error: code = Unavailable desc = transport is closing
980	20073	0	20073	rpc error: code = Unavailable desc = transport is closing
980	5103	0	5103	rpc error: code = Unavailable desc = transport is closing
980	5101	0	5101	rpc error: code = Unavailable desc = transport is closing
980	8056	0	8056	rpc error: code = Unavailable desc = transport is closing
980	4073	0	4073	rpc error: code = Unavailable desc = transport is closing
980	4131	0	4131	rpc error: code = Unavailable desc = transport is closing
980	33759	0	33759	rpc error: code = Unavailable desc = transport is closing
980	4132	0	4132	rpc error: code = Unavailable desc = transport is closing
980	49491	0	49491	rpc error: code = Unavailable desc = transport is closing
980	4133	0	4133	rpc error: code = Unavailable desc = transport is closing
980	8059	0	8059	rpc error: code = Unavailable desc = transport is closing
980	6210	0	6210	rpc error: code = Unavailable desc = transport is closing
980	8057	0	8057	rpc error: code = Unavailable desc = transport is closing
980	5110	0	5110	rpc error: code = Unavailable desc = transport is closing
980	5099	0	5099	rpc error: code = Unavailable desc = transport is closing
980	4132	0	4132	rpc error: code = Unavailable desc = transport is closing
980	8219	0	8219	rpc error: code = Unavailable desc = transport is closing
980	8077	0	8077	rpc error: code = Unavailable desc = transport is closing
980	5109	0	5109	rpc error: code = Unavailable desc = transport is closing
980	4133	0	4133	rpc error: code = Unavailable desc = transport is closing
980	8078	0	8078	rpc error: code = Unavailable desc = transport is closing
980	4140	0	4140	rpc error: code = Unavailable desc = transport is closing
980	8213	0	8213	rpc error: code = Unavailable desc = transport is closing
980	4131	0	4131	rpc error: code = Unavailable desc = transport is closing
980	8059	0	8059	rpc error: code = Unavailable desc = transport is closing
980	5105	0	5105	rpc error: code = Unavailable desc = transport is closing
980	5103	0	5103	rpc error: code = Unavailable desc = transport is closing
980	7787	0	7787	rpc error: code = Unavailable desc = transport is closing
980	8058	0	8058	rpc error: code = Unavailable desc = transport is closing
980	8216	0	8216	rpc error: code = Unavailable desc = transport is closing
980	12420	0	12420	rpc error: code = Unavailable desc = transport is closing
980	8057	0	8057	rpc error: code = Unavailable desc = transport is closing
980	12994	0	12994	rpc error: code = Unavailable desc = transport is closing
980	7677	0	7677	rpc error: code = Unavailable desc = transport is closing
980	8213	0	8213	rpc error: code = Unavailable desc = transport is closing
980	8077	0	8077	rpc error: code = Unavailable desc = transport is closing
980	18083	0	18083	rpc error: code = Unavailable desc = transport is closing
980	49680	0	49680	rpc error: code = Unavailable desc = transport is closing
980	17765	0	17765	rpc error: code = Unavailable desc = transport is closing
980	4132	0	4132	rpc error: code = Unavailable desc = transport is closing
980	31360	0	31360	rpc error: code = Unavailable desc = transport is closing
980	8215	0	8215	rpc error: code = Unavailable desc = transport is closing
980	8149	0	8149	rpc error: code = Unavailable desc = transport is closing
980	8061	0	8061	rpc error: code = Unavailable desc = transport is closing
980	4132	0	4132	rpc error: code = Unavailable desc = transport is closing
980	5106	0	5106	rpc error: code = Unavailable desc = transport is closing
980	6508	0	6508	rpc error: code = Unavailable desc = transport is closing
980	5096	0	5096	rpc error: code = Unavailable desc = transport is closing
980	5100	0	5100	rpc error: code = Unavailable desc = transport is closing
980	11945	0	11945	rpc error: code = Unavailable desc = transport is closing
980	18201	0	18201	rpc error: code = Unavailable desc = transport is closing
980	12439	0	12439	rpc error: code = Unavailable desc = transport is closing
980	8080	0	8080	rpc error: code = Unavailable desc = transport is closing
980	5105	0	5105	rpc error: code = Unavailable desc = transport is closing
980	8083	0	8083	rpc error: code = Unavailable desc = transport is closing
980	12476	0	12476	rpc error: code = Unavailable desc = transport is closing
980	31355	0	31355	rpc error: code = Unavailable desc = transport is closing
980	5109	0	5109	rpc error: code = Unavailable desc = transport is closing
980	8081	0	8081	rpc error: code = Unavailable desc = transport is closing
980	112013	0	112013	rpc error: code = Unavailable desc = transport is closing
980	46929	0	46929	rpc error: code = Unavailable desc = transport is closing
980	5107	0	5107	rpc error: code = Unavailable desc = transport is closing
980	8250	0	8250	rpc error: code = Unavailable desc = transport is closing
980	7826	0	7826	rpc error: code = Unavailable desc = transport is closing
980	8235	0	8235	rpc error: code = Unavailable desc = transport is closing
980	5109	0	5109	rpc error: code = Unavailable desc = transport is closing
980	7854	0	7854	rpc error: code = Unavailable desc = transport is closing
980	12072	0	12072	rpc error: code = Unavailable desc = transport is closing
980	8234	0	8234	rpc error: code = Unavailable desc = transport is closing
980	8074	0	8074	rpc error: code = Unavailable desc = transport is closing
980	8057	0	8057	rpc error: code = Unavailable desc = transport is closing
980	12211	0	12211	rpc error: code = Unavailable desc = transport is closing
980	8231	0	8231	rpc error: code = Unavailable desc = transport is closing
980	18135	0	18135	rpc error: code = Unavailable desc = transport is closing
980	8246	0	8246	rpc error: code = Unavailable desc = transport is closing
980	6288	0	6288	rpc error: code = Unavailable desc = transport is closing
980	12485	0	12485	rpc error: code = Unavailable desc = transport is closing
980	8231	0	8231	rpc error: code = Unavailable desc = transport is closing
980	8076	0	8076	rpc error: code = Unavailable desc = transport is closing
980	4649	0	4649	rpc error: code = Unavailable desc = transport is closing
980	3556	0	3556	rpc error: code = Unavailable desc = transport is closing
980	6596	0	6596	rpc error: code = Unavailable desc = transport is closing
980	5109	0	5109	rpc error: code = Unavailable desc = transport is closing
980	5102	0	5102	rpc error: code = Unavailable desc = transport is closing
980	3503	0	3503	rpc error: code = Unavailable desc = transport is closing
980	46592	0	46592	rpc error: code = Unavailable desc = transport is closing
980	12441	0	12441	rpc error: code = Unavailable desc = transport is closing
980	8166	0	8166	rpc error: code = Unavailable desc = transport is closing
980	3495	0	3495	rpc error: code = Unavailable desc = transport is closing
980	8074	0	8074	rpc error: code = Unavailable desc = transport is closing
980	5106	0	5106	rpc error: code = Unavailable desc = transport is closing
980	8074	0	8074	rpc error: code = Unavailable desc = transport is closing
980	5108	0	5108	rpc error: code = Unavailable desc = transport is closing
980	33824	0	33824	rpc error: code = Unavailable desc = transport is closing
980	4885	0	4885	rpc error: code = Unavailable desc = transport is closing
980	5109	0	5109	rpc error: code = Unavailable desc = transport is closing
980	7875	0	7875	rpc error: code = Unavailable desc = transport is closing
980	3566	0	3566	rpc error: code = Unavailable desc = transport is closing
980	4137	0	4137	rpc error: code = Unavailable desc = transport is closing
980	4885	0	4885	rpc error: code = Unavailable desc = transport is closing
980	5096	0	5096	rpc error: code = Unavailable desc = transport is closing
980	4135	0	4135	rpc error: code = Unavailable desc = transport is closing
980	3553	0	3553	rpc error: code = Unavailable desc = transport is closing
980	48393	0	48393	rpc error: code = Unavailable desc = transport is closing
980	8079	0	8079	rpc error: code = Unavailable desc = transport is closing
980	5110	0	5110	rpc error: code = Unavailable desc = transport is closing
980	3239	0	3239	rpc error: code = Unavailable desc = transport is closing
980	8076	0	8076	rpc error: code = Unavailable desc = transport is closing
980	3562	0	3562	rpc error: code = Unavailable desc = transport is closing
980	5109	33	5142	<nil>
980	4879	0	4879	rpc error: code = Unavailable desc = transport is closing
980	47668	0	47668	rpc error: code = Unavailable desc = transport is closing
980	8078	36	8114	<nil>
980	17444	0	17444	rpc error: code = Unavailable desc = transport is closing
980	8221	0	8221	rpc error: code = Unavailable desc = transport is closing
980	4136	0	4136	rpc error: code = Unavailable desc = transport is closing
980	3556	0	3556	rpc error: code = Unavailable desc = transport is closing
980	3568	0	3568	rpc error: code = Unavailable desc = transport is closing
980	4135	0	4135	rpc error: code = Unavailable desc = transport is closing
980	8077	0	8077	rpc error: code = Unavailable desc = transport is closing
980	8080	0	8080	rpc error: code = Unavailable desc = transport is closing
980	3562	0	3562	rpc error: code = Unavailable desc = transport is closing
980	4669	0	4669	rpc error: code = Unavailable desc = transport is closing
980	4875	0	4875	rpc error: code = Unavailable desc = transport is closing
980	8058	0	8058	rpc error: code = Unavailable desc = transport is closing
980	3535	0	3535	rpc error: code = Unavailable desc = transport is closing
980	8082	0	8082	rpc error: code = Unavailable desc = transport is closing
980	8074	0	8074	rpc error: code = Unavailable desc = transport is closing
980	3557	0	3557	rpc error: code = Unavailable desc = transport is closing
980	4643	0	4643	rpc error: code = Unavailable desc = transport is closing
980	7854	0	7854	rpc error: code = Unavailable desc = transport is closing
980	17649	0	17649	rpc error: code = Unavailable desc = transport is closing
980	4882	0	4882	rpc error: code = Unavailable desc = transport is closing
980	3560	0	3560	rpc error: code = Unavailable desc = transport is closing
980	3562	0	3562	rpc error: code = Unavailable desc = transport is closing
980	8075	0	8075	rpc error: code = Unavailable desc = transport is closing
980	3556	0	3556	rpc error: code = Unavailable desc = transport is closing
980	8235	0	8235	rpc error: code = Unavailable desc = transport is closing
980	8234	0	8234	rpc error: code = Unavailable desc = transport is closing
980	8237	0	8237	rpc error: code = Unavailable desc = transport is closing
980	8231	0	8231	rpc error: code = Unavailable desc = transport is closing
980	5101	0	5101	rpc error: code = Unavailable desc = transport is closing
980	3559	0	3559	rpc error: code = Unavailable desc = transport is closing
980	3537	0	3537	rpc error: code = Unavailable desc = transport is closing
980	8073	0	8073	rpc error: code = Unavailable desc = transport is closing
980	5109	0	5109	rpc error: code = Unavailable desc = transport is closing
980	4136	0	4136	rpc error: code = Unavailable desc = transport is closing
980	4138	0	4138	rpc error: code = Unavailable desc = transport is closing
980	13408	0	13408	rpc error: code = Unavailable desc = transport is closing
980	4132	0	4132	rpc error: code = Unavailable desc = transport is closing
980	4667	0	4667	rpc error: code = Unavailable desc = transport is closing
980	4653	0	4653	rpc error: code = Unavailable desc = transport is closing
980	4873	0	4873	rpc error: code = Unavailable desc = transport is closing
980	165224	0	165224	rpc error: code = Unavailable desc = transport is closing
980	4666	0	4666	rpc error: code = Unavailable desc = transport is closing
980	4872	0	4872	rpc error: code = Unavailable desc = transport is closing
980	4871	38	4909	<nil>
980	7752	39	7791	<nil>
980	3561	36	3597	<nil>
980	5103	37	5140	<nil>
980	8080	37	8117	<nil>
980	8078	36	8114	<nil>
980	4668	0	4668	rpc error: code = Unavailable desc = transport is closing
980	4877	39	4916	<nil>
980	4869	40	4909	<nil>
980	9695	36	9731	<nil>
980	7867	38	7905	<nil>
980	7869	0	7869	rpc error: code = Unavailable desc = transport is closing
980	4133	0	4133	rpc error: code = Unavailable desc = transport is closing
980	8237	38	8275	<nil>
980	9310	39	9349	<nil>
980	8078	38	8116	<nil>
980	6401	37	6438	<nil>
980	8080	37	8117	<nil>
980	4876	36	4912	<nil>
980	88	179	267	<nil>
980	123399	50	123449	<nil>
980	228	40	268	<nil>
980	191	80	271	<nil>
980	258	13	271	<nil>
980	264	10	274	<nil>
980	226	56	282	<nil>
980	225	32	257	<nil>
980	16521	6	16527	<nil>
980	267	11	278	<nil>
980	247	31	278	<nil>
980	252	29	281	<nil>
980	250	32	282	<nil>
980	242	41	283	<nil>
980	263	32	295	<nil>
980	252	30	282	<nil>
980	267	6	273	<nil>
980	225	44	269	<nil>
980	261	13	274	<nil>
980	235	50	285	<nil>
980	260	10	270	<nil>
980	261	15	276	<nil>
980	277	9	286	<nil>
980	265	18	283	<nil>
980	255	18	273	<nil>
980	246	9	255	<nil>
980	268	8	276	<nil>
980	265	11	276	<nil>
980	275	13	288	<nil>
980	218	7	225	<nil>
980	237	61	298	<nil>
980	220	10	230	<nil>
980	274	15	289	<nil>
980	9638	14	9652	<nil>
980	280	12	292	<nil>
980	275	14	289	<nil>
980	282	11	293	<nil>
980	276	16	292	<nil>
980	274	15	289	<nil>
980	272	16	288	<nil>
980	217	16	233	<nil>
980	273	16	289	<nil>
980	282	12	294	<nil>
980	217	15	232	<nil>
980	276	16	292	<nil>
980	280	12	292	<nil>
980	279	15	294	<nil>
980	219	15	234	<nil>
980	217	13	230	<nil>
980	275	15	290	<nil>
980	278	15	293	<nil>
980	278	15	293	<nil>
980	271	16	287	<nil>
980	256	29	285	<nil>
980	221	14	235	<nil>
980	276	15	291	<nil>
980	287	10	297	<nil>
980	221	20	241	<nil>
980	5205	18	5223	<nil>
980	276	20	296	<nil>
980	277	23	300	<nil>
980	278	22	300	<nil>
980	221	17	238	<nil>
980	281	20	301	<nil>
980	280	19	299	<nil>
980	279	26	305	<nil>
980	9636	15	9651	<nil>
980	278	19	297	<nil>
980	279	23	302	<nil>
980	276	26	302	<nil>
980	283	69	352	<nil>
980	276	79	355	<nil>
980	283	83	366	<nil>
980	280	92	372	<nil>
980	283	92	375	<nil>
980	275	96	371	<nil>
980	4977	95	5072	<nil>
980	280	96	376	<nil>
980	282	94	376	<nil>
980	290	95	385	<nil>
980	219	95	314	<nil>
980	280	97	377	<nil>
980	281	94	375	<nil>
980	229	86	315	<nil>
980	284	93	377	<nil>
980	279	97	376	<nil>
980	221	92	313	<nil>
980	230	93	323	<nil>
980	279	105	384	<nil>
980	5000	116	5116	<nil>
980	113	65	178	<nil>
980	104	57	161	<nil>
980	109	57	166	<nil>
980	5074	49	5123	<nil>
980	102	50	152	<nil>
980	119	30	149	<nil>
980	135	10	145	<nil>
980	16424	16	16440	<nil>
980	126	24	150	<nil>
980	138	24	162	<nil>
980	118	23	141	<nil>
980	126	26	152	<nil>
980	418	27	445	<nil>
980	133	6	139	<nil>
980	56	7	63	<nil>
980	51	13	64	<nil>
980	77	11	88	<nil>
980	128	14	142	<nil>
980	132	10	142	<nil>
980	133	10	143	<nil>
980	122	13	135	<nil>
980	143	11	154	<nil>
980	17139	36	17175	<nil>
980	137	11	148	<nil>
980	139	36	175	<nil>
980	164	11	175	<nil>
980	124	59	183	<nil>
980	118	60	178	<nil>
980	143	31	174	<nil>
980	118	64	182	<nil>
980	125	38	163	<nil>
980	143	65	208	<nil>
980	144	64	208	<nil>
980	144	64	208	<nil>
980	162	45	207	<nil>
980	122	66	188	<nil>
980	128	71	199	<nil>
980	123	60	183	<nil>
980	128	70	198	<nil>
980	143	66	209	<nil>
980	131	48	179	<nil>
980	124	64	188	<nil>
980	118	60	178	<nil>
980	47	49	96	<nil>
980	5148	40	5188	<nil>
980	143	65	208	<nil>
980	49	48	97	<nil>
980	130	53	183	<nil>
980	166	37	203	<nil>
980	122	67	189	<nil>
980	144	63	207	<nil>
980	47	54	101	<nil>
980	123	64	187	<nil>
980	138	71	209	<nil>
980	144	64	208	<nil>
980	124	65	189	<nil>
980	138	44	182	<nil>
980	130	71	201	<nil>
980	143	63	206	<nil>
980	50	60	110	<nil>
980	133	44	177	<nil>
980	17312	66	17378	<nil>
980	5379	44	5423	<nil>
980	72	47	119	<nil>
980	130	63	193	<nil>
980	164	43	207	<nil>
980	16706	48	16754	<nil>
980	126	70	196	<nil>
980	143	64	207	<nil>
980	52	51	103	<nil>
980	5121	70	5191	<nil>
980	123	64	187	<nil>
980	52	45	97	<nil>
980	124	64	188	<nil>
980	124	64	188	<nil>
980	167	42	209	<nil>
980	129	45	174	<nil>
980	5379	40	5419	<nil>
980	124	63	187	<nil>
980	158	49	207	<nil>
980	123	66	189	<nil>
980	5349	71	5420	<nil>
980	41	57	98	<nil>
980	101	4	105	<nil>
980	134	56	190	<nil>
980	195	4	199	<nil>
980	133	57	190	<nil>
980	143	57	200	<nil>
980	9856	4	9860	<nil>
980	152	46	198	<nil>
980	43	99	142	<nil>
980	53	99	152	<nil>
980	47	130	177	<nil>
980	48	133	181	<nil>
980	64	136	200	<nil>
980	44	136	180	<nil>
980	55	139	194	<nil>
980	48	141	189	<nil>
980	55	141	196	<nil>
980	55	141	196	<nil>
980	102	110	212	<nil>
980	191	42	233	<nil>
980	188	53	241	<nil>
980	190	53	243	<nil>
980	188	52	240	<nil>
980	190	55	245	<nil>
980	164	13	177	<nil>
980	162	15	177	<nil>
980	174	8	182	<nil>
980	174	11	185	<nil>
980	160	15	175	<nil>
980	30288	13	30301	<nil>
980	216	22	238	<nil>
980	164	15	179	<nil>
980	161	17	178	<nil>
980	165	12	177	<nil>
980	180	22	202	<nil>
980	16930	13	16943	<nil>
980	164	13	177	<nil>
980	174	23	197	<nil>
980	180	8	188	<nil>
980	48	6	54	<nil>
980	163	20	183	<nil>
980	164	21	185	<nil>
980	199	7	206	<nil>
980	164	22	186	<nil>
980	48	8	56	<nil>
980	167	22	189	<nil>
980	238	7	245	<nil>
980	5615	8	5623	<nil>
980	144	9	153	<nil>
980	162	14	176	<nil>
980	175	12	187	<nil>
980	176	12	188	<nil>
980	216	13	229	<nil>
980	222	14	236	<nil>
980	175	16	191	<nil>
980	175	16	191	<nil>
980	175	19	194	<nil>
980	176	19	195	<nil>
980	117	20	137	<nil>
980	217	20	237	<nil>
980	217	21	238	<nil>
980	175	21	196	<nil>
980	174	20	194	<nil>
980	173	21	194	<nil>
980	218	20	238	<nil>
980	179	22	201	<nil>
980	175	20	195	<nil>
980	175	20	195	<nil>
980	175	21	196	<nil>
980	211	45	256	<nil>
980	214	44	258	<nil>
980	174	9	183	<nil>
980	180	23	203	<nil>
980	184	23	207	<nil>
980	182	22	204	<nil>
980	227	22	249	<nil>
980	198	5	203	<nil>
980	5625	5	5630	<nil>
980	199	6	205	<nil>
980	48	6	54	<nil>
980	55	7	62	<nil>
980	56	4	60	<nil>
980	181	10	191	<nil>
980	50	8	58	<nil>
980	137	6	143	<nil>
980	204	5	209	<nil>
980	174	10	184	<nil>
980	200	8	208	<nil>
980	59	8	67	<nil>
980	81	8	89	<nil>
980	199	8	207	<nil>
980	136	9	145	<nil>
980	202	6	208	<nil>
980	164	22	186	<nil>
980	220	7	227	<nil>
980	209	0	209	<nil>
980	199	8	207	<nil>
980	196	7	203	<nil>
980	17455	8	17463	<nil>
980	174	9	183	<nil>
980	201	7	208	<nil>
980	202	7	209	<nil>
980	175	8	183	<nil>
980	5623	8	5631	<nil>
980	48	9	57	<nil>
980	5607	13	5620	<nil>
980	5629	7	5636	<nil>
980	143	10	153	<nil>
980	204	0	204	<nil>
980	200	8	208	<nil>
980	5609	22	5631	<nil>
980	207	21	228	<nil>
980	252	16	268	<nil>
980	206	21	227	<nil>
980	206	23	229	<nil>
980	251	20	271	<nil>
980	214	22	236	<nil>
980	212	17	229	<nil>
980	214	22	236	<nil>
980	218	18	236	<nil>
980	213	24	237	<nil>
980	243	16	259	<nil>
980	226	18	244	<nil>
980	220	17	237	<nil>
980	215	22	237	<nil>
980	212	24	236	<nil>
980	231	22	253	<nil>
980	216	20	236	<nil>
980	228	16	244	<nil>
980	231	24	255	<nil>
980	254	16	270	<nil>
980	218	23	241	<nil>
980	205	39	244	<nil>
980	205	22	227	<nil>
980	205	51	256	<nil>
980	248	540	788	<nil>
980	5883	543	6426	<nil>
980	5883	545	6428	<nil>
980	250	542	792	<nil>
980	243	547	790	<nil>
980	248	540	788	<nil>
980	246	543	789	<nil>
980	253	541	794	<nil>
980	249	540	789	<nil>
980	248	540	788	<nil>
980	248	540	788	<nil>
980	250	541	791	<nil>
980	245	545	790	<nil>
980	256	540	796	<nil>
980	107297	543	107840	<nil>
980	246	544	790	<nil>
980	5878	543	6421	<nil>
980	251	540	791	<nil>
980	30556	542	31098	<nil>
980	247	544	791	<nil>
980	247	544	791	<nil>
980	1115	542	1657	<nil>
980	247	544	791	<nil>
980	1103	542	1645	<nil>
980	247	544	791	<nil>
980	247	542	789	<nil>
980	250	542	792	<nil>
980	250	542	792	<nil>
980	250	544	794	<nil>
980	249	553	802	<nil>
980	17721	561	18282	<nil>
980	248	561	809	<nil>
980	256	561	817	<nil>
980	250	561	811	<nil>
980	249	568	817	<nil>
980	249	568	817	<nil>
980	249	568	817	<nil>
980	207	0	207	rpc error: code = Unavailable desc = transport is closing
980	227	0	227	rpc error: code = Unavailable desc = transport is closing
980	253	0	253	rpc error: code = Unavailable desc = transport is closing
980	247	0	247	rpc error: code = Unavailable desc = transport is closing
980	251	0	251	rpc error: code = Unavailable desc = transport is closing
980	283	568	851	<nil>
980	249	568	817	<nil>
980	253	0	253	rpc error: code = Unavailable desc = transport is closing
980	222	0	222	rpc error: code = Unavailable desc = transport is closing
980	252	0	252	rpc error: code = Unavailable desc = transport is closing
980	252	0	252	rpc error: code = Unavailable desc = transport is closing
980	252	0	252	rpc error: code = Unavailable desc = transport is closing
980	222	0	222	rpc error: code = Unavailable desc = transport is closing
980	247	0	247	rpc error: code = Unavailable desc = transport is closing
980	223	0	223	rpc error: code = Unavailable desc = transport is closing
980	238	0	238	rpc error: code = Unavailable desc = transport is closing
980	254	0	254	rpc error: code = Unavailable desc = transport is closing
980	249	586	835	<nil>
980	17176	0	17176	rpc error: code = Unavailable desc = transport is closing
980	250	0	250	rpc error: code = Unavailable desc = transport is closing
980	250	588	838	<nil>
980	245	0	245	rpc error: code = Unavailable desc = transport is closing
980	15927	0	15927	rpc error: code = Unavailable desc = transport is closing
980	234	0	234	rpc error: code = Unavailable desc = transport is closing
980	261	0	261	rpc error: code = Unavailable desc = transport is closing
980	268	0	268	rpc error: code = Unavailable desc = transport is closing
980	227	0	227	rpc error: code = Unavailable desc = transport is closing
980	225	0	225	rpc error: code = Unavailable desc = transport is closing
980	277	0	277	rpc error: code = Unavailable desc = transport is closing
980	272	0	272	rpc error: code = Unavailable desc = transport is closing
980	249	586	835	<nil>
980	217	0	217	rpc error: code = Unavailable desc = transport is closing
980	230	0	230	rpc error: code = Unavailable desc = transport is closing
980	250	0	250	rpc error: code = Unavailable desc = transport is closing
980	276	0	276	rpc error: code = Unavailable desc = transport is closing
980	247	0	247	rpc error: code = Unavailable desc = transport is closing
980	284	0	284	rpc error: code = Unavailable desc = transport is closing
980	277	0	277	rpc error: code = Unavailable desc = transport is closing
980	16535	0	16535	rpc error: code = Unavailable desc = transport is closing
980	249	0	249	rpc error: code = Unavailable desc = transport is closing
980	252	587	839	<nil>
980	264	0	264	rpc error: code = Unavailable desc = transport is closing
980	276	0	276	rpc error: code = Unavailable desc = transport is closing
980	221	0	221	rpc error: code = Unavailable desc = transport is closing
980	281	0	281	rpc error: code = Unavailable desc = transport is closing
980	4675	0	4675	rpc error: code = Unavailable desc = transport is closing
980	8803	0	8803	rpc error: code = Unavailable desc = transport is closing
980	4155	0	4155	rpc error: code = Unavailable desc = transport is closing
980	9516	0	9516	rpc error: code = Unavailable desc = transport is closing
980	6519	0	6519	rpc error: code = Unavailable desc = transport is closing
980	223	0	223	rpc error: code = Unavailable desc = transport is closing
980	259	594	853	<nil>
980	222	0	222	rpc error: code = Unavailable desc = transport is closing
980	9514	0	9514	rpc error: code = Unavailable desc = transport is closing
980	256	589	845	<nil>
980	233	0	233	rpc error: code = Unavailable desc = transport is closing
980	251	0	251	rpc error: code = Unavailable desc = transport is closing
980	27506	0	27506	rpc error: code = Unavailable desc = transport is closing
980	8785	0	8785	rpc error: code = Unavailable desc = transport is closing
980	278	0	278	rpc error: code = Unavailable desc = transport is closing
980	119	0	119	rpc error: code = Unavailable desc = transport is closing
980	252	589	841	<nil>
980	9297	0	9297	rpc error: code = Unavailable desc = transport is closing
980	120	0	120	rpc error: code = Unavailable desc = transport is closing
980	251	0	251	rpc error: code = Unavailable desc = transport is closing
980	9282	0	9282	rpc error: code = Unavailable desc = transport is closing
980	120	0	120	rpc error: code = Unavailable desc = transport is closing
980	250	0	250	rpc error: code = Unavailable desc = transport is closing
980	6402	0	6402	rpc error: code = Unavailable desc = transport is closing
980	9277	0	9277	rpc error: code = Unavailable desc = transport is closing
980	14936	0	14936	rpc error: code = Unavailable desc = transport is closing
980	269	0	269	rpc error: code = Unavailable desc = transport is closing
980	279	0	279	rpc error: code = Unavailable desc = transport is closing
980	268	0	268	rpc error: code = Unavailable desc = transport is closing
980	251	588	839	<nil>
980	265	0	265	rpc error: code = Unavailable desc = transport is closing
980	240	0	240	rpc error: code = Unavailable desc = transport is closing
980	17483	0	17483	rpc error: code = Unavailable desc = transport is closing
980	217	0	217	rpc error: code = Unavailable desc = transport is closing
980	4652	0	4652	rpc error: code = Unavailable desc = transport is closing
980	6402	0	6402	rpc error: code = Unavailable desc = transport is closing
980	4158	0	4158	rpc error: code = Unavailable desc = transport is closing
980	249	597	846	<nil>
980	280	0	280	rpc error: code = Unavailable desc = transport is closing
980	268	0	268	rpc error: code = Unavailable desc = transport is closing
980	9312	0	9312	rpc error: code = Unavailable desc = transport is closing
980	264	0	264	rpc error: code = Unavailable desc = transport is closing
980	225	0	225	rpc error: code = Unavailable desc = transport is closing
980	254	0	254	rpc error: code = Unavailable desc = transport is closing
980	267	0	267	rpc error: code = Unavailable desc = transport is closing
980	278	0	278	rpc error: code = Unavailable desc = transport is closing
980	282	0	282	rpc error: code = Unavailable desc = transport is closing
980	260	589	849	<nil>
980	285	0	285	rpc error: code = Unavailable desc = transport is closing
980	4652	0	4652	rpc error: code = Unavailable desc = transport is closing
980	250	0	250	rpc error: code = Unavailable desc = transport is closing
980	262	0	262	rpc error: code = Unavailable desc = transport is closing
980	6521	0	6521	rpc error: code = Unavailable desc = transport is closing
980	218	0	218	rpc error: code = Unavailable desc = transport is closing
980	278	0	278	rpc error: code = Unavailable desc = transport is closing
980	245	0	245	rpc error: code = Unavailable desc = transport is closing
980	263	0	263	rpc error: code = Unavailable desc = transport is closing
980	283	0	283	rpc error: code = Unavailable desc = transport is closing
980	253	0	253	rpc error: code = Unavailable desc = transport is closing
980	277	0	277	rpc error: code = Unavailable desc = transport is closing
980	222	0	222	rpc error: code = Unavailable desc = transport is closing
980	16711	0	16711	rpc error: code = Unavailable desc = transport is closing
980	251	0	251	rpc error: code = Unavailable desc = transport is closing
980	258	0	258	rpc error: code = Unavailable desc = transport is closing
980	17168	0	17168	rpc error: code = Unavailable desc = transport is closing
980	221	0	221	rpc error: code = Unavailable desc = transport is closing
980	275	0	275	rpc error: code = Unavailable desc = transport is closing
980	276	0	276	rpc error: code = Unavailable desc = transport is closing
980	275	0	275	rpc error: code = Unavailable desc = transport is closing
980	263	0	263	rpc error: code = Unavailable desc = transport is closing
980	279	0	279	rpc error: code = Unavailable desc = transport is closing
980	283	0	283	rpc error: code = Unavailable desc = transport is closing
980	221	0	221	rpc error: code = Unavailable desc = transport is closing
980	279	0	279	rpc error: code = Unavailable desc = transport is closing
980	272	0	272	rpc error: code = Unavailable desc = transport is closing
980	283	0	283	rpc error: code = Unavailable desc = transport is closing
980	280	0	280	rpc error: code = Unavailable desc = transport is closing
980	276	0	276	rpc error: code = Unavailable desc = transport is closing
980	288	0	288	rpc error: code = Unavailable desc = transport is closing
980	279	0	279	rpc error: code = Unavailable desc = transport is closing
980	277	0	277	rpc error: code = Unavailable desc = transport is closing
980	279	0	279	rpc error: code = Unavailable desc = transport is closing
980	280	0	280	rpc error: code = Unavailable desc = transport is closing
980	247	0	247	rpc error: code = Unavailable desc = transport is closing
980	280	0	280	rpc error: code = Unavailable desc = transport is closing
980	274	0	274	rpc error: code = Unavailable desc = transport is closing
980	224	0	224	rpc error: code = Unavailable desc = transport is closing
980	282	0	282	rpc error: code = Unavailable desc = transport is closing
980	281	0	281	rpc error: code = Unavailable desc = transport is closing
980	275	0	275	rpc error: code = Unavailable desc = transport is closing
980	280	0	280	rpc error: code = Unavailable desc = transport is closing
980	281	0	281	rpc error: code = Unavailable desc = transport is closing
980	273	0	273	rpc error: code = Unavailable desc = transport is closing
980	8879	0	8879	rpc error: code = Unavailable desc = transport is closing
980	278	0	278	rpc error: code = Unavailable desc = transport is closing
980	249	593	842	<nil>
980	250	593	843	<nil>
980	282	0	282	rpc error: code = Unavailable desc = transport is closing
980	245	0	245	rpc error: code = Unavailable desc = transport is closing
980	256	587	843	<nil>
980	250	593	843	<nil>
980	240	0	240	rpc error: code = Unavailable desc = transport is closing
980	234	0	234	rpc error: code = Unavailable desc = transport is closing
980	231	0	231	rpc error: code = Unavailable desc = transport is closing
980	253	0	253	rpc error: code = Unavailable desc = transport is closing
980	5889	581	6470	<nil>
980	224	0	224	rpc error: code = Unavailable desc = transport is closing
980	9573	0	9573	rpc error: code = Unavailable desc = transport is closing
980	6413	0	6413	rpc error: code = Unavailable desc = transport is closing
980	225	0	225	rpc error: code = Unavailable desc = transport is closing
980	267	0	267	rpc error: code = Unavailable desc = transport is closing
980	261	592	853	<nil>
980	265	582	847	<nil>
980	255	594	849	<nil>
980	271	582	853	<nil>
980	278	596	874	<nil>
980	253	592	845	<nil>
980	253	592	845	<nil>
980	266	0	266	rpc error: code = Unavailable desc = transport is closing
980	252	593	845	<nil>
980	10331	582	10913	<nil>
980	4149	0	4149	rpc error: code = Unavailable desc = transport is closing
980	253	592	845	<nil>
980	283	593	876	<nil>
980	259	593	852	<nil>
980	251	0	251	rpc error: code = Unavailable desc = transport is closing
980	252	592	844	<nil>
980	119	0	119	rpc error: code = Unavailable desc = transport is closing
980	4152	0	4152	rpc error: code = Unavailable desc = transport is closing
980	250	0	250	rpc error: code = Unavailable desc = transport is closing
980	118	0	118	rpc error: code = Unavailable desc = transport is closing
980	272	0	272	rpc error: code = Unavailable desc = transport is closing
980	229	0	229	rpc error: code = Unavailable desc = transport is closing
980	224	0	224	rpc error: code = Unavailable desc = transport is closing
980	252	0	252	rpc error: code = Unavailable desc = transport is closing
980	233	0	233	rpc error: code = Unavailable desc = transport is closing
980	611	149	760	<nil>
980	29566	146	29712	<nil>
980	596	137	733	<nil>
980	601	145	746	<nil>
980	636	112	748	<nil>
980	631	115	746	<nil>
980	640	110	750	<nil>
980	647	109	756	<nil>
980	644	112	756	<nil>
980	640	115	755	<nil>
980	649	115	764	<nil>
980	648	111	759	<nil>
980	644	112	756	<nil>
980	11040	106	11146	<nil>
980	643	112	755	<nil>
980	644	108	752	<nil>
980	635	116	751	<nil>
980	1658	69	1727	<nil>
980	18419	69	18488	<nil>
980	172	35	207	<nil>
980	1169	67	1236	<nil>
980	1669	57	1726	<nil>
980	1670	58	1728	<nil>
980	1671	60	1731	<nil>
980	164	70	234	<nil>
980	638	113	751	<nil>
980	166	53	219	<nil>
980	158	33	191	<nil>
980	162	35	197	<nil>
980	164	78	242	<nil>
980	644	145	789	<nil>
980	175	85	260	<nil>
980	177	57	234	<nil>
980	166	44	210	<nil>
980	18422	72	18494	<nil>
980	6599	60	6659	<nil>
980	1347	70	1417	<nil>
980	29690	58	29748	<nil>
980	1360	55	1415	<nil>
980	6600	57	6657	<nil>
980	1671	60	1731	<nil>
980	160	28	188	<nil>
980	176	40	216	<nil>
980	175	41	216	<nil>
980	180	41	221	<nil>
980	166	108	274	<nil>
980	159	90	249	<nil>
980	144	29	173	<nil>
980	640	112	752	<nil>
980	175	51	226	<nil>
980	144	30	174	<nil>
980	194	53	247	<nil>
980	154	35	189	<nil>
980	165	31	196	<nil>
980	153	35	188	<nil>
980	144	31	175	<nil>
980	166	53	219	<nil>
980	152	38	190	<nil>
980	157	45	202	<nil>
980	144	32	176	<nil>
980	176	46	222	<nil>
980	152	40	192	<nil>
980	18873	74	18947	<nil>
980	162	37	199	<nil>
980	154	37	191	<nil>
980	155	38	193	<nil>
980	167	57	224	<nil>
980	160	17	177	<nil>
980	1693	54	1747	<nil>
980	1669	78	1747	<nil>
980	1350	86	1436	<nil>
980	644	143	787	<nil>
980	31012	78	31090	<nil>
980	1662	86	1748	<nil>
980	653	144	797	<nil>
980	176	77	253	<nil>
980	1359	77	1436	<nil>
980	1675	77	1752	<nil>
980	165	37	202	<nil>
980	106	31	137	<nil>
980	176	52	228	<nil>
980	15652	79	15731	<nil>
980	1630	62	1692	<nil>
980	1275	79	1354	<nil>
980	182	33	215	<nil>
980	28580	86	28666	<nil>
980	161	89	250	<nil>
980	176	90	266	<nil>
980	180	86	266	<nil>
980	161	83	244	<nil>
980	6537	179	6716	<nil>
980	158	89	247	<nil>
980	175	90	265	<nil>
980	1670	119	1789	<nil>
980	157	34	191	<nil>
980	166948	124	167072	<nil>
980	181	89	270	<nil>
980	151	86	237	<nil>
980	175	97	272	<nil>
980	109	12	121	<nil>
980	173	53	226	<nil>
980	155	36	191	<nil>
980	198	49	247	<nil>
980	116	66	182	<nil>
980	201	54	255	<nil>
980	200	49	249	<nil>
980	158	88	246	<nil>
980	165	100	265	<nil>
980	176	89	265	<nil>
980	650	182	832	<nil>
980	1658	129	1787	<nil>
980	121	49	170	<nil>
980	210	50	260	<nil>
980	70	50	120	<nil>
980	209	57	266	<nil>
980	204	40	244	<nil>
980	224	45	269	<nil>
980	203	56	259	<nil>
980	187	52	239	<nil>
980	217	42	259	<nil>
980	218	42	260	<nil>
980	189	50	239	<nil>
980	207	60	267	<nil>
980	201	59	260	<nil>
980	220	47	267	<nil>
980	190	50	240	<nil>
980	219	41	260	<nil>
980	220	41	261	<nil>
980	234	58	292	<nil>
980	227	44	271	<nil>
980	192	51	243	<nil>
980	117	45	162	<nil>
980	220	45	265	<nil>
980	200	45	245	<nil>
980	211	35	246	<nil>
980	211	35	246	<nil>
980	16480	48	16528	<nil>
980	213	52	265	<nil>
980	237	35	272	<nil>
980	198	46	244	<nil>
980	201	59	260	<nil>
980	234	54	288	<nil>
980	191	48	239	<nil>
980	212	51	263	<nil>
980	223	56	279	<nil>
980	214	56	270	<nil>
980	228	55	283	<nil>
980	111	105	216	<nil>
980	228	55	283	<nil>
980	1202	58	1260	<nil>
980	234	58	292	<nil>
980	235	58	293	<nil>
980	216	53	269	<nil>
980	203	40	243	<nil>
980	206	38	244	<nil>
980	179	49	228	<nil>
980	220	52	272	<nil>
980	227	45	272	<nil>
980	226	77	303	<nil>
980	185	90	275	<nil>
980	188	155	343	<nil>
980	1185	138	1323	<nil>
980	118	138	256	<nil>
980	235	87	322	<nil>
980	67	92	159	<nil>
980	138	93	231	<nil>
980	244	78	322	<nil>
980	246	126	372	<nil>
980	226	145	371	<nil>
980	233	128	361	<nil>
980	232	134	366	<nil>
980	226	139	365	<nil>
980	233	129	362	<nil>
980	247	131	378	<nil>
980	246	127	373	<nil>
980	227	158	385	<nil>
980	226	158	384	<nil>
980	246	158	404	<nil>
980	227	158	385	<nil>
980	15557	157	15714	<nil>
980	76	229	305	<nil>
980	93	234	327	<nil>
980	255	233	488	<nil>
980	239	233	472	<nil>
980	230	235	465	<nil>
980	230	242	472	<nil>
980	233	243	476	<nil>
980	242	240	482	<nil>
980	243	245	488	<nil>
980	1107	245	1352	<nil>
980	101	246	347	<nil>
980	245	246	491	<nil>
980	244	246	490	<nil>
980	244	247	491	<nil>
980	245	249	494	<nil>
980	245	249	494	<nil>
980	1268	184	1452	<nil>
980	15790	183	15973	<nil>
980	1177	188	1365	<nil>
980	139	182	321	<nil>
980	315	184	499	<nil>
980	301	47	348	<nil>
980	235	137	372	<nil>
980	316	183	499	<nil>
980	339	156	495	<nil>
980	329	167	496	<nil>
980	316	184	500	<nil>
980	312	184	496	<nil>
980	307	192	499	<nil>
980	317	178	495	<nil>
980	329	166	495	<nil>
980	134	185	319	<nil>
980	318	180	498	<nil>
980	1178	184	1362	<nil>
980	318	179	497	<nil>
980	269	181	450	<nil>
980	316	179	495	<nil>
980	316	180	496	<nil>
980	150	157	307	<nil>
980	283	167	450	<nil>
980	272	179	451	<nil>
980	336	187	523	<nil>
980	1186	179	1365	<nil>
980	308	189	497	<nil>
980	369	148	517	<nil>
980	311	187	498	<nil>
980	280	169	449	<nil>
980	1195	170	1365	<nil>
980	140	186	326	<nil>
980	171	187	358	<nil>
980	327	170	497	<nil>
980	263	190	453	<nil>
980	319	179	498	<nil>
980	350	149	499	<nil>
980	312	186	498	<nil>
980	283	172	455	<nil>
980	198	170	368	<nil>
980	176	189	365	<nil>
980	138	186	324	<nil>
980	17555	171	17726	<nil>
980	1195	170	1365	<nil>
980	1243	123	1366	<nil>
980	352	148	500	<nil>
980	1195	172	1367	<nil>
980	161	166	327	<nil>
980	182	183	365	<nil>
980	1185	183	1368	<nil>
980	156	162	318	<nil>
980	409	121	530	<nil>
980	403	108	511	<nil>
980	482	29	511	<nil>
980	229	145	374	<nil>
980	16015	96	16111	<nil>
980	324	49	373	<nil>
980	1186	194	1380	<nil>
980	1196	184	1380	<nil>
980	264	184	448	<nil>
980	316	177	493	<nil>
980	208	167	375	<nil>
980	285	97	382	<nil>
980	481	52	533	<nil>
980	489	57	546	<nil>
980	489	58	547	<nil>
980	481	58	539	<nil>
980	482	58	540	<nil>
980	483	77	560	<nil>
980	487	72	559	<nil>
980	509	73	582	<nil>
980	511	72	583	<nil>
980	490	77	567	<nil>
980	482	78	560	<nil>
980	516	73	589	<nil>
980	482	78	560	<nil>
980	490	77	567	<nil>
980	511	73	584	<nil>
980	489	78	567	<nil>
980	218	52	270	<nil>
980	237	55	292	<nil>
980	288	52	340	<nil>
980	219	52	271	<nil>
980	486	78	564	<nil>
980	239	53	292	<nil>
980	264	73	337	<nil>
980	511	73	584	<nil>
980	284	52	336	<nil>
980	220	52	272	<nil>
980	276	92	368	<nil>
980	222	50	272	<nil>
980	280	75	355	<nil>
980	296	63	359	<nil>
980	300	63	363	<nil>
980	490	77	567	<nil>
980	168	63	231	<nil>
980	297	77	374	<nil>
980	231	78	309	<nil>
980	293	72	365	<nil>
980	293	63	356	<nil>
980	264	92	356	<nil>
980	264	98	362	<nil>
980	289	80	369	<nil>
980	8462	63	8525	<nil>
980	271	80	351	<nil>
980	282	77	359	<nil>
980	294	72	366	<nil>
980	276	92	368	<nil>
980	509	100	609	<nil>
980	228	67	295	<nil>
980	276	95	371	<nil>
980	264	95	359	<nil>
980	292	77	369	<nil>
980	294	66	360	<nil>
980	219	73	292	<nil>
980	292	67	359	<nil>
980	237	79	316	<nil>
980	293	79	372	<nil>
980	276	97	373	<nil>
980	284	76	360	<nil>
980	9815	75	9890	<nil>
980	254	97	351	<nil>
980	221	74	295	<nil>
980	281	86	367	<nil>
980	264	97	361	<nil>
980	236	80	316	<nil>
980	292	75	367	<nil>
980	246	80	326	<nil>
980	284	77	361	<nil>
980	236	79	315	<nil>
980	287	82	369	<nil>
980	264	103	367	<nil>
980	238	94	332	<nil>
980	292	75	367	<nil>
980	300	75	375	<nil>
980	295	84	379	<nil>
980	29641	84	29725	<nil>
980	210	85	295	<nil>
980	220	86	306	<nil>
980	275	111	386	<nil>
980	293	95	388	<nil>
980	15561	92	15653	<nil>
980	226	62	288	<nil>
980	219	103	322	<nil>
980	276	124	400	<nil>
980	292	96	388	<nil>
980	264	125	389	<nil>
980	226	96	322	<nil>
980	222	102	324	<nil>
980	284	105	389	<nil>
980	282	107	389	<nil>
980	295	114	409	<nil>
980	292	116	408	<nil>
980	285	113	398	<nil>
980	290	116	406	<nil>
980	329	133	462	<nil>
980	226	111	337	<nil>
980	239	120	359	<nil>
980	222	152	374	<nil>
980	283	154	437	<nil>
980	241	112	353	<nil>
980	215	117	332	<nil>
980	176	103	279	<nil>
980	291	192	483	<nil>
980	389	38	427	<nil>
980	425	24	449	<nil>
980	273	8	281	<nil>
980	489	28	517	<nil>
980	200	21	221	<nil>
980	421	27	448	<nil>
980	425	24	449	<nil>
980	495	23	518	<nil>
980	209	6	215	<nil>
980	224	7	231	<nil>
980	229	7	236	<nil>
980	208	9	217	<nil>
980	498	22	520	<nil>
980	513	10	523	<nil>
980	457	58	515	<nil>
980	512	13	525	<nil>
980	510	12	522	<nil>
980	510	13	523	<nil>
980	237	14	251	<nil>
980	421	24	445	<nil>
980	508	19	527	<nil>
980	441	19	460	<nil>
980	507	26	533	<nil>
980	274	21	295	<nil>
980	502	33	535	<nil>
980	505	36	541	<nil>
980	232	13	245	<nil>
980	262	97	359	<nil>
980	233	18	251	<nil>
980	468	12	480	<nil>
980	236	15	251	<nil>
980	250	11	261	<nil>
980	250	13	263	<nil>
980	275	19	294	<nil>
980	198	7	205	<nil>
980	2561	7	2568	<nil>
980	248	19	267	<nil>
980	235	21	256	<nil>
980	377	19	396	<nil>
980	236	21	257	<nil>
980	2569	4	2573	<nil>
980	214	21	235	<nil>
980	30030	17	30047	<nil>
980	344	10	354	<nil>
980	250	11	261	<nil>
980	389	19	408	<nil>
980	240	18	258	<nil>
980	531	22	553	<nil>
980	250	12	262	<nil>
980	220	11	231	<nil>
980	237	21	258	<nil>
980	380	19	399	<nil>
980	489	23	512	<nil>
980	254	17	271	<nil>
980	236	21	257	<nil>
980	320	1	321	<nil>
980	240	19	259	<nil>
980	349	15	364	<nil>
980	240	20	260	<nil>
980	1381	19	1400	<nil>
980	300	21	321	<nil>
980	239	22	261	<nil>
980	251	23	274	<nil>
980	235	26	261	<nil>
980	202	20	222	<nil>
980	473	20	493	<nil>
980	490	23	513	<nil>
980	336	0	336	<nil>
980	356	29	385	<nil>
980	247	15	262	<nil>
980	540	22	562	<nil>
980	256	23	279	<nil>
980	238	24	262	<nil>
980	75986	21	76007	<nil>
980	234	30	264	<nil>
980	17286	20	17306	<nil>
980	355	13	368	<nil>
980	244	19	263	<nil>
980	472	24	496	<nil>
980	29890	20	29910	<nil>
980	403	22	425	<nil>
980	258	3	261	<nil>
980	242	22	264	<nil>
980	16953	24	16977	<nil>
980	539	23	562	<nil>
980	262	6	268	<nil>
980	266	8	274	<nil>
980	541	20	561	<nil>
980	433	32	465	<nil>
980	399	10	409	<nil>
980	241	25	266	<nil>
980	259	7	266	<nil>
980	145	31	176	<nil>
980	264	9	273	<nil>
980	237	30	267	<nil>
980	295	32	327	<nil>
980	203	1	204	<nil>
980	15403	24	15427	<nil>
980	262	4	266	<nil>
980	243	24	267	<nil>
980	536	27	563	<nil>
980	269	3	272	<nil>
980	16320	21	16341	<nil>
980	239	28	267	<nil>
980	248	19	267	<nil>
980	240	28	268	<nil>
980	271	4	275	<nil>
980	266	9	275	<nil>
980	200	3	203	<nil>
980	263	8	271	<nil>
980	203	5	208	<nil>
980	274	39	313	<nil>
980	16392	8	16400	<nil>
980	213	3	216	<nil>
980	214	2	216	<nil>
980	193	3	196	<nil>
980	272	5	277	<nil>
980	211	7	218	<nil>
980	573	6	579	<nil>
980	275	6	281	<nil>
980	41878	6	41884	<nil>
980	287	5	292	<nil>
980	238	5	243	<nil>
980	216	6	222	<nil>
980	2538	7	2545	<nil>
980	573	7	580	<nil>
980	277	6	283	<nil>
980	214	9	223	<nil>
980	289	7	296	<nil>
980	46294	10	46304	<nil>
980	2556	6	2562	<nil>
980	15400	13	15413	<nil>
980	238	7	245	<nil>
980	210	12	222	<nil>
980	191	12	203	<nil>
980	275	9	284	<nil>
980	209	1	210	<nil>
980	211	2	213	<nil>
980	223	3	226	<nil>
980	208	8	216	<nil>
980	2575	6	2581	<nil>
980	209	6	215	<nil>
980	427	25	452	<nil>
980	2539	5	2544	<nil>
980	228	5	233	<nil>
980	2567	5	2572	<nil>
980	224	6	230	<nil>
980	203	6	209	<nil>
980	198	7	205	<nil>
980	183	6	189	<nil>
980	209	6	215	<nil>
980	2570	6	2576	<nil>
980	473	47	520	<nil>
980	505	14	519	<nil>
980	505	17	522	<nil>
980	494	105	599	<nil>
980	232	12	244	<nil>
980	218	6	224	<nil>
980	224	12	236	<nil>
980	2576	7	2583	<nil>
980	271	18	289	<nil>
980	220	7	227	<nil>
980	207	8	215	<nil>
980	377	19	396	<nil>
980	544	16	560	<nil>
980	2576	16	2592	<nil>
980	2579	20	2599	<nil>
980	512	101	613	<nil>
980	235	21	256	<nil>
980	511	101	612	<nil>
980	441	13	454	<nil>
980	349	15	364	<nil>
980	233	17	250	<nil>
980	441	13	454	<nil>
980	235	21	256	<nil>
980	217	21	238	<nil>
980	219	21	240	<nil>
980	2547	17	2564	<nil>
980	235	22	257	<nil>
980	422	13	435	<nil>
980	218	17	235	<nil>
980	45153	17	45170	<nil>
980	215	22	237	<nil>
980	307	9	316	<nil>
980	309	9	318	<nil>
980	218	19	237	<nil>
980	214	22	236	<nil>
980	348	5	353	<nil>
980	249	8	257	<nil>
980	10202	14	10216	<nil>
980	442	15	457	<nil>
980	422	16	438	<nil>
980	218	18	236	<nil>
980	230	9	239	<nil>
980	214	22	236	<nil>
980	30937	10	30947	<nil>
980	260	17	277	<nil>
980	348	9	357	<nil>
980	219	8	227	<nil>
980	230	25	255	<nil>
980	351	9	360	<nil>
980	209	9	218	<nil>
980	16435	9	16444	<nil>
980	219	9	228	<nil>
980	357	22	379	<nil>
980	229	11	240	<nil>
980	230	10	240	<nil>
980	321	10	331	<nil>
980	168	9	177	<nil>
980	237	18	255	<nil>
980	227	11	238	<nil>
980	331	10	341	<nil>
980	232	9	241	<nil>
980	2559	10	2569	<nil>
980	2560	11	2571	<nil>
980	311	9	320	<nil>
980	379	17	396	<nil>
980	137	10	147	<nil>
980	252	11	263	<nil>
980	2560	11	2571	<nil>
980	252	10	262	<nil>
980	321	1	322	<nil>
980	2558	13	2571	<nil>
980	2589	11	2600	<nil>
980	334	12	346	<nil>
980	320	1	321	<nil>
980	230	13	243	<nil>
980	233	11	244	<nil>
980	320	1	321	<nil>
980	321	1	322	<nil>
980	219	12	231	<nil>
980	547	17	564	<nil>
980	371	1	372	<nil>
980	232	12	244	<nil>
980	241	17	258	<nil>
980	283	1	284	<nil>
980	292	18	310	<nil>
980	2547	19	2566	<nil>
980	16379	13	16392	<nil>
980	251	12	263	<nil>
980	354	19	373	<nil>
980	269	5	274	<nil>
980	238	26	264	<nil>
980	232	1	233	<nil>
980	2808	1	2809	<nil>
980	2807	1	2808	<nil>
980	2795	18	2813	<nil>
980	16624	14	16638	<nil>
980	218	18	236	<nil>
980	2752	58	2810	<nil>
980	2796	17	2813	<nil>
980	66426	14	66440	<nil>
980	2791	19	2810	<nil>
980	218	19	237	<nil>
980	2794	19	2813	<nil>
980	2795	18	2813	<nil>
980	220	17	237	<nil>
980	313	20	333	<nil>
980	2793	17	2810	<nil>
980	2795	19	2814	<nil>
980	2806	18	2824	<nil>
980	2795	16	2811	<nil>
980	2764	48	2812	<nil>
980	2821	19	2840	<nil>
980	2811	2	2813	<nil>
980	2794	18	2812	<nil>
980	153	17	170	<nil>
980	184	54	238	<nil>
980	214	18	232	<nil>
980	2800	19	2819	<nil>
980	2791	19	2810	<nil>
980	17354	17	17371	<nil>
980	2806	17	2823	<nil>
980	318	19	337	<nil>
980	2807	2	2809	<nil>
980	2795	18	2813	<nil>
980	2811	28	2839	<nil>
980	2780	35	2815	<nil>
980	2807	3	2810	<nil>
980	190	4	194	<nil>
980	218	19	237	<nil>
980	16623	10	16633	<nil>
980	2791	19	2810	<nil>
980	2821	18	2839	<nil>
980	2842	7	2849	<nil>
980	219	20	239	<nil>
980	2809	4	2813	<nil>
980	1151	5	1156	<nil>
980	228	5	233	<nil>
980	2806	6	2812	<nil>
980	2820	6	2826	<nil>
980	234	4	238	<nil>
980	234	3	237	<nil>
980	2786	35	2821	<nil>
980	29878	4	29882	<nil>
980	2822	16	2838	<nil>
980	2807	5	2812	<nil>
980	2709	114	2823	<nil>
980	234	4	238	<nil>
980	2794	21	2815	<nil>
980	2806	9	2815	<nil>
980	231	16	247	<nil>
980	278	72	350	<nil>
980	152	72	224	<nil>
980	151	73	224	<nil>
980	2864	75	2939	<nil>
980	252	70	322	<nil>
980	2829	86	2915	<nil>
980	253	89	342	<nil>
980	254	89	343	<nil>
980	170	88	258	<nil>
980	255	89	344	<nil>
980	153	89	242	<nil>
980	255	88	343	<nil>
980	251	88	339	<nil>
980	251	88	339	<nil>
980	255	89	344	<nil>
980	252	88	340	<nil>
980	198	88	286	<nil>
980	255	89	344	<nil>
980	199	88	287	<nil>
980	251	90	341	<nil>
980	1183	89	1272	<nil>
980	251	88	339	<nil>
980	269	79	348	<nil>
980	263	80	343	<nil>
980	2858	92	2950	<nil>
980	166	77	243	<nil>
980	165	80	245	<nil>
980	2854	79	2933	<nil>
980	268	79	347	<nil>
980	280	63	343	<nil>
980	210	79	289	<nil>
980	2851	79	2930	<nil>
980	178	92	270	<nil>
980	267	80	347	<nil>
980	281	66	347	<nil>
980	281	67	348	<nil>
980	2846	79	2925	<nil>
980	2875	79	2954	<nil>
980	2879	80	2959	<nil>
980	269	79	348	<nil>
980	256	91	347	<nil>
980	280	63	343	<nil>
980	269	78	347	<nil>
980	255	91	346	<nil>
980	252	92	344	<nil>
980	2830	92	2922	<nil>
980	2859	92	2951	<nil>
980	217	72	289	<nil>
980	244	74	318	<nil>
980	2901	35	2936	<nil>
980	291	79	370	<nil>
980	105	52	157	<nil>
980	235	111	346	<nil>
980	2925	55	2980	<nil>
980	105	64	169	<nil>
980	4877	0	4877	rpc error: code = Unavailable desc = transport is closing
980	27981	33	28014	<nil>
980	8080	0	8080	rpc error: code = Unavailable desc = transport is closing
980	2966	72	3038	<nil>
980	2993	89	3082	<nil>
980	4882	0	4882	rpc error: code = Unavailable desc = transport is closing
980	390	92	482	<nil>
980	2958	103	3061	<nil>
980	341	89	430	<nil>
980	350	77	427	<nil>
980	2983	77	3060	<nil>
980	415	78	493	<nil>
980	357	79	436	<nil>
980	343	78	421	<nil>
980	326	104	430	<nil>
980	7855	0	7855	rpc error: code = Unavailable desc = transport is closing
980	329	101	430	<nil>
980	359	73	432	<nil>
980	406	89	495	<nil>
980	416	73	489	<nil>
980	326	104	430	<nil>
980	357	73	430	<nil>
980	330	101	431	<nil>
980	29939	0	29939	rpc error: code = Unavailable desc = transport is closing
980	327	105	432	<nil>
980	384	105	489	<nil>
980	325	106	431	<nil>
980	2979	85	3064	<nil>
980	4879	0	4879	rpc error: code = Unavailable desc = transport is closing
980	150	118	268	<nil>
980	149	123	272	<nil>
980	8238	0	8238	rpc error: code = Unavailable desc = transport is closing
980	384	102	486	<nil>
980	147	145	292	<nil>
980	329	105	434	<nil>
980	330	105	435	<nil>
980	396	96	492	<nil>
980	384	109	493	<nil>
980	339	89	428	<nil>
980	384	110	494	<nil>
980	325	102	427	<nil>
980	383	111	494	<nil>
980	2989	101	3090	<nil>
980	382	112	494	<nil>
980	383	112	495	<nil>
980	369	70	439	<nil>
980	382	112	494	<nil>
980	407	88	495	<nil>
980	413	82	495	<nil>
980	384	111	495	<nil>
980	370	68	438	<nil>
980	383	112	495	<nil>
980	383	112	495	<nil>
980	3032	69	3101	<nil>
980	331	108	439	<nil>
980	386	109	495	<nil>
980	381	113	494	<nil>
980	406	88	494	<nil>
980	9509	82	9591	<nil>
980	333	108	441	<nil>
980	331	108	439	<nil>
980	154	119	273	<nil>
980	434	63	497	<nil>
980	384	104	488	<nil>
980	208	62	270	<nil>
980	388	120	508	<nil>
980	383	71	454	<nil>
980	213	57	270	<nil>
980	386	122	508	<nil>
980	387	122	509	<nil>
980	150	121	271	<nil>
980	207	64	271	<nil>
980	445	64	509	<nil>
980	397	93	490	<nil>
980	4882	0	4882	rpc error: code = Unavailable desc = transport is closing
980	450	83	533	<nil>
980	147	146	293	<nil>
980	2961	102	3063	<nil>
980	104	95	199	<nil>
980	148	152	300	<nil>
980	385	155	540	<nil>
980	385	153	538	<nil>
980	150	151	301	<nil>
980	386	150	536	<nil>
980	135	150	285	<nil>
980	45	165	210	<nil>
980	451	103	554	<nil>
980	150	167	317	<nil>
980	199	118	317	<nil>
980	148	169	317	<nil>
980	109	100	209	<nil>
980	109	100	209	<nil>
980	110	102	212	<nil>
980	112	108	220	<nil>
980	114	121	235	<nil>
980	111	137	248	<nil>
980	451	102	553	<nil>
980	216	101	317	<nil>
980	112	133	245	<nil>
980	109	133	242	<nil>
980	461	126	587	<nil>
980	137	129	266	<nil>
980	138	128	266	<nil>
980	140	128	268	<nil>
980	141	125	266	<nil>
980	130	129	259	<nil>
980	3073	206	3279	<nil>
980	105	206	311	<nil>
980	3073	205	3278	<nil>
980	117	196	313	<nil>
980	152	205	357	<nil>
980	125	205	330	<nil>
980	152	204	356	<nil>
980	1127	199	1326	<nil>
980	504	198	702	<nil>
980	153	198	351	<nil>
980	139	179	318	<nil>
980	1127	197	1324	<nil>
980	30570	188	30758	<nil>
980	160	198	358	<nil>
980	161	198	359	<nil>
980	3080	199	3279	<nil>
980	495	207	702	<nil>
980	126	188	314	<nil>
980	504	198	702	<nil>
980	534	199	733	<nil>
980	161	231	392	<nil>
980	259	253	512	<nil>
980	306	206	512	<nil>
980	297	213	510	<nil>
980	1463	218	1681	<nil>
980	3126	219	3345	<nil>
980	442	218	660	<nil>
980	3156	218	3374	<nil>
980	305	218	523	<nil>
980	1167	217	1384	<nil>
980	304	221	525	<nil>
980	3122	221	3343	<nil>
980	307	219	526	<nil>
980	306	219	525	<nil>
980	3120	221	3341	<nil>
980	219	220	439	<nil>
980	9661	201	9862	<nil>
980	151	204	355	<nil>
980	1466	231	1697	<nil>
980	46981	231	47212	<nil>
980	212	169	381	<nil>
980	3123	238	3361	<nil>
980	590	198	788	<nil>
980	305	242	547	<nil>
980	1203	200	1403	<nil>
980	305	248	553	<nil>
980	1717	1	1718	<nil>
980	1468	232	1700	<nil>
980	1231	165	1396	<nil>
980	3125	233	3358	<nil>
980	361	181	542	<nil>
980	445	245	690	<nil>
980	361	186	547	<nil>
980	18178	5	18183	<nil>
980	3376	32	3408	<nil>
980	357	184	541	<nil>
980	297	227	524	<nil>
980	1170	257	1427	<nil>
980	690	15	705	<nil>
980	1713	14	1727	<nil>
980	554	15	569	<nil>
980	468	15	483	<nil>
980	1170	225	1395	<nil>
980	247	56	303	<nil>
980	9710	196	9906	<nil>
980	795	13	808	<nil>
980	469	16	485	<nil>
980	460	23	483	<nil>
980	220	110	330	<nil>
980	211	104	315	<nil>
980	1267	166	1433	<nil>
980	214	105	319	<nil>
980	30712	167	30879	<nil>
980	1237	204	1441	<nil>
980	795	19	814	<nil>
980	1706	34	1740	<nil>
980	3402	43	3445	<nil>
980	210	113	323	<nil>
980	1249	129	1378	<nil>
980	556	17	573	<nil>
980	3379	28	3407	<nil>
980	1717	15	1732	<nil>
980	3367	28	3395	<nil>
980	698	21	719	<nil>
980	528	73	601	<nil>
980	223	117	340	<nil>
980	1267	198	1465	<nil>
980	1298	165	1463	<nil>
980	515	88	603	<nil>
980	1285	176	1461	<nil>
980	9707	25	9732	<nil>
980	1285	176	1461	<nil>
980	1173	291	1464	<nil>
980	3338	76	3414	<nil>
980	213	133	346	<nil>
980	3379	74	3453	<nil>
980	297	47	344	<nil>
980	795	22	817	<nil>
980	224	87	311	<nil>
980	1586	78	1664	<nil>
980	526	77	603	<nil>
980	3351	77	3428	<nil>
980	208	135	343	<nil>
980	10595	151	10746	<nil>
980	1285	180	1465	<nil>
980	508	233	741	<nil>
980	554	47	601	<nil>
980	9538	229	9767	<nil>
980	247	63	310	<nil>
980	218	134	352	<nil>
980	464	50	514	<nil>
980	789	61	850	<nil>
980	217	151	368	<nil>
980	525	88	613	<nil>
980	225	237	462	<nil>
980	525	89	614	<nil>
980	228	93	321	<nil>
980	1247	162	1409	<nil>
980	3380	61	3441	<nil>
980	3357	74	3431	<nil>
980	3393	68	3461	<nil>
980	694	61	755	<nil>
980	693	58	751	<nil>
980	696	58	754	<nil>
980	3402	68	3470	<nil>
980	3380	25	3405	<nil>
980	790	59	849	<nil>
980	246	98	344	<nil>
980	703	185	888	<nil>
980	1716	192	1908	<nil>
980	3375	192	3567	<nil>
980	697	204	901	<nil>
980	311	196	507	<nil>
980	3399	207	3606	<nil>
980	208	197	405	<nil>
980	793	203	996	<nil>
980	562	197	759	<nil>
980	3375	234	3609	<nil>
980	3405	232	3637	<nil>
980	1719	234	1953	<nil>
980	1694	259	1953	<nil>
980	298	228	526	<nil>
980	1717	240	1957	<nil>
980	3385	238	3623	<nil>
980	694	241	935	<nil>
980	1719	236	1955	<nil>
980	3370	244	3614	<nil>
980	559	239	798	<nil>
980	3373	239	3612	<nil>
980	1719	234	1953	<nil>
980	3397	231	3628	<nil>
980	300	231	531	<nil>
980	357	187	544	<nil>
980	879	67	946	<nil>
980	3379	246	3625	<nil>
980	381	74	455	<nil>
980	3402	242	3644	<nil>
980	778	167	945	<nil>
980	17075	153	17228	<nil>
980	640	167	807	<nil>
980	3559	66	3625	<nil>
980	277	168	445	<nil>
980	881	64	945	<nil>
980	864	179	1043	<nil>
980	3593	67	3660	<nil>
980	294	167	461	<nil>
980	777	168	945	<nil>
980	3442	179	3621	<nil>
980	318	179	497	<nil>
980	347	186	533	<nil>
980	1901	66	1967	<nil>
980	326	215	541	<nil>
980	379	67	446	<nil>
980	9901	59	9960	<nil>
980	357	91	448	<nil>
980	451	52	503	<nil>
980	401	53	454	<nil>
980	404	50	454	<nil>
980	849	105	954	<nil>
980	17570	105	17675	<nil>
980	402	52	454	<nil>
980	393	49	442	<nil>
980	348	106	454	<nil>
980	379	75	454	<nil>
980	452	106	558	<nil>
980	382	74	456	<nil>
980	394	61	455	<nil>
980	403	48	451	<nil>
980	395	77	472	<nil>
980	401	53	454	<nil>
980	341	113	454	<nil>
980	401	54	455	<nil>
980	380	77	457	<nil>
980	792	242	1034	<nil>
980	380	76	456	<nil>
980	442	106	548	<nil>
980	763	237	1000	<nil>
980	347	109	456	<nil>
980	393	62	455	<nil>
980	380	76	456	<nil>
980	341	117	458	<nil>
980	356	99	455	<nil>
980	439	110	549	<nil>
980	346	110	456	<nil>
980	347	194	541	<nil>
980	427	35	462	<nil>
980	426	37	463	<nil>
980	1491	42	1533	<nil>
980	420	41	461	<nil>
980	421	41	462	<nil>
980	430	41	471	<nil>
980	403	58	461	<nil>
980	492	29	521	<nil>
980	425	36	461	<nil>
980	422	41	463	<nil>
980	474	42	516	<nil>
980	477	38	515	<nil>
980	403	63	466	<nil>
980	427	44	471	<nil>
980	289	7	296	<nil>
980	275	7	282	<nil>
980	427	36	463	<nil>
980	420	55	475	<nil>
980	333	42	375	<nil>
980	339	38	377	<nil>
980	1109	3	1112	<nil>
980	478	29	507	<nil>
980	341	43	384	<nil>
980	357	26	383	<nil>
980	1522	45	1567	<nil>
980	478	36	514	<nil>
980	9991	59	10050	<nil>
980	507	20	527	<nil>
980	1264	4	1268	<nil>
980	324	231	555	<nil>
980	421	40	461	<nil>
980	230	0	230	<nil>
980	1111	6	1117	<nil>
980	188	0	188	<nil>
980	267	0	267	<nil>
980	488	43	531	<nil>
980	3078	44	3122	<nil>
980	339	42	381	<nil>
980	341	43	384	<nil>
980	1313	0	1313	<nil>
980	338	44	382	<nil>
980	426	37	463	<nil>
980	403	58	461	<nil>
980	477	31	508	<nil>
980	314	7	321	<nil>
980	340	38	378	<nil>
980	9754	52	9806	<nil>
980	2907	248	3155	<nil>
980	478	49	527	<nil>
980	498	11	509	<nil>
980	339	117	456	<nil>
980	284	3	287	<nil>
980	512	7	519	<nil>
980	502	31	533	<nil>
980	418	34	452	<nil>
980	421	42	463	<nil>
980	9733	42	9775	<nil>
980	340	44	384	<nil>
980	1325	11	1336	<nil>
980	336	47	383	<nil>
980	548	27	575	<nil>
980	319	3	322	<nil>
980	324	7	331	<nil>
980	1269	1	1270	<nil>
980	3118	3	3121	<nil>
980	276	1	277	<nil>
980	321	1	322	<nil>
980	289	1	290	<nil>
980	375	38	413	<nil>
980	514	27	541	<nil>
980	342	222	564	<nil>
980	215	2	217	<nil>
980	333	125	458	<nil>
980	339	117	456	<nil>
980	336	122	458	<nil>
980	291	190	481	<nil>
980	3110	236	3346	<nil>
980	375	237	612	<nil>
980	327	238	565	<nil>
980	504	8	512	<nil>
980	183487	162	183649	<nil>
980	1232	236	1468	<nil>
980	499	10	509	<nil>
980	490	17	507	<nil>
980	279	236	515	<nil>
980	532	237	769	<nil>
980	357	161	518	<nil>
980	315	237	552	<nil>
980	515	237	752	<nil>
980	1326	237	1563	<nil>
980	9991	237	10228	<nil>
980	441	9	450	<nil>
980	523	30	553	<nil>
980	1399	166	1565	<nil>
980	353	163	516	<nil>
980	3239	9	3248	<nil>
980	183	237	420	<nil>
980	476	40	516	<nil>
980	1442	123	1565	<nil>
980	529	237	766	<nil>
980	196	123	319	<nil>
980	506	13	519	<nil>
980	1492	9	1501	<nil>
980	485	12	497	<nil>
980	1187	156	1343	<nil>
980	342	237	579	<nil>
980	352	165	517	<nil>
980	1326	241	1567	<nil>
980	514	8	522	<nil>
980	493	7	500	<nil>
980	1155	163	1318	<nil>
980	541	12	553	<nil>
980	509	242	751	<nil>
980	489	11	500	<nil>
980	513	238	751	<nil>
980	1498	7	1505	<nil>
980	489	30	519	<nil>
980	150	164	314	<nil>
980	502	6	508	<nil>
980	1345	240	1585	<nil>
980	434	6	440	<nil>
980	17552	164	17716	<nil>
980	515	7	522	<nil>
980	440	9	449	<nil>
980	278	242	520	<nil>
980	455	11	466	<nil>
980	442	11	453	<nil>
980	507	11	518	<nil>
980	490	11	501	<nil>
980	440	10	450	<nil>
980	544	8	552	<nil>
980	512	6	518	<nil>
980	537	12	549	<nil>
980	505	9	514	<nil>
980	508	15	523	<nil>
980	281	237	518	<nil>
980	508	14	522	<nil>
980	596	163	759	<nil>
980	1499	23	1522	<nil>
980	1519	12	1531	<nil>
980	506	21	527	<nil>
980	1448	11	1459	<nil>
980	1480	36	1516	<nil>
980	417	22	439	<nil>
980	416	36	452	<nil>
980	515	36	551	<nil>
980	518	8	526	<nil>
980	503	11	514	<nil>
980	436	12	448	<nil>
980	17221	32	17253	<nil>
980	486	11	497	<nil>
980	435	11	446	<nil>
980	501	8	509	<nil>
980	17225	38	17263	<nil>
980	1479	37	1516	<nil>
980	1462	37	1499	<nil>
980	1484	37	1521	<nil>
980	416	39	455	<nil>
980	379	15	394	<nil>
980	457	17	474	<nil>
980	29943	16	29959	<nil>
980	439	17	456	<nil>
980	438	18	456	<nil>
980	441	15	456	<nil>
980	533	18	551	<nil>
980	1486	16	1502	<nil>
980	1480	40	1520	<nil>
980	1561	40	1601	<nil>
980	1561	18	1579	<nil>
980	1520	18	1538	<nil>
980	459	15	474	<nil>
980	538	14	552	<nil>
980	421	40	461	<nil>
980	440	16	456	<nil>
980	1498	40	1538	<nil>
980	1499	40	1539	<nil>
980	515	40	555	<nil>
980	510	40	550	<nil>
980	454	27	481	<nil>
980	533	17	550	<nil>
980	1534	15	1549	<nil>
980	460	186	646	<nil>
980	1367	186	1553	<nil>
980	294	182	476	<nil>
980	309	198	507	<nil>
980	16846	204	17050	<nil>
980	268	196	464	<nil>
980	321	185	506	<nil>
980	223	206	429	<nil>
980	264	203	467	<nil>
980	305	197	502	<nil>
980	304	200	504	<nil>
980	267	190	457	<nil>
980	302	207	509	<nil>
980	30991	199	31190	<nil>
980	76524	118	76642	<nil>
980	17613	122	17735	<nil>
980	269	202	471	<nil>
980	47	187	234	<nil>
980	36	202	238	<nil>
980	300	209	509	<nil>
980	458	35	493	<nil>
980	292	208	500	<nil>
980	194	34	228	<nil>
980	1408	49	1457	<nil>
980	2815	201	3016	<nil>
980	1423	33	1456	<nil>
980	466	49	515	<nil>
980	1419	38	1457	<nil>
980	397	33	430	<nil>
980	481	33	514	<nil>
980	284	188	472	<nil>
980	205	33	238	<nil>
980	385	129	514	<nil>
980	463	16	479	<nil>
980	311	202	513	<nil>
980	429	40	469	<nil>
980	302	207	509	<nil>
980	449	51	500	<nil>
980	303	202	505	<nil>
980	1456	21	1477	<nil>
980	436	21	457	<nil>
980	1441	21	1462	<nil>
980	1444	50	1494	<nil>
980	1444	51	1495	<nil>
980	380	53	433	<nil>
980	429	19	448	<nil>
980	410	55	465	<nil>
980	1413	34	1447	<nil>
980	400	32	432	<nil>
980	1417	31	1448	<nil>
980	483	35	518	<nil>
980	1411	36	1447	<nil>
980	205	56	261	<nil>
980	1443	55	1498	<nil>
980	403	32	435	<nil>
980	396	31	427	<nil>
980	10638	57	10695	<nil>
980	1416	35	1451	<nil>
980	1413	38	1451	<nil>
980	399	75	474	<nil>
980	401	80	481	<nil>
980	1467	123	1590	<nil>
980	1443	147	1590	<nil>
980	1417	123	1540	<nil>
980	210	141	351	<nil>
980	406	135	541	<nil>
980	1413	144	1557	<nil>
980	1464	143	1607	<nil>
980	426	120	546	<nil>
980	404	141	545	<nil>
980	399	182	581	<nil>
980	1467	180	1647	<nil>
980	426	157	583	<nil>
980	416	165	581	<nil>
980	1433	163	1596	<nil>
980	1411	186	1597	<nil>
980	1415	180	1595	<nil>
980	418	183	601	<nil>
980	408	174	582	<nil>
980	400	196	596	<nil>
980	401	195	596	<nil>
980	397	199	596	<nil>
980	1436	174	1610	<nil>
980	428	185	613	<nil>
980	400	187	587	<nil>
980	402	197	599	<nil>
980	1426	184	1610	<nil>
980	1422	188	1610	<nil>
980	411	199	610	<nil>
980	408	200	608	<nil>
980	1430	193	1623	<nil>
980	251	257	508	<nil>
980	409	260	669	<nil>
980	420	247	667	<nil>
980	409	259	668	<nil>
980	391	259	650	<nil>
980	1434	249	1683	<nil>
980	486	267	753	<nil>
980	253	240	493	<nil>
980	407	259	666	<nil>
980	423	270	693	<nil>
980	1434	275	1709	<nil>
980	1489	288	1777	<nil>
980	1439	270	1709	<nil>
980	420	279	699	<nil>
980	410	293	703	<nil>
980	1432	284	1716	<nil>
980	127202	290	127492	<nil>
980	397	273	670	<nil>
980	1422	294	1716	<nil>
980	426	277	703	<nil>
980	1340	276	1616	<nil>
980	423	326	749	<nil>
980	410	320	730	<nil>
980	427	321	748	<nil>
980	424	328	752	<nil>
980	1436	328	1764	<nil>
980	422	326	748	<nil>
980	427	326	753	<nil>
980	1501	367	1868	<nil>
980	411	365	776	<nil>
980	419	375	794	<nil>
980	423	371	794	<nil>
980	411	367	778	<nil>
980	632	249	881	<nil>
980	546	250	796	<nil>
980	631	251	882	<nil>
980	1561	251	1812	<nil>
980	1561	252	1813	<nil>
980	550	252	802	<nil>
980	1388	365	1753	<nil>
980	18048	366	18414	<nil>
980	545	252	797	<nil>
980	1561	254	1815	<nil>
980	551	254	805	<nil>
980	43452	368	43820	<nil>
980	1563	254	1817	<nil>
980	1561	254	1815	<nil>
980	432	368	800	<nil>
980	1503	284	1787	<nil>
980	550	328	878	<nil>
980	111755	313	112068	<nil>
980	409	282	691	<nil>
980	529	333	862	<nil>
980	211	281	492	<nil>
980	145	336	481	<nil>
980	415	290	705	<nil>
980	44140	289	44429	<nil>
980	408	273	681	<nil>
980	390	300	690	<nil>
980	417	271	688	<nil>
980	397	291	688	<nil>
980	53	446	499	<nil>
980	393	282	675	<nil>
980	415	290	705	<nil>
980	397	290	687	<nil>
980	399	290	689	<nil>
980	412	275	687	<nil>
980	12	446	458	<nil>
980	148	336	484	<nil>
980	398	292	690	<nil>
980	174	283	457	<nil>
980	241	288	529	<nil>
980	406	284	690	<nil>
980	399	289	688	<nil>
980	592	287	879	<nil>
980	642	279	921	<nil>
980	204	319	523	<nil>
980	63	310	373	<nil>
980	608	333	941	<nil>
980	484	311	795	<nil>
980	508	278	786	<nil>
980	526	305	831	<nil>
980	509	313	822	<nil>
980	506	316	822	<nil>
980	509	313	822	<nil>
980	507	319	826	<nil>
980	509	317	826	<nil>
980	518	330	848	<nil>
980	512	346	858	<nil>
980	516	345	861	<nil>
980	512	349	861	<nil>
980	1487	346	1833	<nil>
980	511	349	860	<nil>
980	425	345	770	<nil>
980	504	352	856	<nil>
980	513	406	919	<nil>
980	1450	405	1855	<nil>
980	531	388	919	<nil>
980	541	371	912	<nil>
980	246	322	568	<nil>
980	234	332	566	<nil>
980	377	376	753	<nil>
980	526	397	923	<nil>
980	513	412	925	<nil>
980	311	372	683	<nil>
980	352	332	684	<nil>
980	526	395	921	<nil>
980	307	374	681	<nil>
980	1243	333	1576	<nil>
980	238	365	603	<nil>
980	2789	411	3200	<nil>
980	18559	338	18897	<nil>
980	338	376	714	<nil>
980	246	324	570	<nil>
980	383	369	752	<nil>
980	2869	330	3199	<nil>
980	139	325	464	<nil>
980	161	329	490	<nil>
980	44350	331	44681	<nil>
980	2818	330	3148	<nil>
980	65380	337	65717	<nil>
980	659	287	946	<nil>
980	643	301	944	<nil>
980	645	303	948	<nil>
980	685	260	945	<nil>
980	643	301	944	<nil>
980	174	302	476	<nil>
980	688	288	976	<nil>
980	688	298	986	<nil>
980	44475	294	44769	<nil>
980	2832	319	3151	<nil>
980	681	296	977	<nil>
980	679	300	979	<nil>
980	1621	301	1922	<nil>
980	1583	310	1893	<nil>
980	676	339	1015	<nil>
980	714	314	1028	<nil>
980	1637	317	1954	<nil>
980	32121	316	32437	<nil>
1000	713	334	1047	<nil>
1000	713	335	1048	<nil>
1000	1650	364	2014	<nil>
1000	712	337	1049	<nil>
1000	313	376	689	<nil>
1000	317	381	698	<nil>
1000	318	381	699	<nil>
1000	1375	207	1582	<nil>
1000	288	326	614	<nil>
1000	308	388	696	<nil>
1000	30853	379	31232	<nil>
1000	904	381	1285	<nil>
1000	463	387	850	<nil>
1000	200	297	497	<nil>
1000	617	284	901	<nil>
1000	152	383	535	<nil>
1000	503	399	902	<nil>
1000	670	252	922	<nil>
1000	404	207	611	<nil>
1000	294	408	702	<nil>
1000	4698	342	5040	<nil>
1000	591	270	861	<nil>
1000	18206	284	18490	<nil>
1000	201	299	500	<nil>
1000	14758	382	15140	<nil>
1000	598	274	872	<nil>
1000	201	308	509	<nil>
1000	497	415	912	<nil>
1000	15304	309	15613	<nil>
1000	301	310	611	<nil>
1000	171	307	478	<nil>
1000	504	409	913	<nil>
1000	167	396	563	<nil>
1000	501	412	913	<nil>
1000	741	416	1157	<nil>
1000	499	415	914	<nil>
1000	616	285	901	<nil>
1000	210	381	591	<nil>
1000	722	147	869	<nil>
1000	1684	200	1884	<nil>
1000	1751	155	1906	<nil>
1000	680	200	880	<nil>
1000	735	194	929	<nil>
1000	1378	219	1597	<nil>
1000	650	219	869	<nil>
1000	1396	219	1615	<nil>
1000	722	208	930	<nil>
1000	731	296	1027	<nil>
1000	717	292	1009	<nil>
1000	14967	319	15286	<nil>
1000	543	325	868	<nil>
1000	558	291	849	<nil>
1000	541	319	860	<nil>
1000	593	284	877	<nil>
1000	616	272	888	<nil>
1000	610	279	889	<nil>
1000	629	260	889	<nil>
1000	595	295	890	<nil>
1000	616	275	891	<nil>
1000	617	278	895	<nil>
1000	17819	300	18119	<nil>
1000	638	266	904	<nil>
1000	3242	276	3518	<nil>
1000	593	310	903	<nil>
1000	1762	264	2026	<nil>
1000	836	304	1140	<nil>
1000	18845	315	19160	<nil>
1000	830	318	1148	<nil>
1000	759	321	1080	<nil>
1000	1746	307	2053	<nil>
1000	1127	223	1350	<nil>
1000	789	306	1095	<nil>
1000	3305	308	3613	<nil>
1000	480	271	751	<nil>
1000	789	291	1080	<nil>
1000	839	302	1141	<nil>
1000	1112	249	1361	<nil>
1000	68168	232	68400	<nil>
1000	1129	232	1361	<nil>
1000	1128	235	1363	<nil>
1000	484	270	754	<nil>
1000	1134	227	1361	<nil>
1000	493	261	754	<nil>
1000	1124	238	1362	<nil>
1000	696	157	853	<nil>
1000	1119	244	1363	<nil>
1000	1091	272	1363	<nil>
1000	648	211	859	<nil>
1000	700	158	858	<nil>
1000	1207	157	1364	<nil>
1000	2084	239	2323	<nil>
1000	484	272	756	<nil>
1000	1127	236	1363	<nil>
1000	731	131	862	<nil>
1000	2142	159	2301	<nil>
1000	2157	144	2301	<nil>
1000	1506	211	1717	<nil>
1000	642	212	854	<nil>
1000	1139	226	1365	<nil>
1000	1220	145	1365	<nil>
1000	787	305	1092	<nil>
1000	1781	283	2064	<nil>
1000	1160	205	1365	<nil>
1000	1136	227	1363	<nil>
1000	2108	229	2337	<nil>
1000	1219	146	1365	<nil>
1000	698	161	859	<nil>
1000	5051	275	5326	<nil>
1000	1131	237	1368	<nil>
1000	1151	210	1361	<nil>
1000	1129	233	1362	<nil>
1000	1008	225	1233	<nil>
1000	1064	226	1290	<nil>
1000	3118	205	3323	<nil>
1000	1010	189	1199	<nil>
1000	3025	306	3331	<nil>
1000	1026	259	1285	<nil>
1000	380	293	673	<nil>
1000	1323	346	1669	<nil>
1000	591	262	853	<nil>
1000	1403	269	1672	<nil>
1000	1996	266	2262	<nil>
1000	1037	257	1294	<nil>
1000	1046	273	1319	<nil>
1000	991	288	1279	<nil>
1000	627	309	936	<nil>
1000	5171	318	5489	<nil>
1000	608	315	923	<nil>
1000	3444	351	3795	<nil>
1000	417	256	673	<nil>
1000	367	290	657	<nil>
1000	5253	291	5544	<nil>
1000	5289	257	5546	<nil>
1000	2063	346	2409	<nil>
1000	395	279	674	<nil>
1000	484	257	741	<nil>
1000	202	294	496	<nil>
1000	493	250	743	<nil>
1000	5273	265	5538	<nil>
1000	461	289	750	<nil>
1000	481	261	742	<nil>
1000	433	248	681	<nil>
1000	474	278	752	<nil>
1000	432	248	680	<nil>
1000	451	229	680	<nil>
1000	1419	249	1668	<nil>
1000	459	286	745	<nil>
1000	413	253	666	<nil>
1000	462	221	683	<nil>
1000	432	249	681	<nil>
1000	465	218	683	<nil>
1000	460	219	679	<nil>
1000	75813	243	76056	<nil>
1000	9931	250	10181	<nil>
1000	852	243	1095	<nil>
1000	768	245	1013	<nil>
1000	531	244	775	<nil>
1000	688	242	930	<nil>
1000	1812	246	2058	<nil>
1000	5385	250	5635	<nil>
1000	970	257	1227	<nil>
1000	837	252	1089	<nil>
1000	30423	254	30677	<nil>
1000	1814	246	2060	<nil>
1000	1814	245	2059	<nil>
1000	9946	256	10202	<nil>
1000	15482	250	15732	<nil>
1000	491	245	736	<nil>
1000	3731	258	3989	<nil>
1000	1801	220	2021	<nil>
1000	845	251	1096	<nil>
1000	5411	246	5657	<nil>
1000	475	250	725	<nil>
1000	1730	250	1980	<nil>
1000	353	265	618	<nil>
1000	5404	251	5655	<nil>
1000	710	251	961	<nil>
1000	771	251	1022	<nil>
1000	5414	260	5674	<nil>
1000	477	321	798	<nil>
1000	756	249	1005	<nil>
1000	5400	273	5673	<nil>
1000	491	324	815	<nil>
1000	470	348	818	<nil>
1000	1846	325	2171	<nil>
1000	785	326	1111	<nil>
1000	2194	326	2520	<nil>
1000	1664	327	1991	<nil>
1000	779	327	1106	<nil>
1000	1805	334	2139	<nil>
1000	1843	333	2176	<nil>
1000	795	362	1157	<nil>
1000	333	394	727	<nil>
1000	1815	394	2209	<nil>
1000	14709	365	15074	<nil>
1000	800	365	1165	<nil>
1000	780	363	1143	<nil>
1000	364	370	734	<nil>
1000	332	400	732	<nil>
1000	333	431	764	<nil>
1000	364	419	783	<nil>
1000	363	424	787	<nil>
1000	2704	422	3126	<nil>
1000	1688	423	2111	<nil>
1000	1690	448	2138	<nil>
1000	788	447	1235	<nil>
1000	1690	451	2141	<nil>
1000	2704	449	3153	<nil>
1000	2884	421	3305	<nil>
1000	1687	452	2139	<nil>
1000	5504	391	5895	<nil>
1000	1517	420	1937	<nil>
1000	5481	403	5884	<nil>
1000	253	389	642	<nil>
1000	253	389	642	<nil>
1000	5519	365	5884	<nil>
1000	496	399	895	<nil>
1000	10107	399	10506	<nil>
1000	495	400	895	<nil>
1000	548	354	902	<nil>
1000	499	395	894	<nil>
1000	502	400	902	<nil>
1000	493	403	896	<nil>
1000	496	399	895	<nil>
1000	500	395	895	<nil>
1000	523	373	896	<nil>
1000	498	397	895	<nil>
1000	494	406	900	<nil>
1000	494	399	893	<nil>
1000	5570	400	5970	<nil>
1000	548	354	902	<nil>
1000	3019	394	3413	<nil>
1000	3285	370	3655	<nil>
1000	518	384	902	<nil>
1000	951	336	1287	<nil>
1000	1697	341	2038	<nil>
1000	439	329	768	<nil>
1000	5648	353	6001	<nil>
1000	417	352	769	<nil>
1000	549	359	908	<nil>
1000	3033	360	3393	<nil>
1000	348	342	690	<nil>
1000	411	359	770	<nil>
1000	787	353	1140	<nil>
1000	762	353	1115	<nil>
1000	5584	404	5988	<nil>
1000	10421	422	10843	<nil>
1000	3066	425	3491	<nil>
1000	5643	428	6071	<nil>
1000	1362	425	1787	<nil>
1000	1000	428	1428	<nil>
1000	15974	426	16400	<nil>
1000	723	430	1153	<nil>
1000	765	449	1214	<nil>
1000	1359	429	1788	<nil>
1000	996	431	1427	<nil>
1000	1430	361	1791	<nil>
1000	766	451	1217	<nil>
1000	1227	344	1571	<nil>
1000	16193	347	16540	<nil>
1000	5654	430	6084	<nil>
1000	3139	362	3501	<nil>
1000	478	343	821	<nil>
1000	964	432	1396	<nil>
1000	814	400	1214	<nil>
1000	10214	401	10615	<nil>
1000	5751	331	6082	<nil>
1000	3197	336	3533	<nil>
1000	1028	402	1430	<nil>
1000	2922	336	3258	<nil>
1000	15843	332	16175	<nil>
1000	455	334	789	<nil>
1000	5734	347	6081	<nil>
1000	1500	339	1839	<nil>
1000	10519	421	10940	<nil>
1000	3208	419	3627	<nil>
1000	536	380	916	<nil>
1000	500	417	917	<nil>
1000	689	419	1108	<nil>
1000	494	422	916	<nil>
1000	17776	416	18192	<nil>
1000	1889	351	2240	<nil>
1000	527	354	881	<nil>
1000	912	343	1255	<nil>
1000	2931	418	3349	<nil>
1000	3272	352	3624	<nil>
1000	3206	419	3625	<nil>
1000	1896	359	2255	<nil>
1000	5880	305	6185	<nil>
1000	643	306	949	<nil>
1000	654	307	961	<nil>
1000	641	303	944	<nil>
1000	5883	313	6196	<nil>
1000	5888	313	6201	<nil>
1000	643	316	959	<nil>
1000	598	317	915	<nil>
1000	3357	365	3722	<nil>
1000	884	343	1227	<nil>
1000	3398	342	3740	<nil>
1000	16043	375	16418	<nil>
1000	3404	378	3782	<nil>
1000	33327	407	33734	<nil>
1000	5962	409	6371	<nil>
1000	634	408	1042	<nil>
1000	3378	410	3788	<nil>
1000	889	412	1301	<nil>
1000	616	404	1020	<nil>
1000	5967	419	6386	<nil>
1000	621	418	1039	<nil>
1000	3386	423	3809	<nil>
1000	1675	424	2099	<nil>
1000	675	423	1098	<nil>
1000	610	431	1041	<nil>
1000	612	433	1045	<nil>
1000	1678	425	2103	<nil>
1000	623	427	1050	<nil>
1000	621	427	1048	<nil>
1000	3402	425	3827	<nil>
1000	45776	432	46208	<nil>
1000	647	430	1077	<nil>
1000	905	451	1356	<nil>
1000	5970	462	6432	<nil>
1000	896	461	1357	<nil>
1000	691	456	1147	<nil>
1000	901	455	1356	<nil>
1000	904	454	1358	<nil>
1000	455	443	898	<nil>
1000	5999	488	6487	<nil>
1000	5994	467	6461	<nil>
1000	470	467	937	<nil>
1000	3426	479	3905	<nil>
1000	5989	480	6469	<nil>
1000	6033	434	6467	<nil>
1000	540	515	1055	<nil>
1000	5992	497	6489	<nil>
1000	6004	497	6501	<nil>
1000	565	495	1060	<nil>
1000	3460	479	3939	<nil>
1000	5992	496	6488	<nil>
1000	514	430	944	<nil>
1000	6070	418	6488	<nil>
1000	2304	443	2747	<nil>
1000	1931	418	2349	<nil>
1000	1504	442	1946	<nil>
1000	2141	418	2559	<nil>
1000	6082	421	6503	<nil>
1000	521	418	939	<nil>
1000	526	417	943	<nil>
1000	509	430	939	<nil>
1000	3343	325	3668	<nil>
1000	1487	325	1812	<nil>
1000	386	350	736	<nil>
1000	6075	417	6492	<nil>
1000	519	424	943	<nil>
1000	6079	415	6494	<nil>
1000	444	410	854	<nil>
1000	484	463	947	<nil>
1000	1016	417	1433	<nil>
1000	525	422	947	<nil>
1000	520	422	942	<nil>
1000	898	417	1315	<nil>
1000	2141	423	2564	<nil>
1000	728	420	1148	<nil>
1000	1131	434	1565	<nil>
1000	1128	446	1574	<nil>
1000	3481	462	3943	<nil>
1000	525	422	947	<nil>
1000	1204	424	1628	<nil>
1000	10617	446	11063	<nil>
1000	388	366	754	<nil>
1000	827	427	1254	<nil>
1000	538	423	961	<nil>
1000	354	422	776	<nil>
1000	2891	429	3320	<nil>
1000	647	411	1058	<nil>
1000	642	414	1056	<nil>
1000	453	449	902	<nil>
1000	3213	452	3665	<nil>
1000	455	451	906	<nil>
1000	454	451	905	<nil>
1000	1507	451	1958	<nil>
1000	454	452	906	<nil>
1000	1452	452	1904	<nil>
1000	6292	368	6660	<nil>
1000	1571	353	1924	<nil>
1000	722	353	1075	<nil>
1000	10917	353	11270	<nil>
1000	3563	334	3897	<nil>
1000	743	334	1077	<nil>
1000	743	334	1077	<nil>
1000	45740	334	46074	<nil>
1000	744	332	1076	<nil>
1000	872	307	1179	<nil>
1000	11192	310	11502	<nil>
1000	747	338	1085	<nil>
1000	1913	271	2184	<nil>
1000	700	333	1033	<nil>
1000	766	314	1080	<nil>
1000	868	310	1178	<nil>
1000	486	279	765	<nil>
1000	764	319	1083	<nil>
1000	714	332	1046	<nil>
1000	746	338	1084	<nil>
1000	3413	311	3724	<nil>
1000	866	311	1177	<nil>
1000	3628	311	3939	<nil>
1000	2991	269	3260	<nil>
1000	1896	291	2187	<nil>
1000	1812	244	2056	<nil>
1000	476	270	746	<nil>
1000	814	247	1061	<nil>
1000	492	274	766	<nil>
1000	16548	279	16827	<nil>
1000	493	271	764	<nil>
1000	742	312	1054	<nil>
1000	16554	274	16828	<nil>
1000	6461	276	6737	<nil>
1000	477	273	750	<nil>
1000	494	273	767	<nil>
1000	2027	292	2319	<nil>
1000	672	292	964	<nil>
1000	6525	288	6813	<nil>
1000	670	291	961	<nil>
1000	847	292	1139	<nil>
1000	2037	288	2325	<nil>
1000	850	292	1142	<nil>
1000	893	308	1201	<nil>
1000	1879	325	2204	<nil>
1000	470	303	773	<nil>
1000	485	311	796	<nil>
1000	678	350	1028	<nil>
1000	517	299	816	<nil>
1000	604	315	919	<nil>
1000	524	290	814	<nil>
1000	523	292	815	<nil>
1000	500	318	818	<nil>
1000	2851	303	3154	<nil>
1000	2836	293	3129	<nil>
1000	496	320	816	<nil>
1000	492	317	809	<nil>
1000	1910	325	2235	<nil>
1000	1487	346	1833	<nil>
1000	495	344	839	<nil>
1000	486	350	836	<nil>
1000	499	359	858	<nil>
1000	1641	333	1974	<nil>
1000	524	334	858	<nil>
1000	2853	342	3195	<nil>
1000	718	333	1051	<nil>
1000	519	334	853	<nil>
1000	3126	336	3462	<nil>
1000	11372	343	11715	<nil>
1000	1529	335	1864	<nil>
1000	525	335	860	<nil>
1000	3597	344	3941	<nil>
1000	627	344	971	<nil>
1000	2903	288	3191	<nil>
1000	481	276	757	<nil>
1000	1482	276	1758	<nil>
1000	1578	276	1854	<nil>
1000	16758	278	17036	<nil>
1000	963	334	1297	<nil>
1000	514	349	863	<nil>
1000	514	338	852	<nil>
1000	1798	288	2086	<nil>
1000	965	331	1296	<nil>
1000	26067	332	26399	<nil>
1000	960	334	1294	<nil>
1000	1801	287	2088	<nil>
1000	16756	296	17052	<nil>
1000	1359	350	1709	<nil>
1000	359	350	709	<nil>
1000	356	354	710	<nil>
1000	369	352	721	<nil>
1000	363	351	714	<nil>
1000	2811	344	3155	<nil>
1000	3002	345	3347	<nil>
1000	2808	338	3146	<nil>
1000	2812	343	3155	<nil>
1000	572	340	912	<nil>
1000	2811	345	3156	<nil>
1000	1576	349	1925	<nil>
1000	2800	350	3150	<nil>
1000	2800	349	3149	<nil>
1000	341	327	668	<nil>
1000	3001	349	3350	<nil>
1000	3004	349	3353	<nil>
1000	5630	348	5978	<nil>
1000	779	323	1102	<nil>
1000	568	346	914	<nil>
1000	346	331	677	<nil>
1000	893	330	1223	<nil>
1000	46598	350	46948	<nil>
1000	17339	316	17655	<nil>
1000	609	305	914	<nil>
1000	3036	316	3352	<nil>
1000	2812	344	3156	<nil>
1000	1599	343	1942	<nil>
1000	1572	341	1913	<nil>
1000	793	337	1130	<nil>
1000	349	323	672	<nil>
1000	582	338	920	<nil>
1000	3036	327	3363	<nil>
1000	1608	318	1926	<nil>
1000	648	278	926	<nil>
1000	43292	263	43555	<nil>
1000	644	310	954	<nil>
1000	3147	216	3363	<nil>
1000	1001	217	1218	<nil>
1000	4285	246	4531	<nil>
1000	599	331	930	<nil>
1000	563	349	912	<nil>
1000	1404	218	1622	<nil>
1000	783	343	1126	<nil>
1000	805	261	1066	<nil>
1000	1002	377	1379	<nil>
1000	405	380	785	<nil>
1000	510	390	900	<nil>
1000	398	400	798	<nil>
1000	1002	383	1385	<nil>
1000	814	395	1209	<nil>
1000	1798	388	2186	<nil>
1000	1144	353	1497	<nil>
1000	3125	394	3519	<nil>
1000	498	391	889	<nil>
1000	500	394	894	<nil>
1000	395	394	789	<nil>
1000	3131	388	3519	<nil>
1000	16082	390	16472	<nil>
1000	397	392	789	<nil>
1000	399	399	798	<nil>
1000	802	387	1189	<nil>
1000	1008	387	1395	<nil>
1000	501	394	895	<nil>
1000	399	397	796	<nil>
1000	6243	398	6641	<nil>
1000	1005	394	1399	<nil>
1000	710	397	1107	<nil>
1000	400	396	796	<nil>
1000	501	387	888	<nil>
1000	1009	396	1405	<nil>
1000	1007	396	1403	<nil>
1000	1007	396	1403	<nil>
1000	920	397	1317	<nil>
1000	1146	353	1499	<nil>
1000	501	392	893	<nil>
1000	2164	342	2506	<nil>
1000	1159	345	1504	<nil>
1000	17074	405	17479	<nil>
1000	667	431	1098	<nil>
1000	3246	383	3629	<nil>
1000	462	437	899	<nil>
1000	985	487	1472	<nil>
1000	17584	424	18008	<nil>
1000	1050	426	1476	<nil>
1000	633	430	1063	<nil>
1000	3340	353	3693	<nil>
1000	16299	363	16662	<nil>
1000	1642	360	2002	<nil>
1000	1676	323	1999	<nil>
1000	684	337	1021	<nil>
1000	1687	338	2025	<nil>
1000	551	334	885	<nil>
1000	3415	335	3750	<nil>
1000	550	337	887	<nil>
1000	577	318	895	<nil>
1000	725	276	1001	<nil>
1000	727	276	1003	<nil>
1000	3441	319	3760	<nil>
1000	569	320	889	<nil>
1000	583	315	898	<nil>
1000	701	258	959	<nil>
1000	17688	282	17970	<nil>
1000	17786	283	18069	<nil>
1000	461	284	745	<nil>
1000	566	280	846	<nil>
1000	561	283	844	<nil>
1000	728	281	1009	<nil>
1000	549	301	850	<nil>
1000	504	283	787	<nil>
1000	3483	285	3768	<nil>
1000	593	320	913	<nil>
1000	899	355	1254	<nil>
1000	595	322	917	<nil>
1000	482	356	838	<nil>
1000	3302	333	3635	<nil>
1000	821	336	1157	<nil>
1000	820	337	1157	<nil>
1000	80305	159	80464	<nil>
1000	520	349	869	<nil>
1000	517	336	853	<nil>
1000	750	335	1085	<nil>
1000	1695	339	2034	<nil>
1000	504	362	866	<nil>
1000	3486	353	3839	<nil>
1000	581	338	919	<nil>
1000	747	342	1089	<nil>
1000	1474	364	1838	<nil>
1000	3489	359	3848	<nil>
1000	69361	355	69716	<nil>
1000	1732	352	2084	<nil>
1000	736	363	1099	<nil>
1000	3101	340	3441	<nil>
1000	729	354	1083	<nil>
1000	469	353	822	<nil>
1000	3101	337	3438	<nil>
1000	498	349	847	<nil>
1000	731	369	1100	<nil>
1000	718	339	1057	<nil>
1000	1676	363	2039	<nil>
1000	1753	343	2096	<nil>
1000	17955	333	18288	<nil>
1000	746	352	1098	<nil>
1000	493	331	824	<nil>
1000	3484	360	3844	<nil>
1000	746	338	1084	<nil>
1000	454	371	825	<nil>
1000	469	362	831	<nil>
1000	731	368	1099	<nil>
1000	829	347	1176	<nil>
1000	17754	200	17954	<nil>
1000	3082	369	3451	<nil>
1000	353	323	676	<nil>
1000	496	346	842	<nil>
1000	3300	351	3651	<nil>
1000	703	351	1054	<nil>
1000	595	324	919	<nil>
1000	3312	338	3650	<nil>
1000	3503	338	3841	<nil>
1000	1503	341	1844	<nil>
1000	812	353	1165	<nil>
1000	358	307	665	<nil>
1000	464	370	834	<nil>
1000	580	433	1013	<nil>
1000	724	388	1112	<nil>
1000	734	393	1127	<nil>
1000	729	368	1097	<nil>
1000	731	396	1127	<nil>
1000	18229	392	18621	<nil>
1000	671	394	1065	<nil>
1000	552	393	945	<nil>
1000	1682	393	2075	<nil>
1000	553	393	946	<nil>
1000	562	393	955	<nil>
1000	774	393	1167	<nil>
1000	3556	394	3950	<nil>
1000	3052	394	3446	<nil>
1000	420	397	817	<nil>
1000	547	403	950	<nil>
1000	772	401	1173	<nil>
1000	761	393	1154	<nil>
1000	800	362	1162	<nil>
1000	552	398	950	<nil>
1000	553	398	951	<nil>
1000	3082	374	3456	<nil>
1000	1623	399	2022	<nil>
1000	17887	346	18233	<nil>
1000	464	335	799	<nil>
1000	684	361	1045	<nil>
1000	577	376	953	<nil>
1000	775	401	1176	<nil>
1000	558	402	960	<nil>
1000	784	377	1161	<nil>
1000	566	403	969	<nil>
1000	564	403	967	<nil>
1000	634	335	969	<nil>
1000	657	401	1058	<nil>
1000	565	403	968	<nil>
1000	553	397	950	<nil>
1000	677	335	1012	<nil>
1000	790	377	1167	<nil>
1000	590	378	968	<nil>
1000	707	373	1080	<nil>
1000	618	388	1006	<nil>
1000	3364	401	3765	<nil>
1000	552	395	947	<nil>
1000	772	397	1169	<nil>
1000	466	333	799	<nil>
1000	1687	402	2089	<nil>
1000	635	336	971	<nil>
1000	604	355	959	<nil>
1000	653	403	1056	<nil>
1000	503	447	950	<nil>
1000	3585	378	3963	<nil>
1000	73954	459	74413	<nil>
1000	1454	365	1819	<nil>
1000	557	410	967	<nil>
1000	5915	342	6257	<nil>
1000	636	340	976	<nil>
1000	439	341	780	<nil>
1000	111238	397	111635	<nil>
1000	582	392	974	<nil>
1000	491	340	831	<nil>
1000	567	392	959	<nil>
1000	677	368	1045	<nil>
1000	653	343	996	<nil>
1000	633	342	975	<nil>
1000	649	340	989	<nil>
1000	622	400	1022	<nil>
1000	5917	386	6303	<nil>
1000	681	387	1068	<nil>
1000	1717	389	2106	<nil>
1000	1490	387	1877	<nil>
1000	490	402	892	<nil>
1000	3116	403	3519	<nil>
1000	1489	401	1890	<nil>
1000	1487	404	1891	<nil>
1000	26253	402	26655	<nil>
1000	467	404	871	<nil>
1000	1494	461	1955	<nil>
1000	633	338	971	<nil>
1000	3433	401	3834	<nil>
1000	1490	460	1950	<nil>
1000	5919	459	6378	<nil>
1000	561	398	959	<nil>
1000	2926	388	3314	<nil>
1000	1733	474	2207	<nil>
1000	431	475	906	<nil>
1000	1718	510	2228	<nil>
1000	2776	449	3225	<nil>
1000	5310	466	5776	<nil>
1000	407	467	874	<nil>
1000	1792	453	2245	<nil>
1000	3127	464	3591	<nil>
1000	431	455	886	<nil>
1000	423	453	876	<nil>
1000	757	468	1225	<nil>
1000	3233	454	3687	<nil>
1000	1445	446	1891	<nil>
1000	430	446	876	<nil>
1000	731	445	1176	<nil>
1000	606	441	1047	<nil>
1000	1801	446	2247	<nil>
1000	738	442	1180	<nil>
1000	741	443	1184	<nil>
1000	736	442	1178	<nil>
1000	786	443	1229	<nil>
1000	1687	443	2130	<nil>
1000	614	433	1047	<nil>
1000	733	444	1177	<nil>
1000	742	445	1187	<nil>
1000	669	384	1053	<nil>
1000	698	382	1080	<nil>
1000	670	382	1052	<nil>
1000	5390	382	5772	<nil>
1000	672	383	1055	<nil>
1000	683	370	1053	<nil>
1000	716	341	1057	<nil>
1000	683	370	1053	<nil>
1000	670	382	1052	<nil>
1000	1665	296	1961	<nil>
1000	3495	369	3864	<nil>
1000	1690	369	2059	<nil>
1000	673	382	1055	<nil>
1000	672	382	1054	<nil>
1000	670	384	1054	<nil>
1000	669	384	1053	<nil>
1000	5361	429	5790	<nil>
1000	670	383	1053	<nil>
1000	671	382	1053	<nil>
1000	674	382	1056	<nil>
1000	1025	191	1216	<nil>
1000	1548	281	1829	<nil>
1000	3074	299	3373	<nil>
1000	669	385	1054	<nil>
1000	671	383	1054	<nil>
1000	582	297	879	<nil>
1000	671	383	1054	<nil>
1000	720	336	1056	<nil>
1000	673	382	1055	<nil>
1000	1577	311	1888	<nil>
1000	663	384	1047	<nil>
1000	542	311	853	<nil>
1000	3052	320	3372	<nil>
1000	1093	170	1263	<nil>
1000	5472	333	5805	<nil>
1000	3087	261	3348	<nil>
1000	5266	279	5545	<nil>
1000	1591	324	1915	<nil>
1000	666	383	1049	<nil>
1000	1088	176	1264	<nil>
1000	601	265	866	<nil>
1000	3062	297	3359	<nil>
1000	3413	277	3690	<nil>
1000	1087	175	1262	<nil>
1000	3089	312	3401	<nil>
1000	583	325	908	<nil>
1000	548	323	871	<nil>
1000	47423	323	47746	<nil>
1000	1619	285	1904	<nil>
1000	1091	172	1263	<nil>
1000	560	323	883	<nil>
1000	628	284	912	<nil>
1000	1043	176	1219	<nil>
1000	1104	174	1278	<nil>
1000	5387	386	5773	<nil>
1000	566	312	878	<nil>
1000	1637	272	1909	<nil>
1000	1090	174	1264	<nil>
1000	1593	312	1905	<nil>
1000	1043	176	1219	<nil>
1000	669	385	1054	<nil>
1000	1054	178	1232	<nil>
1000	527	340	867	<nil>
1000	683	370	1053	<nil>
1000	1716	323	2039	<nil>
1000	755	356	1111	<nil>
1000	1203	355	1558	<nil>
1000	1219	352	1571	<nil>
1000	767	344	1111	<nil>
1000	6302	346	6648	<nil>
1000	767	344	1111	<nil>
1000	701	348	1049	<nil>
1000	3644	349	3993	<nil>
1000	3413	387	3800	<nil>
1000	734	407	1141	<nil>
1000	26623	407	27030	<nil>
1000	3415	409	3824	<nil>
1000	3338	409	3747	<nil>
1000	736	408	1144	<nil>
1000	1728	410	2138	<nil>
1000	740	410	1150	<nil>
1000	5784	410	6194	<nil>
1000	720	410	1130	<nil>
1000	726	410	1136	<nil>
1000	724	407	1131	<nil>
1000	725	405	1130	<nil>
1000	788	467	1255	<nil>
1000	3643	473	4116	<nil>
1000	3001	493	3494	<nil>
1000	792	494	1286	<nil>
1000	790	495	1285	<nil>
1000	3661	497	4158	<nil>
1000	793	496	1289	<nil>
1000	448	495	943	<nil>
1000	792	497	1289	<nil>
1000	460	487	947	<nil>
1000	8355	484	8839	<nil>
1000	803	485	1288	<nil>
1000	801	489	1290	<nil>
1000	461	487	948	<nil>
1000	1512	482	1994	<nil>
1000	506	483	989	<nil>
1000	465	484	949	<nil>
1000	807	499	1306	<nil>
1000	3019	499	3518	<nil>
1000	28640	500	29140	<nil>
1000	514	498	1012	<nil>
1000	453	499	952	<nil>
1000	3017	506	3523	<nil>
1000	744	557	1301	<nil>
1000	3015	559	3574	<nil>
1000	745	563	1308	<nil>
1000	763	560	1323	<nil>
1000	751	561	1312	<nil>
1000	767	559	1326	<nil>
1000	761	564	1325	<nil>
1000	762	569	1331	<nil>
1000	508	564	1072	<nil>
1000	737	553	1290	<nil>
1000	765	564	1329	<nil>
1000	762	558	1320	<nil>
1000	5557	553	6110	<nil>
1000	467	576	1043	<nil>
1000	415	655	1070	<nil>
1000	764	562	1326	<nil>
1000	462	559	1021	<nil>
1000	482	559	1041	<nil>
1000	812	573	1385	<nil>
1000	481	564	1045	<nil>
1000	810	576	1386	<nil>
1000	5386	562	5948	<nil>
1000	1458	559	2017	<nil>
1000	459	563	1022	<nil>
1000	804	577	1381	<nil>
1000	1469	578	2047	<nil>
1000	784	597	1381	<nil>
1000	746	595	1341	<nil>
1000	46188	579	46767	<nil>
1000	1469	595	2064	<nil>
1000	763	597	1360	<nil>
1000	743	597	1340	<nil>
1000	762	598	1360	<nil>
1000	750	595	1345	<nil>
1000	464	590	1054	<nil>
1000	745	600	1345	<nil>
1000	16353	603	16956	<nil>
1000	3032	592	3624	<nil>
1000	3176	589	3765	<nil>
1000	435	602	1037	<nil>
1000	416	602	1018	<nil>
1000	465	575	1040	<nil>
1000	702	404	1106	<nil>
1000	3113	404	3517	<nil>
1000	709	414	1123	<nil>
1000	757	415	1172	<nil>
1000	1754	416	2170	<nil>
1000	3394	359	3753	<nil>
1000	1827	359	2186	<nil>
1000	5958	359	6317	<nil>
1000	5431	354	5785	<nil>
1000	1825	362	2187	<nil>
1000	3403	354	3757	<nil>
1000	3404	356	3760	<nil>
1000	1598	355	1953	<nil>
1000	3400	358	3758	<nil>
1000	879	371	1250	<nil>
1000	1933	379	2312	<nil>
1000	916	381	1297	<nil>
1000	2993	242	3235	<nil>
1000	3020	232	3252	<nil>
1000	2938	298	3236	<nil>
1000	931	381	1312	<nil>
1000	3002	233	3235	<nil>
1000	3020	234	3254	<nil>
1000	3020	276	3296	<nil>
1000	3022	258	3280	<nil>
1000	3471	252	3723	<nil>
1000	1136	224	1360	<nil>
1000	75438	242	75680	<nil>
1000	26751	233	26984	<nil>
1000	25670	239	25909	<nil>
1000	1106	237	1343	<nil>
1000	1075	247	1322	<nil>
1000	1107	228	1335	<nil>
1000	1098	238	1336	<nil>
1000	2137	265	2402	<nil>
1000	419	223	642	<nil>
1000	728	225	953	<nil>
1000	1011	247	1258	<nil>
1000	713	227	940	<nil>
1000	726	227	953	<nil>
1000	1086	257	1343	<nil>
1000	4934	241	5175	<nil>
1000	711	225	936	<nil>
1000	6490	250	6740	<nil>
1000	1125	227	1352	<nil>
1000	427	224	651	<nil>
1000	1106	243	1349	<nil>
1000	3728	241	3969	<nil>
1000	715	225	940	<nil>
1000	703	240	943	<nil>
1000	3720	248	3968	<nil>
1000	1980	230	2210	<nil>
1000	1981	229	2210	<nil>
1000	1011	255	1266	<nil>
1000	1112	242	1354	<nil>
1000	710	227	937	<nil>
1000	6244	246	6490	<nil>
1000	5857	228	6085	<nil>
1000	3466	256	3722	<nil>
1000	732	227	959	<nil>
1000	4057	264	4321	<nil>
1000	718	225	943	<nil>
1000	1105	247	1352	<nil>
1000	45516	245	45761	<nil>
1000	716	227	943	<nil>
1000	42547	219	42766	<nil>
1000	1092	244	1336	<nil>
1000	51533	241	51774	<nil>
1000	4910	225	5135	<nil>
1000	3442	266	3708	<nil>
1000	1088	275	1363	<nil>
1000	6032	277	6309	<nil>
1000	733	204	937	<nil>
1000	4897	241	5138	<nil>
1000	794	175	969	<nil>
1000	1112	240	1352	<nil>
1000	3360	259	3619	<nil>
1000	3711	260	3971	<nil>
1000	800	169	969	<nil>
1000	1137	264	1401	<nil>
1000	702	248	950	<nil>
1000	6093	261	6354	<nil>
1000	737	213	950	<nil>
1000	3713	257	3970	<nil>
1000	1092	264	1356	<nil>
1000	4927	265	5192	<nil>
1000	2150	275	2425	<nil>
1000	347	166	513	<nil>
1000	1143	276	1419	<nil>
1000	5676	174	5850	<nil>
1000	731	212	943	<nil>
1000	3729	257	3986	<nil>
1000	722	246	968	<nil>
1000	761	175	936	<nil>
1000	1123	280	1403	<nil>
1000	746	189	935	<nil>
1000	732	227	959	<nil>
1000	733	216	949	<nil>
1000	341	183	524	<nil>
1000	715	234	949	<nil>
1000	543	351	894	<nil>
1000	350	2234	2584	<nil>
1000	2815	2235	5050	<nil>
1000	2687	2234	4921	<nil>
1000	560	2235	2795	<nil>
1000	5754	2234	7988	<nil>
1000	560	2236	2796	<nil>
1000	583	2213	2796	<nil>
1000	3043	2234	5277	<nil>
1000	3078	2205	5283	<nil>
1000	3059	2213	5272	<nil>
1000	894	2206	3100	<nil>
1000	921	2205	3126	<nil>
1000	894	2215	3109	<nil>
1000	924	2205	3129	<nil>
1000	954	2206	3160	<nil>
1000	933	2205	3138	<nil>
1000	971	2193	3164	<nil>
1000	6312	2200	8512	<nil>
1000	960	2203	3163	<nil>
1000	933	2200	3133	<nil>
1000	3757	2199	5956	<nil>
1000	980	2200	3180	<nil>
1000	926	2202	3128	<nil>
1000	925	2204	3129	<nil>
1000	957	2206	3163	<nil>
1000	928	2201	3129	<nil>
1000	929	2200	3129	<nil>
1000	956	2194	3150	<nil>
1000	963	2179	3142	<nil>
1000	943	2190	3133	<nil>
1000	946	2192	3138	<nil>
1000	992	2192	3184	<nil>
1000	999	2171	3170	<nil>
1000	971	2194	3165	<nil>
1000	996	2181	3177	<nil>
1000	961	2181	3142	<nil>
1000	1009	2171	3180	<nil>
1000	988	2182	3170	<nil>
1000	492	2182	2674	<nil>
1000	493	2182	2675	<nil>
1000	949	2194	3143	<nil>
1000	3875	2183	6058	<nil>
1000	987	2176	3163	<nil>
1000	958	2181	3139	<nil>
1000	1009	2176	3185	<nil>
1000	971	2171	3142	<nil>
1000	5867	2176	8043	<nil>
1000	994	2176	3170	<nil>
1000	962	2194	3156	<nil>
1000	959	2192	3151	<nil>
1000	9346	2193	11539	<nil>
1000	6370	2182	8552	<nil>
1000	5943	2127	8070	<nil>
1000	979	2185	3164	<nil>
1000	1054	2120	3174	<nil>
1000	2972	2035	5007	<nil>
1000	1139	2034	3173	<nil>
1000	1078	2131	3209	<nil>
1000	25907	2120	28027	<nil>
1000	949	2239	3188	<nil>
1000	511	2106	2617	<nil>
1000	1151	2063	3214	<nil>
1000	5474	2131	7605	<nil>
1000	1164	2009	3173	<nil>
1000	1063	2105	3168	<nil>
1000	3678	2196	5874	<nil>
1000	558	2130	2688	<nil>
1000	9514	2036	11550	<nil>
1000	6485	88	6573	<nil>
1000	1060	2160	3220	<nil>
1000	6519	88	6607	<nil>
1000	7532	88	7620	<nil>
1000	1006	2171	3177	<nil>
1000	935	2242	3177	<nil>
1000	5614	2199	7813	<nil>
1000	6523	87	6610	<nil>
1000	3336	2243	5579	<nil>
1000	2816	2193	5009	<nil>
1000	513	2199	2712	<nil>
1000	1017	2160	3177	<nil>
1000	5878	2199	8077	<nil>
1000	990	2206	3196	<nil>
1000	980	2244	3224	<nil>
1000	1012	2206	3218	<nil>
1000	938	2223	3161	<nil>
1000	6537	2239	8776	<nil>
1000	939	2290	3229	<nil>
1000	1006	2246	3252	<nil>
1000	984	2239	3223	<nil>
1000	2246	147	2393	<nil>
1000	3252	144	3396	<nil>
1000	11506	144	11650	<nil>
1000	6551	143	6694	<nil>
1000	2250	144	2394	<nil>
1000	77853	144	77997	<nil>
1000	2249	147	2396	<nil>
1000	2640	139	2779	<nil>
1000	2735	155	2890	<nil>
1000	2736	156	2892	<nil>
1000	2736	156	2892	<nil>
1000	2736	156	2892	<nil>
1000	2735	156	2891	<nil>
1000	2643	156	2799	<nil>
1000	2742	156	2898	<nil>
1000	2739	154	2893	<nil>
1000	4952	151	5103	<nil>
1000	2580	151	2731	<nil>
1000	2602	151	2753	<nil>
1000	2593	152	2745	<nil>
1000	2423	153	2576	<nil>
1000	5483	152	5635	<nil>
1000	2553	151	2704	<nil>
1000	2382	152	2534	<nil>
1000	5313	162	5475	<nil>
1000	2559	170	2729	<nil>
1000	11503	176	11679	<nil>
1000	7742	176	7918	<nil>
1000	2593	176	2769	<nil>
1000	17911	177	18088	<nil>
1000	5094	176	5270	<nil>
1000	7764	177	7941	<nil>
1000	51505	194	51699	<nil>
1000	5311	196	5507	<nil>
1000	2465	197	2662	<nil>
1000	44923	195	45118	<nil>
1000	5082	197	5279	<nil>
1000	110775	197	110972	<nil>
1000	11507	197	11704	<nil>
1000	2228	177	2405	<nil>
1000	11504	201	11705	<nil>
1000	2230	190	2420	<nil>
1000	2498	144	2642	<nil>
1000	11516	190	11706	<nil>
1000	2302	179	2481	<nil>
1000	5562	184	5746	<nil>
1000	4965	207	5172	<nil>
1000	2236	208	2444	<nil>
1000	2563	208	2771	<nil>
1000	2700	200	2900	<nil>
1000	2464	207	2671	<nil>
1000	2780	177	2957	<nil>
1000	11554	187	11741	<nil>
1000	2451	207	2658	<nil>
1000	3454	166	3620	<nil>
1000	2450	208	2658	<nil>
1000	7745	208	7953	<nil>
1000	7586	196	7782	<nil>
1000	2468	166	2634	<nil>
1000	11555	228	11783	<nil>
1000	2787	177	2964	<nil>
1000	2276	202	2478	<nil>
1000	2476	166	2642	<nil>
1000	11508	211	11719	<nil>
1000	29840	148	29988	<nil>
1000	3691	174	3865	<nil>
1000	2702	173	2875	<nil>
1000	11544	173	11717	<nil>
1000	2702	191	2893	<nil>
1000	3476	149	3625	<nil>
1000	2476	172	2648	<nil>
1000	2804	171	2975	<nil>
1000	2303	177	2480	<nil>
1000	5594	152	5746	<nil>
1000	7780	174	7954	<nil>
1000	2707	174	2881	<nil>
1000	2706	175	2881	<nil>
1000	2436	177	2613	<nil>
1000	42982	180	43162	<nil>
1000	8071	190	8261	<nil>
1000	2476	169	2645	<nil>
1000	11542	184	11726	<nil>
1000	2473	169	2642	<nil>
1000	2477	216	2693	<nil>
1000	2665	217	2882	<nil>
1000	3245	196	3441	<nil>
1000	2683	207	2890	<nil>
1000	5512	228	5740	<nil>
1000	2784	177	2961	<nil>
1000	2238	196	2434	<nil>
1000	3236	203	3439	<nil>
1000	11580	227	11807	<nil>
1000	7837	227	8064	<nil>
1000	156	196	352	<nil>
1000	157	204	361	<nil>
1000	158	255	413	<nil>
1000	8879	236	9115	<nil>
1000	157	255	412	<nil>
1000	157	255	412	<nil>
1000	158	255	413	<nil>
1000	175	238	413	<nil>
1000	173	239	412	<nil>
1000	174	240	414	<nil>
1000	160	255	415	<nil>
1000	4898	263	5161	<nil>
1000	173	267	440	<nil>
1000	196	206	402	<nil>
1000	200	205	405	<nil>
1000	2596	205	2801	<nil>
1000	2832	222	3054	<nil>
1000	201	223	424	<nil>
1000	251	177	428	<nil>
1000	8027	176	8203	<nil>
1000	252	177	429	<nil>
1000	249	180	429	<nil>
1000	253	177	430	<nil>
1000	246	178	424	<nil>
1000	258	172	430	<nil>
1000	2446	180	2626	<nil>
1000	255	173	428	<nil>
1000	258	174	432	<nil>
1000	233	180	413	<nil>
1000	256	173	429	<nil>
1000	253	171	424	<nil>
1000	242	175	417	<nil>
1000	4929	187	5116	<nil>
1000	252	184	436	<nil>
1000	243	178	421	<nil>
1000	2730	167	2897	<nil>
1000	5983	179	6162	<nil>
1000	242	174	416	<nil>
1000	256	175	431	<nil>
1000	252	189	441	<nil>
1000	11783	172	11955	<nil>
1000	254	172	426	<nil>
1000	252	171	423	<nil>
1000	2459	173	2632	<nil>
1000	242	173	415	<nil>
1000	235	170	405	<nil>
1000	6100	174	6274	<nil>
1000	234	172	406	<nil>
1000	2449	170	2619	<nil>
1000	2458	161	2619	<nil>
1000	5233	185	5418	<nil>
1000	2750	175	2925	<nil>
1000	255	175	430	<nil>
1000	238	222	460	<nil>
1000	8045	230	8275	<nil>
1000	252	211	463	<nil>
1000	11907	139	12046	<nil>
1000	2487	189	2676	<nil>
1000	256	233	489	<nil>
1000	2487	189	2676	<nil>
1000	16688	74	16762	<nil>
1000	255	229	484	<nil>
1000	376	75	451	<nil>
1000	224	240	464	<nil>
1000	253	210	463	<nil>
1000	2466	209	2675	<nil>
1000	244	218	462	<nil>
1000	3465	217	3682	<nil>
1000	9301	154	9455	<nil>
1000	371	74	445	<nil>
1000	248	217	465	<nil>
1000	273	211	484	<nil>
1000	233	230	463	<nil>
1000	289	211	500	<nil>
1000	5042	229	5271	<nil>
1000	236	228	464	<nil>
1000	11818	229	12047	<nil>
1000	241	158	399	<nil>
1000	398	81	479	<nil>
1000	232	241	473	<nil>
1000	365	80	445	<nil>
1000	366	80	446	<nil>
1000	215	242	457	<nil>
1000	385	81	466	<nil>
1000	385	81	466	<nil>
1000	5743	81	5824	<nil>
1000	411	83	494	<nil>
1000	383	83	466	<nil>
1000	5351	83	5434	<nil>
1000	2870	84	2954	<nil>
1000	344	86	430	<nil>
1000	222	213	435	<nil>
1000	255	228	483	<nil>
1000	2459	216	2675	<nil>
1000	252	209	461	<nil>
1000	220	188	408	<nil>
1000	238	231	469	<nil>
1000	234	229	463	<nil>
1000	261	222	483	<nil>
1000	414	73	487	<nil>
1000	2501	165	2666	<nil>
1000	324	86	410	<nil>
1000	2528	137	2665	<nil>
1000	275	209	484	<nil>
1000	5130	139	5269	<nil>
1000	235	227	462	<nil>
1000	253	209	462	<nil>
1000	273	209	482	<nil>
1000	2528	138	2666	<nil>
1000	253	230	483	<nil>
1000	270	213	483	<nil>
1000	196	137	333	<nil>
1000	221	240	461	<nil>
1000	2448	227	2675	<nil>
1000	2528	270	2798	<nil>
1000	252	360	612	<nil>
1000	2871	229	3100	<nil>
1000	2660	232	2892	<nil>
1000	18494	240	18734	<nil>
1000	269	267	536	<nil>
1000	307	243	550	<nil>
1000	245	287	532	<nil>
1000	9024	267	9291	<nil>
1000	2688	255	2943	<nil>
1000	5459	252	5711	<nil>
1000	9963	272	10235	<nil>
1000	310	240	550	<nil>
1000	2622	288	2910	<nil>
1000	299	255	554	<nil>
1000	2671	277	2948	<nil>
1000	378	238	616	<nil>
1000	377	240	617	<nil>
1000	380	236	616	<nil>
1000	372	245	617	<nil>
1000	368	248	616	<nil>
1000	363	249	612	<nil>
1000	249	294	543	<nil>
1000	426	186	612	<nil>
1000	387	221	608	<nil>
1000	296	259	555	<nil>
1000	305	252	557	<nil>
1000	287	268	555	<nil>
1000	375	221	596	<nil>
1000	365	252	617	<nil>
1000	2957	229	3186	<nil>
1000	246	292	538	<nil>
1000	5473	245	5718	<nil>
1000	387	221	608	<nil>
1000	429	167	596	<nil>
1000	554	81	635	<nil>
1000	561	74	635	<nil>
1000	385	213	598	<nil>
1000	3157	248	3405	<nil>
1000	3012	236	3248	<nil>
1000	435	81	516	<nil>
1000	2956	249	3205	<nil>
1000	402	212	614	<nil>
1000	303	240	543	<nil>
1000	387	240	627	<nil>
1000	43103	265	43368	<nil>
1000	307	240	547	<nil>
1000	361	265	626	<nil>
1000	2696	256	2952	<nil>
1000	293	241	534	<nil>
1000	342	196	538	<nil>
1000	280	264	544	<nil>
1000	316	225	541	<nil>
1000	9519	236	9755	<nil>
1000	310	234	544	<nil>
1000	298	336	634	<nil>
1000	2992	336	3328	<nil>
1000	299	336	635	<nil>
1000	270	363	633	<nil>
1000	2772	362	3134	<nil>
1000	312	330	642	<nil>
1000	3147	233	3380	<nil>
1000	5540	355	5895	<nil>
1000	344	272	616	<nil>
1000	309	327	636	<nil>
1000	312	327	639	<nil>
1000	336	327	663	<nil>
1000	260	356	616	<nil>
1000	231	354	585	<nil>
1000	496	242	738	<nil>
1000	399	271	670	<nil>
1000	494	328	822	<nil>
1000	3091	273	3364	<nil>
1000	3086	272	3358	<nil>
1000	3090	273	3363	<nil>
1000	255	299	554	<nil>
1000	371	188	559	<nil>
1000	8711	229	8940	<nil>
1000	4875	292	5167	<nil>
1000	317	166	483	<nil>
1000	2963	165	3128	<nil>
1000	288	166	454	<nil>
1000	3128	232	3360	<nil>
1000	3216	166	3382	<nil>
1000	323	197	520	<nil>
1000	229	363	592	<nil>
1000	358	239	597	<nil>
1000	320	200	520	<nil>
1000	2768	348	3116	<nil>
1000	425	245	670	<nil>
1000	480	172	652	<nil>
1000	5337	390	5727	<nil>
1000	343	281	624	<nil>
1000	3097	164	3261	<nil>
1000	301	222	523	<nil>
1000	2981	143	3124	<nil>
1000	9647	242	9889	<nil>
1000	3197	166	3363	<nil>
1000	482	169	651	<nil>
1000	323	199	522	<nil>
1000	3181	202	3383	<nil>
1000	340	168	508	<nil>
1000	299	384	683	<nil>
1000	322	361	683	<nil>
1000	358	401	759	<nil>
1000	356	403	759	<nil>
1000	5062	423	5485	<nil>
1000	364	395	759	<nil>
1000	2928	365	3293	<nil>
1000	263	554	817	<nil>
1000	393	424	817	<nil>
1000	2819	268	3087	<nil>
1000	288	442	730	<nil>
1000	252	484	736	<nil>
1000	479	347	826	<nil>
1000	485	341	826	<nil>
1000	502	339	841	<nil>
1000	480	346	826	<nil>
1000	263	481	744	<nil>
1000	9673	426	10099	<nil>
1000	9606	512	10118	<nil>
1000	410	445	855	<nil>
1000	394	462	856	<nil>
1000	425	444	869	<nil>
1000	343	375	718	<nil>
1000	119	327	446	<nil>
1000	288	378	666	<nil>
1000	343	377	720	<nil>
1000	5150	378	5528	<nil>
1000	157	327	484	<nil>
1000	258	376	634	<nil>
1000	334	384	718	<nil>
1000	346	380	726	<nil>
1000	286	379	665	<nil>
1000	340	379	719	<nil>
1000	3078	379	3457	<nil>
1000	148	287	435	<nil>
1000	5152	377	5529	<nil>
1000	340	379	719	<nil>
1000	26056	381	26437	<nil>
1000	478	385	863	<nil>
1000	477	248	725	<nil>
1000	184	248	432	<nil>
1000	143	293	436	<nil>
1000	142	291	433	<nil>
1000	176	260	436	<nil>
1000	180	248	428	<nil>
1000	147	286	433	<nil>
1000	149	286	435	<nil>
1000	440	273	713	<nil>
1000	441	273	714	<nil>
1000	9936	273	10209	<nil>
1000	532	273	805	<nil>
1000	3144	271	3415	<nil>
1000	440	275	715	<nil>
1000	522	277	799	<nil>
1000	4868	275	5143	<nil>
1000	483	273	756	<nil>
1000	531	280	811	<nil>
1000	454	277	731	<nil>
1000	481	280	761	<nil>
1000	195	298	493	<nil>
1000	437	277	714	<nil>
1000	519	284	803	<nil>
1000	440	274	714	<nil>
1000	9938	275	10213	<nil>
1000	9938	276	10214	<nil>
1000	441	283	724	<nil>
1000	452	282	734	<nil>
1000	226	277	503	<nil>
1000	448	280	728	<nil>
1000	439	284	723	<nil>
1000	439	283	722	<nil>
1000	442	280	722	<nil>
1000	455	279	734	<nil>
1000	521	281	802	<nil>
1000	435	288	723	<nil>
1000	441	275	716	<nil>
1000	421	195	616	<nil>
1000	279	196	475	<nil>
1000	648	194	842	<nil>
1000	400	199	599	<nil>
1000	387	208	595	<nil>
1000	646	199	845	<nil>
1000	10116	195	10311	<nil>
1000	507	415	922	<nil>
1000	653	191	844	<nil>
1000	5532	206	5738	<nil>
1000	719	215	934	<nil>
1000	403	203	606	<nil>
1000	395	210	605	<nil>
1000	193	412	605	<nil>
1000	3336	222	3558	<nil>
1000	716	200	916	<nil>
1000	720	218	938	<nil>
1000	5531	221	5752	<nil>
1000	709	0	709	rpc error: code = Unavailable desc = transport is closing
1000	3390	0	3390	rpc error: code = Unavailable desc = transport is closing
1000	780	0	780	rpc error: code = Unavailable desc = transport is closing
1000	779	0	779	rpc error: code = Unavailable desc = transport is closing
1000	638	222	860	<nil>
1000	778	0	778	rpc error: code = Unavailable desc = transport is closing
1000	507	435	942	<nil>
1000	27522	199	27721	<nil>
1000	637	230	867	<nil>
1000	701	0	701	rpc error: code = Unavailable desc = transport is closing
1000	712	0	712	rpc error: code = Unavailable desc = transport is closing
1000	706	0	706	rpc error: code = Unavailable desc = transport is closing
1000	713	0	713	rpc error: code = Unavailable desc = transport is closing
1000	675	0	675	rpc error: code = Unavailable desc = transport is closing
1000	676	0	676	rpc error: code = Unavailable desc = transport is closing
1000	706	0	706	rpc error: code = Unavailable desc = transport is closing
1000	702	0	702	rpc error: code = Unavailable desc = transport is closing
1000	676	0	676	rpc error: code = Unavailable desc = transport is closing
1000	3409	0	3409	rpc error: code = Unavailable desc = transport is closing
1000	704	0	704	rpc error: code = Unavailable desc = transport is closing
1000	702	0	702	rpc error: code = Unavailable desc = transport is closing
1000	721	0	721	rpc error: code = Unavailable desc = transport is closing
1000	791	0	791	rpc error: code = Unavailable desc = transport is closing
1000	3404	0	3404	rpc error: code = Unavailable desc = transport is closing
1000	5360	0	5360	rpc error: code = Unavailable desc = transport is closing
1000	794	0	794	rpc error: code = Unavailable desc = transport is closing
1000	3642	0	3642	rpc error: code = Unavailable desc = transport is closing
1000	392	244	636	<nil>
1000	638	242	880	<nil>
1000	394	243	637	<nil>
1000	389	243	632	<nil>
1000	17322	205	17527	<nil>
1000	62160	206	62366	<nil>
1000	720	234	954	<nil>
1000	709	234	943	<nil>
1000	708	253	961	<nil>
1000	5600	257	5857	<nil>
1000	8246	225	8471	<nil>
1000	456	264	720	<nil>
1000	529	201	730	<nil>
1000	511	229	740	<nil>
1000	538	202	740	<nil>
1000	528	202	730	<nil>
1000	5206	202	5408	<nil>
1000	509	201	710	<nil>
1000	528	202	730	<nil>
1000	510	229	739	<nil>
1000	538	202	740	<nil>
1000	461	0	461	rpc error: code = Unavailable desc = transport is closing
1000	527	204	731	<nil>
1000	511	230	741	<nil>
1000	5498	230	5728	<nil>
1000	5193	230	5423	<nil>
1000	511	230	741	<nil>
1000	462	0	462	rpc error: code = Unavailable desc = transport is closing
1000	512	230	742	<nil>
1000	8222	254	8476	<nil>
1000	462	0	462	rpc error: code = Unavailable desc = transport is closing
1000	462	0	462	rpc error: code = Unavailable desc = transport is closing
1000	482	229	711	<nil>
1000	481	230	711	<nil>
1000	511	230	741	<nil>
1000	513	219	732	<nil>
1000	538	221	759	<nil>
1000	389	172	561	<nil>
1000	461	220	681	<nil>
1000	529	220	749	<nil>
1000	522	220	742	<nil>
1000	501	220	721	<nil>
1000	9394	169	9563	<nil>
1000	529	221	750	<nil>
1000	508	221	729	<nil>
1000	406	172	578	<nil>
1000	501	221	722	<nil>
1000	380	232	612	<nil>
1000	395	242	637	<nil>
1000	5262	246	5508	<nil>
1000	385	244	629	<nil>
1000	385	247	632	<nil>
1000	385	247	632	<nil>
1000	384	248	632	<nil>
1000	385	247	632	<nil>
1000	384	248	632	<nil>
1000	392	258	650	<nil>
1000	444	209	653	<nil>
1000	4841	208	5049	<nil>
1000	450	213	663	<nil>
1000	10384	212	10596	<nil>
1000	468	202	670	<nil>
1000	1506	177	1683	<nil>
1000	76873	189	77062	<nil>
1000	495	238	733	<nil>
1000	3414	189	3603	<nil>
1000	494	242	736	<nil>
1000	6068	262	6330	<nil>
1000	1398	219	1617	<nil>
1000	10130	218	10348	<nil>
1000	1283	263	1546	<nil>
1000	44195	241	44436	<nil>
1000	517	219	736	<nil>
1000	1351	267	1618	<nil>
1000	301	271	572	<nil>
1000	495	192	687	<nil>
1000	5319	249	5568	<nil>
1000	1459	240	1699	<nil>
1000	10135	231	10366	<nil>
1000	354	273	627	<nil>
1000	1344	298	1642	<nil>
1000	266	298	564	<nil>
1000	276	299	575	<nil>
1000	320	164	484	<nil>
1000	292	271	563	<nil>
1000	9004	108	9112	<nil>
1000	292	271	563	<nil>
1000	310	345	655	<nil>
1000	9214	305	9519	<nil>
1000	312	37	349	<nil>
1000	266	298	564	<nil>
1000	5078	85	5163	<nil>
1000	5666	301	5967	<nil>
1000	1362	275	1637	<nil>
1000	1281	70	1351	<nil>
1000	261	87	348	<nil>
1000	9718	85	9803	<nil>
1000	270	73	343	<nil>
1000	332	325	657	<nil>
1000	272	62	334	<nil>
1000	405	250	655	<nil>
1000	391	266	657	<nil>
1000	308	37	345	<nil>
1000	236	115	351	<nil>
1000	391	267	658	<nil>
1000	311	36	347	<nil>
1000	6071	38	6109	<nil>
1000	299	40	339	<nil>
1000	307	39	346	<nil>
1000	248	103	351	<nil>
1000	10596	114	10710	<nil>
1000	5292	355	5647	<nil>
1000	310	38	348	<nil>
1000	295	52	347	<nil>
1000	308	42	350	<nil>
1000	5665	302	5967	<nil>
1000	380	281	661	<nil>
1000	308	39	347	<nil>
1000	288	327	615	<nil>
1000	274	234	508	<nil>
1000	310	316	626	<nil>
1000	243	369	612	<nil>
1000	1335	341	1676	<nil>
1000	246	387	633	<nil>
1000	5338	386	5724	<nil>
1000	202	70	272	<nil>
1000	202	62	264	<nil>
1000	6118	56	6174	<nil>
1000	285	109	394	<nil>
1000	213	104	317	<nil>
1000	5133	142	5275	<nil>
1000	265	434	699	<nil>
1000	309	353	662	<nil>
1000	276	433	709	<nil>
1000	254	447	701	<nil>
1000	275	385	660	<nil>
1000	257	442	699	<nil>
1000	265	386	651	<nil>
1000	292	398	690	<nil>
1000	253	460	713	<nil>
1000	240	457	697	<nil>
1000	9478	407	9885	<nil>
1000	300	324	624	<nil>
1000	1253	465	1718	<nil>
1000	255	461	716	<nil>
1000	9653	454	10107	<nil>
1000	297	420	717	<nil>
1000	9274	380	9654	<nil>
1000	463	464	927	<nil>
1000	298	425	723	<nil>
1000	319	412	731	<nil>
1000	1354	510	1864	<nil>
1000	5767	502	6269	<nil>
1000	269	377	646	<nil>
1000	317	330	647	<nil>
1000	271	365	636	<nil>
1000	96	162	258	<nil>
1000	292	356	648	<nil>
1000	268	381	649	<nil>
1000	5633	299	5932	<nil>
1000	300	359	659	<nil>
1000	302	426	728	<nil>
1000	248	383	631	<nil>
1000	319	411	730	<nil>
1000	469	36	505	<nil>
1000	297	328	625	<nil>
1000	5476	328	5804	<nil>
1000	8537	335	8872	<nil>
1000	1349	515	1864	<nil>
1000	5399	388	5787	<nil>
1000	17786	409	18195	<nil>
1000	293	441	734	<nil>
1000	303	431	734	<nil>
1000	1325	471	1796	<nil>
1000	28052	516	28568	<nil>
1000	276	364	640	<nil>
1000	4987	348	5335	<nil>
1000	1280	341	1621	<nil>
1000	492	23	515	<nil>
1000	99	173	272	<nil>
1000	468	35	503	<nil>
1000	272	366	638	<nil>
1000	96	160	256	<nil>
1000	372	34	406	<nil>
1000	95	174	269	<nil>
1000	482	25	507	<nil>
1000	402	92	494	<nil>
1000	398	25	423	<nil>
1000	482	25	507	<nil>
1000	1526	27	1553	<nil>
1000	490	26	516	<nil>
1000	113133	35	113168	<nil>
1000	399	37	436	<nil>
1000	481	26	507	<nil>
1000	308	333	641	<nil>
1000	287	353	640	<nil>
1000	288	353	641	<nil>
1000	9302	371	9673	<nil>
1000	288	353	641	<nil>
1000	288	354	642	<nil>
1000	279	363	642	<nil>
1000	9558	357	9915	<nil>
1000	4942	295	5237	<nil>
1000	268	377	645	<nil>
1000	285	345	630	<nil>
1000	9678	283	9961	<nil>
1000	5161	163	5324	<nil>
1000	1260	299	1559	<nil>
1000	246	293	539	<nil>
1000	403	31	434	<nil>
1000	331	198	529	<nil>
1000	5380	34	5414	<nil>
1000	179	79	258	<nil>
1000	204	59	263	<nil>
1000	96	175	271	<nil>
1000	374	32	406	<nil>
1000	1377	35	1412	<nil>
1000	5109	0	5109	rpc error: code = Unavailable desc = transport is closing
1000	5529	0	5529	rpc error: code = Unavailable desc = transport is closing
1000	251	0	251	rpc error: code = Unavailable desc = transport is closing
1000	5309	53	5362	<nil>
1000	330	216	546	<nil>
1000	1382	47	1429	<nil>
1000	322	215	537	<nil>
1000	321	215	536	<nil>
1000	1383	48	1431	<nil>
1000	377	44	421	<nil>
1000	1165	96	1261	<nil>
1000	356	49	405	<nil>
1000	498	48	546	<nil>
1000	377	46	423	<nil>
1000	373	50	423	<nil>
1000	5320	46	5366	<nil>
1000	395	50	445	<nil>
1000	358	50	408	<nil>
1000	360	49	409	<nil>
1000	5791	53	5844	<nil>
1000	5690	49	5739	<nil>
1000	180	97	277	<nil>
1000	1384	47	1431	<nil>
1000	9772	215	9987	<nil>
1000	8420	47	8467	<nil>
1000	496	51	547	<nil>
1000	178	98	276	<nil>
1000	153	83	236	<nil>
1000	499	47	546	<nil>
1000	360	48	408	<nil>
1000	363	45	408	<nil>
1000	488	50	538	<nil>
1000	6093	218	6311	<nil>
1000	486	53	539	<nil>
1000	372	52	424	<nil>
1000	5319	50	5369	<nil>
1000	331	216	547	<nil>
1000	362	46	408	<nil>
1000	372	38	410	<nil>
1000	400	53	453	<nil>
1000	321	53	374	<nil>
1000	169	134	303	<nil>
1000	5786	78	5864	<nil>
1000	5166	118	5284	<nil>
1000	374	52	426	<nil>
1000	145	65	210	<nil>
1000	370	53	423	<nil>
1000	148	65	213	<nil>
1000	5332	133	5465	<nil>
1000	160	132	292	<nil>
1000	5331	132	5463	<nil>
1000	5809	132	5941	<nil>
1000	169	55	224	<nil>
1000	159	132	291	<nil>
1000	162	132	294	<nil>
1000	1212	132	1344	<nil>
1000	380	126	506	<nil>
1000	151	134	285	<nil>
1000	326	124	450	<nil>
1000	202	102	304	<nil>
1000	165	132	297	<nil>
1000	5084	135	5219	<nil>
1000	151	136	287	<nil>
1000	169	157	326	<nil>
1000	9105	356	9461	<nil>
1000	1116	178	1294	<nil>
1000	156	177	333	<nil>
1000	170	176	346	<nil>
1000	313	160	473	<nil>
1000	238	178	416	<nil>
1000	1346	174	1520	<nil>
1000	334	162	496	<nil>
1000	5821	162	5983	<nil>
1000	9294	160	9454	<nil>
1000	1427	143	1570	<nil>
1000	171	184	355	<nil>
1000	323	161	484	<nil>
1000	6023	180	6203	<nil>
1000	171	181	352	<nil>
1000	173	181	354	<nil>
1000	261	179	440	<nil>
1000	171	181	352	<nil>
1000	172	181	353	<nil>
1000	171	179	350	<nil>
1000	9503	179	9682	<nil>
1000	148	181	329	<nil>
1000	261	179	440	<nil>
1000	170	180	350	<nil>
1000	172	180	352	<nil>
1000	174	180	354	<nil>
1000	171	181	352	<nil>
1000	173	179	352	<nil>
1000	5353	199	5552	<nil>
1000	299	184	483	<nil>
1000	534	175	709	<nil>
1000	173	181	354	<nil>
1000	5351	184	5535	<nil>
1000	9703	191	9894	<nil>
1000	10625	180	10805	<nil>
1000	171	185	356	<nil>
1000	171	289	460	<nil>
1000	1105	283	1388	<nil>
1000	5791	307	6098	<nil>
1000	301	181	482	<nil>
1000	177	181	358	<nil>
1000	173	183	356	<nil>
1000	300	182	482	<nil>
1000	170	182	352	<nil>
1000	175	184	359	<nil>
1000	1181	175	1356	<nil>
1000	1139	183	1322	<nil>
1000	263	183	446	<nil>
1000	174	179	353	<nil>
1000	174	183	357	<nil>
1000	267	178	445	<nil>
1000	152	179	331	<nil>
1000	259	185	444	<nil>
1000	172	185	357	<nil>
1000	171	188	359	<nil>
1000	172	185	357	<nil>
1000	23536	182	23718	<nil>
1000	323	422	745	<nil>
1000	5809	440	6249	<nil>
1000	188	419	607	<nil>
1000	4570	0	4570	rpc error: code = Unavailable desc = transport is closing
1000	4588	0	4588	rpc error: code = Unavailable desc = transport is closing
1000	4561	0	4561	rpc error: code = Unavailable desc = transport is closing
1000	4574	0	4574	rpc error: code = Unavailable desc = transport is closing
1000	4557	0	4557	rpc error: code = Unavailable desc = transport is closing
1000	482	0	482	rpc error: code = Unavailable desc = transport is closing
1000	4550	0	4550	rpc error: code = Unavailable desc = transport is closing
1000	4587	0	4587	rpc error: code = Unavailable desc = transport is closing
1000	4563	0	4563	rpc error: code = Unavailable desc = transport is closing
1000	20070	0	20070	rpc error: code = Unavailable desc = transport is closing
1000	542	0	542	rpc error: code = Unavailable desc = transport is closing
1000	482	0	482	rpc error: code = Unavailable desc = transport is closing
1000	5553	0	5553	rpc error: code = Unavailable desc = transport is closing
1000	4587	0	4587	rpc error: code = Unavailable desc = transport is closing
1000	10461	0	10461	rpc error: code = Unavailable desc = transport is closing
1000	13962	0	13962	rpc error: code = Unavailable desc = transport is closing
1000	4558	0	4558	rpc error: code = Unavailable desc = transport is closing
1000	486	0	486	rpc error: code = Unavailable desc = transport is closing
1000	4564	0	4564	rpc error: code = Unavailable desc = transport is closing
1000	4589	0	4589	rpc error: code = Unavailable desc = transport is closing
1000	4574	0	4574	rpc error: code = Unavailable desc = transport is closing
1000	4540	0	4540	rpc error: code = Unavailable desc = transport is closing
1000	30442	0	30442	rpc error: code = Unavailable desc = transport is closing
1000	524	0	524	rpc error: code = Unavailable desc = transport is closing
1000	9567	0	9567	rpc error: code = Unavailable desc = transport is closing
1000	4565	0	4565	rpc error: code = Unavailable desc = transport is closing
1000	4558	0	4558	rpc error: code = Unavailable desc = transport is closing
1000	4557	0	4557	rpc error: code = Unavailable desc = transport is closing
1000	411	21	432	<nil>
1000	13941	0	13941	rpc error: code = Unavailable desc = transport is closing
1000	4561	0	4561	rpc error: code = Unavailable desc = transport is closing
1000	478	0	478	rpc error: code = Unavailable desc = transport is closing
1000	18708	0	18708	rpc error: code = Unavailable desc = transport is closing
1000	571	0	571	rpc error: code = Unavailable desc = transport is closing
1000	484	0	484	rpc error: code = Unavailable desc = transport is closing
1000	13912	0	13912	rpc error: code = Unavailable desc = transport is closing
1000	4568	0	4568	rpc error: code = Unavailable desc = transport is closing
1000	4552	0	4552	rpc error: code = Unavailable desc = transport is closing
1000	4561	0	4561	rpc error: code = Unavailable desc = transport is closing
1000	11367	0	11367	rpc error: code = Unavailable desc = transport is closing
1000	5543	0	5543	rpc error: code = Unavailable desc = transport is closing
1000	13936	0	13936	rpc error: code = Unavailable desc = transport is closing
1000	4560	0	4560	rpc error: code = Unavailable desc = transport is closing
1000	483	0	483	rpc error: code = Unavailable desc = transport is closing
1000	10057	12	10069	<nil>
1000	420	18	438	<nil>
1000	4555	0	4555	rpc error: code = Unavailable desc = transport is closing
1000	4563	0	4563	rpc error: code = Unavailable desc = transport is closing
1000	525	12	537	<nil>
1000	512	6	518	<nil>
1000	4589	0	4589	rpc error: code = Unavailable desc = transport is closing
1000	534	18	552	<nil>
1000	6352	10	6362	<nil>
1000	30040	11	30051	<nil>
1000	503	9	512	<nil>
1000	523	9	532	<nil>
1000	520	11	531	<nil>
1000	425	0	425	rpc error: code = Unavailable desc = transport is closing
1000	512	10	522	<nil>
1000	362	11	373	<nil>
1000	513	10	523	<nil>
1000	535	11	546	<nil>
1000	5874	11	5885	<nil>
1000	7396	0	7396	rpc error: code = Unavailable desc = transport is closing
1000	4560	0	4560	rpc error: code = Unavailable desc = transport is closing
1000	4554	0	4554	rpc error: code = Unavailable desc = transport is closing
1000	4557	0	4557	rpc error: code = Unavailable desc = transport is closing
1000	512	12	524	<nil>
1000	539	12	551	<nil>
1000	556	12	568	<nil>
1000	4565	0	4565	rpc error: code = Unavailable desc = transport is closing
1000	482	0	482	rpc error: code = Unavailable desc = transport is closing
1000	30011	0	30011	rpc error: code = Unavailable desc = transport is closing
1000	4572	0	4572	rpc error: code = Unavailable desc = transport is closing
1000	4552	0	4552	rpc error: code = Unavailable desc = transport is closing
1000	362	11	373	<nil>
1000	10026	13	10039	<nil>
1000	530	11	541	<nil>
1000	4560	0	4560	rpc error: code = Unavailable desc = transport is closing
1000	13952	0	13952	rpc error: code = Unavailable desc = transport is closing
1000	4554	0	4554	rpc error: code = Unavailable desc = transport is closing
1000	537	34	571	<nil>
1000	531	15	546	<nil>
1000	557	18	575	<nil>
1000	534	18	552	<nil>
1000	5595	33	5628	<nil>
1000	4956	19	4975	<nil>
1000	598	18	616	<nil>
1000	525	22	547	<nil>
1000	378	19	397	<nil>
1000	512	34	546	<nil>
1000	528	20	548	<nil>
1000	313195	35	313230	<nil>
1000	527	19	546	<nil>
1000	9493	19	9512	<nil>
1000	528	19	547	<nil>
1000	407	34	441	<nil>
1000	562	19	581	<nil>
1000	9537	19	9556	<nil>
1000	528	19	547	<nil>
1000	528	19	547	<nil>
1000	292	9	301	<nil>
1000	597	20	617	<nil>
1000	318	153	471	<nil>
1000	10257	165	10422	<nil>
1000	432	165	597	<nil>
1000	569	165	734	<nil>
1000	333	154	487	<nil>
1000	1352	185	1537	<nil>
1000	584	169	753	<nil>
1000	8986	186	9172	<nil>
1000	602	198	800	<nil>
1000	433	199	632	<nil>
1000	263	197	460	<nil>
1000	5901	199	6100	<nil>
1000	538	189	727	<nil>
1000	434	200	634	<nil>
1000	463	202	665	<nil>
1000	392	202	594	<nil>
1000	392	202	594	<nil>
1000	1352	202	1554	<nil>
1000	10241	199	10440	<nil>
1000	366	198	564	<nil>
1000	434	201	635	<nil>
1000	435	200	635	<nil>
1000	438	199	637	<nil>
1000	432	202	634	<nil>
1000	394	199	593	<nil>
1000	433	202	635	<nil>
1000	8650	203	8853	<nil>
1000	551	201	752	<nil>
1000	434	202	636	<nil>
1000	9649	199	9848	<nil>
1000	1352	202	1554	<nil>
1000	10262	199	10461	<nil>
1000	437	200	637	<nil>
1000	370	202	572	<nil>
1000	570	205	775	<nil>
1000	5902	202	6104	<nil>
1000	541	202	743	<nil>
1000	339	201	540	<nil>
1000	435	203	638	<nil>
1000	541	203	744	<nil>
1000	544	206	750	<nil>
1000	320	204	524	<nil>
1000	1327	217	1544	<nil>
1000	555	217	772	<nil>
1000	1399	216	1615	<nil>
1000	1301	203	1504	<nil>
1000	323	217	540	<nil>
1000	340	217	557	<nil>
1000	5906	260	6166	<nil>
1000	324	259	583	<nil>
1000	1358	261	1619	<nil>
1000	439	260	699	<nil>
1000	438	261	699	<nil>
1000	1358	245	1603	<nil>
1000	323	261	584	<nil>
1000	395	260	655	<nil>
1000	47725	260	47985	<nil>
1000	341	282	623	<nil>
1000	438	271	709	<nil>
1000	438	313	751	<nil>
1000	5279	320	5599	<nil>
1000	373	322	695	<nil>
1000	380	319	699	<nil>
1000	366	322	688	<nil>
1000	1330	320	1650	<nil>
1000	398	323	721	<nil>
1000	397	323	720	<nil>
1000	442	321	763	<nil>
1000	9008	321	9329	<nil>
1000	559	359	918	<nil>
1000	1361	321	1682	<nil>
1000	597	359	956	<nil>
1000	1367	355	1722	<nil>
1000	443	358	801	<nil>
1000	9608	298	9906	<nil>
1000	550	359	909	<nil>
1000	1362	359	1721	<nil>
1000	401	358	759	<nil>
1000	549	358	907	<nil>
1000	443	360	803	<nil>
1000	9333	356	9689	<nil>
1000	442	361	803	<nil>
1000	45204	232	45436	<nil>
1000	1362	386	1748	<nil>
1000	5967	382	6349	<nil>
1000	232	248	480	<nil>
1000	296	25	321	<nil>
1000	283	37	320	<nil>
1000	279	41	320	<nil>
1000	268	54	322	<nil>
1000	268	48	316	<nil>
1000	283	37	320	<nil>
1000	284	38	322	<nil>
1000	284	38	322	<nil>
1000	277	45	322	<nil>
1000	283	39	322	<nil>
1000	292	23	315	<nil>
1000	282	25	307	<nil>
1000	222	27	249	<nil>
1000	225	26	251	<nil>
1000	284	37	321	<nil>
1000	297	26	323	<nil>
1000	297	27	324	<nil>
1000	281	42	323	<nil>
1000	2693	28	2721	<nil>
1000	223	28	251	<nil>
1000	9994	28	10022	<nil>
1000	282	79	361	<nil>
1000	253	79	332	<nil>
1000	9153	81	9234	<nil>
1000	9533	103	9636	<nil>
1000	5157	104	5261	<nil>
1000	282	104	386	<nil>
1000	205	99	304	<nil>
1000	204	101	305	<nil>
1000	144	93	237	<nil>
1000	193	101	294	<nil>
1000	1229	108	1337	<nil>
1000	149	98	247	<nil>
1000	283	108	391	<nil>
1000	2868	103	2971	<nil>
1000	202	103	305	<nil>
1000	194	88	282	<nil>
1000	193	103	296	<nil>
1000	1189	103	1292	<nil>
1000	205	100	305	<nil>
1000	144	94	238	<nil>
1000	145	93	238	<nil>
1000	144	94	238	<nil>
1000	186	97	283	<nil>
1000	151	91	242	<nil>
1000	150	92	242	<nil>
1000	150	91	241	<nil>
1000	195	91	286	<nil>
1000	166	128	294	<nil>
1000	5433	138	5571	<nil>
1000	78	63	141	<nil>
1000	104	145	249	<nil>
1000	81	59	140	<nil>
1000	150	144	294	<nil>
1000	5449	144	5593	<nil>
1000	76	63	139	<nil>
1000	59	139	198	<nil>
1000	1072	9	1081	<nil>
1000	79	80	159	<nil>
1000	1074	11	1085	<nil>
1000	5333	11	5344	<nil>
1000	47	13	60	<nil>
1000	9586	10	9596	<nil>
1000	2634	12	2646	<nil>
1000	1071	13	1084	<nil>
1000	14679	12	14691	<nil>
1000	1044	15	1059	<nil>
1000	71	13	84	<nil>
1000	1094	31	1125	<nil>
1000	1070	13	1083	<nil>
1000	2601	13	2614	<nil>
1000	1071	14	1085	<nil>
1000	46189	10	46199	<nil>
1000	130	30	160	<nil>
1000	134	29	163	<nil>
1000	121	39	160	<nil>
1000	1073	11	1084	<nil>
1000	42466	83	42549	<nil>
1000	1069	14	1083	<nil>
1000	1044	15	1059	<nil>
1000	2831	39	2870	<nil>
1000	79	82	161	<nil>
1000	80	82	162	<nil>
1000	1070	15	1085	<nil>
1000	1068	18	1086	<nil>
1000	80	81	161	<nil>
1000	1071	13	1084	<nil>
1000	132	29	161	<nil>
1000	1071	13	1084	<nil>
1000	1076	11	1087	<nil>
1000	2842	32	2874	<nil>
1000	79	82	161	<nil>
1000	9235	26	9261	<nil>
1000	29	17	46	<nil>
1000	28533	31	28564	<nil>
1000	134	30	164	<nil>
1000	81	82	163	<nil>
1000	80	82	162	<nil>
1000	77	31	108	<nil>
1000	81	84	165	<nil>
1000	1096	30	1126	<nil>
1000	93	2	95	<nil>
1000	39	2	41	<nil>
1000	2886	2	2888	<nil>
1000	17	14	31	<nil>
1000	23	2	25	<nil>
1000	22	2	24	<nil>
1000	24	3	27	<nil>
1000	14	2	16	<nil>
1000	24	2	26	<nil>
1000	132	30	162	<nil>
1000	97	1	98	<nil>
1000	29	1	30	<nil>
